2025-07-30 06:40:00,244658066.063024,0,16809.2678474106,2364,1224300.56198259,296097.45,-9.57185192845982,1919.39,23308.303
2025-07-30 06:41:00,244662255.965893,0,0,0,0,0,0,0,23308.303
2025-07-30 06:42:00,244671990.433191,0,0,0,0,0,0,0,23308.303
2025-07-30 06:43:00,244691787.350004,0,0,0,0,0,0,0,23308.303
2025-07-30 06:44:00,244711671.805292,0,0,0,0,0,0,0,23308.303
2025-07-30 06:45:00,244719271.644146,0,0,0,0,0,0,0,23308.303
2025-07-30 06:46:00,244716951.034188,0,0,0,0,0,0,0,23308.303
2025-07-30 06:47:00,244726625.996166,0,0,0,0,0,0,0,23308.303
2025-07-30 06:48:00,244743208.816443,0,0,0,0,0,0,0,23308.303
2025-07-30 06:49:00,244742091.259399,0,0,0,0,0,0,0,23308.303
2025-07-30 06:50:00,244766922.80831,0,0,0,0,0,0,0,23308.303
2025-07-30 06:51:00,244782232.908129,0,0,0,0,0,0,0,23308.303
2025-07-30 06:52:00,244791810.505526,0,0,0,0,0,0,0,23308.303
2025-07-30 06:53:00,244801378.732318,0,0,0,0,0,0,0,23308.303
2025-07-30 06:54:00,244810097.964979,0,0,0,0,0,0,0,23308.303
2025-07-30 06:55:00,244821950.910199,0,0,0,0,0,0,0,23308.303
2025-07-30 06:56:00,244831314.519563,0,0,0,0,0,0,0,23308.303
2025-07-30 06:57:00,244834655.767521,0,0,0,0,0,0,0,23308.303
2025-07-30 06:58:00,244844103.051137,0,0,0,0,0,0,0,23308.303
2025-07-30 06:59:00,244848071.065748,0,0,0,0,0,0,0,23308.303
2025-07-30 07:00:00,244870273.343027,0,0,0,0,0,0,0,23308.303
2025-07-30 07:01:00,244881837.401208,0,0,0,0,0,0,0,23308.303
2025-07-30 07:02:00,244901416.748862,0,0,0,0,0,0,0,23308.303
2025-07-30 07:03:00,244910761.807447,0,0,0,0,0,0,0,23308.303
2025-07-30 07:04:00,244923657.450024,0,0,0,0,0,0,0,23308.303
2025-07-30 07:05:00,244940241.128781,0,0,0,0,0,0,0,23308.303
2025-07-30 07:06:00,244955047.770483,0,0,0,0,0,0,0,23308.303
2025-07-30 07:07:00,244972226.369936,0,0,0,0,0,0,0,23308.303
2025-07-30 07:08:00,244981461.147827,0,0,0,0,0,0,0,23308.303
2025-07-30 07:09:00,244985538.048482,0,0,0,0,0,0,0,23308.303
2025-07-30 07:10:00,244999604.306349,0,0,0,0,0,0,0,23308.303
2025-07-30 07:11:00,245018403.887133,0,0,0,0,0,0,0,23308.303
2025-07-30 07:12:00,245027535.971549,0,0,0,0,0,0,0,23308.303
2025-07-30 07:13:00,245036703.763509,0,0,0,0,0,0,0,23308.303
2025-07-30 07:14:00,245043559.35132,0,0,0,0,0,0,0,23308.303
2025-07-30 07:15:00,245053553.286402,0,0,0,0,0,0,0,23308.303
2025-07-30 07:16:00,245070326.73951,0,0,0,0,0,0,0,23308.303
2025-07-30 07:17:00,245075649.659311,0,0,0,0,0,0,0,23308.303
2025-07-30 07:18:00,245084707.028298,0,0,0,0,0,0,0,23308.303
2025-07-30 07:19:00,245088160.303223,0,0,0,0,0,0,0,23308.303
2025-07-30 07:20:00,245106441.53296,0,0,0,0,0,0,0,23308.303
2025-07-30 07:21:00,245118240.529572,0,0,0,0,0,0,0,23308.303
2025-07-30 07:22:00,245136730.318355,0,0,0,0,0,0,0,23308.303
2025-07-30 07:23:00,245145681.901513,0,0,0,0,0,0,0,23308.303
2025-07-30 07:24:00,245157645.267188,0,0,0,0,0,0,0,23308.303
2025-07-30 07:25:00,245179213.018733,0,0,0,0,0,0,0,23308.303
2025-07-30 07:26:00,245176659.947382,0,0,0,0,0,0,0,23308.303
2025-07-30 07:27:00,245187744.700977,0,0,0,0,0,0,0,23308.303
2025-07-30 07:28:00,245196616.040948,0,0,0,0,0,0,0,23308.303
2025-07-30 07:29:00,245209736.312163,0,0,0,0,0,0,0,23308.303
2025-07-30 07:30:00,245218281.909864,0,0,0,0,0,0,0,23308.303
2025-07-30 07:31:00,245231686.36313,0,0,0,0,0,0,0,23308.303
2025-07-30 07:32:00,245230631.865951,0,0,0,0,0,0,0,23308.303
2025-07-30 07:33:00,245251401.021942,0,0,0,0,0,0,0,23308.303
2025-07-30 07:34:00,245260135.051221,0,0,0,0,0,0,0,23308.303
2025-07-30 07:35:00,245273413.368943,0,0,0,0,0,0,0,23308.303
2025-07-30 07:36:00,245290610.312349,0,0,0,0,0,0,0,23308.303
2025-07-30 07:37:00,245307005.427949,0,0,0,0,0,0,0,23308.303
2025-07-30 07:38:00,245320919.989961,0,0,0,0,0,0,0,23308.303
2025-07-30 07:39:00,245329526.359886,0,0,0,0,0,0,0,23308.303
2025-07-30 07:40:00,245348778.399531,0,0,0,0,0,0,0,23308.303
2025-07-30 07:41:00,245360594.158362,0,0,0,0,0,0,0,23308.303
2025-07-30 07:42:00,245368562.374559,0,0,0,0,0,0,0,23308.303
2025-07-30 07:43:00,245368658.610945,0,0,0,0,0,0,0,23308.303
2025-07-30 07:44:00,245377149.486675,0,0,0,0,0,0,0,23308.303
2025-07-30 07:45:00,245395810.081064,0,0,0,0,0,0,0,23308.303
2025-07-30 07:46:00,245413987.852507,0,0,0,0,0,0,0,23308.303
2025-07-30 07:47:00,245428500.876007,0,0,0,0,0,0,0,23308.303
2025-07-30 07:48:00,245436747.635029,0,0,0,0,0,0,0,23308.303
2025-07-30 07:49:00,245445461.695694,0,0,0,0,0,0,0,23308.303
2025-07-30 07:50:00,245462033.145798,0,0,0,0,0,0,0,23308.303
2025-07-30 07:51:00,245478356.85626,0,0,0,0,0,0,0,23308.303
2025-07-30 07:52:00,245493350.860064,0,0,0,0,0,0,0,23308.303
2025-07-30 07:53:00,245486147.88801,0,0,0,0,0,0,0,23308.303
2025-07-30 07:54:00,245495474.253962,0,0,0,0,0,0,0,23308.303
2025-07-30 07:55:00,245503702.385741,0,0,0,0,0,0,0,23308.303
2025-07-30 07:56:00,245512522.412664,0,0,0,0,0,0,0,23308.303
2025-07-30 07:57:00,245522451.691554,0,0,0,0,0,0,0,23308.303
2025-07-30 07:58:00,245532156.955929,0,0,0,0,0,0,0,23308.303
2025-07-30 07:59:00,245546126.925607,0,0,0,0,0,0,0,23308.303
2025-07-30 08:00:00,245554267.806115,0,0,0,0,0,0,0,23308.303
2025-07-30 08:01:00,245566283.541166,0,0,0,0,0,0,0,23308.303
2025-07-30 08:02:00,245584111.130739,0,0,0,0,0,0,0,23308.303
2025-07-30 08:03:00,245592722.800075,0,0,0,0,0,0,0,23308.303
2025-07-30 08:04:00,245617653.482942,0,0,0,0,0,0,0,23308.303
2025-07-30 08:05:00,245625666.077607,0,0,0,0,0,0,0,23308.303
2025-07-30 08:06:00,245633501.195353,0,0,0,0,0,0,0,23308.303
2025-07-30 08:07:00,245645719.962727,0,0,0,0,0,0,0,23308.303
2025-07-30 08:08:00,245657040.734482,0,0,0,0,0,0,0,23308.303
2025-07-30 08:09:00,245661346.889358,0,0,0,0,0,0,0,23308.303
2025-07-30 08:10:00,245669225.259522,0,0,0,0,0,0,0,23308.303
2025-07-30 08:11:00,245686718.771779,0,0,0,0,0,0,0,23308.303
2025-07-30 08:12:00,245697576.728019,0,0,0,0,0,0,0,23308.303
2025-07-30 08:13:00,245715989.799274,0,0,0,0,0,0,0,23308.303
2025-07-30 08:14:00,245729377.71853,0,0,0,0,0,0,0,23308.303
2025-07-30 08:15:00,245737129.155222,0,0,0,0,0,0,0,23308.303
2025-07-30 08:16:00,245754144.734232,0,0,0,0,0,0,0,23308.303
2025-07-30 08:17:00,245767146.676975,0,0,0,0,0,0,0,23308.303
2025-07-30 08:18:00,245770505.354086,0,0,0,0,0,0,0,23308.303
2025-07-30 08:19:00,245786885.476598,0,0,0,0,0,0,0,23308.303
2025-07-30 08:20:00,245794548.699597,0,0,0,0,0,0,0,23308.303
2025-07-30 08:21:00,245797401.305262,0,0,0,0,0,0,0,23308.303
2025-07-30 08:22:00,245810020.682171,0,0,0,0,0,0,0,23308.303
2025-07-30 08:23:00,245819352.064201,0,0,0,0,0,0,0,23308.303
2025-07-30 08:24:00,245827695.224745,0,0,0,0,0,0,0,23308.303
2025-07-30 08:25:00,245835247.386254,0,0,0,0,0,0,0,23308.303
2025-07-30 08:26:00,245854133.596496,0,0,0,0,0,0,0,23308.303
2025-07-30 08:27:00,245865895.507673,0,0,0,0,0,0,0,23308.303
2025-07-30 08:28:00,245880679.903643,0,0,0,0,0,0,0,23308.303
2025-07-30 08:29:00,245890491.784692,0,0,0,0,0,0,0,23308.303
2025-07-30 08:30:00,241304625.890887,8842.52214495618,-27.6094233049329,-47,-377.408065009055,-854.78,-0.000373365727869883,-6.78,23334.695
2025-07-30 08:31:00,244734124.308342,8079.11978206606,2.38593905457928,101,52.5598533631916,499.73,0.025344805755227,5.9,23338.29
2025-07-30 08:32:00,250185331.793706,-39545.8898710507,42.8014754689757,34,2525.41733217894,1841.06,0.00587991386094388,15.64,23318.832
2025-07-30 08:33:00,242078288.740339,-6313.80738986971,-119.279316538263,-106,-3011.96238497509,-1698.03,-0.0644980227161602,-17.43,23336.956
2025-07-30 08:34:00,240786842.339704,9310.64051344727,-14.1526984126984,-12,-299.162292063492,-385.7,0.0483565903247321,-3.02,23345.058
2025-07-30 08:35:00,235607209.497067,43096.2152847805,53.9764502164502,56,923.058639826837,1144.07,0.120411438278886,12.49,23359.358
2025-07-30 08:36:00,238531311.320906,30819.111503463,35.8658730158729,55,2534.65211904761,1605.52,-0.0121407661904217,14.56,23355.769
2025-07-30 08:37:00,233797858.918344,38209.8271105513,-41.2925992063493,-33,-821.481574801589,-565.53,0.0159591066105661,-5.95,23366.65
2025-07-30 08:38:00,238564694.815366,-1239.35424307766,12.8275,-20,519.81665,-226.75,-0.0272305788799808,-2.38,23347.232
2025-07-30 08:40:00,238702405.14427,19157.3517502776,4.97128205128212,7,489.274469230771,588.98,0.0416992922496821,5.94,23351.749
2025-07-30 08:41:00,234387321.161219,48168.2687928592,-22.3066666666666,-54,-598.080780952378,-567.74,-0.0182746584933058,-5.94,23362.216
2025-07-30 08:42:00,237338948.486843,63291.0399303598,96.5304761904763,78,1423.91368571429,1122.86,0.0651104424060008,12.09,23357.364
2025-07-30 08:43:00,239637615.421674,14965.8282122925,-67.15,14,-586.034899999999,225.79,-0.0181019565171891,2.67,23346.406
2025-07-30 08:44:00,235103094.341746,52949.8164944822,-36.0281385281386,-50,-511.294625541127,-651.95,-0.0103859273680715,-7.67,23361.067
2025-07-30 08:45:00,234029005.26087,123585.892601721,-22.9434946679628,-166,51.3758304424611,-759.64,-0.159567253000023,-12.17,23368.069
2025-07-30 08:46:00,230221306.671348,378491.254823311,259.030633481977,327,859.035668160567,1436.44,0.612981929722626,31.57,23384.694
2025-07-30 08:47:00,232783719.349104,334303.34631378,23.7091071428572,82,864.530216071429,1346.15,0.0285341643290028,15.33,23374.661
2025-07-30 08:48:00,236659669.316954,148607.716890442,112.162686202686,28,2826.87386361417,1111.64,-0.0757867990378394,7.12,23357.416
2025-07-30 08:49:00,238492596.26679,124393.271788206,23.2193650793652,18,973.437676984129,668.63,0.0184126841080688,6.89,23354.293
2025-07-30 08:50:00,239536797.785557,104456.970743377,-5.53212121212121,-5,100.929612121212,73.58,-0.0275051238884924,0.29,23350.548
2025-07-30 08:51:00,241567855.917427,86825.6672462273,64.794126984127,58,1097.95745873016,933.43,-0.0049652432189683,10.53,23347.151
2025-07-30 08:52:00,243309678.422433,57306.2483683813,52.3083333333332,54,1857.01891666666,1053.3,0.0245648073179608,10.92,23340.356
2025-07-30 08:53:00,241461390.289697,106432.600236043,51.3427880184332,45,283.159421274961,455.29,0.0311379907897012,4.94,23346.15
2025-07-30 08:54:00,242317186.659882,98731.5684664428,29.7547619047619,31,656.208690476192,329.5,0.0111834199776183,3.75,23343.63
2025-07-30 08:55:00,240649329.13164,130414.456367992,0.669841269841274,-22,-219.260396825397,-1031,-0.0261497898234928,-9.29,23346.435
2025-07-30 08:56:00,241929882.281777,135500.836252082,18.4265873015873,6,618.91988095238,86.43,-0.0755224666601736,-0.719999999999999,23345.219
2025-07-30 08:57:00,242054316.71712,89224.1815146238,-127.909039408867,-166,-1238.38926042693,-1368.01,0.0394245610082581,-14.5,23339.645
2025-07-30 08:58:00,242122289.319799,137741.960979198,13.5409523809524,27,418.110728571429,465.2,-0.00610643201216898,5.02,23346.924
2025-07-30 08:59:00,242329070.799276,104401.641101383,15.7053571428571,23,650.286541666665,386.89,0.0038517593362048,3.85,23342.136
2025-07-30 09:00:00,241481552.239835,124034.178842333,-11.6214285714286,-10,-343.843,-322.83,0.00119804341158621,-3.18,23345.453
2025-07-30 09:01:00,244123920.506116,64538.6513579608,-20.254696969697,5,-1202.10954090909,-457.51,0.043689664355074,-3.84,23337.165
2025-07-30 09:02:00,243761912.697273,98618.1136016039,32.8916666666666,20,465.377791666666,312.84,0.0103049259390714,3.68,23340.947
2025-07-30 09:03:00,244658044.311418,76063.2684406709,-35.3333333333333,-42,-309.61,-332.79,-0.000782399050658639,-4.29,23336.727
2025-07-30 09:04:00,244145323.704394,102792.35554237,22.3402380952381,-1,284.586352380952,-237.41,0.0150186617491318,-2.74,23338.725
2025-07-30 09:05:00,243976154.624415,97620.7248888191,7.45583333333333,9,198.168891666666,148.18,0.0189006686208121,1.51,23338.126
2025-07-30 09:06:00,239032538.920624,217655.756882585,-4.46060185185187,-47,-293.455918055556,-996.08,-0.0145035477924185,-10.99,23353.829
2025-07-30 09:07:00,238724048.596582,246484.920080259,8.07000000000001,26,-666.242199999999,17.9499999999999,0.0751830994959748,2.12,23356.636
2025-07-30 09:08:00,236648211.767083,271799.289781866,-10.1833333333333,-8,-133.223333333334,31.59,-0.00972473710740464,-0.51,23360.593
2025-07-30 09:09:00,239784319.581696,220574.66631965,33.7060606060606,46,349.767321212121,179.43,0.00921923042194963,3.63,23351.633
2025-07-30 09:10:00,242349238.678746,174231.92160897,-6.74738095238093,-51,-380.955414285713,-718.91,-0.00376180977979024,-8.1,23344.402
2025-07-30 09:11:00,243913076.725556,131961.815412463,3.25714285714289,10,317.913095238097,370.7,-0.00372447146856058,3.69,23337.409
2025-07-30 09:12:00,245029288.773571,113133.712064538,-17.8138095238095,-21,-500.310038095239,-583.5,0.0231530672093387,-6.08,23335.587
2025-07-30 09:13:00,241002728.627317,205925.629371061,14.012380952381,-45,-360.908895238094,-1206.91,-0.0848811575873574,-13.43,23346.377
2025-07-30 09:14:00,241835796.714493,193686.26026824,-11.3925974025974,-35,49.4263125541136,-361.02,0.00121081250097133,-3.85,23343.667
2025-07-30 09:15:00,241170509.297025,228689.741699615,-18.2966666666666,0,-786.344266666666,-13.2600000000001,0.0645204913138329,0.510000000000001,23348.158
2025-07-30 09:16:00,241374471.439504,226337.045800992,4.67321428571425,-3,801.448077380951,476.8,0.0283262327941271,5.05,23347.42
2025-07-30 09:17:00,240918330.190011,250069.609092323,4.61147058823529,-2,287.900314705882,-87.01,-0.00408115700992754,-0.76,23348.344
2025-07-30 09:18:00,240503575.992655,287219.265897872,-24.2857142857143,-42,-561.453285714286,-951.74,-0.0101985279124281,-9.96,23352.439
2025-07-30 09:19:00,238994268.196868,344607.641958644,82.2816666666667,60,2163.59758333333,1479.87,0.063377140484782,16.97,23357.349
2025-07-30 09:20:00,238126238.093287,329972.113985263,-23.4583333333333,-18,-501.297416666666,-302.6,-0.00946693154355857,-3.56,23355.759
2025-07-30 09:21:00,236565781.200613,415567.27658791,-8.70916666666659,-25,29.7909083333375,-1089.88,-0.031504741979402,-10.57,23364.564
2025-07-30 09:22:00,234479115.828118,501580.554688547,7.56871249318068,2,1789.943466994,684.59,-0.014267636107196,4.98,23370.682
2025-07-30 09:23:00,234399340.253347,539647.788802779,2.28131868131866,10,89.2225347985333,284.24,0.0171440426890502,3.14,23375.123
2025-07-30 09:24:00,231933489.491795,576341.323340734,38.3207456828885,19,692.486522736789,453.14,-0.0890911159850037,1.99,23378.551
2025-07-30 09:25:00,235050846.258435,548294.981952881,22.9509523809525,8,151.19351904762,14.67,-0.0257248751479719,0.22,23372.208
2025-07-30 09:26:00,234299410.588018,597257.432587356,-12.5551282051282,-104,-6.25719658119701,-967.32,-0.107416984094812,-14.28,23373.988
2025-07-30 09:27:00,233557135.162064,568261.818143148,-6.38690476190479,18,-43.3095833333335,82.22,-0.013227641074006,1.37,23371.989
2025-07-30 09:28:00,232706735.522938,607477.816095143,42.6783333333333,16,678.034866666667,435.24,0.00637658874396901,4.74,23374.529
2025-07-30 09:29:00,235892061.695916,493676.384316558,-36.7408008658009,-70,1713.60002922075,-11248.99,0.0177426460116841,-31.48,23365.346
2025-07-30 09:30:00,230771212.12959,701562.349337605,24.8938888888889,-114,-434.070483333333,-682.68,-0.0735224326921791,-8.19,23382.062
2025-07-30 09:31:00,231076503.715704,710307.242422085,5.5374201890494,-5,270.354568084538,-704.77,0.0102654689186104,-0.66,23381.645
2025-07-30 09:32:00,232035608.719182,706350.118291381,72.0452380952381,46,1203.66954761905,607.47,0.0229639689688933,7.37,23378.873
2025-07-30 09:33:00,232429783.705851,692139.121258397,-3.74166666666666,-2,-19.8804166666664,78.4,-0.00144556202564011,0.69,23378.734
2025-07-30 09:35:00,232481669.749656,683187.00646621,-14.9433333333333,8,-164.114716666666,5.83000000000001,0.0145515151014119,0.57,23378.266
2025-07-30 09:36:00,232566790.235924,633910.93449439,-11.4428571428571,-12,10.0919999999999,-23.77,0.0161145557561098,-0.0600000000000001,23373.874
2025-07-30 09:37:00,232195503.444763,704774.024907056,-1.63999999999998,-10,39.8026000000002,-78.26,0.0117111970561997,-1.04,23379.018
2025-07-30 09:38:00,230425607.234097,733220.672309577,18.6361111111111,16,361.816333333333,253.96,0.00875819923428899,3.32,23382.541
2025-07-30 09:39:00,231768258.957701,708991.157151432,19.55,17,502.975,223.45,0.0128296184536266,2.69,23378.789
2025-07-30 09:40:00,232508488.729675,692896.607454759,5.56666666666672,-36,34.3543333333335,83.17,-0.0280772456046613,1.06,23376.003
2025-07-30 09:41:00,232145717.268457,735595.911696888,-7.46714285714285,-8,-107.50798095238,-55.1,0.00403364246316558,-0.63,23379.594
2025-07-30 09:42:00,231276200.690582,769088.118946323,-16.782380952381,5,6.29167142857129,41.32,0.0126990638438724,0.65,23382.143
2025-07-30 09:43:00,229682663.060657,772891.781620572,-16.1852380952381,-20,-129.769485714285,-185.82,0.000189773611182747,-2.49,23385.14
2025-07-30 09:44:00,231070842.864542,731708.356270822,-10.4541666666667,24,257.750875,408.06,0.0284451627761327,5.08,23381.076
2025-07-30 09:45:00,231562949.09766,710528.210021715,-8.99999999999999,-9,-245.582666666666,-135.98,0.00558537467360496,-1.38,23379.647
2025-07-30 09:46:00,231668137.51907,705121.833307891,-0.62222222222223,-5,-38.1511111111113,-72.5,-0.00296823414160723,-0.92,23379.341
2025-07-30 09:47:00,231457024.810091,808928.644070104,0,0,0,0,0,0,23385.639
2025-07-30 09:48:00,231655846.41314,846271.394083376,0,0,0,0,0,0,23387.782
2025-07-30 09:49:00,231379205.439836,802170.167263588,0,0,0,0,0,0,23385.216
2025-07-30 09:50:00,231383488.690307,724184.706919183,0,0,0,0,0,0,23380.415
2025-07-30 09:51:00,233503583.015714,907522.350133378,0,0,0,0,0,0,23391.164
2025-07-30 09:52:00,234409188.813416,964019.970687208,0,0,0,0,0,0,23394.23
2025-07-30 09:53:00,233562201.891865,904497.278655641,0,0,0,0,0,0,23391.103
2025-07-30 09:54:00,234678348.015492,970004.978722605,0,0,0,0,0,0,23394.46
2025-07-30 09:55:00,234948240.380657,978398.021901829,0,0,0,0,0,0,23395.076
2025-07-30 09:56:00,233110721.572174,1135663.59042316,0,0,0,0,0,0,23403.037
2025-07-30 09:57:00,234476873.717664,950960.204809294,0,0,0,0,0,0,23393.614
2025-07-30 09:58:00,231197657.598369,793214.226322069,0,0,0,0,0,0,23384.965
2025-07-30 09:59:00,231275699.139131,652234.770098193,0,0,0,0,0,0,23376.427
2025-07-30 10:00:00,231249863.522569,758872.686190683,0,0,0,0,0,0,23383.097
2025-07-30 10:01:00,231648882.820584,752457.043471427,0,0,0,0,0,0,23383.09
2025-07-30 10:02:00,231722644.744078,726764.167006012,0,0,0,0,0,0,23381.44
2025-07-30 10:03:00,230961162.015287,647209.242247553,0,0,0,0,0,0,23376.491
2025-07-30 10:04:00,230366205.030137,599137.666581507,0,0,0,0,0,0,23373.532
2025-07-30 10:05:00,230292601.608408,634239.730157336,0,0,0,0,0,0,23375.728
2025-07-30 10:06:00,229482585.500113,626264.343672117,0,0,0,0,0,0,23375.219
2025-07-30 10:07:00,229366746.659421,555506.032692024,0,0,0,0,0,0,23370.75
2025-07-30 10:08:00,229422612.116987,611290.821808283,0,0,0,0,0,0,23374.321
2025-07-30 10:09:00,227547923.539067,510517.842917278,0,0,0,0,0,0,23367.93
2025-07-30 10:10:00,226154690.858758,436217.196174382,0,0,0,0,0,0,23363.047
2025-07-30 10:11:00,223240680.81729,279681.870820271,0,0,0,0,0,0,23352.775
2025-07-30 10:12:00,222746560.728128,251144.197462849,0,0,0,0,0,0,23351.328
2025-07-30 10:13:00,221894559.13485,213090.072048208,0,0,0,0,0,0,23348.724
2025-07-30 10:14:00,220198063.844925,159007.541366128,0,0,0,0,0,0,23345.151
2025-07-30 10:15:00,221222437.35624,188145.86441206,0,0,0,0,0,0,23347.142
2025-07-30 10:16:00,222630193.054927,242266.379586976,0,0,0,0,0,0,23351.15
2025-07-30 10:17:00,224425418.777107,303540.952472155,0,0,0,0,0,0,23355.178
2025-07-30 10:18:00,222514088.122124,229352.067785299,0,0,0,0,0,0,23350.162
2025-07-30 10:19:00,221542101.530227,188025.185924736,0,0,0,0,0,0,23347.462
2025-07-30 10:20:00,221518296.823893,187880.13975168,0,0,0,0,0,0,23347.474
2025-07-30 10:21:00,223755337.22931,287821.792113812,0,0,0,0,0,0,23354.009
2025-07-30 10:22:00,223989509.412649,302865.835591453,0,0,0,0,0,0,23355.021
2025-07-30 10:23:00,231855964.067536,450293.593499016,-5.35117302052786,-6,-38.3340835777126,-49.5,-0.0101198502980209,-0.79,23361.321
2025-07-30 10:24:00,233805620.551746,487975.663709734,-0.973648854961832,2,-19.3985951145038,52.54,-0.00429651889383019,0.64,23363.293
2025-07-30 10:25:00,235456332.136,481189.375260843,-1.36359976577368,-1,-87.6432403747621,129.25,0.000215158121895633,0.75,23361.344
2025-07-30 10:26:00,236065669.447375,398438.461875397,0.942028985507247,1,-5.84347826086956,-12.4,0.00566575641098443,-0.09,23354.54
2025-07-30 10:28:00,235819065.281169,338055.903911559,-6.43797729618163,-26,-76.6909164086687,-297.2,-0.0324227110383163,-4.3,23349.968
2025-07-30 10:29:00,240369125.16521,350568.870435875,-3.86024988140271,-25,-126.007171397523,-383.46,-0.0417332812238121,-5.2,23348.789
2025-07-30 10:30:00,235478232.568744,340157.387632949,0.5411917237349,-2,1.20955022683709,6.09,-0.00515982033651821,0.22,23348.603
2025-07-30 10:31:00,237595488.773662,378805.633434622,-3.0581630230829,6,-106.735701928914,119.7,-0.0131253923689055,2.12,23350.542
2025-07-30 10:32:00,236008867.676016,262518.647936947,-3.05555555555556,-2,-26.0888888888889,-14,-0.00309100759383164,-0.24,23343.047
2025-07-30 10:33:00,239427814.73622,283988.989372474,-3.51029057222088,10,-110.960127114983,262.95,-0.0262969601928115,3.28,23342.806
2025-07-30 10:34:00,240749292.985414,327040.488923209,-0.027964918560945,0,-43.7919054948989,0,0,0,23344.694
2025-07-30 10:35:00,241453853.060756,312710.270582161,1.825,1,21.21125,8,0.00155834322195459,0.12,23343.809
2025-07-30 10:36:00,241016750.273445,380727.26801748,-1.11738095238095,3,-44.7159285714286,87.9,-0.00674308104560618,1.05,23349.482
2025-07-30 10:37:00,238766271.971893,409304.564584402,2.23091420844946,12,205.729305720357,593,0.0262223473832027,5.66,23352.618
2025-07-30 10:38:00,238654026.346834,365558.164131868,1.29210526315789,-1,6.87194736842105,1.28,-0.000748679024005331,0,23349.864
2025-07-30 10:39:00,238514044.093874,394712.909423467,3.85331564374712,1,97.8420435394555,15,0.00211155880021454,0.21,23351.638
2025-07-30 10:40:00,239986161.224002,446487.814688555,-0.888261351052049,-3,211.767014396456,218.88,0.00554749883495273,1.26,23354.589
2025-07-30 10:41:00,237338882.454462,486062.454538833,1.5044642857143,7,-168.312589285714,126.9,-0.00386473491051357,1.67,23358.233
2025-07-30 10:42:00,235567287.383638,537024.957397746,4.07757631257629,5,64.2298398046389,155.98,0.011270217528004,1.86,23363.015
2025-07-30 10:43:00,235965775.53554,499699.358765368,3.05494505494504,-8,5.04048351648298,-165.6,-0.0161601691931329,-2.08,23359.916
2025-07-30 10:44:00,236034850.278426,520426.145061342,0.069047619047621,0,48.5643571428572,53.69,0.00344653359099179,0.45,23361.398
2025-07-30 10:45:00,236845183.257722,530197.077350863,-0.785714285714283,2,19.2065714285716,97.08,-0.0023628741779678,1.08,23361.527
2025-07-30 10:46:00,237752719.642671,489256.426511874,-2.86024409992564,1,-62.600865120984,78.45,0.00343703803876599,0.82,23358.898
2025-07-30 10:47:00,237258076.611225,499522.251265232,12.3684782608696,9,367.905989130436,245.45,0.0098454306135447,2.55,23359.321
2025-07-30 10:48:00,236007141.255147,524700.949505153,-3.23333333333333,-2,-107.083333333333,-50,0.00330026378711602,-0.51,23361.952
2025-07-30 10:49:00,234652143.515546,567332.812794402,-11.25,-10,-174.221000000001,-106.05,0.00449737888753947,-1.59,23365.473
2025-07-30 10:50:00,235087101.046932,566186.917091518,-2.84999999999998,16,-29.6801666666664,192.97,-0.0462820875472729,2.49,23365.494
2025-07-30 10:51:00,234602868.318346,531479.733926849,-0.665000000000008,15,-15.3773000000001,203.15,-0.0193591512096513,2.56,23364.78
2025-07-30 10:52:00,235172711.719768,540667.207222811,1.62721238938053,5,149.328042035398,285.6,-0.00267554310619391,2.59,23365.54
2025-07-30 10:53:00,235069764.573723,543564.786656539,25.5083333333334,2,80.2012500000002,80.85,0.00840955876358455,0.72,23364.598
2025-07-30 10:54:00,233779492.87425,586238.004827577,-27.0454545454546,-29,-631.531818181818,-582.6,0.0500877261888748,-6.57,23369.98
2025-07-30 10:55:00,232187693.614284,618992.745272772,-19.3819318181819,-38,-209.850660551952,-1232.52,0.0326262629003375,-12.13,23372.849
2025-07-30 10:56:00,230962891.154236,660387.329350253,-21.0678086118168,23,-199.448087186503,194.44,-0.0251368471147234,2.13,23378.05
2025-07-30 10:57:00,228748086.766009,737820.355706491,-9.22954545454546,-20,-162.722659090909,-484.28,0.000398696543648213,-5.04,23384.264
2025-07-30 10:58:00,227371849.433398,745398.117661878,3.03200577200579,0,43.8958230880237,-41.91,0.00206455615569076,-0.65,23386.131
2025-07-30 10:59:00,227122155.038669,753102.187215406,-1.39857142857141,2,-43.9993285714281,-141.55,0.0059004814409387,-1.1,23386.82
2025-07-30 11:00:00,227535597.101889,765882.798106495,12.6227597293533,19,100.460522057376,214.38,0.0167057530004447,3,23385.843
2025-07-30 11:01:00,228717319.039841,752593.567674819,-2.82392537551934,-4,-16.7596357462449,-196.88,-0.00443094167260982,-1.68,23385.143
2025-07-30 11:02:00,228379199.552934,816796.061635189,-1.56678571428572,1,-12.6561392857143,51.25,-0.00353377486799378,0.59,23387.943
2025-07-30 11:03:00,230094326.685495,694456.268426826,-43.7333333333333,-41,-1915.9525,-1997.05,0.107679946032284,-20.08,23381.71
2025-07-30 11:04:00,228784496.521667,775753.772188515,2.29571428571429,-2,20.6265142857143,-43.7,-0.000387031608121282,-0.56,23387.641
2025-07-30 11:05:00,230048574.434415,720238.460931835,-0.741666666666666,0,-35.2784166666665,-10.32,0.00278173484527162,-0.11,23383.778
2025-07-30 11:06:00,229656014.560682,679552.961314856,-9.14523809523809,-17,-201.603619047619,-277.81,0.0195289415242597,-3.61,23382.908
2025-07-30 11:07:00,229503231.837997,691918.610173563,-1.84952380952381,-4,-20.7138666666666,-31.6,0.00438550735541723,-0.41,23383.411
2025-07-30 11:08:00,229135309.961873,726656.206295377,-3.43333333333334,-5,-84.7653333333334,-74.76,-0.00227648107431915,-0.96,23385.744
2025-07-30 11:09:00,229532163.977578,695767.907671165,-1.28571428571429,0,-26.7428571428572,0,0,0,23383.418
2025-07-30 11:10:00,228588766.36046,714770.218447427,-10.1880952380952,-9,-40.0394761904759,-107.8,-0.0176704153170192,-1.6,23385.215
2025-07-30 11:11:00,228361648.996748,722124.422066674,25.0215686274509,32,563.757553921567,837.23,0.0301041070792373,9.2,23383.997
2025-07-30 11:12:00,229276354.05456,686578.929972661,-0.475,-2,-27.0625,-45.5,0.000436785491134337,-0.56,23382.271
2025-07-30 11:13:00,226865633.705706,765081.538336279,-18.2991228070176,-19,-611.847991228071,-555.79,0.0252857117329364,-5.97,23388.929
2025-07-30 11:14:00,227351512.92583,1072694.89556342,351.165271637716,516,3238.9401597557,3960.3,0.789136441271599,52.3,23392.061
2025-07-30 11:15:00,226585051.513627,1100187.69937233,7.49999999999998,16,209.362,244.66,0.0207060297233846,3.27,23393.925
2025-07-30 11:16:00,223209772.330474,1171867.88803029,-13.1257142857142,-64,-479.63532380952,-2088.3,-0.089390497083306,-21.93,23399.978
2025-07-30 11:17:00,223611446.252589,1202715.80938995,11.2840909090909,10,180.391522727272,157.54,-0.00109166475886274,1.9,23400.644
2025-07-30 11:18:00,224003721.564631,1167783.57552164,-15.51,-8,-339.5833,-5.40000000000003,0.019751101370291,-0.300000000000001,23399.33
2025-07-30 11:19:00,225026184.558195,1143981.35454922,1.07770562770562,7,61.3305194805193,178.54,0.00314604274977723,2,23397.538
2025-07-30 11:20:00,222490056.738074,1249875.01805444,-11.8157712657712,-13,-158.546423890924,-213.73,0.0319748913845733,-2.63,23406.189
2025-07-30 11:21:00,222935899.569826,1248378.67395352,-2.42662337662339,2,31.9917142857136,123.77,0.00911491294462621,1.32,23405.823
2025-07-30 11:23:00,222630647.80433,1215697.6397843,1.63947454844007,-6,16.4905555008211,-269.25,0.00968680469796631,-2.78,23404.204
2025-07-30 11:24:00,222381088.657916,1203929.32349124,-13.5016666666666,-12,-44.0435333333328,-326.6,0.00422311737856781,-3.45,23404.547
2025-07-30 11:25:00,224362649.188536,1212943.53238873,15.5672192513369,19,281.638388235295,201.94,0.0238261809988131,2.68,23400.935
2025-07-30 11:26:00,223993655.950419,1137818.88764298,6.85999999999998,14,356.598099999999,711.85,0.0200929378633475,7.1,23397.92
2025-07-30 11:27:00,224090599.148899,1117523.70442157,-11.9452380952381,-11,-156.51569047619,-131.22,0.00295432177308784,-1.22,23397.564
2025-07-30 11:28:00,223740501.969237,1171170.95234626,7.49166666666666,7,104.112166666667,117.48,0.0160836272013174,1.41,23400.124
2025-07-30 11:29:00,224917962.137181,1106114.96761884,-7.59974747474745,26,-130.859954545454,688.04,-0.0453797690819288,7.83,23395.99
2025-07-30 11:30:00,224141385.681032,1136015.58336066,-4.29,-6,-110.268,-100.21,0.00383683351829917,-1.18,23398.603
2025-07-30 11:31:00,223966578.344216,1120503.43538981,0.522222222222224,5,-118.169333333333,13.37,-0.0324493958079856,0.29,23397.615
2025-07-30 11:32:00,224415239.269285,1112467.8788384,5.43166666666667,4,538.9738,556.81,0.0128989870532453,5.21,23396.459
2025-07-30 11:33:00,225293669.503069,1086460.75390397,-8.87835497835499,-5,-141.867359307359,-99.2,0.00629133009155313,-1.12,23395.916
2025-07-30 11:36:00,225811173.431543,1036185.41086933,10.3578781512605,19,822.641235644256,397.41,0.014860796809301,4.02,23392.124
2025-07-30 11:37:00,225824661.058434,1016981.70769798,-1.54999999999998,-6,-207.379083333333,-126.87,0.00536377898323851,-1.32,23391.234
2025-07-30 11:38:00,227463521.084354,975509.650304918,3.57619047619048,2,122.042428571429,74.47,0.00324751903424691,0.84,23387.957
2025-07-30 11:39:00,226981663.293673,970849.007917896,-5.43333333333334,-4,-348.705333333333,-267.1,0.013660392328773,-2.6,23388.97
2025-07-30 11:40:00,227395984.659102,1001637.66774032,0.291666666666663,1,-2.23191666666669,2.3,0.00435257325890859,0.08,23389.437
2025-07-30 11:41:00,228297688.613787,932446.474766747,-9.58452380952375,-17,-216.721535714284,-358,-0.021302832559476,-4.63,23384.574
2025-07-30 11:42:00,227230228.753128,961588.514508269,-6.40476190476191,-11,-24.7119047619051,-110.2,0.00675547979295,-1.42,23387.32
2025-07-30 11:43:00,226666634.251987,1015640.89600732,-3.20071428571427,-6,35.1480642857151,-293.56,-0.0101255270943878,-3.01,23390.914
2025-07-30 11:44:00,227484105.138121,944984.034369521,-1.12333333333333,-1,20.8353000000005,5.35000000000001,0.0102924864848222,-0.13,23386.543
2025-07-30 11:45:00,227396951.096712,951128.741830273,0.266666666666676,8,3.04733333333367,117.28,-0.00763795411402855,1.38,23386.708
2025-07-30 11:46:00,226544702.292565,1015321.77321982,-3.83045454545455,-4,-22.2400272727277,27.5,0.036929178383924,-0.270000000000001,23390.844
2025-07-30 11:47:00,225321776.429357,996471.425134339,1.82777777777777,3,37.9722222222219,28.35,-0.00274889581787209,0.43,23390.563
2025-07-30 11:48:00,225657091.037674,978833.583356902,-2.90121212121212,-2,-88.2043212121214,-108,0.0049024719098141,-1.06,23389.62
2025-07-30 11:49:00,225115165.670138,992072.644350367,-2.70714285714286,-3,-28.3045,-32.14,0.00388328434688852,-0.39,23390.874
2025-07-30 11:50:00,224964630.005377,1008331.52899354,6.24999999999999,10,156.25,250,0.0232053792514496,3.2,23391.941
2025-07-30 11:51:00,225057862.314194,989548.691590972,3.46500000000001,6,124.0634,39.36,-0.0257204075069003,0.8,23391.511
2025-07-30 11:53:00,223525861.033757,1053788.97113158,-15.3095238095238,-12,-362.59380952381,-220.5,-0.0409821907633685,-3.15,23395.765
2025-07-30 11:54:00,225002231.952818,1039936.27920364,6.30457070707069,5,328.595206313131,261.4,-0.00261571423688463,2.51,23393.916
2025-07-30 11:55:00,224939822.826345,1039410.19685347,1.43333333333333,1,17.2429999999999,12.03,0.00202967406173728,0.18,23393.401
2025-07-30 11:56:00,226163331.922733,947299.538010487,3.83181818181818,9,111.137469696969,251.06,-0.00251515804901766,2.71,23387.268
2025-07-30 11:57:00,225092197.731471,988966.051067453,-7.77380952380952,-8,-218.508261904762,-211.52,0.000552984067816782,-2.34,23391.448
2025-07-30 11:58:00,225894381.200816,982805.373168737,-64.641286727457,105,95.0110987841943,347.59,-0.0415789303925667,4.13,23390.232
2025-07-30 11:59:00,224532890.484757,1047152.57719921,0,0,0,0,0,0,23394.919
2025-07-30 12:00:00,224790076.729037,1078420.15736765,7.68809523809519,4,321.670809523807,204.47,0.0436047995184324,2.4,23396.348
2025-07-30 12:01:00,224003875.596818,1090723.49600337,-6.31493506493505,-8,-194.024298701298,-217.82,0.00808168045239174,-2.34,23397.956
2025-07-30 12:02:00,223240484.57229,1119888.18067804,14.1757697586967,21,1463.75444240313,-876.68,-0.00387831293149647,0.840000000000001,23398.451
2025-07-30 12:03:00,222629084.922451,1134771.45371877,-15.6392857142857,-33,-266.964,-656.18,0.0164405897152186,-8.28,23400.89
2025-07-30 12:04:00,222329766.407213,1153411.66203661,-0.383333333333329,0,-70.0249999999997,-86.1,0.00332613986405638,-0.78,23402.296
2025-07-30 12:05:00,222916757.596989,1139018.25882859,2.19121212121212,3,12.9796484848485,1.34,0.00719852847981741,0.26,23400.909
2025-07-30 12:06:00,222412258.463299,1075429.76384716,4.90285714285716,11,227.550371428572,405.86,0.00287247002675961,4.43,23398.411
2025-07-30 12:07:00,223434420.609246,1056126.54901567,36.3094696969697,31,1190.15080681818,1063.34,0.0177205527283943,11.76,23394.978
2025-07-30 12:08:00,224898611.894938,987236.519309271,-19.5659523809524,0,-134.233773809524,-20.4,-0.00189639485576995,0.0499999999999998,23391.035
2025-07-30 12:09:00,224361194.977389,995632.112714014,0.746666666666665,-2,-13.1174500000001,-71.75,-0.00464807204228025,-0.8,23392.76
2025-07-30 12:10:00,224803900.982808,1014195.10893966,0.399999999999999,-1,18.3999999999999,-46,-0.00237294859851816,-0.48,23392.459
2025-07-30 12:11:00,223723363.798033,1013393.23187363,1.36388888888889,-7,-3.99972222222213,49.5,-0.0255539224214058,0.0900000000000001,23392.418
2025-07-30 12:12:00,224402457.627567,1036906.1080924,-1.31212121212122,-2,11.6057878787873,-136.09,-0.00832778882873567,-1.36,23395.175
2025-07-30 12:13:00,224578526.54508,983881.961400085,5.30666666666664,0,41.5062666666666,0,0,0,23391.869
2025-07-30 12:14:00,224197298.373217,1040047.00131201,0.483244206773613,2,-53.78863368984,-163.84,-0.00753773463198558,-1.2,23395.029
2025-07-30 12:15:00,223967533.508665,1073272.29782431,-9.00833333333331,-11,-172.39975,-237.68,0.0127683337453142,-2.96,23396.439
2025-07-30 12:16:00,224369364.632664,1062287.30585242,-4.79607843137254,2,82.712921568628,-144.25,0.003223209583529,-1.33,23395.585
2025-07-30 12:17:00,224557153.391089,1081984.6393415,9.31500000000001,6,613.892400000001,368.79,0.0118461175305003,3.48,23395.901
2025-07-30 12:18:00,222481906.079439,1128331.35137742,-0.325,-6,-0.810749999999974,-350.32,-0.00519669909539828,-3.08,23398.428
2025-07-30 12:19:00,223464561.533356,1122864.28085465,-3.47499999999999,5,2.79258333333356,6.85,-0.00930123768734326,0.2,23398.696
2025-07-30 12:20:00,222294112.593201,1125640.44182681,-0.749999999999998,-1,-38.4,-31.8,0.00215239827423124,-0.35,23398.878
2025-07-30 12:21:00,222360840.638365,1121512.38202277,-1.77277777777779,6,-21.7995611111121,65.93,0.00694754652563387,0.75,23398.618
2025-07-30 12:22:00,222817275.720776,1095439.29103359,1.17222222222222,0,-32.5677777777778,-55.65,0.00680658258168888,-0.57,23397.55
2025-07-30 12:23:00,224452712.342901,1031450.73880804,-2.53666666666666,4,-13.3514333333332,26.81,-0.0228150619223128,-0.0199999999999999,23392.809
2025-07-30 12:24:00,224435646.100066,1002229.95537574,0.556204906204898,4,-31.8478614718616,5.43,0.00160932115980226,0.24,23390.623
2025-07-30 12:25:00,226151516.559328,977228.937170763,-15.4204301075269,0,4.430677419355,14.42,-0.00225345757764082,0.28,23389.67
2025-07-30 12:26:00,224616058.132245,997671.530835787,-1.65424242424244,-9,-47.2709606060615,-265.88,-0.013325292619368,-2.99,23391.918
2025-07-30 12:27:00,225899753.097216,981277.572584568,6.67835497835498,-5,159.228851731602,-17.02,-0.00124100650908234,-0.23,23390.065
2025-07-30 12:28:00,226400833.964378,966509.320833947,3.06666666666667,1,176.313333333334,114.5,0.00305697100350963,1,23388.973
2025-07-30 12:29:00,226036281.440645,992541.609375771,7.57916666666667,11,30.106125,36.63,0.0103552683654841,0.61,23389.556
2025-07-30 12:30:00,225553170.085256,995720.026290731,0.94285714285714,-7,0.0702857142856859,-12.16,-0.0218753571798,-0.42,23390.493
2025-07-30 12:31:00,226251153.745041,974979.921962701,-7.42619047619047,-3,-95.2185476190476,-71.17,-0.00455506844148342,-0.77,23388.637
2025-07-30 12:32:00,226131494.58229,967443.547836257,-0.258333333333333,-9,-19.1005833333334,41.35,-0.00909568704984685,0.25,23388.264
2025-07-30 12:33:00,224851027.439274,1020350.71335908,-0.429220779220773,-2,-18.2243116883114,-37.8,0.00382286678763698,-0.48,23392.978
2025-07-30 12:34:00,223599816.764551,1085219.3332062,-3.24761904761906,-7,-67.709666666667,-185.03,-0.0095328691806386,-2.11,23397.06
2025-07-30 12:35:00,224199623.637768,1067624.73908347,7.53558441558442,9,18.8187636363638,-38.12,0.00284489087379064,-0.34,23394.402
2025-07-30 12:36:00,224283578.296956,1065148.58725427,4.13181818181819,9,53.4870151515154,178.09,-0.00231599200810835,2.1,23394.942
2025-07-30 12:37:00,222536257.962872,1108223.70940498,-8.59900793650793,-23,-156.745724206349,-308.01,-0.0304597339331608,-4.65,23398.25
2025-07-30 12:38:00,222507550.431486,1150914.36551236,3.74285714285715,5,36.936761904762,71.65,0.0053645018452953,1.06,23399.784
2025-07-30 12:40:00,221325812.710233,1177749.86017645,-13.6319047619048,-12,-559.466566666668,-324.73,0.00541209071772508,-3.69,23403.36
2025-07-30 12:41:00,218956850.077242,1278476.77293005,-46.8169047619048,-54,-845.026133333334,-710.58,-0.0931763940534976,-10.44,23409.919
2025-07-30 12:42:00,218615988.307616,1266099.8700973,0.500836550836557,2,-11.7665759330756,-37.45,-0.000533828645448886,0.0799999999999999,23409.718
2025-07-30 12:43:00,218980513.259745,1265076.37309706,2.21185185185185,5,174.751404761904,127.31,0.0222035050743043,1.63,23408.282
2025-07-30 12:44:00,218447757.595648,1272452.74494141,-7.60303030303031,-11,-185.327083333334,-192.65,-0.00806983854359315,-2.42,23409.648
2025-07-30 12:45:00,218875209.481871,1283615.42449295,3.61666666666668,15,73.3580000000004,267.28,-0.0225891560407286,3.49,23409.524
2025-07-30 12:46:00,220314948.392424,1255719.69148426,4.23214285714285,6,128.191785714286,185.3,0.00385378065202336,2.09,23405.686
2025-07-30 12:47:00,220146044.147198,1249263.97336474,-19.4532080200501,-4,-312.25770075188,-114.68,-0.000880118529196786,-1.37,23406.11
2025-07-30 12:48:00,221942342.602885,1201258.62197559,8.46428571428571,23,78.7801666666665,75.46,0.032611588922062,1.63,23401.301
2025-07-30 12:49:00,220566613.816662,1201558.10108675,-3.87142857142858,-3,-235.68980952381,-202.7,0.00692374446196584,-1.81,23401.735
2025-07-30 12:50:00,222173779.614428,1158107.97269506,0.358095238095242,2,12.1232761904763,33.07,0.00115244641853437,0.43,23398.796
2025-07-30 12:51:00,224044370.24633,1034897.68746325,7.41569264069264,-1,319.515192640692,161.32,-0.000447460958157121,1.66,23391.689
2025-07-30 12:52:00,223664924.120118,1071472.40417915,5.15802661390898,-12,274.359896035338,-996.6,-0.00802302093914617,-8.15,23393
2025-07-30 12:53:00,223408366.092537,1092987.08647777,-6.08155677655678,-15,-134.915228388279,-364.85,-0.0203459966025673,-4.42,23395.398
2025-07-30 12:54:00,221687288.669549,1167479.54513825,1.72666666666667,-1,17.2571999999999,-46.5,-0.00393830800902359,-0.62,23400.72
2025-07-30 12:55:00,221532748.002578,1160669.67563412,1.90380952380953,3,-33.2380666666664,-19.31,0.00943864468081092,0.12,23400.516
2025-07-30 12:56:00,221788737.827158,1157343.59861113,0.197358197358203,14,41.086993978244,315.95,-0.0145339204195164,3.51,23399.992
2025-07-30 12:57:00,220028526.553954,1188520.98456141,-6.03811965811966,-12,23.7877162393162,-57.77,0.00549963829006902,-0.7,23404.211
2025-07-30 12:58:00,219387270.073934,1278230.55954178,1.97036645525018,1,26.8535054028659,-6,0.00203003878591977,-0.06,23407.782
2025-07-30 12:59:00,220444282.277872,1204874.97081673,3.63714184790836,6,15.8650350708987,108,0.0113643641258913,1.38,23404.199
2025-07-30 13:00:00,216404626.255494,1250001.08687011,-1.44101035986914,-2,-44.9833877759603,89.05,-0.00555190166023612,0.7,23407.261
2025-07-30 13:01:00,219447732.794545,1310210.87454258,6.79589793038461,12,179.019541601509,235.1,-0.00123061304841204,1.89,23407.86
2025-07-30 13:02:00,229039757.010069,1006445.39484971,43.0149645693558,24,486.565563085615,899.78,-0.00140096264497613,10.8,23382.373
2025-07-30 13:03:00,226062750.901912,1030003.34232424,-38.9707017982018,-70,-784.116380061605,-990.06,0.04662729597757,-13.31,23386.481
2025-07-30 13:04:00,223657820.384351,1105935.2808757,10.2426914900197,-1,60.2152819695147,-33.35,0.00367042990449215,2.04697370165263E-16,23390.838
2025-07-30 13:05:00,221311962.568404,1261443.11606187,2.12666666666672,-46,-193.36739047619,-417.15,-0.00523458931040447,-6.08,23399.569
2025-07-30 13:06:00,222945107.932747,1228066.39562322,12.0417688591602,9,416.298085284281,232.93,-0.017466741521095,3.7,23396.055
2025-07-30 13:07:00,221020578.461907,1342385.92753709,-10.1413997113997,-7,-204.382908513708,-204.2,0.000365275875866377,-2.64,23403.502
2025-07-30 13:08:00,219267022.693395,1383631.76807652,-0.9171918767507,-2,-2.27237429972002,35.84,0.002054627604868,0.19,23406.601
2025-07-30 13:09:00,220905937.496392,1379298.93579223,-0.866416040100254,2,69.8460534670009,-163.6,0.00571719944539472,-0.37,23404.489
2025-07-30 13:10:00,217681113.922591,1562193.24034988,-21.5283730158731,-45,-852.739117063495,-716.89,-0.0505546191185088,-9.09,23415.163
2025-07-30 13:11:00,218357380.380632,1534281.43251055,6.93287545787545,12,-40.4679139194141,-191.13,0.000509133183512883,-2.22,23411.018
2025-07-30 13:12:00,219375110.899865,1528223.96390573,1.87569444444444,0,94.2774513888887,54.82,-0.0142867040490181,0.47,23410.795
2025-07-30 13:13:00,219811224.337329,1531119.6257514,-15.0694047619048,-17,-462.738201190477,-326.01,-0.00837674668794538,-4.7,23410.581
2025-07-30 13:14:00,222011175.605988,1402423.65698726,19.3315512265513,6,439.729547546898,51.67,-0.0177144797989938,0.6,23402.237
2025-07-30 13:15:00,221184421.142409,1496260.64874121,29.2110334110334,-8,3.10328205128235,-107.62,-0.0124302840656946,-1.72,23406.449
2025-07-30 13:16:00,222404346.988838,1408474.05936809,6.58697916666667,9,-6.23175818452379,56.3,0.01044660168131,0.92,23401.92
2025-07-30 13:17:00,221112873.365787,1358694.82851172,-15.9985714285715,-49,-325.111276190477,-473.92,-0.0107473400203342,-7.48,23399.356
2025-07-30 13:18:00,221891139.544878,1327745.3674949,1.09523809523813,22,-63.1604285714275,88.61,0.0852650537972888,3,23397.964
2025-07-30 13:19:00,222715395.431718,1335289.07857213,7.31165445665442,5,-161.293895482296,-66.74,0.0322590072190801,0.13,23396.904
2025-07-30 13:20:00,221867654.164703,1461060.92811361,-23.7509090909091,-14,-589.984206060605,-262.14,-0.00939582430224294,-3.92,23403.13
2025-07-30 13:21:00,222407118.259033,1433348.32994993,4.25920634920635,6,124.43303015873,132.77,-0.00588489507162967,1.66,23401.102
2025-07-30 13:22:00,221612072.007297,1395129.43540722,-120.137004662005,-107,-1458.07567069042,-1164.48,0.0404468905826482,-15.04,23401.037
2025-07-30 13:23:00,219928816.276797,1532288.80807108,3.92460317460318,2,-92.9292698412697,-96.87,0.00278341883956357,-1.11,23406.901
2025-07-30 13:24:00,220828554.163398,1480158.51268179,17.052380952381,8,72.4489285714286,106.17,-0.00365840023321053,1.66,23403.7
2025-07-30 13:25:00,219928642.832831,1606569.3656025,-10.8678571428571,-14,-232.730383333333,-246.2,0.00472287065068488,-3.39,23408.485
2025-07-30 13:26:00,219814002.797101,1624738.82195641,-11.5394047619048,-23,-844.794258333334,-770.39,0.0252789204128238,-9.23,23410.565
2025-07-30 13:27:00,218545822.492248,1708761.36233867,-33.7914377289378,-18,-342.242632326008,-309.22,-0.00131029707624634,-5.18,23414.473
2025-07-30 13:28:00,218367011.320805,1695026.70846267,-1.45872877122877,5,-84.2173185564433,49.42,-0.000790268017539069,0.86,23414.565
2025-07-30 13:30:00,216796042.758007,1734925.90961127,-0.645964403380596,-4,1920.38793448408,-185.2,0.000541051770423222,0.33,23415.824
2025-07-30 13:31:00,218580567.025649,1716741.69950085,-5.94172877846791,-4,72.0488115942029,71.55,-0.00639473610313747,0.58,23414.346
2025-07-30 13:32:00,213812564.387634,1979723.03337901,35.7607186147186,83,-690.934256709956,-367.58,0.130821448322461,-3.18,23429.344
2025-07-30 13:33:00,214576388.571818,1949970.05925979,-14.7569147606549,-57,553.526174571928,463.69,-0.0119572359452227,-3.89,23425.589
2025-07-30 13:34:00,217390859.514676,1967181.76609419,-0.712514152514164,-38,-4.74987549117518,-506.66,0.00539457390034954,-6.56,23420.756
2025-07-30 13:35:00,215387210.170544,2230515.38335679,23.3354919358856,60,780.554869050896,1283.39,0.123195870201049,18.65,23431.572
2025-07-30 13:36:00,211950106.765504,2555498.79375966,-13.4184621499987,51,1106.50674987199,943.32,-0.038301439062132,13,23445.393
2025-07-30 13:37:00,216212608.368181,2224363.8245689,-18.0920248705543,-25,-29.2651866140377,-411.51,0.0461753093524062,-6.47,23428.436
2025-07-30 13:38:00,215652631.18075,2160384.51148974,137.094985569986,-225,-420.295939033189,-831.35,-0.309121782137368,-13.81,23422.027
2025-07-30 13:39:00,220165031.910754,1978451.93007363,-31.2155336617406,-60,-529.131756568145,-596.67,-0.0925178135351612,-11.02,23412.391
2025-07-30 13:40:00,223489793.497707,1731360.69270338,69.2703879004746,34,-159.505142420489,-425.43,0.0913976282204337,-6.38,23399.564
2025-07-30 13:41:00,228736045.851898,1441659.58997279,51.3020258207474,39,721.382419255841,698.48,0.0178104645258206,10.73,23387.336
2025-07-30 13:42:00,223122555.503394,1415561.44368292,-69.3953933747412,-59,-1198.59406573499,-844.23,0.0432151176789377,-11.66,23393.6
2025-07-30 13:43:00,216720314.796551,1795185.39168384,-25.3935575264844,-31,-529.219041143139,-434.56,0.00228075126158806,-7.09,23406.777
2025-07-30 13:44:00,219808623.551554,1910299.8757177,80.8506442241969,71,1035.76044154135,836.34,0.161887041192569,15,23408.225
2025-07-30 13:45:00,219477471.967559,1948939.69103061,-6.478315989566,-7,-106.490093346931,-585.06,-0.0300868971910085,-8.57,23409.712
2025-07-30 13:46:00,218222874.522634,2244666.01779393,40.1553957888516,17,1346.37714287551,279.78,0.037329630407745,3.19,23414.995
2025-07-30 13:47:00,221007386.48428,1911631.94351341,-79.118115000941,10,-2855.94684735868,-684.36,-0.899227103718506,-7.87000000000001,23404.55
2025-07-30 13:48:00,223417267.942957,1705235.52947731,-18.537271062271,37,-86.4935467032965,242.95,-0.0619495210059008,4.27,23398.07
2025-07-30 13:49:00,226327193.256629,1336076.95151854,-67.6317116182033,-80,-446.655406683419,-182.56,0.0779250026773012,-3.07,23385.815
2025-07-30 13:50:00,231622047.131608,752056.853969761,-98.835632183908,-107,-1192.05122528736,-506.92,-0.0703169900348993,-9.83,23364.876
2025-07-30 13:51:00,233170841.206205,596165.472072155,23.451911976912,6,-26.2039282106775,-35.1000000000001,0.152743257870641,-0.819999999999999,23359.766
2025-07-30 13:52:00,234135518.05374,651157.720795424,42.8781196581196,55,597.442206837606,290.66,-0.0355694571329061,4.94,23363.239
2025-07-30 13:53:00,236480755.749864,407930.15187385,17.9585858585859,-10,-177.069548340546,-178.62,0.0348218303780662,-2.33,23349.749
2025-07-30 13:54:00,233595334.293549,794290.835430125,29.9246753246753,17,1109.74767532468,424.58,0.0172616188414898,6.92,23365.042
2025-07-30 13:55:00,236782924.143881,284349.831454282,58.1537934287934,-4,367.444690864691,400.16,-0.0526707378079619,6.57,23349.096
2025-07-30 13:56:00,246393576.783031,-448012.088846581,63.1972133348577,101,-1333.76755506566,-154.74,0.0529082474949764,7.7,23320.599
2025-07-30 13:57:00,245624233.425727,-975307.059791984,45.6346589510671,58,-116.873608721459,678.28,0.303677828970609,9.19,23305.61
2025-07-30 13:58:00,250679461.584621,-937288.218301781,38.9298200898201,23,242.280777451377,603.65,-0.0463089475554987,8.68,23301.857
2025-07-30 13:59:00,262928543.436193,-1434982.7782461,131.357006327006,129,3355.49504505495,2703.17,-0.0484498855577747,38.32,23271.438
2025-07-30 14:00:00,266256554.290953,-1758228.29385187,-172.81044290399,-173,-6429.17984498807,-5757.66,0.191280227987642,-60.94,23244.262
2025-07-30 14:01:00,270263612.142971,-1844604.87872136,-0.349466658799484,10,160.974392797009,1230.71,-0.0440333054941019,11.09,23244.238
2025-07-30 14:02:00,259661385.510551,-1520592.03241141,-46.0239451072081,-96,-2183.8230051688,-1801.1,-0.0382871051051076,-22.01,23271.893
2025-07-30 14:03:00,263045658.70336,-1433156.57934268,29.3451547987616,49,775.876021399087,1333,0.0689171574959833,17.42,23272.137
2025-07-30 14:04:00,269732989.507822,-1890947.25964378,94.5198626335422,140,347.49784181295,591.35,0.229160585414948,10.02,23245.704
2025-07-30 14:05:00,271121058.696788,-1777791.85570645,84.3056339671147,99,270.533830607999,-49.7,0.14883615568897,3.86,23241.63
2025-07-30 14:06:00,262791268.88639,-1906706.82760532,-63.1483618919266,-82,-2581.97172144675,-1480.65,0.016141448592556,-19.65,23251.332
2025-07-30 14:07:00,262686749.900235,-1605634.44496833,34.3026904880976,30,328.077851735205,116.65,0.012570083433865,4.56,23268.611
2025-07-30 14:08:00,271998457.402365,-1990064.45744619,42.7404560324372,50,395.98272214159,322.45,0.00759236500282862,4.25,23240.454
2025-07-30 14:09:00,257905574.379985,-1530904.01525288,-30.6477632711919,-53,-2388.24399684855,-1735.99,0.00297230820611629,-15.7,23277.598
2025-07-30 14:10:00,262817076.432362,-1582132.58075612,10.0457951512145,14,-298.292556310848,936.81,-0.0499083613268542,12.13,23269.411
2025-07-30 14:11:00,254774799.686235,-1284421.29574606,-21.2671121772285,4,-383.160970287206,113.6,0.0756863522623307,2,23290.699
2025-07-30 14:12:00,254521383.877967,-1111673.37770224,-17.7870448179272,-28,-287.315225723623,-174.67,-0.0211405972742543,-2.63,23295.105
2025-07-30 14:13:00,251172052.665267,-862159.306753795,-69.0641327404748,-66,-417.363404578335,-644.5,0.0327464551975977,-11.17,23306.123
2025-07-30 14:14:00,249320901.094701,-364749.649081641,126.343210726199,152,1694.75570874739,1227.13,0.112042741050064,16.23,23317.153
2025-07-30 14:15:00,248204847.50714,-788243.476566428,-75.0283397101045,-50,-946.374013384815,-505.43,0.0357915841713368,-9.25,23312.009
2025-07-30 14:16:00,257085727.042936,-1140710.89772587,109.874528841042,93,631.909555741627,698.14,0.153921537936341,12.07,23289.18
2025-07-30 14:17:00,251486521.301244,-1317660.8047792,-212.617974143485,-194,-610.52938060221,-614.32,0.140929781306448,-9.12,23292.619
2025-07-30 14:19:00,253597281.776761,-1213126.57885985,78.1877122877123,56,648.185305694306,577.22,0.0845200717718277,10.71,23288.901
2025-07-30 14:20:00,254026140.579784,-1528846.77212972,51.2506270200388,37,86.225491919845,191.8,0.0156634686623717,3.44,23287.428
2025-07-30 14:21:00,247636110.78652,-1414951.75592866,-35.277718947719,-24,-752.156355910756,-416.89,-0.00566866127007765,-6.65,23297.978
2025-07-30 14:22:00,258570289.886897,-1277342.56752833,56.7048067612213,23,1249.92988111614,422.48,-0.0220104176951656,8.02,23289.575
2025-07-30 14:23:00,262882367.872224,-1883851.23477095,42.6559539371304,31,574.923559726112,396.37,0.0205887093912884,6.79,23266.832
2025-07-30 14:24:00,268182896.978474,-2111475.21601766,1.96392684422595,113,323.72335917808,472.25,-0.0513600344405412,8.09,23256.767
2025-07-30 14:25:00,267119642.050157,-2134586.3918985,23.805986975987,48,123.387017704518,457.95,-0.0540540018035796,9.4,23258.263
2025-07-30 14:26:00,264396521.420725,-2036337.35591161,3.13636363636364,-17,-95.9685454545454,-217.5,-0.0249256607958935,-4.42,23268.435
2025-07-30 14:27:00,271792705.468751,-2063666.46467784,14.4125051759834,12,233.98020621118,220.8,0.0189168878961566,4.27,23256.289
2025-07-30 14:28:00,269842090.353486,-2027128.5959926,26.1862914862915,34,318.735194444444,254.73,0.0137519536804248,5.25,23259.181
2025-07-30 14:29:00,268788860.470562,-2425551.63150771,-35.0799101166571,-24,-520.143197265251,110.35,0.021238623862478,0.409999999999999,23253.757
2025-07-30 14:30:00,262664187.406077,-2324859.80058695,-42.3513257656886,-38,-2204.19941022346,-1708.53,0.0360890287724155,-20.76,23263.062
2025-07-30 14:31:00,260637451.255357,-1929236.58326983,-94.7490991697512,-62,-2757.42989437333,-848.34,0.121967305164024,-15.02,23280.267
2025-07-30 14:32:00,260186410.252448,-1689842.35191011,8.60653179179106,-86,-37.5696373811914,-148.71,-0.188056916043311,-5.97,23284.505
2025-07-30 14:33:00,262411637.909383,-1737636.1787713,-23.9265476190476,-28,-290.68545952381,-315.53,-0.0176383748237736,-6.1,23281.313
2025-07-30 14:34:00,260984776.753515,-1985345.75862333,8.49511904761904,17,-25.0292928571429,-86.35,0.0261278584477937,-1.09,23275.656
2025-07-30 14:35:00,264879419.994502,-1919864.17697562,50.7210714285714,32,51.4988166666665,-34.4,0.084393722783346,-0.0200000000000002,23275.381
2025-07-30 14:36:00,259166520.313842,-1597001.16423534,5.33419913419914,33,37.4920974025976,-51.33,-0.0588334150151731,0.83,23285.201
2025-07-30 14:37:00,263495391.001174,-2122514.18247734,9.5675,19,86.0580916666666,129.11,-0.00941819500339968,3.75,23270.694
2025-07-30 14:38:00,263163890.138417,-2177991.89577418,2.25173160173159,-6,75.577134199134,91.63,0.0425346733121109,1.64,23267.474
2025-07-30 14:39:00,265359153.743526,-2256878.5504398,16.683152173913,32,40.1671847826086,226.48,-0.0220975742122766,5.52,23265.412
2025-07-30 14:40:00,268978147.289147,-2304598.34621143,463.361415819273,233,3118.28344255425,1771.51,0.663854514545309,47.5,23254.452
2025-07-30 14:41:00,264103727.193007,-2057201.81328872,26.8140107376284,8,-93.5451914705883,-137.58,0.078768246040687,-1.69,23265.7
2025-07-30 14:42:00,262068862.719345,-1674789.09637452,37.2885738277853,68,177.191237607143,228.11,-0.0346912807022133,9.21,23278.261
2025-07-30 14:43:00,265044142.568567,-2471892.73170107,25.208652014652,35,277.987607252747,223.41,-0.103814408053582,7.58,23256.071
2025-07-30 14:44:00,266454538.229072,-2373742.55738842,-7.02245056594216,16,-564.768913459751,134.46,-0.0111260371035856,2.79,23260.039
2025-07-30 14:45:00,262080598.583437,-2407307.46234797,37.1262712975098,-146,-228.391651004806,-426.51,-0.211231395552183,-12.33,23265.26
2025-07-30 14:46:00,258222953.834165,-1700210.74692585,4.47331194909508,19,150.13568926094,387.97,-0.0393764982374901,11.72,23282.842
2025-07-30 14:47:00,252612913.54748,-1337380.9336237,9.39325396825396,-2,-516.27746031746,-128.94,0.145108236341706,-4.13,23293.658
2025-07-30 14:48:00,252104978.032557,-1177995.76091511,10.7467529540552,19,-124.262367993174,-238.39,-0.100366175611626,-3.13,23296.008
2025-07-30 14:49:00,261335402.313434,-1463081.09348354,-8.68639971139971,-14,-152.515726911977,-125.83,-0.0304080539757647,-3.88,23288.998
2025-07-30 14:50:00,250823918.555846,-443533.95845983,13.3847812284334,42,-120.633805065563,-59.63,-0.227282525127023,6.87,23311.87
2025-07-30 14:51:00,252437424.431011,-2035.5646240239,-42.9619004524887,-38,-131.205083257919,-224.96,0.211356701369985,-8.48,23317.244
2025-07-30 14:52:00,250698219.384634,-348709.036558909,-20.7250045752434,-36,314.922654880446,352.38,-0.0412477718432699,-13.44,23315.852
2025-07-30 14:53:00,264405862.030026,-508194.447101653,-22.2740982286634,-45,-161.751139452496,-310.21,0.0467118470473501,-14.61,23308.177
2025-07-30 14:54:00,245666718.2053,529618.329461871,13.9055115835508,-20,12.2314689107549,-1068.15,-0.0458655975463039,-16.64,23326.621
2025-07-30 14:55:00,257700505.500332,-1717727.3383897,8.568775106942,51,286.902249625432,559.45,-0.175154985787998,18.65,23299.999
2025-07-30 14:56:00,240597177.882585,-116518.816828247,-17.9772281596235,-33,-82.7077374088963,-242.52,0.123952092530163,-9.19,23325.944
2025-07-30 14:57:00,221284722.285399,1078189.33782843,-66.630069609239,-33,83.0072742920426,-242.41,-0.0819364737580397,-11.36,23339.966
2025-07-30 14:58:00,222517983.378298,1318875.77412421,-1.04025974025974,-2,16.8315324675325,11.95,0.00250181168908308,0.61,23340.163
2025-07-30 14:59:00,166634517.318668,-661439.286629113,12.7622850229021,11,260.431838907614,59.83,0.140453758628361,3.22,23336.881
2025-07-30 15:00:00,211052779.96158,2658857.94824073,3.10589175641807,0,78.781095461627,98.86,-0.0503273292437058,2.21,23345.414
2025-07-30 15:01:00,210829788.05306,2631447.78898909,0,0,0,0,0,0,23345.414
2025-07-30 15:02:00,210363598.2646,2639206.58052105,0,0,0,0,0,0,23345.414
2025-07-30 15:03:00,211716467.973535,2473456.08621853,0,0,0,0,0,0,23345.414
2025-07-30 15:04:00,210857012.731818,2446992.16140226,0,0,0,0,0,0,23345.414
2025-07-30 15:05:00,208476002.371813,2438307.85780208,0,0,0,0,0,0,23345.414
2025-07-30 15:06:00,207575964.449044,2477226.81101208,0,0,0,0,0,0,23345.414
2025-07-30 15:07:00,200453616.592538,2366370.55980928,0,0,0,0,0,0,23345.414
2025-07-30 15:08:00,201458929.030711,2358444.16750316,0,0,0,0,0,0,23345.414
2025-07-30 15:09:00,199471073.290765,2346877.0165342,0,0,0,0,0,0,23345.414
2025-07-30 15:10:00,197832611.559351,2303920.55286931,0,0,0,0,0,0,23345.414
2025-07-30 15:11:00,199266619.568778,2308882.95153688,0,0,0,0,0,0,23345.414
2025-07-30 15:12:00,198738611.799785,2291755.69376878,0,0,0,0,0,0,23345.414
2025-07-30 15:13:00,192339625.823463,2192404.32931758,0,0,0,0,0,0,23345.414
2025-07-30 15:14:00,193811583.738735,2226160.82012031,0,0,0,0,0,0,23345.414
2025-07-30 15:15:00,196808867.271401,2276786.2844118,0,0,0,0,0,0,23345.414
2025-07-30 15:16:00,196619135.022972,2268273.46540305,0,0,0,0,0,0,23345.414
2025-07-30 15:17:00,196430407.854528,2259068.38085234,0,0,0,0,0,0,23345.414
2025-07-30 15:18:00,196244472.229571,2249376.59109554,0,0,0,0,0,0,23345.414
2025-07-30 15:19:00,196056287.005167,2242371.79176043,0,0,0,0,0,0,23345.414
2025-07-30 15:21:00,195872190.89459,2236123.43766529,0,0,0,0,0,0,23345.414
2025-07-30 15:22:00,195674850.873031,2229935.65763718,0,0,0,0,0,0,23345.414
2025-07-30 15:23:00,195473889.689353,2223969.58907515,0,0,0,0,0,0,23345.414
2025-07-30 15:24:00,195266299.322143,2216454.20626622,0,0,0,0,0,0,23345.414
2025-07-30 15:25:00,195051091.237293,2208930.13872195,0,0,0,0,0,0,23345.414
2025-07-30 15:26:00,194834613.320975,2200343.4828214,0,0,0,0,0,0,23345.414
2025-07-30 15:27:00,194619173.455208,2190264.42970535,0,0,0,0,0,0,23345.414
