,570,567,564,561,558,555,552,549,546,543,540,537,534,531,528,525,522,519,516,513,510,507,504,501,498,495,492,489,486,483,480,477,474,471,468,465,462,459,456,453,450,447,444,441,438,435,432,429,426,423,420,417,414,411,408,405,402,399,396,393,390,387,384,381,378,375,372,369,366,363,360,357,354,351,348,345,342,339,336,333,330,327,324,321,318,315,312,309,306,303,300,297,294,291,288,285,282,279,276,273,270,267,264,261,258,255,252,249,246,243,240,237,234,231,228,225,222,219,216,213,210,207,204,201,198,195,192,189,186,183,180,177,174,171,168,165,162,159,156,153,150,147,144,141,138,135,132,129,126,123,120,117,114,111,108,105,102,99,96,93,90,87,84,81,78,75,72,69,66,63,60,57,54,51,48,45,42,39,36,33,30,27,24,21,18,15,12,9,6,3,0
66.75,-20488954658.85128,-20545332962.641968,-20601207557.46399,-20656567459.589306,-20711401725.53902,-20765699463.38929,-20819449844.646305,-20872642116.70987,-20925265615.94544,-20977309781.38493,-21028764169.07657,-21079618467.10484,-21129862511.300804,-21179486301.66477,-21228480019.521564,-21276834045.430283,-21324538977.86939,-21371585652.718697,-21417965163.558777,-21463668882.809025,-21508688483.724583,-21553015963.27253,-21596643665.906254,-21639564308.257786,-21681771004.765263,-21723257294.2536,-21764017167.48352,-21804045095.68481,-21843336060.086075,-21881885582.453503,-21919689756.64811,-21956745281.20892,-21993049492.967533,-22028600401.69657,-22063396725.79114,-22097437928.97965,-22130724258.056152,-22163256781.622143,-22195037429.82157,-22226069035.047127,-22256355373.590706,-22285901208.20437,-22314712331.53206,-22342795610.3636,-22370159030.655872,-22396811743.256035,-22422764110.25244,-22448027751.868164,-22472615593.80082,-22496541914.89912,-22519822395.05397,-22542474163.166363,-22564515845.03844,-22585967611.01744,-22606851223.20201,-22627190082.002296,-22647009271.820763,-22666335605.599216,-22685197667.95108,-22703625856.57033,-22721652421.57995,-22739311502.449966,-22756639162.08212,-22773673417.62098,-22790454267.51255,-22807023714.289608,-22823425782.51772,-22839706531.28887,-22855914060.59739,-22872098510.87977,-22888312054.94036,-22904608881.424915,-22921045168.936653,-22937679049.821423,-22954570562.57376,-22971781591.738163,-22989375794.097298,-23007418509.85191,-23025976657.40581,-23045118610.273006,-23064914054.52296,-23085433825.075245,-23106749719.0435,-23128934284.214905,-23152060580.631767,-23176201913.11907,-23201431532.47423,-23227822302.905823,-23255446333.17405,-23284374568.750748,-23314676342.180008,-23346418878.682865,-23379666753.91388,-23414481300.642365,-23450919961.00164,-23489035580.823944,-23528875642.463684,-23570481432.404133,-23613887139.8523,-23659118882.451103,-23706193655.18476,-23755118198.52638,-23805887781.88067,-23858484898.416206,-23912877867.468025,-23969019340.82954,-24026844709.45224,-24086270407.3429,-24147192109.801723,-24209482823.59405,-24272990867.2084,-24337537740.039764,-24402915880.16817,-24468886311.39984,-24535176181.423367,-24601476194.33399,-24667437942.42266,-24732671144.04632,-24796740796.62796,-24859164256.41904,-24919408259.639366,-1.5033568407926387e-40,-2.6165691580211307e-41,-4.320128395268828e-42,-6.7501062333728376e-43,-9.955541653839417e-44,-1.3822318166507093e-44,-1.7776897661852561e-44,-2.2504750736046945e-45,-2.6605750851967613e-46,-2.9273137952982933e-47,-2.9865076562982127e-48,-2.814211732504141e-49,-2.439086875899344e-50,-1.9356347570357342e-51,-1.3997527173217077e-52,-9.176177015782775e-54,-5.4229499470986335e-55,-2.87188598167966e-56,-1.354086371361599e-57,-5.644659909623706e-59,-2.0647048763459742e-60,-6.5727867189521735e-62,-1.804894668830423e-63,-4.234169416382363e-65,-8.397082507674954e-67,-1.3917019075694575e-68,-1.9035795938716923e-70,-2.1194958288360006e-72,-1.89224495073134e-74,-1.3322811542371894e-76,-7.263373639809577e-79,-3.004812495099648e-81,-9.223471022806492e-84,-2.049027542320461e-86,-3.204188041651687e-89,-3.4192057136241296e-92,-2.4046634390285912e-95,-1.0717632796668792e-98,-2.8963850699991072e-102,-4.513998026781034e-106,-3.8321653014505523e-110,-1.660327068957204e-114,-3.406440297335987e-119,-3.035649571286232e-124,-1.0629811151740766e-129,-1.3011975913693287e-135,-4.853871030042982e-142,-4.691345910703422e-149,-9.684513761951737e-157,-3.3864710379232906e-165,-1.5150101154137483e-174,-6.153041093009826e-185,-25148400387.609993,-27490216333.833084,-29948948754.584576,-32477588828.928715,-34996500211.662384,-37377997190.992485,-39425350723.24555,-40846289846.97088,-41224909392.21805,-40006511695.07619,-36535657256.005554,-30241184092.937916,-21138340055.038094,-10765865297.939606,-2790545856.0976267,-119950228.4459659,-2468.400529366579,0.0
66.5,-20844198365.26753,-20906647367.618843,-20968596875.267605,-21030034318.04085,-21090947122.506264,-21151322723.14845,-21211148574.18037,-21270412162.014668,-21329101018.42061,-21387202734.39389,-21444704974.76556,-21501595493.578484,-21557862150.259502,-21613492926.61649,-21668475944.68964,-21722799485.487617,-21776452008.638683,-21829422172.988503,-21881698858.17577,-21933271187.217854,-21984128550.138737,-22034260628.67155,-22083657422.06846,-22132309274.05076,-22180206900.931526,-22227341420.94369,-22273704384.805443,-22319287807.555103,-22364084201.686264,-22408086611.614185,-22451288649.50248,-22493684532.47854,-22535269121.264942,-22576037960.251568,-22615987319.03207,-22655114235.42572,-22693416560.00282,-22730893002.129368,-22767543177.54271,-22803367657.46663,-22838368019.26948,-22872546898.664207,-22905908043.44422,-22938456368.741734,-22970198013.789818,-23001140400.16075,-23031292291.44583,-23060663854.33141,-23089266721.01738,-23117114052.911137,-23144220605.519764,-23170602794.44789,-23196278762.395035,-23221268447.02951,-23245593649.59799,-23269278104.1113,-23292347546.92488,-23314829786.509888,-23336754773.18593,-23358154668.55889,-23379063914.37801,-23399519300.494133,-23419560031.566826,-23439227792.129368,-23458566809.58168,-23477623914.63572,-23496448598.69145,-23515093067.570568,-23533612290.97907,-23552064047.0124,-23570508960.95131,-23589010537.530266,-23607635185.78517,-23626452235.510487,-23645533944.270622,-23664955493.82124,-23684794974.700764,-23705133357.649506,-23726054450.405697,-23747644838.31216,-23769993807.04418,-23793193245.64001,-23817337527.87688,-23842523369.89081,-23868849661.785297,-23896417270.812523,-23925328813.542187,-23955688394.25572,-23987601306.619564,-24021173695.49821,-24056512175.5694,-24093723403.19701,-24132913597.80629,-24174188008.788445,-24217650323.74168,-24263402013.631863,-24311541610.232883,-24362163910.982925,-24415359106.17528,-24471211823.18888,-24529800082.262287,-24591194158.12667,-24655455341.644302,-24722634595.45495,-24792771097.518425,-24865890666.366825,-24942004061.85139,-25021105155.197124,-25103168962.274857,-25188149534.176952,-25275977699.455486,-25366558652.766376,-25459769385.177963,-25555455952.07088,-25653430575.401096,-25753468578.14711,-25855305150.047497,-25958631945.29108,-26063093514.68757,-26168283577.06893,-26273741137.29761,-6.033136737719048e-40,-1.0720095404987896e-40,-1.8080758225676176e-41,-2.887782935697932e-42,-4.3565843602037625e-43,-6.191509013171799e-44,-7.940922340190459e-44,-1.0301360375039976e-44,-1.2489613466841422e-45,-1.4104605872296208e-46,-1.4782815712413463e-47,-1.4323714493594086e-48,-1.2777804833798035e-49,-1.0447923396326912e-50,-7.793048421230083e-52,-5.27552206054673e-53,-3.2233923781505677e-54,-1.7671579451448992e-55,-8.637231480023234e-57,-3.737754551871695e-58,-1.4214736990266617e-59,-4.712406132636519e-61,-1.3499162007718686e-62,-3.3096592102642105e-64,-6.873138770751843e-66,-1.1953474682157172e-67,-1.7195440371590878e-69,-2.018420824575345e-71,-1.9046371661310802e-73,-1.4213116101774842e-75,-8.237313912013396e-78,-3.6342598176154944e-80,-1.1938649876721476e-82,-2.8490995889488735e-85,-4.8056695385505934e-88,-5.55611314252834e-91,-4.254218263953187e-94,-2.0753503104961952e-97,-6.174569361412413e-101,-1.0662361564220561e-104,-1.0100660166313724e-108,-4.921682567025107e-113,-1.1455498215996663e-117,-1.1694264888790984e-122,-4.74215289825722e-128,-6.805071102382279e-134,-3.017313684480363e-140,-3.521231228791809e-147,-8.935860732831622e-155,-3.921331303444624e-163,-2.2548160763241528e-172,-1.2103387791008143e-182,-24501276809.066307,-26226970530.005943,-27931699003.77689,-29546214608.87705,-30970412209.645027,-32063372470.724556,-32632640708.388626,-32426021002.221966,-31134151745.67834,-28422102615.37305,-24025311722.21559,-17964031788.4266,-10908511110.806269,-4507077274.967019,-826316207.8643643,-17829095.99682319,-46.69722914562519,0.0
66.25,-21149951065.57213,-21218892471.30696,-21287349753.62577,-21355308787.15791,-21422755391.30651,-21489675340.783947,-21556054376.826748,-21621878219.120247,-21687132578.46398,-21751803170.21024,-21815875728.5088,-21879336021.39239,-21942169866.73801,-22004363149.14056,-22065901837.736565,-22126772005.01612,-22186959846.662888,-22246451702.462906,-22305234078.32351,-22363293669.445625,-22420617384.69243,-22477192372.199623,-22533006046.27228,-22588046115.615,-22642300612.9423,-22695757926.017136,-22748406830.16594,-22800236522.31936,-22851236656.62778,-22901397381.701687,-22950709379.52638,-22999163906.10104,-23046752833.8517,-23093468695.8673,-23139304732.0074,-23184254936.929184,-23228314110.080345,-23271477907.70256,-23313742896.88902,-23355106611.736576,-23395567611.630985,-23435125541.69999,-23473781195.46594,-23511536579.72484,-23548394981.67429,-23584361038.30672,-23619440808.07869,-23653641844.85902,-23686973274.15132,-23719445871.5764,-23751072143.59144,-23781866410.40948,-23811844891.071945,-23841025790.612457,-23869429389.233257,-23897078133.40136,-23923996728.74929,-23950212234.646843,-23975754160.286217,-24000654562.09788,-24024948142.2863,-24048672348.2458,-24071867472.581425,-24094576753.425243,-24116846474.69805,-24138726065.923058,-24160268201.15153,-24181528896.509064,-24202567605.81493,-24223447313.6677,-24244234625.32336,-24264999852.62267,-24285817095.14631,-24306764315.69476,-24327923409.098747,-24349380263.271,-24371224811.30443,-24393551073.31105,-24416457186.574303,-24440045422.45933,-24464422188.38581,-24489698013.02057,-24515987512.68748,-24543409336.82321,-24572086090.12591,-24602144228.85177,-24633713928.509914,-24666928919.987907,-24701926290.911945,-24738846248.801075,-24777831842.31976,-24819028636.66336,-24862584338.828228,-24908648368.223007,-24957371367.768803,-25008904650.316784,-25063399574.87941,-25121006846.83121,-25181875735.88543,-25246153205.2965,-25313982945.379112,-25385504304.073326,-25460851106.92696,-25540150358.51548,-25623520816.97976,-25711071433.042053,-25802899644.563915,-25899089517.44953,-25999709723.47961,-26104811345.498905,-26214425500.28689,-26328560769.432587,-26447200428.62554,-26570299465.991337,-26697781380.45933,-26829534751.68356,-26965409573.773304,-27105213346.06333,-27248706915.404297,-27395600066.02756,-27545546854.986027,-2.4137118592632213e-39,-4.37831925848397e-40,-7.543268780838854e-41,-1.2314632936968469e-41,-1.900245722318542e-42,-2.764224454461167e-43,-3.535489965386689e-43,-4.6995515819087105e-44,-5.843068763344479e-45,-6.772475483818963e-46,-7.291568994940187e-47,-7.264395465479425e-48,-6.6696634130221616e-49,-5.618599104957907e-50,-4.322417883933115e-51,-3.0213650747921582e-52,-1.908510398074729e-53,-1.0830682594017171e-54,-5.487092893001789e-56,-2.4648432417131108e-57,-9.745178012355272e-59,-3.3641014777135585e-60,-1.0052092788219547e-61,-2.575448752088821e-63,-5.6000830102377625e-65,-1.021905967422596e-66,-1.5458897464491989e-68,-1.9127832684989117e-70,-1.9075311793241196e-72,-1.5085311775055477e-74,-9.292846803515349e-77,-4.3719172348364677e-79,-1.5367799125694931e-81,-3.939108403659608e-84,-7.165580733730641e-87,-8.974403140593275e-90,-7.479912517405211e-93,-3.993126268042295e-96,-1.3076714331002503e-99,-2.5014608092840346e-103,-2.643648875900844e-107,-1.4483553966879376e-111,-3.8234371725676987e-116,-4.469895251288517e-121,-2.0984331788727994e-126,-3.52896217311158e-132,-1.859175390753728e-138,-2.6187121185534363e-145,-8.165883947966734e-153,-4.494912843027935e-161,-3.320319320008195e-170,-2.354200299963319e-180,-22784801734.1764,-23894046886.587013,-24880202963.843006,-25668217705.86114,-26159583442.33306,-26228772131.918438,-25722597706.903088,-24466980218.220306,-22289462590.66636,-19071304502.718235,-14847006591.131207,-9957931742.803959,-5199679898.079243,-1715559924.690067,-216582013.22471672,-2221646.1248358935,-0.6283647822509958,0.0
66.0,-21400447618.286407,-21476288290.840443,-21551672712.614365,-21626585281.289474,-21701010279.61637,-21774931884.769497,-21848334178.40093,-21921201157.427746,-21993516745.588463,-22065264805.805748,-22136429153.39349,-22206993570.14841,-22276941819.36721,-22346257661.832447,-22414924872.811195,-22482927260.11292,-22550248683.25349,-22616873073.775185,-22682784456.772984,-22747966973.67997,-22812404906.36587,-22876082702.60447,-22938985002.96747,-23001096669.20395,-23062402814.166145,-23122888833.34405,-23182540438.072803,-23241343690.478405,-23299285040.228928,-23356351363.15948,-23412530001.84125,-23467808808.165104,-23522176188.012543,-23575621148.086983,-23628133344.979416,-23679703136.543625,-23730321635.65574,-23779980766.433872,-23828673322.993443,-23876393030.81301,-23923134610.785503,-23968893846.02782,-24013667651.52141,-24057454146.65338,-24100252730.7259,-24142064161.498592,-24182890636.82477,-24222735879.437546,-24261605224.93788,-24299505713.028515,-24336446182.033302,-24372437366.730385,-24407491999.520905,-24441624914.94276,-24474853157.527195,-24507196092.98313,-24538675522.67765,-24569315801.36484,-24599143958.095665,-24628189820.220016,-24656486140.368256,-24684068726.27316,-24710976573.26372,-24737251999.22975,-24762940781.820103,-24788092297.59821,-24812759662.83421,-24836999875.565903,-24860873958.507008,-24884447102.32472,-24907788808.743526,-24930973032.86556,-24954078324.01898,-24977187964.366577,-25000390104.41451,-25023777894.464447,-25047449610.945766,-25071508776.44851,-25096064272.15294,-25121230441.215137,-25147127181.52164,-25173880026.06645,-25201620209.03268,-25230484715.475346,-25260616312.30308,-25292163558.041225,-25325280788.629154,-25360128076.25651,-25396871157.97913,-25435681330.57156,-25476735307.77111,-25520215035.74576,-25566307462.275787,-25615204254.774376,-25667101461.88753,-25722199113.005165,-25780700749.586456,-25842812881.74948,-25908744363.10268,-25978705676.30032,-26052908121.288773,-26131562897.6781,-26214880072.120632,-26303067421.01622,-26396329138.28525,-26494864397.370327,-26598865756.04063,-26708517391.994617,-26823993156.686512,-26945454434.254936,-27073047791.91415,-27206902407.695385,-27347127261.01036,-27493808071.168484,-27647003968.735607,-27806743884.494747,-27973022640.78983,-28145796730.228683,-28324979767.13,-28510437597.761715,-28701983056.38129,-9.626417106799275e-39,-1.7825184505768044e-39,-3.136899625088034e-40,-5.23427044894175e-41,-8.260953935012536e-42,-1.2299438523290485e-42,-1.5687943378351798e-42,-2.136649989118996e-43,-2.7241107407123045e-44,-3.2404218277782465e-45,-3.583665597673385e-46,-3.670795091214999e-47,-3.4685000005620257e-48,-3.0101528183512318e-49,-2.38825047306926e-50,-1.7236336302330093e-51,-1.1255090859232473e-52,-6.61115510987856e-54,-3.4715050715535835e-55,-1.618605139533154e-56,-6.652390627618609e-58,-2.3910844274917537e-59,-7.451890194671967e-61,-1.994995651887382e-62,-4.5416172776215467e-64,-8.694803888422028e-66,-1.3830220711012058e-67,-1.8036665854204508e-69,-1.9007113474279747e-71,-1.5927606741029562e-73,-1.0427652213509959e-75,-5.230495834947385e-78,-1.9670719735402403e-80,-5.414695091563249e-83,-1.0620978195859264e-85,-1.4407261488497965e-88,-1.3068804915378306e-91,-7.633322135261403e-95,-2.7509356402505903e-98,-5.8281242841419365e-102,-6.869909375837242e-106,-4.230786106650351e-110,-1.2663723508486831e-114,-1.6949752370469698e-119,-9.209167335154897e-125,-1.814344162171995e-130,-1.1353205263584454e-136,-1.9293212112969705e-143,-7.389282803504893e-151,-5.099538341886543e-159,-4.836574188209027e-168,-4.527002413529862e-178,-20353838224.809353,-20907573636.371487,-21277023809.665127,-21394656634.0575,-21179474872.945473,-20538881724.15763,-19375250352.55802,-17601024182.439312,-15167826890.8917,-12115380635.965065,-8640166565.588163,-5160026756.425072,-2292536275.081387,-594332226.7509462,-50275277.430433646,-232026.14793915197,-0.00600083116787728,0.0
65.75,-21589499538.83867,-21672620261.0051,-21755326378.859905,-21837600944.69567,-21919426829.592472,-22000786731.043404,-22081663181.27113,-22162038556.27295,-22241895085.632942,-22321214863.14193,-22399979858.26757,-22478171928.51847,-22555772832.74868,-22632764245.450226,-22709127772.08388,-22784844965.499763,-22859897343.50236,-22934266407.61584,-23007933663.10857,-23080880640.337017,-23153088917.472843,-23224540144.678417,-23295216069.7983,-23365098565.63796,-23434169658.9018,-23502411560.866688,-23569806699.86862,-23636337755.683456,-23701987695.88469,-23766739814.264767,-23830577771.40805,-23893485637.506386,-23955447937.511738,-24016449698.721428,-24076476500.894978,-24135514529.00368,-24193550628.71628,-24250572364.72609,-24306568082.027523,-24361526970.25101,-24415439131.167545,-24468295649.47507,-24520088666.9805,-24570811460.29109,-24620458522.13028,-24669025646.392044,-24716510017.04833,-24762910301.02173,-24808226745.135468,-24852461277.24841,-24895617611.681664,-24937701359.03722,-24978720140.505703,-25018683706.752987,-25057604061.46831,-25095495589.648224,-25132375190.67973,-25168262416.27439,-25203179613.29164,-25237152071.473133,-25270208176.092403,-25302379565.50362,-25333701293.549644,-25364211996.76375,-25393954066.269894,-25422973824.25335,-25451321704.83641,-25479052439.15342,-25506225244.37225,-25532904016.35997,-25559157525.63248,-25585059616.166504,-25610689406.582195,-25636131493.129337,-25661476153.82492,-25686819552.998543,-25712263945.399742,-25737917878.90961,-25763896394.778027,-25790321224.172527,-25817320979.67998,-25845031340.24168,-25873595227.82907,-25903162973.977203,-25933892474.08709,-25965949327.18404,-25999506958.57588,-26034746722.59125,-26071857982.29341,-26111038162.75601,-26152492774.15489,-26196435400.571102,-26243087650.01389,-26292679060.75717,-26345446958.63804,-26401636259.48793,-26461499210.35717,-26525295062.64854,-26593289669.695763,-26665755000.705368,-26742968562.326595,-26825212718.42291,-26912773897.887623,-27005941679.579964,-27105007742.65287,-27210264669.70427,-27322004589.30952,-27440517643.589005,-27566090265.53348,-27699003249.85698,-27839529600.178547,-27987932134.358486,-28144460828.84112,-28309349881.89635,-28482814474.7217,-28665047208.48064,-28856214194.5333,-29056450774.386475,-29265856845.276707,-29484491766.841373,-29712368824.06066,-3.826981492854291e-38,-7.233584614414618e-39,-1.3002129672212156e-39,-2.217394541251181e-40,-3.579162579386311e-41,-5.4538859194095747e-42,-6.937353161701023e-42,-9.680520426133756e-43,-1.2655318837385658e-43,-1.5448831966121217e-44,-1.7548845363816092e-45,-1.848030349528218e-46,-1.7969689074919996e-47,-1.6065044855238302e-48,-1.3144276466379643e-49,-9.794000349611185e-51,-6.610669550253939e-52,-4.018909166102014e-53,-2.187100291035928e-54,-1.0583581255888119e-55,-4.521360247836927e-57,-1.6919436147464297e-58,-5.499227386607843e-60,-1.5382065428358464e-61,-3.665783391804351e-63,-7.362128697532681e-65,-1.2311951932188429e-66,-1.6921705949859163e-68,-1.884108162245045e-70,-1.672773112581149e-72,-1.1637425275700593e-74,-6.222797759690238e-77,-2.5034373735542025e-79,-7.39929661408827e-82,-1.5647558765994243e-84,-2.2985324758845034e-87,-2.268759088152277e-90,-1.449579652921134e-93,-5.747771161468708e-97,-1.34835547530629e-100,-1.772292173896849e-104,-1.226572615092768e-108,-4.161751369456471e-113,-6.375414793713499e-118,-4.00761721079303e-123,-9.246620312308555e-129,-6.869803223094176e-135,-1.4078979472570026e-141,-6.619976810545062e-149,-5.7250766516328834e-157,-6.967868144749891e-166,-8.604368664854529e-176,-17538802549.675663,-17637727805.857876,-17529808118.673714,-17163502977.748503,-16483542744.264004,-15436152656.457985,-13978880253.544542,-12097161233.630033,-9829320632.755798,-7298627971.778776,-4741687317.200472,-2502426399.818415,-935788279.0362321,-187508128.33495337,-10337347.331211476,-20298.419050100278,-4.0567604387393634e-05,0.0
65.5,-21710512823.450943,-21801255790.77297,-21891640726.2615,-21981649526.98681,-22071263837.55515,-22160465055.47168,-22249234337.15622,-22337552604.650795,-22425400553.05949,-22512758658.76379,-22599607188.457264,-22685926209.04713,-22771695598.471493,-22856895057.48341,-22941504122.455948,-23025502179.26402,-23108868478.302067,-23191582150.69902,-23273622225.79455,-23354967649.944,-23435597306.72188,-23515490038.59703,-23594624670.155643,-23672980032.95175,-23750534992.06816,-23827268474.47368,-23903159499.266914,-23978187209.89997,-24052330908.478973,-24125570092.242867,-24197884492.32476,-24269254114.90523,-24339659284.86988,-24409080692.08819,-24477499440.434982,-24544897099.67907,-24611255760.368904,-24676558091.84827,-24740787403.540245,-24803927709.64033,-24865963797.365547,-24926881298.908222,-24986666767.249203,-25045307755.986664,-25102792903.34238,-25159112020.508747,-25214256184.504345,-25268217835.70691,-25320990880.23694,-25372570797.364365,-25422954752.114536,-25472141713.24836,-25520132576.79294,-25566930295.296936,-25612540012.98373,-25656969206.97302,-25700227834.73616,-25742328487.946632,-25783286552.87941,-25823120377.50454,-25861851445.41001,-25899504556.67672,-25936108015.813065,-25971693826.83964,-26006297895.594345,-26039960239.30452,-26072725203.44585,-26104641685.87731,-26135763368.20508,-26166148954.290665,-26195862415.770267,-26224973244.404865,-26253556711.02019,-26281694130.73416,-26309473134.0956,-26336987943.679348,-26364339655.59279,-26391636525.249752,-26418994256.65789,-26446536294.34349,-26474394116.90207,-26502707531.01537,-26531624964.60941,-26561303757.64804,-26591910448.85739,-26623621056.456978,-26656621350.7344,-26691107116.036434,-26727284399.46295,-26765369743.23492,-26805590397.36509,-26848184508.88614,-26893401283.484344,-26941501114.94384,-26992755677.3273,-27047447974.297565,-27105872339.42108,-27168334380.685223,-27235150861.803616,-27306649512.174744,-27383168756.596584,-27465057355.02139,-27552673941.75593,-27646386452.574062,-27746571427.20409,-27853613173.586,-27967902779.156715,-28089836953.21777,-28219816683.167133,-28358245686.034668,-28505528635.351955,-28662069141.912968,-28828267465.44434,-29004517932.610928,-29191206035.136765,-29388705180.13504,-29597373063.022224,-29817547631.6567,-30049542608.605915,-30293642536.73226,-30550097311.618298,-1.5164759463013317e-37,-2.925773569148308e-38,-5.371251913164165e-39,-9.361724808721869e-40,-1.5453861209243074e-40,-2.4099540600537867e-41,-3.057075728394709e-41,-4.370440206882084e-42,-5.858121371891789e-43,-7.338404876133988e-44,-8.561614414137091e-45,-9.268668318283597e-46,-9.274083650965868e-47,-8.540400373896405e-48,-7.205541970243887e-49,-5.542651696791226e-50,-3.8668044274181994e-51,-2.43285439518467e-52,-1.372025362802125e-53,-6.89018703530099e-55,-3.0593539503089368e-56,-1.1918103798941726e-57,-4.039490693502596e-59,-1.1804149293839752e-60,-2.944598966845119e-62,-6.203029543596939e-64,-1.0905187326360037e-65,-1.579391256261874e-67,-1.8578044705620455e-69,-1.7473190484656816e-71,-1.2915678132281806e-73,-7.361336090381284e-76,-3.1674968919468167e-78,-1.005081050916426e-80,-2.2911323836135256e-83,-3.643882743615119e-86,-3.912945434729838e-89,-2.7343036188910088e-92,-1.192620654918413e-95,-3.0971719896957143e-99,-4.538367517038149e-103,-3.528845772239476e-107,-1.3568657890010769e-111,-2.3783134626897958e-116,-1.7291263623004335e-121,-4.6705533144641514e-127,-4.118377092697927e-133,-1.017449303090887e-139,-5.870665468152121e-147,-6.359021973514489e-155,-9.926119517926712e-164,-1.6161324284501056e-173,-14619883423.335323,-14382907312.58834,-13947635189.447153,-13281837798.41966,-12357045833.07311,-11154834230.558374,-9676353316.677681,-7955433015.294297,-6073970470.847305,-4174365296.851766,-2456352058.552837,-1136662831.0493946,-353832370.68247837,-53888091.23144693,-1882461.3423185442,-1486.2131254552899,-1.9359334886822433e-07,0.0
65.25,-21756517404.21788,-21855172540.073647,-21953542120.889145,-22051607141.18718,-22149348268.849503,-22246745847.722275,-22343779900.80521,-22440430134.06341,-22536675940.902725,-22632496407.351585,-22727870317.99476,-22822776162.706635,-22917192144.23413,-23011096186.68219,-23104465944.957176,-23197278815.22631,-23289511946.454857,-23381142253.08485,-23472146428.92317,-23562500962.30992,-23652182152.64128,-23741166128.32498,-23829428866.25011,-23916946212.857044,-24003693906.897224,-24089647603.976887,-24174782902.9832,-24259075374.495773,-24342500591.29127,-24425034161.053825,-24506651761.408978,-24587329177.403816,-24667042341.56196,-24745767376.64695,-24823480641.273792,-24900158778.51393,-24975778767.64526,-25050317979.204502,-25123754233.506287,-25196065862.798515,-25267231777.231773,-25337231534.82516,-25406045415.619747,-25473654500.215466,-25540040752.896008,-25605187109.551308,-25669077570.615658,-25731697299.24432,-25793032724.95971,-25853071653.00345,-25911803379.63752,-25969218813.64312,-26025310604.27134,-26080073275.90558,-26133503369.69892,-26185599592.454983,-26236362973.02278,-26285797026.479355,-26333907926.37448,-26380704685.312645,-26426199344.145523,-26470407170.046177,-26513346863.73123,-26555040776.09103,-26595515134.47893,-26634800278.900288,-26672930908.326008,-26709946337.34073,-26745890763.3119,-26780813544.243748,-26814769487.44883,-26847819149.13635,-26880029144.975945,-26911472471.6499,-26942228839.35292,-26972385015.13839,-27002035176.9406,-27031281278.023464,-27060233421.51828,-27089010244.611137,-27117739311.829487,-27146557516.74926,-27175611491.30258,-27205058021.707348,-27235064469.863106,-27265809198.86047,-27297482001.03241,-27330284526.732635,-27364430711.757545,-27400147201.029427,-27437673765.830826,-27477263711.515743,-27519184272.22496,-27563716988.69157,-27611158064.74085,-27661818697.55749,-27716025376.21344,-27774120142.312466,-27836460805.91468,-27903421109.144745,-27975390829.06165,-28052775810.46947,-28135997918.369576,-28225494898.695805,-28321720134.82358,-28425142286.10112,-28536244793.307453,-28655525234.494152,-28783494513.1081,-28920675858.61872,-29067603618.07611,-29224821815.1066,-29392882450.799583,-29572343518.755787,-29763766704.2455,-29967714734.96811,-30184748348.30608,-30415422837.23463,-30660284134.18015,-30919864389.126163,-31194676995.14923,-5.989310171833282e-37,-1.1794234312165244e-37,-2.211350670033774e-38,-3.9388403499837866e-39,-6.649210508482088e-40,-1.0611240638446e-40,-1.3423815502862011e-40,-1.9660075247364128e-41,-2.701795683215701e-42,-3.4728904092549936e-43,-4.161211933605895e-44,-4.630793232041945e-45,-4.767635663471906e-46,-4.522170310729825e-47,-3.934039735946968e-48,-3.1238184856192482e-49,-2.252356425561192e-50,-1.4664537264286836e-51,-8.569682682501822e-53,-4.4658277536124267e-54,-2.0607479452011018e-55,-8.356479137933019e-57,-2.9532832788481357e-58,-9.014988232385828e-60,-2.353698856840428e-61,-5.200230389327359e-63,-9.60966736256915e-65,-1.4664007980822605e-66,-1.8220378670058815e-68,-1.8151551274274815e-70,-1.425358498421364e-72,-8.657874215565774e-75,-3.9839419864205725e-77,-1.356935070087979e-79,-3.3337044951879105e-82,-5.739487353935058e-85,-6.703954362251085e-88,-5.122416992627943e-91,-2.4571672455214604e-94,-7.062451891971799e-98,-1.1534162738531055e-101,-1.0073475055572394e-105,-4.3881505951255674e-110,-8.797935392781425e-115,-7.395623355539165e-120,-2.3377914652697385e-125,-2.445631970695154e-131,-7.280366777224239e-138,-5.152467001585048e-145,-6.986735823044934e-153,-1.3979403344826904e-161,-2.999105557521173e-171,-11812845614.087816,-11358645094.439987,-10735670650.22205,-9930012270.849749,-8935870013.749762,-7761065542.4220495,-6434007111.49018,-5011169226.30761,-3582397870.9659405,-2268444331.272709,-1201917139.215822,-483804875.14082265,-123964468.8171577,-14107702.460247213,-303492.5501238055,-90.97719181375864,-6.501674878618399e-10,0.0
65.0,-21720209609.58337,-21826999841.368027,-21933593646.11761,-22039971433.11384,-22146113210.34282,-22251998583.913017,-22357606757.956844,-22462916535.053555,-22567906317.212097,-22672554107.456474,-22776837512.05651,-22880733743.45138,-22984219623.91453,-23087271590.01216,-23189865697.910004,-23291977629.58645,-23393582700.01288,-23494655865.366104,-23595171732.34051,-23695104568.63213,-23794428314.669964,-23893116596.67461,-23991142741.12764,-24088479790.741127,-24185100522.019703,-24280977464.5136,-24376082921.86582,-24470388994.76196,-24563867605.896896,-24656490527.07816,-24748229408.59241,-24839055810.96674,-24928941239.264786,-25017857180.06256,-25105775141.257687,-25192666694.87236,-25278503523.01794,-25363257467.19776,-25446900581.13247,-25529405187.300884,-25610743937.39849,-25690889876.924324,-25769816514.11729,-25847497893.471664,-25923908674.072346,-25999024213.000187,-26072820654.068302,-26145275022.161182,-26216365323.459023,-26286070651.840733,-26354371301.771137,-26421248887.98733,-26486686472.31285,-26550668697.93798,-26613181931.516083,-26674214413.43806,-26733756416.656536,-26791800414.443024,-26848341257.4714,-26903376360.630512,-26956905899.97776,-27008933020.25444,-27059464053.389664,-27108508748.42726,-27156080513.3132,-27202196668.98561,-27246878716.209167,-27290152615.59586,-27332049081.249146,-27372603888.463703,-27411858195.90022,-27449858882.64455,-27486658900.538406,-27522317642.14914,-27556901324.714737,-27590483390.367046,-27623144922.89272,-27654975081.242126,-27686071549.93721,-27716541006.45982,-27746499605.622417,-27776073480.82988,-27805399262.03476,-27834624610.066185,-27863908766.873363,-27893423121.06649,-27923351787.95831,-27953892203.106697,-27985255728.130657,-28017668267.31396,-28051370893.22316,-28086620479.242493,-28123690336.56778,-28162870852.7969,-28204470128.8065,-28248814610.10328,-28296249708.28453,-28347140407.625526,-28401871851.131424,-28460849899.635742,-28524501656.696407,-28593275951.12235,-28667643767.95167,-28748098617.592503,-28835156831.61496,-28929357772.34486,-29031263941.94152,-29141460975.03853,-29260557497.273487,-29389184830.11979,-29527996520.35274,-29677667670.21604,-29838894041.89617,-30012390907.245045,-30198891610.80431,-30399145811.06647,-30613917361.540287,-30843981789.56632,-31090123326.930813,-31353131442.148827,-31633796819.812737,-2.357514766040543e-36,-4.738212602842985e-37,-9.072652268640248e-38,-1.651405001246942e-38,-2.85071205464932e-39,-4.655330713733031e-40,-5.873209270672569e-40,-8.811515177830078e-41,-1.2414435353451582e-41,-1.637324975116563e-42,-2.0147055930369706e-43,-2.3045879606701813e-44,-2.4412162438716736e-45,-2.3848276756338107e-46,-2.139052384759237e-47,-1.7532046853882253e-48,-1.306373888547735e-49,-8.800992149301238e-51,-5.328961408782739e-52,-2.8814489820978274e-53,-1.3817176050512416e-54,-5.831743456340381e-56,-2.148821957400438e-57,-6.851230223097284e-59,-1.8719864773085588e-60,-4.337309846526715e-62,-8.42388705968414e-64,-1.354228788014901e-65,-1.777199007900668e-67,-1.8750751066263077e-69,-1.5639884450720202e-71,-1.012288674110456e-73,-4.980589824849943e-76,-1.8206092428678663e-78,-4.819792819574655e-81,-8.981035069318253e-84,-1.1408230208479724e-86,-9.529567571213461e-90,-5.0262198657950585e-93,-1.598519644030495e-96,-2.9089460304409313e-100,-2.85280584517224e-104,-1.407494942060356e-108,-3.2268434512224173e-113,-3.1351782533207637e-118,-1.1593761906396429e-123,-1.4383523420567418e-129,-5.1572158264563354e-136,-4.4746511340552905e-143,-7.591862873126489e-151,-1.9459782070868866e-159,-5.497549701177202e-169,-9265464303.607319,-8699039015.684008,-8004000347.356267,-7180934503.106089,-6239848398.823125,-5203884499.651165,-4112940386.3496146,-3025766985.288188,-2017934080.9613504,-1171884411.6279685,-555725434.739479,-193014057.80584884,-40244802.938100874,-3363861.0351488236,-43295.365817597994,-4.650309784141633,-1.531740817746278e-12,0.0
64.75,-21594008920.68152,-21709074611.750496,-21824050110.47743,-21938915622.820084,-22053650881.108536,-22168235139.93484,-22282647172.39788,-22396865266.73667,-22510867223.38853,-22624630352.50978,-22738131472.0,-22851346906.07259,-22964252484.4178,-23076823542.006744,-23189034919.58818,-23300860964.932934,-23412275534.884163,-23523251998.2753,-23633763239.781136,-23743781664.771515,-23853279205.2411,-23962227326.89334,-24070597037.461014,-24178358896.350773,-24285483025.704136,-24391939122.973022,-24497696475.112686,-24602723974.5023,-24706990136.708023,-24810463120.21135,-24913110748.231537,-25014900532.778526,-25115799701.080017,-25215775224.53516,-25314793850.35409,-25412822136.053368,-25509826486.984425,-25605773197.08333,-25700628493.03938,-25794358582.090546,-25886929703.66521,-25978308185.100506,-26068460501.67991,-26157353341.24481,-26244953673.648205,-26331228825.33121,-26416146559.31873,-26499675160.942665,-26581783529.619,-26662441277.01761,-26741618831.98292,-26819287552.576885,-26895419845.63588,-26969989294.248493,-27042970793.580307,-27114340695.490044,-27184076962.400307,-27252159330.905243,-27318569485.617004,-27383291243.77291,-27446310751.143944,-27507616689.807125,-27567200498.361443,-27625056605.1888,-27681182675.37953,-27735579871.96098,-27788253132.08512,-27839211458.849125,-27888468229.437,-27936041520.286224,-27981954449.9939,-28026235540.688618,-28068919098.59974,-28110045614.56192,-28149662185.1909,-28187822955.464752,-28224589583.43412,-28260031727.77069,-28294227558.841965,-28327264293.97012,-28359238757.495724,-28390257966.218136,-28420439740.725872,-28449913343.05656,-28478820141.041023,-28507314299.58105,-28535563498.989937,-28563749680.38117,-28592069817.9262,-28620736717.608665,-28649979841.882343,-28680046159.385784,-28711201018.57632,-28743729043.815125,-28777935052.05906,-28814144987.88901,-28852706874.1218,-28893991774.70948,-28938394766.01815,-28986335911.88968,-29038261237.118977,-29094643693.117035,-29155984108.562748,-29222812116.772514,-29295687050.314926,-29375198792.06512,-29461968570.40947,-29556649684.669243,-29659928144.98855,-29772523208.91912,-29895187794.707497,-30028708748.83704,-30173906942.670464,-30331637170.06432,-30502787814.556023,-30688280251.137,-30889067943.69178,-31106135194.88241,-31340495500.55104,-31593189455.58311,-31865282152.57543,-9.24787985912696e-36,-1.8969178406400186e-36,-3.709185206058165e-37,-6.898968822035496e-38,-1.2177526176850175e-38,-2.0348562184545403e-39,-2.560215885185559e-39,-3.934530243424513e-40,-5.682674354253362e-41,-7.689597828677786e-42,-9.71630162986986e-43,-1.1423537004330029e-43,-1.244943443310307e-44,-1.252497887460389e-45,-1.1581975415302175e-46,-9.797729885118743e-48,-7.544146487348275e-49,-5.258623663196399e-50,-3.2988393191496454e-51,-1.8506434804513577e-52,-9.220981030791341e-54,-4.0503805333421835e-55,-1.5558770233992493e-56,-5.180918641083861e-58,-1.4812987314658834e-59,-3.598799416890265e-61,-7.345222790372618e-63,-1.2438446608144369e-64,-1.7238257379481396e-66,-1.9259424355818002e-68,-1.7060852927734037e-70,-1.176494895064316e-72,-6.188314564600375e-75,-2.4273125645792554e-77,-6.923157783008058e-80,-1.3959602880875283e-82,-1.9280254266519641e-85,-1.7603020680388853e-88,-1.0206258671714912e-91,-3.5908301615916745e-95,-7.2792826926025875e-99,-8.014001782094725e-103,-4.476809872458858e-107,-1.1732588761966338e-111,-1.3171032982695023e-116,-5.695765018322039e-122,-8.376709792693402e-128,-3.6159329262062985e-134,-3.844474396321863e-141,-8.156918373276364e-149,-2.676928147930372e-157,-9.952069502590435e-167,-7062363978.84048,-6467178740.207167,-5785414744.24687,-5027109482.794456,-4210748320.1373825,-3364968668.022264,-2529230485.5936103,-1752187482.9884133,-1086077020.8474426,-575712940.7903664,-242853633.23485047,-72181565.49463171,-12105983.24702021,-730299.8468096914,-5461.491508661456,-0.19821379829289038,-2.5229221767089358e-15,0.0
64.5,-21370130176.575264,-21493512967.613537,-21616929011.10459,-21740358753.72294,-21863782101.58073,-21987178412.362823,-22110526487.66221,-22233804565.54426,-22356990313.37015,-22480060820.91261,-22602992593.79885,-22725761547.318417,-22848343000.6361,-22970711671.45308,-23092841671.162018,-23214706500.54563,-23336279046.07072,-23457531576.834,-23578435742.219337,-23698962570.33006,-23819082467.264194,-23938765217.3052,-24057979984.104843,-24176695312.94084,-24294879134.13584,-24412498767.73147,-24529520929.515675,-24645911738.508705,-24761636726.01931,-24876660846.39005,-24990948489.55744,-25104463495.561226,-25217169171.14445,-25329028308.595543,-25440003206.992176,-25550055696.0167,-25659147162.522915,-25767238580.04522,-25874290541.4517,-25980263294.95556,-26085116783.71156,-26188810689.236607,-26291304478.90954,-26392557457.81743,-26492528825.233105,-26591177736.02345,-26688463367.306023,-26784344990.68864,-26878782050.445545,-26971734248.00344,-27063161633.131023,-27153024702.24692,-27241284504.283787,-27327902754.56918,-27412841957.20832,-27496065536.47936,-27577537977.77819,-27657224978.676632,-27735093610.68716,-27811112492.35596,-27885251974.33688,-27957484337.13028,-28027784002.202374,-28096127757.23517,-28162494996.289,-28226867975.69665,-28289232086.54097,-28349576144.605392,-28407892698.721725,-28464178358.47597,-28518434142.269066,-28570665846.76509,-28620884438.7944,-28669106470.812943,-28715354521.052387,-28759657659.52533,-28802051941.07929,-28842580926.71734,-28881296234.425896,-28918258120.7662,-28953536094.49832,-28987209563.51144,-29019368516.33129,-29050114239.464413,-29079560071.816967,-29107832197.39141,-29135070477.41648,-29161429323.000683,-29187078609.318264,-29212204632.22965,-29237011108.112858,-29261720217.52304,-29286573693.112427,-29311833952.01715,-29337785272.655773,-29364735015.57348,-29393014887.60697,-29422982248.22482,-29455021456.416847,-29489545255.948303,-29526996196.15744,-29567848084.74668,-29612607468.18452,-29661815134.39245,-29716047631.31745,-29775918793.778675,-29842081269.605885,-29915228034.543324,-29996093883.65536,-30085456885.01836,-30184139779.29536,-30293011306.34178,-30412987437.252377,-30545032487.20528,-30690160081.05498,-30849433939.83906,-31023968452.15256,-31214928989.675587,-31423531920.9596,-31651044271.850044,-31898782974.58511,-3.6150428567098944e-35,-7.567364992049286e-36,-1.510994860600213e-36,-2.871655580235156e-37,-5.182735465693209e-38,-8.861089193103569e-39,-1.1118616189923577e-38,-1.750181314044391e-39,-2.5911969526495324e-40,-3.5972229212267097e-41,-4.6672126412935626e-42,-5.639574779424537e-43,-6.322687349667106e-44,-6.5505068111127e-45,-6.244387213022602e-46,-5.451690026305679e-47,-4.337417438837978e-48,-3.127917922135992e-49,-2.032756980468037e-50,-1.1830462650951676e-51,-6.1243776079695175e-53,-2.7994867612632647e-54,-1.1209640298463555e-55,-3.897993076585744e-57,-1.1660875463150786e-58,-2.9702548886698033e-60,-6.37007148932399e-62,-1.1361421750610637e-63,-1.662593078056313e-65,-1.966723316270619e-67,-1.850036144048286e-69,-1.3590067608557005e-71,-7.640819228425655e-74,-3.2154129294012793e-76,-9.878798061239389e-79,-2.1550685619449187e-81,-3.235645401978673e-84,-3.228209670087912e-87,-2.0570887334541155e-90,-8.004373431119215e-94,-1.8071076617386723e-97,-2.232790757454564e-101,-1.4118277309168879e-105,-4.2282525372010796e-110,-5.482481948309562e-115,-2.7715043731261964e-120,-4.829912446609731e-126,-2.508930392986621e-132,-3.267119496816133e-139,-8.664029163680808e-147,-3.6382505292212747e-155,-1.7788000474068023e-164,-5235419240.208986,-4670668306.25511,-4057015375.562434,-3409027564.2541857,-2747476544.6960597,-2099398390.3483636,-1496833662.3350177,-973480052.2196258,-558667338.0892873,-269012133.5222908,-100314309.3698728,-25302483.09021849,-3373481.1242230283,-144296.9013072454,-608.7125665452251,-0.0070346451373924914,-2.8950381877039295e-18,0.0
64.25,-21040672184.534702,-21172298559.23041,-21304098533.54447,-21436053295.81052,-21568143435.51684,-21700348931.596016,-21832649140.738533,-21965022785.75268,-22097447943.99365,-22229902035.887768,-22362361813.579456,-22494803349.73081,-22627202026.50605,-22759532524.776283,-22891768813.58149,-23023884139.891315,-23155851018.70773,-23287641223.557053,-23419225777.422127,-23550574944.1688,-23681658220.5259,-23812444328.68099,-23942901209.55957,-24072996016.8605,-24202695111.924625,-24331964059.520096,-24460767624.63348,-24589069770.36166,-24716833657.00665,-24844021642.48244,-24970595284.15043,-25096515342.207973,-25221741784.763054,-25346233794.73761,-25469949778.750786,-25592847378.144302,-25714883482.32253,-25836014244.59173,-25956195100.69432,-26075380790.24799,-26193525381.312286,-26310582298.32003,-26426504353.626705,-26541243782.946423,-26654752284.96126,-26766981065.4077,-26877880885.96492,-26987402118.28811,-27095494803.55327,-27202108717.90123,-27307193444.1943,-27410698450.5222,-27512573175.92312,-27612767123.811874,-27711229963.637978,-27807911641.32755,-27902762499.09592,-27995733405.251827,-28086775894.65174,-28175842320.49971,-28262886018.2286,-28347861482.24143,-28430724556.333515,-28511432638.663887,-28589944902.19108,-28666222531.538857,-28740228977.309093,-28811930228.9131,-28881295107.048428,-28948295577.006542,-29012907084.0555,-29075108912.205,-29134884567.72193,-29192222188.83186,-29247114983.105385,-29299561694.097256,-29349567098.872456,-29397142538.12148,-29442306480.6359,-29485085123.98147,-29525513033.271545,-29563633820.0092,-29599500863.02484,-29633178073.595417,-29664740706.88114,-29694276221.863365,-29721885192.00234,-29747682268.863365,-29771797200.974968,-29794375910.18471,-29815581627.763573,-29835596092.47545,-29854620812.77107,-29872878395.17959,-29890613940.85733,-29908096512.099133,-29925620670.424297,-29943508087.606712,-29962109230.721508,-29981805121.91936,-30003009173.206814,-30026169095.997223,-30051768884.586693,-30080330871.99861,-30112417855.803352,-30148635290.555443,-30189633542.36507,-30236110199.83205,-30288812434.08248,-30348539398.946823,-30416144660.37399,-30492538641.95782,-30578691070.93398,-30675633406.14461,-30784461226.23153,-30906336552.661983,-31042490078.06455,-31194223265.710754,-31362910280.75553,-31549999707.99465,-31757016004.33164,-1.4081248731944415e-34,-3.0079843893420105e-35,-6.132814527360554e-36,-1.190885082529228e-36,-2.1974783335362725e-37,-3.843984138797568e-38,-4.810263717087891e-38,-7.755174347549157e-39,-1.1769011250440787e-39,-1.676083399621717e-40,-2.2328032494273036e-41,-2.7726761039880478e-42,-3.197647031979861e-43,-3.411286308103824e-44,-3.352045280595196e-45,-3.0200629997687e-46,-2.482541428115325e-47,-1.8520233331979405e-48,-1.2467513780070916e-49,-7.526820018016594e-51,-4.04796512234956e-52,-1.925344337195112e-53,-8.035466780005727e-55,-2.917642446623741e-56,-9.131203245732828e-58,-2.438302458507432e-59,-5.493998033489948e-61,-1.0319261964214798e-62,-1.5942992852598917e-64,-1.9965190329125756e-66,-1.9940026354395872e-68,-1.5600972316462048e-70,-9.374211172390867e-73,-4.2315540905830055e-75,-1.4001566004302892e-77,-3.303981469335217e-80,-5.391484062987047e-83,-5.876797008361596e-86,-4.114745344211614e-89,-1.7703357239704014e-92,-4.4500018201622e-96,-6.168847308265267e-100,-4.4138718328245914e-104,-1.5101159695397553e-108,-2.2608036401361175e-113,-1.335489390220396e-118,-2.75667147775263e-124,-1.7224194843363277e-130,-2.7457335644181587e-137,-9.09579372173882e-145,-4.884407389449776e-153,-3.138422862721546e-162,-3776859866.956134,-3278703179.665394,-2761470205.1395054,-2240331172.0431547,-1734083853.0489743,-1264203947.7837112,-852766799.4192984,-519002751.55182624,-274693770.8659943,-119566888.96797046,-39165321.53797841,-8312544.72042362,-870583.5896576056,-25934.263619718666,-59.8903602690463,-0.00020754709619913238,-2.3059833809106583e-21,0.0
64.0,-20597723430.45829,-20737388381.90204,-20877383408.57447,-21017690990.170074,-21158292961.223434,-21299170495.615475,-21440304090.91244,-21581673552.551605,-21723257977.888035,-21865035740.119564,-22006984472.10794,-22149081050.116947,-22291301577.489445,-22433621368.288555,-22576014930.92968,-22718455951.83325,-22860917279.13063,-23003370906.45859,-23145787956.880936,-23288138666.97973,-23430392371.161343,-23572517486.22757,-23714481496.26529,-23856250937.91369,-23997791386.07179,-24139067440.11536,-24280042710.696934,-24420679807.209152,-24560940325.99793,-24700784839.41836,-24840172885.8344,-24979062960.67012,-25117412508.629463,-25255177917.210056,-25392314511.645927,-25528776551.424374,-25664517228.533348,-25799488667.606182,-25933641928.14456,-26066927009.011967,-26199292855.40552,-26330687368.527702,-26461057418.19684,-26590348858.650723,-26718506547.81744,-26845474370.34564,-26971195264.70771,-27095611254.71104,-27218663485.775925,-27340292266.363583,-27460437114.96408,-27579036813.08216,-27696029464.68869,-27811352562.63772,-27924943062.58157,-28036737464.954178,-28146671905.629,-28254682255.89892,-28360704232.46897,-28464673518.196262,-28566525894.361443,-28666197385.305336,-28763624416.318623,-28858743985.72925,-28951493852.192272,-29041812738.24957,-29129640551.29426,-29214918623.14477,-29297589969.50701,-29377599570.681667,-29454894674.95468,-29529425126.19516,-29601143717.27424,-29670006571.01278,-29735973550.46313,-29799008700.43297,-29859080722.265053,-29916163483.99677,-29970236568.13784,-30021285859.421963,-30069304175.00916,-30114291939.740334,-30156257909.17147,-30195219943.24451,-30231205833.5812,-30264254187.51797,-30294415372.12919,-30321752521.614384,-30346342611.552204,-30368277603.64151,-30387665664.66684,-30404632463.52775,-30419322550.26614,-30431900821.102367,-30442554073.55179,-30451492655.728992,-30458952213.957184,-30465195542.7762,-30470514541.380283,-30475232280.40712,-30479705182.83566,-30484325322.524128,-30489522843.614136,-30495768503.642765,-30503576342.710835,-30513506480.455788,-30526168041.83785,-30542222211.86068,-30562385418.28472,-30587432640.12952,-30618200838.27341,-30655592502.715023,-30700579309.024208,-30754205874.14416,-30817593598.96687,-30891944581.9464,-30978545584.37933,-31078772023.81861,-31194091967.322582,-31326070090.81028,-31476371564.60935,-5.465096393527263e-34,-1.1912785202001928e-34,-2.479937584361204e-35,-4.920032664615746e-36,-9.281680511914192e-37,-1.6610686913126792e-37,-2.0730105453457245e-37,-3.422854821639752e-38,-5.324035957964904e-39,-7.777813142066973e-40,-1.0637709992038531e-40,-1.357459763007759e-41,-1.6102880227003672e-42,-1.7687796770061893e-43,-1.791468361339535e-44,-1.6655042883522375e-45,-1.4143962204062006e-46,-1.091465174493202e-47,-7.610411688340013e-49,-4.765574559528008e-50,-2.6623423724276067e-51,-1.3174902747055829e-52,-5.730524624105936e-54,-2.1723999149188294e-55,-7.112009586587384e-57,-1.990661581473688e-58,-4.711886596635293e-60,-9.319021205884402e-62,-1.5198483564824126e-63,-2.014596260966319e-65,-2.1359461207345117e-67,-1.7796393377722948e-69,-1.142634507318905e-71,-5.531772624345273e-74,-1.9709223323494304e-76,-5.0297785339237716e-79,-8.918660720602156e-82,-1.061859467173189e-84,-8.167282078068361e-88,-3.8843556657840456e-91,-1.0868115959624728e-94,-1.6898665528476302e-98,-1.3677770285356669e-102,-5.344069171453349e-107,-9.234301732715257e-112,-6.371637032618491e-117,-1.5571549638845487e-122,-1.1697387654492784e-128,-2.2815541778151268e-135,-9.43621095669386e-143,-6.475887195333591e-151,-5.4646943270016486e-160,-2652655200.0841494,-2237994041.1299605,-1825123742.9735005,-1427254183.6588345,-1058974853.7888931,-734928082.8265687,-467770424.200871,-265556702.61271536,-129112278.52668765,-50548733.1784172,-14451338.980713774,-2558794.947028366,-207982.156999378,-4237.255265603555,-5.19662953139378,-5.081931634677486e-06,-1.270222999107437e-24,0.0
63.75,-20033485256.165382,-20180836490.02948,-20328689114.754505,-20477027488.704872,-20625835293.98443,-20775095517.3874,-20924790430.982983,-21074901572.33773,-21225409724.380684,-21376294894.9177,-21527536295.80232,-21679112321.7728,-21831000528.96562,-21983177613.11833,-22135619387.476013,-22288300760.41805,-22441195712.823696,-22594277275.197952,-22747517504.581474,-22900887461.27123,-23054357185.38172,-23207895673.28011,-23361470853.931515,-23515049565.195976,-23668597530.1212,-23822079333.28098,-23975458397.213554,-24128696959.019634,-24281756047.185043,-24434595458.700203,-24587173736.55381,-24739448147.686584,-24891374661.49741,-25042907929.003445,-25194001262.76416,-25344606617.688465,-25494674572.855427,-25644154314.4886,-25792993620.2373,-25941138844.92977,-26088534907.977337,-26235125282.62331,-26380851987.245914,-26525655578.94136,-26669475149.631622,-26812248324.96051,-26953911266.26247,-27094398675.911,-27233643806.37736,-27371578473.355644,-27508133073.33825,-27643236606.054146,-27776816702.21483,-27908799657.045525,-28039110470.115604,-28167672892.02072,-28294409478.509464,-28419241652.69257,-28542089776.01785,-28662873228.746017,-28781510500.71416,-28897919293.23229,-29012016633.01796,-29123718999.13956,-29232942464.00783,-29339602849.528748,-29443615899.60873,-29544897470.28844,-29643363738.86668,-29738931433.474537,-29831518084.65549,-29921042300.617184,-30007424067.93039,-30090585079.57171,-30170449092.33172,-30246942315.74456,-30319993834.83526,-30389536069.13013,-30455505270.53249,-30517842062.830177,-30576492025.77541,-30631406326.858387,-30682542404.08673,-30729864703.28085,-30773345473.6036,-30812965625.25612,-30848715653.49657,-30880596633.36759,-30908621289.757057,-30932815147.658543,-30953217767.748093,-30969884072.64368,-30982885769.46992,-30992312874.60243,-30998275346.719776,-31000904834.535603,-31000356545.82243,-30996811244.56262,-30990477383.26952,-30981593377.70673,-30970430031.3855,-30957293117.341507,-30942526124.757214,-30926513178.01677,-30909682135.720623,-30892507877.056057,-30875515782.68288,-30859285416.94801,-30844454417.7569,-30831722599.78792,-30821856275.9078,-30815692800.60407,-30814145337.95858,-30818207855.108105,-30828960340.22988,-30847574241.8031,-30875318123.17712,-30913563523.26366,-30963791010.39317,-31027596411.9592,-31106697197.33457,-2.113272260893529e-33,-4.700342658324256e-34,-9.990264337893955e-35,-2.024871920514989e-35,-3.9051297380859566e-36,-7.149490011608601e-37,-8.898536875961838e-37,-1.5046770933061292e-37,-2.398680896952929e-38,-3.59435975829241e-39,-5.046830243485192e-40,-6.617551696747492e-41,-8.073982089901117e-42,-9.130782434219816e-43,-9.531328115494394e-44,-9.14293426467261e-45,-8.020833821165127e-46,-6.401909442668e-47,-4.6231027704348086e-48,-3.0024475783068035e-49,-1.7422285953262445e-50,-8.969255889610897e-52,-4.065384888774272e-53,-1.6088795104200342e-54,-5.50912444064119e-56,-1.61614688825656e-57,-4.01809195315238e-59,-8.36668152231463e-61,-1.440229498569277e-62,-2.0204140423484127e-64,-2.273663288619901e-66,-2.0170358772131404e-68,-1.3835901272668273e-70,-7.182545436982101e-73,-2.755051469302776e-75,-7.60221692933423e-78,-1.464463791455381e-80,-1.9040696873693328e-83,-1.6084109316401996e-86,-8.453871956712843e-90,-2.632100211686362e-93,-4.5890957948274414e-97,-4.200490383838176e-101,-1.8735926113499763e-105,-3.7353130136741233e-110,-3.0093342903035866e-115,-8.703612331776693e-121,-7.856962756556856e-127,-1.8741074498922787e-133,-9.671614574599428e-141,-8.477308009147565e-149,-9.388327651798884e-158,-1814436806.9620874,-1485849962.813519,-1171580732.6429574,-881639330.1950938,-625829647.0754291,-412509889.8475401,-247067949.85124534,-130407279.98895817,-58008883.64847669,-20324654.20263249,-5038445.37396615,-737789.9454843625,-45975.21263199892,-628.9140017934636,-0.3972391816539946,-1.0308990472033486e-07,-4.820040892607972e-28,0.0
63.5,-19340412473.26941,-19494935639.00126,-19650144509.6429,-19806025933.010807,-19962566067.802326,-20119750361.3918,-20277563527.06149,-20435989520.66104,-20595011516.689903,-20754611883.79732,-20914772159.69615,-21075473025.486786,-21236694279.38932,-21398414809.882896,-21560612568.25207,-21723264540.542267,-21886346718.92746,-22049834072.4947,-22213700517.45281,-22377918886.77375,-22542460899.27824,-22707297128.17931,-22872396969.10017,-23037728607.586098,-23203258986.1333,-23368953770.76104,-23534777317.157413,-23700692636.433792,-23866661360.52685,-24032643707.29296,-24198598445.344845,-24364482858.68637,-24530252711.20808,-24695862211.11293,-24861263975.349865,-25026408994.14002,-25191246595.6912,-25355724411.204086,-25519788340.28573,-25683382516.896454,-25846449275.96912,-26008929120.852978,-26170760691.748707,-26331880735.317005,-26492224075.66021,-26651723586.89421,-26810310167.548256,-26967912717.05086,-27124458114.58353,-27279871200.60858,-27434074761.404327,-27586989516.968613,-27738534112.684525,-27888625115.17406,-28037177012.80176,-28184102221.33001,-28329311095.26828,-28472711945.50404,-28614211063.851665,-28753712755.20696,-28891119378.051376,-29026331394.109528,-29159247428.02888,-29289764338.018715,-29417777298.461075,-29543179895.585163,-29665864237.383327,-29785721079.038,-29902639965.2274,-30016509390.78452,-30127216981.295334,-30234649695.34484,-30338694050.247807,-30439236373.240944,-30536163080.25982,-30629360984.58385,-30718717637.79996,-30804121705.71661,-30885463382.05176,-30962634842.922867,-31035530745.384342,-31104048773.490105,-31168090235.6037,-31227560716.94,-31282370791.5981,-31332436798.637543,-31377681687.05957,-31418035934.879623,-31453438547.821617,-31483838143.524765,-31509194127.53248,-31529477967.727623,-31544674574.293915,-31554783792.71005,-31559822017.73241,-31559823936.780205,-31554844411.612534,-31544960507.671104,-31530273680.9561,-31510912132.80232,-31487033343.420628,-31458826795.56958,-31426516900.203342,-31390366136.41757,-31350678418.45168,-31307802702.920586,-31262136849.80253,-31214131751.012592,-31164295740.607105,-31113199300.787937,-31061480077.87625,-31009848222.281693,-30959092066.17275,-30910084152.027065,-30863787624.45998,-30821262996.66353,-30783675301.370068,-30752301634.4428,-30728539096.91079,-30713913138.4452,-30710086301.82462,-8.141147364569978e-33,-1.847546469804961e-33,-4.0090296952112765e-34,-8.300971083126316e-35,-1.6365189873052596e-35,-3.06487976183989e-36,-3.804430549221139e-36,-6.5875674976172404e-37,-1.076224812582228e-37,-1.654077171361084e-38,-2.3841282542834992e-39,-3.212012592074358e-40,-4.0304133546991344e-41,-4.692310761363922e-42,-5.047867432343733e-43,-4.995743569770282e-44,-4.5269506790189073e-45,-3.7368759241324594e-46,-2.794593507189406e-47,-1.882148557531628e-48,-1.1342834137744626e-49,-6.074292982754866e-51,-2.868748542760859e-52,-1.1850644257484774e-53,-4.2438158050944456e-55,-1.3046517447590617e-56,-3.406587003350881e-58,-7.467105526157711e-60,-1.3564942193573889e-61,-2.013646157361993e-63,-2.404832049877611e-65,-2.2711548873944663e-67,-1.6641174858297068e-69,-9.26167609578352e-72,-3.823871350962484e-74,-1.1406601716240168e-76,-2.3866468143917172e-79,-3.3878889885698985e-82,-3.142248857660049e-85,-1.824748057509488e-88,-6.320330382012078e-92,-1.2352674796106712e-95,-1.278215824514065e-99,-6.506498820627369e-104,-1.4960861192859712e-108,-1.406761621704896e-113,-4.8128976980521553e-119,-5.218566460279984e-125,-1.5214593414788157e-131,-9.79154170553625e-139,-1.0954423775989526e-146,-1.5910167184302748e-155,-1208964850.8879893,-959702306.9025358,-730554095.2448446,-528127110.3595497,-357950333.9692969,-223567820.19555676,-125656571.7698795,-61458943.31694424,-24910681.703479685,-7770961.262037097,-1659412.3460487293,-199188.4831712466,-9398.87432164578,-84.73630570737178,-0.026721800303179572,-1.7293597474683342e-09,-1.2550203660261408e-31,0.0
63.25,-18511370918.66408,-18672376407.84892,-18834262493.4792,-18997019130.12073,-19160635591.26049,-19325100444.519955,-19490401526.11385,-19656525914.537323,-19823459903.46425,-19991188973.84,-20159697765.15195,-20328970045.861416,-20498988682.980915,-20669735610.78134,-20841191798.613888,-21013337217.832684,-21186150807.803963,-21359610440.989742,-21533692887.09381,-21708373776.259605,-21883627561.311016,-22059427479.028183,-22235745510.45214,-22412552340.214863,-22589817314.89196,-22767508400.379204,-22945592138.295547,-23124033601.419018,-23302796348.164787,-23481842376.118526,-23661132074.64216,-23840624176.57356,-24020275709.04682,-24200041943.46467,-24379876344.66137,-24559730519.30007,-24739554163.556538,-24919295010.14839,-25098898774.77808,-25278309102.067177,-25457467511.069416,-25636313340.46183,-25814783693.525124,-25992813383.038017,-26170334876.225006,-26347278239.91248,-26523571086.06617,-26699138517.90105,-26873903076.776035,-27047784690.107235,-27220700620.559185,-27392565416.79829,-27563290866.12252,-27732785949.312084,-27900956798.079224,-28067706655.53284,-28232935840.112137,-28396541713.48746,-28558418652.972927,-28718458029.045605,-28876548188.62118,-29032574444.795216,-29186419073.822903,-29337961320.1801,-29487077410.623108,-29633640578.24568,-29777521097.620106,-29918586332.20329,-30056700795.290813,-30191726225.91408,-30323521681.19256,-30451943646.784275,-30576846167.21408,-30698080998.01132,-30815497781.74748,-30928944250.24009,-31038266455.37464,-31143309031.19885,-31243915490.15885,-31339928556.58113,-31431190540.75285,-31517543757.22251,-31598830991.23125,-31674896017.49328,-31745584175.876896,-31810743008.8903,-31870222966.25734,-31923878182.27336,-31971567332.064926,-32013154573.33848,-32048510580.696724,-32077513680.123543,-32100051091.79767,-32116020289.98298,-32125330489.3725,-32127904267.922333,-32123679336.91213,-32112610469.703243,-32094671601.4388,-32069858112.739807,-32038189311.295284,-31999711126.126648,-31954499030.21569,-31902661208.12975,-31844341986.24068,-31779725544.12359,-31709039926.71612,-31632561377.826336,-31550619016.57059,-31463599879.30346,-31371954350.5449,-31276202007.30164,-31176937901.99682,-31074839309.93872,-30970672967.845715,-30865302830.364468,-30759698371.73048,-30654943459.67801,-30552245828.34993,-30452947176.231583,-30358533913.955696,-3.124348074283518e-32,-7.234050760968248e-33,-1.602499486808467e-33,-3.389470445923168e-34,-6.830504023875747e-35,-1.3084937650743753e-35,-1.6198830658606464e-35,-2.872118082446792e-36,-4.808399711332098e-37,-7.579275192273498e-38,-1.1213672456737003e-38,-1.5521477998945876e-39,-2.002879569025024e-40,-2.400354132345078e-41,-2.660953947219952e-42,-2.7167732959535598e-43,-2.54268866362248e-44,-2.170551144501024e-45,-1.6808363144845451e-46,-1.1738481173673794e-47,-7.346385469020182e-49,-4.091900448702684e-50,-2.0133796296751735e-51,-8.680666599549427e-53,-3.2506576648042596e-54,-1.0471161680302535e-55,-2.871103195835376e-57,-6.624018626147487e-59,-1.269731800903051e-60,-1.994197737286074e-62,-2.5270669775917985e-64,-2.5402752360056333e-66,-1.987856255797308e-68,-1.1858904824604658e-70,-5.2690865427085377e-73,-1.6987931365172467e-75,-3.8598470558841158e-78,-5.980619398067238e-81,-6.0890069651929995e-84,-3.9056825015706094e-87,-1.504528441081392e-90,-3.2952305751988846e-94,-3.8535158722978587e-98,-2.2377688749190797e-102,-5.932210291100065e-107,-6.507614697927959e-112,-2.632511508070507e-117,-3.426824900921654e-123,-1.2204999693691692e-129,-9.789462731940803e-137,-1.396992209289784e-144,-2.6590094730339943e-153,-784807476.8122733,-603112724.3419838,-442562701.96051496,-306811814.0047675,-198152145.8665198,-116994712.28824534,-61534275.81236425,-27794803.119345322,-10222859.9035977,-2824661.815718675,-516113.7404378835,-50332.16345058435,-1775.9548496272555,-10.355519134342869,-0.00157999570994384,-2.3945009599272055e-11,-2.2331707459566913e-35,0.0
63.0,-17539810927.986107,-17706422816.714123,-17874117759.92551,-18042889423.266186,-18212730822.371933,-18383634296.234447,-18555591479.64173,-18728593274.66542,-18902629821.16666,-19077690466.291645,-19253763732.92807,-19430837287.092503,-19608897904.21887,-19787931434.31805,-19967922765.97754,-20148855789.170864,-20330713356.845627,-20513477245.259293,-20697128113.031544,-20881645458.8828,-21067007578.02776,-21253191517.19405,-21440173028.23595,-21627926520.31409,-21816425010.61276,-22005640073.567165,-22195541788.57461,-22386098686.164608,-22577277692.604824,-22769044072.92116,-22961361372.31347,-23154191355.94992,-23347493947.126427,-23541227163.78104,-23735347053.35653,-23929807626.00886,-24124560786.164173,-24319556262.431484,-24514741535.885777,-24710061766.740795,-24905459719.440144,-25100875686.20251,-25296247409.06608,-25491510000.48757,-25686595862.562817,-25881434604.947166,-26075952961.569004,-26270074706.24388,-26463720567.3134,-26656808141.451767,-26849251806.80281,-27040962635.63145,-27231848306.69974,-27421813017.602028,-27610757397.32416,-27798578419.32344,-27985169315.46017,-28170419491.150703,-28354214442.152607,-28536435673.43952,-28716960620.671177,-28895662574.820324,-29072410610.57594,-29247069519.208164,-29419499746.64924,-29589557337.62401,-29757093886.743923,-29921956497.57313,-30083987750.77144,-30243025682.52909,-30398903774.624035,-30551450957.5615,-30700491628.393005,-30845845684.96398,-30987328578.501904,-31124751386.63546,-31257920909.12753,-31386639788.814674,-31510706660.472,-31629916330.569885,-31744059991.15384,-31852925471.36876,-31956297530.461727,-32053958196.43447,-32145687154.884403,-32231262192.96678,-32310459703.83986,-32383055257.414314,-32448824243.72818,-32507542595.80381,-32558987599.423107,-32602938797.879425,-32639179000.436745,-32667495403.94376,-32687680837.82888,-32699535143.529217,-32702866700.297405,-32697494110.2834,-32683248056.805126,-32659973350.81114,-32627531181.69376,-32585801589.84845,-32534686179.67968,-32474111093.14621,-32404030265.40225,-32324428985.64326,-32235327787.88906,-32136786698.149902,-32028909866.20016,-31911850612.045174,-31785816919.08728,-31651077407.98033,-31507967827.18995,-31356898098.34111,-31198359956.51157,-31032935227.705936,-30861304787.783825,-30684258249.09584,-30502704422.95322,-30317682607.786022,-30130374754.36756,-1.1943935484558675e-31,-2.821358410077082e-32,-6.3800286458145e-33,-1.3784015147896768e-33,-2.8392226819557198e-34,-5.563116127190819e-35,-6.868613642724448e-35,-1.2469324563455062e-35,-2.1391076368245603e-36,-3.4578346585799057e-37,-5.250974016767042e-38,-7.466734436298802e-39,-9.907607787882216e-40,-1.2221889066116719e-40,-1.396065318937319e-41,-1.470309644829231e-42,-1.4211651445307532e-43,-1.2544565629302417e-44,-1.0058083206702737e-45,-7.282995762883488e-47,-4.732834839038151e-48,-2.7415955997365918e-49,-1.4052687734080893e-50,-6.322868465575081e-52,-2.4756147965767046e-53,-8.354818588749947e-55,-2.405261010083966e-56,-5.840020045138376e-58,-1.181043989917179e-59,-1.962215144873774e-61,-2.637982994591041e-63,-2.822046970609779e-65,-2.3580750693777924e-67,-1.5076104139113584e-69,-7.207259207243614e-72,-2.5109355337988453e-74,-6.193917351217703e-77,-1.0473044720585544e-79,-1.170177953902892e-82,-8.288442067482402e-86,-3.549909271080993e-89,-8.710280585769545e-93,-1.1507658837864833e-96,-7.620863174942908e-101,-2.3282482081853828e-105,-2.978472922547408e-110,-1.4239878686488985e-115,-2.224276721106463e-121,-9.672409141955152e-128,-9.663304892998504e-135,-1.7578007455261812e-142,-4.3814355250605595e-151,-496398344.8329965,-368799096.2400857,-260469360.75994062,-172860596.82228938,-106163232.99653259,-59112496.779103346,-29011367.76472005,-12060706.36878065,-4008351.160177958,-975841.9724201745,-151535.34314789146,-11897.963069889507,-309.97129716954043,-1.1469119226415938,-8.201506402719481e-05,-2.731225860516683e-13,-2.7043761559974783e-39,0.0
62.75,-16419955117.42192,-16591102853.86641,-16763540075.65528,-16937264729.320498,-17112274166.93418,-17288565118.508537,-17466133663.327106,-17644975200.170063,-17825084416.39426,-18006455255.828407,-18189080885.442,-18372953660.745865,-18558065089.881126,-18744405796.351715,-18931965480.35504,-19120732878.664047,-19310695723.012825,-19501840696.93644,-19694153391.01569,-19887618256.47506,-20082218557.082203,-20277936319.29614,-20474752280.60985,-20672645836.03332,-20871594982.66114,-21071576262.26916,-21272564701.88337,-21474533752.264645,-21677455224.25193,-21881299222.90695,-22086034079.403576,-22291626280.605137,-22498040396.273617,-22705239003.855648,-22913182610.79148,-23121829574.29396,-23331136018.54767,-23541055749.27899,-23751540165.65231,-23962538169.44992,-24173996071.496902,-24385857495.297604,-24598063277.854805,-24810551367.64872,-25023256719.76058,-25236111188.13229,-25449043414.96324,-25661978717.2552,-25874838970.52748,-26087542489.737312,-26300003907.45449,-26512134049.355568,-26723839807.12041,-26935024008.833984,-27145585287.018265,-27355417944.443783,-27564411817.897697,-27772452140.11516,-27979419400.11476,-28185189202.215927,-28389632124.055965,-28592613573.97192,-28793993648.159573,-28993626988.07933,-29191362638.637825,-29387043907.741634,-29580508227.89189,-29771587020.57088,-29960105564.258232,-30145882867.013542,-30328731544.66808,-30508457705.78561,-30684860844.680645,-30857733743.924164,-31026862387.91951,-31192025889.30178,-31352996430.09777,-31509539219.78579,-31661412472.61665,-31808367406.79811,-31950148268.409565,-32086492383.202045,-32217130239.754395,-32341785607.799004,-32460175695.907032,-32572011353.131058,-32676997319.64904,-32774832531.939693,-32865210488.547985,-32947819683.0748,-33022344111.652653,-33088463862.847843,-33145855798.67334,-33194194336.196644,-33233152340.103287,-33262402137.52085,-33281616667.43603,-33290470778.14897,-33288642687.41228,-33275815621.204185,-33251679648.490967,-33215933730.853622,-33168288007.48887,-33108466337.860527,-33036209126.172222,-32951276453.872906,-32853451548.59261,-32742544620.247585,-32618397097.56096,-32480886300.91499,-32329930590.3004,-32165495030.152275,-31987597616.066063,-31796316111.7778,-31591795548.358414,-31374256441.320377,-31144003785.248875,-30901436889.64911,-30647060123.91796,-30381494643.69588,-30105491175.293674,-4.547993610147684e-31,-1.095961232783854e-31,-2.5297798313272904e-32,-5.5825084573100425e-33,-1.1752479971935062e-33,-2.3551616991174922e-34,-2.9001059815475673e-34,-5.390318614575991e-35,-9.4747150974297e-36,-1.5705501594511665e-36,-2.4477749029088784e-37,-3.5754888066144303e-38,-4.8781617842611314e-39,-6.1935538216211045e-40,-7.289144284460808e-41,-7.918249281107901e-42,-7.903545914810541e-43,-7.213182556386668e-44,-5.987544470569928e-45,-4.494778440358579e-46,-3.0326594373668187e-47,-1.8267918554921002e-48,-9.75328972960091e-50,-4.5791170360176106e-51,-1.8743369334151614e-52,-6.62637073861642e-54,-2.0026882093525453e-55,-5.116620699037072e-57,-1.0915197771039142e-58,-1.9180883983013766e-60,-2.735265409506701e-62,-3.113471111670994e-64,-2.7774628053032283e-66,-1.902690222120967e-68,-9.784779107761196e-71,-3.68284267519662e-73,-9.86084313871975e-76,-1.819062747044488e-78,-2.229939472892392e-81,-1.7436724726132909e-84,-8.300842946786074e-88,-2.2810220924082488e-91,-3.40345941709322e-95,-2.569438978625984e-99,-9.043071718780373e-104,-1.3485092124524632e-108,-7.616037645733453e-114,-1.4267652151228472e-119,-7.571072374372644e-126,-9.415715440094667e-133,-2.1817912048276315e-140,-7.116318273421344e-149,-305937882.01759714,-219441235.83331695,-148934144.24627763,-94448340.76510045,-55045177.292526625,-28833914.086948026,-13166675.416360274,-5020300.958294044,-1501269.768040726,-320315.1457439127,-41984.25831887656,-2629.8048657217923,-49.94087606207355,-0.1150157106962426,-3.732754300997229e-06,-2.5611860827098074e-15,-2.2194815189854684e-43,0.0
62.5,-15146998230.846748,-15321411677.292448,-15497320864.187649,-15674728531.191463,-15853636904.17429,-16034047667.653522,-16215961936.054312,-16399380223.748943,-16584302413.8265,-16770727725.542698,-16958654680.398268,-17148081066.791777,-17339003903.19181,-17531419399.770767,-17725322918.440483,-17920708931.228863,-18117570976.933205,-18315901615.985027,-18515692383.458263,-18716933740.151,-18919615021.66841,-19123724385.432465,-19329248755.541782,-19536173765.40248,-19744483698.048965,-19954161424.07113,-20165188337.06181,-20377544286.49716,-20591207507.959084,-20806154550.60754,-21022360201.80838,-21239797408.819977,-21458437197.440075,-21678248587.512978,-21899198505.194702,-22121251691.872585,-22344370609.63512,-22568515343.18508,-22793643498.09022,-23019710095.26366,-23246667461.566635,-23474465116.4262,-23703049654.36161,-23932364623.31352,-24162350398.67254,-24392944052.905693,-24624079220.68261,-24855685959.40716,-25087690605.06497,-25320015623.3035,-25552579455.667965,-25785296360.925022,-26018076251.41576,-26250824524.390587,-26483441888.29254,-26715824183.969788,-26947862200.81511,-27179441487.851524,-27410442159.80327,-27640738698.21823,-27870199747.736214,-28098687907.6294,-28326059518.777435,-28552164446.281227,-28776845857.96366,-28999939999.058,-29221275963.440056,-29440675461.825462,-29657952587.42205,-29872913579.60843,-30085356586.294888,-30295071425.722027,-30501839348.55879,-30705432801.281727,-30905615191.949654,-31102140659.6336,-31294753848.92562,-31483189691.126152,-31667173193.910965,-31846419241.493587,-32020632407.543022,-32189506783.379005,-32352725824.2638,-32509962216.927464,-32660877771.822803,-32805123343.994225,-32942338786.87658,-33072152943.811226,-33194183682.587936,-33308037978.8909,-33413312055.15488,-33509591582.02476,-33596451950.3687,-33673458622.62049,-33740167573.136795,-33796125828.24754,-33840872117.76804,-33873937650.93185,-33894847031.00782,-33903119324.29004,-33898269300.705227,-33879808864.98472,-33847248699.199543,-33800100139.484653,-33737877311.976376,-33660099555.392097,-33566294160.28485,-33455999457.845394,-33328768294.19824,-33184171929.47796,-33021804404.583378,-32841287422.41896,-32642275794.651505,-32424463509.56545,-32187590481.49952,-31931450047.61817,-31655897283.416748,-31360858214.411144,-31046340007.914085,-30712442235.67949,-30359369305.49641,-1.7248296775361192e-30,-4.239957807528895e-31,-9.989573285144593e-32,-2.251443686591741e-32,-4.844074004610937e-33,-9.927658160970193e-34,-1.2192293519958715e-33,-2.319977163071253e-34,-4.1779910291556064e-35,-7.101274140703778e-36,-1.1358159763812032e-36,-1.7041661388657535e-37,-2.390458055737805e-38,-3.1235146537244966e-39,-3.787151135102788e-40,-4.2430356582295295e-41,-4.373075626606391e-42,-4.126147014629188e-43,-3.545569887413732e-44,-2.759090045926133e-45,-1.932587024005209e-46,-1.2104300744335442e-47,-6.730659419928022e-49,-3.296945060950317e-50,-1.4106520606702334e-51,-5.223539483150547e-53,-1.657124154873083e-54,-4.4543051630803705e-56,-1.0022111336342128e-57,-1.8624457177515009e-59,-2.8167438460799838e-61,-3.4109033107962995e-63,-3.24789721463862e-65,-2.3835562315615366e-67,-1.3183185587212968e-69,-5.359497044651092e-72,-1.557238019034222e-74,-3.1333393565940274e-77,-4.213132108256969e-80,-3.635849920665129e-83,-1.9232952734009528e-86,-5.917062440149452e-90,-9.967440339279023e-94,-8.575126794355041e-98,-3.475333520396789e-102,-6.038362604645896e-107,-4.026722106605499e-112,-9.042574790731801e-118,-5.8520877689089604e-124,-9.054030085305993e-131,-2.670665973072412e-138,-1.1390057010563257e-146,-183726336.71636856,-127049600.34237064,-82730677.4356794,-50041932.44980343,-27617730.22011758,-13576191.109350486,-5751253.373915045,-2004177.4508344792,-536943.8918265267,-99863.92321724279,-10971.708547408965,-543.2014692286183,-7.422179733414049,-0.010433960007836179,-1.4876295407078338e-07,-1.970472385586805e-17,-1.2291468653287002e-47,0.0
62.25,-13717316141.91158,-13893524569.303549,-14071430163.109436,-14251040887.00286,-14432364296.370869,-14615407511.87449,-14800177191.772243,-14986679502.953142,-15174920090.622808,-15364904046.584558,-15556635876.054691,-15750119462.948708,-15945358033.57251,-16142354118.650368,-16341109513.617842,-16541625237.10616,-16743901487.540112,-16947937597.769876,-17153731987.652802,-17361282114.498974,-17570584421.29001,-17781634282.577488,-17994425947.96433,-18208952483.06741,-18425205707.85736,-18643176132.26662,-18862852888.95281,-19084223663.10137,-19307274619.145847,-19531990324.280632,-19758353668.636787,-19986345781.98671,-20215945946.83884,-20447131507.779354,-20679877776.91313,-20914157935.250904,-21149942929.886368,-21387201366.800262,-21625899399.12592,-21866000610.70443,-22107465894.75413,-22350253327.474285,-22594318036.398293,-22839612063.308445,-23086084221.51952,-23333679947.33504,-23582341145.477657,-23832006028.2908,-24082608948.5074,-24334080225.379585,-24586345963.96118,-24839327867.335587,-25092943041.58097,-25347103793.26685,-25601717419.278065,-25856685988.76648,-26111906117.035324,-26367268731.16886,-26622658827.227783,-26877955218.84269,-27133030277.05057,-27387749661.235065,-27641972041.05075,-27895548809.233685,-28148323785.22622,-28400132909.575035,-28650803929.09584,-28900156072.838474,-29147999718.93273,-29394136052.447468,-29638356714.455765,-29880443442.56712,-30120167703.26485,-30357290316.47376,-30591561072.882244,-30822718344.65323,-31050488690.28332,-31274586454.509064,-31494713364.31671,-31710558122.287067,-31921795998.703026,-32128088424.06883,-32329082583.93217,-32524411018.176907,-32713691227.25596,-32896525288.17576,-33072499483.418102,-33241183946.40864,-33402132327.604,-33554881485.79069,-33698951209.761284,-33833843976.17316,-33959044750.100903,-34074020835.57725,-34178221784.28519,-34271079371.52443,-34352007649.637413,-34420403090.25573,-34475644828.02594,-34517095019.90862,-34544099335.728294,-34555987597.39924,-34552074586.18111,-34531661039.44139,-34494034860.74433,-34438472569.66122,-34364241020.53449,-34270599422.54316,-34156801696.84518,-34022099210.3299,-33865743929.64103,-33686992043.650806,-33485108107.51637,-33259369766.864788,-33009073126.571102,-32733538835.05084,-32432118962.03019,-32104204755.419647,-31749235371.24923,-31366707679.66363,-30956187259.77576,-6.514718575292229e-30,-1.633525634024424e-30,-3.928108560071535e-31,-9.041460661549502e-32,-1.9879730282767583e-32,-4.1664212070931215e-33,-5.1032936691077755e-33,-9.94070276393161e-34,-1.8340132878677852e-34,-3.1961186083179255e-35,-5.245828070169956e-36,-8.08396350234569e-37,-1.165754488555019e-37,-1.5675164661923144e-38,-1.9578356729754743e-39,-2.262105705760546e-40,-2.40713487056862e-41,-2.3478431406294957e-42,-2.0882692423013905e-43,-1.684385139022919e-44,-1.224687738795552e-45,-7.974660997049472e-47,-4.617797629274019e-48,-2.3597128208947816e-49,-1.055246550673083e-50,-4.092207094040507e-52,-1.3625090614319406e-53,-3.852614255191933e-55,-9.141105288896163e-57,-1.796140118631197e-58,-2.880467132545332e-60,-3.710085181706479e-62,-3.7701984962446434e-64,-2.963494229807792e-66,-1.7624612708166122e-68,-7.737450908107969e-71,-2.439080879823857e-73,-5.351657046486424e-76,-7.890816675598506e-79,-7.513251017051189e-82,-4.414872183643912e-85,-1.520159785833491e-88,-2.890018653709295e-92,-2.8322559647305447e-96,-1.3212632230447094e-100,-2.6736506385555584e-105,-2.1041930371782125e-110,-5.661287457687872e-116,-4.4657892322877286e-122,-8.589937450099787e-129,-3.223161191637008e-136,-1.7960374678180462e-144,-107504983.74026524,-71569725.69904043,-44641366.033659525,-25707959.159718323,-13406632.005818246,-6169174.348752814,-2417325.0386223015,-767149.1226200103,-183332.79618699307,-29560.20839443952,-2703.178095260131,-104.79326039700682,-1.016782894440644,-0.0008554335744956121,-5.184460384735185e-09,-1.2411602993798815e-19,-4.573159516049814e-52,0.0
62.0,-12128680416.219,-12305016016.392887,-12483240295.238428,-12663366766.297983,-12845408663.854332,-13029378918.7519,-13215290132.969193,-13403154552.883867,-13592984041.168844,-13784790047.25509,-13978583576.293936,-14174375156.548412,-14372174805.140465,-14571991992.076784,-14773835602.473186,-14977713896.89345,-15183634469.715149,-15391604205.4302,-15601629232.784962,-15813714876.659449,-16027865607.581133,-16244084988.764069,-16462375620.559618,-16682739082.199211,-16905175870.705242,-17129685336.840143,-17356265617.958145,-17584913567.61874,-17815624681.81428,-18048393021.65781,-18283211132.371403,-18520069958.407475,-18758958754.5294,-18999864992.66976,-19242774264.37777,-19487670178.65905,-19734534255.00336,-19983345811.387463,-20234081847.03188,-20486716919.681763,-20741223017.172897,-20997569423.03501,-21255722575.87519,-21515645922.27446,-21777299762.921547,-22040641091.696976,-22305623427.41218,-22572196637.89681,-22840306756.11845,-23109895788.008667,-23380901511.658905,-23653257267.54038,-23926891739.392536,-24201728725.41428,-24477686899.384663,-24754679561.329376,-25032614377.342854,-25311393108.167446,-25590911326.125187,-25871058119.99186,-26151715787.39928,-26432759514.34853,-26714057041.415497,-26995468316.232445,-27276845131.829784,-27558030750.430923,-27838859512.299664,-28119156429.25263,-28398736762.465782,-28677405584.223816,-28954957323.287987,-29231175293.58876,-29505831205.988457,-29778684662.90461,-30049482635.638577,-30317958924.318462,-30583833600.43839,-30846812432.064377,-31106586291.875977,-31362830548.328392,-31615204440.35299,-31863350436.16512,-32106893576.922024,-32345440806.17167,-32578580286.25614,-32805880703.09139,-33026890561.0305,-33241137469.847088,-33448127426.242905,-33647344092.70088,-33838248076.973354,-34020276216.02303,-34192840868.82816,-34355329223.12912,-34507102621.94209,-34647495916.50317,-34775816853.24687,-34891345503.47272,-34993333745.53213,-35081004810.68059,-35153552905.21046,-35210142923.11939,-35249910265.39889,-35271960784.06712,-35275370871.34487,-35259187716.90288,-35222429758.927216,-35164087357.8826,-35083123725.335365,-34978476144.065475,-34849057519.98982,-34693758311.181274,-34511448884.54192,-34300982356.53409,-34061197980.83571,-33790925152.93276,-33488988109.55217,-33154211409.54404,-32785426292.41556,-32381478021.27619,-31941234328.562626,-2.4503986948188962e-29,-6.266955112892621e-30,-1.5380131163930612e-30,-3.615173343973657e-31,-8.122606306476474e-32,-1.7407485269634834e-32,-2.1265500684579738e-32,-4.240141407564794e-33,-8.013759688589381e-34,-1.431780070860037e-34,-2.411314269210888e-35,-3.8162442676801087e-36,-5.657140891497766e-37,-7.827225748317156e-38,-1.0069987680640835e-38,-1.1997719849352123e-39,-1.3180214685023308e-40,-1.3287997003981532e-41,-1.2232318080197585e-42,-1.0225693225477892e-43,-7.716842456210315e-45,-5.223514861160355e-46,-3.1494756929316103e-47,-1.678720599099652e-48,-7.845183940429603e-50,-3.1857099772903064e-51,-1.1130576477310232e-52,-3.3102442457951747e-54,-8.281309707362191e-56,-1.7202283432830742e-57,-2.924775862057575e-59,-4.0062061227502435e-61,-4.343878345076201e-63,-3.656336808237528e-65,-2.337701823492538e-67,-1.1080095630426316e-69,-3.788476307995214e-72,-9.062023599458626e-75,-1.4647942911491586e-77,-1.538372499461459e-80,-1.0038460452407766e-83,-3.867271389031101e-87,-8.294587306728493e-91,-9.256236868197238e-95,-4.968344677010314e-99,-1.1703724795501244e-103,-1.086528017346547e-108,-3.5004821568384964e-114,-3.363730756775386e-120,-8.038857599727196e-127,-3.83435210022772e-134,-2.7893906454256222e-142,-61287954.598675676,-39223605.58580694,-23396879.163690537,-12803673.139926283,-6295660.493097461,-2704974.9916128614,-977438.0996513369,-281472.66705537605,-59737.1119184673,-8304.172330565672,-627.5850382042087,-18.870195404114877,-0.12829617714246652,-6.331899984390184e-05,-1.5778024373169558e-10,-6.386676452576602e-22,-1.1380103839706417e-56,0.0
61.75,-10380474157.461996,-10555080581.50523,-10731751864.63985,-10910507268.48586,-11091365925.583546,-11274346818.6109,-11459468758.395067,-11646750360.657043,-11836210021.424711,-12027865891.046955,-12221735846.738178,-12417837463.578465,-12616187983.89189,-12816804284.920635,-13019702844.709286,-13224899706.109236,-13432410438.80837,-13642250099.287256,-13854433188.597048,-14068973607.850851,-14285884611.313206,-14505178756.967796,-14726867854.437582,-14950962910.124798,-15177474069.432402,-15406410555.92143,-15637780607.251911,-15871591407.747404,-16107849017.415628,-16346558297.24916,-16587722830.62245,-16831344840.591728,-17077425102.895687,-17325962854.444733,-17576955697.07686,-17830399496.34731,-18086288275.10841,-18344614101.62425,-18605366971.953125,-18868534686.317783,-19134102719.17108,-19402054082.6505,-19672369183.100925,-19945025670.331303,-20219998279.25406,-20497258663.54171,-20776775220.918083,-21058512909.6846,-21342433056.06436,-21628493151.929623,-21916646642.45787,-22206842703.243744,-22499026006.37392,-22793136474.95097,-23089109025.53283,-23386873297.93096,-23686353371.79097,-23987467469.355595,-24290127643.78789,-24594239452.41057,-24899701614.19364,-25206405650.800888,-25514235510.481205,-25823067174.0718,-26132768242.354248,-26443197503.98708,-26754204483.21604,-27065628966.5446,-27377300507.53143,-27689037908.86333,-28000648680.84188,-28311928475.40977,-28622660494.83707,-28932614874.18468,-29241548036.66358,-29549202021.01792,-29855303780.07161,-30159564449.602303,-30461678586.735947,-30761323377.095985,-31058157809.99432,-31351821821.01652,-31641935401.435528,-31928097673.98697,-32209885934.65777,-32486854660.28316,-32758534481.913223,-33024431124.11001,-33284024310.565884,-33536766636.70485,-33782082410.240017,-34019366461.02343,-34247982921.94074,-34467263983.08298,-34676508621.978165,-34874981313.29495,-35061910722.15035,-35236488385.97353,-35397867390.81277,-35545161049.03529,-35677441586.57433,-35793738849.24834,-35893039039.22481,-35974283494.455185,-36036367525.89022,-36078139329.521255,-36098398992.8196,-36095897617.99044,-36069336587.66364,-36017367002.249344,-35938589322.238495,-35831553253.28537,-35694757917.01479,-35526652356.23018,-35325636429.61705,-35090062158.22025,-34818235594.01061,-34508419289.8308,-34158835460.0281,-33767669932.24817,-33333077003.29917,-9.177777720424639e-29,-2.3939827521707218e-29,-5.995753086097377e-30,-1.4391276916367025e-30,-3.303936418733119e-31,-7.239874894032231e-32,-8.821171835189525e-32,-1.8002741859015174e-32,-3.4852477448298844e-33,-6.383525983081644e-34,-1.1030387119675234e-34,-1.7927109899713993e-35,-2.731574718286157e-36,-3.88859223317067e-37,-5.152662339206511e-38,-6.329864168326905e-39,-7.178152642974514e-40,-7.479538429996342e-41,-7.125426453809577e-42,-6.172727837499033e-43,-4.834351073774223e-44,-3.401315932245207e-45,-2.1351197900931027e-46,-1.1869244952368483e-47,-5.7958889586631515e-49,-2.464122603368106e-50,-9.0331717088395e-52,-2.8251583761142653e-53,-7.45089192169112e-55,-1.6359427929631438e-56,-2.9483691406223116e-58,-4.2939970912934886e-60,-4.966897844026416e-62,-4.476028167533647e-64,-3.0758730452487983e-66,-1.5736152063285663e-68,-5.834531335182348e-71,-1.5210800610899565e-73,-2.6946411796092688e-76,-3.12058746361919e-79,-2.2605811549567937e-82,-9.740405568665376e-86,-2.3560688305860225e-89,-2.99271526708122e-93,-1.8474784709901991e-97,-5.06395518298706e-102,-5.542762826950017e-107,-2.1371479441426328e-112,-2.500229397162453e-118,-7.41907944133496e-125,-4.4950974080024943e-132,-4.265709991123757e-140,-34038440.11915473,-20911126.23359219,-11908789.307409186,-6181067.731150567,-2859358.9901880636,-1144163.191142287,-380110.3726396981,-98962.3914424814,-18568.713816153748,-2213.025148951407,-137.22761580019818,-3.1696683126009586,-0.014898500709584107,-4.227115151044853e-06,-4.187191409574349e-12,-2.678871775796281e-24,-1.8854505561155026e-61,0.0
61.5,-8473904206.828482,-8644750556.092297,-8817816982.498077,-8993128545.792192,-9170710344.527737,-9350587499.762943,-9532785137.652874,-9717328370.873838,-9904242278.816084,-10093551886.477251,-10285282141.985489,-10479457892.677197,-10676103859.650648,-10875244610.712278,-11076904531.628004,-11281107795.588146,-11487878330.78801,-11697239786.022636,-11909215494.188135,-12123828433.576036,-12341101186.841858,-12561055897.521864,-12783714223.966305,-13009097290.54969,-13237225636.011364,-13468119158.77248,-13701797059.066525,-13938277777.71241,-14177578931.35023,-14419717243.949436,-14664708474.39046,-14912567339.909004,-15163307435.181969,-15416941146.821796,-15673479563.034147,-15932932378.180515,-16195307791.974014,-16460612403.02237,-16728851096.41675,-17000026925.049768,-17274140984.328934,-17551192279.934834,-17831177588.25442,-18114091309.101395,-18399925310.31437,-18688668763.803627,-18980307972.59368,-19274826188.386383,-19572203419.14506,-19872416226.1734,-20175437510.137512,-20481236285.44982,-20789777442.406,-21101021496.43306,-21414924323.77745,-21731436882.925064,-22050504921.01408,-22372068664.460945,-22696062492.985577,-23022414596.179462,-23351046611.721485,-23681873244.30244,-24014801864.27516,-24349732085.00311,-24686555317.83068,-25025154303.55268,-25365402619.208263,-25707164158.975475,-26050292587.888657,-26394630767.048973,-26740010148.943752,-27086250141.43567,-27433157438.92811,-27780525319.15849,-28128132904.01609,-28475744382.728577,-28823108195.708347,-29169956177.30065,-29516002655.628246,-29860943507.68348,-30204455167.7815,-30546193587.454407,-30885793144.841354,-31222865501.614475,-31556998405.47272,-31887754436.24554,-32214669693.66877,-32537252424.93677,-32854981590.196384,-33167305364.23407,-33473639572.723675,-33773366061.550163,-34065830997.913,-34350343102.14521,-34626171809.46816,-34892545361.24797,-35148648825.7299,-35393622048.72206,-35626557535.27945,-35846498264.12734,-36052435437.36529,-36243306168.934456,-36417991116.42236,-36575312062.04974,-36714029450.15144,-36832839890.16037,-36930373636.05671,-37005192055.49056,-37055785104.366295,-37080568825.62932,-37077882894.37607,-37045988235.27004,-36983064742.64754,-36887209138.7145,-36756433010.94142,-36588661076.246864,-36381729726.91605,-36133385921.53931,-35841286493.69173,-35502997961.743286,-35115996935.233536,-3.4226737350537406e-28,-9.105132949551723e-29,-2.3270255504802322e-29,-5.7031565539638e-30,-1.3377806354677614e-30,-2.9971834125041403e-31,-3.642232809675322e-31,-7.607756845849774e-32,-1.5085459237444328e-32,-2.8323003310716894e-33,-5.020971282969265e-34,-8.379323291129588e-35,-1.3122512150119112e-35,-1.921881939933798e-36,-2.6226766345168755e-37,-3.321692956480116e-38,-3.888032382279972e-39,-4.1867109506746394e-40,-4.127148143437485e-41,-3.7046822255964266e-42,-3.0107633456886183e-43,-2.2015033285283482e-44,-1.4386018656783544e-45,-8.339614315434647e-47,-4.2545780658276176e-48,-1.893549009902437e-49,-7.282103148660361e-51,-2.3947062383888217e-52,-6.656924625501462e-54,-1.5446574712757355e-55,-2.950362037896996e-57,-4.567856099720916e-59,-5.635450087442776e-61,-5.436057295651674e-63,-4.014171054543919e-65,-2.216152610965649e-67,-8.90810201735085e-70,-2.530473031870447e-72,-4.911628702719852e-75,-6.270192229359843e-78,-5.0408420430406375e-81,-2.428453553221685e-84,-6.622177651221198e-88,-9.570682939799364e-92,-6.792141531458748e-96,-2.1652736025938011e-100,-2.7928572068020463e-105,-1.2880664242952914e-110,-1.83346429023366e-116,-6.750724569831618e-123,-5.191718871387366e-130,-6.421596156160546e-138,-18414527.04076801,-10843228.740576074,-5885673.776263327,-2891831.4278253885,-1255763.5603527112,-466759.1007020085,-142125.2346753437,-33330.09014313828,-5504.066983968491,-559.2144926491707,-28.245184972044466,-0.4963160390228036,-0.001590953802188288,-2.542464329408733e-07,-9.67563536623215e-14,-9.138587667680235e-27,-2.0701881191218037e-66,0.0
61.25,-6412204163.32576,-6577104751.84608,-6744353973.53115,-6913982570.784543,-7086021505.929995,-7260501950.371384,-7437455272.801141,-7616913026.399427,-7798906934.963316,-7983468877.901312,-8170630874.025782,-8360425064.070928,-8552883691.860704,-8748039084.04655,-8945923628.329777,-9146569750.079733,-9350009887.25244,-9556276463.510164,-9765401859.43602,-9977418381.732092,-10192358230.283005,-10410253462.960129,-10631135958.034916,-10855037374.061829,-11081989107.083685,-11312022245.004116,-11545167518.962196,-11781455251.53614,-12020915301.591845,-12263577005.582176,-12509469115.092257,-12758619730.41321,-13011056229.915508,-13266805194.979332,-13525892330.225828,-13788342378.77835,-14054179032.267317,-14323424835.27612,-14596101083.907951,-14872227718.135248,-15151823207.574198,-15434904430.306076,-15721486544.34551,-16011582851.333723,-16305204652.008806,-16602361092.981789,-16903059004.318186,-17207302727.39793,-17515093932.494595,-17826431425.484795,-18141310943.063496,-18459724935.805862,-18781662338.3794,-19107108326.16888,-19436044057.53648,-19768446400.893684,-20104287645.71613,-20443535196.582623,-20786151249.26768,-21132092447.862827,-21481309521.8436,-21833746901.93878,-22189342313.5946,-22548026346.759308,-22909722000.64275,-23274344202.03157,-23641799295.662563,-24011984505.074844,-24384787362.27599,-24760085104.467167,-25137744035.978752,-25517618853.469776,-25899551932.341686,-26283372572.210808,-26668896199.173283,-27055923522.47948,-27444239643.11832,-27833613111.685383,-28223794932.78493,-28614517513.08224,-29005493549.991924,-29396414857.848843,-29786951128.27176,-30176748621.28915,-30565428783.65672,-30952586790.656693,-31337790007.531715,-31720576366.57233,-32100452655.748425,-32476892714.655552,-32849335533.43545,-33217183250.23572,-33579799042.69164,-33936504908.858032,-34286579332.985405,-34629254831.53647,-34963715374.87897,-35289093680.17612,-35604468371.1393,-35908861000.51478,-36201232931.4633,-36480482074.36913,-36745439476.10141,-36994865759.36227,-37227447410.51662,-37441792915.22704,-37636428742.34758,-37809795177.88817,-37960242012.487335,-38086024087.76265,-38185296709.19391,-38256110935.8889,-38296408760.74152,-38304018198.18954,-38276648301.09335,-38211884133.269295,-38107181730.03217,-37959863085.83143,-37767111215.84181,-37525965347.32752,-37233316306.90072,-1.2708303854068382e-27,-3.447615943853305e-28,-8.99079864187321e-29,-2.2497927860961533e-29,-5.391629896086192e-30,-1.2349440621992068e-30,-1.4968021838399464e-30,-3.199618775901191e-31,-6.497920302505055e-32,-1.250475450461022e-32,-2.27408660302657e-33,-3.896671298040867e-34,-6.271474425911261e-35,-9.44867817939566e-36,-1.327784912915924e-36,-1.7336158987979534e-37,-2.0942675758897294e-38,-2.33029776930172e-39,-2.376746728864142e-40,-2.2103954088537367e-41,-1.863844924386673e-42,-1.4162303056291521e-43,-9.632662904759936e-45,-5.822359705097935e-46,-3.102868792476727e-47,-1.4454358714003083e-48,-5.830638137197036e-50,-2.0157466366622532e-51,-5.905293359309061e-53,-1.447849256715719e-54,-2.930330469444925e-56,-4.822003253753412e-58,-6.343785307670892e-60,-6.548757608521661e-62,-5.1952793175632696e-64,-3.0944427487816855e-66,-1.3481427110712115e-68,-4.171629776426272e-71,-8.869106944155667e-74,-1.247734518308553e-76,-1.1128606999784496e-79,-5.992182540579753e-83,-1.8414189767541823e-86,-3.026796851592576e-90,-2.4683496138496113e-94,-9.14749651092076e-99,-1.3896765521781544e-103,-7.6619647584337915e-109,-1.3261591797708558e-114,-6.054621225051322e-121,-5.906008698771905e-128,-9.51358026856156e-136,-9702579.897906888,-5467913.783585818,-2823998.2311213673,-1310909.5477326508,-533158.1672800102,-183594.83554263198,-51078.66594392215,-10749.319500692698,-1555.1470178323457,-133.92574258705258,-5.469333884786676,-0.07239560296525896,-0.00015609546121994443,-1.3762340266640347e-08,-1.943896000955385e-15,-2.5296278772588545e-29,-1.4992771153654684e-71,0.0
61.0,-4200822172.326141,-4357462246.153913,-4516547241.21373,-4678113288.428236,-4842196927.558057,-5008835102.647649,-5178065156.726603,-5349924825.71492,-5524452231.478052,-5701685873.973663,-5881664622.42938,-6064427705.486,-6250014700.237817,-6438465520.096478,-6629820401.401059,-6824119888.692126,-7021404818.562362,-7221716301.99108,-7425095705.064749,-7631584627.979044,-7841224882.211833,-8054058465.750046,-8270127536.245966,-8489474381.970832,-8712141390.425848,-8938171014.462015,-9167605735.75111,-9400488025.4407,-9636860301.815687,-9876764884.778055,-10120243946.945068,-10367339461.15405,-10618093144.148548,-10872546396.207067,-11130740236.46149,-11392715233.635405,-11658511431.917583,-11928168271.667292,-12201724504.629622,-12479218103.319769,-12760686164.21339,-13046164804.358204,-13335689050.99845,-13629292723.777912,-13927008309.06117,-14228866825.883455,-14534897683.009497,-14845128526.549995,-15159585077.548882,-15478290958.919683,-15801267511.068865,-16128533595.504543,-16460105385.683985,-16795996144.307257,-17136215986.215416,-17480771625.997917,-17829666109.35928,-18182898527.23533,-18540463711.58536,-18902351911.72108,-19268548449.960808,-19639033355.32212,-20013780973.885174,-20392759554.375145,-20775930807.419067,-21163249436.83816,-21554662641.23357,-21950109584.01474,-22349520829.90541,-22752817745.838604,-23159911864.02453,-23570704204.836075,-23985084557.012623,-24402930712.52837,-24824107653.308384,-25248466686.80372,-25675844527.254345,-26106062319.276527,-26538924600.20848,-26974218197.43366,-27411711056.676224,-27851150997.02537,-28292264388.197075,-28734754745.27912,-29178301235.93304,-29622557094.738537,-30067147939.069057,-30511669980.57416,-30955688126.023552,-31398733960.93145,-31840303609.03569,-32279855460.352448,-32716807760.16228,-33150536050.91756,-33580370458.68577,-34005592815.37017,-34425433607.57767,-34839068742.63919,-35245616121.93312,-35644132011.33105,-36033607198.27181,-36412962924.700775,-36781046584.87872,-37136627176.89713,-37478390496.64008,-37804934062.92477,-38114761762.66185,-38406278205.114685,-38677782774.745735,-38927463372.73778,-39153389838.11799,-39353507040.53029,-39525627638.14986,-39667424496.07699,-39776422762.84579,-39849991605.52716,-39885335607.37557,-39879485836.17926,-39829290596.53846,-39731405885.35549,-39582285577.03211,-4.697536535801081e-27,-1.2995251227884109e-27,-3.457805085188109e-28,-8.833766592736306e-29,-2.1627263853010948e-29,-5.064036444747344e-30,-6.121816759142649e-30,-1.3391427155969941e-30,-2.7851204621596183e-31,-5.493263508239787e-32,-1.0247315991965266e-32,-1.80270934775178e-33,-2.9814765326278262e-34,-4.620458487218456e-35,-6.685586910867583e-36,-8.997725785154318e-37,-1.1217007037147989e-37,-1.289575426523903e-38,-1.3607088518943108e-39,-1.3109589980526399e-40,-1.146810656226992e-41,-9.054067510701986e-43,-6.409020425329007e-44,-4.038624415997871e-45,-2.247972139518194e-46,-1.095918284803083e-47,-4.636240222688922e-49,-1.684769790854647e-50,-5.200644724165148e-52,-1.3470560647748626e-53,-2.8883406731546524e-55,-5.050661056083216e-57,-7.084097204754039e-59,-7.824480750768912e-61,-6.667204940201369e-63,-4.283328658585604e-65,-2.0220439322155176e-67,-6.813883487343545e-70,-1.5863255985628534e-72,-2.4585912142516277e-75,-2.4319616188948364e-78,-1.4630646756296398e-81,-5.064787669941672e-85,-9.464577731877383e-89,-8.865243870999738e-93,-3.817386259096476e-97,-6.826925898478551e-102,-4.4971757370188994e-107,-9.458980939257143e-113,-5.351179331461137e-119,-6.615639657082238e-126,-1.3866662564529067e-133,-4978297.741815024,-2680952.045108607,-1315179.566130949,-575657.9206016595,-218777.3772206965,-69609.03752544825,-17638.939374735022,-3318.4948556354298,-418.6567560511432,-30.382673474978706,-0.9957618361816248,-0.009830326622965953,-1.4059229096242115e-05,-6.696842294228488e-10,-3.3903081278067646e-17,-5.668461435830421e-32,-7.127678560585913e-77,0.0
60.75,-1847587020.2740304,-1993554461.8751743,-2142025511.440866,-2293041207.6469383,-2446643188.5072165,-2602873693.723628,-2761775566.543679,-2923392255.084036,-3087767813.0746703,-3254946899.976048,-3424974780.4183183,-3597897322.907765,-3773760997.742808,-3952612874.0772834,-4134500616.06508,-4319472478.015964,-4507577298.487094,-4698864493.230557,-4893384046.911587,-5091186503.50642,-5292322955.283271,-5496845030.26256,-5704804878.047215,-5916255153.904982,-6131249000.978445,-6349840030.489147,-6572082299.794124,-6798030288.1436615,-7027738869.979211,-7261263285.599285,-7498659109.011147,-7739982212.772372,-7985288729.615326,-8234635010.63208,-8488077579.784724,-8745673084.488422,-9007478241.99974,-9273549781.323904,-9543944380.336334,-9818718597.793364,-10097928799.88601,-10381631080.966991,-10669881178.057318,-10962734378.712645,-11260245421.800987,-11562468390.71464,-11869456598.506104,-12181262464.405231,-12497937381.137104,-12819531572.422531,-13146093940.000963,-13477671899.471466,-13814311204.200577,-14156055756.494408,-14502947405.17979,-14855025728.679691,-15212327802.608065,-15574887950.84298,-15942737478.965292,-16315904388.876266,-16694413073.326324,-17078283989.000517,-17467533306.714706,-17862172537.178368,-18262208130.673187,-18667641048.885254,-19078466307.007904,-19494672484.103104,-19916241199.571312,-20343146553.433605,-20775354527.970955,-21212822348.098045,-21655497797.668453,-22103318488.716423,-22556211080.43329,-23014090444.45854,-23476858772.82936,-23944404624.682022,-24416601907.53102,-24893308788.66485,-25374366531.893,-25859598254.55222,-26348807599.333145,-26841777315.11805,-27338267740.625145,-27838015184.235954,-28340730192.93441,-28846095702.81004,-29353765063.074627,-29863359925.003136,-30374467986.64243,-30886640583.528915,-31399390115.017693,-31912187295.15504,-32424458216.314163,-32935581213.06746,-33444883512.98511,-33951637660.22497,-34455057696.92119,-34954295086.48225,-35448434361.980225,-35936488481.85166,-36417393874.14192,-36890005149.51415,-37353089462.21715,-37805320497.17113,-38245272060.30191,-38671411248.23631,-39082091172.49373,-39475543212.378296,-39849868769.92559,-40203030499.515305,-40532842984.157394,-40836962830.04357,-41112878150.77279,-41357897412.77281,-41569137613.91662,-41743511768.26208,-41877715671.31594,-41968213922.362335,-42011225183.33014,-1.7285383407586414e-26,-4.8758349515271584e-27,-1.323648515622065e-27,-3.4521511158724154e-28,-8.63362543977284e-29,-2.066451272432636e-29,-2.4916025094892977e-29,-5.5770590339716836e-30,-1.1877622017402762e-30,-2.400858917986213e-31,-4.593651562058632e-32,-8.295929280151499e-33,-1.4098139852655621e-33,-2.24712727622402e-34,-3.3476371348986717e-35,-4.643618792820925e-36,-5.973392181900891e-37,-7.094713300006022e-38,-7.74376248225217e-39,-7.727919007901317e-40,-7.012546185210649e-41,-5.751766176007818e-42,-4.23670144181226e-43,-2.782912855895461e-44,-1.6176639494385704e-45,-8.252066873346114e-47,-3.6606089506388607e-48,-1.3980151459464376e-49,-4.546374910601917e-51,-1.24383362202546e-52,-2.824961087520849e-54,-5.248253593675618e-56,-7.846488847684e-58,-9.270664109363109e-60,-8.482733419489689e-62,-5.876650749303781e-64,-3.0052509669446233e-66,-1.1025488964908134e-68,-2.8098939847104352e-71,-4.796207542342982e-74,-5.2598454769344694e-77,-3.534147838064284e-80,-1.3776637466946212e-83,-2.925568035034685e-87,-3.1460725588505705e-91,-1.573296660407973e-95,-3.3104374193906825e-100,-2.603965880094125e-105,-6.651378402676762e-111,-4.659355206639405e-117,-7.295019861932426e-124,-1.987936181316376e-131,-2486940.6674847,-1277838.5933483003,-594379.1087667327,-244817.61330746143,-86741.85654256667,-25431.707677722294,-5850.865298221073,-980.2724932983037,-107.33683118619399,-6.5258729068912285,-0.17035023490358248,-0.0012416771999420448,-1.1613998752655818e-06,-2.926106627369598e-11,-5.125064912573521e-19,-1.0258075278624043e-34,-2.213552797328653e-82,0.0
60.5,637154194.8303838,504331327.7849133,368988638.1533699,231080848.7950188,90561897.97665954,-52615070.24927229,-198497715.46287853,-347134510.0615176,-498574748.1780759,-652868554.2977833,-810066891.5356929,-970221569.5341612,-1133385251.9365969,-1299611463.3903975,-1468954596.0284555,-1641469915.37528,-1817213565.6189232,-1996242574.1863904,-2178614855.555444,-2364389214.230295,-2553625346.804435,-2746383843.0267987,-2942726185.782997,-3142714749.8957934,-3346412799.642459,-3553884484.8796043,-3765194835.65738,-3980409755.1976094,-4199596011.100328,-4422821224.634137,-4650153857.955282,-4881663199.08918,-5117419344.496543,-5357493179.032889,-5601956353.097709,-5850881256.753596,-6104340990.581265,-6362409333.018929,-6625160703.916931,-6892670124.018839,-7165013170.060332,-7442265925.154695,-7724504924.109769,-8011807093.296862,-8304249684.6637,-8601910203.455307,-8904866329.17491,-9213195829.283606,-9526976465.101166,-9846285889.332842,-10171201534.603865,-10501800492.340136,-10838159381.285915,-11180354204.896694,-11528460196.792454,-11882551653.395067,-12242701752.812023,-12608982358.959826,-12981463809.84625,-13360214688.853231,-13745301577.77691,-14136788790.290283,-14534738084.395914,-14939208352.3323,-15350255286.282463,-15767931018.113665,-16192283731.24484,-16623357242.59917,-17061190552.44673,-17505817359.779495,-17957265540.68726,-18415556587.01219,-18880705002.35917,-19352717652.31929,-19831593065.52965,-20317320681.939465,-20809880044.38051,-21309239929.24601,-21815357411.76846,-22328176861.044872,-22847628859.594746,-23373629041.840923,-23906076845.48073,-24444854169.2585,-24989823930.161377,-25540828512.529736,-26097688101.008984,-26660198888.65568,-27228131150.856083,-27801227175.00769,-28379199035.15523,-28961726199.958267,-29548452961.488743,-30138985671.41944,-30732889770.153263,-31329686593.36114,-31928849939.23804,-32529802378.54371,-33131911288.16689,-33734484587.531948,-34336766155.650444,-34937930905.00414,-35537079486.72534,-36133232599.70757,-36725324874.34264,-37312198299.51792,-37892595159.33862,-38465150443.74907,-39028383694.82095,-39580690247.96006,-40120331824.65932,-40645426430.70404,-41153937510.92902,-41643662308.75477,-42112219375.811386,-42557035174.02907,-42975329709.66621,-43364101135.91432,-43720109258.01847,-44039857872.36271,-44319575868.77709,-6.331102338503467e-26,-1.8208599109046048e-26,-5.042884009467728e-27,-1.342572789597806e-27,-3.429715528567801e-28,-8.39063692419175e-29,-1.0090725160903397e-28,-2.3109761577353013e-29,-5.039557784152409e-30,-1.0438658244812331e-30,-2.048382301062476e-31,-3.797268950455579e-32,-6.630096161706089e-33,-1.0868186036862094e-33,-1.6667932164913572e-34,-2.3827639760871636e-35,-3.162424884544698e-36,-3.879992152195394e-37,-4.380237132594913e-38,-4.5273463928079427e-39,-4.261027112741306e-40,-3.6304285025448157e-41,-2.7823099139588185e-42,-1.9047892911420627e-43,-1.1561227844200566e-44,-6.1702078144805695e-46,-2.869619977119432e-47,-1.1515815717228866e-48,-3.944656441905329e-50,-1.1397126434668484e-51,-2.741255267748545e-53,-5.409616281250089e-55,-8.619034668758955e-57,-1.089082521562038e-58,-1.0698405942903811e-60,-7.990245785901115e-63,-4.425237453658214e-65,-1.7670276009747507e-67,-4.928315911950525e-70,-9.261483143161676e-73,-1.1256683424870951e-75,-8.444358625565861e-79,-3.7052172031359073e-82,-8.93762331911616e-86,-1.1029333043747189e-89,-6.402365817263283e-94,-1.5841449784579083e-98,-1.4870398698598906e-103,-4.609872112791546e-109,-3.9957828116673907e-115,-7.916587694032183e-122,-2.802263168505977e-129,-1209367.211249766,-591958.2649737848,-260614.5428742908,-100807.98650276284,-33220.7915808953,-8950.56534191177,-1863.483455310042,-276.9622235369584,-26.19636655684235,-1.3263816920768028,-0.027366740943958905,-0.0001457835727238645,-8.791269766593348e-08,-1.146681907337978e-12,-6.704416381374282e-21,-1.4955483421828416e-37,-4.4684137068895147e-88,0.0
60.25,3240433645.6401005,3123244094.3017235,3003565190.496775,2881348271.555648,2756543717.4021845,2629100933.577812,2498968334.1557565,2366093324.561128,2230422284.315899,2091900549.7282383,1950472396.54852,1806081022.61598,1658668530.5227923,1508175910.324363,1354543022.3276246,1197708579.9918213,1037610132.9796686,874184050.3998437,707365504.2855656,537088453.3577604,363285627.1256029,185888510.38219643,4827328.156546116,-179968968.8095838,-368572717.9877439,-561057558.3124207,-757498442.6683617,-957971649.5235368,-1162554793.6069863,-1371326835.5233436,-1584368090.1872485,-1801760233.95095,-2023586310.288244,-2249930733.887542,-2480879292.9947987,-2716519149.8338337,-2956938838.919234,-3202228263.060893,-3452478686.844842,-3707782727.356908,-3968234341.8982,-4233928812.4212136,-4504962726.394394,-4781433953.780296,-5063441619.787329,-5351086073.028811,-5644468848.694552,-5943692626.309438,-6248861181.619432,-6560079332.111157,-6877452875.630751,-7201088521.527413,-7531093813.701655,-7867577044.889427,-8210647161.462176,-8560413657.964592,-8916986460.552881,-9280475798.429678,-9650992062.30046,-10028645648.800495,-10413546789.75881,-10805805365.074814,-11205530697.888254,-11612831330.618883,-12027814780.337782,-12450587271.812828,-12881253446.437223,-13319916045.108795,-13766675562.97306,-14221629873.77684,-14684873821.399414,-15156498775.932133,-15636592151.467575,-16125236882.530643,-16622510855.836227,-17128486293.791395,-17643229085.8695,-18166798063.66909,-18699244215.133263,-19240609833.03173,-19790927592.414364,-20350219551.307693,-20918496068.45973,-21495754631.428783,-22081978587.762325,-22677135771.412827,-23281177015.89204,-23894034544.960133,-24515620230.88823,-25145823709.50291,-25784510340.3292,-26431518999.175648,-27086659689.451923,-27749710957.368423,-28420417094.928776,-29098485113.282658,-29783581467.553726,-30475328512.67827,-31173300668.08272,-31877020267.17704,-32585953065.63643,-33299503380.274628,-34017008827.96385,-34737734631.5185,-35460867456.71564,-36185508741.66021,-36910667476.50812,-37635252388.10696,-38358063480.4042,-39077782877.47242,-39792964911.70953,-40502025395.16467,-41203230007.00603,-41894681724.87755,-42574307222.26592,-43239842148.02371,-43888815197.85549,-44518530880.87774,-45126050877.32187,-45708173876.07691,-46261413773.09806,-2.307999454261368e-25,-6.76754861511503e-26,-1.911978458693036e-26,-5.1958080881013e-27,-1.355684966791429e-27,-3.389753015932762e-28,-4.066054535577339e-28,-9.527061482222315e-29,-2.127127884207306e-29,-4.514656951605108e-30,-9.085076400687688e-31,-1.728636007693426e-31,-3.1007277548843696e-32,-5.226738073770114e-33,-8.25137502693005e-34,-1.2155200458158321e-34,-1.6642928146200413e-35,-2.109060743375976e-36,-2.4623823685795754e-37,-2.6356345150353635e-38,-2.5725218169986697e-39,-2.276483000201556e-40,-1.8149900847429222e-41,-1.2948637826443348e-42,-8.205128668031055e-44,-4.5807404925870015e-45,-2.2331825709785213e-46,-9.415273513832364e-48,-3.3964995239974798e-49,-1.0361581741485617e-50,-2.6387554426061123e-52,-5.530206223941273e-54,-9.387951547818109e-56,-1.2683530770821824e-57,-1.3372929860470157e-59,-1.0764732712090357e-61,-6.454864512239202e-64,-2.804516526096144e-66,-8.557417453021939e-69,-1.7699302790443242e-71,-2.383354281738083e-74,-1.9953820744506502e-77,-9.85113377167626e-81,-2.6980324498998613e-84,-3.81890724561582e-88,-2.5719277432277837e-92,-7.47915854150092e-97,-8.373291943403032e-102,-3.148222876515254e-107,-3.37412898295594e-113,-8.452486434758221e-120,-3.882958060922717e-127,-572361.4308712834,-266462.9016357337,-110836.54758943146,-40179.338248665605,-12286.123586597476,-3033.5023484070175,-569.6725285347104,-74.81316788846831,-6.083107190265879,-0.2549616155957134,-0.004125868539229273,-1.5897653506186605e-05,-6.0920270764591135e-09,-4.0253873555292345e-14,-7.577351267807285e-23,-1.7522310101247576e-40,-5.833766886464363e-94,0.0
60.0,5946602339.577286,5847503687.147781,5745996197.216401,5642028846.039678,5535549499.376981,5426504888.388453,5314840585.097956,5200500977.422449,5083429243.769954,4963567327.209363,4840855909.216502,4715234383.001946,4586640826.428054,4455011974.523624,4320283191.60656,4182388443.0266194,4041260266.5426455,3896829743.35056,3749026468.7808094,3597778522.686777,3443012439.5482883,3284653178.3177304,3122624092.039204,2956846897.275244,2787241643.379487,2613726681.657728,2436218634.465115,2254632364.2915545,2068880942.893453,1878875620.5363207,1684525795.4178867,1485738983.3504424,1282420787.7868695,1074474870.284745,861802921.5107276,644304632.8984298,421877669.08234096,194417641.2428726,-38181918.48993436,-276029581.4138536,-519236045.2369206,-767914155.4737754,-1022178925.0468316,-1282147551.865301,-1547939434.1335154,-1819676183.119489,-2097481633.0895767,-2381481848.0897865,-2671805125.226109,-2968581994.065916,-3271945211.74961,-3582029753.364958,-3898972797.099603,-4222913703.6432266,-4553993989.266571,-4892357291.954137,-5238149329.913956,-5591517851.730231,-5952612577.359458,-6321585129.104017,-6698588951.621608,-7083779219.947938,-7477312734.421562,-7879347801.306475,-8290044097.80069,-8709562520.009964,-9138065012.340334,-9575714376.631584,-10022674059.208668,-10479107913.869589,-10945179938.658691,-11421053984.086315,-11906893430.253908,-12402860830.12288,-12909117515.925495,-13425823165.45374,-13953135324.67899,-14491208882.84277,-15040195495.8242,-15600242953.217756,-16171494484.157492,-16754087996.482767,-17348155243.36731,-17953820911.008923,-18571201620.41417,-19200404835.689312,-19841527670.575703,-20494655584.229004,-21159860956.43692,-21837201531.59094,-22526718719.767044,-23228435742.22264,-23942355607.46901,-24668458902.8296,-25406701385.02368,-26157011351.820827,-26919286775.177486,-27693392174.47912,-28479155206.558704,-29276362947.02747,-30084757835.11636,-30904033251.67748,-31733828697.199863,-32573724533.64508,-33423236250.5731,-34281808212.380203,-35148806839.491234,-36023513171.993034,-36905114759.44576,-37792696815.41614,-38685232569.61869,-39581572744.37093,-40480434075.33914,-41380386789.21963,-42279840943.0201,-43177031520.93376,-44070002175.37879,-44956587488.56335,-45834393619.87605,-46700777192.454,-47552822259.3876,-8.37359760923024e-25,-2.503093128004717e-25,-7.213527100217159e-26,-2.0007737885181223e-26,-5.331594388618727e-27,-1.3624037773179447e-27,-1.6300186802402086e-27,-3.9071178647987485e-28,-8.930857562224696e-29,-1.942076723287481e-29,-4.00746385904221e-30,-7.825639007980576e-31,-1.4419517143183968e-31,-2.4992254695712376e-32,-4.060954991664796e-33,-6.163892708979322e-34,-8.705705801898766e-35,-1.1393656681820316e-35,-1.3755561236312484e-36,-1.524539624745907e-37,-1.5429820075224495e-38,-1.4179816961209732e-39,-1.175933935699449e-40,-8.741355113691717e-42,-5.7820150628704245e-43,-3.376104355001407e-44,-1.7250316511970885e-45,-7.639580219320348e-47,-2.9018431433127805e-48,-9.345327274175913e-50,-2.5194173613362703e-51,-5.606302162688175e-53,-1.0137886749042419e-54,-1.4641402341140128e-56,-1.65649507492783e-58,-1.4367761568129975e-60,-9.325244404041582e-63,-4.40724802449137e-65,-1.470773350609844e-67,-3.3469220845022505e-70,-4.991436478662229e-73,-4.6620631170788996e-76,-2.5886482034794507e-79,-8.046266730781189e-83,-1.3057005718692194e-86,-1.0196869518963294e-90,-3.4830204243840454e-95,-4.647814141347018e-100,-2.118014867017109e-105,-2.804705537928856e-111,-8.876500075363913e-118,-5.287287176386675e-125,-263576.99355522473,-116522.49009068817,-45709.179911270425,-15496.792018582382,-4386.37910789472,-989.7030840921556,-167.08964353017905,-19.3120591007498,-1.3433392578094518,-0.046324353690378836,-0.0005833521595111885,-1.6089368737101266e-06,-3.8609462591538023e-10,-1.2643065025644273e-15,-7.386663302230452e-25,-1.6456661029959631e-43,-4.900625481634776e-100,0.0
59.75,8737318073.958326,8658684630.101904,8577775230.290004,8494537666.076421,8408918492.214241,8320862995.976195,8230315165.719688,8137217658.681358,8041511767.986904,7943137388.861707,7842032984.027803,7738135548.273611,7631380572.182701,7521702005.008656,7409032216.683645,7293301958.948489,7174440325.593506,7052374711.799608,6927030772.570553,6798332380.247932,6666201581.102184,6530558550.99432,6391321550.103959,6248406876.722218,6101728820.109065,5951199612.417459,5796729379.689186,5638226091.929538,5475595512.271849,5308741145.246045,5137564184.168691,4961963457.677028,4781835375.433764,4597073873.034412,4407570356.154678,4213213643.981995,4013889911.981663,3809482634.05573,3599872524.161292,3384937477.46364,3164552511.109712,2938589704.7186007,2706918140.697492,2469403844.504201,2225909724.9933267,1976295514.996614,1720417712.3078554,1458129521.2589283,1189280795.097211,913717979.3941144,631284056.741904,341818493.021558,45157185.55429605,-258867586.51774985,-570427209.2414724,-889696777.8337576,-1216855137.171865,-1552084918.2857692,-1895572570.2930768,-2247508387.1633844,-2608086528.637485,-2977505034.560967,-3355965831.818789,-3743674732.980353,-4140841425.674926,-4547679451.625736,-4964406174.16568,-5391242732.945023,-5828413984.41788,-6276148426.557892,-6734678106.106674,-7204238506.494241,-7685068414.395074,-8177409762.687061,-8681507447.368734,-9197609115.7559,-9725964923.02376,-10266827253.878822,-10820450405.840973,-11387090230.274162,-11967003726.940731,-12560448587.444153,-13167682682.484236,-13788963487.358904,-14424547439.612894,-15074689222.145008,-15739640964.441242,-16419651353.890528,-17114964648.363731,-17825819580.377537,-18552448142.22576,-19295074240.425888,-20053912206.68907,-20829165151.37213,-21621023143.989933,-22429661203.85199,-23255237082.21609,-24097888815.51385,-24957732027.17737,-25834856953.3656,-26729325165.428444,-27641165959.238808,-28570372378.533512,-29516896836.110115,-30480646293.09577,-31461476952.495422,-32459188418.81182,-33473517270.65151,-34504129987.85839,-35550615168.78306,-36612474966.7562,-37689115667.61638,-38779837322.18746,-39883822338.82543,-41000122931.48409,-42127647308.09061,-43265144472.28464,-44411187498.65048,-45564155127.35487,-46722211508.47462,-47883283909.12663,-3.023234413594401e-24,-9.21247295311864e-25,-2.707916635276408e-25,-7.665389950239229e-26,-2.085999763522682e-26,-5.447144419307479e-27,-6.500416796445522e-27,-1.5938526687196407e-27,-3.729499609094716e-28,-8.308609844595307e-29,-1.7578922193500607e-29,-3.5227155035891144e-30,-6.667112801494679e-31,-1.1880566781800082e-31,-1.9867466946492024e-32,-3.1068071152686526e-33,-4.5258126145415415e-34,-6.116538545616078e-35,-7.635156511972379e-36,-8.76103156766922e-37,-9.193262235142774e-38,-8.772542653879992e-39,-7.566227868470089e-40,-5.859462782443872e-41,-4.04511718362932e-42,-2.469930857941086e-43,-1.322470939873041e-44,-6.151008083704519e-46,-2.4596701171116783e-47,-8.360646328564583e-49,-2.38555813575122e-50,-5.635182528689606e-52,-1.0852323662839394e-53,-1.675023332117759e-55,-2.0330145720924337e-57,-1.8995311030841345e-59,-1.3340817249419062e-61,-6.85639988059481e-64,-2.50166756380229e-66,-6.261354401926531e-69,-1.0338034668651234e-71,-1.0768041093123856e-74,-6.721787592394345e-78,-2.3701242269739773e-81,-4.407236531756125e-85,-3.989004238186826e-89,-1.5995587784150542e-93,-2.5425583709545917e-98,-1.4033471686537192e-103,-2.29434468855098e-109,-9.166080270499653e-116,-7.072718907606933e-123,-118078.25409564798,-49488.18860290391,-18274.329278456324,-5782.054204770715,-1511.266186913792,-310.7236173205686,-47.002674801196775,-4.76184417690486,-0.28196743082042797,-0.007950916268625145,-7.729884705612619e-05,-1.5099941313356566e-07,-2.2357302514885724e-11,-3.548412807926246e-17,-6.200396765349738e-27,-1.2357633034567127e-46,-2.6351110399467303e-106,0.0
59.5,11591587631.723602,11535655144.880947,11477633064.137486,11417469297.637264,11355110423.727016,11290501654.56544,11223586798.676311,11154308222.414682,11082606810.31466,11008421924.287016,10931691361.633556,10852351311.844627,10770336312.145763,10685579201.75842,10598011074.839155,10507561232.061045,10414157130.80037,10317724333.891275,10218186456.91028,10115465113.952007,10009479861.857365,9900148142.854856,9787385225.574991,9671104144.398344,9551215637.096985,9427628080.729248,9300247425.747976,9168977128.282244,9033718080.553389,8894368539.386602,8750824052.77978,8602977384.492474,8450718436.619399,8293934170.113582,8132508523.226525,7966322327.835192,7795253223.626898,7619175570.1176195,7437960356.480936,7251475109.170378,7059583797.320428,6862146735.918023,6659020486.7415695,6450057757.069887,6235107296.172956,6014013789.601952,5786617751.307477,5552755413.623707,5312258615.168464,5064954686.721684,4810666335.159822,4549211525.539046,4280403361.438362,4004049963.69408,3719954347.6778393,3427914299.2973185,3127722249.9235177,2819165150.480323,2502024344.96569,2176075443.709895,1841088196.7182453,1496826367.4911995,1143047607.7653632,779503333.6736274,405938603.8856328,22092000.35743898,-372304487.6060247,-777525575.1877972,-1193852788.9160335,-1621574567.5602198,-2060986355.9739256,-2512390690.6658893,-2976097275.746583,-3452423047.7441607,-3941692227.617676,-4444236358.1110325,-4960394324.386723,-5490512355.653088,-6034944005.252083,-6594050106.396021,-7168198700.441824,-7757764934.253203,-8363130922.830567,-8984685572.97885,-9622824363.328972,-10277949075.52718,-10950467470.851389,-11640792905.899153,-12349343880.31199,-13076543508.74926,-13822818908.488869,-14588600493.11258,-15374321161.70711,-16180415371.882614,-17007318083.651249,-17855463559.816227,-18725284006.978085,-19617208039.548862,-20531658947.26359,-21469052744.567818,-22429795977.91249,-23414283264.386147,-24422894532.21818,-25455991930.47212,-26513916371.67349,-27596983667.139103,-28705480210.356915,-29839658158.84271,-30999730059.429543,-32185862855.852894,-33398171210.713085,-34636710066.3471,-35901466360.7351,-37192349805.20635,-38509182620.28136,-39851688114.379456,-41219477977.189735,-42612038145.10646,-44028713080.10109,-45468688285.56569,-46930970862.80656,-1.0861194568740981e-23,-3.3735814727567416e-24,-1.0113640006873982e-24,-2.9216148857806096e-25,-8.118779453874497e-26,-2.1662926503592763e-26,-2.578570762026541e-26,-6.466857997991624e-27,-1.548904165224829e-27,-3.5348320622012246e-28,-7.667501596053967e-29,-1.5766436179878157e-29,-3.0646498862151053e-30,-5.614112660166014e-31,-9.661036804406576e-32,-1.5563003644404395e-32,-2.3380848977598445e-33,-3.262637119009379e-34,-4.2104197665860703e-35,-5.0013223163187763e-36,-5.440446174850922e-37,-5.389854885085936e-38,-4.834045573126581e-39,-3.899483494347313e-40,-2.8092202711987313e-41,-1.7934365186879828e-42,-1.006082712388314e-43,-4.9136505245192703e-45,-2.0681397135006003e-46,-7.418227113567784e-48,-2.2397797724837635e-49,-5.61527047084591e-51,-1.1514098237962374e-52,-1.898830082478028e-54,-2.471764359957229e-56,-2.4871535179363534e-58,-1.8896400095260767e-60,-1.0557643102387997e-62,-4.210317663079096e-65,-1.1586232392912548e-67,-2.1170990251016907e-70,-2.4581819918158372e-73,-1.7243705183816926e-76,-6.894184752809908e-80,-1.46828175425855e-83,-1.5393935418626192e-87,-7.242340195146639e-92,-1.370413580632158e-96,-9.154982213782348e-102,-1.8465191306216654e-107,-9.304259079553831e-114,-9.29154196460432e-121,-51446.167103524196,-20407.914143826474,-7080.655022981705,-2086.357809279764,-502.30914588969745,-93.84019195664182,-12.675437292220595,-1.12102395540734,-0.056225853165733884,-0.001288357688395624,-9.59264460222706e-06,-1.3130535420478593e-08,-1.1816845742782981e-12,-8.887900611233243e-19,-4.473867099998634e-29,-7.400079219453414e-50,-9.021791046008773e-113,0.0
59.25,14485868256.437378,14454676646.453732,14421635046.262045,14386692872.841309,14349798159.333073,14310897514.10432,14269936078.48866,14226857483.160564,14181603803.09527,14134115511.065945,14084331429.627249,14032188681.533314,13977622638.536282,13920566868.509212,13860953080.83618,13798711070.00903,13733768657.370308,13666051630.937576,13595483683.243816,13521986347.125986,13445478929.391285,13365878442.28906,13283099532.713312,13197054409.059072,13107652765.65294,13014801704.67632,12918405655.496748,12818366291.320982,12714582443.080145,12606950010.455853,12495361869.952744,12379707779.92057,12259874282.427298,12135744601.880993,12007198540.296804,11874112369.102634,11736358717.37474,11593806456.392576,11446320580.399996,11293762083.457878,11135987832.271784,10972850434.876545,10804198105.0585,10629874522.394548,10449718687.787807,10263564774.377514,10071241973.702929,9872574336.99956,9667380611.50963,9455474071.687696,9236662345.187897,9010747233.520647,8777524527.27127,8536783815.780093,8288308291.187607,8031874546.758858,7767252369.409247,7494204526.3653,7212486545.908329,6921846492.163169,6622024733.911878,6312753707.434246,5993757673.399391,5664752467.859595,5325445247.429743,4975534228.769218,4614708422.524582,4242647361.9349184,3859020826.355021,3463488560.0072927,3055699986.3401914,2635293918.444056,2201898266.0575047,1755129739.791741,1294593553.3045912,819883124.2725618,330579775.1431754,-173747565.20312807,-693542657.5874716,-1229262244.9801238,-1781376339.5739565,-2350368502.5586195,-2936736114.413358,-3540990633.2406654,-4163657838.338876,-4805278055.8429785,-5466406362.856208,-6147612766.034078,-6849482350.073567,-7572615390.982971,-8317627428.369635,-9085149290.263803,-9875827063.19362,-10690321999.32881,-11529310351.503738,-12393483125.804493,-13283545740.145988,-14200217575.850569,-15144231407.660864,-16116332695.847397,-17117278722.08555,-18147837548.55353,-19208786777.20645,-20300912083.385174,-21425005494.781384,-22581863383.2556,-23772284133.058445,-24997065444.56189,-26257001227.62973,-27552878033.155933,-28885470965.010136,-30255539007.56366,-31663819696.017525,-33111023047.82353,-34597824663.43499,-36124857893.31917,-37692704955.44534,-39301886873.1445,-40952852087.13218,-42645963577.35811,-44381484309.93859,-3.882320862718965e-23,-1.2290892898065013e-23,-3.7577269483252505e-24,-1.1077060388707575e-24,-3.143014447539213e-25,-8.568597811021417e-26,-1.0173383423146448e-25,-2.609459856733356e-26,-6.3969523753681285e-27,-1.49535733081912e-27,-3.3251493744975723e-28,-7.015257997286236e-29,-1.4003452015092896e-29,-2.636888477200925e-30,-4.669017787951259e-31,-7.747208995748572e-32,-1.2001819044810699e-32,-1.729033363480929e-33,-2.306486014328198e-34,-2.835807262680723e-35,-3.197449322847996e-36,-3.2883083649402333e-37,-3.0663588079514487e-38,-2.576152505096479e-39,-1.9363641949628684e-40,-1.2922960948641042e-41,-7.594181183512882e-43,-3.8938864471065263e-44,-1.7247312330662326e-45,-6.526980425785295e-47,-2.084881939744633e-48,-5.546235888484496e-50,-1.210601017136626e-51,-2.132595990936301e-53,-2.9765838251361553e-55,-3.224659431137943e-57,-2.6495624318376264e-59,-1.6087986857797066e-61,-7.010044643062072e-64,-2.1202352596684601e-66,-4.285967815625477e-69,-5.54524726844051e-72,-4.369361674956672e-75,-1.97985741354439e-78,-4.8269525076420277e-82,-5.858933619867425e-86,-3.2320939192557022e-90,-7.275751946610434e-95,-5.878788337704938e-100,-1.4616674136840511e-105,-9.281231251580982e-112,-1.1983932370412744e-118,-21794.53211826595,-8169.259139672447,-2658.097850150325,-727.8161700116201,-161.0064320428684,-27.250849223081158,-3.2755460644402636,-0.251848281869221,-0.010645394423955713,-0.0001969694287542451,-1.1140790392575805e-06,-1.0570443472610512e-09,-5.695002777779997e-14,-1.984188391480819e-20,-2.7699854418444762e-31,-3.5244362430686037e-53,-1.9561282059554012e-119,0.0
59.0,17394232378.717213,17389567870.02902,17383344512.188046,17375514674.017933,17366029329.888226,17354838015.657463,17341888783.07995,17327128152.6173,17310501064.593975,17291950828.63328,17271419071.30767,17248845681.934658,17224168756.446823,17197324539.261196,17168247363.070824,17136869586.477364,17103121529.380964,17066931406.040092,17028225255.709791,16986926870.764076,16942957722.2035,16896236882.44553,16846680945.290352,16794203942.95142,16738717260.034573,16680129544.345331,16618346614.399094,16553271363.503485,16484803660.277166,16412840245.4641,16337274624.89574,16257996958.448795,16174893944.839148,16087848702.086958,15996740643.480534,15901445348.860653,15801834431.039412,15697775397.160492,15589131504.800228,15475761612.601572,15357520025.22412,15234256332.386185,15105815241.76574,14972036405.518578,14832754240.163515,14687797739.574535,14536990280.811548,14380149422.510868,14217086695.548058,14047607385.674496,13871510307.820845,13688587571.749376,13498624338.727468,13301398568.8851,13096680758.908112,12884233669.710629,12663812043.719204,12435162311.3924,12198022286.590946,11952120850.404593,11697177623.033848,11432902623.318213,11158995915.496672,10875147242.779575,10581035647.309368,10276329076.08411,9960683972.418232,9633744852.51629,9295143866.740826,8944500345.162134,8581420326.98903,8205496073.494333,7816305564.068954,7413411975.061558,6996363141.093665,6564690998.575651,6117911011.195683,5655521577.208389,5177003418.413545,4681818950.793228,4169411636.864309,3639205319.909493,3090603540.3713098,2522988834.83661,1935722018.2019804,1328141449.8021984,699562284.5000751,49275709.98910469,-623451828.1527194,-1319379411.7888496,-2039292443.6821,-2784003446.4064765,-3554352863.5380254,-4351209859.390506,-5175473112.915884,-6028071600.658763,-6909965362.821001,-7822146245.541719,-8765638611.417727,-9741500009.061262,-10750821791.091051,-11794729668.364508,-12874384186.449142,-13990981108.274254,-15145751684.568434,-16339962791.025051,-17574916908.122078,-18851951916.078728,-20172440673.52793,-21537790344.03654,-22949441429.54945,-24408866464.082363,-25917568314.442787,-27477078027.313145,-29088952153.551464,-30754769470.914745,-32476127015.425064,-34254635319.08118,-36091912737.36883,-37989578733.78428,-39949245970.08454,-1.380621612538141e-22,-4.454651465825152e-23,-1.3888288542899028e-23,-4.177328230187481e-24,-1.2101529095544824e-24,-3.370584919073565e-25,-3.9917086856477344e-25,-1.047075464109066e-25,-2.626960489283049e-26,-6.289462734109753e-27,-1.4335735602409982e-27,-3.102866283416422e-28,-6.359968027627732e-29,-1.2308998107931272e-29,-2.242336035748254e-30,-3.831967654003772e-31,-6.120798440140044e-32,-9.102480002244584e-33,-1.2549993773559337e-33,-1.5969052432394864e-34,-1.8660547962550028e-35,-1.9918568063219512e-36,-1.930906485836357e-37,-1.689255058231145e-38,-1.3245783001803209e-39,-9.239625925232926e-41,-5.686802563874269e-42,-3.06071001067541e-43,-1.426392068859863e-44,-5.693932050280428e-46,-1.9237681550760879e-47,-5.429046488082228e-49,-1.261150403166561e-50,-2.3725604283498443e-52,-3.549773472617502e-54,-4.139187470368406e-56,-3.676972378669417e-58,-2.4256081883420406e-60,-1.1544235646756733e-62,-3.836267574436779e-65,-8.575776985381424e-68,-1.2358523492191348e-70,-1.0933342295358718e-73,-5.612114191633705e-77,-1.5655098509629112e-80,-2.1986984945967296e-84,-1.421363899163687e-88,-3.803948532669449e-93,-3.7148023016500905e-98,-1.1376708467243146e-103,-9.095408563699309e-110,-1.5169838461604732e-116,-8975.111094998316,-3173.4447849957232,-966.4980457331245,-245.37828730669304,-49.75069806605313,-7.606307353386773,-0.810760465738808,-0.053967602091461064,-0.0019126468845470852,-2.8394189673622047e-05,-1.2100075548158249e-07,-7.871044561229206e-11,-2.5000067116445044e-15,-3.942846339614594e-22,-1.469018681453324e-33,-1.3314355095898355e-56,-2.671401366630704e-126,0.0
58.75,20288598249.10432,20311936445.5516,20334055228.772102,20354911367.91058,20374460273.46561,20392655951.75162,20409450957.67273,20424796345.73929,20438641619.255123,20450934677.60016,20461621761.52955,20470647396.407143,20477954333.28725,20483483487.75513,20487173876.43213,20488962551.047173,20488784529.972576,20486572727.11638,20482257878.05937,20475768463.31939,20467030628.6204,20455968102.038025,20442502107.887123,20426551277.211407,20408031554.72797,20386856102.07303,20362935197.188194,20336176129.67885,20306483091.9683,20273757066.0637,20237895705.7402,20198793213.94157,20156340215.18538,20110423622.75143,20060926500.42108,20007727918.52477,19950702804.04296,19889721784.494057,19824651025.33016,19755352060.54804,19681681616.20896,19603491426.546627,19520628042.32702,19432932631.10733,19340240769.02602,19242382223.73643,19139180728.079605,19030453744.07179,18916012216.76224,18795660317.4954,18669195176.09028,18536406601.42573,18397076789.896503,18250980021.180054,18097882340.726795,17937541228.359848,17769705252.340694,17594113708.227367,17410496241.821045,17218572455.46326,17018051496.91282,16808631629.995497,16589999786.18447,16361831096.22869,16123788400.91019,15875521739.96828,15616667818.187288,15346849447.60184,15065674964.727798,14772737621.682928,14467614950.012466,14149868095.99014,13819041126.113235,13474660301.464891,13116233319.56487,12743248522.28268,12355174068.336817,11951457068.857733,11531522684.44234,11094773182.087816,10640586950.34484,10168317470.997429,9677292245.537836,9166811674.680609,8636147889.134695,8084543529.843883,7511210475.899783,6915328518.34551,6296043978.110452,5652468266.3628845,4983676385.630227,4288705370.127186,3566552663.852835,2816174435.171141,2036483826.7854333,1226349140.2625196,384591954.55850905,-490014821.6334666,-1398748963.454918,-2342941008.584872,-3323976399.652776,-4343297688.191283,-5402406797.068281,-6502867337.286631,-7646306973.807672,-8834419833.598534,-10068968947.40779,-11351788714.777712,-12684787379.483185,-14069949499.869688,-15509338395.40494,-17005098547.077648,-18559457924.995373,-20174730211.55703,-21853316882.79307,-23597709103.74812,-25410489385.991085,-27294332946.28455,-29252008694.954803,-31286379770.33058,-33400403521.497112,-4.8841385820543325e-22,-1.6059876509277476e-22,-5.1054916661421014e-23,-1.566766099296401e-23,-4.633730005067579e-24,-1.3184431778941596e-24,-1.5574609002084758e-24,-4.177655136083495e-25,-1.0725617940745046e-25,-2.629845846857707e-26,-6.143777006164867e-27,-1.364099775399315e-27,-2.8707405161759958e-28,-5.709877049362721e-29,-1.0700429873994304e-29,-1.883103716197016e-30,-3.1009412537353e-31,-4.7597833577920226e-32,-6.781907007556482e-33,-8.92975497066913e-34,-1.0812921314976624e-34,-1.1977855921222716e-35,-1.2068956145944395e-36,-1.099312218298275e-37,-8.990820792638549e-39,-6.553956773926471e-40,-4.2241023438860245e-41,-2.385935648139623e-42,-1.1696842031357242e-43,-4.9241897690885055e-45,-1.759349962668914e-46,-5.2659625982376736e-48,-1.3015387326619403e-49,-2.614206606435959e-51,-4.19160497537627e-53,-5.259202713559599e-55,-5.049507734238951e-57,-3.6177850421973465e-59,-1.880028587897305e-61,-6.86167938602691e-64,-1.695608774978667e-66,-2.720562418670219e-69,-2.701094274027592e-72,-1.569861623528159e-75,-5.0078873091539046e-79,-8.133613989492736e-83,-6.157874835188316e-87,-1.9579649335521502e-91,-2.309291127062723e-96,-8.704213148683722e-102,-8.7537977157694e-108,-1.884039796282857e-114,-3591.7986655909235,-1195.959149453739,-340.27182727897036,-79.9250195222375,-14.814124451075738,-2.0398187142050577,-0.19212860148089006,-0.011024970321681446,-0.0003259177723627269,-3.856978764387262e-06,-1.2280887002624033e-08,-5.416476980862987e-12,-9.985709083308282e-17,-6.964561665794142e-24,-6.661060064161301e-36,-3.978623538460809e-60,-2.2851072355768663e-133,0.0
58.5,23139027579.71354,23191479146.73756,23243094224.14941,23293835386.3757,23343663932.73085,23392539842.1828,23440421726.35271,23487266780.672066,23533030733.617462,23577667793.93976,23621130595.799564,23663370141.71753,23704335743.243336,23743974959.2425,23782233531.695454,23819055318.898018,23854382225.947453,23888154132.392136,23920308816.91706,23950781878.93161,23979506656.918503,24006414143.39701,24031432896.34512,24054488946.91852,24075505703.295563,24094403850.46934,24111101245.79837,24125512810.11863,24137550414.20887,24147122760.3916,24154135259.039925,24158489899.749462,24160085116.92185,24158815649.493668,24154572394.530045,24147242254.38879,24136707977.144627,24122847989.947227,24105536224.970028,24084641937.588028,24060029516.404343,24031558284.724754,23999082293.05862,23962450102.20125,23921504556.4304,23876082546.322777,23826014760.671555,23771125426.956425,23711232039.78929,23646145076.726032,23575667700.80277,23499595449.119354,23417715906.75569,23329808365.26733,23235643464.965027,23134982820.13956,23027578626.345818,22913173248.81097,22791498790.980587,22662276642.159283,22525217003.146336,22380018388.70308,22226367105.625084,22063936705.12102,21892387408.128742,21711365502.12054,21520502707.86713,21319415514.54444,21107704481.47366,20884953504.6898,20650729046.429146,20404579325.51953,20146033466.54045,19874600605.50048,19589768949.649784,19291004788.91195,18977751456.27384,18649428234.32563,18305429204.979763,17945122039.234493,17567846723.668972,17172914220.174086,16759605055.22645,16327167834.812588,15874817680.893389,15401734585.079111,14907061674.950024,14389903388.216284,13849323549.658575,13284343345.529074,12693939189.824472,12077040476.562256,11432527211.910229,10759227519.727428,10055915013.782038,9321306029.617613,8554056708.743816,7752759927.542509,6915942062.99687,6042059587.090073,5129495481.473055,4176555463.7866178,3181464016.844528,2142360211.755874,1057293315.9961876,-75781822.5482597,-1259009624.4338331,-2494638869.0483623,-3785028034.7982607,-5132650896.798739,-6540102388.998002,-8010104736.623586,-9545513863.482704,-11149326076.906763,-12824685030.926794,-14574888965.51744,-16403398216.337358,-18313842985.198067,-20310031356.366325,-22395957537.559467,-24575810296.92073,-1.7186653035885833e-21,-5.758750234934781e-22,-1.8665969964835512e-22,-5.843855221325532e-23,-1.7643121472814162e-23,-5.127848453407912e-24,-6.0422323106445534e-24,-1.6571844037427527e-24,-4.353466341126478e-25,-1.093075705061727e-25,-2.617048937187484e-26,-5.960002294080029e-27,-1.2876709466063628e-27,-2.6318181798975167e-28,-5.073156326409422e-29,-9.192904621945037e-30,-1.56046065140845e-30,-2.471918596297555e-31,-3.6393451845918e-32,-4.957975215815955e-33,-6.220209694470018e-34,-7.149567351019403e-35,-7.486719259983817e-36,-7.098899577753957e-37,-6.054703768331386e-38,-4.61157233415508e-39,-3.111844454466329e-40,-1.8442915071561203e-41,-9.509238064825453e-43,-4.2209811253149524e-44,-1.5944537576086328e-45,-5.060473758028772e-47,-1.3304545942876451e-48,-2.852350655118708e-50,-4.8998371823490295e-52,-6.613335314110896e-54,-6.860726936192688e-56,-5.336856767866237e-58,-3.027147051704689e-60,-1.2130000055323162e-62,-3.312185389670029e-65,-5.9142989135616234e-68,-6.58689918287458e-71,-4.332489308972656e-74,-1.5796623242902176e-77,-2.9652610346074737e-81,-2.627524402458234e-85,-9.919041039835722e-90,-1.4118617378506798e-94,-6.544199122103368e-100,-8.271627742546641e-106,-2.294994651070891e-112,-1396.5036067771498,-437.12698081089434,-115.95893648716036,-25.14246125964956,-4.249189361774718,-0.5253509424344375,-0.04356919324716529,-0.0021460837643308916,-5.264153958832425e-05,-4.933608589205391e-07,-1.1638826530975823e-09,-3.441565188975116e-13,-3.625215165403933e-18,-1.0920376911098644e-25,-2.577640962244412e-38,-9.378053562896882e-64,-1.2174445103015255e-140,0.0
58.25,25914089534.68251,25996350234.55669,26078194509.382023,26159592049.36203,26240511400.276634,26320919920.407185,26400783735.69795,26480067693.074085,26558735311.833004,26636748733.02114,26714068666.70428,26790654337.03472,26866463425.01408,26941452008.844658,27015574501.758183,27088783587.2034,27161030151.269787,27232263212.21685,27302429846.97274,27371475114.45815,27439341975.58511,27505971209.77101,27571301327.801083,27635268480.863262,27697806365.57032,27758846124.773827,27818316243.965355,27876142443.04783,27932247563.24972,27986551448.94181,28038970824.103573,28089419163.17227,28137806555.993755,28184039566.578213,28228021085.348145,28269650174.54845,28308821906.470016,28345427194.11959,28379352613.94728,28410480220.222034,28438687350.62178,28463846422.58084,28485824719.9112,28504484169.18623,28519681105.346977,28531266025.958885,28539083333.515217,28542971065.1469,28542760609.062607,28538276407.00141,28529335641.94068,28515747910.254467,28497314877.47159,28473829916.73147,28445077728.98085,28410833943.89844,28370864700.47201,28324926206.08736,28272764272.919727,28214113830.342976,28148698411.993286,28076229616.03975,27996406537.124542,27908915168.33819,27813427771.49436,27709602213.85856,27597081269.36785,27475491882.25492,27344444390.855484,27203531709.23663,27052328464.13024,26890390084.494213,26717251840.848885,26532427831.350952,26335409911.367622,26125666563.100445,25902641701.58119,25665753413.117348,25414392622.00389,25147921681.03906,24865672881.08114,24566946874.564903,24251011007.55058,23917097554.51294,23564401849.68316,23192080308.334927,22799248330.95475,22384978082.75329,21948296140.45631,21488180997.76028,21003560420.244183,20493308639.89432,19956243378.720123,19391122690.21275,18796641606.62149,18171428579.19585,17514041697.652916,16822964674.187847,16096602576.338211,15333277291.939596,14531222708.271885,13688579586.284258,12803390109.502146,11873592085.86317,10897012779.290726,9871362346.305748,8794226851.387081,7663060833.131062,6475179391.529483,5227749764.888873,3917782363.065885,2542121221.8004694,1097433841.0120063,-419799631.9970371,-2013297915.3761468,-3686990844.3770537,-5445032406.309936,-7291814604.836073,-9231982200.920551,-11270448378.712776,-13412411385.097809,-6.015114413502182e-21,-2.053669334362267e-21,-6.786498907653284e-22,-2.1674142516873485e-22,-6.679303912837461e-23,-1.9828176877162002e-23,-2.330536622010881e-23,-6.535041662158759e-24,-1.7564956499121963e-24,-4.515726338697861e-25,-1.1079053540591203e-25,-2.587716198896172e-26,-5.739046342299583e-27,-1.2052057306976824e-27,-2.389362329443009e-28,-4.457658063688573e-29,-7.79891864141374e-30,-1.2748179853389852e-30,-1.9391182507166398e-31,-2.732870643897761e-32,-3.551851295943641e-33,-4.235488098488728e-34,-4.6085989788008666e-35,-4.548268685247404e-36,-4.04480881701571e-37,-3.218319170269105e-38,-2.2732933421488167e-39,-1.4134167699820704e-40,-7.663095132516531e-42,-3.5857547803902425e-43,-1.4317346998509169e-44,-4.81717871027855e-46,-1.3468613212883708e-47,-3.081282054556329e-49,-5.669276252673806e-51,-8.228825816873439e-53,-9.220876144294611e-55,-7.785115864225088e-57,-4.818210902917157e-59,-2.1189009107815863e-61,-6.390694080956512e-64,-1.26941813044078e-66,-1.5851767251626735e-69,-1.179375417380333e-72,-4.912223378563039e-76,-1.0651054368917795e-79,-1.1039185845932036e-83,-4.944334607612507e-88,-8.486905664954445e-93,-4.833531839213701e-98,-7.671242977292689e-104,-2.7409948671576975e-110,-527.3563779726111,-154.9064354557229,-38.237520816641265,-7.635775557745741,-1.1735926832931154,-0.1298851040651989,-0.009450341394638727,-0.00039784168427491653,-8.054485268077203e-06,-5.938655790988158e-08,-1.0291716623146544e-10,-2.0172099828950155e-14,-1.194877680379911e-19,-1.5178658858384297e-27,-8.496642545876636e-41,-1.7386984378329716e-67,-4.016770802036387e-148,0.0
58.0,28581288474.52817,28693595327.561146,28805935155.140594,28918285928.304832,29030624648.972664,29142927310.86951,29255168858.77579,29367323146.01884,29479362890.12545,29591259626.54799,29702983660.372505,29814504015.91226,29925788384.085712,30036803067.471825,30147512922.930767,30257881301.671608,30367869986.6426,30477439127.113075,30586547170.30868,30695150789.954628,30803204811.573544,30910662134.37648,31017473649.576447,31123588154.94492,31228952265.42195,31333510319.579502,31437204281.72756,31539973639.439705,31641755296.26345,31742483459.366894,31842089521.8592,31940501939.50809,32037646101.561287,32133444195.362373,32227815064.43381,32320674059.680992,32411932883.351,32501499425.35865,32589277591.56994,32675167123.60854,32759063409.72533,32840857286.24462,32920434829.070534,32997677134.70673,33072460090.21004,33144654131.462708,33214123989.11185,33280728421.483234,33344319933.73618,33404744482.47866,33461841165.015694,33515441892.350945,33565371045.0068,33611445110.670177,33653472302.60649,33691252157.71969,33724575113.06186,33753222059.52058,33776963871.32995,33795560909.961903,33808762500.861965,33816306381.390865,33817918118.227085,33813310492.367493,33802182849.740257,33784220415.310577,33759093568.415985,33726457076.91488,33685949287.56674,33637191269.8851,33579785910.51387,33513316954.97246,33437347993.395,33351421386.65198,33255057128.986893,33147751643.026085,33028976502.7238,32898177079.48551,32754771106.368137,32598147154.88612,32427663018.550323,32242643996.83724,32042381072.81727,31826128977.16936,31593104130.763863,31342482457.40869,31073397057.7164,30784935734.36415,30476138358.273163,30145994064.42931,29793438265.19524,29417349468.019924,29016545883.42824,28589781808.06636,28135743766.375088,27653046393.16392,27140228037.94241,26595746070.336624,26017971864.255043,25405185436.664,24755569714.87783,24067204404.142967,23338059424.99159,22565987887.338432,21748718565.57892,20883847836.00233,19968831034.6351,19000973190.166203,17977419082.844875,16895142576.169958,15750935163.77597,14541393669.148537,13262907030.63495,11911642098.63867,10483528365.866575,8974241545.015106,7379185901.305356,5693475239.801127,3911912439.43209,2028967417.10586,38753396.216462575,-2.093650663209428e-20,-7.282943529576143e-21,-2.4534688897959573e-21,-7.992604173924255e-22,-2.5139355787835363e-22,-7.621836933886713e-23,-8.936103617059563e-23,-2.561651110831075e-23,-7.043882548775581e-24,-1.85402593930392e-24,-4.660800766375698e-25,-1.1163712796940675e-25,-2.541262355712998e-26,-5.482680014978223e-27,-1.1177942985457538e-27,-2.146765958994158e-28,-3.870666732833288e-29,-6.527934828989323e-30,-1.0257476545495749e-30,-1.4952996780012167e-31,-2.012962710115512e-32,-2.4899607701435604e-33,-2.8147702425123143e-34,-2.890854219839528e-35,-2.6801138965656485e-36,-2.227312228916876e-37,-1.646580966607797e-38,-1.0737795623866504e-39,-6.120359843678734e-41,-3.018335611914676e-42,-1.2736016576146091e-43,-4.541614104924899e-45,-1.3500547794961183e-46,-3.2949539715990856e-48,-6.491423918584965e-50,-1.0129578271724045e-51,-1.22566647319959e-53,-1.1227832874747739e-55,-7.579371829673536e-58,-3.656697128396941e-60,-1.217676162704445e-62,-2.689463592662204e-65,-3.763820716997613e-68,-3.1659238794939637e-71,-1.5055229324751452e-74,-3.768421018307611e-78,-4.565451578401287e-82,-2.4243547609493648e-86,-5.014426884244065e-91,-3.506052468523289e-96,-6.980369790616118e-102,-3.208629491320986e-108,-193.36093843810244,-53.206253108081484,-12.196423469550655,-2.237981686131825,-0.31198478839205557,-0.030812580093309106,-0.001959672444937492,-7.019924970039741e-05,-1.1667327457177053e-06,-6.72229860281671e-09,-8.484380048040764e-12,-1.0896723049773964e-15,-3.571548059859242e-21,-1.8675067453112199e-29,-2.381149991282782e-43,-2.528200032584544e-71,-8.159439440360455e-156,0.0
57.75,31107550800.029152,31249646112.915264,31392244007.19691,31535331705.480164,31678895676.65634,31822921602.568604,31967394343.16904,32112297900.092445,32257615378.56912,32403328947.59481,32549419798.27165,32695868100.22911,32842652956.02944,32989752353.45637,33137143115.581005,33284800848.492405,33432699886.574577,33580813235.20521,33729112510.7438,33877567877.670704,34026147982.72986,34174819885.92019,34323548988.17176,34472298955.53392,34621031639.69217,34769706994.62067,34918282989.16588,35066715515.34538,35214958292.13293,35362962764.48812,35510677997.37455,35658050564.49549,35805024431.45996,35951540833.07567,36097538144.44624,36242951745.53215,36387713878.813225,36531753499.66927,36674996119.0724,36817363638.15932,36958774174.22554,37099141877.65583,37238376739.27476,37376384387.56869,37513065875.19757,37648317454.17686,37782030339.07236,37914090457.50735,38044378187.238754,38172768079.00901,38299128564.33159,38423321647.31201,38545202579.54798,38664619517.09014,38781413158.3769,38895416361.98586,39006453742.96682,39114341246.43755,39218885697.03738,39319884322.734825,39417124251.38601,39510381978.3294,39599422803.18383,39684000233.89051,39763855355.90217,39838716164.2761,39908296856.26835,39972297081.85674,40030401149.43527,40082277183.72534,40127576232.73412,40165931320.36051,40196956440.999245,40220245492.22474,40235371141.34605,40241883621.308205,40239309451.07693,40227150075.27484,40204880417.43792,40171947340.831245,40127768010.2934,40071728148.073006,40003180176.069534,39921441236.29488,39825791080.72152,39715469820.98115,39589675527.60912,39447561667.69983,39288234368.92935,39110749496.91696,38914109531.82122,38697260228.89585,38459087046.452446,38198411323.28577,37913986186.09397,37604492165.7681,37268532499.60853,36904628094.54359,36511212124.25576,36086624230.74635,35629104298.2709,35136785764.72999,34607688432.48009,34039710737.109524,33430621428.96982,32778050618.139263,32079480128.97065,31332233105.41541,30533462802.859592,29680140496.214,28769042427.410564,27796735708.21128,26759563086.26472,25653626473.575714,24474769126.905987,23218556359.007866,21880254647.9088,20454808998.61676,18936818397.47466,17320509183.848248,15599706146.74688,-7.24652885856149e-20,-2.5681161739603512e-20,-8.818839207687042e-21,-2.9301814415493428e-21,-9.405881976265976e-22,-2.9121946984430107e-22,-3.405876601732602e-22,-9.9802104674633e-23,-2.8072659783932324e-23,-7.564275967543604e-24,-1.9482167019426623e-24,-4.784906476924511e-25,-1.1178522054300428e-25,-2.477424035734623e-26,-5.1935740493928494e-27,-1.0266777209503229e-27,-1.9074518547411766e-28,-3.3186592265071e-29,-5.386126578046049e-30,-8.120361669144509e-31,-1.132114396614755e-31,-1.4524063904324875e-32,-1.705507822935195e-33,-1.822510715254136e-34,-1.7611492688596116e-35,-1.5284144603023807e-36,-1.182321064341408e-37,-8.085324635830328e-39,-4.843904607970933e-40,-2.517121771685355e-41,-1.1221563670077125e-42,-4.240040646547714e-44,-1.3397078055487044e-45,-3.487217824246407e-47,-7.354260731727103e-49,-1.2333861625871558e-50,-1.6109650478431178e-52,-1.600630873095101e-54,-1.1781106300931506e-56,-6.233087939964148e-59,-2.2907108519842323e-61,-5.6232470213835976e-64,-8.815199200780734e-67,-8.37869195446621e-70,-4.546544300260963e-73,-1.3129501226615543e-76,-1.858090184932142e-80,-1.168985780853147e-84,-2.911231082958258e-89,-2.496779921664157e-94,-6.22994486124823e-100,-3.6801282123533743e-106,-68.81804316746836,-17.70696857135881,-3.761651386368827,-0.6327781091198887,-0.07979456754210344,-0.007010646867425751,-0.0003883024646977123,-1.1783443272963844e-05,-1.599040485828133e-07,-7.150684818139627e-10,-6.51558983763781e-13,-5.419713468369033e-17,-9.670133495547379e-23,-2.0309255449803374e-31,-5.6623271020182615e-46,-2.8747311362451256e-75,-1.0144447969821038e-163,0.0
57.5,33459764115.48834,33630869022.47958,33802956069.047623,33976022461.14601,34150064900.11428,34325079556.634613,34501062043.42305,34678007386.591354,34855909995.61081,35034763631.806335,35214561375.30431,35395295590.3546,35576957888.94142,35759539092.59405,35943029192.30255,36127417306.43899,36312691636.57835,36498839421.107895,36685846886.50684,36873699196.17199,37062380396.65714,37251873361.18714,37442159730.29868,37633219849.45183,37825032703.44672,38017575847.470665,38210825334.58946,38404755639.48728,38599339578.246,38794548223.9439,38990350817.839226,39186714675.89047,39383605090.35027,39580985226.15297,39778816011.79976,39977056024.42629,40175661368.71811,40374585549.31906,40573779336.35477,40773190623.67033,40972764279.35501,41172441988.1009,41372162084.91248,41571859379.65288,41771464971.88115,41970906055.39693,42170105711.87337,42368982692.91618,42567451189.84563,42765420590.44885,42962795221.90261,43159474079.01053,43355350536.8431,43550312046.80568,43744239815.094185,43937008462.42643,44128485663.86079,44318531767.43094,44506999390.238014,44693732990.54499,44878568414.31595,45061332414.533104,45241842141.50432,45419904602.2466,45595316086.891975,45767861559.91337,45937314013.80679,46103433782.69261,46265967813.11001,46424648889.07639,46579194808.26333,46729307505.90328,46874672122.783485,47014956013.405655,47149807690.0871,47278855698.452126,47401707419.40734,47517947792.3089,47627137953.61044,47728813784.827255,47822484363.15572,47907630307.55066,47983702012.476845,48050117760.91394,48106261707.4989,48151481721.93278,48185087081.952354,48206346004.26517,48214483000.86064,48208676047.03409,48188053546.28237,48151691075.94094,48098607896.02152,48027763202.16374,47938052101.918144,47828301291.71965,47697264409.86759,47543617038.58728,47365951325.78182,47162770194.37117,46932481104.131546,46673389327.65944,46383690698.46103,46061463785.17192,45704661441.49959,45311101676.60962,44878457785.29215,44404247671.29034,43885822290.58208,43320353134.10869,42704818661.35581,42035989587.226006,41310412914.69003,40524394594.65775,39673980682.23429,38754936844.88602,37762726062.86308,36692484345.34119,35538994266.9394,34296656108.32693,32959456361.291348,-2.4938956507762423e-19,-9.003472781535751e-20,-3.1513318760364604e-20,-1.067863315774022e-20,-3.498016166740449e-21,-1.105907590261875e-21,-1.290184866332408e-21,-3.864209721147002e-22,-1.1117672793486105e-22,-3.0664365240556763e-23,-8.090656100052468e-24,-2.037328899326749e-24,-4.884202464548372e-25,-1.111813487955532e-25,-2.396309128968644e-26,-4.875303465219671e-27,-9.332186973495236e-28,-1.6747630010126376e-28,-2.807087506729385e-29,-4.3762586538571015e-30,-6.317713249511075e-31,-8.404862606385329e-32,-1.0250385676515371e-32,-1.1395031432853613e-33,-1.147527588994453e-34,-1.0397866043891216e-35,-8.414843228689846e-37,-6.033221092446006e-38,-3.798310879470621e-39,-2.0793108362060982e-40,-9.791490516081343e-42,-3.919198307405351e-43,-1.315897687057758e-44,-3.65209199249054e-46,-8.242209902941651e-48,-1.4851747998603915e-49,-2.0932820399169252e-51,-2.255082035111683e-53,-1.8090606531385357e-55,-1.0492022488367448e-57,-4.253692020354877e-60,-1.1600277730522991e-62,-2.036023855325749e-65,-2.185601495211672e-68,-1.3525323648734826e-71,-4.503413684545634e-75,-7.439847034470614e-79,-5.541398664318052e-83,-1.6602821870140831e-87,-1.745058468155915e-92,-5.451746405910743e-98,-4.134118187064976e-104,-23.76664769154343,-5.707780704112334,-1.1214243448889467,-0.17253108690873953,-0.019626912279772625,-0.001529140221814938,-7.348273668934932e-05,-1.880543292970223e-06,-2.0721753060851048e-08,-7.14275112440462e-11,-4.657249360729036e-14,-2.47953624568651e-18,-2.3688729127278677e-24,-1.9493407936696214e-33,-1.1402807188759848e-48,-2.5484932329880786e-79,-7.6730742028538e-172,0.0
57.25,35605359806.619125,35804158807.45173,36004418320.50068,36206145989.67043,36409349228.93731,36614035204.87207,36820210818.208206,37027882684.4041,37237057113.14415,37447740086.72083,37659937237.235886,37873653822.556114,38088894700.954994,38305664304.36654,38523966610.17565,38743805111.462105,38965182785.612656,39188102061.20921,39412564783.09648,39638572175.52602,39866124803.26794,40095222530.57496,40325864477.87583,40558048976.069,40791773518.27815,41027034708.92365,41263828209.95466,41502148684.07746,41741989734.80431,41983343843.13794,42226202300.69358,42470555139.04899,42716391055.09925,42963697332.17955,43212459756.70319,43462662530.04707,43714288175.398575,43967317439.26035,44221729187.2889,44477500294.12292,44734605526.83337,44993017421.60483,45252706153.23016,45513639396.97415,45775782182.33167,46039096738.17342,46303542328.74029,46569075079.907295,46835647795.10343,47103209760.22664,47371706536.85233,47641079742.98181,47911266820.52712,48182200788.67097,48453809982.18076,48726017773.69056,48998742278.89484,49271896043.52166,49545385710.87281,49819111668.62984,50092967673.53048,50366840452.41834,50640609278.05842,50914145517.99136,51187312154.572105,51459963274.1984,51731943523.58507,52003087530.77689,52273219288.4172,52542151496.59791,52809684862.41094,53075607353.09589,53339693399.43583,53601703045.78957,53861381042.86162,54118455878.99902,54372638745.46655,54623622430.782295,54871080138.79406,55114664224.74193,55354004843.073006,55588708500.25808,55818356505.29098,56042503309.93351,56260674730.09254,56472366038.977325,56677039921.87515,56874124281.50019,57063009881.899376,57243047817.83705,57413546795.41476,57573770208.40263,57722932993.352776,57860198245.02254,57984673571.932686,58095407170.01888,58191383590.27069,58271519173.982895,58334657126.73723,58379562199.46385,58404914941.876335,58409305490.19052,58391226847.29609,58349067609.40488,58281104088.60412,58185491775.64572,58060256081.6414,57903282291.04471,57712304651.303246,57484894516.77751,57218447455.84479,56910169220.43307,56557060466.4296,56155900101.34795,55703227122.15082,55195320791.03687,54628178980.0964,53997494496.79832,53298629181.01099,52526585540.39358,51675975664.166405,-8.533066849511016e-19,-3.137969215737184e-19,-1.1193957423956043e-19,-3.8681745574295164e-20,-1.2929288862246659e-20,-4.1735718594567896e-21,-4.857024867726168e-21,-1.4867407904570794e-21,-4.374764236984184e-22,-1.2349985677733594e-22,-3.337720687140919e-23,-8.616302270943719e-24,-2.1194621367007813e-24,-4.9549028649409135e-25,-1.0978373276465748e-25,-2.29843837998224e-26,-4.532313662369455e-27,-8.388639415628358e-28,-1.451848450750385e-28,-2.3401976362980168e-29,-3.4977184124450944e-30,-4.824574733109302e-31,-6.10998735596704e-32,-7.064787376490637e-33,-7.412921414815158e-34,-7.011713551088142e-35,-5.935362380840148e-36,-4.460681958373912e-37,-2.950467913836241e-38,-1.701141946258127e-39,-8.459516872551601e-41,-3.5860443127962255e-42,-1.2791140502006291e-43,-3.784050438069853e-45,-9.136321120051586e-47,-1.7682430099151528e-48,-2.688498396842925e-50,-3.139202556421513e-52,-2.743730675888841e-54,-1.7436565982717358e-56,-7.795069301017272e-59,-2.3605149791813343e-61,-4.6363352225279045e-64,-5.617905726444547e-67,-3.9625202157650974e-70,-1.5202709177225836e-73,-2.9298881253876287e-77,-2.5816465068131964e-81,-9.298245820274465e-86,-1.1966438855176392e-90,-4.676088656776591e-96,-4.5469603252954455e-102,-7.962052031023071,-1.7814816802287499,-0.32303163015245523,-0.04534502808315751,-0.0046406627499803385,-0.0003195870056771463,-1.3274007394863034e-05,-2.851769968898907e-07,-2.5374142466912465e-09,-6.695039509730485e-12,-3.095859912932142e-15,-1.0424340349652572e-19,-5.244034881701709e-26,-1.6488879334329824e-35,-1.9407178361506056e-51,-1.756105067159134e-83,-3.5093706606020165e-180,0.0
57.0,37512928079.57234,37737565830.125175,37964129557.41641,38192637490.922485,38423107920.92076,38655559190.50922,38890009687.03433,39126477832.89151,39364982075.65961,39605540877.52849,39848172703.97693,40092896011.65435,40339729235.41813,40588690774.47438,40839798977.56752,41093072127.15974,41348528422.53889,41606185961.78832,41866062722.54874,42128176541.49748,42392545092.46612,42659185863.11177,42928116130.05273,43199352932.372604,43472913043.39223,43748812940.6002,44027068773.62787,44307696330.14601,44590710999.55257,44876127734.31264,45163961008.802765,45454224775.5015,45746932418.35816,46042096703.16023,46339729724.70865,46639842850.5963,46942446661.37232,47247550886.85993,47555164338.37956,47865294836.61239,48177949134.82156,48493132837.12835,48810850311.52074,49131104597.24865,49453897306.23666,49779228518.119,50107096668.47446,50437498429.80856,50770428584.79843,51105879891.28234,51443842938.437386,51784305993.55018,52127254838.74223,52472672596.96499,52820539546.53018,53170832923.387474,53523526710.30319,53878591412.03107,54235993815.49928,54595696733.96462,54957658734.00537,55321833844.13987,55688171243.76597,56056614931.01519,56427103368.00932,56799569101.88912,57173938359.85784,57550130616.34592,57928058130.25267,58307625450.06022,58688728884.438095,59071255935.76698,59455084693.80115,59840083186.46495,60226108684.53144,60613006956.66447,61000611471.013374,61388742539.23257,61777206398.44961,62165794226.3288,62554281083.96242,62942424780.87045,63329964655.89513,63716620267.23641,64102089984.28095,64486049473.22962,64868150067.81639,65248017015.62981,65625247589.692245,65999409054.00848,66370036470.76028,66736630335.68241,67098654026.89969,67455531051.122215,67806642069.566345,68151321684.2872,68488854963.743576,68818473684.35901,69139352262.56546,69450603349.291,69751273056.05801,70040335778.75482,70316688581.69807,70579145100.77536,70826428920.19452,71057166372.62749,71269878707.24478,71462973564.24393,71634735687.88686,71783316802.7008,71906724569.26144,72002810526.75163,72069256919.14659,72103562290.26805,72103025719.90686,72064729558.54468,71985520501.68562,71861988826.1898,71690445589.9868,71466897572.8046,71187019708.69897,-2.902458382102385e-18,-1.0871395133542998e-18,-3.9521558246917655e-19,-1.3925768065028126e-19,-4.749094176302471e-20,-1.5650912317852495e-20,-1.8169217507004692e-20,-5.683486583753145e-21,-1.7102379479087123e-21,-4.940998153415208e-22,-1.3676819214695548e-22,-3.6191039683283263e-23,-9.133301666012337e-24,-2.1925851885998086e-24,-4.993411585984365e-25,-1.0756535024504496e-25,-2.1847753750476443e-26,-4.169843537593888e-27,-7.450991642834244e-28,-1.2415506286293543e-28,-1.9208981973588058e-29,-2.7467013067325973e-30,-3.6115263831185134e-31,-4.342664080324757e-32,-4.7468882956725924e-33,-4.6861221396798415e-34,-4.148300172813711e-35,-3.2672551863833634e-36,-2.2699935788423424e-37,-1.378141394469891e-38,-7.235490066312048e-40,-3.2474886939190715e-41,-1.2302457842481439e-42,-3.878313562594906e-44,-1.0014702058592286e-45,-2.0811614113307027e-47,-3.4122688144527427e-49,-4.3168850640332e-51,-4.1091932480639806e-53,-2.860295213060676e-55,-1.4093899778695432e-57,-4.7369397472349957e-60,-1.0406383735907877e-62,-1.4225723642419065e-65,-1.1429737380049203e-68,-5.049684641784834e-72,-1.1344916640635871e-75,-1.1817052282754602e-79,-5.112056396164909e-84,-8.048221331544408e-89,-3.9298211313618174e-94,-4.894594798643456e-100,-2.5866013132033117,-0.5381858859682925,-0.08987485100555992,-0.011483117402166178,-0.0010542990249544088,-6.396941861235306e-05,-2.287644877804132e-06,-4.106853288515218e-08,-2.9340491054539786e-10,-5.884181164364823e-13,-1.9122125912114882e-16,-4.023213273765789e-21,-1.0477937584168059e-27,-1.2272707574363948e-37,-2.7858460107100654e-54,-9.376844854280968e-88,-9.645197166953626e-189,0.0
56.75,39152852614.494,39400943934.79334,39651401815.406166,39904254892.39531,40159532158.78772,40417262966.61807,40677477028.77789,40940204420.652695,41205475581.526825,41473321315.73576,41743772793.54304,42016861551.71813,42292619493.7893,42571078889.943954,42852272376.54707,43136232955.24594,43422993991.62758,43712589213.39199,44005052708.00329,44300418919.77602,44598722646.35299,44899999034.52628,45204283575.35039,45511612098.49281,45822020765.76343,46135546063.75913,46452224795.55734,46772094071.38528,47095191298.18807,47421554168.01252,47751220645.11801,48084228951.71884,48420617552.25609,48760425136.08944,49103690598.49184,49450453019.82046,49800751642.72967,50154625847.28041,50512115123.79122,50873259043.26374,51238097225.2036,51606669302.64489,51979014884.17156,52355173512.71443,52735184620.88571,53119087482.59512,53506921160.67364,53898724450.20831,54294535817.27214,54694393332.70622,55098334600.5879,55506396680.9894,55918616006.60189,56335028292.76707,56755668440.42359,57180570431.4372,57609767215.74302,58043290589.682686,58481171064.872665,58923437726.88607,59370118082.97523,59821237897.99999,60276821017.66141,60736889178.06702,61201461800.577065,61670555770.795166,62144185200.4754,62622361171.01675,63105091457.10761,63592380228.96359,64084227731.473785,64580629938.42896,65081578179.85222,65587058740.28647,66097052425.70898,66611534096.54618,67130472164.04292,67653828047.00461,68181555585.66901,68713600409.18219,69249899252.84059,69790379220.9215,70334956990.54964,70883537951.63818,71436015277.49272,71992268920.17198,72552164524.1565,73115552251.27788,73682265509.20369,74252119575.04897,74824910104.88452,75400411519.03154,75978375252.05754,76558527855.31383,77140568938.66129,77724168936.71791,78308966683.49626,78894566777.68602,79480536719.03345,80066403794.27943,80651651688.8925,81235716798.36794,81817984210.10771,82397783323.82903,82974383075.0236,83546986722.16,84114726154.04178,84676655668.93774,85231745171.72856,85778872729.2804,86316816417.48369,86844245385.77353,87359710056.36702,87861631365.78139,88348288945.27419,88817808124.50964,89268145628.78615,89697073824.34172,90102163348.2949,90480763939.38509,90829983262.4681,-9.813306738385673e-18,-3.743464943860545e-18,-1.386751450914507e-18,-4.982043799280973e-19,-1.7333335684698809e-19,-5.831299172926841e-20,-6.753064751494694e-20,-2.1584896609912195e-20,-6.6415479918973965e-21,-1.963485373667756e-21,-5.565923695340825e-22,-1.509554710013669e-22,-3.907927628598618e-23,-9.632554105322244e-24,-2.2545794316759944e-24,-4.996476546280252e-25,-1.0451690195380947e-25,-2.0567409624345006e-26,-3.793802961369392e-27,-6.5339827823557485e-28,-1.0463007895556515e-28,-1.5506889733215898e-29,-2.116543765590055e-30,-2.646191156306855e-31,-3.0126927702971893e-32,-3.103444117462734e-33,-2.872398535598801e-34,-2.370406808000928e-35,-1.729490879044578e-36,-1.1053603711201695e-37,-6.12546298948111e-39,-2.9101421877574593e-40,-1.1705470903493522e-41,-3.9311213892603735e-43,-1.08532083186659e-44,-2.42092319667296e-46,-4.2789530544541807e-48,-5.863034430719733e-50,-6.07578115496164e-52,-4.630304264568216e-54,-2.513604313340916e-56,-9.37206705291308e-59,-2.301694836888153e-61,-3.54777823430742e-64,-3.245063552434113e-67,-1.6498637079922066e-70,-4.3180332300591606e-74,-5.312781558648469e-78,-2.758194468526193e-82,-5.3072208647810875e-87,-3.234821859265975e-92,-5.1547275886256204e-98,-0.8145801575288454,-0.15731217353717097,-0.024142377004264203,-0.002800755362931259,-0.00023004116994111413,-1.225692779934324e-05,-3.759312782989266e-07,-5.613138750328369e-09,-3.201563813602527e-11,-4.845443204322236e-14,-1.0965139478110421e-17,-1.4239615990238002e-22,-1.8872741520458523e-29,-8.025281515481594e-40,-3.365821990797971e-57,-3.867572457581297e-92,-1.5829769269128884e-197,0.0
56.5,40497950331.43636,40766604046.597145,41038028167.10258,41312261221.9861,41589342387.59892,41869311499.7617,42152209066.1333,42438076278.79841,42726955027.07392,43018887910.53547,43313918252.26257,43612090112.30308,43913448301.35543,44218038394.66703,44525906746.14709,44837100502.69081,45151667618.71174,45469656870.878006,45791117873.0473,46116101091.39496,46444657859.72797,46776840394.97696,47112701812.856926,47452296143.68623,47795678348.35203,48142904334.40823,48494030972.29138,48849116111.63713,49208218597.678375,49571398287.70362,49938716067.55264,50310233868.122665,50686014681.856445,51066122579.18024,51450622724.85628,51839581394.21099,52233065989.195885,52631145054.23446,53033888291.80278,53441366577.687874,53853651975.86054,54270817752.895874,54692938391.8656,55120089605.62132,55552348349.37948,55989792832.50995,56432502529.42259,56880558189.43463,57334041845.49244,57793036821.609024,58257627738.86634,58727900519.817245,59203942391.108,59685841884.125,60173688833.45266,60667574372.90969,61167590928.9102,61673832210.87369,62186393198.38265,62705370124.76016,63230860456.70988,63762962869.6294,64301777218.17241,64847404501.59733,65399946823.39864,65959507344.67123,66526190230.60885,67100100589.48411,67681344403.396645,68270028450.01369,68866260214.4542,69470147790.39206,70081799769.36781,70701325117.20648,71328833036.33603,71964432812.6912,72608233645.76265,73260344460.21964,73920873697.38449,74589929084.67635,75267617380.96284,75954044095.56285,76649313178.42595,77353526678.77824,78066784369.2606,78789183332.29686,79520817505.10918,80261777179.44713,81012148451.70433,81772012618.6677,82541445513.66553,83320516777.35193,84109289056.77753,84907817125.74771,85716146918.7426,86534314469.87279,87362344747.44733,88200250373.7354,89048030218.3913,89905667852.77423,90773129851.00723,91650363922.07529,92537296855.52458,93433832261.39,94339848082.79416,95255193857.22047,96179687699.7119,97113112978.154,98055214647.31554,99005695204.3861,99964210224.30824,100930363428.1782,101903701232.29716,102883706719.00304,103869792963.08368,104861295639.23853,105857464826.5634,106857455915.2075,107860319507.98145,108864990195.5474,109870274067.60088,-3.297668191504898e-17,-1.2810532902489633e-17,-4.835370415821139e-18,-1.7710177989329455e-18,-6.285498794197165e-19,-2.1584161391258724e-19,-2.4935310000267344e-19,-8.143109545619715e-20,-2.5617799491995456e-20,-7.749138509807463e-21,-2.249332278503957e-21,-6.251880340938415e-22,-1.6600731943078878e-22,-4.200825174419548e-23,-1.010383121421826e-23,-2.3032962735421816e-24,-4.96135955307974e-25,-1.0064947319224294e-25,-1.9162083226439662e-26,-3.4106046926177125e-27,-5.651691458846303e-28,-8.680296613037975e-29,-1.2296573800009215e-29,-1.5981851338079333e-30,-1.894778852362623e-31,-2.0363165185015828e-32,-1.9701504249484573e-33,-1.7031295907279463e-34,-1.3046591623098194e-35,-8.775953667545988e-37,-5.131921484428296e-38,-2.5800901390717468e-39,-1.1015842686862668e-40,-3.939968494640931e-42,-1.1626381081498154e-43,-2.7827749825754224e-45,-5.300299399066586e-47,-7.86285351295464e-49,-8.867070063130514e-51,-7.395299802196831e-53,-4.420919446348513e-55,-1.8277261304964752e-57,-5.015409789785086e-60,-8.711729931953533e-63,-9.065911480862497e-66,-5.300863492009935e-69,-1.6150050805945326e-72,-2.3452988316386227e-76,-1.459974840271048e-80,-3.4301747784872483e-85,-2.6070976009329183e-90,-5.309104158136545e-96,-0.24859192512061856,-0.044474397164559185,-0.006258892009574341,-0.0006576415615377951,-4.818404961327098e-05,-2.2469673571966754e-06,-5.887356197492503e-08,-7.276749673558241e-10,-3.2944106659789915e-12,-3.735585065917939e-15,-5.832144776857571e-19,-4.6171140363833145e-24,-3.060526611648618e-31,-4.603243091928119e-42,-3.4154226139264e-60,-1.228313979694056e-96,-1.5414692714738112e-206,0.0
56.25,41524100429.30168,41809957261.00846,42098940245.53599,42391096961.19183,42686475906.75642,42985126523.36515,43287099217.01273,43592445381.70057,43901217423.24751,44213468783.786,44529253966.96571,44848628563.88795,45171649279.79501,45498373961.538605,45828861625.85382,46163172488.464615,46501367994.04838,46843510847.0881,47189665043.64142,47539895904.05685,47894270106.66869,48252855722.50326,48615722251.02966,48982940656.99021,49354583408.34631,49730724515.37666,50111439570.96673,50496805792.12846,50886902062.79184,51281808977.91017,51681608888.92314,52086385950.62246,52496226169.46728,52911217453.39676,53331449663.190125,53757014665.42516,54188006387.08788,54624520871.88793,55066656338.33635,55514513239.642494,55968194325.49075,56427804705.7578,56893451916.23351,57365245986.41038,57843299509.4085,58327727714.1037,58818648539.53009,59316182711.62795,59820453822.41179,60331588411.63306,60849716051.015785,61374969431.14286,61907484451.0744,62447400310.77953,62994859606.46528,63550008428.886696,64112996464.72484,64683977101.1183,65263107533.43685,65850548876.38426,66446466278.51947,67051029040.2839,67664410735.62286,68286789337.28824,68918347345.90817,69559271922.90755,70209755027.36118,70869993556.85744,71540189492.44733,72220550047.74808,72911287822.26472,73612620958.98697,74324773306.30836,75047974584.30673,75782460555.4122,76528473199.47543,77286260893.23378,78056078594.15384,78838188028.60855,79632857884.32265,80440364006.99182,81260989600.95006,82095025433.72229,82942770044.2586,83804529954.59741,84680619884.65225,85571362969.75352,86477090980.50731,87398144544.45139,88334873368.89955,89287636464.25842,90256802366.98564,91242749361.2205,92245865697.9674,93266549810.53587,94305210524.74362,95362267262.16074,96438150234.41736,97533300626.30006,98648170765.02837,99783224272.7179,100938936198.59982,102115793127.06332,103314293257.01668,104534946447.4042,105778274222.96504,107044809733.45462,108335097658.55914,109649694049.59209,110989166097.74796,112354091817.17628,113745059629.39172,115162667833.51854,116607523944.533,118080243878.9615,119581450964.35612,121111774745.21866,122671849553.80363,124262312809.2796,125883803002.95256,127536957320.49704,-1.1012693835127103e-16,-4.356299475838223e-17,-1.6752472698125482e-17,-6.2548387739124694e-18,-2.264298487744182e-18,-7.935943894541712e-19,-9.145916790439412e-19,-3.0512966489621715e-19,-9.813455220012108e-20,-3.0369596109805995e-20,-9.02569025346284e-21,-2.570583985471332e-21,-7.000263806409335e-22,-1.8183581116160146e-22,-4.493673405258214e-23,-1.0535902775052113e-23,-2.336629024250068e-24,-4.886015591651182e-25,-9.59966681448759e-26,-1.7654754603929434e-26,-3.0269541992266637e-27,-4.816988214854481e-28,-7.081000273303204e-29,-9.565456088861917e-30,-1.1807295663401529e-30,-1.3235688135357174e-31,-1.3383247640515638e-32,-1.211666463677097e-33,-9.742824206772441e-35,-6.895838773136898e-36,-4.254135334222726e-37,-2.262703926722647e-38,-1.0251663130959478e-39,-3.9037813095059276e-41,-1.2308597503417016e-42,-3.1601359519289207e-44,-6.4839247497753235e-46,-1.0409909319993415e-47,-1.276999796616682e-49,-1.1650554618831649e-51,-7.666052098178078e-54,-3.512488252933395e-56,-1.076370328792671e-58,-2.105715732850796e-61,-2.4915980808726883e-64,-1.674294424414985e-67,-5.93378110699698e-71,-1.016244881018576e-74,-7.578986347359511e-79,-2.1721711330578693e-83,-2.0565179093703184e-88,-5.345563358641712e-94,-0.07349108760278264,-0.012156556681499169,-0.001565357727836763,-0.000148597511646637,-9.6839112208998e-06,-3.9390665227212944e-07,-8.781689045997356e-09,-8.941948006588721e-11,-3.1945553758264797e-13,-2.6941277319158165e-16,-2.874647100391473e-20,-1.3700242286709918e-25,-4.462751849616057e-33,-2.3123446556458663e-44,-2.9045672800013216e-63,-2.994058717586576e-101,-8.848343762408078e-216,0.0
56.0,42210845916.14869,42510130206.85929,42812837827.325935,43119024248.92976,43428746108.463455,43742061238.91143,44059028701.229095,44379708817.15965,44704163203.12838,45032454805.25649,45364647935.53778,45700808309.224014,46041003083.46668,46385300897.26475,46733771912.77042,47086487858.00745,47443522071.05871,47804949545.78232,48170846979.1189,48541292820.0545,48916367320.30765,49296152586.8114,49680732636.06535,50070193450.4352,50464623036.48213,50864111485.40741,51268751035.701866,51678636138.0947,52093863522.900085,52514532269.86474,52940743880.62577,53372602353.891846,53810214263.46764,54253688839.24694,54703138051.306366,55158676697.23778,55620422492.86503,56088496166.49796,56563021556.88431,57044125715.0286,57531939010.05561,58026595239.30623,58528231742.86162,59036989522.70436,59553013366.73412,60076451977.86878,60607458108.47349,61146188700.37368,61692805030.72191,62247472864.004,62810362610.48465,63381649491.410736,63961513711.30755,64550140637.722885,65147720988.79405,65754451029.03452,66370532773.759705,66996174202.596695,67631589482.54853,68276999201.11119,68932630609.97298,69598717879.85564,70275502367.0932,70963232892.57904,71662166033.75233,72372566430.33598,73094707104.58357,73828869796.8408,74575345317.27899,75334433914.71263,76106445663.47339,76891700869.37775,77690530495.89116,78503276611.66989,79330292860.7376,80171944956.64189,81028611202.02768,81900683035.1635,82788565605.06581,83692678376.98128,84613455770.11324,85551347829.61392,86506820935.01146,87480358547.39893,88472461997.8846,89483651319.99124,90514466128.89076,91565466550.58385,92637234204.37036,93730373242.21594,94845511448.90054,95983301407.14308,97144421732.2268,98329578381.01416,99539506040.63478,100774969602.56084,102036765728.25334,103325724513.076,104642711255.7326,105988628341.09412,107364417244.95049,108771060669.95007,110209584822.79066,111681061843.59308,113186612399.35008,114727408454.38168,116304676231.87624,117919699381.84502,119573822372.19089,121268454121.08952,123005071890.52477,124785225462.61472,126610541622.33058,128482728972.35728,130403583108.19092,132374992184.12865,134398942903.59604,136477526970.29732,138612948039.96838,140807529216.09674,143063721136.83115,-3.6544930202041584e-16,-1.4718943374153795e-16,-5.766293249306835e-17,-2.1945071800415042e-17,-8.102389069101918e-18,-2.898037238933941e-18,-3.33186069811178e-18,-1.1354817402059665e-18,-3.7329879950685424e-19,-1.181763364692205e-19,-3.595529762951615e-20,-1.049195928615278e-20,-2.92989067271676e-21,-7.811210181665082e-22,-1.9831394391006365e-22,-4.7815655636746053e-23,-1.091674256938784e-23,-2.3525987461844488e-24,-4.769272835086319e-25,-9.061597558451286e-26,-1.6072128832631167e-26,-2.649604724002096e-27,-4.041017261375722e-28,-5.672670621697229e-29,-7.288860907338764e-30,-8.520698492102411e-31,-9.002373070408935e-32,-8.53401298659824e-33,-7.201187645503037e-34,-5.3617037597029e-35,-3.4886021772197326e-36,-1.962498491519266e-37,-9.432636238433903e-39,-3.823021532345458e-40,-1.2875374076051923e-41,-3.54463186591475e-43,-7.831673652714726e-45,-1.3602671244420391e-46,-1.8143980671223665e-48,-1.8099937460321464e-50,-1.3102856592701348e-52,-6.650196505194621e-55,-2.2745599654388432e-57,-5.008663853451795e-60,-6.734377301530621e-63,-5.197246300445404e-66,-2.1410308222842167e-69,-4.320962692911336e-73,-3.857212128934187e-77,-1.3472389238221444e-81,-1.5871282711756574e-86,-5.259561259127704e-92,-0.02103872933502951,-0.003211409247021306,-0.00037752698407387685,-3.229591989504052e-05,-1.8665417679341095e-06,-6.599975384882707e-08,-1.2468975285758868e-09,-1.0409087137226725e-11,-2.9170966393597396e-14,-1.8161954795137742e-17,-1.3118424646843217e-21,-3.716218247260725e-27,-5.843706850261519e-35,-1.0155832401063996e-46,-2.0656215675797314e-66,-5.582884653957383e-106,-2.974266732778998e-225,0.0
55.75,42541950369.74136,42850534963.023,43162772282.15506,43478724253.364204,43798454174.88872,44122026755.39944,44449508153.74775,44780966020.09491,45116469538.47941,45456089470.88308,45799898202.85674,46147969790.772415,46500380010.76987,46857206409.4695,47218528356.52718,47584427099.10972,47954985818.37429,48330289688.03837,48710425935.131874,49095483903.02694,49485555116.84636,49880733351.35598,50281114701.45243,50686797655.362495,51097883170.67731,51514474753.34966,51936678539.79061,52364603382.20799,52798360937.33672,53238065758.7193,53683835392.70319,54135790478.32972,54594054851.30026,55058755652.213646,55530023439.28075,56007992305.73261,56492800002.1508,56984588063.960976,57483501944.34461,57989691152.83795,58503309399.90197,59024514747.76417,59553469767.84941,60090341705.13642,60635302649.79433,61188529716.476425,61750205231.66935,62320516929.51917,62899658156.58265,63487828085.97691,64085231941.43119,64692081231.77388,65308593996.42179,65934995062.47279,66571516314.0417,67218396974.51804,67875883902.46912,68544231901.95648,69223704048.08429,69914572028.6509,70617116502.83214,71331627477.88586,72058404704.93301,72797758094.94174,73550008156.11674,74315486453.97769,75094536095.49982,75887512238.78384,76694782629.82549,77516728168.06508,78353743502.51772,79206237660.41354,80074634710.41592,80959374462.63818,81860913207.84142,82779724498.37343,83716299973.60019,84671150232.78983,85644805758.63371,86637817894.83603,87650759881.46716,88684227952.06827,89738842496.80835,90815249296.33804,91914120831.35995,93036157673.34209,94182089962.24638,95352678977.63234,96548718810.02406,97771038140.0154,99020502133.2192,100298014459.86906,101604519448.64276,102941004385.11852,104308501966.19508,105708092922.8188,107140908824.47691,108608135080.13963,110111014151.68484,111650848997.3296,113229006764.23431,114846922751.25946,116506104664.8628,118208137193.34064,119954686927.07623,121747507655.17757,123588446071.9078,125479447929.66216,127422564678.96825,129419960640.12544,131473920755.7098,133586858978.2991,135761327353.49838,138000025864.7302,140305813113.3849,142681717915.89896,145130951908.25058,147656923258.34576,150263251597.96783,152953784298.5186,155732614228.8779,-1.2049213226295093e-15,-4.940765738554713e-16,-1.9716636038717744e-16,-7.647764772899198e-17,-2.8795604360501325e-17,-1.0509903694028079e-17,-1.2054274286701283e-17,-4.1958907987513555e-18,-1.4099109264352644e-18,-4.56533868934913e-19,-1.4218218539845481e-19,-4.250385548402858e-20,-1.216972019518528e-20,-3.329604738604167e-21,-8.683237259149497e-22,-2.1527033464082056e-22,-5.0588152614488505e-23,-1.1233824289140977e-23,-2.3494524240405475e-24,-4.611002198686394e-25,-8.458912428198991e-26,-1.4443856923214336e-26,-2.285088998868737e-27,-3.332744478988414e-28,-4.456705882920605e-29,-5.431971735406885e-30,-5.9952930937580375e-31,-5.949509480633754e-32,-5.26715229391136e-33,-4.12439825989369e-34,-2.829551285639691e-35,-1.6830410573528893e-36,-8.579200516360249e-38,-3.6997043184911176e-39,-1.3304740712674508e-40,-3.926264839247025e-42,-9.337978373688237e-44,-1.75392741121184e-45,-2.542739703334654e-47,-2.7723010100648506e-49,-2.2069112194790212e-51,-1.2400970535133952e-53,-4.731459039771642e-56,-1.1720551295124505e-58,-1.789543493053585e-61,-1.585032769766296e-64,-7.584198057483671e-68,-1.802187807971536e-71,-1.923894484455465e-75,-8.18105411569667e-80,-1.19792313460706e-84,-5.054908670731319e-90,-0.005830291548412484,-0.0008195969612176041,-8.77649495711584e-05,-6.748422769480441e-06,-3.4486669008823447e-07,-1.0563583215745973e-08,-1.6843142636900958e-10,-1.1470876921743387e-12,-2.5065929201225963e-15,-1.1434992510796497e-18,-5.537469033497233e-23,-9.204732169591686e-29,-6.862415878954166e-37,-3.8934077560570895e-49,-1.2257023444964505e-69,-7.936848953676573e-111,-5.815214431570181e-235,0.0
55.5,42505892706.86966,42819375841.34961,43136665719.85826,43457829045.85863,43782934054.359344,44112050556.34858,44445249984.81528,44782605442.42604,45124191750.92767,45470085502.3498,45820365112.08488,46175110873.9273,46534405017.15695,46898331765.7572,47266977399.861244,47640430319.52624,48018781110.93865,48402122615.16064,48790549999.53196,49184160831.84847,49583055157.44391,49987335579.30888,50397107341.38753,50812478415.19983,51233559589.94555,51660464566.25368,52093310053.75052,52532215872.62874,52977305059.40909,53428703977.097565,53886542429.95195,54350953783.082535,54822075087.125824,55300047208.24161,55785014963.69945,56277127263.3344,56776537257.16913,57283402489.514366,57797885059.88062,58320151791.05032,58850374404.68256,59388729704.84225,59935399769.87084,60490572153.038414,61054440092.44528,61627202730.66798,62209065344.67602,62800239586.5762,63400943735.777504,64011402963.205154,64631849608.23216,65262523469.03827,65903672107.15233,66555551166.98116,67218424711.1802,67892565572.77676,68578255725.0161,69275786669.96399,69985459846.96844,70707587062.15663,71442490940.22235,72190505399.84418,72951976154.16623,73727261237.87245,74516731562.49081,75320771501.67892,76139779508.3662,76974168765.76022,77824367874.37013,78690821577.35397,79573991526.66685,80474357092.66676,81392416220.03337,82328686333.06784,83283705293.67282,84258032415.56291,85252249538.52742,86266962166.86407,87302800676.42188,88360421595.0422,89440508961.5663,90543775768.99265,91670965497.8166,92822853746.08035,94000249963.19427,95203999295.18056,96434984549.63013,97694128289.364,98982395064.56046,100300793793.94797,101650380306.58856,103032260056.7862,104447591025.76724,105897586825.00185,107383520017.37762,108906725673.918,110468605185.3652,112070630349.74908,113714347759.0428,115401383510.20372,117133448268.31631,118912342712.2424,120739963396.15256,122618309063.60948,124549487454.5334,126535722649.4417,128579362999.87749,130682889698.96954,132848926051.67792,135080247510.52734,137379792549.62042,139750674457.52362,142196194138.3596,144719854020.22134,147325373181.0026,150016703814.05957,152798049169.9741,155673883126.27444,158648971554.53973,161728395674.1287,164917577604.1564,-3.946738141307349e-15,-1.6474794804631438e-15,-6.696315343281843e-16,-2.6470164021720703e-16,-1.0162959721377898e-16,-3.784681645531943e-17,-4.330484410371926e-17,-1.5394380646344646e-17,-5.2865467757666626e-18,-1.750694935938593e-18,-5.580465694069137e-19,-1.708791941681517e-19,-5.015834330478712e-20,-1.4081299661328978e-20,-3.7716030384799516e-21,-9.612849069765573e-22,-2.324845355372689e-22,-5.319000680657217e-23,-1.1474514745864803e-23,-2.3257703326583485e-24,-4.412263017023586e-25,-7.802120863202105e-26,-1.2801512175027147e-26,-1.9394428579117758e-27,-2.69860796189174e-28,-3.428611369267897e-29,-3.952254496987624e-30,-4.104762818475888e-31,-3.811708369645064e-32,-3.1381815294644405e-33,-2.269474257152327e-34,-1.4269124295394948e-35,-7.711639548369668e-37,-3.537326256451754e-38,-1.357858620212487e-39,-4.2937303626575606e-41,-1.0988378929462712e-42,-2.2310381761652456e-44,-3.513932677819054e-46,-4.1853110282929176e-48,-3.661979912922421e-50,-2.276995306172567e-52,-9.685772610140854e-55,-2.6974484759193535e-57,-4.673933232232331e-60,-4.747789586188946e-63,-2.63663983711862e-66,-7.370717157859688e-70,-9.401133557574868e-74,-4.862127462868388e-78,-8.839206838067391e-83,-4.743573389775286e-88,-0.001564108401035143,-0.00020207285177675186,-1.9664289451244803e-05,-1.3554440155819973e-06,-6.106010838921578e-08,-1.6144536948448041e-09,-2.1634114333239578e-11,-1.195983875319919e-13,-2.0253753160187662e-16,-6.71868662549607e-20,-2.160037905549822e-24,-2.0795648924698048e-30,-7.217430701404267e-39,-1.3006499060345827e-51,-6.054810034682635e-73,-8.5733038512967e-116,-6.568235755823372e-245,0.0
55.25,42096283339.55858,42410075958.62345,42727748287.4208,43049369943.13896,43375012180.09696,43704747938.26716,44038651893.565216,44376800509.984085,44719272093.6518,45066146848.89747,45417506936.41321,45773436533.60517,46134021897.23071,46499351428.42384,46869515740.216805,47244607727.670135,47624722640.73038,48009958159.94041,48400414475.13309,48796194367.24724,49197403293.411125,49604149475.4464,50016543991.95435,50434700874.15404,50858737205.65151,51288773226.32905,51724932440.55314,52167341729.91176,52616131470.70173,53071435656.40036,53533392025.368256,54002142194.043526,54477831795.90296,54960610626.48103,55450632794.75421,55948056881.2158,56453046102.985016,56965768486.31456,57486397046.88156,58015109978.27029,58552090849.077545,59097528809.100006,59651618805.08743,60214561806.577126,60786565042.354935,61367842248.12218,61958613925.98344,62559107616.408005,63169558183.35869,63790208113.32542,64421307829.047806,65063116018.75984,65715899981.845184,66379935991.84676,67055509677.83772,67742916425.225136,68442461797.13012,69154461977.56238,69879244237.69066,70617147426.59602,71368522487.99202,72133733004.49446,72913155771.13484,73707181399.92819,74516214957.43298,75340676637.37823,76181002470.57916,77037645074.52356,77911074445.18166,78801778793.77946,79710265431.47565,80637061705.10031,81582715987.34915,82547798725.08188,83532903549.65077,84538648453.48492,85565677037.48175,86614659834.11191,87686295711.52682,88781313364.37901,89900472897.5179,91044567509.22246,92214425281.1714,93410911082.941,94634928599.46625,95887422490.6017,97169380692.69006,98481836872.88445,99825873047.89365,101202622379.82768,102613272162.92612,104059067016.16916,105541312298.10072,107061377761.66289,108620701468.45184,110220793983.5828,111863242874.30768,113549717537.69136,115281974385.03386,117061862413.3626,118891329197.23318,120772427337.30368,122707321405.72516,124698295432.3562,126747760980.21834,128858265863.50269,131032503566.89018,133273323431.01634,135583741675.67873,137966953339.94287,140426345226.74332,142965509949.02423,145588261185.04474,148298650262.3397,151100984203.14902,153999845379.10843,157000112939.84918,160106986199.15958,163326010183.80185,166663103574.31628,170124589294.56662,-1.2841481694987652e-14,-5.4563512700694026e-15,-2.2586746181952504e-15,-9.098091717188534e-16,-3.56156865861659e-16,-1.3531353317011932e-16,-1.544609064592033e-16,-5.607108692786934e-17,-1.9676218582485704e-17,-6.663246784268893e-18,-2.1736054072150864e-18,-6.816795779651426e-19,-2.0510644890393202e-19,-5.907552940265637e-20,-1.6248910688849634e-20,-4.257071213060517e-21,-1.0594114902396068e-21,-2.496834807135253e-22,-5.555058837790046e-23,-1.1626566309757885e-23,-2.280577800369049e-24,-4.175409753575111e-25,-7.103841495312357e-26,-1.1177355988692316e-26,-1.617939127298685e-27,-2.1423029842507886e-28,-2.578589246062072e-29,-2.8021665592587137e-30,-2.728685925768045e-31,-2.3614094780739508e-32,-1.7996520216533366e-33,-1.195718653733898e-34,-6.849239366705453e-36,-3.3407053532010143e-37,-1.3683866725495666e-38,-4.634880305058831e-40,-1.2758389337705586e-41,-2.7990218144465225e-43,-4.78740139160398e-45,-6.226275571752272e-47,-5.984732792830095e-49,-4.115621003446192e-51,-1.950707674042632e-53,-6.103934881674707e-56,-1.1994602778164933e-58,-1.3963531244901643e-61,-8.992963115437233e-65,-2.9550150430293102e-68,-4.498974588190793e-72,-2.8270354735390826e-76,-6.373705310665979e-81,-4.3445413147838015e-86,-0.00040924398313064644,-4.8503703452320665e-05,-4.280543383068871e-06,-2.638684105194826e-07,-1.0449124873459223e-08,-2.3770004117046965e-10,-2.666513892712229e-12,-1.190935490641423e-14,-1.553954393861894e-17,-3.721185196414707e-21,-7.868478497247994e-26,-4.3330661894251624e-32,-6.880069989439089e-41,-3.837407856595989e-54,-2.531315832298513e-76,-7.216744746613834e-121,-4.709546036054502e-255,0.0
55.0,41312186278.16725,41621607731.34164,41934897309.28687,42252125555.91272,42573364699.226616,42898688701.81954,43228173313.20777,43561896124.11104,43899936622.75197,44242376253.26621,44589298476.31639,44940788832.00816,45296935005.21213,45657826893.39959,46023556677.10628,46394218893.14443,46769910510.68891,47150731010.37055,47536782466.51593,47928169632.6813,48325000030.63471,48727384042.950485,49135435009.3866,49549269327.22728,49969006555.781006,50394769525.23535,50826684450.0809,51264881047.328735,51709492659.7572,52160656384.437874,52618513206.8046,53083208140.54346,53554890373.5983,54033713420.60249,54519835282.06626,55013418610.66668,55514630885.009,56023644591.24812,56540637412.98353,57065792429.8633,57599298325.36076,58141349604.21414,58692146820.048485,59251896813.73248,59820812963.05403,60399115444.33691,60987031506.65676,61584795759.35776,62192650473.61351,62810845898.82388,63439640594.68872,64079301779.85372,64730105698.0808,65392338002.95739,66066294162.22498,66752279882.87755,67450611558.25796,68161616738.460175,68885634625.43463,69623016594.28677,70374126742.3615,71139342467.81345,71919055079.48239,72713670440.0176,73523609644.33125,74349309735.60916,75191224461.26244,76049825071.3771,76925601162.40123,77819061569.00842,78730735307.29224,79661172572.67809,80610945796.1911,81580650762.9918,82570907797.38576,83582363018.83473,84615689673.8437,85671589548.97536,86750794470.65459,87854067897.8691,88982206614.35909,90136042527.41351,91316444580.9692,92524320791.32983,93760620414.51083,95026336254.95638,96322507126.19444,97650220474.88118,99010615180.66496,100404884545.36388,101834279486.12009,103300111948.47768,104803758556.73512,106346664520.47078,107930347817.83755,109556403678.09242,111226509387.88452,112942429448.09634,114706021110.53236,116519240326.51654,118384148142.51463,120302917581.27478,122277841050.72627,124311338327.02252,126405965162.71898,128564422576.18971,130789566884.07318,133084420544.86374,135452183888.8207,137896247817.23044,140420207562.84592,143027877613.14798,145723307909.07422,148510801444.18317,151394933403.05615,154380571993.28287,157472901142.86282,160677445254.56125,164000096230.98907,167447143009.29355,171025303872.772,-4.1498969664887384e-14,-1.7946866224342797e-14,-7.565416636401772e-15,-3.1049993198604788e-15,-1.2391809343145489e-15,-4.802625798920706e-16,-5.469301139898215e-16,-2.0272068601421346e-16,-7.268471886597285e-17,-2.516756132757812e-17,-8.400727798057154e-18,-2.697997818370816e-18,-8.320089079670651e-19,-2.4582456811014723e-19,-6.942459994481259e-20,-1.8693746544343852e-20,-4.7862490206407135e-21,-1.1618240732466597e-21,-2.6653968126636918e-22,-5.759439175396265e-23,-1.1678703025300445e-23,-2.2134547748682314e-24,-3.904143965235141e-25,-6.378425983457634e-26,-9.602951788617847e-27,-1.3248520188247128e-27,-1.664724815708648e-28,-1.892418639640241e-29,-1.931941829847696e-30,-1.7569314943791666e-31,-1.4106517465044536e-32,-9.901476313739226e-34,-6.009544306746025e-35,-3.1157426056055266e-36,-1.3613570523101168e-37,-4.937315496582018e-39,-1.461290737348063e-40,-3.46260894373787e-42,-6.428531770730143e-44,-9.124925522590618e-46,-9.63062896283996e-48,-7.320735507600985e-50,-3.864059737656223e-52,-1.3576522339774246e-54,-3.0235530906934584e-57,-4.0309685118137774e-60,-3.008288539181592e-63,-1.1609064388571877e-66,-2.107761236251929e-70,-1.6075200847520938e-74,-4.4894045637623066e-79,-3.8818823558563535e-84,-0.0001192651399928718,-1.3353919637605384e-05,-1.1125121747449948e-06,-6.486568518618293e-08,-2.4464441687486737e-09,-5.384095859032348e-11,-6.023527663596455e-13,-2.8308219718439377e-15,-4.2389651397022994e-18,-1.3235397526413034e-21,-4.333953943501968e-26,-4.6233982212570054e-32,-1.941654834090798e-40,-4.747197675800374e-53,-3.690498878720715e-74,-1.4578619295144088e-116,-2.4252939265766094e-244,0.0
54.75,40158333506.964165,40458713240.42156,40762863827.07714,41070854695.99812,41382756946.51312,41698643398.44085,42018588644.16591,42342669102.64323,42670963075.41464,43003550804.727455,43340514533.84741,43681938569.66446,44027909347.69433,44378515499.58396,44733847923.23445,45093999855.6616,45459066948.71943,45829147347.819305,46204341773.784,46584753607.98345,46970488980.90651,47361656864.33139,47758369167.26673,48160740835.84294,48568889957.34536,48982937868.58914,49403009268.84809,49829232337.56104,50261738857.05103,50700664340.50672,51146148165.48886,51598333713.2393,52057368514.08616,52523404399.25482,52996597659.41353,53477109210.29927,53965104765.79155,54460755018.82175,54964235830.52971,55475728428.101845,55995419611.75279,56523501971.33813,57060174113.11685,57605640897.212326,58160113686.35399,58723810606.51867,59296956820.12666,59879784812.49003,60472534692.25297,61075454506.61079,61688800572.1436,62312837822.15381,62947840171.45393,63594090899.61076,64251883053.718704,64921519871.84351,65603315228.35356,66297594102.43564,67004693071.17818,67724960828.6986,68458758732.88902,69206461381.46349,69968457219.10278,70745149177.61838,71536955351.18872,72344309708.86496,73167662846.69746,74007482782.00087,74864255792.4553,75738487302.93379,76630702823.15685,77541448939.49985,78471294364.52316,79420831048.05963,80390675353.97966,81381469307.06331,82393881914.74435,83428610568.85559,84486382532.89728,85567956520.78116,86674124373.465,87805712840.39995,88963585473.26248,90148644640.03906,91361833668.1866,92604139126.2986,93876593254.48367,95180276554.50787,96516320551.67384,97885910741.42229,99290289734.74152,100730760617.68172,102208690541.59274,103725514562.1572,105282739746.88148,106881949572.45831,108524808635.33553,110213067700.94168,111948569119.3476,113733252637.70874,115569161642.66508,117458449868.9999,119403388614.31293,121406374503.28368,123469937849.3328,125596751666.17513,127789641386.96458,130051595354.50662,132385776152.44012,134795532854.44232,137284414276.4802,139856183326.0223,142514832552.05777,145264601010.87543,148109992574.99112,151055795826.55792,154107105692.2435,157269346994.15982,160548300111.2375,163950128967.77298,167481411591.09027,-1.3318398048541982e-13,-5.861723765721916e-14,-2.5160490883319303e-14,-1.0520469880626598e-14,-4.280007468628042e-15,-1.6919409442961442e-15,-1.9222932790015026e-15,-7.274146437699035e-16,-2.6645149900626383e-16,-9.432285416375354e-17,-3.221208728758993e-17,-1.0592828647605669e-17,-3.3475493076067713e-18,-1.0144543283676942e-18,-2.941230535636224e-19,-8.138474181850445e-20,-2.143479325629392e-20,-5.358138201787933e-21,-1.2673158995214264e-21,-2.8267188081045145e-22,-5.924324098978133e-23,-1.162128511716524e-23,-2.124634865094226e-24,-3.6034964707546427e-25,-5.64143639187653e-26,-8.10770982135385e-27,-1.0632722840985568e-27,-1.264080588449432e-28,-1.3525586016907562e-29,-1.2922351243957682e-30,-1.0927726994562304e-31,-8.100627636940228e-33,-5.20775373478974e-34,-2.869121454530796e-35,-1.336734462384881e-36,-5.189075505557575e-38,-1.6506353453514098e-39,-4.2227026111925204e-41,-8.505854114990217e-43,-1.31709089186054e-44,-1.5255512844205166e-46,-1.2811419027267782e-48,-7.52595885549484e-51,-2.9672694578557444e-53,-7.484114666159208e-56,-1.141802699068254e-58,-9.866246221089418e-62,-4.46752319805331e-65,-9.663647952842863e-69,-8.935751516811992e-73,-3.087621664026641e-77,-3.382296285268206e-82,-0.00010420707528229758,-1.4036621993868497e-05,-1.4692340256604192e-06,-1.12792957397519e-07,-5.879589352828614e-09,-1.8760482184975555e-10,-3.1807793182552635e-12,-2.3525293265485818e-14,-5.715377968041492e-17,-2.984222889388463e-20,-1.720803769639176e-24,-3.6112450287918615e-30,-3.7313031156512514e-38,-3.453975582109533e-50,-2.4587456298106884e-70,-8.140463596789756e-111,-7.97208895319263e-233,0.0
54.5,38645220285.78584,38932002806.41789,39222374556.080185,39516401825.52571,39814152501.577545,40115696114.89737,40421103889.497925,40730448794.07473,41043805595.23644,41361250912.71745,41682863276.659546,42008723187.054886,42338913175.4467,42673517868.98896,43012624056.97147,43356320759.92272,43704699301.408005,44057853382.64656,44415879160.078606,44778875326.01878,45146943192.54097,45520186778.746086,45898712901.57326,46282631270.32303,46672054585.070274,47067098639.1543,47467882425.9436,47874528250.083786,48287161843.44842,48705912486.02455,49130913131.9781,49562300541.15746,50000215416.30807,50444802546.28687,50896210955.58111,51354594060.4537,51820109832.05592,52292920966.86784,52773195064.847466,53261104815.69239,53756828193.6409,54260548661.26517,54772455382.735405,55292743447.06328,55821614101.86241,56359274998.19733,56905940447.12608,57461831688.579,58027177173.25582,58602212858.26537,59187182517.276825,59782338065.9999,60387939903.86322,61004257272.81419,61631568634.22336,62270162064.93897,62920335673.60504,63582398038.42791,64256668667.65505,64943478484.11118,65643170335.22741,66356099530.093605,67082634405.16696,67823156920.3809,68578063287.51458,69347764632.81354,70132687695.98584,70933275567.84782,71749988469.05005,72583304572.48663,73433720872.17288,74301754101.57706,75187941704.60378,76092842862.65842,77017039581.47131,77961137841.62935,78925768817.05354,79911590165.97668,80919287399.31538,81949575331.69908,83003199620.81955,84080938401.19624,85183604018.92355,86312044874.47545,87467147381.19695,88649838047.71332,89861085693.1431,91101903804.7114,92373353048.13608,93676543942.00424,95012639708.27606,96382859312.05824,97788480704.88551,99230844286.94844,100711356605.01228,102231494304.21088,103792808353.46265,105396928565.98216,107045568438.24402,108740530332.82742,110483711032.84642,112277107698.17068,114122824256.39682,116023078264.5588,117980208280.91383,119996681789.8233,122075103726.82556,124218225655.49864,126428955652.69768,128710368964.2682,131065719499.46176,133498452239.07442,136012216639.87949,138610881126.32797,141298548769.84628,144079574266.49518,146958582335.4031,149940487673.40793,153030516615.91855,156234230670.3448,159557552106.777,-4.244292261514721e-13,-1.900893863650262e-13,-8.307245988165971e-14,-3.5384660411631486e-14,-1.4672825891087085e-14,-5.915654294716494e-15,-6.705394147754981e-15,-2.590194163771196e-15,-9.691864336574454e-16,-3.5071383130815703e-16,-1.225251405271266e-16,-4.1250478331447314e-17,-1.3357123867853405e-17,-4.151115518883272e-18,-1.2353947218386237e-18,-3.5122396318328506e-19,-9.514124278483189e-20,-2.4487323133948032e-20,-5.970178149207587e-21,-1.3743171794155149e-21,-2.9764894789704977e-22,-6.041920991161067e-23,-1.144702483577867e-23,-2.015084089763666e-24,-3.2797272220510647e-25,-4.908992331786764e-26,-6.717465966154907e-27,-8.349911744612113e-28,-9.361663202961411e-29,-9.393829962304902e-30,-8.364263118727205e-31,-6.546240063872697e-32,-4.456289430633693e-33,-2.6079667530675844e-34,-1.2951713515042682e-35,-5.379378335544673e-37,-1.8383685405359334e-38,-5.075249669963568e-40,-1.1086763739320204e-41,-1.871847557194623e-43,-2.378155332593701e-45,-2.2051478416959952e-47,-1.4408424319962009e-49,-6.370604714514081e-52,-1.8185052400069627e-54,-3.172449731082267e-57,-3.171381826441443e-60,-1.6834882709079868e-63,-4.3341789630183605e-67,-4.853794834741031e-71,-2.0725983822056902e-75,-2.8724929938595963e-80,-0.0003550214918279919,-5.6541732063797304e-05,-7.000120314576992e-06,-6.369298953213552e-07,-3.958976470898975e-08,-1.5253084567901938e-09,-3.190802438247925e-11,-3.0107730974531416e-13,-9.800911394309458e-16,-7.358660863609527e-19,-6.761955167860593e-23,-2.640552654144037e-28,-6.507925008359243e-36,-2.219247397787127e-47,-1.3881237994820807e-66,-3.548144468628471e-105,-1.598820130381688e-221,0.0
54.25,36789072877.074974,37057923042.93907,37330100287.36311,37605665830.70284,37884682357.93434,38167214061.89285,38453326688.06262,38743087580.98375,39036565732.345634,39333831830.83971,39634958313.84776,39940019421.04637,40249091250.01153,40562251813.91153,40879581101.381645,41201161138.67751,41527076054.210434,41857412145.57171,42192257949.15984,42531704312.52948,42875844469.58772,43224774118.76933,43578591504.33005,43937397500.903946,44301295701.47852,44670392508.95004,45044797231.4292,45424622181.47775,45809982779.46501,46200997661.24459,46597788790.36194,47000481575.015335,47409204990.00453,47824091703.91521,48245278211.800125,48672904973.63362,49107116558.83048,49548061797.13757,49995893936.22398,50450770806.31344,50912854992.2234,51382314013.19556,51859320510.92526,52344052446.22087,52836693304.74947,53337432312.35225,53846464660.44165,54363991742.022446,54890221398.91207,55425368180.76976,55969653616.580734,56523306499.28169,57086563184.25544,57659667902.46711,58242873089.06296,58836439728.302765,59440637715.75239,60055746238.72076,60682054175.98798,61319860517.93747,61969474808.27741,62631217608.61148,63305420987.20127,63992429033.35042,64692598398.933,65406298868.68993,66133913961.02416,66875841561.14063,67632494588.5007,68404301700.69332,69191708035.9674,69995175996.82372,70815186077.22697,71652237736.17824,72506850320.5744,73379564040.48918,74270941000.22632,75181566288.73598,76112049133.2372,77063024120.16603,78035152487.86362,79029123495.739,80045655874.98526,81085499366.29901,82149436350.45692,83238283578.03308,84352894005.01483,85494158741.57678,86663009121.82506,87860418902.91624,89087406602.59727,90345037984.91254,91634428704.57465,92956747121.32028,94313217296.45474,95705122184.75908,97133807035.97652,98600683021.23744,100107231101.01636,101655006152.56328,103245641376.21542,104880853001.59248,106562445316.41496,108292316042.58257,110072462086.21497,111904985690.6128,113792101023.56078,115736141233.084,117739566008.70988,119804969688.5041,121935089955.66904,124132817172.34547,126401204402.47926,128743478180.24232,131163050085.5683,133663529193.93295,136248735473.6179,138922714210.40933,141689751547.062,144554391232.9673,147521452688.38776,-1.3428955846420913e-12,-6.119705097269749e-13,-2.722640292280085e-13,-1.181255741175275e-13,-4.9921123752881076e-14,-2.0524499673276388e-14,-2.3210633755923523e-14,-9.151434917793876e-15,-3.4974374940152018e-15,-1.2935625702956229e-15,-4.622462392270053e-16,-1.5930490783840195e-16,-5.284711426041233e-17,-1.684056075883987e-17,-5.143711386090735e-18,-1.5022832044483408e-18,-4.1847995333827283e-19,-1.1087972049472929e-19,-2.786104090703668e-20,-6.617899701412444e-21,-1.4808692441910185e-21,-3.1099779333775488e-22,-6.104825436253475e-23,-1.1151713406311412e-23,-1.886548704999128e-24,-2.9401350551626117e-25,-4.1970196611048456e-26,-5.4532106421406304e-27,-6.4046660202650075e-28,-6.747887765276767e-29,-6.324419966918232e-30,-5.224259379871641e-31,-3.764548810703139e-32,-2.3394882169394402e-33,-1.2379852930256634e-34,-5.4993511464972196e-36,-2.0182368531310786e-37,-6.010243844642614e-39,-1.4231700330306262e-40,-2.618630365624518e-42,-3.647300647809491e-44,-3.732059581503122e-46,-2.7106635861067008e-48,-1.3431436286504037e-50,-4.336082510558153e-53,-8.643153893078739e-56,-9.987452966969596e-59,-6.209629810857464e-62,-1.9008584650829128e-65,-2.575314634254207e-69,-1.3572996509655664e-73,-2.376774536558023e-78,-0.0014877820033860898,-0.0002620635831712722,-3.6246481087956254e-05,-3.734437068621982e-06,-2.675037674740938e-07,-1.215053633899469e-08,-3.086170422882134e-10,-3.674859751863888e-12,-1.5895968814307277e-14,-1.702654068465283e-17,-2.4705110415042663e-21,-1.773854881354154e-26,-1.0255807397132073e-33,-1.256547630660255e-44,-6.624164580387872e-63,-1.2026613069167871e-99,-1.9418635483708124e-210,0.0
54.0,34611683492.975975,34858589046.10205,35108485252.69699,35361426492.767044,35617468427.85443,35876668037.917946,36139083659.494194,36404775025.19238,36673803304.57806,36946231146.504425,37222122722.9517,37501543774.43861,37784561657.07342,38071245391.314186,38361665712.51243,38655895123.31739,38954007948.02221,39256080388.93724,39562190584.87973,39872418671.87434,40186846846.162735,40505559429.62639,40828642937.731125,41156186150.10835,41488280183.89342,41825018569.94725,42166497332.09504,42512815069.52197,42864073042.47309,43220375261.41297,43581828579.80834,43948542790.70565,44320630727.28485,44698208367.58016,45081394943.56902,45470313054.84115,45865088787.07097,46265851835.52908,46672735633.881256,47085877488.537,47505418718.823845,47931504803.27971,48364285532.37067,48803915167.95994,49250552609.87096,49704361569.90748,50165510753.714,50634174050.881134,51110530733.72438,51594765665.18828,52087069516.35512,52587638994.0634,53096677079.17252,53614393276.03921,54141003873.80624,54676732220.137215,55221809008.07058,55776472576.70384,56340969226.46221,56915553549.751,57500488777.83763,58096047144.861206,58702510269.92074,59320169558.25091,59949326622.55507,60590293725.63104,61243394245.49294,61908963164.26816,62587347582.22456,63278907258.3689,63984015179.14441,64703058156.85174,65436437459.51657,66184569474.036896,66947886404.55447,67726837008.11936,68521887369.843925,69333521719.88206,70162243294.716,71008575245.3887,71873061595.48729,72756268251.86032,73658784071.23836,74581221986.13034,75524220193.5796,76488443410.59033,77474584200.2778,78483364373.04837,79515536467.38968,80571885315.13858,81653229696.3985,82760424089.60402,83894360522.57007,85055970530.72734,86246227229.12634,87466147505.19635,88716794339.66943,89999279263.52641,91314764959.28812,92664468015.46677,94049661843.50056,95471679767.02815,96931918293.90842,98431840581.95808,99972980109.9643,101556944566.12073,103185419966.63528,104860175017.86064,106583065735.89024,108356040338.14018,110181144421.9869,112060526446.03476,113996443530.03294,115991267589.8188,118047491823.91356,120167737568.49614,122354761537.39375,124611463463.40318,126940894156.62672,129346263994.50648,131830951856.7644,-4.21800272716425e-12,-1.955628846632878e-12,-8.85647951525428e-13,-3.913482985238941e-13,-1.6853770250549861e-13,-7.065363215215314e-14,-7.971640905965426e-14,-3.207685485253455e-14,-1.2519421342433967e-14,-4.732142283245348e-15,-1.7294165996983593e-15,-6.100250116326443e-16,-2.0729369030746787e-16,-6.772370535520033e-17,-2.1226260908341177e-17,-6.367613588940259e-18,-1.823754074915541e-18,-4.973642019632005e-19,-1.2877805972857257e-19,-3.1557870828563624e-20,-7.294573826176625e-21,-1.5846139826806812e-21,-3.222160325909922e-22,-6.106448711552764e-23,-1.0734905343237151e-23,-1.7415615436654657e-24,-2.5927764043947957e-25,-3.5204482090043736e-26,-4.3300857711689376e-27,-4.788779505293904e-28,-4.7229620028657315e-29,-4.116425585279371e-30,-3.1388441033135387e-31,-2.0706342716735384e-32,-1.1670921335690061e-33,-5.542686802243971e-35,-2.183528760694724e-36,-7.011005610921468e-38,-1.7986892563103378e-39,-3.6050005607990367e-41,-5.501678585511725e-43,-6.20868783368616e-45,-5.009617687720288e-47,-2.779986574339657e-49,-1.0142482416609704e-51,-2.308195333598733e-54,-3.0804431573439184e-57,-2.241141577482289e-60,-8.14887980466174e-64,-1.3341274077901587e-67,-8.667944387699768e-72,-1.9151316642861976e-76,-0.0061314371685243845,-0.0011848755153342442,-0.00018197801355101823,-2.1129711259952245e-05,-1.737254647876555e-06,-9.267293896533469e-08,-2.846339766211033e-09,-4.2570872016104916e-11,-2.433096956803935e-13,-3.691849435918216e-16,-8.382161959088739e-20,-1.0933239661936213e-24,-1.4580014185620306e-31,-6.257372362158324e-42,-2.665044375846951e-59,-3.1580234818877824e-94,-1.4175655126272152e-199,0.0
53.75,32140110912.37969,32361479137.776543,32585435837.86793,32812027009.521133,33041299704.31461,33273302057.56855,33508083318.32438,33745693880.31052,33986185313.93261,34229610399.32896,34476023160.53307,34725478900.787445,34978034239.0548,35233747147.77496,35492676991.91771,35754884569.384544,36020432152.81465,36289383532.85254,36561804062.93837,36837760705.68383,37117322080.90041,37400558515.349045,37687542094.28448,37978346714.87003,38273048141.54324,38571724063.4156,38874454153.79445,39181320131.91921,39492405827.00775,39807797244.714775,40127582636.10774,40451852569.271965,40780700003.66116,41114220367.31594,41452511637.07912,41795674421.94183,42143812049.66228,42497030656.805466,42855439282.35959,43219149965.09243,43588277844.81958,43962941267.76417,44343261896.19788,44729364822.56105,45121378688.27072,45519435807.435326,45923672295.70589,46334228204.50479,46751247660.88564,47174879013.29004,47605274983.480446,48042592824.94225,48486994488.0632,48938646792.41232,49397721606.45829,49864396035.08233,50338852615.25945,50821279520.29928,51311870773.05754,51810826468.54882,52318353006.41238,52834663333.70436,53359977198.51194,53894521414.90974,54438530139.80091,54992245162.21346,55555916205.64564,56129801244.08322,56714166832.33809,57309288451.38642,57915450869.41394,58532948519.30521,59162085893.34401,59803177955.92316,60456550575.09133,61122540973.796585,61801498201.715546,62493783628.58692,63199771459.99771,63919849276.596,64654418597.73184,65403895470.54785,66168711085.56385,66949312419.81274,67746162908.597206,68559743146.94042,69390551621.80127,70239105476.1128,71105941305.67906,71991615989.93108,72896707557.49074,73821816087.42361,74767564646.96976,75734600266.4287,76723594951.72726,77735246735.0222,78770280763.46686,79829450426.00792,80913538517.75201,82023358441.05843,83159755442.0509,84323607880.69446,85515828531.92998,86737365914.5933,87989205643.93755,89272371802.51076,90587928322.88922,91936980374.29666,93320675743.4185,94740206197.70476,96196808817.1012,97691767277.39195,99226413065.12218,100802126600.31094,102420338238.7773,104082529120.78136,105790231826.69786,107545030793.45494,109348562437.3051,111202514918.95596,113108627475.92804,-1.3150491111092654e-11,-6.2025142579725574e-12,-2.858978678631394e-12,-1.286512588435248e-12,-5.64535838391642e-13,-2.412832946099685e-13,-2.7160973150147577e-13,-1.1152647686130529e-13,-4.4447483042517774e-14,-1.7167218621110808e-14,-6.415623787387535e-15,-2.3158923511078398e-15,-8.060095833670714e-16,-2.6992867264631844e-16,-8.680145491304539e-17,-2.6741646475837562e-17,-7.873571083962387e-18,-2.2097100715521462e-18,-5.894491355210588e-19,-1.4899563087923618e-19,-3.5569399708899743e-20,-7.990879768806401e-21,-1.6828048164103144e-21,-3.3078993648675145e-22,-6.041494081115304e-23,-1.020049424486933e-23,-1.5833976119743964e-24,-2.246100987462255e-25,-2.892419599832674e-26,-3.356755616663943e-27,-3.4826729531031326e-28,-3.201694366724522e-29,-2.5825135345191906e-30,-1.8077806573801916e-31,-1.0848992883169355e-32,-5.506161655933545e-34,-2.3274477248725685e-35,-8.053889699937636e-37,-2.237601883088547e-38,-4.8824746677910256e-40,-8.159868312658506e-42,-1.0149836157404788e-43,-9.092141226196784e-46,-5.646756516470492e-48,-2.326520478168297e-50,-6.040068189711932e-53,-9.301725735981018e-56,-7.9114006204778855e-59,-3.4133119810159672e-62,-6.745259132309327e-66,-5.3956406903468394e-70,-1.5020595348095252e-74,-0.02449380814200758,-0.0051809543097426835,-0.0008814947595267218,-0.00011505428822702508,-1.0826611393792626e-05,-6.760319013571762e-07,-2.5010090670337622e-08,-4.676417694657942e-10,-3.5113681844612587e-12,-7.493766229839226e-15,-2.637970949140615e-18,-6.174453822980571e-23,-1.866844062503088e-29,-2.735147647756282e-39,-9.015887297282345e-56,-6.399206867382413e-89,-6.172013937573383e-189,0.0
53.5,29406249123.624203,29598994596.74629,29793871160.790543,29990915170.23611,30190163773.492085,30391654932.999275,30595427445.90869,30801520965.35572,31009976022.349483,31220834048.29864,31434137398.193844,31649929374.46962,31868254251.5684,32089157301.2302,32312684818.53276,32538884148.70739,32767803714.75756,32999493045.90668,33234002806.90449,33471384828.22092,33711692137.15807,33954978989.91235,34201300904.61888,34450714695.41279,34703278507.54231,34959051853.56997,35218095650.700005,35480472259.27043,35746245522.45073,36015480807.18639,36288245046.43367,36564606782.72904,36844636213.13912,37128405235.63876,37415987496.96593,37707458442.003845,38002895364.74201,38302377460.86949,38605985882.05516,38913803791.97102,39225916424.11585,39542411141.49834,39863377498.23962,40188907303.15623,40519094685.38635,40854036162.12197,41193830708.51183,41538579829.79902,41888387635.75908,42243360917.50359,42603609226.71446,42969244957.37376,43340383430.05319,43717142978.82548,44099645040.85884,44488014248.75314,44882378525.672806,45282869183.32848,45689621022.85429,46102772438.621895,46522465525.02592,46948846186.26685,47382064249.14841,47822273578.89473,48269632197.97975,48724302407.94608,49186450914.17253,49656248953.52989,50133872424.84,50619502022.02761,51113323369.822136,51615527161.83263,52126309300.777855,52645871040.6084,53174419130.20451,53712165958.27514,54259329699.01479,54816134457.99952,55382810417.71503,55959593982.01309,56546727918.67874,57144461499.16594,57753050634.41567,58372758005.50839,59003853187.71942,59646612766.33904,60301320442.38451,60968267126.06568,61647751015.56687,62340077658.36852,63045559991.94821,63764518360.26863,64497280501.967766,65244181505.61446,66005563726.7622,66781776660.82607,67573176765.002014,68380127221.53852,69202997633.63737,70042163644.09375,70898006465.45847,71770912309.00365,72661271698.06721,73569478649.41605,74495929704.06831,75441022786.51678,76405155868.45349,77388725409.86226,78392124546.66554,79415740989.91728,80459954596.75116,81525134567.84006,82611636219.88963,83719797274.57237,84849933597.16321,86002334308.81703,87177256185.74567,88374917246.30093,89595489412.90166,90839090119.57588,92105772717.28482,-4.069015173555536e-11,-1.9521600816818024e-11,-9.157559682188724e-12,-4.195995080899717e-12,-1.875884515052588e-12,-8.173129325591845e-13,-9.179465834377414e-13,-3.845780435657659e-13,-1.5648561636863445e-13,-6.175165268935684e-14,-2.359526534179889e-14,-8.715131593137124e-15,-3.1060979968283197e-15,-1.0661341010436571e-15,-3.516950765310182e-16,-1.1125360302282846e-16,-3.3668034215505566e-17,-9.722093194171658e-18,-2.671373877647645e-18,-6.963702809761978e-19,-1.7165939846524162e-19,-3.987402965697996e-20,-8.694626147870945e-21,-1.7723459384683514e-21,-3.362178989403576e-22,-5.906456400782592e-23,-9.55710561782656e-24,-1.4159725289623304e-24,-1.9085227892482e-25,-2.3235752510405814e-26,-2.5352297442293137e-27,-2.457553420668188e-28,-2.096178861153956e-29,-1.5564742899776552e-30,-9.94167371018094e-32,-5.389958298398872e-33,-2.4435432112076913e-34,-9.108556363178129e-36,-2.7391417317787746e-37,-6.503571650759371e-39,-1.1896108190399023e-40,-1.6300135624561228e-42,-1.6200207407932066e-44,-1.1252435083565196e-46,-5.2316023224597694e-49,-1.548186693677863e-51,-2.748794938997737e-54,-2.7305323764508813e-57,-1.3963858588552172e-60,-3.326955685431039e-64,-3.272348425350411e-68,-1.1461617076514576e-72,-0.09472330624912585,-0.021888169728023942,-0.004116558766030488,-0.0006024828216547455,-6.470053112323076e-05,-4.713176451819108e-06,-2.0919796522059745e-07,-4.867040917780183e-09,-4.7733437785072466e-11,-1.4224375260062432e-13,-7.691429435357741e-17,-3.190549830910227e-21,-2.149346843300019e-27,-1.047281557733398e-36,-2.5578844361032022e-52,-9.966721184057552e-84,-1.5902402544157873e-178,0.0
53.25,26446270379.91476,26607890955.142933,26771142289.793774,26936050165.40175,27102640873.88197,27270941228.09144,27440978572.575733,27612780794.50156,27786376334.77558,27961794199.34942,28139063970.71038,28318215819.55717,28499280516.6596,28682289444.900497,28867274611.497925,29054268660.405003,29243304884.88418,29434417240.252148,29627640356.790813,29823009552.81896,30020560847.91858,30220330976.30851,30422357400.357464,30626678324.226967,30833332707.633915,31042360279.720573,31253801553.018955,31467697837.494354,31684091254.651543,31903024751.68449,32124542115.649296,32348687987.636803,32575507876.919056,32805048175.041607,33037356169.82949,33272480059.272392,33510468965.250114,33751372947.056107,33995243014.67166,34242131141.739697,34492090278.180336,34745174362.38634,35001438332.92879,35260938139.69784,35523730754.39452,35789874180.28238,36059427461.098495,36332450689.01308,36609005011.51675,36889152637.10211,37172956839.59409,37460481960.96818,37751793412.48135,38046957673.92264,38346042290.77169,38649115869.03344,38956248067.4942,39267509587.12,39582972157.29066,39902708518.53373,40226792401.38909,40555298500.999695,40888302446.98435,41225880768.10452,41568110851.19029,41915070893.73747,42266839849.53028,42623497366.58039,42985123716.60372,43351799715.17778,43723606631.63937,44100626087.68685,44482939943.54885,44870630170.46764,45263778708.117874,45662467305.44446,46066777343.24784,46476789636.676735,46892584215.59932,47314240080.617226,47741834932.25575,48175444870.60999,48615144062.44388,49061004372.426,49513094954.8402,49971481801.722496,50436227242.94967,50907389393.32883,51385021541.209526,51869171472.55319,52359880723.73992,52857183755.66608,53361107040.874016,53871668054.55117,54388874159.22771,54912721371.87428,55443193000.84413,55980258138.69704,56523869995.36948,57073964054.39333,57630456032.89426,58193239623.88764,58762183996.91018,59337131030.23988,59917892244.82808,60504245406.54871,61095930759.4114,61692646847.926384,62294045881.78411,62899728590.34384,63509238508.02506,64122055624.463554,64737589325.11377,65355170538.71739,65974042997.56363,66593353504.56346,67212141087.6414,67829324906.58696,68443690760.02537,69053876020.25381,69658352800.98343,-1.2493652134220112e-10,-6.096339432292138e-11,-2.910090869786257e-11,-1.3575764297187003e-11,-6.182697215579158e-12,-2.745706417447901e-12,-3.0768076125642736e-12,-1.3150634234644085e-12,-5.462613068830384e-13,-2.2021005628952666e-13,-8.601811341135923e-14,-3.2504662174513425e-14,-1.1861539896313224e-14,-4.172132953300916e-15,-1.411624289316044e-15,-4.584384600496247e-16,-1.4257044825866682e-16,-4.23517972706509e-17,-1.1984760515906982e-17,-3.221282272628137e-18,-8.197710153906608e-19,-1.968466270652844e-19,-4.443394721742638e-20,-9.390567899317404e-21,-1.8498664372849644e-21,-3.380391756488395e-22,-5.700108758228521e-23,-8.818229964489664e-24,-1.2436818953802423e-24,-1.5879552971968314e-25,-1.8214964380137435e-26,-1.861174224781117e-27,-1.678115168984782e-28,-1.3212471781925144e-29,-8.978513782145245e-31,-5.197752758967776e-32,-2.5261654751653008e-33,-1.0138904140295299e-34,-3.298576227882681e-36,-8.517505976225037e-38,-1.7042272845730384e-39,-2.57074396617196e-41,-2.832861222455233e-43,-2.1990609213935242e-45,-1.1528538634152683e-47,-3.885592690318305e-50,-7.946632512490498e-53,-9.210374226259012e-56,-5.577047388301887e-59,-1.6001165301893131e-62,-1.9327025930096876e-66,-8.504784944873636e-71,-0.35440375295668075,-0.08929028518834589,-0.018521899500389568,-0.0030319888466094356,-0.0003705098878326941,-3.1380605932891604e-05,-1.6643953685980705e-06,-4.794904359438082e-08,-6.106226649834834e-10,-2.5221463867124058e-12,-2.0750730182776558e-15,-1.5063803913336647e-19,-2.2213866956738552e-25,-3.5054175654083934e-34,-6.0692653882894315e-49,-1.1883303483082563e-78,-2.405362578978004e-168,0.0
53.0,23299953075.04064,23428591566.40276,23558331118.307644,23689186369.35824,23821172174.2516,23954303604.679707,24088595950.029243,24224064717.86272,24360725634.16238,24498594643.317223,24637687907.831253,24778021807.73093,24919612939.64704,25062478115.545227,25206634361.077644,25352098913.525578,25498889219.302124,25647022930.98049,25796517903.8122,25947392191.69622,26099664042.558086,26253351893.0947,26408474362.837467,26565050247.48363,26723098511.441566,26882638279.532368,27043688827.785896,27206269573.26532,27370400062.8491,27536099960.89486,27703389035.703995,27872287144.69992,28042814218.227062,28214990241.87076,28388835237.19097,28564369240.75549,28741612281.34928,28920584355.2284,29101305399.276825,29283795261.914345,29468073671.592373,29654160202.70267,29842074238.71083,30031834932.312206,30223461162.393333,30416971487.5648,30612384096.01448,30809716751.410736,31008986734.564304,31210210780.535667,31413405010.85028,31618584860.45796,31825764999.044453,32034959246.27214,32246180480.494534,32459440540.451824,32674750119.41684,32892118651.21732,33111554187.51554,33333063265.674606,33556650766.487965,33782319760.98852,34010071345.489864,34239904463.9417,34471815716.606094,34705799153.97734,34941846054.77831,35179944686.76751,35420080048.98319,35662233593.934135,35906382928.11754,36152501489.10586,36400558197.2901,36650517080.20058,36902336867.14293,37155970551.68661,37411364919.324,37668460037.37745,37927188703.96774,38187475852.56933,38449237908.35811,38712382092.21112,38976805667.83234,39242395127.058655,39509025307.93594,39776558439.644646,40044843107.79244,40313713132.9716,40582986354.79523,40852463312.87234,41121925815.34863,41391135384.71958,41659831569.604576,41927730110.04454,42194520942.63879,42459866030.4555,42723397001.11782,42984712574.76904,43243375761.73254,43498910807.58629,43750799861.04043,43998479337.413,44241335947.61026,44478702359.30002,44709852453.37742,44933996134.81623,45150273652.52548,45357749377.82916,45555404985.59347,45742131975.759605,45916723466.02364,46077865178.53136,46224125534.62154,46353944761.72534,46465622905.36851,46557306626.665855,46626974651.547485,46672421722.01043,46691240881.688095,46680803907.70031,46638239677.761,-3.806112381257047e-10,-1.8887193072484072e-10,-9.173371080167388e-11,-4.356510772315317e-11,-2.020891766905793e-11,-9.146594136113682e-12,-1.0226551306603219e-11,-4.458602264079188e-12,-1.8904200955603443e-12,-7.783908086776889e-13,-3.107885675157396e-13,-1.201332943904359e-13,-4.4879366290046895e-14,-1.6173927620536522e-14,-5.611924729084114e-15,-1.8707427820306775e-15,-5.9776536509037545e-16,-1.8263913637494204e-16,-5.3217113576409045e-17,-1.4745470440136124e-17,-3.87319482244141e-18,-9.612235953194868e-19,-2.245640784000452e-19,-4.9192083572481954e-20,-1.0060370877166656e-20,-1.911834970411732e-21,-3.35867005151695e-22,-5.423929573758721e-23,-8.002026106707336e-24,-1.0711857414388663e-24,-1.2913493335240294e-25,-1.390360859575241e-26,-1.3246942747517432e-27,-1.105508343801482e-28,-7.989345116208445e-30,-4.936547472586248e-31,-2.5709024035815717e-32,-1.1104699791045316e-33,-3.9065356867746257e-35,-1.0964539226851612e-36,-2.398365928552823e-38,-3.98035352363547e-40,-4.859987114523027e-42,-4.213283251799527e-44,-2.4886796930379624e-46,-9.545108277597604e-49,-2.246550576121107e-51,-3.035051168301239e-54,-2.1736381326279472e-57,-7.500979235480951e-61,-1.111104824992138e-64,-6.133719425092903e-69,-1.2821037842266274,-0.3514994305125273,-0.08023981420764978,-0.014653856526686939,-0.002031654762778728,-0.00019937445374680068,-1.2584782573174674e-05,-4.467453758521335e-07,-7.343286133241562e-09,-4.1727918516917464e-11,-5.173712653595136e-14,-6.488980734156145e-18,-2.0573852762647526e-23,-1.0235054707264493e-31,-1.2010586118729079e-45,-1.0801643219296007e-73,-2.1185835563042956e-158,0.0
52.75,20009908714.17564,20104398118.279827,20199443982.648083,20295049610.730984,20391218229.313,20487952980.121983,20585256910.87853,20683132965.751,20781583975.18114,20880612645.042164,20980221545.089176,21080413096.659763,21181189559.579384,21282553018.224083,21384505366.689777,21487048293.014294,21590183262.39539,21693911499.34415,21798233968.709454,21903151355.505665,22008664043.470814,22114772092.278816,22221475213.323746,22328772743.989613,22436663620.313488,22545146347.94385,22654218971.290085,22763879040.75228,22874123577.91342,22984949038.56871,23096351273.458218,23208325486.56114,23320866190.799908,23433967160.99332,23547621383.8866,23661821005.075447,23776557272.629105,23891820477.203693,24007599888.424534,24123883687.299927,24240658894.41367,24357911293.626343,24475625350.99684,24593784128.61589,24712369193.02228,24831360517.84952,24950736380.32646,25070473251.22862,25190545677.849133,25310926159.52746,25431585015.241417,25552490242.73236,25673607368.59593,25794899288.729256,25916326098.48136,26037844911.80596,26159409668.664825,26280970929.872623,26402475658.51686,26523866987.018967,26645083968.834404,26766061313.71285,26886729105.35816,27007012500.238407,27126831406.200817,27246100139.442043,27364727058.27092,27482614171.97957,27599656723.005062,27715742740.4196,27830752562.63188,27944558327.01142,28057023423.96252,28168001912.77515,28277337896.359898,28384864851.73695,28490404912.88988,28593768102.31315,28694751507.272755,28793138396.466183,28888697272.399128,28981180854.398018,29070324986.73901,29155847465.897472,29237446780.39833,29314800756.177017,29387565099.73314,29455371830.675007,29517827594.49932,29574511845.627445,29624974889.813244,29668735774.045155,29705280010.972595,29734057123.6865,29754477995.36411,29765912006.834656,29767683943.521564,29759070651.45402,29739297420.094448,29707534067.58342,29662890701.633087,29604413126.682667,29531077865.03497,29441786756.491623,29335361097.46038,29210535276.58255,29065949859.5774,28900144071.17551,28711547616.657497,28498471779.566666,28259099725.55778,27991475934.992817,27693494678.721493,27362887442.379345,26997209194.395325,26593823381.59765,26149885523.69306,25662325263.825096,25127826716.6958,24542806938.17372,23903392320.677074,-1.1502811351487863e-09,-5.804268932694826e-10,-2.868028013028713e-10,-1.3864173626855023e-10,-6.549918872428646e-11,-3.02091113473083e-11,-3.3700609219046234e-11,-1.4985573231504432e-11,-6.484549894411547e-12,-2.7268480500526297e-12,-1.1127044869632899e-12,-4.399016799763417e-13,-1.6821293676991378e-13,-6.21026319044565e-14,-2.2093742283200022e-14,-7.558519453220865e-15,-2.481096524990911e-15,-7.795546733994689e-16,-2.338405824456008e-16,-6.678018356633095e-17,-1.810148438955108e-17,-4.641881760497002e-18,-1.1221217686589165e-18,-2.5472389500139297e-19,-5.406932268188699e-20,-1.0682782761683484e-20,-1.9547185509415515e-21,-3.294244295292769e-22,-5.082415547818804e-23,-7.130742982836003e-24,-9.031494083908685e-25,-1.0242781334533116e-25,-1.0308623983439195e-26,-9.115144919006799e-28,-7.002681787872924e-29,-4.6162567789475955e-30,-2.574953641864339e-31,-1.196385966540126e-32,-4.548631603825507e-34,-1.3869219870335852e-35,-3.3145955522100165e-37,-6.048347868719559e-39,-8.177150525267067e-41,-7.911214452144815e-43,-5.260892895094704e-45,-2.294183451447224e-47,-6.208241470546444e-50,-9.76636507280441e-53,-8.263522205355739e-56,-3.4256886304591657e-59,-6.214714554640075e-63,-4.2974212337877704e-67,-4.481938513972383,-1.3344198107176681,-0.3344682220206079,-0.06796862816179358,-0.010659328673519186,-0.0012077791831589892,-9.035409835774303e-05,-3.932748507723694e-06,-8.293293564145381e-08,-6.434358778749373e-10,-1.1905662109116723e-12,-2.5465169673920553e-16,-1.7045841423845496e-21,-2.6012079926452936e-29,-1.976651170505914e-42,-7.453903754879727e-69,-1.0775978921461627e-148,0.0
52.5,16620725825.663294,16680616422.77934,16740518857.598822,16800425285.801949,16860327507.046816,16920216948.11313,16980084645.174335,17039921225.150995,17099716886.09554,17159461376.556156,17219143973.86394,17278753461.284767,17338278103.973957,17397705623.667946,17457023172.04378,17516217302.67301,17575273941.4924,17634178355.709476,17692915121.055885,17751468087.296864,17809820341.89915,17867954171.7547,17925851022.850624,17983491457.77004,18040855110.90119,18097920641.22488,18154665682.542606,18211066790.999752,18267099389.74823,18322737710.58529,18377954732.393425,18432722116.196827,18487010136.63787,18540787609.66506,18594021816.21073,18646678421.623634,18698721390.60541,18750112897.385742,18800813230.85283,18850780694.338734,18899971499.73898,18948339655.626072,18995836848.99419,19042412320.24836,19088012731.02698,19132582024.418903,19176061277.10758,19218388542.94392,19259498687.416084,19299323212.44877,19337790070.926743,19374823470.29573,19410343664.55056,19444266733.87245,19476504351.127186,19506963534.381065,19535546384.53306,19562149807.09847,19586665217.11165,19608978226.04273,19628968309.54369,19646508454.75619,19661464785.82087,19673696166.130333,19683053775.76252,19689380662.4159,19692511264.045624,19692270901.26611,19688475237.44228,19680929704.235847,19669428890.20587,19653755889.88104,19633681610.52457,19608964033.601147,19579347427.724228,19544561509.61401,19504320549.325714,19458322415.71643,19406247557.79986,19347757917.296352,19282495767.310192,19210082471.66204,19130117158.96246,19042175305.035755,18945807216.78015,18840536409.98707,18725857873.023308,18601236207.61213,18466103637.21601,18319857872.729805,18161859824.32468,17991431147.33667,17807851609.062176,17610356262.194645,17398132409.40736,17170316342.24262,16925989835.99763,16664176380.692434,16383837126.447544,16083866519.675411,15763087604.387346,15420246960.610216,15054009249.3835,14662951331.039906,14245555920.43822,13800204739.490473,13325171123.675882,12818612035.227642,12278559431.284948,11702910930.473831,11089419716.083488,10435683608.183117,9739133230.633633,8997019191.92689,8206398191.073036,7364117951.289254,6466800874.93985,5510826302.971355,4492311250.8805,3407089480.9636374,2250688757.129085,-3.448207554154162e-09,-1.769071669328721e-09,-8.892111946203033e-10,-4.3748590373616725e-10,-2.1046982068433807e-10,-9.89058582523307e-11,-1.100926685585558e-10,-4.992315036934735e-11,-2.2044250295325654e-11,-9.4657744619818e-12,-3.946957990578575e-12,-1.5956931698593149e-12,-6.244604595756858e-13,-2.361382164518373e-13,-8.612213591169231e-14,-3.0232288406194375e-14,-1.0192691602047971e-14,-3.292677936497002e-15,-1.0166062794302948e-15,-2.9916576127730594e-16,-8.366458748676173e-17,-2.2164086164789396e-17,-5.542748227294187e-18,-1.3035407125828221e-18,-2.8711681033514927e-19,-5.896230692110658e-20,-1.123407156383392e-20,-1.9751854976503963e-21,-3.185802383273651e-22,-4.683222284628178e-23,-6.229739381910063e-24,-7.439597703664788e-25,-7.906156346991137e-26,-7.404134386413074e-27,-6.044307057474331e-28,-4.2490776235060985e-29,-2.5373996953313004e-30,-1.2675245097660163e-31,-5.205486736060775e-33,-1.7233007121045912e-34,-4.497093900143172e-36,-9.016925215389893e-38,-1.3488852615740174e-39,-1.4552856107618484e-41,-1.0886368706924751e-43,-5.39299438235202e-46,-1.6763474416859115e-48,-3.0675666321205794e-51,-3.062990035573432e-54,-1.523489216858477e-57,-3.3802678833072965e-61,-2.923421940304194e-65,-15.13042746722414,-4.882246163731859,-1.3405333876799215,-0.3023276002048181,-0.05346883108894828,-0.006970336255481691,-0.0006154237850242453,-3.2678882795117844e-05,-8.78662054542452e-07,-9.236243125762211e-09,-2.5252967612467464e-11,-9.090433341117732e-15,-1.2611078677837438e-19,-5.7416120059292576e-27,-2.6975670839083716e-39,-3.888264809443621e-64,-3.1386611921120392e-139,0.0
52.25,13178051797.5185,13203619023.03404,13228668244.618298,13253181023.73908,13277138310.79061,13300520420.993868,13323307009.179085,13345477043.393251,13367008777.272823,13387879721.118277,13408066611.603828,13427545380.051756,13446291119.197386,13464278048.366186,13481479476.980385,13497867766.307837,13513414289.361095,13528089388.849403,13541862333.080856,13554701269.7063,13566573177.19036,13577443813.888577,13587277664.602364,13596037884.47669,13603686240.097515,13610183047.637257,13615487107.888693,13619555638.017504,13622344199.854511,13623806624.537811,13623894933.303804,13622559254.214596,13619747734.596188,13615406448.949076,13609479302.077742,13601907927.171291,13592631578.550694,13581587018.780922,13568708399.828236,13553927137.923157,13537171781.768717,13518367873.71141,13497437803.469095,13474300653.983818,13448872038.941534,13421063931.471582,13390784483.50775,13357937835.260534,13322423914.21466,13284138223.028708,13242971615.673676,13198810061.10428,13151534393.711391,13101020049.754436,13047136788.9208,12989748400.102522,12928712390.421034,12863879656.465668,12795094136.643255,12722192443.461676,12645003474.491009,12563348000.661238,12477038230.463614,12385877348.525007,12289659026.919802,12188166907.470268,12081174053.165487,11968442366.698586,11849721973.981665,11724750570.34705,11593252726.981989,11454939154.969503,11309505924.119623,11156633633.57499,10995986530.955976,10827211576.577168,10649937449.014347,10463773488.03027,10268308570.572786,10063109915.245457,9847721810.307749,9621664259.896402,9384431542.762083,9135490677.387815,8874279786.89427,8600206356.638206,8312645376.871378,8010937362.247314,7694386239.333415,7362257092.608254,7013773758.690882,6648116257.755326,6264418050.228644,5861763105.943273,5439182771.915829,4995652423.841485,4530087885.224665,4041341596.802799,3528198517.555678,2989371737.114767,2423497777.795968,1829131562.7547164,1204741024.904543,548701329.2340074,-140711321.00935692,-865326326.1311569,-1627085814.1776154,-2428052284.583712,-3270416811.2783465,-4156507848.370589,-5088800684.894853,-6069927598.686996,-7102688763.301939,-8190063965.982889,-9335225199.0468,-10541550191.67353,-11812636953.967953,-13152319410.29462,-14564684204.255136,-16054088763.251808,-17625180716.31965,-1.0251450526804e-08,-5.3468224497659926e-09,-2.7335517892039634e-09,-1.368616730133006e-09,-6.704040998060367e-10,-3.209537862992975e-10,-3.5646931822098595e-10,-1.648217761552988e-10,-7.42563754531697e-11,-3.255451114505617e-11,-1.3868827095768848e-11,-5.732845244930625e-12,-2.295660667029584e-12,-8.890115070825403e-13,-3.323304463838652e-13,-1.1968434798099757e-13,-4.1436726477274145e-14,-1.3760031657547447e-14,-4.3718583465954825e-15,-1.3254579529031957e-15,-3.823531233168917e-16,-1.0461713793941227e-16,-2.7058589011140848e-17,-6.5912452100595886e-18,-1.506061273086081e-18,-3.213839339610597e-19,-6.374228500833291e-20,-1.1688788757098147e-20,-1.9703475214733064e-21,-3.0338156346114173e-22,-4.237077802012909e-23,-5.326124859764183e-24,-5.974424327624684e-25,-5.923487328078828e-26,-5.136149697331349e-27,-3.848701030196331e-28,-2.459331990439533e-29,-1.3201745371155851e-30,-5.853273972998659e-32,-2.1027056949781628e-33,-5.987921151243053e-35,-1.318372731952102e-36,-2.18072200859004e-38,-2.621659655467095e-40,-2.2043166722632475e-42,-1.2394068405103308e-44,-4.4210231418987035e-47,-9.400728644671786e-50,-1.106450677334819e-52,-6.594571134001723e-56,-1.787015691227593e-59,-1.929951651304581e-63,-49.29389485624607,-17.203120450208733,-5.162314318695307,-1.2886322869457187,-0.2562193384141124,-0.03829080375986845,-0.003973049811232337,-0.0002560585174374771,-8.72369856065947e-06,-1.2327416477215244e-07,-4.930475532469237e-10,-2.947225186706761e-13,-8.316061034482101e-18,-1.0982056743536492e-24,-3.043701421389073e-36,-1.526527454910859e-59,-5.190016502172858e-130,0.0
52.0,9727636201.163462,9719868786.111204,9711082547.367577,9701249344.09705,9690340203.038055,9678325288.6966,9665173872.25323,9650854299.120796,9635333955.086897,9618579230.972176,9600555485.730742,9581227007.916512,9560556975.43405,9538507413.488842,9515039150.647243,9490111772.911173,9463683575.708113,9435711513.691135,9406151148.238136,9374956592.53342,9342080454.10852,9307473774.71216,9271085967.372211,9232864750.50513,9192756078.920036,9150704071.556368,9106650935.784922,9060536888.092585,9012300070.961033,8961876465.739037,8909199801.296352,8854201458.235666,8796810368.425735,8736952909.606012,8674552794.797642,8609530956.241926,8541805423.569764,8471291195.889109,8397900107.4592495,8321540686.601147,8242118007.472264,8159533534.312809,8073684957.747078,7984466022.697896,7891766347.44732,7795471233.347315,7695461464.655181,7591613097.93648,7483797240.444378,7371879816.848413,7255721323.647264,7135176570.559812,7010094408.144052,6880317440.848958,6745681724.652742,6606016448.390447,6461143597.816043,6310877601.384926,6155024956.679121,5993383836.32836,5825743672.208375,5651884716.619376,5471577579.065378,5284582737.165321,5090650020.134109,4889518063.168734,4680913730.96817,4464551508.499596,4240132857.000764,4007345533.07612,3765862868.604091,3515343009.022194,3255428107.395736,2985743471.5044384,2705896660.9967604,2415476531.4660134,2114052222.0918777,1801172083.2664907,1476362540.3839738,1139126889.716581,788944022.0247519,425267069.2574757,47521969.38396488,-344894055.93493015,-752614116.4858695,-1176303367.4831245,-1616660828.82873,-2074421316.5240064,-2550357493.568856,-3045282048.1776214,-3560050007.665904,-4095561196.923094,-4652762850.978869,-5232652391.8057,-5836280380.168336,-6464753654.043411,-7119238665.884554,-7800965031.803526,-8511229306.575939,-9251398999.2646,-10022916845.178576,-10827305350.857264,-11666171629.78152,-12541212547.564892,-13454220196.468304,-14407087720.19904,-15401815511.101109,-16440517803.001957,-17525429684.14404,-18658914555.78038,-19843472063.13343,-21081746526.48087,-22376535901.10955,-23730801295.73501,-25147677079.66684,-26630481609.45651,-28182728605.923485,-29808139212.223614,-31510654762.90724,-33294450292.57357,-35163948810.60416,-3.022135409224993e-08,-1.602255633084652e-08,-8.330727091506651e-09,-4.2440330381238615e-09,-2.116444437257325e-09,-1.032116864801571e-09,-1.1438224122164274e-09,-5.391873764399589e-10,-2.478121152302244e-10,-1.1090531482072936e-10,-4.8265490082309466e-11,-2.0395864451282583e-11,-8.355845581936523e-12,-3.313254561248293e-12,-1.2692742298982125e-12,-4.688722528526556e-13,-1.666674101407861e-13,-5.688175663099129e-14,-1.8594054881583012e-14,-5.806608581707288e-15,-1.7274049894908647e-15,-4.880478766017544e-16,-1.3052313622952798e-16,-3.2923343595104045e-17,-7.8020127987431e-18,-1.729557829952451e-18,-3.569891406474815e-19,-6.825553130488759e-20,-1.2020899862573343e-20,-1.938029321904362e-21,-2.8407890336527253e-22,-3.7574267216962533e-23,-4.447098350286015e-24,-4.66610018718956e-25,-4.295518356733353e-26,-3.4294366254881785e-27,-2.343823413498923e-28,-1.3513350586563558e-29,-6.4648126556524765e-31,-2.5186195025172247e-32,-7.821975537903897e-34,-1.8898377386276775e-35,-3.453989384875955e-37,-4.6234341159111184e-39,-4.3657945751856637e-41,-2.7835824350511247e-43,-1.1383128283337525e-45,-2.8095979660362254e-48,-3.893359083799544e-51,-2.777023163545421e-54,-9.177666253700457e-58,-1.235776921879326e-61,-154.87947932694567,-58.33701037921854,-19.086632184434404,-5.259190749006134,-1.1719263067616428,-0.20004292180797206,-0.024287491578198286,-0.0018900113013410854,-8.107267382038129e-05,-1.5279005921228234e-06,-8.84863142049751e-09,-8.664381820414918e-12,-4.87860100443345e-16,-1.8160111285899966e-22,-2.8307521303203137e-33,-4.490441737829341e-55,-4.829664642030084e-121,0.0
51.75,6314361075.637141,6274929589.195757,6234020695.203071,6191597740.142897,6147623057.875983,6102057935.877472,6054862580.103624,6005996078.424027,5955416362.552099,5903080168.403418,5848942994.807768,5792959060.4969015,5735081259.286221,5675261113.364229,5613448724.599168,5549592723.76762,5483640217.604803,5415536733.571373,5345226162.225559,5272650697.083952,5197750771.848363,5120464994.869056,5040730080.708319,4958480778.661101,4873649798.081425,4786167730.355826,4695962967.355873,4602961616.193358,4507087410.092048,4408261615.179702,4306402932.993692,4201427398.481957,4093248273.2696624,3981775933.948813,3866917755.1348257,3748577987.020772,3626657627.143611,3501054286.062669,3371662046.632426,3238371316.535093,3101068673.7190857,2959636704.369863,2813953833.018988,2663894144.3741894,2509327196.430598,2350117824.3976727,2186125934.9501314,2017206290.2833405,1843208281.4237487,1663975690.2129986,1479346439.3521905,1289152329.8559744,1093218765.229525,891364461.6415806,683401143.3238138,469133222.3833559,248357462.1666073,20862623.262712628,-213570908.8180109,-455171515.3127186,-704176756.3029096,-960833804.3853154,-1225399901.1286962,-1498142837.6017308,-1779341460.331286,-2069286204.1317413,-2368279653.331161,-2676637133.0100474,-2994687331.964065,-3322772959.2037463,-3661251435.9112287,-4010495624.886991,-4370894599.641102,-4742854455.408586,-5126799164.504326,-5523171478.57377,-5932433880.445586,-6355069588.450586,-6791583616.237075,-7242503891.288741,-7708382435.534732,-8189796611.635761,-8687350438.733347,-9201675981.661322,-9733434817.84298,-10283319586.327578,-10852055623.663816,-11440402691.558014,-12049156801.525932,-12679152142.015177,-13331263113.75246,-14006406479.35162,-14705543633.50721,-15429683000.388224,-16179882565.140047,-16957252546.68939,-17762958219.335384,-18598222890.879704,-19464331045.310307,-20362631658.289803,-21294541693.90615,-22261549791.314205,-23265220150.013905,-24307196622.56793,-25389207023.539253,-26513067663.306564,-27680688115.176765,-28894076223.82552,-30155343362.53129,-31466709945.88866,-32830511203.647587,-34249203219.97348,-35725369240.70285,-37261726248.99983,-38861131807.12359,-40526591158.68636,-42261264581.70461,-44068474977.77421,-45951715676.67384,-47914658428.41983,-49961161546.0247,-8.833075973193812e-08,-4.7597641021747374e-08,-2.516533214081308e-08,-1.3043218952126573e-08,-6.621089552759975e-09,-3.288585321943872e-09,-3.636602587248432e-09,-1.7474485727594566e-09,-8.19195655393392e-10,-3.7420062072053023e-10,-1.6633249367850807e-10,-7.184350347598703e-11,-3.0107468785616776e-11,-1.2221609598029604e-11,-4.79721628652925e-12,-1.8173545286413653e-12,-6.631324625886147e-13,-2.3255415577917336e-13,-7.819688455213353e-14,-2.5147373318963688e-14,-7.713287352196772e-15,-2.2497594996358805e-15,-6.219820568635992e-16,-1.6241932979608664e-16,-3.99073030995662e-17,-9.187700899989338e-18,-1.97295293341718e-18,-3.931950253361818e-19,-7.2325918844879e-20,-1.2205298164082021e-20,-1.8770463152847045e-21,-2.611389474249797e-22,-3.259786182380152e-23,-3.618117455335282e-24,-3.5347240447265404e-25,-3.0053306392208984e-26,-2.195736072201017e-27,-1.3589878176009195e-28,-7.011202990627879e-30,-2.960524940894766e-31,-1.002083134765014e-32,-2.654990119285066e-34,-5.357684056530168e-36,-7.978980476712794e-38,-8.454319243854337e-40,-6.106906752957883e-42,-2.860182455235562e-44,-8.185532461641845e-47,-1.3338859847771003e-49,-1.1371145545318717e-52,-4.576546022874802e-56,-7.670705346023611e-60,-468.9670913640807,-190.24188175516275,-67.7006278623787,-20.53480492246261,-5.111974611568026,-0.9929763877669644,-0.14044980087094122,-0.01312742826862519,-0.0007044313434511157,-1.756335372112619e-05,-1.457638802858466e-07,-2.305912863893846e-10,-2.5412316416689077e-14,-2.590046105162629e-20,-2.163335245995989e-30,-9.8520519971556e-51,-2.506694296051361e-112,0.0
51.5,2981284800.4443326,2912491365.651766,2841815937.2531114,2769214785.145323,2694643032.7698183,2618054621.247052,2539402272.142312,2458637448.801913,2375710316.196073,2290569699.2015367,2203163039.2538586,2113436349.2955296,2021334166.943048,1926799505.791604,1829773804.7725537,1730196875.4743474,1628006847.3330152,1523140110.594403,1415531256.9442728,1305113017.698159,1191816199.4371884,1075569616.969893,956300023.4947804,833932037.831331,708388068.5810235,579588235.0724194,447450284.937404,311889508.15735376,172818647.41040742,30147804.54159808,-116215657.03070998,-266367214.1690673,-420405290.3383514,-578431366.6115956,-740550097.5894943,-906869432.4731787,-1077500741.544077,-1252558948.3164642,-1432162667.6428354,-1616434350.0668716,-1805500432.7336075,-1999491497.18356,-2198542434.373389,-2402792617.28505,-2612386081.503241,-2827471714.161491,-3048203451.6782207,-3274740486.726151,-3507247484.901369,-3745894811.584405,-3990858769.509245,-4242321847.585505,-4500472981.546654,-4765507827.027063,-5037629045.703549,-5317046605.168752,-5603978093.24016,-5898649047.44497,-6201293300.458878,-6512153342.318902,-6831480700.271614,-7159536337.16386,-7496591069.328873,-7842926004.970648,-8198833004.100287,-8564615161.131299,-8940587311.297714,-9327076562.11668,-9724422851.178026,-10132979531.607248,-10553113986.613577,-10985208274.60322,-11429659806.40901,-11886882056.259726,-12357305308.18862,-12841377439.656883,-13339564744.24773,-13852352795.366508,-14380247352.96494,-14923775315.389462,-15483485718.537178,-16059950784.58441,-16653767022.636225,-17265556383.72148,-17895967472.638474,-18545676819.222828,-19215390211.680023,-19905844094.679497,-20617807034.956104,-21352081257.201023,-22109504253.042847,-22890950465.921265,-23697333054.63368,-24529605738.28534,-25388764725.290653,-26275850728.95044,-27191951071.960728,-28138201881.98369,-29115790380.118366,-30125957263.743034,-31169999184.7391,-32249271323.54244,-33365190058.77581,-34519235731.38076,-35712955501.16082,-36947966292.44273,-38225957824.12862,-39548695717.70688,-40918024674.77509,-42335871713.24963,-43804249448.63793,-45325259403.4609,-46901095324.05904,-48534046479.50288,-50226500912.05399,-51980948602.46303,-53799984506.20824,-55686311408.40435,-57642742535.36367,-59672203849.44449,-61777735940.62643,-2.559238721572719e-07,-1.4014804717194417e-07,-7.533834241207735e-08,-3.972175549108922e-08,-2.052257883358752e-08,-1.0380294782607893e-08,-1.1454086727559971e-08,-5.609629217955754e-09,-2.681967119317977e-09,-1.250232662627898e-09,-5.675222613946659e-10,-2.50511213937338e-10,-1.0736895504638235e-10,-4.4611453951619706e-11,-1.7938596252223136e-11,-6.967999660968123e-12,-2.609445024512704e-12,-9.401239546540205e-13,-3.2510442571748e-13,-1.0764287762919771e-13,-3.4033612362311874e-14,-1.024541170777172e-14,-2.9273854827070465e-15,-7.911713436718049e-16,-2.0150206332048096e-16,-4.8165602432842125e-17,-1.075741930721739e-17,-2.2339474957610617e-18,-4.2904641069822315e-19,-7.576022372461587e-20,-1.2219674901944396e-20,-1.7874630186313067e-21,-2.352407316349792e-22,-2.7608283139314983e-23,-2.8610815798847568e-24,-2.5893562514149946e-25,-2.0213816562250434e-26,-1.3423022186450706e-27,-7.463899164152414e-29,-3.413890078501806e-30,-1.2585939758608684e-31,-3.654229652399672e-33,-8.135897056296528e-35,-1.3469618205084868e-36,-1.6000895201547846e-38,-1.3082256906072607e-40,-7.0101708298564754e-43,-2.3236508954939725e-45,-4.4474053346665977e-48,-4.525249217453071e-51,-2.214704092814176e-54,-4.6130726460878374e-58,-1367.4537084710691,-596.1475476576384,-230.18655557479136,-76.64285897373601,-21.246348478001792,-4.678696623905892,-0.7675276798174074,-0.0857048060412341,-0.005715721618081178,-0.00018699669134864246,-2.2007290094936652e-06,-5.546180019105496e-09,-1.1730071829714437e-12,-3.1782901014174307e-18,-1.3542169570475119e-27,-1.604692053549122e-46,-7.190455337411467e-104,0.0
51.25,-231273478.65772665,-326562905.8543005,-424074975.1723566,-523858869.8933984,-625965004.4282892,-730445060.4439578,-837352024.2755651,-946740225.6779524,-1058665377.9725286,-1173184619.6486084,-1290356557.4807682,-1410241311.2267363,-1532900559.973287,-1658397590.200667,-1786797345.6395576,-1918166478.997879,-2052573405.63866,-2190088359.293174,-2330783449.8987336,-2474732723.65378,-2622012225.3875,-2772700063.34596,-2926876476.5015635,-3084623904.497332,-3246027060.343139,-3411173005.986496,-3580151230.8861256,-3753053733.722799,-3929975107.388269,-4111012627.399696,-4296266343.893964,-4485839177.363908,-4679837018.305581,-4878368830.954143,-5081546761.294431,-5289486249.540449,-5502306147.2880535,-5720128839.554158,-5943080371.925767,-6171290583.053394,-6404893242.733414,-6644026195.836451,-6888831512.349572,-7139455643.81433,-7396049586.453812,-7658769051.297152,-7927774641.62308,-8203232038.059389,-8485312191.689845,-8774191525.537899,-9070052144.810268,-9373082056.30349,-9683475397.392813,-10001432675.041409,-10327161015.28826,-10660874423.690771,-11002794057.220516,-11353148508.130726,-11712174100.334757,-12080115198.858955,-12457224532.953785,-12843763533.471727,-13240002685.142416,-13646221894.40072,-14062710873.446123,-14489769541.235643,-14927708442.13782,-15376849182.997128,-15837524889.381992,-16310080681.812624,-16794874172.785482,-17292275985.431282,-17802670294.66334,-18326455391.687347,-18864044272.759323,-19415865253.088097,-19982362606.78564,-20563997233.77055,-21161247354.5274,-21774609233.613106,-22404597932.786064,-23051748094.6046,-23716614757.30693,-24399774201.73239,-25101824830.982533,-25823388083.437782,-26565109379.648155,-27327659103.492386,-28111733617.85369,-28918056314.88341,-29747378700.71145,-30600481514.2144,-31478175879.15531,-32381304488.664906,-33310742820.62677,-34267400382.05792,-35252221980.02556,-36266189016.00249,-37310320799.823616,-38385675878.55168,-39493353374.572365,-40634494326.10063,-41810283021.96977,-43021948321.06589,-44270764945.04014,-45558054730.93901,-46885187828.11363,-48253583821.151,-49664712757.573166,-51120096055.617165,-52621307263.480064,-54169972636.91729,-55767771496.94098,-57416436323.48838,-59117752534.21109,-60873557889.86079,-62685741458.98002,-64556242064.59302,-66487046124.16139,-68480184781.02264,-70537730210.6393,-7.349203622247722e-07,-4.0894565791323846e-07,-2.2348637792618414e-07,-1.198496249057867e-07,-6.301446263104793e-08,-3.2453048000301936e-08,-3.5733659702960956e-08,-1.7834169727334348e-08,-8.694462555337273e-09,-4.135547113997887e-09,-1.9167899061177756e-09,-8.645303559647232e-10,-3.7889743867388764e-10,-1.6111099700483562e-10,-6.635413570157751e-11,-2.6422477476073264e-11,-1.0153280437912578e-11,-3.757219619556026e-12,-1.33592880351303e-12,-4.553106212351259e-13,-1.4835604179336325e-13,-4.6083558862652287e-14,-1.3604900907461e-14,-3.8045399353295105e-15,-1.0041200401486577e-15,-2.491270999840617e-16,-5.785251973440088e-17,-1.2514786872992016e-17,-2.508743008020949e-18,-4.633663904322377e-19,-7.835664315992936e-20,-1.2046661342677081e-20,-1.670797491361947e-21,-2.0725159923097541e-22,-2.277245978443484e-23,-2.192744209622091e-24,-1.8280671108020057e-25,-1.3017448819218267e-26,-7.797041636091907e-28,-3.86059800433402e-29,-1.549197407264602e-30,-4.9256391908130936e-32,-1.2090370416655497e-33,-2.2233904410604672e-35,-2.958563975695085e-37,-2.735279976807625e-39,-1.6752202980240808e-41,-6.424113006662505e-44,-1.442368606509695e-46,-1.7493303932962612e-49,-1.0395179289749549e-52,-2.6863247199694548e-56,-3836.7349534440214,-1793.6211258861954,-749.5822943120173,-273.1949920762967,-84.05758827135448,-20.904826113670808,-3.9594783689157005,-0.5253425825095248,-0.04325441197968719,-0.0018415323415245709,-3.0406139877296588e-05,-1.2034634804971004e-07,-4.788240064650334e-11,-3.347274735054458e-16,-6.921201274885529e-25,-1.9311356535014112e-42,-1.1293689002775894e-95,0.0
51.0,-3286582425.3784,-3405021246.5309696,-3525951605.2965417,-3649426391.480071,-3775499761.168719,-3904227171.4000006,-4035665415.960372,-4169872662.358144,-4306908490.01574,-4446833929.72881,-4589711504.441413,-4735605271.388611,-4884580865.660178,-5036705545.241128,-5192048237.587325,-5350679587.796934,-5512672008.440933,-5678099731.118498,-5847038859.806353,-6019567426.073346,-6195765446.235156,-6375714980.526952,-6559500194.375107,-6747207421.852405,-6938925231.404943,-7134744493.942341,-7334758453.387005,-7539062799.781776,-7747755745.059776,-7960938101.584372,-8178713363.571335,-8401187791.510723,-8628470499.709393,-8860673547.081161,-9097912031.316366,-9340304186.566862,-9587971484.789846,-9841038740.89701,-10099634221.863344,-10363889759.95425,-10633940870.236612,-10909926872.544905,-11191991018.079884,-11480280620.824009,-11774947193.963877,-12076146591.5165,-12384039155.363316,-12698789867.90166,-13020568510.530785,-13349549828.196287,-13685913700.22216,-14029845317.667942,-14381535367.45315,-14741180223.49835,-15108982145.137606,-15485149483.062532,-15869896893.063185,-16263445557.836027,-16666023417.131935,-17077865406.521452,-17499213705.055935,-17930317992.104282,-18371435713.644875,-18822832358.29053,-19284781743.320618,-19757566310.989124,-20241477435.36954,-20736815739.98728,-21243891426.47602,-21763024614.47856,-22294545692.99047,-22838795683.32048,-23396126613.81011,-23966901906.419235,-24551496775.24028,-25150298636.954075,-25763707533.18064,-26392136564.60944,-27036012336.71416,-27695775416.76511,-28371880801.74646,-29064798396.66332,-29775013502.586067,-30503027313.61816,-31249357421.793934,-32014538328.70416,-32799121962.41359,-33603678197.96529,-34428795379.464134,-35275080841.38706,-36143161426.37683,-37033683996.33548,-37947315933.13237,-38884745624.67779,-39846682931.473946,-40833859628.03375,-41847029812.74437,-42886970278.8328,-43954480838.05453,-45050384587.55811,-46175528109.05921,-47330781587.97388,-48517038838.48617,-49735217218.63912,-50986257417.41506,-52271123093.37779,-53590800341.75568,-54946296963.8125,-56338641508.9373,-57768882056.04302,-59238084696.54,-60747331676.2837,-62297719148.42483,-63890354482.934494,-65526353071.657394,-67206834559.966736,-68932918427.35524,-70705718829.4775,-72526338603.13657,-74395862323.33939,-76315348287.66975,-2.0913598085376007e-06,-1.182356583527372e-06,-6.56801396716433e-07,-3.582077045723989e-07,-1.916367228958212e-07,-1.0047773016348905e-07,-1.1040032368138057e-07,-5.6141357433719314e-08,-2.7904654166593768e-08,-1.3541002766403252e-08,-6.407234519608052e-09,-2.9523247761192034e-09,-1.3228760264729856e-09,-5.755453164470845e-10,-2.427399127170554e-10,-9.907126113287232e-11,-3.905577228925524e-11,-1.484147784671656e-11,-5.424725202208997e-12,-1.902678221130384e-12,-6.38755357660969e-13,-2.046856924533071e-13,-6.2420021710226e-14,-1.8056356832922003e-14,-4.9370358887953386e-15,-1.271019010444951e-15,-3.0679636825325206e-16,-6.911113233506045e-17,-1.4455583080491924e-17,-2.791781983730773e-18,-4.947706627685756e-19,-7.991678910670668e-20,-1.1676087191199937e-20,-1.5301329254168689e-21,-1.7818131260175672e-22,-1.82450303118135e-23,-1.623571744841384e-24,-1.2390761745249855e-25,-7.989803500632705e-27,-4.279868431691841e-28,-1.868136365281779e-29,-6.499788727365032e-31,-1.7575585829164136e-32,-3.5871760597143424e-34,-5.342024288841977e-36,-5.579412132145405e-38,-3.9014454754915775e-40,-1.7288882563012964e-42,-4.547900195337765e-45,-6.565462254797735e-48,-4.7298582821776775e-51,-1.513869768960245e-54,-10349.696359542531,-5176.7981199184305,-2335.713451895725,-929.1473140659942,-316.2544153213739,-88.48087990343544,-19.260570876056256,-3.0197627730758563,-0.3048976629023858,-0.016750448479186483,-0.0003838363720883074,-2.3516742790634185e-06,-1.724862343150734e-09,-3.0177647519862686e-14,-2.878417285952673e-22,-1.70871900654907e-38,-9.62076357227482e-88,0.0
50.75,-6152255026.584552,-6290112178.163418,-6430652543.292765,-6573930914.257383,-6720003337.193608,-6868927143.797971,-7020760983.954742,-7175564859.313252,-7333400157.846786,-7494329689.426169,-7658417722.442241,-7825730021.512833,-7996333886.310762,-8170298191.550987,-8347693428.176055,-8528591745.780842,-8713066996.318306,-8901194779.129929,-9093052487.345894,-9288719355.701262,-9488276509.816236,-9691807016.990118,-9899395938.56002,-10111130383.877155,-10327099565.954876,-10547394858.844933,-10772109856.799118,-11001340435.276009,-11235184813.853935,-11473743621.112597,-11717119961.547775,-11965419484.585571,-12218750455.763252,-12477223830.146196,-12740953328.051851,-13010055513.152412,-13284649873.030174,-13564858902.260237,-13850808188.096424,-14142626498.83726,-14440445874.950151,-14744401723.031656,-15054632912.682589,-15371281876.377306,-15694494712.405125,-16024421290.96229,-16361215363.47157,-16705034675.205002,-17056041081.28324,-17414400666.12335,-17780283866.401833,-18153865597.597576,-18535325384.173306,-18924847493.44866,-19322621073.21141,-19728840293.10437,-20143704489.817062,-20567418316.09955,-21000191893.60292,-21442240969.536945,-21893787077.11826,-22355057699.76308,-22826286438.956905,-23307713185.70913,-23799584295.47184,-24302152766.37093,-24815678420.56141,-25340428088.47914,-25876675795.71485,-26424702952.186485,-26984798543.227818,-27557259322.1476,-28142390003.741657,-28740503458.160275,-29351920904.44252,-29976972102.930164,-30615995545.6607,-31269338643.714603,-31937357910.35237,-32620419138.621902,-33318897571.94344,-34033178065.98597,-34763655239.93662,-35510733615.022644,-36274827737.88343,-37056362286.09122,-37855772152.794174,-38673502507.08711,-39510008826.31168,-40365756896.03562,-41241222772.95985,-42136892705.44568,-43053263005.73521,-43990839867.25252,-44950139119.60894,-45931685913.089424,-46936014323.456856,-47963666866.86636,-49015193913.52232,-50091152987.42559,-51192107938.12838,-52318627968.831215,-53471286503.3976,-54650659872.90949,-55857325800.22625,-57091861658.604576,-58354842477.78133,-59646838667.96664,-60968413428.92741,-62320119807.71959,-63702497364.61653,-65116068402.34074,-66561333708.79609,-68038767758.06658,-69548813308.44878,-71091875329.66286,-72668314184.08269,-74278437978.78046,-75922493996.32846,-77600659102.5787,-79313029018.97504,-5.896618172938734e-06,-3.3865810641584725e-06,-1.912008863300908e-06,-1.060344390532697e-06,-5.771253428060193e-07,-3.0801671173786666e-07,-3.377231007446004e-07,-1.7496243098324426e-07,-8.864915121999451e-08,-4.387959424382208e-08,-2.1192791118201062e-08,-9.97457616388417e-09,-4.568624127096592e-09,-2.033397400608457e-09,-8.780504194843562e-10,-3.67231978594206e-10,-1.4848857424415013e-10,-5.7932668539685024e-11,-2.176262082941837e-11,-7.853464111134966e-12,-2.715797849007921e-12,-8.975390927796293e-13,-2.826591545433533e-13,-8.455707718138535e-14,-2.394499487128401e-14,-6.394715900623535e-15,-1.603912116953053e-15,-3.761255149422233e-16,-8.205898975175853e-17,-1.6565059489895482e-17,-3.075544172678759e-18,-5.217061717351406e-19,-8.026104462524647e-20,-1.1107123013033055e-20,-1.3700981505880797e-21,-1.4911546620842945e-22,-1.4156092830019333e-23,-1.1572294337638395e-24,-8.028469332776769e-26,-4.649652194773798e-27,-2.20612110595172e-28,-8.393411197807255e-30,-2.498289955687625e-31,-5.6544002746078515e-33,-9.415262597923391e-35,-1.1098099893429238e-36,-8.850897163498456e-39,-4.5271105961751325e-41,-1.3934453651367569e-43,-2.3910653373513123e-46,-2.0850710306127164e-49,-8.251328726987308e-53,-26817.93714878655,-14320.136658218129,-6957.721495993602,-3012.143376471336,-1130.3443706201633,-354.36941882260766,-88.24310858759317,-16.257483011843778,-1.9991967850641634,-0.14051839463932292,-0.004419848221130543,-4.130635554319929e-05,-5.47130898273427e-08,-2.322881870907883e-12,-9.707703742651356e-20,-1.1061019749852011e-34,-4.4020997038565465e-80,0.0
50.5,-8800890207.069323,-8954156405.832363,-9110217298.63064,-9269127783.40668,-9430943955.907232,-9595723137.23004,-9763523902.038696,-9934406107.462526,-10108430922.698353,-10285660859.331743,-10466159802.39515,-10649993042.181498,-10837227306.830751,-11027930795.708652,-11222173213.59589,-11420025805.70709,-11621561393.558464,-11826854411.70347,-12035980945.355965,-12249018768.920238,-12466047385.447302,-12687148067.036837,-12912403896.20408,-13141899808.23089,-13375722634.51925,-13613961146.966196,-13856706103.377548,-14104050293.93827,-14356088588.755465,-14612917986.490149,-14874637664.092066,-15141349027.65133,-15413155764.378468,-15690163895.723352,-15972481831.64174,-16260220426.0149,-16553493033.227076,-16852415565.90086,-17157106553.78879,-17467687203.815075,-17784281461.25788,-18107016072.05752,-18436020646.23105,-18771427722.36848,-19113372833.17868,-19461994572.046665,-19817434660.55588,-20179838016.919952,-20549352825.259148,-20926130605.64609,-21310326284.83252,-21702098267.55637,-22101608508.313644,-22509022583.462807,-22924509763.51249,-23348243085.422108,-23780399424.72428,-24221159567.253586,-24670708280.23863,-25129234382.486355,-25596930813.35448,-26073994700.172146,-26560627423.72985,-27057034681.41725,-27563426547.53825,-28080017530.282112,-28607026624.771084,-29144677361.541885,-29693197849.748863,-30252820814.300365,-30823783626.056007,-31406328324.11997,-32000701629.164425,-32607154946.60596,-33225944358.33552,-33857330601.56824,-34501579033.232544,-35158959578.15572,-35829746659.12632,-36514219106.71847,-37212660046.5498,-37925356761.41003,-38652600525.44033,-39394686407.2607,-40151913038.634094,-40924582344.91495,-41712999233.159744,-42517471233.36615,-43338308087.86258,-44175821283.376434,-45030323519.774445,-45902128108.87606,-46791548296.09756,-47698896496.97492,-48624483439.84027,-49568617205.07601,-50531602150.443245,-51513737710.96368,-52515317060.72004,-53536625622.725136,-54577939411.67744,-55639523192.96696,-56721628439.70723,-57824491067.8342,-58948328927.42151,-60093339026.29782,-61259694459.80599,-62447541018.09696,-63656993439.69331,-64888131277.16857,-66140994337.65919,-67415577657.53236,-68711825966.8717,-70029627595.48584,-71368807767.89392,-72729121230.17523,-74110244146.68555,-75511765199.43947,-76933175817.43321,-78373859457.35606,-79833079851.02278,-1.6469794746493216e-05,-9.607906716500249e-06,-5.512412522576259e-06,-3.108099009499562e-06,-1.720820178197151e-06,-9.347356216906108e-07,-1.0227483812861362e-06,-5.397062571146079e-07,-2.787110706332239e-07,-1.40696962479165e-07,-6.934932792655142e-08,-3.3333813733341474e-08,-1.5603891999985952e-08,-7.103369280236479e-09,-3.13987451812337e-09,-1.3454262865599324e-09,-5.578740713206338e-10,-2.2341403618189902e-10,-8.623561485514227e-11,-3.2010815122698356e-11,-1.1399694899054604e-11,-3.884553143284496e-12,-1.2630140257055097e-12,-3.9062038587063284e-13,-1.1453074214965226e-13,-3.1718842981590236e-14,-8.264178023023071e-15,-2.016794317544325e-15,-4.58784742244626e-16,-9.676925005586128e-17,-1.8815047668840625e-17,-3.3504479362733898e-18,-5.425194648906914e-19,-7.924662849018578e-20,-1.0350004316174779e-20,-1.196686634150992e-21,-1.2113286007287125e-22,-1.060083376595996e-23,-7.907968899728184e-25,-4.9484016649040976e-26,-2.55037497978001e-27,-1.0602534382187166e-28,-3.4710587245434234e-30,-8.704303776582654e-32,-1.6190877723370238e-33,-2.151713311092224e-35,-1.9550188446260888e-37,-1.1528171358411527e-39,-4.146561572119748e-42,-8.445281648924053e-45,-8.90024577263181e-48,-4.347134432440164e-51,-66687.44861402092,-37928.37140780256,-19793.47436742215,-9297.973202527723,-3833.7238752009916,-1341.4160628559482,-380.31172556826596,-81.86811556065362,-12.17645827507594,-1.0854995889230434,-0.0463449435987561,-0.0006508963690128587,-1.524785594723449e-06,-1.5224117706502318e-10,-2.645691820800176e-17,-5.211490854960427e-31,-1.071217039593819e-72,0.0
50.25,-11210579735.935083,-11375080528.0967,-11542406870.8757,-11712612038.871187,-11885750410.435234,-12061877490.207748,-12241049932.049892,-12423325562.378227,-12608763403.901834,-12797423699.76377,-12989367938.087725,-13184658876.930588,-13383360569.640284,-13585538390.6181,-13791259061.483433,-14000590677.638475,-14213602735.229218,-14430366158.497286,-14650953327.517756,-14875438106.314651,-15103895871.345934,-15336403540.347631,-15573039601.525051,-15813884143.07722,-16059018883.03862,-16308527199.420048,-16562494160.62788,-16821006556.13866,-17084152927.402424,-17352023598.945663,-17624710709.640606,-17902308244.1046,-18184912064.18831,-18472619940.507343,-18765531583.967625,-19063748677.22787,-19367374906.038696,-19676515990.389893,-19991279715.391376,-20311775961.80565,-20638116736.141155,-20970416200.20772,-21308790700.024345,-21653358793.960583,-22004241279.980293,-22361561221.84444,-22725443974.11608,-23096017205.796,-23473410922.401203,-23857757486.28215,-24249191634.95384,-24647850497.19721,-25053873606.664104,-25467402912.694782,-25888582788.03112,-26317560033.07933,-26754483876.34565,-27199505970.634323,-27652780384.560062,-28114463588.88822,-28584714437.17188,-29063694140.107727,-29551566232.98229,-30048496535.52369,-30554653103.414024,-31070206170.65165,-31595328081.881508,-32130193213.734303,-32674977884.13035,-33229860248.413727,-33795020181.082024,-34370639141.76943,-34956900024.024124,-35553986985.29281,-36162085256.3881,-36781380928.56333,-37412060716.15746,-38054311692.59481,-38708320997.33353,-39374275511.1469,-40052361496.89704,-40742764202.71341,-41445667424.22424,-42161253022.19824,-42889700391.643295,-43631185878.06679,-44385882136.23743,-45153957426.38743,-45935574842.36447,-46730891465.774734,-47540057439.65363,-48363214954.65453,-49200497140.154106,-50052026852.03696,-50917915348.23158,-51798260842.32774,-52693146924.80529,-53602640840.54156,-54526791610.33722,-55465627983.20604,-56419156205.10272,-57387357588.61979,-58370185866.959366,-59367564314.17691,-60379382612.30296,-61405493444.466194,-62445708791.57356,-63499795908.44483,-64567472953.55321,-65648404244.695946,-66742195111.01068,-67848386309.77613,-68966447974.40201,-70095773057.93756,-71235670234.3354,-72385356217.62471,-73543947457.11615,-74710451164.82417,-75883755629.5156,-77062619770.2484,-78245661881.04965,-4.556252533334245e-05,-2.69943492277542e-05,-1.573660126170882e-05,-9.019843528060005e-06,-5.079185129120913e-06,-2.80757581504908e-06,-3.0655804437914094e-06,-1.6475474750239768e-06,-8.670245832953203e-07,-4.463050139731535e-07,-2.244637363396115e-07,-1.1016603094498561e-07,-5.269533519132501e-08,-2.453098337272401e-08,-1.1097553351741821e-08,-4.87093024512235e-09,-2.070708631847661e-09,-8.510215681783694e-10,-3.374465954860186e-10,-1.2881630330774026e-10,-4.723012503039126e-11,-1.6589976199930032e-11,-5.567399675976833e-12,-1.7796554611832738e-12,-5.401034982634478e-13,-1.550695999265823e-13,-4.1955742546332046e-14,-1.0651622832281815e-14,-2.5255887739744444e-15,-5.564042111289818e-16,-1.1324702338708075e-16,-2.116110644805644e-17,-3.604916512153791e-18,-5.555582854727276e-19,-7.678702391469687e-20,-9.426990045150688e-21,-1.0168999974483956e-21,-9.521520368463564e-23,-7.632637394125653e-24,-5.157043133515878e-25,-2.88512208986733e-26,-1.3095998443757748e-27,-4.7117994917336197e-29,-1.3080012184795984e-30,-2.7153482045957915e-32,-4.0643752519032314e-34,-4.20248401037481e-36,-2.853416866399502e-38,-1.1977762093954747e-40,-2.891295716926512e-43,-3.6765324063605895e-46,-2.212377545571068e-49,-158979.69621451994,-96085.32935089023,-53717.288518756395,-27298.217952682386,-12324.168086086704,-4793.329082075778,-1539.8630478110465,-385.08551391080454,-68.78684773107766,-7.709285671908318,-0.4417288265345692,-0.009183066314011338,-3.724716488812222e-05,-8.47181030959213e-09,-5.80558152545089e-15,-1.777823031360765e-27,-1.3723236611056998e-65,0.0
50.0,-13365264377.211182,-13536776482.35593,-13711066463.53666,-13888184365.105951,-14068181209.903278,-14251109016.307762,-14437020815.421198,-14625970668.370089,-14818013683.71466,-15013206034.951426,-15211604978.09442,-15413268869.319426,-15618257182.653078,-15826630527.688335,-16038450667.304722,-16253780535.371124,-16472684254.406384,-16695227153.17017,-16921475784.155909,-17151497940.953411,-17385362675.447098,-17623140314.812763,-17864902478.272446,-18110722093.564167,-18360673413.07911,-18614832029.615604,-18873274891.69492,-19136080318.3794,-19403328013.528866,-19675099079.426296,-19951476029.69768,-20232542801.4462,-20518384766.513348,-20809088741.773502,-21104742998.361423,-21405437269.72329,-21711262758.374874,-22022312141.239822,-22338679573.43261,-22660460690.339577,-22987752607.84,-23320653920.497875,-23659264697.54071,-24003686476.42921,-24354022253.804985,-24710376473.58849,-25072855011.981163,-25441565159.10716,-25816615597.00944,-26198116373.69448,-26586178872.89416,-26980915779.19044,-27382441038.119686,-27790869810.844887,-28206318422.95256,-28628904306.89677,-29058745937.576366,-29495962760.492657,-29940675111.89155,-30393004130.248928,-30853071658.409687,-31321000135.636208,-31796912478.76689,-32280931951.62305,-32773182021.73645,-33273786203.39901,-33782867885.959232,-34300550146.20803,-34826955543.60676,-35362205897.01609,-35906422041.48052,-36459723563.5126,-37022228513.202446,-37594053091.34969,-38175311309.67656,-38766114622.03345,-39366571524.34826,-39976787120.89955,-40596862654.31009,-41226894996.45833,-41866976097.294464,-42517192388.319016,-43177624137.23771,-43848344750.044525,-44529420016.50445,-45220907294.70585,-45922854630.03288,-46635299803.56295,-47358269304.52836,-48091777221.09021,-48835824043.254684,-49590395371.31965,-50355460522.7672,-51130971030.01847,-51916859020.93754,-52713035473.41259,-53519388334.75323,-54335780496.02314,-55162047610.778336,-55997995747.00494,-56843398860.343575,-57697996075.96029,-58561488765.67298,-59433537406.17458,-60313758203.41878,-61201719467.451385,-62096937721.19947,-62998873525.97404,-63906927005.724304,-64820433051.412384,-65738656186.28794,-66660785072.3528,-67585926637.95622,-68513099806.28616,-69441228804.57523,-70369136034.17459,-71295534482.33983,-72219019657.69424,-73138061032.99585,-74050992981.13945,-74956005193.41968,-0.000124819825164,-7.509559537797709e-05,-4.447513456379304e-05,-2.5910632206151187e-05,-1.4837586737723284e-05,-8.34485292812484e-06,-9.093037091951376e-06,-4.976242003244601e-06,-2.668210809466172e-06,-1.40028495870103e-06,-7.184744032019546e-07,-3.599917197337533e-07,-1.7591856223547934e-07,-8.37299836011188e-08,-3.875875421189845e-08,-1.7422096220442763e-08,-7.59178222434945e-09,-3.2012117562330397e-09,-1.303662277127319e-09,-5.116587935910194e-10,-1.9309453732223348e-10,-6.989729820294282e-11,-2.420396738745773e-11,-7.994322641020246e-12,-2.510532390755732e-12,-7.470216341144756e-13,-2.0981534045621398e-13,-5.539545124052512e-14,-1.3685580406212507e-14,-3.1479312541239775e-15,-6.704346971068374e-16,-1.3140120790903656e-16,-2.3540082231972832e-17,-3.825674581067424e-18,-5.593063651822288e-19,-7.287065737108829e-20,-8.372210924368376e-21,-8.382271684108107e-22,-7.216064816406064e-23,-5.2609170127873146e-24,-3.1925512513368003e-25,-1.5810568131175768e-26,-6.246450012400439e-28,-1.9178648854921658e-29,-4.4391483493093595e-31,-7.476023988835491e-33,-8.786945270365555e-35,-6.861378277021757e-37,-3.356743788980776e-39,-9.589165043247812e-42,-1.4688307325476112e-44,-1.0869765769392875e-47,-362943.00067089155,-232559.19573036884,-138910.8055365621,-76135.82007158511,-37503.84638640275,-16147.580626557585,-5849.357439310503,-1689.4459839206352,-359.85495489600845,-50.25138661087483,-3.819922041015831,-0.11575272577459472,-0.000795590822893899,-3.9910839482864013e-07,-1.0219021461091946e-12,-4.367463178141079e-24,-9.159870654961784e-59,0.0
49.75,-15254927649.14688,-15429294949.570042,-15606318429.81975,-15786043465.42271,-15968516261.362425,-16153783863.55687,-16341894170.218956,-16532895943.077072,-16726838818.43128,-16923773318.018744,-17123750859.660366,-17326823767.658657,-17533045282.914085,-17742469572.725895,-17955151740.239677,-18171147833.502693,-18390514854.084137,-18613310765.21492,-18839594499.39868,-19069425965.441933,-19302866054.847782,-19539976647.51413,-19780820616.67265,-20025461833.00101,-20273965167.83587,-20526396495.40908,-20782822694.0249,-21043311646.08951,-21307932236.898743,-21576754352.08335,-21849848873.604183,-22127287674.18253,-22409143610.04293,-22695490511.837315,-22986403173.611164,-23281957339.66168,-23582229689.12909,-23887297818.150524,-24197240219.39477,-24512136258.783863,-24832066149.19408,-25157110920.915203,-25487352388.631527,-25822873114.67235,-26163756368.26234,-26510086080.48405,-26861946794.645145,-27219423611.72198,-27582602130.528893,-27951568382.23901,-28326408758.85617,-28707209935.21081,-29094058784.02371,-29487042283.54942,-29886247417.27956,-30291761065.148296,-30703669885.64686,-31122060188.211216,-31547017795.20486,-31978627892.77164,-32416974869.78444,-32862142144.062183,-33314211974.970806,-33773265261.464573,-34239381324.557617,-34712637673.14845,-35193109752.045395,-35680870670.96275,-36175990913.17325,-36678538022.413445,-37188576266.5426,-37706166276.3536,-38231364657.82727,-38764223576.004005,-39304790308.52488,-39853106766.76284,-40409208982.32531,-40973126556.56134,-41544882070.54948,-42124490452.87497,-42711958302.32881,-43307283162.47247,-43910452744.81566,-44521444097.14252,-45140222713.30364,-45766741580.55556,-46400940160.2871,-47042743297.71353,-47692060055.85177,-48348782468.80894,-49012784209.12449,-49683919163.60368,-50362019911.76658,-51046896100.71607,-51738332709.8984,-52436088198.89581,-53139892531.05388,-53849445065.40982,-54564412309.05496,-55284425521.74308,-56009078164.24709,-56737923181.6834,-57470470112.7668,-58206182015.74716,-58944472201.620224,-59684700765.11249,-60426170903.93644,-61168125016.91187,-61909740571.78107,-62650125733.9345,-63388314747.84606,-64123263063.82778,-64853842203.80426,-65578834361.22304,-66296926732.02632,-67006705575.880295,-67706650009.673874,-68395125538.75607,-69070377335.59071,-69730523280.596,-70373546786.05238,-0.000338559896015,-0.0002068104682383,-0.000124416664911,-7.366286528246242e-05,-4.289026949136909e-05,-2.453944840287461e-05,-2.6685300508540316e-05,-1.4868304334439254e-05,-8.121428986301794e-06,-4.344596265503985e-06,-2.273772238613824e-06,-1.1628598721313022e-06,-5.804407779829671e-07,-2.8240183644022656e-07,-1.337344841390804e-07,-6.154987644764924e-08,-2.748593497822968e-08,-1.188858874383608e-08,-4.971223923541322e-09,-2.005488547089684e-09,-7.788226122975085e-10,-2.904527785467143e-10,-1.0375262583699361e-10,-3.539796805596224e-11,-1.1499327978757896e-11,-3.5450168275970995e-12,-1.033275208383805e-12,-2.8360427184701456e-13,-7.297667742132526e-14,-1.7519120101844513e-14,-3.9026688226086946e-15,-8.019547764120671e-16,-1.510129600135986e-16,-2.5868601368040158e-17,-3.998337300040671e-18,-5.525459547190922e-19,-6.75759941071017e-20,-7.230135855985588e-21,-6.680017301876455e-22,-5.251423505029646e-23,-3.4542164612405435e-24,-1.8648966380184975e-25,-8.083760599560537e-27,-2.742639880300042e-28,-7.071157144522039e-30,-1.3384578367776636e-31,-1.7861887088866904e-33,-1.6020279561511058e-35,-9.12171293929978e-38,-3.0791310730441834e-40,-5.672029549646922e-43,-5.1523830365842486e-46,-792517.7737964467,-537101.1612899704,-341850.5003873255,-201457.71309115773,-107891.3452574438,-51210.73499587936,-20814.94384371737,-6902.354441209892,-1740.4560885214785,-300.088746635296,-29.911752251537468,-1.3007211223281268,-0.014821657756818122,-1.586928670493801e-05,-1.4372994909458414e-10,-7.6836882263043e-21,-3.1518061139536865e-52,0.0
49.5,-16875620518.087778,-17048866009.281227,-17224578713.695606,-17402798104.8946,-17583564320.696136,-17766918169.32872,-17952901135.261044,-18141555384.67289,-18332923770.533432,-18527049837.25089,-18723977824.85478,-18923752672.67033,-19126420022.441143,-19332026220.85412,-19540618321.41726,-19752244085.63826,-19966951983.44816,-20184791192.81095,-20405811598.45668,-20630063789.67074,-20857599057.069145,-21088469388.28392,-21322727462.479023,-21560426643.611496,-21801620972.347862,-22046365156.539608,-22294714560.1562,-22546725190.567207,-22802453684.058983,-23061957289.463654,-23325293849.77093,-23592521781.58556,-23863700052.283672,-24138888154.713543,-24418146079.27578,-24701534283.20801,-24989113656.888607,-25280945486.9618,-25577091416.07536,-25877613399.00801,-26182573654.95073,-26492034615.691227,-26806058869.43518,-27124709099.98186,-27448048020.9537,-27776138304.761257,-28109042505.965103,-28446822978.67516,-28789541787.60577,-29137260612.38187,-29490040644.66523,-29847942477.644325,-30211025987.40294,-30579350205.65191,-30952973183.2778,-31331951844.127487,-31716341828.41239,-32106197325.078407,-32501570892.44628,-32902513266.38589,-33309073155.24144,-33721297020.67747,-34139228843.564137,-34562909873.96702,-34992378364.24963,-35427669284.236015,-35868814017.31796,-36315840036.32373,-36768770557.89336,-37227624174.032005,-37692414459.43173,-38163149553.0705,-38639831712.50733,-39122456839.20178,-39611013973.08759,-40105484754.528015,-40605842851.67481,-41112053351.1389,-41624072109.76529,-42141845065.18188,-42665307502.66491,-43194383275.73205,-43728983977.73757,-44269008061.60294,-44814339904.67135,-45364848815.526215,-45920387979.46277,-46480793339.14816,-47045882406.85145,-47615453004.471245,-48189281927.43661,-48767123528.40821,-49348708216.56523,-49933740868.12919,-50521899143.65504,-51112831707.513214,-51706156344.90145,-52301457971.66467,-52898286532.17285,-53496154780.51757,-54094535940.34621,-54692861238.7678,-55290517309.94911,-55886843464.2861,-56481128819.39934,-57072609289.68204,-57660464431.74438,-58243814143.87242,-58821715218.58293,-59393157748.53453,-59957061387.49043,-60512271469.75845,-61057554993.60446,-61591596476.60508,-62112993693.82919,-62620253313.18945,-63111786446.36159,-63585904138.41844,-64040812824.87251,-64474609791.26984,-64885278677.96669,-0.0009090373873488,-0.0005637208341315,-0.0003444377646379,-0.0002072171200951,-0.0001226575328374,-7.138094410744547e-05,-7.746664216347233e-05,-4.3936872078804814e-05,-2.4444344557509902e-05,-1.3327217126432222e-05,-7.113125660034993e-06,-3.712429350655336e-06,-1.892410307311804e-06,-9.40973373423299e-07,-4.557737196454032e-07,-2.147295581035948e-07,-9.824652081704177e-08,-4.357971118178808e-08,-1.8706560882930103e-08,-7.755009778156778e-09,-3.0982400509923502e-09,-1.190088834344617e-09,-4.3840551166107167e-10,-1.544577221356913e-10,-5.1889347978456623e-11,-1.656764831563144e-11,-5.0096104165646936e-12,-1.4289112851406769e-12,-3.828210976289826e-13,-9.587804673715259e-14,-2.233093456312733e-14,-4.8089587936863235e-15,-9.51418416908733e-16,-1.7170316433563994e-16,-2.804315134150471e-17,-4.108336673684594e-18,-5.345354564214779e-19,-6.107974584154339e-20,-6.052542954364177e-21,-5.127126007374441e-22,-3.652750247197053e-23,-2.1482022399167507e-24,-1.020787787093176e-25,-3.823504304701365e-27,-1.0969618157394763e-28,-2.3312082583296863e-30,-3.528179029686377e-32,-3.63001083293252e-34,-2.4021831301229917e-36,-9.567064318454622e-39,-2.1157756495012887e-41,-2.3547220964564995e-44,-1652993.8322946592,-1182038.4810248334,-799481.0303631974,-505005.787617653,-292986.7729854925,-152662.46122451618,-69276.94984726659,-26217.15632856926,-7768.491871693292,-1638.6496451096207,-211.6456384193499,-12.999775050241078,-0.24019188076361203,-0.00053088417572854,-1.6088426081237472e-08,-9.625414350695849e-18,-5.530114589794705e-46,0.0
49.25,-18229315751.91907,-18397745837.856205,-18568395656.20417,-18741297778.52508,-18916485266.508347,-19093991673.350605,-19273851044.64999,-19456097918.777206,-19640767326.683056,-19827894791.1002,-20017516325.09386,-20209668429.91441,-20404388092.10059,-20601712779.780613,-20801680438.1142,-21004329483.815807,-21209698798.69564,-21417827722.151024,-21628756042.53785,-21842523987.34593,-22059172212.09949,-22278741787.89846,-22501274187.51104,-22726811269.92413,-22955395263.25122,-23187068745.892742,-23421874625.8372,-23659856117.98518,-23901056719.37156,-24145520182.15368,-24393290484.226406,-24644411797.31632,-24898928452.39893,-25156884902.27406,-25418325681.12527,-25683295360.878407,-25951838504.164856,-26223999613.6831,-26499823077.740986,-26779353111.74828,-27062633695.416348,-27349708505.40768,-27640620843.16336,-27935413557.62147,-28234128962.52276,-28536808747.982983,-28843493885.99319,-29154224529.48993,-29469039904.617306,-29787978195.78211,-30111076423.07957,-30438370311.645206,-30769894152.462265,-31105680654.128773,-31445760785.06036,-31790163605.57607,-32138916089.28409,-32492042933.1523,-32849566355.614483,-33211505882.02838,-33577878116.764503,-33948696501.16528,-34323971056.573982,-34703708111.5904,-35087910012.66473,-35476574817.09564,-35869695967.44951,-36267261946.36653,-36669255910.66779,-37075655303.62175,-37486431444.172005,-37901549091.86904,-38320965986.1884,-38744632358.85413,-39172490417.72259,-39604473800.71463,-40040506998.21771,-40480504742.30948,-40924371361.0858,-41372000096.30518,-41823272382.49185,-42278057085.5697,-42736209699.03119,-43197571495.57784,-43661968632.10573,-44129211205.8493,-44599092259.44185,-45071386732.60257,-45545850358.12094,-46022218499.77824,-46500204929.83053,-46979500543.67424,-47459772009.33244,-47940660349.43846,-48421779453.457,-48902714517.977806,-49383020413.04765,-49862219972.67803,-50339802207.88834,-50815220440.9211,-51287890359.61156,-51757187991.313,-52222447596.28896,-52682959481.09189,-53137967733.17636,-53586667878.85391,-54028204467.710106,-54461668587.79455,-54886095317.28103,-55300461119.91318,-55703681193.42508,-56094606782.29585,-56472022468.70059,-56834643458.39851,-57181112881.60589,-57509999132.68632,-57819793276.81652,-58108906556.71534,-58375668038.13381,-58618322439.166565,-58835028195.65239,-0.0024156748938723,-0.0015205625851588,-0.0009434695821263,-0.0005766628142674,-0.0003469615039908,-0.0002053438054801,-0.0002224064891035,-0.0001283848804909,-7.273877074961522e-05,-4.041040299206679e-05,-2.19916117033379e-05,-1.1710857064901429e-05,-6.09517312431604e-06,-3.096785310173444e-06,-1.5338625245110442e-06,-7.395910733870203e-07,-3.4662453496499817e-07,-1.5764139715296757e-07,-6.944625379102128e-08,-2.95771830736993e-08,-1.21531077129338e-08,-4.806817264794813e-09,-1.825579474994727e-09,-6.639825778296628e-10,-2.3060132128694047e-10,-7.623195223499424e-11,-2.390421989179529e-11,-7.08308278576461e-12,-1.9749965951301042e-12,-5.15834792811048e-13,-1.2556065836084736e-13,-2.8324417992423782e-14,-5.884837848524376e-15,-1.1183424765809416e-15,-1.929028618007048e-16,-2.9942500779103176e-17,-4.142193753484618e-18,-5.05181312741182e-19,-5.365491104723695e-20,-4.8941249150343765e-21,-3.7736892089275923e-22,-2.4155689046760762e-23,-1.2571972568261982e-24,-5.193896688498236e-26,-1.6565016639796787e-27,-3.94803114628858e-29,-6.768296263796289e-31,-7.977861723106794e-33,-6.127143663335677e-35,-2.874557967752496e-37,-7.618870515994281e-40,-1.0368727045193113e-42,-3288296.988462091,-2475121.856035794,-1774093.6201111022,-1197392.1086289892,-749811.0957641606,-427061.6444215145,-215273.27649896353,-92409.30693825985,-31938.20345653753,-8165.111386315783,-1350.163298265885,-115.26905192001946,-3.376404023962987,-0.014892755310765346,-1.427215622878299e-06,-8.534980090269437e-15,-4.892761680541641e-40,0.0
49.0,-19323596373.01258,-19483894056.29877,-19646115949.55628,-19810286973.914818,-19976432364.07599,-20144577665.6766,-20314748732.066853,-20486971720.46324,-20661273087.43356,-20837679583.669247,-21016218247.99739,-21196916400.58265,-21379801635.26599,-21564901810.98455,-21752245042.21374,-21941859688.369263,-22133774342.10393,-22328017816.42944,-22524619130.59064,-22723607494.6152,-22925012292.457207,-23128863063.64953,-23335189483.37409,-23544021340.855537,-23755388515.97724,-23969320954.01441,-24185848638.37252,-24405001561.2135,-24626809691.846245,-24851302942.7503,-25078511133.09607,-25308463949.61597,-25541190904.67467,-25776721291.377125,-26015084135.546,-26256308144.38957,-26500421651.67332,-26747452559.197216,-26997428274.37146,-27250375643.67178,-27506320881.744267,-27765289495.918064,-28027306205.870872,-28292394858.18032,-28560578335.479053,-28831878459.91849,-29106315890.62976,-29383910014.85537,-29664678832.408657,-29948638833.10052,-30235804866.755016,-30526190005.416924,-30819805397.334587,-31116660112.280914,-31416760977.75457,-31720112405.580948,-32026716208.40977,-32336571405.58272,-32649674017.8193,-32966016850.144253,-33285589262.4533,-33608376927.086864,-33934361572.75363,-34263520714.117058,-34595827366.328835,-34931249743.76272,-35269750942.17255,-35611288603.46616,-35955814562.25644,-36303274473.31855,-36653607419.05115,-37006745496.00767,-37362613379.53251,-37721127865.50713,-38082197388.1806,-38445721513.03189,-38811590403.5836,-39179684261.0641,-39549872735.791626,-39922014309.1375,-40295955644.91047,-40671530908.99526,-41048561056.07581,-41426853082.27633,-41806199242.566025,-42186376231.794106,-42567144328.25421,-42948246498.72276,-43329407463.97556,-43710332723.8641,-44090707541.12952,-44470195883.25172,-44848439321.77528,-45225055888.72791,-45599638889.95501,-45971755675.4379,-46340946366.952446,-46706722543.76036,-47068565887.41776,-47425926787.23871,-47778222908.47572,-48124837725.88008,-48465119025.998405,-48798377382.34938,-49123884608.52919,-49440872195.31945,-49748529739.03871,-50046003369.7002,-50332394189.03548,-50606756730.13123,-50868097452.32951,-51115373287.18378,-51347490253.6636,-51563302163.4933,-51761609440.52,-51941158081.36271,-52100638788.3325,-52238686309.76481,-52353879027.50339,-52444738836.35451,-52509731365.92772,-0.0063521386328072,-0.0040579462309554,-0.0025564774465093,-0.0015872610566322,-0.0009705760638423,-0.0005840783431396,-0.000631362474741,-0.0003708709955281,-0.0002139444249212,-0.0001210918720205,-6.717995258171273e-05,-3.649390507036467e-05,-1.938965565556355e-05,-1.0063919719863018e-05,-5.096259953577765e-06,-2.5143263562870206e-06,-1.2067854295709203e-06,-5.625736822706681e-07,-2.542830042404243e-07,-1.1123230846654993e-07,-4.6993814278303545e-08,-1.9133452659824414e-08,-7.489522970134268e-09,-2.8112403694105806e-09,-1.0090186425870086e-09,-3.4523930313862415e-10,-1.1222731444073208e-10,-3.4532798805800484e-11,-1.00175247428493e-11,-2.7273972552153216e-12,-6.935219524564482e-13,-1.6380784239684397e-13,-3.57235330792843e-14,-7.145127822131019e-15,-1.300943415251203e-15,-2.13832459892478e-16,-3.143320314713704e-17,-4.0890863568024114e-18,-4.651755314417974e-19,-4.565613817559831e-20,-3.8071593129403065e-21,-2.6502953871940723e-22,-1.509444821966754e-23,-6.871579186270905e-25,-2.4337517522197276e-26,-6.497994040705612e-28,-1.2603187173510913e-29,-1.6996616960476456e-31,-1.5127869471325627e-33,-8.347156952287826e-36,-2.646800186127e-38,-4.3961265711463664e-41,-6228184.542452631,-4922627.816059056,-3728874.650787816,-2680574.8433396197,-1805119.455377609,-1118982.073916177,-623361.9749921082,-301658.2102453478,-120689.310696711,-37042.983442341814,-7746.867544615296,-904.4100507846348,-41.04763830229819,-0.349109011397362,-9.990155593500493e-05,-5.3240979863956904e-12,-2.1578513312772264e-34,0.0
48.75,-20171188550.77478,-20320492327.386765,-20471388608.054657,-20623894176.904743,-20778025958.094467,-20933801010.044704,-21091236519.049755,-21250349792.22585,-21411158249.75679,-21573679416.39348,-21737930912.161213,-21903930442.22683,-22071695785.87474,-22241244784.53861,-22412595328.832264,-22585765344.52076,-22760772777.36965,-22937635576.80633,-23116371678.3254,-23296998984.5652,-23479535344.9793,-23663998534.023624,-23850406227.77428,-24038775978.8884,-24229125189.814995,-24421471084.158165,-24615830676.090588,-24812220737.70954,-25010657764.22278,-25211157936.845585,-25413737083.28495,-25618410635.6802,-25825193585.863453,-26034100437.796143,-26245145157.03164,-26458341117.04549,-26673701042.269047,-26891236947.65217,-27110960074.57468,-27332880822.915924,-27557008679.084057,-27783352139.79699,-28011918631.397232,-28242714424.47335,-28475744543.549976,-28711012671.598324,-28948521049.107067,-29188270367.443382,-29430259656.22089,-29674486164.3804,-29920945234.67584,-30169630171.245525,-30420532099.93592,-30673639821.031315,-30928939654.029552,-31186415274.08957,-31446047539.76313,-31707814311.608185,-31971690261.26743,-32237646670.581,-32505651220.288097,-32775667767.85807,-33047656113.97697,-33321571757.203053,-33597365636.290165,-33874983859.666336,-34154367421.542305,-34435451904.11461,-34718167165.3171,-35002437011.5676,-35288178854.948685,-35575303354.25781,-35863714039.35919,-36153306918.27036,-36443970066.42036,-36735583197.52295,-37028017215.52045,-37321133747.06988,-37614784654.06447,-37908811525.71215,-38203045149.7273,-38497304962.23562,-38791398476.04376,-39085120686.98792,-39378253458.150085,-39670564881.816505,-39961808619.15574,-40251723217.70965,-40540031406.928215,-40826439372.13403,-41110636007.48112,-41392292148.67701,-41671059786.46861,-41946571262.15442,-42218438446.68382,-42486251905.23886,-42749580049.57031,-43007968280.78478,-43260938125.75255,-43507986370.83757,-43748584197.24282,-43982176322.92407,-44208180156.758575,-44425984971.469925,-44634951102.71151,-44834409182.7086,-45023659417.959366,-45201970921.70636,-45368581113.22149,-45522695197.4072,-45663485739.81204,-45790092353.90045,-45901621519.31037,-45997146551.88557,-46075707748.488976,-46136312731.99284,-46177937024.40207,-46199524878.79904,-46199990403.69664,-46178219016.43904,-46133069265.48416,-0.0165248820920305,-0.0107122598731125,-0.0068511399345731,-0.0043202966195892,-0.0026843957038092,-0.001642316897599,-0.0017718012290133,-0.0010589150037692,-0.0006218520472123,-0.000358514815449,-0.0002027258408148,-0.0001123187791431,-6.090670199297701e-05,-3.2288028190163054e-05,-1.671240634016563e-05,-8.434791160673176e-06,-4.144958369037306e-06,-1.980161360675128e-06,-9.18092290099577e-07,-4.12372391584066e-07,-1.7908441317333238e-07,-7.503554442184595e-08,-3.0263167643176953e-08,-1.1719504176562412e-08,-4.345738684216752e-09,-1.538441521989531e-09,-5.182552770610561e-10,-1.6553832089672543e-10,-4.9939011545929836e-11,-1.4167432436036116e-11,-3.761682185188063e-12,-9.298736185783457e-13,-2.1275478043297417e-13,-4.4763906230515166e-14,-8.598565480188041e-15,-1.495747518184511e-15,-2.3349743657307277e-16,-3.237875807931122e-17,-3.942581676510125e-18,-4.1606520615767104e-19,-3.7491580917278853e-20,-2.8359742026160688e-21,-1.7659261786753142e-22,-8.849922978423028e-24,-3.477161078184234e-25,-1.0388399634421235e-26,-2.276751089460655e-28,-3.5082244286522085e-30,-3.6133112879175937e-32,-2.3410402620355997e-34,-8.864927076234071e-37,-1.7933804144591706e-39,-11209148.167167746,-9280247.767034216,-7408539.7083238475,-5654348.075399632,-4079518.189273289,-2740381.079521828,-1678405.5735937676,-909935.4551627768,-418213.0665729633,-152633.30107326576,-39873.75163694543,-6261.0931996156705,-430.1981426951684,-6.8130221440824235,-0.005492346932614499,-2.3214776767457562e-09,-4.687965648679699e-29,0.0
48.5,-20789355218.58728,-20925320835.035667,-21062523945.475243,-21200972975.62663,-21340676324.938263,-21481642358.603928,-21623879398.98079,-21767395716.373,-21912199519.1443,-22058298943.121067,-22205702040.245235,-22354416766.43482,-22504450968.60749,-22655812370.820145,-22808508559.47582,-22962546967.546314,-23117934857.756416,-23274679304.673588,-23432787175.64344,-23592265110.50908,-23753119500.04942,-23915356463.06789,-24078981822.060795,-24244001077.390087,-24410419379.88295,-24578241501.77613,-24747471805.919548,-24918114213.150173,-25090172167.7424,-25263648600.83746,-25438545891.750256,-25614865827.04684,-25792609557.28177,-25971777551.27949,-26152369547.838966,-26334384504.735653,-26517820544.889786,-26702674899.56436,-26888943848.45076,-27076622656.49432,-27265705507.305817,-27456185432.99987,-27648054240.293976,-27841302432.696617,-28035919128.60612,-28231891975.135628,-28429207057.47335,-28627848803.580185,-28827799884.02127,-29029041106.720543,-29231551306.42157,-29435307228.63147,-29640283407.818485,-29846452039.62768,-30053782846.87375,-30262242939.064228,-30471796665.20125,-30682405459.6058,-30894027680.50396,-31106618441.111416,-31320129432.94993,-31534508741.12787,-31749700651.31588,-31965645448.150017,-32182279204.796017,-32399533563.412346,-32617335506.25484,-32835607117.17372,-33054265333.262768,-33273221686.433567,-33492382034.70307,-33711646283.001152,-33930908093.32764,-34150054584.114925,-34368966018.68373,-34587515482.71576,-34805568550.71001,-35022982941.437485,-35239608162.46612,-35455285143.89005,-35669845861.47151,-35883112949.48473,-36094899303.64448,-36305007674.6069,-36513230252.64668,-36719348244.24708,-36923131441.4864,-37124337785.26761,-37322712923.62146,-37517989766.51508,-37709888038.82391,-37898113833.37183,-38082359166.220505,-38262301536.69006,-38437603494.926765,-38607912220.1983,-38772859113.49779,-38932059408.47514,-39085111805.193,-39231598131.72309,-39371083039.16656,-39503113736.291695,-39627219770.64765,-39742912863.72437,-39849686808.49832,-39947017438.52382,-40034362678.60892,-40111162688.04539,-40176840108.3501,-40230800428.51204,-40272432481.82499,-40301109089.51274,-40316187867.51453,-40317012213.98044,-40302912496.21619,-40273207456.99651,-40227205861.30752,-40164208405.65699,-40083509913.06676,-39984401837.68672,-39866175103.59431,-0.0425210257007923,-0.027966468391051,-0.0181550825409005,-0.0116258321152528,-0.0073390085852381,-0.0045639734592491,-0.0049142838384692,-0.0029876608895125,-0.0017857701635599,-0.0010485023169469,-0.0006041762939877,-0.0003413356159371,-0.0001888714076767,-0.0001022416200399,-5.408047478040023e-05,-2.791513591531958e-05,-1.4041639305261904e-05,-6.872583466986713e-06,-3.267684160161937e-06,-1.5066585656435897e-06,-6.723858911709219e-07,-2.8983871270005176e-07,-1.2040839493238944e-07,-4.8090947666501497e-08,-1.8417273967853138e-08,-6.743524480473599e-09,-2.353286787873749e-09,-7.79981786250904e-10,-2.446040537960291e-10,-7.227604452105271e-11,-2.002955585479982e-11,-5.179372843660049e-12,-1.242664650459404e-12,-2.7489662813393586e-13,-5.567726431772695e-14,-1.0244104261845132e-14,-1.6972195546499253e-15,-2.507096883050009e-16,-3.2652597196565046e-17,-3.7023095071249955e-18,-3.6022105627534255e-19,-2.958296438930935e-20,-2.012150858480657e-21,-1.1089850828096838e-22,-4.8285067298029945e-24,-1.6123341243794177e-25,-3.987875874143224e-27,-7.011442087560959e-29,-8.34402350655536e-31,-6.337294285025065e-33,-2.8606218018308307e-35,-7.034355681188869e-38,-19123484.44082518,-16544336.82049297,-13880518.072312517,-11211430.989055516,-8634031.773857096,-6257405.404778665,-4191614.081407745,-2529861.252053554,-1325423.4030556602,-569638.2310827803,-183571.7223271201,-38124.48694516285,-3873.345324755989,-110.24901598732089,-0.23600490614931147,-7.028118499901201e-07,-4.955822208157794e-24,0.0
48.25,-21199172535.345703,-21320015199.454163,-21441730552.88512,-21564318704.62844,-21687779581.315475,-21812112917.87641,-21937318247.673645,-22063394892.083427,-22190341949.4961,-22318158283.70493,-22446842511.651043,-22576392990.491165,-22706807803.953312,-22838084747.94364,-22970221315.366302,-23103214680.116447,-23237061680.20479,-23371758799.969906,-23507302151.33337,-23643687454.050056,-23780910014.904453,-23918964705.80158,-24057845940.69904,-24197547651.32448,-24338063261.620487,-24479385660.85672,-24621507175.346584,-24764419538.7035,-24908113860.56913,-25052580593.743523,-25197809499.64452,-25343789612.021294,-25490509198.843933,-25637955722.288445,-25786115796.734142,-25934975144.687035,-26084518550.540665,-26234729812.08284,-26385591689.654125,-26537085852.86121,-26689192824.74562,-26841891923.30598,-26995161200.269104,-27148977377.003445,-27303315777.46556,-27458150258.06907,-27613453134.362907,-27769195104.40472,-27925345168.71384,-28081870546.68716,-28238736589.36092,-28395906688.401142,-28553342181.205948,-28711002252.004,-28868843828.834843,-29026821476.29943,-29184887283.972366,-29342990750.37144,-29501078662.385395,-29659094970.06744,-29816980656.709354,-29974673604.120808,-30132108453.049217,-30289216458.688107,-30445925341.236816,-30602159131.491745,-30757838011.46844,-30912878150.076508,-31067191533.89467,-31220685793.12204,-31373264022.81432,-31524824599.549904,-31675260993.71236,-31824461577.62155,-31972309429.797146,-32118682135.69508,-32263451585.322205,-32406483768.20429,-32547638566.261253,-32686769545.230343,-32823723745.373623,-32958341472.311943,-33090456088.94348,-33219893809.53332,-33346473497.199947,-33470006466.17854,-33590296290.40867,-33707138620.17737,-33820321008.74792,-33929622751.12239,-34034814737.32136,-34135659322.820305,-34231910219.05814,-34323312407.232586,-34409602078.91656,-34490506607.377174,-34565744553.84585,-34635025713.38454,-34698051205.412346,-34754513614.40176,-34804097186.72571,-34846478090.12959,-34881324742.82227,-34908298219.7161,-34927052743.904106,-34937236272.03036,-34938491182.78756,-34930455078.35463,-34912761709.15771,-34885042032.88927,-34846925419.24131,-34798041012.277245,-34738019262.77122,-34666493643.14878,-34583102557.85146,-34487491461.97383,-34379315200.852425,-34258240582.868355,-34123949197.00362,-33976140485.59753,-33814535081.208508,-0.1081991570830997,-0.0721909105403964,-0.0475612847321472,-0.0309231697992888,-0.0198291945781434,-0.0125323103943314,-0.0134684069344859,-0.0083278680297752,-0.0050654191683437,-0.0030283028735983,-0.0017778672464773,-0.0010240057031895,-0.0005780510566874,-0.0003194602038492,-0.000172641557475,-9.111823618585388e-05,-4.690385101645665e-05,-2.351371720643674e-05,-1.1461990410608327e-05,-5.423580887092802e-06,-2.486567610258284e-06,-1.1023925374620532e-06,-4.7157823858909766e-07,-1.941914959306402e-07,-7.678063899437458e-08,-2.906716214454477e-08,-1.0503973882842126e-08,-3.6111722676359435e-09,-1.176757761762253e-09,-3.620014290602552e-10,-1.046590016696936e-10,-2.8296940631241885e-11,-7.115729530397795e-12,-1.6541367048866201e-12,-3.5305863037766845e-13,-6.866713413565975e-14,-1.2066455289194562e-14,-1.8974802046938042e-15,-2.641439375153374e-16,-3.215436778315382e-17,-3.3752631907268797e-18,-3.0068127376402048e-19,-2.2318647310446587e-20,-1.3514316235687598e-21,-6.513446726294935e-23,-2.428062758241842e-24,-6.768776140474863e-26,-1.3560109171501515e-27,-1.86173188422078e-29,-1.654777141561148e-31,-8.887479024236536e-34,-2.6510110742867573e-36,-30836963.86737681,-27810273.68157334,-24453697.63096264,-20836074.4170138,-17063696.127700683,-13283761.515894804,-9681216.543778107,-6463835.683513557,-3830243.0992957507,-1919539.5547641774,-753457.4105003213,-203473.7064774959,-29845.56775319584,-1472.9185917688787,-7.88467011252463,-0.00014668609771048753,-2.5170137180792387e-19,0.0
48.0,-21424716865.93642,-21529232020.245,-21634258992.05091,-21739789872.41696,-21845816426.03618,-21952330081.241062,-22059321919.60508,-22166782665.11796,-22274702672.91452,-22383071917.537125,-22491879980.709755,-22601116038.60217,-22710768848.560585,-22820826735.28141,-22931277576.40285,-23042108787.488976,-23153307306.37952,-23264859576.877647,-23376751531.74758,-23488968574.99218,-23601495563.38037,-23714316787.19281,-23827415950.15355,-23940776148.514328,-24054379849.257256,-24168208867.380623,-24282244342.231777,-24396466712.85004,-24510855692.28186,-24625390240.829346,-24740048538.19301,-24854807954.46845,-24969645019.95603,-25084535393.742737,-25199453831.01376,-25314374149.05241,-25429269191.885586,-25544110793.532475,-25658869739.81443,-25773515728.684048,-25888017329.031406,-26002341937.927822,-26116455736.266205,-26230323642.760693,-26343909266.267963,-26457174856.39628,-26570081252.369457,-26682587830.116688,-26794652447.56244,-26906231388.09422,-27017279302.19136,-27127749147.202755,-27237592125.26781,-27346757619.38191,-27455193127.61552,-27562844195.505062,-27669654346.64396,-27775565011.513115,-27880515454.6034,-27984442699.896866,-28087281454.788704,-28188964032.55052,-28289420273.454662,-28388577464.70122,-28486360259.313675,-28582690594.195786,-28677487607.572098,-28770667556.066387,-28862143731.70986,-28951826379.20791,-29039622613.84049,-29125436340.416653,-29209168173.75724,-29290715361.236034,-29369971707.973568,-29446827505.344265,-29521169463.533604,-29592880648.962906,-29661840427.486824,-29727924414.36615,-29791004432.121365,-29850948477.48698,-29907620698.80726,-29960881385.34851,-30010586970.143925,-30056590048.142147,-30098739411.596508,-30136880104.80852,-30170853500.53194,-30200497400.545547,-30225646163.122185,-30246130860.35241,-30261779468.52673,-30272417095.042458,-30277866245.57257,-30277947135.525887,-30272478050.126297,-30261275757.755207,-30244155981.52439,-30220933934.38121,-30191424923.389133,-30155445029.168858,-30112811866.830944,-30063345435.06648,-30006869060.390163,-29943210443.83556,-29872202817.681507,-29793686220.026894,-29707508895.217308,-29613528828.24485,-29511615421.272896,-29401651320.359207,-29283534400.238445,-29157179914.646114,-29022522819.08893,-28879520272.146515,-28728154320.283363,-28568434769.698486,-28400402246.88661,-28224131447.25085,-28039734568.218304,-0.272210151026083,-0.1842129231924018,-0.1231493073042877,-0.0812821640556868,-0.0529358732808366,-0.0339954051246843,-0.0364655106109077,-0.0229280230246742,-0.014189039590513,-0.0086355855988616,-0.0051642759313822,-0.0030318412154848,-0.0017456417902087,-0.0009846843121411,-0.0005435507630351,-0.0002932619514369,-0.000154445415105,-7.928392806889001e-05,-3.961183227955658e-05,-1.923002853405513e-05,-9.054762988385004e-06,-4.1274190011545685e-06,-1.817501586674146e-06,-7.713948599627799e-07,-3.147798604003085e-07,-1.2316561728681625e-07,-4.6072156802274675e-08,-1.6422723901748217e-08,-5.5585612516115715e-09,-1.7794577562484852e-09,-5.36467179198908e-10,-1.515836491835741e-10,-3.993129084786656e-11,-9.749162880554431e-12,-2.1916026634675254e-12,-4.503056604680244e-13,-8.387384036901857e-14,-1.403113184165012e-14,-2.0862096788375e-15,-2.7243674898968675e-16,-3.0828013560853206e-17,-2.976361283964544e-18,-2.4086654509970545e-19,-1.6007320294300275e-20,-8.530693795049637e-22,-3.545842461702862e-23,-1.1126721978178176e-24,-2.5362380031130254e-26,-4.0110061012783165e-28,-4.1651020091777336e-30,-2.656591650091258e-32,-9.59208476153114e-35,-46823977.143239774,-43917467.12916296,-40362979.20895594,-36166007.41827146,-31380150.78973581,-26125661.26671085,-20607241.07451311,-15123784.228218429,-10056860.175252557,-5819132.433577533,-2746662.5266169994,-948059.6597818792,-195968.4895083486,-16168.435027722968,-203.64423228219934,-0.020947444659608783,-6.0607011404894525e-15,0.0
47.75,-21492195031.08422,-21579756402.12464,-21667486166.751747,-21755368945.53768,-21843388901.73804,-21931529731.159176,-22019774651.76045,-22108106392.98241,-22196507184.79184,-22284958746.43458,-22373442274.88656,-22461938432.993355,-22550427337.28875,-22638888545.481945,-22727301043.60385,-22815643232.80177,-22903892915.772747,-22992027282.82487,-23080022897.55656,-23167855682.143368,-23255500902.222363,-23342933151.36372,-23430126335.12014,-23517053654.643986,-23603687589.86336,-23689999882.207947,-23775961516.8764,-23861542704.63756,-23946712863.15824,-24031440597.85163,-24115693682.240883,-24199439037.83364,-24282642713.50489,-24365269864.3862,-24447284730.26208,-24528650613.474983,-24609329856.34333,-24689283818.098907,-24768472851.35256,-24846856278.100525,-24924392365.285923,-25001038299.93512,-25076750163.89103,-25151482908.171204,-25225190326.982445,-25297825031.430107,-25369338422.965347,-25439680666.62069,-25508800664.09147,-25576646026.72864,-25643163048.517075,-25708296679.12358,-25771990497.108646,-25834186683.408104,-25894825995.203384,-25953847740.312347,-26011189752.248768,-26066788366.113384,-26120578395.499336,-26172493110.6126,-26222464217.83009,-26270421840.941376,-26316294504.344585,-26360009118.49479,-26401490967.93275,-26440663702.253704,-26477449330.41184,-26511768218.792324,-26543539093.5253,-26572679047.55946,-26599103553.06122,-26622726479.75713,-26643460119.89303,-26661215220.54346,-26675901024.07038,-26687425317.599087,-26695694492.455265,-26700613614.58761,-26702086507.08649,-26700015846.002934,-26694303270.770542,-26684849510.64029,-26671554528.650475,-26654317684.776115,-26633037920.029217,-26607613963.4199,-26577944563.83082,-26543928749.01233,-26505466114.06585,-26462457141.953537,-26414803558.749165,-26362408726.532574,-26305178077.021324,-26243019589.235893,-26175844314.698093,-26103566953.876472,-26026106487.804665,-25943386869.015984,-25855337776.15241,-25761895436.817844,-25663003523.449966,-25558614127.178143,-25448688814.81154,-25333199774.255573,-25212131053.77958,-25085479900.64419,-24953258204.635147,-24815494052.027607,-24672233395.40969,-24523541844.60701,-24369506583.65711,-24210238418.35733,-24045873958.33284,-23876577936.809013,-23702545670.296867,-23524005659.170982,-23341222328.596813,-23154498907.398106,-22964180440.195053,-22770656925.42412,-22574366568.60956,-0.6769368456270587,-0.4645711514890577,-0.3150895853052965,-0.2110848893956057,-0.1395951810060403,-0.0910766353005031,-0.0975113660973644,-0.0623339979882191,-0.0392402951161307,-0.024307437684617,-0.0148041935079739,-0.0088569243475339,-0.0052002042755591,-0.0029933266700406,-0.0016873632616707,-0.0009304068444568,-0.0005011841190079,-0.0002633840754494,-0.0001348374417323,-6.713821834527936e-05,-3.24578895584378e-05,-1.5207300131618684e-05,-6.891063209554637e-06,-3.0134685334824608e-06,-1.2686797070104098e-06,-5.128680484874901e-07,-1.9851107495344773e-07,-7.33377259332334e-08,-2.5771420717095732e-08,-8.581670945906213e-09,-2.6965761516974373e-09,-7.95891087518589e-10,-2.1951768510166428e-10,-5.6258320438468094e-11,-1.3312141431458091e-11,-2.887817573013605e-12,-5.697623572578063e-13,-1.013275099972923e-13,-1.6079548232290865e-14,-2.2508572718447277e-15,-2.743306713469476e-16,-2.8679005087427937e-17,-2.527920863512727e-18,-1.841909946028369e-19,-1.0841605362472499e-20,-5.0186217778009805e-22,-1.7703268065234234e-23,-4.584765784971226e-25,-8.338753542143695e-27,-1.0098707916832069e-28,-7.634624823123526e-31,-3.329666494567107e-33,-66620722.736479364,-64841702.58076169,-62127204.34697264,-58360672.33522025,-53456829.90424201,-47392318.99801567,-40248408.60854132,-32263934.738406587,-23887613.476336442,-15800683.480700295,-8853186.581412414,-3838561.0567308874,-1091101.718094323,-145041.54473344027,-4040.6772031177243,-2.0301165915829067,-6.822758655205722e-11,0.0
47.5,-21429054946.35148,-21499589278.1234,-21569978884.04912,-21640201700.08702,-21710235087.47193,-21780055822.70356,-21849640087.42106,-21918963458.16502,-21988000896.02872,-22056726736.20101,-22125114677.40316,-22193137771.22293,-22260768411.34932,-22327978322.712017,-22394738550.530483,-22461019449.27767,-22526790671.56477,-22592021156.9536,-22656679120.7046,-22720732042.46892,-22784146654.934425,-22846888932.436504,-22908924079.54571,-22970216519.645737,-23030729883.5166,-23090426997.93973,-23149269874.342995,-23207219697.506104,-23264236814.348484,-23320280722.8242,-23375310060.95084,-23429282596.002106,-23482155213.896343,-23533883908.816826,-23584423773.10266,-23633728987.453125,-23681752811.491707,-23728447574.74121,-23773764668.06512,-23817654535.63597,-23860066667.496723,-23900949592.786945,-23940250873.712044,-23977917100.34079,-24013893886.323174,-24048125865.629414,-24080556690.41896,-24111129030.15748,-24139784572.110752,-24166464023.35364,-24191107114.445267,-24213652604.93333,-24234038290.86377,-24252201014.486835,-24268076676.36585,-24281600250.111767,-24292705799.984188,-24301326501.6193,-24307394666.165207,-24310841768.12787,-24311598477.25393,-24309594694.80285,-24304759594.5875,-24297021669.19211,-24286308781.80677,-24272548224.15271,-24255666781.00648,-24235590801.87091,-24212246280.38079,-24185558942.07466,-24155454341.21116,-24121857967.3571,-24084695362.52808,-24043892249.7172,-23999374673.70861,-23951069155.134445,-23898902858.801483,-23842803777.38532,-23782700931.663902,-23718524588.54277,-23650206498.20768,-23577680151.8284,-23500881061.3305,-23419747062.8492,-23334218645.58064,-23244239307.853355,-23149755942.35172,-23050719252.53978,-22947084202.450924,-22838810502.13219,-22725863131.15662,-22608212902.745045,-22485837071.167427,-22358719985.22463,-22226853790.73932,-22090239185.113853,-21948886227.134247,-21802815205.31878,-21652057568.218098,-21496656920.17151,-21336670086.107983,-21172168249.04482,-21003238163.97768,-20829983451.868977,-20652525977.418488,-20471007314.23551,-20285590300.916702,-20096460691.358395,-19903828902.386715,-19707931861.458923,-19509034956.76396,-19307434091.510563,-19103457843.522427,-18897469730.43735,-18689870579.81541,-18481101002.26641,-18271643964.289173,-18062027455.83691,-17852827245.65489,-17644669715.136543,-17438234758.775364,-1.66362708023337,-1.15765273739095,-0.7964488280133157,-0.5414600570188874,-0.3635477870405108,-0.2409269652015067,-0.2574715322002522,-0.167302199513081,-0.1071135376323403,-0.0675197903088052,-0.0418709933799953,-0.0255222018305687,-0.0152772997488451,-0.0089716192357136,-0.0051633515859331,-0.0029089470324662,-0.0016023312964389,-0.0008618054558726,-0.0004519490461276,-0.0002307417761629,-0.0001144980145642,-5.51216997523721e-05,-2.5695150761722907e-05,-1.1573385330966988e-05,-5.025098139493045e-06,-2.0980017725501925e-06,-8.399316163489374e-07,-3.214722275492957e-07,-1.1723576664713819e-07,-4.05886357707315e-08,-1.3286883520850174e-08,-4.094278520617384e-09,-1.181728931828513e-09,-3.177278722830117e-10,-7.909083597475526e-11,-1.8103066097521008e-11,-3.780875705911279e-12,-7.14310107714562e-13,-1.2088934582821614e-13,-1.812509459249532e-14,-2.377283494934381e-15,-2.68857043976056e-16,-2.578700628836428e-17,-2.057819104551396e-18,-1.3362678865562858e-19,-6.880187863000461e-21,-2.724605264841264e-22,-8.005122942559756e-24,-1.671750367325e-25,-2.3569864157192324e-27,-2.1078956178737146e-29,-1.1079996320603276e-31,-88202956.01462343,-88911184.66523279,-88601784.54992431,-87010251.23826838,-83848768.29014249,-78830748.16280736,-71718538.17312784,-62405863.48702648,-51045375.42089677,-38217708.12617768,-25092687.192682933,-13429753.190646963,-5121304.625369121,-1056641.3459381822,-61156.04787756604,-132.33167355535468,-3.5379473131281186e-07,0.0
47.25,-21263117165.402184,-21317055837.05407,-21370578705.70631,-21423658035.340176,-21476265411.72652,-21528371732.545235,-21579947197.533432,-21630961298.67304,-21681382810.43004,-21731179780.058083,-21780319517.980164,-21828768588.263184,-21876492799.201218,-21923457194.02441,-21969626041.75174,-22014962828.20713,-22059430247.219936,-22102990192.03197,-22145603746.93549,-22187231179.167465,-22227831931.088127,-22267364612.67296,-22305786994.35016,-22343056000.217285,-22379127701.67343,-22413957311.50584,-22447499178.472733,-22479706782.426727,-22510532730.026783,-22539928751.08976,-22567845695.63608,-22594233531.688385,-22619041343.8856,-22642217332.97936,-22663708816.284863,-22683462229.1624,-22701423127.611942,-22717536192.068443,-22731745232.491425,-22743993194.84977,-22754222169.10796,-22762373398.829426,-22768387292.518616,-22772203436.833107,-22773760611.80531,-22772996808.2232,-22769849247.32936,-22764254403.00861,-22756148026.646,-22745465174.84904,-22732140240.240936,-22716106985.54598,-22697298581.20209,-22675647646.75205,-22651086296.28041,-22623546188.182213,-22592958579.566704,-22559254385.620106,-22522364244.27225,-22482218586.53409,-22438747712.89649,-22391881876.2061,-22341551371.460155,-22287686632.98998,-22230218339.53276,-22169077527.721577,-22104195714.55753,-22035505029.461304,-21962938356.53863,-21886429487.73217,-21805913287.572807,-21721325870.28507,-21632604790.046352,-21539689245.245705,-21442520297.63636,-21341041107.32709,-21235197184.60995,-21124936659.677418,-21010210571.33845,-20890973175.902443,-20767182277.460896,-20638799580.86021,-20505791068.722828,-20368127403.94114,-20225784359.13581,-20078743274.63921,-19926991546.63369,-19770523147.14523,-19609339177.661625,-19443448458.21486,-19272868153.83345,-19097624440.33824,-18917753211.51597,-18733300829.76511,-18544324922.36112,-18350895225.53649,-18153094478.608124,-17951019370.416256,-17744781540.35475,-17534508636.276627,-17320345431.546883,-17102455003.480452,-16881019975.350569,-16656243824.070786,-16428352255.54487,-16197594649.533655,-15964245575.705805,-15728606382.311913,-15491006858.646317,-15251806972.12823,-15011398680.440474,-14770207818.7016,-14528696061.106943,-14287362955.850311,-14046748031.421032,-13807432971.551928,-13570043855.164837,-13335253456.611197,-13103783600.328114,-12876407562.715542,-12653952512.581097,-4.039482861951043,-2.8496727892123026,-1.9883776051915705,-1.3715674067857406,-0.9347941701111764,-0.6291392278854661,-0.6711129907133988,-0.4431865114054625,-0.288521160381957,-0.1850351698710819,-0.1168100202513745,-0.0725262929752263,-0.0442502128167364,-0.0265049497609282,-0.0155699546387389,-0.0089602557982263,-0.0050456131789796,-0.0027766177648277,-0.0014911845378527,-0.0007803985171064,-0.0003973516070749,-0.0001964953911356,-9.419532799518868e-05,-4.368325924316018e-05,-1.9554143621155187e-05,-8.42832626800224e-06,-3.488704853786578e-06,-1.382732332662209e-06,-5.230812412638518e-07,-1.882016093541443e-07,-6.415175777711135e-08,-2.0627837341461287e-08,-6.227078482145536e-09,-1.7554743484235274e-09,-4.594236820203472e-10,-1.1088337362079312e-10,-2.4497913420181e-11,-4.9132857514201495e-12,-8.86126263703729e-13,-1.4218422681671705e-13,-2.00515220964836e-14,-2.450938272414361e-15,-2.5553814976833743e-16,-2.230969024878367e-17,-1.5963700927774722e-18,-9.130751147739144e-20,-4.053652897483446e-21,-1.3491485631852116e-22,-3.2297478732341925e-24,-5.291634195591039e-26,-5.587066338044444e-28,-3.5317275679710814e-30,-107536126.66849536,-112107182.43094143,-115974757.00690016,-118779207.65487051,-120060292.27571091,-119248225.97751732,-115672441.91007069,-108609663.40849729,-97408883.59705375,-81749924.4774684,-62095304.0758185,-40313778.659355015,-20118777.251992043,-6204361.340236115,-700199.0392199673,-5743.4500841326435,-0.0008316624718055228,0.0
47.0,-21021769953.879524,-21059978574.95049,-21097552505.456955,-21134459563.069763,-21170666798.401493,-21206140485.034782,-21240846109.69677,-21274748362.59832,-21307811127.958965,-21339997474.738777,-21371269647.60081,-21401589058.12799,-21430916276.32102,-21459211022.40465,-21486432158.97178,-21512537683.49644,-21537484721.248947,-21561229518.648315,-21583727437.089005,-21604932947.28196,-21624799624.151768,-21643280142.334373,-21660326272.32315,-21675888877.31306,-21689917910.796463,-21702362414.967106,-21713170519.992207,-21722289444.216408,-21729665495.36481,-21735244072.81732,-21738969671.02942,-21740785884.1808,-21740635412.13663,-21738460067.812447,-21734200786.038624,-21727797634.026222,-21719189823.54225,-21708315724.908905,-21695112882.94788,-21679518034.998543,-21661467131.146008,-21640895356.80364,-21617737157.80277,-21591926268.15154,-21563395740.634457,-21532077980.434258,-21497904781.96814,-21460807369.14199,-21420716439.237736,-21377562210.66162,-21331274474.79416,-21281782652.19657,-21229015853.442924,-21172902944.86213,-21113372619.49078,-21050353473.553936,-20983774088.809093,-20913563121.10669,-20839649395.540657,-20761962008.58184,-20680430437.60932,-20594984658.27622,-20505555270.17015,-20412073631.252083,-20314472001.5834,-20212683696.87586,-20106643252.42757,-19996286598.034817,-19881551244.50021,-19762376482.38589,-19638703593.69316,-19510476077.180305,-19377639888.06432,-19240143692.88408,-19097939140.33862,-18950981148.9466,-18799228212.41009,-18642642723.600143,-18481191318.11729,-18314845238.416466,-18143580719.519978,-17967379397.378323,-17786228740.971413,-17600122509.276695,-17409061234.261936,-17213052731.089798,-17012112636.748743,-16806264978.350346,-16595542772.35233,-16379988655.986012,-16159655552.17786,-15934607369.263288,-15704919736.790674,-15470680778.709196,-15231991925.218678,-14988968764.538591,-14741741935.81903,-14490458064.374586,-14235280740.36509,-13976391541.978558,-13713991104.088964,-13448300233.2613,-13179561069.862057,-12908038297.898815,-12634020403.061735,-12357820979.267738,-12079780083.81762,-11800265641.06517,-11519674894.266758,-11238435905.03054,-10957009099.51727,-10675888860.26359,-10395605162.205393,-10116725251.178886,-9839855362.877644,-9565642479.951302,-9294776124.658428,-9027990184.244167,-8766064766.01907,-8509828078.989786,-8260158338.858353,-9.68841527781426,-6.927814534309484,-4.901732591531202,-3.4300510293098685,-2.372595626952232,-1.6213598572682466,-1.726406534303718,-1.1584216202879856,-0.7666861772717422,-0.5001411569761686,-0.3213419253734273,-0.2031867342530165,-0.1263296468786388,-0.0771612558214725,-0.0462541083650214,-0.027183129015194,-0.0156441830804886,-0.0088059983156095,-0.0048417516613512,-0.0025965956870224,-0.0013561658243616,-0.0006886528308452,-0.000339372833743,-0.0001619884374962,-7.472834238827513e-05,-3.323989768883983e-05,-1.4219687178781018e-05,-5.833812862785094e-06,-2.288247564087149e-06,-8.551896337543169e-07,-3.033884716928137e-07,-1.017439563194614e-07,-3.2106331780157585e-08,-9.484654903897832e-09,-2.608086801168987e-09,-6.633153791176806e-10,-1.5491943700169538e-10,-3.2959410061737456e-11,-6.3297549900466026e-12,-1.0860384918158825e-12,-1.6453201026404344e-13,-2.1715331271091188e-14,-2.458609108433928e-15,-2.3457428750969737e-16,-1.847385201371697e-17,-1.172294613013766e-18,-5.826464532456691e-20,-2.193326647101038e-21,-6.008838478175364e-23,-1.141951022915034e-24,-1.4205596737194532e-26,-1.077440878134554e-28,-118657870.18900898,-127895620.29207183,-137236411.1385961,-146376020.53166944,-154856430.14532012,-162008575.54866675,-166884065.3073764,-168187395.08696914,-164243544.13242722,-153087240.32367876,-132859992.3161501,-102848832.98059648,-65531336.217946194,-29084546.26358804,-6003537.076560829,-164034.12126312332,-0.8707403445740363,0.0
46.75,-20731270994.53168,-20754959067.68436,-20777853831.045567,-20799920077.52533,-20821121760.217632,-20841421981.933983,-20860782984.9612,-20879166141.06813,-20896531941.78822,-20912839989.00587,-20928048985.876545,-20942116728.11193,-20955000095.663795,-20966655044.841496,-20977036600.900703,-20986098851.14252,-20993794938.5649,-21000077056.110325,-21004896441.55621,-21008203373.097286,-21009947165.67209,-21010076168.08809,-21008537761.00378,-21005278355.82877,-21000243394.60648,-20993377350.94792,-20984623732.08835,-20973925082.14303,-20961222986.642315,-20946458078.430767,-20929570045.019577,-20910497637.48694,-20889178681.02533,-20865550087.24105,-20839547868.316605,-20811107153.152195,-20780162205.609936,-20746646444.98994,-20710492468.875214,-20671632078.489185,-20629996306.71757,-20585515448.95436,-20538119096.940247,-20487736175.77048,-20434294984.25851,-20377723238.852062,-20317948121.307304,-20254896330.33876,-20188494137.47288,-20118667447.345123,-20045341862.69242,-19968442754.305862,-19887895336.2212,-19803624746.43872,-19715556133.47805,-19623614749.08893,-19527726047.45312,-19427815791.229465,-19323810164.81048,-19215635895.17501,-19103220380.739548,-18986491828.628765,-18865379400.803963,-18739813369.50659,-18609725282.4944,-18475048138.56576,-18335716573.88903,-18191667059.672684,-18042838111.733257,-17889170512.53746,-17730607546.31594,-17567095247.865574,-17398582665.67743,-17225022140.0467,-17046369596.839771,-16862584857.611444,-16673631966.782331,-16479479536.602264,-16280101110.639452,-16075475546.54786,-15865587418.87535,-15650427442.68307,-15429992918.75148,-15204288201.150398,-14973325187.948175,-14737123835.829662,-14495712699.381062,-14249129495.78505,-13997421695.646729,-13740647140.644163,-13478874688.661545,-13212184887.021324,-12940670674.3807,-12664438111.798767,-12383607143.411858,-12098312387.076412,-11808703955.249104,-11514948306.274937,-11217229126.142792,-10915748240.645905,-10610726557.752144,-10302405039.84447,-9991045705.339037,-9676932659.025091,-9360373150.301722,-9041698658.311556,-8721266002.79519,-8399458479.316511,-8076687017.342175,-7753391359.506063,-7430041260.259342,-7107137702.008066,-6785214126.787013,-6464837681.52295,-6146610475.023764,-5831170845.010095,-5519194633.811707,-5211396471.809518,-4908531068.353472,-4611394510.7666,-4320825573.207201,-22.947176692505785,-16.629267217558674,-11.92888407447724,-8.466520984952783,-5.942532255688127,-4.12257657252136,-4.381845262476181,-2.9869365767062246,-2.009308567485117,-1.33298954272132,-0.8714734251865809,-0.5610414896874886,-0.3553789869256261,-0.2212897113825385,-0.135329383480209,-0.0811974487167107,-0.0477459406428791,-0.0274828554545131,-0.0154655597787247,-0.0084967011062475,-0.0045506072339232,-0.002372039093783,-0.0012012874333929,-0.0005899526571604,-0.0002803696770336,-0.0001286484710378,-5.685411398868579e-05,-2.413368981630088e-05,-9.810593999288942e-06,-3.8067257771265e-06,-1.404819724278304e-06,-4.910932293208512e-07,-1.6190279818011001e-07,-5.008979886984872e-08,-1.446305791181515e-08,-3.873609712332094e-09,-9.556969368125963e-10,-2.155264401359171e-10,-4.403999436198949e-11,-8.073101774556378e-12,-1.3126890081602973e-12,-1.8689075153402642e-13,-2.2953988389334343e-14,-2.3906447833425213e-15,-2.0696788947302654e-16,-1.4551864763131513e-17,-8.08529122260973e-19,-3.437184991425046e-20,-1.0757915474119569e-21,-2.367044388441595e-23,-3.4620729133569155e-25,-3.1434064357170942e-27,-114634254.70645548,-128087036.13753198,-142818382.7325959,-158783370.90171117,-175811584.65005893,-193523771.89194962,-211202379.43274057,-227596019.74117073,-240639330.6860734,-247095334.1515676,-242230774.4614393,-219954612.76890308,-174665801.5083609,-107457302.12359162,-38046825.460072905,-3038691.451016824,-397.97544724237434,0.0
46.5,-20416197272.71766,-20426811107.99917,-20436538817.75696,-20445343764.89125,-20453188418.299866,-20460034341.40834,-20465842180.953144,-20470571656.04564,-20474181547.547413,-20476629687.788147,-20477872950.65963,-20477867242.12104,-20476567491.152817,-20473927641.198334,-20469900642.134823,-20464438442.817013,-20457491984.24,-20449011193.36928,-20438944977.68961,-20427241220.526176,-20413846777.195168,-20398707472.04319,-20381768096.43869,-20362972407.781487,-20342263129.600143,-20319581952.810577,-20294869538.213005,-20268065520.30832,-20239108512.5194,-20207936113.90693,-20174484917.474075,-20138690520.15917,-20100487534.620445,-20059809602.922367,-20016589412.23819,-19970758712.6898,-19922248337.45083,-19870988225.24673,-19816907445.39048,-19759934225.50071,-19699995982.055386,-19637019353.941826,-19570930239.171654,-19501653834.93704,-19429114681.19316,-19353236707.96051,-19273943286.5493,-19191157284.917915,-19104801127.38701,-19014796858.940468,-18921066214.354973,-18823530692.41079,-18722111635.44693,-18616730314.53514,-18507308020.559074,-18393766161.496384,-18276026366.21399,-18154010595.09844,-18027641257.856804,-17896841338.835094,-17761534530.214943,-17621645373.461464,-17477099409.408913,-17327823337.382683,-17173745183.76977,-17014794480.461826,-16850902453.60775,-16682002223.123688,-16508029013.42094,-16328920375.821606,-16144616423.142822,-15955060076.93846,-15760197327.89542,-15559977509.887833,-15354353588.197432,-15143282462.410742,-14926725284.505548,-14704647792.636868,-14477020661.128231,-14243819867.167614,-14005027074.69581,-13760630035.961014,-13510623011.194132,-13255007206.836617,-12993791232.72302,-12726991578.587288,-12454633110.220291,-12176749585.560188,-11893384190.941544,-11604590097.668407,-11310431039.005116,-11010981907.60006,-10706329373.2688,-10396572520.96531,-10081823508.660828,-9762208244.73298,-9437867084.336945,-9108955544.092524,-8775645034.270847,-8438123607.50536,-8096596722.884483,-7751288024.107178,-7402440130.202893,-7050315437.132477,-6695196928.402597,-6337388992.646356,-5977218245.950663,-5615034356.555284,-5251210869.415311,-4886146028.017687,-4520263590.785963,-4154013639.40798,-3787873376.497025,-3422347910.1653404,-3057971023.3766203,-2695305926.375014,-2334945991.098711,-1977515467.3101497,-1623670181.2615457,-1274098219.1105275,-929520599.0705128,-53.65925569566884,-39.40157376207973,-28.650756115385565,-20.621277876804623,-14.683959902501398,-10.339437795815469,-10.970336225812812,-7.5953079172491,-5.192109617221909,-3.502145697171363,-2.3292499878707185,-1.526399755704172,-0.9847971823470266,-0.6250041368851903,-0.3898349769848196,-0.2387345166963708,-0.1433931708137822,-0.0843776514732982,-0.0485825175775561,-0.0273345071723931,-0.015007172965976,-0.0080272812618543,-0.0041762623703097,-0.0021094071909394,-0.0010323306435959,-0.0004884453537848,-0.0002229031903022,-9.785541332360992e-05,-4.1207421791083614e-05,-1.6592676035542694e-05,-6.366411825202347e-06,-2.318659944592856e-06,-7.981569052590133e-07,-2.584556289741267e-07,-7.831246811518525e-08,-2.2072515912039824e-08,-5.748630498892479e-09,-1.3731624563396355e-09,-2.9830249218130885e-10,-5.837279972163212e-11,-1.0177660357472096e-11,-1.561546734051329e-12,-2.078318144417457e-13,-2.3601457048911217e-14,-2.243374658446166e-15,-1.7453132762984094e-16,-1.082500537943725e-17,-5.188669817895552e-19,-1.8521037810150097e-20,-4.709074390774336e-22,-8.081025193999489e-24,-8.762793106970679e-26,-89491880.0067574,-104989374.7618368,-122914301.1336815,-143625266.25491622,-167486623.18664673,-194818563.56796297,-225795393.4821909,-260247186.95010096,-297283817.09543836,-334601096.5019806,-367252731.9876344,-385670865.9101106,-373270821.1255071,-307005237.337953,-174977646.8350297,-35826450.24074978,-77519.95700959107,0.0
46.25,-20099080705.09881,-20098183944.229137,-20096376580.45748,-20093622283.718166,-20089883797.98937,-20085122928.30268,-20079300527.979675,-20072376486.12373,-20064309715.397423,-20055058140.11743,-20044578684.70037,-20032827262.49512,-20019758765.03892,-20005327051.776634,-19989484940.28476,-19972184197.043327,-19953375528.802483,-19933008574.5912,-19911031898.419544,-19887392982.72761,-19862038222.63761,-19834912921.0676,-19805961284.769505,-19775126421.35601,-19742350337.38485,-19707573937.57204,-19670737025.20964,-19631778303.86636,-19590635380.454205,-19547244769.747578,-19501541900.445564,-19453461122.872925,-19402935718.418884,-19349897910.818428,-19294278879.384827,-19236008774.30796,-19175016734.137268,-19111230905.57461,-19044578465.70709,-18974985646.816124,-18902377763.904884,-18826679245.09273,-18747813665.03129,-18665703781.503563,-18580271575.374523,-18491438294.06856,-18399124498.75587,-18303250115.43826,-18203734490.131523,-18100496448.34967,-17993454359.104305,-17882526203.64041,-17767629649.13785,-17648682127.61632,-17525600920.289803,-17398303247.625275,-17266706365.36819,-17130727666.806295,-16990284791.551657,-16845295741.12832,-16695679001.662107,-16541353673.9758,-16382239611.401545,-16218257565.62824,-16049329340.909435,-15875377956.962273,-15696327820.894302,-15512104908.498402,-15322636955.2607,-15127853657.427704,-14927686883.480934,-14722070896.366163,-14510942586.82283,-14294241718.15478,-14071911182.778051,-13843897270.871994,-13610149951.449314,-13370623166.14673,-13125275136.019209,-12874068681.600872,-12616971556.469065,-12353956794.51947,-12085003071.124187,-11810095078.305904,-11529223914.01429,-11242387485.539818,-10949590927.039886,-10650847031.087349,-10346176694.07645,-10035609375.239292,-9719183568.934937,-9396947289.77256,-9068958570.020134,-8735285968.630074,-8396009091.082404,-8051219119.105658,-7701019349.183348,-7345525738.592415,-6984867457.547608,-6619187445.844254,-6248642972.201748,-5873406194.31242,-5493664717.398335,-5109622148.872166,-4721498646.4930725,-4329531457.207124,-3933975443.668905,-3535103595.263401,-3133207520.2925053,-2728597915.865962,-2321605011.9554205,-1912578986.043683,-1501890344.8452454,-1089930269.7073543,-677110922.5447459,-263865709.54061127,149350499.60688162,562061198.3670201,973768116.4729528,1383951138.6396108,1792068266.488083,-123.84687673585972,-92.13028564676466,-67.89562880328707,-49.546648112394585,-35.78648967721323,-25.570716906477163,-27.083878932884,-19.04154929400589,-13.224677524755643,-9.067531627741149,-6.133742657942861,-4.090587893281447,-2.687441250465235,-1.737924293878438,-1.1053018947789386,-0.6906854558417167,-0.4236323247875624,-0.2547611465758761,-0.1500379406676306,-0.0864251280712855,-0.0486241239578614,-0.0266801298589898,-0.014254253263644,-0.0074021133553868,-0.0037289584475456,-0.0018185673482277,-0.0008566146435072,-0.0003887448448219,-0.0001694995275271,-7.079101357225822e-05,-2.822529994236548e-05,-1.0703868221755558e-05,-3.845038646135278e-06,-1.3023722245236562e-06,-4.1384032430517243e-07,-1.226651067528422e-07,-3.3699686708310765e-08,-8.519710326945494e-09,-1.9660322830466848e-09,-4.1032076894176117e-10,-7.664244762916623e-11,-1.2659622626874534e-11,-1.8238764487362494e-12,-2.255728893541749e-13,-2.3511445852005773e-14,-2.0212297977505848e-15,-1.3973511896049767e-16,-7.539684102287825e-18,-3.0639289731460706e-19,-8.984548740141218e-21,-1.8050728037020008e-22,-2.332089786149585e-24,-40769264.54207934,-54550928.923043974,-71316577.24669653,-91784674.99970031,-116859232.30807734,-147670306.04366845,-185607537.1606882,-232319426.2202557,-289609112.13331795,-359056520.55009,-440954784.23309326,-531580614.18579495,-616600107.2947268,-656742072.5458999,-567260563.3703984,-261516450.97317284,-6238176.734745603,0.0
46.0,-19800260251.04075,-19789407581.871765,-19777687289.59121,-19765065188.38983,-19751506161.57847,-19736974146.65969,-19721432120.545807,-19704842084.94857,-19687165051.96811,-19668361029.90997,-19648389009.360622,-19627206949.553417,-19604771765.058952,-19581039312.83531,-19555964379.675865,-19529500670.093624,-19501600794.68426,-19472216259.010643,-19441297453.055225,-19408793641.28804,-19374652953.400764,-19338822375.759857,-19301247743.634056,-19261873734.25436,-19220643860.767616,-19177500467.146973,-19132384724.126305,-19085236626.22805,-19035994989.95768,-18984597453.24066,-18930980476.18189,-18875079343.23047,-18816828166.836742,-18756159892.692013,-18693006306.645306,-18627298043.39572,-18558964597.062416,-18487934333.739525,-18414134506.146248,-18337491270.488373,-18257929705.650333,-18175373834.843426,-18089746649.83879,-18000970137.91996,-17908965311.69393,-17813652241.90525,-17714950093.402225,-17612777164.4101,-17507050929.270775,-17397688084.813915,-17284604600.53002,-17167715772.72076,-17046936282.807236,-16922180259.982096,-16793361348.396374,-16660392779.07708,-16523187446.775915,-16381657991.954472,-16235716888.11547,-16085276534.69358,-15930249355.722809,-15770547904.501068,-15606084974.474916,-15436773716.569405,-15262527763.190071,-15083261359.123575,-14898889499.564602,-14709328075.49392,-14514494026.631226,-14314305502.18185,-14108682029.591429,-13897544691.516048,-13680816311.20599,-13458421646.491154,-13230287592.54308,-12996343393.572325,-12756520863.602804,-12510754616.442688,-12258982304.946394,-12001144869.635227,-11737186796.710327,-11467056385.455996,-11190706024.9895,-10908092480.266691,-10619177187.201023,-10323926556.694843,-10022312287.316978,-9714311686.289623,-9399907998.367172,-9079090742.103582,-8751856052.908697,-8418207032.189666,-8078154101.759723,-7731715362.573175,-7378916956.711417,-7019793431.400956,-6654388103.689001,-6282753424.236895,-5904951338.51463,-5521053643.492511,-5131142337.728359,-4735309962.541132,-4333659931.745886,-3926306847.200906,-3513376797.188483,-3095007634.417849,-2671349230.204076,-2242563701.146474,-1808825604.4050808,-1370322097.4629097,-927253058.0684252,-479831159.8876009,-28281899.265117645,427156431.5874176,886232829.6795626,1348683729.2541237,1814233217.22021,2282593320.237024,2753464367.268033,3226535430.843814,3701484849.482256,-282.0546848827689,-212.53041248316853,-158.70733290387784,-117.403115505541,-85.99560866609752,-62.34219573920994,-65.91821290599006,-47.05119481925896,-33.19270274006592,-23.12926645239234,-15.90930421919291,-10.794787808658242,-7.219932696114493,-4.75628585358009,-3.08356553894836,-1.9656049762817,-1.2307635787119509,-0.7561937912996407,-0.4553867702018118,-0.2684637707844527,-0.1547299590657722,-0.0870610334767518,-0.0477482818661525,-0.0254824287852698,-0.0132090569590181,-0.0066370664936286,-0.003225502743809,-0.0015124721384979,-0.0006824879266483,-0.0002954971139543,-0.0001223670532361,-4.829287210495567e-05,-1.8092352273930328e-05,-6.4061215061821945e-06,-2.133335371625896e-06,-6.645249977546437e-07,-1.924361450331829e-07,-5.144997368177875e-08,-1.2601372525388762e-08,-2.8024743822503517e-09,-5.602487335629825e-10,-9.952493339314979e-11,-1.550409601501864e-11,-2.085874367567384e-12,-2.3809723058417083e-13,-2.2586734983134393e-14,-1.737897207868344e-15,-1.0538466375889687e-16,-4.8667302080439235e-18,-1.6426385577457964e-19,-3.855291770277765e-21,-5.920055825995301e-23,28189151.884490587,20542775.865766376,10418370.283915525,-2983875.7896104893,-20759724.59728846,-44429024.918334514,-76124915.77287842,-118873398.1749652,-177000423.02006477,-256694807.6683874,-366667215.55879986,-518439224.00120866,-724156234.7804903,-983399484.9443319,-1226624308.3585622,-1127497126.023884,-198156065.1479131,0.0
45.75,-19537971230.933693,-19518582087.59792,-19498431116.94129,-19477488158.621017,-19455722149.18686,-19433101105.00739,-19409592105.21273,-19385161274.67379,-19359773767.03962,-19333393747.855804,-19305984377.788,-19277507795.97587,-19247925103.54455,-19217196347.301823,-19185280503.651108,-19152135462.75109,-19117718012.955826,-19081983825.569443,-19044887439.95209,-19006382249.01544,-18966420485.14784,-18924953206.611,-18881930284.45242,-18837300389.97947,-18791010982.843216,-18743008299.782364,-18693237344.07992,-18641641875.787006,-18588164402.7714,-18532746172.65003,-18475327165.667435,-18415846088.58488,-18354240369.64689,-18290446154.69524,-18224398304.502403,-18156030393.39992,-18085274709.27915,-18012062255.04547,-17936322751.609066,-17857984642.49897,-17776975100.189365,-17693220034.230625,-17606644101.28006,-17517170717.130226,-17424722070.836075,-17329219141.044735,-17230581714.634224,-17128728407.771193,-17023576689.499634,-16915042907.975342,-16803042319.463911,-16687489120.222122,-16568296481.384764,-16445376586.98142,-16318640675.209255,-16187999083.090042,-16053361294.640532,-15914635992.686447,-15771731114.45177,-15624553911.05436,-15473011011.039389,-15317008488.081556,-15156451932.985516,-14991246530.112028,-14821297138.355318,-14646508376.793123,-14466784715.127151,-14282030569.02596,-14092150400.476383,-13897048823.2417,-13696630713.516115,-13490801325.85464,-13279466414.445295,-13062532359.777254,-12839906300.742512,-12611496272.190664,-12377211347.936651,-12136961789.19828,-11890659198.41484,-11638216678.369614,-11379548996.507296,-11114572754.301945,-10843206561.491364,-10565371214.951077,-10280989881.93204,-9989988287.33426,-9692294904.629002,-9387841149.979778,-9076561579.040545,-8758394085.834114,-8433280103.029526,-8101164802.84557,-7761997297.708817,-7415730839.686315,-7062323017.595805,-6701735950.570367,-6333936476.716363,-5958896335.356637,-5576592341.191445,-5187006548.538174,-4790126403.627526,-4385944882.736729,-3974460613.730098,-3555677978.352215,-3129607192.3796635,-2696264360.4833326,-2255671502.382205,-1807856546.5847569,-1352853287.7118034,-890701303.0766554,-421445823.8642025,54862444.09920216,538167555.3593454,1028408621.3862104,1525520174.8146515,2029432607.9319367,2540072692.390168,3057364187.5510883,3581228545.306592,4111585719.6581774,4648355089.776707,-633.6781092465573,-483.55673788665706,-365.82891869076326,-274.2751799331348,-203.69861161039503,-149.79118286424077,-158.11590777249177,-114.55677492492728,-82.07010071311159,-58.10577465631043,-40.63103638442653,-28.04247912842488,-19.08931280246332,-12.80716783673501,-8.461637220623889,-5.500695282011003,-3.5150975231357853,-2.205855480708838,-1.3578924072651344,-0.8190172009836816,-0.4834024741493977,-0.2788145467276713,-0.156914830341479,-0.0860298191769486,-0.0458671500414284,-0.0237346651780804,-0.0118952983236488,-0.0057606660429381,-0.0026888752946801,-0.0012062949392759,-0.0005185373194572,-0.0002128466934999,-8.31131109033875e-05,-3.074393363999738e-05,-1.0722546185882997e-05,-3.5075601566369798e-06,-1.0698509343033293e-06,-3.022547464414473e-07,-7.850584961745755e-08,-1.858751547665792e-08,-3.9731157888557214e-09,-7.582787919607865e-10,-1.2758418327989774e-10,-1.864939587482781e-11,-2.3282992451808838e-12,-2.433814889736385e-13,-2.0810017852361203e-14,-1.4158082279383646e-15,-7.416554983878823e-17,-2.8755310943840497e-18,-7.866504090271467e-20,-1.4321627631030469e-21,107358650.67232688,109354040.36086456,110502427.788993,110328533.68638803,108123764.63947114,102812119.96109684,92728047.31998992,75237351.73031494,46069180.85260572,-1902190.2050343202,-80959236.10589224,-213035585.3818149,-438637843.64301664,-833645103.273926,-1528310952.8038986,-2585088144.4888124,-2288757079.1186194,0.0
45.5,-19328679114.247643,-19301919290.48996,-19274557617.046288,-19246569811.69876,-19217930755.62167,-19188614474.26509,-19158594118.08717,-19127841943.14745,-19096329291.57491,-19064026571.92466,-19030903239.43873,-18996927776.226963,-18962067671.38529,-18926289401.06937,-18889558408.54312,-18851839084.22187,-18813094745.732395,-18773287618.0114,-18732378813.46704,-18690328312.22772,-18647094942.50481,-18602636361.09637,-18556909034.060616,-18509868217.58925,-18461467939.11172,-18411660978.66317,-18360398850.550213,-18307631785.34949,-18253308712.27636,-18197377241.96137,-18139783649.67432,-18080472859.03704,-18019388426.26681,-17956472524.99482,-17891665931.70422,-17824908011.834972,-17756136706.602737,-17685288520.58156,-17612298510.100605,-17537100272.506752,-17459625936.346012,-17379806152.517815,-17297570086.457455,-17212845411.402534,-17125558302.80064,-17035633433.91611,-16942993972.69398,-16847561579.940529,-16749256408.879473,-16647997106.143593,-16543700814.261238,-16436283175.6974,-16325658338.508196,-16211738963.667389,-16094436234.1223,-15973659865.635756,-15849318119.46858,-15721317816.955982,-15589564356.028149,-15453961729.723743,-15314412546.740692,-15170818054.06602,-15023078161.722189,-14871091469.662008,-14714755296.840076,-14553965712.48155,-14388617569.563362,-14218604540.514488,-14043819155.13475,-13864152840.721285,-13679495964.382328,-13489737877.50646,-13294766962.343054,-13094470680.636057,-12888735624.23846,-12677447567.618202,-12460491522.148523,-12237751792.056467,-12009112031.881311,-11774455305.272345,-11533664144.929382,-11286620613.46252,-11033206364.917282,-10773302706.679142,-10506790661.43604,-10233551028.839252,-9953464446.46096,-9666411449.602768,-9372272529.458736,-9070928189.084764,-8762258996.56724,-8446145634.721302,-8122468946.580145,-7791109975.86274,-7451950001.524988,-7104870565.411455,-6749753491.926749,-6386480898.539418,-6014935195.814939,-5634999075.545065,-5246555485.400333,-4849487588.375601,-4443678705.126561,-4029012237.102789,-3605371568.169914,-3172639942.1763268,-2730700313.652888,-2279435168.5366898,-1818726311.4741745,-1348454615.8812294,-868499732.5094795,-378739751.7845535,120949185.36901093,630693334.1280384,1150621856.422985,1680867403.0860462,2221566775.87414,2772861678.818409,3334899569.5810413,3907834622.9139824,4491828819.935872,-1403.9988879027278,-1084.814755048448,-831.2995656035233,-631.5475094066671,-475.4709523686613,-354.58735872214555,-373.6709675605872,-274.7381758303986,-199.8373848278214,-143.7223005000442,-102.14252179051029,-71.68883850483964,-49.65549542702568,-33.918849955984435,-22.83164473652116,-15.131943611207271,-9.865641817743578,-6.321361508220084,-3.976481802173603,-2.4530277345708966,-1.4821523043744222,-0.8759868293031415,-0.5057024044885583,-0.284714120013729,-0.1560640297542078,-0.0831327691264324,-0.0429474841697639,-0.0214701617503765,-0.0103611117170089,-0.0048137728711425,-0.00214677958412,-0.0009159887659993,-0.0003725779734996,-0.0001438850874175,-5.252084126985947e-05,-1.8029316160772543e-05,-5.787706257385116e-06,-1.7264462962629825e-06,-4.751170681638164e-07,-1.19650015531936e-07,-2.731887167319989e-08,-5.5955890456386205e-09,-1.0157143796314154e-09,-1.61113562001405e-10,-2.19703800772658e-11,-2.5270363560463135e-12,-2.397352408772133e-13,-1.82684609575246e-14,-1.0834941344070868e-15,-4.815720195081192e-17,-1.5321002199808549e-18,-3.298708671343072e-20,181501096.23483717,194106631.88943306,208121757.08948907,223694727.31763765,240972079.72093683,260064669.07300335,280977908.9552347,303467188.1136308,326731002.78441405,348736309.18386763,364662299.8795649,363073413.8781046,315681121.54161566,146756759.35109034,-372306264.4557665,-2051460203.4889069,-7706993909.773495,0.0
45.25,-19187648047.196026,-19154328096.279343,-19120607752.31041,-19086470345.28657,-19051898479.488834,-19016874012.81456,-18981378035.76989,-18945390850.12425,-18908891947.23077,-18871859986.01626,-18834272770.64538,-18796107227.86352,-18757339384.024178,-18717944341.806404,-18677896256.62904,-18637168312.76823,-18595732699.18642,-18553560585.080105,-18510622095.155483,-18466886284.64077,-18422321114.04516,-18376893423.67428,-18330568907.91316,-18283312089.28782,-18235086292.317253,-18185853617.168087,-18135574913.12464,-18084209751.88736,-18031716400.713524,-17978051795.413956,-17923171513.219856,-17867029745.53488,-17809579270.58663,-17750771425.993244,-17690556081.259502,-17628881610.21841,-17565694863.4327,-17500941140.571957,-17434564162.779667,-17366506045.04515,-17296707268.594257,-17225106653.312424,-17151641330.213133,-17076246713.963629,-16998856475.479069,-16919402514.595188,-16837814932.827774,-16754022006.226309,-16667950158.32711,-16579523933.209135,-16488665968.654034,-16395296969.408962,-16299335680.548489,-16200698860.92858,-16099301256.722515,-15995055575.025286,-15887872457.50856,-15777660454.104605,-15664325996.692654,-15547773372.756435,-15427904698.9759,-15304619894.710964,-15177816655.328442,-15047390425.316856,-14913234371.127111,-14775239353.668943,-14633293900.385662,-14487284176.82077,-14337093957.581722,-14182604596.59594,-14023694996.544758,-13860241577.350708,-13692118243.581944,-13519196350.626728,-13341344669.479046,-13158429349.962885,-12970313882.211468,-12776859056.202276,-12577922919.13621,-12373360730.43377,-12163024914.106298,-11946765008.245045,-11724427611.353825,-11495856325.235456,-11260891694.123575,-11019371139.734684,-10771128891.89545,-10515995914.381784,-10253799825.58516,-9984364813.600428,-9707511545.306738,-9423057068.988674,-9130814710.018797,-8830593959.094385,-8522200352.489639,-8205435343.750589,-7880096166.220274,-7545975685.738197,-7202862242.807003,-6850539483.460825,-6488786178.001251,-6117376026.686235,-5736077451.362324,-5344653371.91732,-4942860966.295614,-4530451412.657372,-4107169612.069416,-3672753889.883976,-3226935673.683769,-2769439145.3379765,-2299980864.313423,-1818269358.906088,-1324004681.482626,-816877923.1348381,-296570682.3281803,237245518.85430336,784909878.438942,1346773027.2141762,1923197820.9128857,2514560224.483097,3121250303.3185787,-3066.8961699246524,-2398.9192465193646,-1861.676222253552,-1432.864802774898,-1093.3254750496787,-826.7169807796238,-869.7826946618142,-648.8250035813254,-479.0472581976518,-349.8928132874644,-252.6701039859197,-180.29105469712025,-127.03307575978737,-88.32475721889286,-60.55497171238596,-40.90473226404649,-27.20082471032488,-17.789956188205405,-11.431936391941534,-7.210240908570366,-4.458197327514511,-2.698984093744782,-1.5976360371510157,-0.923303847609955,-0.5201103672720769,-0.2850759764250037,-0.1517392683579821,-0.078268105111132,-0.0390308168842577,-0.0187694214608709,-0.0086792813653284,-0.0038472024901174,-0.0016290159182858,-0.0006563665111805,-0.0002505746206032,-9.019959568347646e-05,-3.045096094643329e-05,-9.582595439323569e-06,-2.791675117132112e-06,-7.470671352867159e-07,-1.8201670835650352e-07,-3.9967761527423465e-08,-7.817876172923417e-09,-1.3439970218121148e-09,-1.99916273566858e-10,-2.5264529157205552e-11,-2.6550683000900405e-12,-2.262192739585453e-13,-1.5161943107659782e-14,-7.709026784411489e-16,-2.8456610602020616e-17,-7.227197694779615e-19,234059179.99528804,254815660.5332144,278967547.67098147,307259272.4729105,340699102.65026873,380663122.2110897,429055448.6675839,488563056.5279121,563073636.84821,658383519.7845514,783440708.9733015,952607129.7729347,1189868787.043234,1536291256.1652615,2056802379.8782728,2751045989.676133,1105124044.2788901,0.0
45.0,-19129714027.13241,-19090213953.870777,-19050539784.5054,-19010683969.8592,-18970638394.69632,-18930394356.432472,-18889942543.31392,-18849273012.05736,-18808375164.943485,-18767237726.356403,-18725848718.761696,-18684195438.11541,-18642264428.696743,-18600041457.356728,-18557511487.175568,-18514658650.520767,-18471466221.49892,-18427916587.792995,-18383991221.877747,-18339670651.60492,-18294934430.150803,-18249761105.31725,-18204128188.17833,-18158012121.06344,-18111388244.86845,-18064230765.685013,-18016512720.738773,-17968205943.626133,-17919281028.838966,-17869707295.56608,-17819452750.759403,-17768484051.452522,-17716766466.317776,-17664263836.44787,-17610938535.34636,-17556751428.11057,-17501661829.789085,-17445627462.894714,-17388604414.052155,-17330547089.75793,-17271408171.228363,-17211138568.309505,-17149687372.420511,-17087001808.499542,-17023027185.919174,-16957706848.33495,-16890982122.427977,-16822792265.499372,-16753074411.87062,-16681763518.040173,-16608792306.543049,-16534091208.455372,-16457588304.48158,-16379209264.557177,-16298877285.89454,-16216513029.394203,-16132034554.338028,-16045357251.27464,-15956393773.001232,-15865053963.539211,-15771244784.99387,-15674870242.181252,-15575831304.897984,-15474025827.70122,-15369348467.058613,-15261690595.71937,-15150940214.148975,-15036981858.861446,-14919696507.47404,-14798961480.300615,-14674650338.290272,-14546632777.10981,-14414774517.158487,-14278937189.295984,-14138978216.055374,-13994750688.104662,-13846103235.713564,-13692879894.974262,-13534919968.519217,-13372057880.473211,-13204123025.372688,-13030939610.781658,-12852326493.332031,-12668097007.915337,-12478058789.754047,-12282013589.084171,-12079757078.185255,-11871078650.501896,-11655761211.610155,-11433580961.79461,-11204307170.016745,-10967701939.072594,-10723519961.758186,-10471508267.883778,-10211405962.003548,-9942943951.754965,-9665844666.731102,-9379821767.840298,-9084579847.137947,-8779814118.146002,-8465210096.703316,-8140443272.414494,-7805178770.782446,-7459071006.118515,-7101763325.319401,-6732887642.5792885,-6352064065.060316,-5958900509.47134,-5552992309.394268,-5133921813.038303,-4701257970.886761,-4254555912.411539,-3793356510.65238,-3317185932.971733,-2825555175.6773148,-2317959579.4264526,-1793878321.3568516,-1252773878.688074,-694091457.0631809,-117258375.09659958,478316605.5974255,-6602.873663734569,-5227.492720422005,-4107.543305233735,-3202.1878635222674,-2475.857232510951,-1897.782704343032,-1993.4226556713652,-1508.3575994150035,-1130.175357540177,-838.1195899922138,-614.8255398969451,-445.89687866817314,-319.5117219148239,-226.05959300199527,-157.8104663852798,-108.6163841707998,-73.64552439248567,-49.14802528105024,-32.25235200243637,-20.790544534309777,-13.150318295065748,-8.151710231298946,-4.945775903467927,-2.9327472772394803,-1.6970520435278038,-0.956665271761626,-0.5244018038429938,-0.2789493694377127,-0.1436728165109886,-0.0714735216252088,-0.03424997351446,-0.0157622472903422,-0.0069434532656439,-0.0029169403739481,-0.0011638172172359,-0.0004389811127368,-0.0001557274732961,-5.1655323119787565e-05,-1.5916198099569827e-05,-4.52167083875799e-06,-1.1743716787099835e-06,-2.761474830633388e-07,-5.813787712842032e-08,-1.0818425831358716e-08,-1.7529128075592336e-09,-2.4303267715767427e-10,-2.8246785587909623e-11,-2.6862007837929453e-12,-2.030592936171604e-13,-1.1785604311417571e-14,-5.03581703436228e-16,-1.5046992934528688e-17,252442348.24403897,275858178.12484884,303552092.9896426,336472645.3608315,375953190.4135478,423880877.8816718,482965407.1217305,557187343.0483099,652582245.377778,778685471.4715238,951366934.0273861,1198854007.400422,1575927486.7411754,2202415789.1575136,3390825798.076076,6229316959.533304,17619090427.269028,0.0
44.75,-19170209392.64887,-19124439312.660995,-19078726092.98496,-19033072467.410084,-18987480814.12175,-18941953135.157856,-18896491035.164314,-18851095699.43112,-18805767871.190643,-18760507828.15909,-18715315358.301914,-18670189734.80269,-18625129690.21584,-18580133389.78138,-18535198403.88108,-18490321679.61293,-18445499511.46219,-18400727511.044823,-18356000575.899666,-18311312857.3044,-18266657727.08974,-18222027743.42519,-18177414615.54933,-18132809167.416023,-18088201300.227448,-18043579953.823463,-17998933066.895626,-17954247535.993355,-17909509173.28771,-17864702663.057655,-17819811516.861374,-17774818027.354187,-17729703220.712566,-17684446807.622,-17639027132.784294,-17593421122.898212,-17547604233.06442,-17501550391.564022,-17455231942.956696,-17408619589.442184,-17361682330.42566,-17314387400.224438,-17266700203.850246,-17218584250.797424,-17170001086.763954,-17120910223.228245,-17071269064.799637,-17021032834.257286,-16970154495.18616,-16918584672.114342,-16866271568.050774,-16813160879.316277,-16759195707.555536,-16704316468.810917,-16648460799.532797,-16591563459.394552,-16533556230.772694,-16474367814.74572,-16413923723.457472,-16352146168.683006,-16288953946.426552,-16224262317.37299,-16157982883.005829,-16090023457.195282,-16020287933.051996,-15948676144.832403,-15875083724.672832,-15799401953.920628,-15721517608.821646,-15641312800.314646,-15558664807.674995,-15473445905.741997,-15385523185.456491,-15294758367.429024,-15201007608.252712,-15104121299.269564,-15003943857.496254,-14900313508.411768,-14793062060.309666,-14682014669.918283,-14566989598.995869,-14447797961.613403,-14324243461.846613,-14196122121.610909,-14063221998.387629,-13925322892.610744,-13782196044.50566,-13633603820.201794,-13479299386.973717,-13319026377.506144,-13152518543.124413,-12979499395.984505,-12799681840.277958,-12612767792.574415,-12418447791.501644,-12216400597.047226,-12006292779.860697,-11787778301.037766,-11560498082.98039,-11324079572.048868,-11078136293.85144,-10822267402.15686,-10556057222.560902,-10279074792.190771,-9990873396.887886,-9690990107.46886,-9378945316.821856,-9054242279.74831,-8716366657.60261,-8364786069.907793,-7998949655.2267475,-7618287643.635952,-7222210943.169405,-6810110742.56179,-6381358132.502316,-5935303747.3956375,-5471277429.286198,-4988587915.1088085,-4486522547.744837,-3964347010.4474974,-3421305082.999655,-14006.55580578774,-11221.485077967876,-8925.885529110028,-7046.751407727153,-5519.615946786476,-4287.922083904569,-4496.868625172989,-3450.661694429453,-2623.194280357885,-1974.6332024641947,-1471.1198945290091,-1084.120624568333,-789.8060000838855,-568.4647354409606,-403.9557843648355,-283.2020051562416,-195.7275556274669,-133.24023730782412,-89.25905343041731,-58.78634151647741,-38.023016240196434,-24.12473582750888,-14.99620527168326,-9.120366371756868,-5.418905869125804,-3.140339746159809,-1.7718980925078085,-0.9715283535980224,-0.5165371428878716,-0.2656797221468053,-0.1318566991393449,-0.0629636504684512,-0.0288365370605091,-0.0126220285608564,-0.0052594340317668,-0.0020771180714997,-0.000773661455649,-0.0002702674899538,-8.79957483511325e-05,-2.651310629486083e-05,-7.332757352671887e-06,-1.8443881527767177e-06,-4.17432165102727e-07,-8.396963409432953e-08,-1.4799798642703084e-08,-2.247716614976705e-09,-2.8844861321086257e-10,-3.056122955454997e-11,-2.600501886569596e-12,-1.7192042811301465e-13,-8.482771192950283e-15,-2.9740781542308443e-16,232876776.72651958,252003718.6814938,274933298.462273,302260953.0583037,334856819.8061668,373976416.0668222,421420582.6960077,479781553.6403784,552843286.7935265,646262304.760535,768768484.4138799,934350933.3438245,1166305215.8279073,1504289108.1075053,2009978124.6427221,2674341051.31301,969906547.9163616,0.0
44.5,-19325960096.75167,-19273366082.59645,-19221041524.0131,-19169000123.8416,-19117255489.16264,-19065821113.26335,-19014710356.77692,-18963936427.96799,-18913512362.13528,-18863451000.101704,-18813764965.76178,-18764466642.654434,-18715568149.5294,-18667081314.87315,-18619017650.360752,-18571388323.19706,-18524204127.31148,-18477475453.36794,-18431212257.55104,-18385424029.088024,-18340119756.46478,-18295307892.292664,-18250996316.78151,-18207192299.77253,-18163902461.283447,-18121132730.51593,-18078888303.27444,-18037173597.742744,-17995992208.563225,-17955346859.161556,-17915239352.25708,-17875670518.497192,-17836640163.151436,-17798147010.798523,-17760188647.93632,-17722761463.44317,-17685860586.814182,-17649479824.094776,-17613611591.42889,-17578246846.136703,-17543375015.2327,-17508983921.290775,-17475059705.559364,-17441586748.224907,-17408547585.71747,-17375922824.947693,-17343691054.35885,-17311828751.672844,-17280310188.20314,-17249107329.601753,-17218189732.901604,-17187524439.708702,-17157075865.392227,-17126805684.113548,-17096672709.52751,-17066632770.982708,-17036638585.038418,-17006639622.108543,-16976581968.034246,-16946408180.37831,-16916057139.225277,-16885463892.26234,-16854559493.90698,-16823270838.237251,-16791520485.47176,-16759226481.736416,-16726302171.84563,-16692656004.81612,-16658191331.822172,-16622806196.29238,-16586393115.839,-16548838855.70327,-16510024193.39232,-16469823674.176952,-16428105357.11412,-16384730551.25296,-16339553541.681557,-16292421305.069233,-16243173214.36123,-16191640732.28508,-16137647093.334806,-16081006973.907707,-16021526150.2814,-15959001144.136082,-15893218855.347631,-15823956181.804756,-15750979626.034864,-15674044888.463327,-15592896447.176165,-15507267124.110968,-15416877637.664003,-15321436141.774244,-15220637751.629389,-15114164056.233984,-15001682618.18937,-14882846461.157244,-14757293545.616957,-14624646233.68217,-14484510743.914124,-14336476597.261526,-14180116055.469233,-14014983553.532309,-13840615128.029652,-13656527843.453102,-13462219218.956024,-13257166658.278534,-13040826885.9687,-12812635393.40752,-12572005898.563578,-12318329823.847178,-12050975796.906498,-11769289179.705715,-11472591631.74436,-11160180713.81861,-10831329539.278162,-10485286480.296188,-10121274937.23187,-9738493179.716305,-9336114268.618774,-8913286068.53414,-8469131360.851133,-29265.247359235946,-23721.53584852015,-19097.060377105216,-15264.5809135637,-12110.185589330884,-9532.522789810682,-9981.439808177229,-7765.509285331411,-5987.95454487703,-4574.257999792395,-3460.0680312106406,-2590.263051433727,-1918.031344729018,-1403.9768309031233,-1015.2599892735108,-724.7820850771966,-510.4195848856477,-354.3142675415955,-242.2230738105521,-162.93023724989115,-107.72274939742172,-69.9287835059397,-44.51738008315912,-27.75652742827876,-16.92578730462335,-10.07884687269936,-5.850839191675003,-3.304970177869392,-1.8129118287904813,-0.9635500888464776,-0.4949811705586073,-0.2450949816570257,-0.116626425083095,-0.0531513860955094,-0.0231130530213092,-0.0095499697069883,-0.0037316677957528,-0.0013716937686206,-0.0004714789956425,-0.0001505106160611,-4.428029607268765e-05,-1.190004148500744e-05,-2.891773002381981e-06,-6.279969721211175e-07,-1.202286428713769e-07,-1.9971140801797013e-08,-2.8250203978474886e-09,-3.32858518231835e-10,-3.1818139451030476e-11,-2.390704168067181e-12,-1.3588343929420888e-13,-5.574888694123617e-15,183128439.0876615,191473791.97487432,202349390.57865056,215600251.28639892,231072608.1018729,248604853.77211002,267974293.1203616,288755776.9505606,310004014.33950907,329559857.0067208,342480934.6130877,337238574.9612865,285638822.5424534,112951842.21991466,-404025138.9603862,-2043832565.9772534,-7384694806.177222,0.0
44.25,-19616251469.351624,-19555874559.354103,-19495936526.385445,-19436462122.565742,-19377476307.62324,-19319004235.42565,-19261071239.62733,-19203702818.39614,-19146924618.18319,-19090762416.49694,-19035242103.64229,-18980389663.383224,-18926231152.487427,-18872792679.108315,-18820100379.95993,-18768180396.23742,-18717058848.23502,-18666761808.61169,-18617315274.252422,-18568745136.67192,-18521077150.90558,-18474336902.83034,-18428549774.85663,-18383740909.92987,-18339935173.778786,-18297157115.34455,-18255430925.323616,-18214780392.75345,-18175228859.569286,-18136799173.05621,-18099513636.119007,-18063393955.289,-18028461186.384483,-17994735677.738018,-17962237010.90074,-17930983938.730984,-17900994320.770027,-17872285055.805573,-17844872011.51828,-17818769951.104095,-17793992456.75984,-17770551849.91615,-17748459108.09673,-17727723778.278355,-17708353886.621296,-17690355844.43439,-17673734350.233883,-17658492287.749386,-17644630619.724422,-17632148277.352936,-17621042045.186924,-17611306441.343224,-17602933592.831123,-17595913105.81484,-17590231930.617416,-17585874221.265144,-17582821189.363045,-17581050952.083824,-17580538374.044216,-17581254902.833355,-17583168397.94874,-17586242952.88621,-17590438710.120262,-17595711668.701416,-17602013484.187355,-17609291260.614296,-17617487334.20507,-17626539048.49971,-17636378520.584957,-17646932398.08814,-17658121606.592045,-17669861087.11731,-17682059523.31011,-17694619057.964954,-17707434998.504395,-17720395511.03118,-17733381302.563313,-17746265291.05845,-17758912262.831924,-17771178516.973183,-17782911496.36748,-17793949404.935307,-17804120810.710705,-17813244234.392014,-17821127723.015663,-17827568408.425636,-17832352050.238827,-17835252563.04097,-17836031527.589573,-17834437685.850357,-17830206419.75342,-17823059213.625824,-17812703100.339592,-17798830091.309948,-17781116590.589863,-17759222793.434673,-17732792069.85737,-17701450333.862926,-17664805399.24135,-17622446323.016098,-17573942737.8909,-17518844175.31614,-17456679381.109802,-17386955625.920834,-17309158013.220314,-17222748787.950043,-17127166649.457111,-17021826072.899998,-16906116643.93409,-16779402412.179031,-16641021269.74239,-16490284361.936382,-16326475538.279242,-16148850852.936625,-15956638124.936651,-15749036569.799335,-15525216515.66908,-15284319218.64038,-15025456793.737946,-14747712279.968756,-14450139860.020414,-60207.18907008117,-49365.33665664082,-40214.01350041826,-32537.380269231293,-26139.52309877489,-20843.653830987267,-21791.79695660988,-17185.01075432052,-13437.88218277903,-10414.718571419671,-7996.472052891721,-6079.500507038436,-4574.304440860168,-3404.256947523704,-2504.3434535289207,-1819.927158707197,-1305.554910591966,-923.8167582438324,-644.27063999877,-442.4416273095263,-298.902937312511,-198.443614256736,-129.3254455702034,-82.62940626240416,-51.689798406252095,-31.612347420485307,-18.87089983274192,-10.976089059182982,-6.20842868524177,-3.407767864133435,-1.8108899047690343,-0.9292210141191922,-0.4590913357466151,-0.2176908846967634,-0.0987165856675809,-0.042639529304647,-0.0174646034999339,-0.0067489389059079,-0.0024466062863221,-0.0008266719326874,-0.0002584289827686,-7.411844846741378e-05,-1.9314383575922125e-05,-4.52216106226996e-06,-9.390337926548632e-07,-1.7033368820298157e-07,-2.6513477422238622e-08,-3.4675950625642713e-09,-3.7160598504123167e-10,-3.16618249864748e-11,-2.067880400903972e-12,-9.900297175401767e-14,122632514.99024633,115202392.30512084,109377062.99988827,104269669.00076976,98707112.3707536,91151822.19213937,79541656.42386527,60969629.574863076,31067083.80793707,-17156936.35419525,-95498986.3090497,-224736938.00326288,-442680120.00647,-818541050.3502867,-1465040950.3453567,-2401862174.801898,-1974403267.738415,0.0
44.0,-20063633801.104824,-19994227967.13431,-19925362063.668755,-19857071247.760048,-19789391219.81772,-19722358216.8985,-19656009005.14003,-19590380871.297096,-19525511613.33786,-19461439530.055813,-19398203409.65153,-19335842517.236595,-19274396581.210648,-19213905778.46026,-19154410718.32734,-19095952425.291504,-19038572320.310715,-18982312200.761032,-18927214218.914963,-18873320858.895584,-18820674912.041763,-18769319450.61681,-18719297799.79168,-18670653507.83013,-18623430314.402245,-18577672116.948746,-18533422935.01714,-18490726872.487083,-18449628077.60021,-18410170700.70643,-18372398849.63584,-18336356542.602303,-18302087658.54158,-18269635884.7836,-18239044661.954933,-18210357126.00435,-18183616047.240173,-18158863766.265,-18136142126.688766,-18115492404.49775,-18096955233.95236,-18080570529.88256,-18066377406.245087,-18054414090.80209,-18044717835.775574,-18037324824.32774,-18032270072.710995,-18029587327.927155,-18029308960.7286,-18031465853.78905,-18036087284.86522,-18043200804.763977,-18052832109.92376,-18065004909.41125,-18079740786.127903,-18097059052.013115,-18116976597.023163,-18139507731.65734,-18164664022.79396,-18192454122.59073,-18222883590.19493,-18255954705.999584,-18291666278.172417,-18330013441.17457,-18370987445.97576,-18414575441.66267,-18460760248.12616,-18509520119.50224,-18560828498.03103,-18614653757.986088,-18670958939.315445,-18729701470.6245,-18790832881.118904,-18854298501.11503,-18920037150.71393,-18987980816.2242,-19058054313.90892,-19130174940.62206,-19204252110.89119,-19280186979.99501,-19357872052.57892,-19437190776.34591,-19518017120.358128,-19600215137.484013,-19683638510.5282,-19768130081.587605,-19853521364.18741,-19939632037.76477,-20026269424.08918,-20113227945.23485,-20200288562.75479,-20287218197.74965,-20373769131.57703,-20459678387.0126,-20544667089.75114,-20628439810.230648,-20710683885.872498,-20791068723.962616,-20869245085.553017,-20944844350.94357,-21017477767.51529,-21086735680.93204,-21152186751.0121,-21213377153.90185,-21269829772.56403,-21321043378.033493,-21366491804.40005,-21405623121.059425,-21437858806.443893,-21462592928.21188,-21479191335.756992,-21486990871.90705,-21485298611.84096,-21473391138.575768,-21450513865.893112,-21415880421.309258,-21368672103.67801,-21308037432.28692,-21233091806.90338,-21142917301.19642,-21036562615.355217,-121917.780883768,-101095.97736283524,-83315.92180801228,-68221.98352934097,-55486.83960837365,-44810.89506626822,-46778.75984217884,-37383.41995914833,-29636.202167216292,-23297.007608076303,-18151.82859884241,-14011.301196986004,-10709.15104313444,-8100.556966807651,-6060.457806751382,-4481.828307156397,-3273.9497663426864,-2360.70031648446,-1678.8883041658098,-1176.65024820414,-811.9323244674018,-551.0713435686542,-367.4878460913399,-240.50036149766345,-154.2661967149982,-96.85048318862285,-59.42176264961062,-35.56926999026768,-20.73439765763458,-11.746695591310065,-6.453236896857876,-3.429287262076046,-1.757940749979027,-0.8666726730390739,-0.4095249564397189,-0.1847689155852586,-0.079258875663336,-0.0321700123280294,-0.0122880112586075,-0.0043900072941797,-0.0014566561578052,-0.0004453218731069,-0.0001242836146963,-3.132959224787428e-05,-7.045808788051228e-06,-1.3934037460633694e-06,-2.3824961327991546e-07,-3.45215377995729e-08,-4.138828731272494e-09,-3.989660701697855e-10,-2.9865670747974577e-11,-1.6638867398281853e-12,81346958.59986061,53963730.86581778,28678753.46286186,4376523.746190488,-20545075.383917954,-48232507.35964981,-81451488.49366121,-123716642.15194957,-179529593.76876524,-254764233.36790004,-357113850.9281707,-496043023.19337887,-680023053.5085735,-902844509.6944809,-1090436557.726539,-945582393.8109571,-140880833.78160042,0.0
43.75,-20694418593.73624,-20614630239.889004,-20535390689.03272,-20456744040.42345,-20378735287.93173,-20301410322.2116,-20224815932.141563,-20148999805.49459,-20074010528.79212,-19999897586.295326,-19926711358.085648,-19854503117.183773,-19783325025.655083,-19713230129.64708,-19644272353.302948,-19576506491.492058,-19509988201.297543,-19444773992.197807,-19380921214.876755,-19318488048.59555,-19257533487.0558,-19198117322.681965,-19140300129.24796,-19084143242.770508,-19029708740.58913,-18977059418.549664,-18926258766.20572,-18877370939.94924,-18830460733.97884,-18785593549.011017,-18742835358.63663,-18702252673.221565,-18663912501.247536,-18627882307.98544,-18594229971.38998,-18563023735.10152,-18534332158.436462,-18508224063.244835,-18484768477.50909,-18464034575.55458,-18446091614.73848,-18431008868.47902,-18418855555.48358,-18409700765.02916,-18403613378.14447,-18400661984.53881,-18400914795.117096,-18404439549.916576,-18411303421.29528,-18421572912.196743,-18435313749.311184,-18452590770.946243,-18473467809.4164,-18498007567.75269,-18526271490.529163,-18558319628.595734,-18594210497.5003,-18634000929.376564,-18677745918.065937,-18725498457.235447,-18777309371.24463,-18833227138.506977,-18893297707.082603,-18957564302.22969,-19026067225.633133,-19098843646.01893,-19175927380.85232,-19257348668.80704,-19343133932.68199,-19433305532.42911,-19527881507.944443,-19626875311.261265,-19730295527.770256,-19838145586.077885,-19950423456.09931,-20067121334.9665,-20188225320.31685,-20313715070.510326,-20443563451.30712,-20577736168.5194,-20716191386.133625,-20858879329.38151,-21005741872.219696,-21156712108.65987,-21311713907.37355,-21470661448.978096,-21633458745.39463,-21799999140.652687,-21970164792.50396,-22143826134.1958,-22320841315.747425,-22501055624.068066,-22684300881.256413,-22870394820.4281,-23059140438.43196,-23250325324.8388,-23443720966.62095,-23639082027.9876,-23836145604.90415,-24034630453.90537,-24234236194.916,-24434642487.92326,-24635508183.50677,-24836470447.430813,-25037143859.745422,-25237119489.13611,-25435963943.61569,-25633218399.07508,-25828397607.715767,-26020988888.99006,-26210451106.38929,-26396213634.268143,-26577675319.893383,-26754203447.084908,-26925132709.206688,-27089764200.89721,-27247364439.84579,-27397164432.168777,-27538358797.57109,-27670104973.5606,-27791522521.58362,-242912.27634674383,-203665.5964673049,-169768.1270390544,-140652.13291139656,-115787.6304326427,-94682.49498399175,-98694.49550422402,-79907.66467607637,-64207.01665597871,-51180.58405959605,-40455.274157099935,-31695.528820006493,-24601.736392683983,-18908.423837877675,-14382.261179756371,-10819.91332448798,-8045.776650462898,-5909.639216035063,-4284.303941924917,-3063.213626986108,-2158.1151239891087,-1496.797451588909,-1020.935109795183,-684.0635058868755,-449.7083383452541,-289.68522203193817,-182.57999623798693,-112.414288609245,-67.49527071378235,-39.44338509914533,-22.38737281820798,-12.312364829811866,-6.544242218772434,-3.351971478935401,-1.6491608370324875,-0.7765687645322171,-0.3485715567228335,-0.1484630563561997,-0.0596926754861638,-0.0225248039594131,-0.0079240415595954,-0.0025791148412014,-0.0007698958485665,-0.0002086609720407,-5.074605486898562e-05,-1.0923567394622758e-05,-2.0480296004091533e-06,-3.2813118450526375e-07,-4.3918203601666506e-08,-4.7785118553264484e-09,-4.08933922323496e-10,-2.6435393776542794e-11,99889045.5777008,46993834.81260616,-1730202.5235104263,-46734379.00741668,-89051532.81753476,-130335950.32023346,-172810195.44827428,-219075305.88207388,-271731623.04677904,-332708445.0908961,-402017970.227154,-475154892.72641987,-537388271.1037773,-552498824.7396456,-451244480.1110469,-186700831.34384188,-3240197.7708145124,0.0
43.5,-21538702731.028336,-21447309981.240284,-21356362362.01698,-21265910580.50396,-21176006582.658493,-21086703566.09812,-20998055992.455208,-20910119599.19665,-20822951410.865715,-20736609749.701607,-20651154245.590057,-20566645845.29609,-20483146820.92887,-20400720777.5852,-20319432660.11728,-20239348758.96709,-20160536715.00829,-20083065523.333603,-20007005535.923447,-19932428463.129265,-19859407373.902084,-19788016694.69457,-19718332206.962227,-19650431043.186104,-19584391681.337616,-19520293937.70204,-19458218957.97558,-19398249206.5466,-19340468453.870293,-19284961761.841167,-19231815467.06601,-19181117161.93608,-19132955673.39446,-19087421039.290863,-19044604482.21297,-19004598380.680264,-18967496237.582405,-18933392645.7412,-18902383250.47115,-18874564709.010456,-18850034646.690582,-18828891609.708336,-18811235014.36162,-18797165092.60518,-18786782833.779457,-18780189922.361786,-18777488671.58458,-18778781952.76194,-18784173120.1613,-18793765931.25296,-18807664462.16605,-18825973018.17462,-18848796039.033974,-18876237998.98183,-18908403301.21462,-18945396166.64456,-18987320516.73745,-19034279850.22646,-19086377113.49135,-19143714564.387016,-19206393629.29914,-19274514753.198307,-19348177242.45745,-19427479100.190083,-19512516853.859333,-19603385374.89978,-19700177690.08495,-19802984784.364544,-19911895394.88484,-20026995795.895,-20148369574.23028,-20276097395.04993,-20410256757.49408,-20550921739.908047,-20698162734.26684,-20852046169.413548,-21012634222.70665,-21179984519.64909,-21354149821.04916,-21535177697.237648,-21723110188.83824,-21917983453.55803,-22119827398.433056,-22328665296.927937,-22544513390.251564,-22767380472.20942,-22997267456.869785,-23234166928.27334,-23478062671.366894,-23728929183.28741,-23986731164.06718,-24251422985.771374,-24522948139.017605,-24801238655.76227,-25086214507.17329,-25377782975.340115,-25675837997.50537,-25980259481.433994,-26290912590.47156,-26607646996.78087,-26930296101.19068,-27258676218.04238,-27592585723.38444,-27931804164.842827,-28276091331.49473,-28625186282.095978,-28978806330.0682,-29336645983.746475,-29698375840.531647,-30063641433.79514,-30432062031.6602,-30803229387.148743,-31176706439.654976,-31552025968.30704,-31928689198.534424,-32306164364.098145,-32683885228.002083,-33061249567.12852,-33437617627.17757,-33812310556.60041,-34184608830.7652,-476025.44274846365,-403465.521250687,-340089.4162883633,-285021.756309778,-237433.43404343017,-196543.1413476189,-204574.6251008884,-167765.29194535353,-136594.3431620093,-110378.06830670548,-88487.21262917509,-70346.4262928639,-55433.260545975325,-43276.73263738992,-33455.48895976009,-25595.603256027956,-19368.053504184587,-14485.927051413682,-10701.408459957058,-7802.60812639306,-5610.291846012765,-3974.571960625314,-2771.619454656108,-1900.4533241367544,-1279.858789798889,-845.4795995942042,-547.121996592063,-346.29922799304563,-214.0361242742061,-128.94372096886408,-75.56459214807855,-42.98097152399416,-23.67027079580049,-12.58660638424547,-6.442649553939331,-3.163626477764906,-1.4845797149498527,-0.6628910137427347,-0.2802718641193379,-0.111585823090097,-0.0415709177136022,-0.0143875132295442,-0.0045876895877702,-0.0013349129073974,-0.0003505343954658,-8.199452576138307e-05,-1.682619729544416e-05,-2.975033295255256e-06,-4.435657236016268e-07,-5.4345157832830814e-08,-5.302755908683545e-09,-3.965924012710821e-10,232947917.98910573,145582995.9923577,64557365.81676769,-8851362.417961076,-73874116.55049786,-130409948.46492055,-179066902.72890037,-220964922.3547885,-257164033.10770953,-287610755.5839832,-309602476.9946433,-316000637.7869151,-294079876.64955336,-228417908.58283418,-118580285.14137805,-20198062.129859366,-25286.72929122509,0.0
43.25,-22629754526.3089,-22525959203.118504,-22422378160.69017,-22319065511.871586,-22216076917.87606,-22113469613.01671,-22011302429.28295,-21909635820.724632,-21808531887.607872,-21708054400.304565,-21608268822.87593,-21509242336.30764,-21411043861.353333,-21313744080.939774,-21217415462.08644,-21122132277.287804,-21027970625.30697,-20935008451.32489,-20843325566.3878,-20753003666.09302,-20664126348.450905,-20576779130.857525,-20491049466.11079,-20407026757.399254,-20324802372.191032,-20244469654.946102,-20166123938.57432,-20089862554.55601,-20015784841.64204,-19943992153.04449,-19874587862.02791,-19807677365.807228,-19743368087.65541,-19681769477.12105,-19622993008.252502,-19567152175.722378,-19514362488.74288,-19464741462.659187,-19418408608.10485,-19375485417.60012,-19336095349.47069,-19300363808.96132,-19268418126.41528,-19240387532.387794,-19216403129.55789,-19196597861.300743,-19181106476.77825,-19170065492.40387,-19163613149.53327,-19161889368.230324,-19165035696.954426,-19173195258.01181,-19186512688.611443,-19205134077.361725,-19229206896.04251,-19258879926.482864,-19294303182.372486,-19335627825.831303,-19383006078.558582,-19436591127.379467,-19496537024.00349,-19562998578.80574,-19636131248.43741,-19716091017.06845,-19803034271.06,-19897117666.85969,-19998497991.907,-20107332018.329365,-20223776349.20395,-20347987257.15021,-20480120515.01168,-20620331218.373577,-20768773599.652782,-20925600833.483124,-21090964833.10441,-21265016037.44726,-21447903188.586506,-21639773099.21467,-21840770409.76275,-22051037334.767666,-22270713398.055107,-22499935156.270493,-22738835910.25225,-22987545403.69574,-23246189508.507378,-23514889896.191296,-23793763694.54948,-24082923128.90521,-24382475146.98301,-24692521026.49157,-25013155964.360386,-25344468646.47633,-25686540796.648808,-26039446703.40573,-26403252723.081738,-26778016757.50751,-27163787704.442165,-27560604878.70988,-27968497401.80541,-28387483557.522,-28817570110.92752,-29258751587.771027,-29711009511.142742,-30174311591.934208,-30648610869.35583,-31133844797.463345,-31629934273.327988,-32136782602.157043,-32654274394.33703,-33182274389.03173,-33720626198.63157,-34269150968.01964,-34827645942.30737,-35395882936.402885,-35973606699.52597,-36560533167.58431,-37156347596.2001,-37760702567.1415,-38373215861.00114,-38993468189.20437,-39621000778.86243,-917141.8333581248,-785644.0487547712,-669518.9220790252,-567468.3103613424,-478243.9509254455,-400651.4327549349,-416431.8214419735,-345809.3956469773,-285225.1971143526,-233585.2106689884,-189865.835103692,-153115.31806185303,-122454.49330878424,-97076.81545512174,-76247.69929032928,-59303.18352447982,-45647.9516012664,-34752.75496386096,-26151.29631534369,-19436.641575874943,-14257.23894618921,-10312.631297235364,-7348.953608417133,-5154.310022743758,-3554.125017124168,-2406.56005888604,-1598.0809369644144,-1039.2518810878091,-660.8209484312484,-410.1474663675007,-248.00722463462503,-145.79538064564102,-83.13151714352585,-45.856818758184914,-24.40069733829129,-12.484044830521508,-6.1190775156276,-2.8616601121657013,-1.2709965898182354,-0.5333200339032204,-0.2101623564700616,-0.0772464302993117,-0.0262753455770725,-0.0081964658356345,-0.002320278404069,-0.0005887739765084,-0.0001320009741593,-2.570411103702959e-05,-4.259703874038443e-06,-5.862497802489538e-07,-6.504865447137707e-08,-5.6117212213490706e-09,554730145.8576921,421747397.8268302,293974780.043897,175195475.4323364,69171210.44690266,-20748973.001771063,-92074524.95988098,-143547457.88423002,-175234897.11230135,-188113645.30635983,-183132867.3882557,-160389528.92318687,-120110551.20265773,-67627846.94683295,-20685224.611332566,-1235572.0080113234,-67.9676501985184,0.0
43.0,-24002606170.1609,-23886365137.75604,-23769973815.32345,-23653485727.360016,-23536956190.44894,-23420442350.217937,-23304003218.562515,-23187699711.11132,-23071594684.90845,-22955752976.286945,-22840241438.90489,-22725128981.91416,-22610486608.230408,-22496387452.86996,-22382906821.318733,-22270122227.89419,-22158113434.06157,-22046962486.66168,-21936753756.00584,-21827573973.79148,-21719512270.789368,-21612660214.25077,-21507111844.98077,-21402963714.02079,-21300314918.88173,-21199267139.265343,-21099924672.209625,-21002394466.590733,-20906786156.911507,-20813212096.303497,-20721787388.66664,-20632629919.867924,-20545860387.91764,-20461602332.03801,-20379982160.53726,-20301129177.398163,-20225175607.487885,-20152256620.29258,-20082510352.077248,-20016077926.368843,-19953103472.657345,-19893734143.2068,-19838120127.86583,-19786414666.763954,-19738774060.77768,-19695357679.64804,-19656327967.62819,-19621850446.537834,-19592093716.098923,-19567229451.42465,-19547432397.532284,-19532880360.74805,-19523754196.87092,-19520237795.960403,-19522518063.61188,-19530784898.58239,-19545231166.62765,-19566052670.411045,-19593448115.343616,-19627619071.21405,-19668769929.46627,-19717107855.982063,-19772842739.22541,-19836187133.604103,-19907356197.904053,-19986567628.650658,-20074041588.249622,-20170000627.759285,-20274669604.143787,-20388275591.853897,-20511047788.57937,-20643217415.012302,-20785017608.455544,-20936683310.104168,-21098451145.818874,-21270559300.20131,-21453247383.767937,-21646756293.004807,-21851328063.06776,-22067205712.87079,-22294633082.280827,-22533854661.10617,-22785115409.531937,-23048660569.613663,-23324735467.39348,-23613585305.146904,-23915454943.20507,-24230588670.72273,-24559229964.678795,-24901621236.29857,-25258003563.97704,-25628616411.65776,-26013697331.478542,-26413481649.336166,-26828202131.83958,-27258088632.918247,-27703367718.12267,-28164262264.397774,-28640991032.823143,-29133768211.49393,-29642802925.35976,-30168298709.44346,-30710452941.421463,-31269456229.061687,-31845491747.476715,-32438734520.55677,-33049350640.293213,-33677496416.98406,-34323317452.524208,-34986947628.1163,-35668507996.79166,-36368105570.09462,-37085831987.15396,-37821762053.13296,-38575952132.71188,-39348438382.79975,-40139234807.09723,-40948331113.423454,-41775690352.87572,-42621246317.90292,-43484900674.2328,-1736552.3607270145,-1503119.7971849549,-1294736.4342806914,-1109561.3827101772,-945795.7444427012,-801690.1638815427,-832108.6418498378,-699521.5758911682,-584325.1739939397,-484838.75140831526,-399462.7351089371,-326683.8667450745,-265079.50107549946,-213320.93821793929,-170175.74253156543,-134509.01759428106,-105283.6252765455,-81559.35698359956,-62491.086259883,-47325.95353546985,-35399.65515613767,-26131.92920497719,-19021.349165965865,-13639.552349259102,-9625.04236840508,-6676.713081975653,-4547.244671671947,-3036.520506113927,-1985.205966266816,-1268.6176160731811,-790.9934520367023,-480.2532579930251,-283.313441868969,-161.99451555444816,-89.53314182433249,-47.68600542338262,-24.39116444432813,-11.935251906349183,-5.562791258667171,-2.457343014337899,-1.023060380734382,-0.3988384713306075,-0.1445215129071947,-0.0482600456650153,-0.0147042613754918,-0.004040679051249,-0.000987854931216,-0.0002114203070705,-3.8855959808819066e-05,-5.99220970376838e-06,-7.539975281014792e-07,-7.480369900715128e-08,1159496401.49684,975371545.4136226,787549645.2503878,601896294.9962096,425436818.8829917,265952581.6693614,131201051.09928918,27714646.876934066,-40710152.99064092,-74441881.14346045,-78666763.9911754,-62610866.94833445,-37534331.333400466,-14683854.616895253,-2440176.11425587,-43261.74344046234,-0.06295041442514948,0.0
42.75,-25691724973.86499,-25564100730.22294,-25435831693.38562,-25306966174.280884,-25177554421.20597,-25047648668.235344,-24917303184.375526,-24786574323.459984,-24655520574.77423,-24524202614.4021,-24392683357.280785,-24261028009.95196,-24129304123.99462,-23997581650.122936,-23865932992.93237,-23734433066.273067,-23603159349.2308,-23472191942.6913,-23341613626.4632,-23211509916.93261,-23081969125.22022,-22953082415.80951,-22824943865.61289,-22697650523.439644,-22571302469.82861,-22446002877.20386,-22321858070.312023,-22198977586.894657,-22077474238.54895,-21957464171.72569,-21839066928.81148,-21722405509.23989,-21607606430.57293,-21494799789.49176,-21384119322.63272,-21275702467.202644,-21169690421.303383,-21066228203.894352,-20965464714.31771,-20867552791.30932,-20772649271.41532,-20680915046.73165,-20592515121.88166,-20507618670.144463,-20426399088.643787,-20349034052.506344,-20275705567.894714,-20206600023.81969,-20141908242.63428,-20081825529.110085,-20026551717.99616,-19976291219.958363,-19931253065.7974,-19891650948.842422,-19857703265.417057,-19829633153.27508,-19807668527.90264,-19792042116.58533,-19782991490.138847,-19780759092.203773,-19785592266.006542,-19797743278.49095,-19817469341.726788,-19845032631.50508,-19880700303.032547,-19924744503.641773,-19977442382.43576,-20039076096.791443,-20109932815.64924,-20190304719.519817,-20280488997.1444,-20380787838.74706,-20491508425.821983,-20612962917.4014,-20745468432.751373,-20889347030.444862,-21044925683.760174,-21212536252.35185,-21392515450.137222,-21585204809.33481,-21790950640.582684,-22010103989.0504,-22243020586.442554,-22490060798.76804,-22751589569.72253,-23027976359.49486,-23319595078.76633,-23626824017.61797,-23950045768.998657,-24289647146.33043,-24646019094.73804,-25019556595.284035,-25410658561.465168,-25819727727.0825,-26247170524.427032,-26693396951.527744,-27158820426.982925,-27643857630.635166,-28148928328.052032,-28674455176.43243,-29220863509.16825,-29788581095.845936,-30378037873.966644,-30989665648.08882,-31623897751.44665,-32281168664.359863,-32961913582.919075,-33666567930.4897,-34395566803.51875,-35149344341.93431,-35928333013.08445,-36732962796.650696,-37563660256.27259,-38420847481.71016,-39304940883.22754,-40216349817.47086,-41155475021.4093,-42122706827.8689,-43118423132.77497,-44142987080.3841,-45196744428.47295,-3229943.481161075,-2824350.9714224203,-2458418.623641562,-2129671.122869989,-1835646.235647255,-1573906.8637111653,-1631405.551771728,-1388017.255548637,-1173898.39586528,-986584.3636508768,-823686.7727460196,-682904.6516005856,-562034.7143050579,-458980.55914389685,-371760.65364799474,-298514.9801431786,-237510.23512255712,-187143.4993428568,-145944.3231126282,-112575.202358642,-85830.4550625608,-64633.543664315,-48032.92591917852,-35196.55315572453,-25405.16942760943,-18044.59608940441,-12597.212230268027,-8632.860612352779,-5799.419911330667,-3813.2860839924806,-2449.997971703845,-1535.224722626481,-936.3058562095264,-554.5000607528124,-318.0580335765094,-176.19033913178205,-93.95626698083426,-48.05706444594788,-23.479594480763343,-10.906854448369163,-4.7915465504119945,-1.9786921660046977,-0.7627313360463135,-0.2722384521778138,-0.0891333280981548,-0.0264781735926571,-0.0070453817766577,-0.0016537799351503,-0.0003363006572342,-5.796801678976277e-05,-8.248757935401522e-06,-9.381934264440892e-07,2144265673.6031988,1924861779.48566,1682185438.4195735,1421400655.5903437,1150435229.2396533,880237825.0906832,624544202.5287781,398762186.6147661,217560838.22929856,91025870.53342292,20148609.06114912,-5913869.655001454,-7016904.820699906,-2255932.805114187,-195629.4609550755,-870.0477107620875,-1.9956202118324844e-05,0.0
42.5,-27727683863.73336,-27591187395.040874,-27453437713.529976,-27314472912.698,-27174333039.180176,-27033060150.53859,-26890698374.300423,-26747293968.255814,-26602895382.02641,-26457553319.915173,-26311320805.045746,-26164253244.80001,-26016408497.56095,-25867846940.766647,-25718631540.281475,-25568827921.086857,-25418504439.29557,-25267732255.49033,-25116585409.38655,-24965140895.81797,-24813478742.042,-24661682086.360405,-24509837258.048428,-24358033858.585026,-24206364844.17378,-24054926609.54296,-23903819073.01107,-23753145762.801723,-23603013904.590725,-23453534510.264404,-23304822467.867657,-23156996632.716866,-23010179919.650967,-22864499396.39129,-22720086377.97844,-22577076522.25249,-22435609926.33944,-22295831224.105217,-22157889684.53539,-22021939310.99673,-21888138941.33401,-21756652348.75311,-21627648343.43912,-21501300874.85579,-21377789134.670383,-21257297660.2462,-21140016438.642365,-21026141011.05959,-20915872577.668045,-20809418102.752647,-20706990420.10958,-20608808338.62688,-20515096747.98165,-20426086724.385616,-20342015636.31092,-20263127250.1292,-20189671835.596684,-20121906271.12077,-20060094148.744007,-20004505878.785625,-19955418794.082043,-19913117253.773235,-19877892746.584846,-19850043993.562084,-19829877050.21692,-19817705408.057243,-19813850095.473267,-19818639777.966164,-19832410857.71231,-19855507572.466503,-19888282093.81929,-19931094624.834435,-19984313497.105644,-20048315267.28476,-20123484813.14741,-20210215429.276794,-20308908922.460907,-20419975706.91304,-20543834899.44125,-20680914414.70594,-20831651060.719284,-20996490634.75251,-21175888019.82881,-21370307281.987507,-21580221768.51264,-21806114207.32024,-22048476807.69736,-22307811362.5774,-22584629352.522003,-22879452051.5562,-23192810634.97055,-23525246289.158924,-23877310323.50092,-24249564284.222218,-24642580070.07096,-25056940049.5297,-25493237179.138165,-25952075122.326942,-26434068367.9517,-26939842347.46581,-27470033549.371925,-28025289629.24011,-28606269513.1671,-29213643492.06636,-29848093303.6142,-30510312198.019344,-31201004983.02225,-31920888042.64661,-32670689323.20974,-33451148278.92181,-34263015768.05561,-35107053889.11486,-35984035744.64811,-36894745118.31229,-37839976048.449234,-38820532278.758606,-39837226563.58178,-40890879801.80252,-41982319969.35156,-43112380815.70912,-44281900284.53655,-5898729.196380733,-5209549.471375167,-4581246.238374446,-4010705.730346204,-3494765.652381239,-3030231.7947580926,-3136762.0729219043,-2700274.7531564077,-2311550.682229568,-1967168.9050446297,-1663748.2143319172,-1397966.4259586327,-1166579.1405143023,-966437.7292935796,-794506.2789046963,-647877.2306612632,-523785.45942472544,-419620.5523000698,-332937.0710234814,-261462.61326757053,-203103.52738319532,-155948.1819041443,-118267.74466117714,-88514.48533762476,-65317.67803190868,-47477.24469106728,-33955.343538623085,-23866.165897042152,-16464.256951255567,-11131.71784460147,-7364.675078673202,-4759.416013238066,-2998.584597008644,-1837.8085990323136,-1093.0891049160757,-629.2268403365422,-349.4913437959163,-186.6627460339116,-95.49746152239588,-46.59440488186131,-21.57312139681157,-9.424233661573991,-3.859031151472419,-1.4699821225498986,-0.5163184575389508,-0.1655091201273789,-0.0478374193512874,-0.0122895203301459,-0.0027587352050984,-0.0005301351265871,-8.506889222368619e-05,-1.1057449608002133e-05,3559488232.313537,3361424712.768224,3113090828.8851905,2813577820.9322658,2465369194.959288,2075868250.7247303,1659011724.6208375,1236468013.1031828,837420992.5152179,495356377.2851084,240153013.59050852,85611998.88904785,18350798.536058906,1549433.3006198057,16456.285413001075,-6.142868835987547,-2.139219434687249e-09,0.0
42.25,-30132821646.42111,-29991714242.94193,-29848660812.391163,-29703684192.126453,-29556809032.910408,-29408061862.63966,-29257471151.79241,-29105067380.6272,-28950883108.165268,-28794953042.98933,-28637314115.89202,-28478005554.404564,-28317068959.240147,-28154548382.681465,-27990490408.94604,-27824944236.55852,-27657961762.762047,-27489597669.997875,-27319909514.482983,-27148957816.91468,-26976806155.329742,-26803521260.145954,-26629173111.41178,-26453835038.289654,-26277583820.79763,-26100499793.83152,-25922666953.490486,-25744173065.72562,-25565109777.33136,-25385572729.29724,-25205661672.535408,-25025480585.99919,-24845137797.20465,-24664746105.16606,-24484422905.754345,-24304290319.4848,-24124475321.73962,-23945109875.427223,-23766331066.07896,-23588281239.38153,-23411108141.14127,-23234965059.67303,-23060010970.606148,-22886410684.09534,-22714334994.42397,-22543960831.983646,-22375471417.61253,-22209056419.2722,-22044912111.04138,-21883241534.40241,-21724254661.79508,-21568168562.410755,-21415207570.198536,-21265603454.0541,-21119595590.1616,-20977431136.458515,-20839365209.193542,-20705661061.54891,-20576590264.298843,-20452432888.47914,-20333477690.0444,-20220022296.493862,-20112373395.450764,-20010846925.185265,-19915768267.07854,-19827472440.032143,-19746304296.836285,-19672618722.520832,-19606780834.725304,-19549166186.136284,-19500160969.057373,-19460162222.19297,-19429578039.746223,-19408827782.95303,-19398342294.196808,-19398564113.87446,-19409947700.211853,-19432959652.25711,-19468078936.313454,-19515797116.107697,-19576618587.028942,-19651060814.811623,-19739654579.080025,-19842944222.215286,-19961487904.053604,-20095857862.97113,-20246640683.96245,-20414437574.36756,-20599864647.95493,-20803553218.11639,-21026150100.97843,-21268317929.27981,-21530735477.906803,-21814098002.012207,-22119117588.67308,-22446523523.05833,-22797062670.08345,-23171499872.51741,-23570618366.476173,-23995220215.18268,-24446126761.787727,-24924179101.92893,-25430238576.5428,-25965187285.235462,-26529928620.24969,-27125387820.72769,-27752512546.553425,-28412273470.544823,-29105664887.147697,-29833705335.03211,-30597438230.09775,-31397932504.324966,-32236283244.642185,-33113612324.48274,-34031069018.94124,-34989830592.36957,-35991102844.8258,-37036120600.95483,-38126148121.56688,-39262479414.32303,-40446438415.44041,-10572272.652529491,-9428145.249712618,-8374351.065417343,-7407312.677465853,-6523298.532937359,-5718442.380847811,-5911802.563097105,-5147771.881655465,-4459129.704092001,-3841440.8987781634,-3290220.9973093527,-2800964.345924716,-2369172.841685892,-1990384.9036665768,-1660204.2967893505,-1374328.398518768,-1128575.4780137043,-918910.5452562555,-741469.3257964452,-592579.9266839862,-468781.78230458655,-366841.5062949758,-283765.3281269476,-216807.8603896004,-163477.0245988866,-121535.05800961112,-88995.62893059602,-64117.19997958135,-45392.89310178377,-31537.22166993742,-21470.1575607973,-14299.0883872316,-9299.28577340477,-5893.544055089145,-3631.655699166336,-2170.362605983264,-1254.3613087422125,-698.8478312011031,-373.9705526953888,-191.4255954882999,-93.28985675982491,-43.05374476787669,-18.700419107397167,-7.590346882588058,-2.8552772686922085,-0.9858566201337006,-0.3089046044651638,-0.0866647163888408,-0.021424427672825,-0.0045778847862413,-0.0008259932678931,-0.0001223051121081,5323999932.725496,5254662704.48877,5114073941.196526,4889810044.081293,4570464835.515392,4147872333.1288195,3620567859.9535556,2998686883.8863206,2309961658.7774854,1605065196.4820347,957740404.1093317,451396398.6897164,144124001.06104597,22789809.685861215,846922.7373852035,755.9249745680675,1.420741071807366e-07,0.0
42.0,-32915975804.720665,-32776491570.828667,-32634327507.55272,-32489486547.154507,-32341973123.112663,-32191793235.03365,-32038954515.660515,-31883466300.033955,-31725339696.86016,-31564587662.14252,-31401225075.133087,-31235268816.66164,-31066737849.900448,-30895653303.623264,-30722038558.01936,-30545919333.12023,-30367323779.90209,-30186282574.12373,-30002829012.96157,-29816999114.503784,-29628831720.16599,-29438368600.090134,-29245654561.589928,-29050737560.704803,-28853668816.92523,-28654502931.152016,-28453298006.951782,-28250115775.170227,-28045021721.965668,-27838085220.323097,-27629379665.109825,-27418982611.73204,-27206975918.451912,-26993445892.42248,-26778483439.497414,-26562184217.87176,-26344648795.60745,-26125982812.096733,-25906297143.51464,-25685708072.310204,-25464337460.78417,-25242312928.79822,-25019768035.660915,-24796842466.229843,-24573682221.270805,-24350439812.109985,-24127274459.613693,-23904352297.52764,-23681846580.204914,-23459937894.749603,-23238814377.60058,-23018671935.576668,-22799714471.40332,-22582154113.73761,-22366211451.706703,-22152115773.973293,-21940105312.339584,-21730427489.9004,-21523339173.755005,-21319106932.28785,-21118007297.027245,-20920327029.093933,-20726363390.25205,-20536424418.57828,-20350829208.76942,-20169908197.11388,-19994003451.15777,-19823468964.107204,-19658670954.01609,-19499988167.822285,-19347812190.30848,-19202547758.08218,-19064613078.686874,-18934440154.981525,-18812475114.94955,-18699178547.129124,-18595025841.89072,-18500507538.824394,-18416129680.54428,-18342414173.263863,-18279899154.550457,-18229139368.72587,-18190706550.44721,-18165189817.073204,-18153196070.502552,-18155350409.257687,-18172296551.68328,-18204697271.23268,-18253234844.92854,-18318611516.205563,-18401549973.474533,-18502793845.887268,-18623108217.93204,-18763280164.64844,-18924119309.41896,-19106458406.471573,-19311153950.41252,-19539086815.30078,-19791162925.97321,-20068313964.53132,-20371498115.104763,-20701700850.209908,-21059935762.221924,-21447245443.670265,-21864702420.24845,-22313410140.59002,-22794504027.001053,-23309152591.44406,-23858558621.132973,-24443960438.10857,-25066633237.11157,-25727890505.93515,-26429085532.209053,-27171613000.21795,-27956910680.868988,-28786461217.26676,-29661794007.498985,-30584487185.146423,-31556169696.662857,-32578523473.078365,-33653285691.400394,-18586691.16675028,-16732958.435408536,-15008332.30063668,-13409246.479014069,-11931825.166104237,-10571900.70555073,-10915548.100784952,-9611593.653944263,-8422382.336244768,-7342668.35914788,-6366992.804950752,-5489718.289137954,-4705066.18313834,-4007156.0586700942,-3390046.94273669,-2847779.9004720817,-2374421.3936612965,-1964106.7984928929,-1611083.409893755,-1309752.214906755,-1054707.687444813,-840774.8449113132,-663042.8170209302,-516894.21176577074,-398029.6253254404,-302486.7333964855,-226653.52126384573,-167275.3577478062,-121455.79086588012,-86651.13549063142,-60659.12809315208,-41602.13131475643,-27905.57020949849,-18272.45982611071,-11655.027154243497,-7224.526816018129,-4340.388751089487,-2519.8105708704406,-1408.815264984062,-755.6406446520209,-387.1210456373782,-188.48142832179468,-86.7110610982028,-37.442863948194095,-15.05875263119862,-5.589917176129775,-1.894959267188924,-0.5793051084897385,-0.1573305779906866,-0.0372811562069291,-0.0075413283653598,-0.001267875810803,7127467665.616888,7326413502.652278,7461164891.83702,7507918376.489673,7438069350.732968,7218843315.621437,6815579668.628577,6197021179.436594,5345552661.0022,4274461192.6665583,3052251309.547561,1825713954.9522498,812834668.0646725,211365155.14966434,17969242.162180416,83760.51498203186,0.002231912642105916,0.0
41.75,-36066482914.41584,-35936930985.62033,-35803980936.25339,-35667612017.56406,-35527804493.41168,-35384539700.50718,-35237800110.98009,-35087569397.344696,-34933832499.941025,-34776575696.928055,-34615786676.90897,-34451454614.26812,-34283570247.303886,-34112125959.24076,-33937115862.20796,-33758535884.27141,-33576383859.60985,-33390659621.92628,-33201365101.187176,-33008504423.785053,-32812084016.22039,-32612112712.40073,-32408601864.65646,-32201565458.5737,-31991020231.747704,-31776985796.558224,-31559484767.07384,-31338542890.188927,-31114189181.10196,-30886456063.24167,-30655379512.75004,-30420999207.63131,-30183358681.677246,-29942505483.277832,-29698491339.228912,-29451372323.64645,-29201209032.09824,-28948066761.06314,-28692015692.82729,-28433131085.926525,-28171493471.24304,-27907188853.863167,-27640308920.80227,-27370951254.700764,-27099219553.59346,-26825223856.853268,-26549080777.40663,-26270913740.31684,-25990853227.82844,-25709037030.961994,-25425610507.74725,-25140726848.177254,-24854547345.964264,-24567241677.17375,-24278988185.808823,-23989974176.4144,-23700396213.765827,-23410460429.7028,-23120382837.166145,-22830389651.490868,-22540717619.00513,-22251614352.98318,-21963338676.99549,-21676160975.699013,-21390363553.10792,-21106240998.386,-20824100559.200523,-20544262522.680927,-20267060604.02877,-19992842342.829384,-19721969507.12423,-19454818505.312,-19191780805.9584,-18933263365.611294,-18679689064.735603,-18431497151.90695,-18189143696.429955,-17953102049.58062,-17723863314.711792,-17501936826.50511,-17287850639.707455,-17082152027.74942,-16885407991.715626,-16698205780.215475,-16521153420.795551,-16354880263.638742,-16200037538.412523,-16057298925.261412,-15927361141.087051,-15810944542.425732,-15708793746.419657,-15621678271.583344,-15550393200.297531,-15495759865.215672,-15458626562.049198,-15439869291.505713,-15440392533.493477,-15461130057.077538,-15503045770.077698,-15567134612.642143,-15654423499.611084,-15765972317.006777,-15902874978.55144,-16066260548.723051,-16257294439.515556,-16477179688.77242,-16727158328.717108,-17008512854.10554,-17322567800.28212,-17670691442.32618,-18054297627.434853,-18474847753.69784,-18933852909.47979,-19432876188.735725,-19973535198.74008,-20557504777.911545,-21186519942.654007,-21862379083.412502,-22586947431.448017,-23362160819.16727,-24190029758.191147,-32034872.3112468,-29107254.52472594,-26356478.75251393,-23779899.27271036,-21374363.32469505,-19136218.84150412,-19733902.97622988,-17566642.552594464,-15567121.507708875,-13729953.35251891,-12049285.841268782,-10518834.356260609,-9131920.602476984,-7881516.482286405,-6760292.912557101,-5760673.228550782,-4874890.692723327,-4095049.494494832,-3413188.4924448947,-2821346.817368198,-2311630.3281773664,-1876277.7986058851,-1507725.6176187168,-1198669.71753677,-942123.408578034,-731469.8041876014,-560507.5749676627,-423488.87582957296,-315148.45486436994,-230723.17435677093,-165961.45184500483,-117122.45541807052,-80965.25102876527,-54728.48395496409,-36101.56034849004,-23188.65281264887,-14467.158514162453,-8742.461800389183,-5100.971012632108,-2863.3930557664166,-1540.071316641327,-789.9478706938248,-384.3395786050719,-176.27413640595267,-75.66235172320754,-30.138486286702676,-11.030676103578257,-3.666229356633055,-1.091167039564321,-0.285961448787256,-0.0646558280908866,-0.0123011837587797,8380257112.27101,8958475327.850363,9526166813.763752,10059072219.758121,10522448800.173288,10867826429.066,11029629008.998241,10922851398.951117,10444689768.745132,9486360226.698177,7966860566.385437,5905917075.500722,3543755143.0917935,1438371742.5044854,256050235.33743888,5209764.041634737,11.447405144510343,0.0
41.5,-39547769303.37546,-39438475249.67369,-39325147699.28953,-39207739826.96233,-39086205167.54015,-38960497665.01343,-38830571723.8931,-38696382263.02084,-38557884771.90256,-38415035369.65986,-38267790866.69589,-38116108829.17452,-37959947646.41695,-37799266601.31912,-37634025943.90083,-37464186968.09521,-37289712091.895325,-37110564940.97422,-36926710435.89879,-36738114883.06168,-36544746069.45767,-36346573361.434105,-36143567807.54832,-35935702245.66786,-35722951414.452484,-35505292069.35991,-35282703103.31987,-35055165672.22406,-34822663325.38334,-34585182141.1046,-34342710867.54387,-34095241068.993465,-33842767277.765507,-33585287151.833576,-33322801638.39877,-33055315143.54785,-32782835708.172165,-32505375190.31861,-32222949454.14481,-31935578565.652046,-31643286995.37044,-31346103828.170902,-31044062980.38008,-30737203424.37252,-30425569420.815907,-30109210758.74353,-29788183003.62681,-29462547753.620087,-29132372904.147263,-28797732920.997856,-28458709122.09737,-28115389968.112885,-27767871362.05217,-27416256958.009247,-27060658479.205475,-26701196045.46936,-26337998510.292683,-25971203807.59544,-25600959308.32252,-25227422186.99279,-24850759798.307705,-24471150063.92491,-24088781869.489624,-23703855472.01008,-23316582917.65621,-22927188470.049866,-22535909049.10868,-22142994680.497063,-21748708955.73132,-21353329502.97815,-20957148468.58137,-20560473009.348064,-20163625795.6209,-19766945525.16572,-19370787447.90396,-18975523901.525475,-18581544858.02665,-18189258481.231483,-17799091695.372814,-17411490764.834618,-17026921885.187914,-16645871785.692924,-16268848343.48792,-15896381209.744822,-15529022448.14299,-15167347186.096552,-14811954279.272177,-14463466990.05036,-14122533680.72181,-13789828522.36885,-13466052220.566946,-13151932759.251823,-12848226164.341707,-12555717288.97982,-12275220622.5787,-12007581126.204496,-11753675097.24432,-11514411066.75643,-11290730733.415289,-11083609938.542025,-10894059687.355215,-10723127222.299416,-10571897155.115068,-10441492665.20938,-10333076772.886322,-10247853697.09892,-10187070308.615,-10152017690.841991,-10144032822.057217,-10164500394.442644,-10214854787.146914,-10296582212.604862,-10411223057.55466,-10560374442.62122,-10745693027.005466,-10968898087.754196,-11231774906.308228,-11536178498.57345,-11884037728.656494,-12277359850.697378,-12718235527.961493,-54097628.4226219,-49597213.61090096,-45327292.961811215,-41287594.04843259,-37477128.7453264,-33894179.5059041,-34910871.281584494,-31407675.69353,-28138730.643355384,-25099884.01990633,-22286185.46879277,-19691903.444205176,-17310550.445738737,-15134916.798027216,-13157113.218679748,-11368622.283865882,-9760358.740344811,-8322738.428043122,-7045755.369732064,-5919066.35652085,-4932082.113814854,-4074063.877896684,-3334223.9560671924,-2701828.593056567,-2166301.234933239,-1717324.0826446516,-1344935.675813669,-1039622.159676884,-792399.8803944283,-594887.0416541318,-439362.35127447767,-318808.8988141558,-226941.9361890559,-158219.77686879787,-107837.66918481878,-71705.20807645538,-46408.58795461724,-29159.717270030396,-17734.854854540008,-10405.927983725918,-5867.994821659077,-3166.373909664299,-1626.7561678736065,-791.1451669906915,-361.7781205793675,-154.33618524422428,-60.85830812264682,-21.940635254271445,-7.138272189992255,-2.0632231540807333,-0.5198259937326751,-0.1115396738560264,8292582333.19504,9240989061.335367,10274420567.368074,11387738049.055138,12566376715.485865,13780381659.294409,14975283316.28823,16058567599.86439,16880785072.13284,17212516661.685783,16726291819.731379,15015554731.523542,11738169705.944893,7055967943.569914,2404585522.132083,178021110.55279478,18591.52656344868,0.0
41.25,-43290989183.01338,-43214039613.79101,-43132578673.689285,-43046532930.77799,-42955828528.32581,-42860391215.98971,-42760146383.11208,-42655019094.22191,-42544934126.83806,-42429816011.67755,-42309589075.375626,-42184177485.82633,-42053505300.25909,-41917496516.16818,-41776075125.21776,-41629165170.24854,-41476690805.51614,-41318576360.29733,-41154746406.00169,-40985125826.93408,-40809639894.855225,-40628214347.49461,-40440775471.172165,-40247250187.69214,-40047566145.676384,-39841651816.50964,-39629436595.07299,-39410850905.44803,-39185826311.77925,-38954295634.48589,-38716193072.01951,-38471454328.370125,-38220016746.52652,-37961819448.1019,-37696803479.34082,-37424911963.7282,-37146090261.42432,-36860286135.75584,-36567449926.99489,-36267534733.66463,-35960496601.610435,-35646294721.08199,-35324891632.07273,-34996253438.16659,-34660350029.14426,-34317155312.60341,-33966647454.848183,-33608809131.304405,-33243627786.71836,-32871095905.39522,-32491211291.73408,-32103977361.31373,-31709403442.782524,-31307505090.80072,-30898304410.28259,-30481830392.17843,-30058119261.03241,-29627214834.545387,-29189168895.363644,-28744041575.307133,-28291901752.23925,-27832827459.771427,-27366906309.98233,-26894235929.31821,-26414924407.828564,-25929090761.873302,-25436865410.423275,-24938390665.056835,-24433821233.73811,-23923324738.441643,-23407082246.669308,-22885288816.88413,-22358154057.86381,-21825902701.95775,-21288775192.207047,-20747028283.27043,-20200935656.076286,-19650788546.104897,-19096896385.189373,-18539587456.71049,-17979209564.05055,-17416130712.169853,-16850739802.167356,-16283447338.697994,-15714686150.134296,-15144912121.388767,-14574604939.350891,-14004268850.94712,-13434433433.901196,-12865654380.36214,-12298514293.678844,-11733623498.736216,-11171620866.43714,-10613174653.11417,-10058983355.895634,-9509776585.335032,-8966315956.947803,-8429396003.691124,-7899845111.879215,-7378526483.554928,-6866339128.952141,-6364218893.383431,-5873139523.69828,-5394113780.377293,-4928194602.382072,-4476476333.077156,-4040096016.900704,-3620234777.998924,-3218119293.7810555,-2835023378.314625,-2472269692.693489,-2131231602.000664,-1813335201.2833328,-1520061536.0969944,-1252949046.6926346,-1013596268.8645458,-803664828.8880901,-624882774.9186306,-479048292.7504196,-368033860.021965,-293790899.8835659,-89453237.93656261,-82730859.21745777,-76291237.2105709,-70138483.79535979,-64275838.5612168,-58705620.85155512,-60396043.57975006,-54897727.05395804,-49709489.78385853,-44830698.60457252,-40259561.66294719,-35993106.90698837,-32027170.380544662,-28356395.43431143,-24974243.913294643,-21873020.29545969,-19043909.63165075,-16477029.968592623,-14161499.721064828,-12085520.193420846,-10236473.133167349,-8601032.831019318,-7165291.865949779,-5914899.136695437,-4835208.333203694,-3911434.497207222,-3128815.819851061,-2472777.350412308,-1929092.8727807,-1484040.8788152174,-1124550.3661664117,-838332.1497278531,-613991.5356085864,-441118.5936444521,-310352.897837515,-213420.4870379913,-143141.91322819242,-93411.5492310198,-59149.75074899369,-36230.910553433634,-21391.782929084293,-12125.5576414496,-6567.889593324831,-3381.3296886859043,-1644.2861135687365,-749.7722835896755,-317.84891786833145,-124.00656127770918,-43.9892395997277,-13.983317454072903,-3.913614127671904,-0.9437890653917964,6136085206.384458,7251406145.618622,8547936307.949736,10054564651.42198,11801919656.60016,13819315965.895645,16128149040.156605,18728476648.98757,21572712670.458733,24515472330.745792,27221412663.034416,29008373107.412643,28632886374.07881,24231300694.89669,14466808433.223211,3245282687.8221045,9209797.952151362,0.0
41.0,-47189297645.4413,-47158061337.45128,-47122069790.170166,-47081224706.32647,-47035426497.84363,-46984574293.187485,-46928565946.30895,-46867298047.2734,-46800665934.67344,-46728563709.92482,-46650884253.55018,-46567519243.55939,-46478359176.040726,-46383293388.08043,-46282210083.13567,-46174996358.98735,-46061538238.40868,-45941720702.68768,-45815427728.14827,-45682542325.82173,-45542946584.42366,-45396521716.80032,-45243148110.01192,-45082705379.22884,-44915072425.62243,-44740127498.43774,-44557748261.44508,-44367811863.9698,-44170195016.712,-43964774072.57039,-43751425112.69453,-43530024037.99574,-43300446666.35564,-43062568835.77644,-42816266513.72749,-42561415912.94758,-42297893613.9718,-42025576694.65826,-41744342866.99745,-41454070621.494965,-41154639379.42525,-40845929653.26039,-40527823215.5867,-40200203276.82597,-39862954672.08695,-39515964057.47771,-39159120116.21445,-38792313774.869385,-38415438430.10315,-38028390186.23208,-37631068103.985535,-37223374460.80809,-36805215023.066605,-36376499330.52176,-35937140993.42279,-35487058002.58598,-35026173052.81157,-34554413879.9944,-34071713612.273857,-33578011135.56818,-33073251473.823627,-32557386184.30514,-32030373768.239407,-31492180097.10834,-30942778854.877422,-30382151996.42164,-29810290222.39336,-29227193470.75324,-28632871425.15884,-28027344040.377342,-27410642084.85781,-26782807700.563816,-26143894980.129864,-25493970561.36541,-24833114239.08603,-24161419594.20693,-23478994639.982697,-22785962485.22656,-22082462014.288883,-21368648583.51586,-20644694733.85385,-19910790919.201305,-19167146250.054222,-18413989251.92528,-17651568637.961308,-16880154095.122725,-16100037083.235756,-15311531646.17712,-14514975234.407127,-13710729538.033508,-12899181329.563547,-12080743315.491772,-11255854995.879396,-10424983531.108746,-9588624615.051405,-8747303353.971394,-7901575150.607918,-7052026593.043587,-6199276348.179317,-5343976059.908554,-4486811252.424812,-3628502239.515377,-2769805041.2048683,-1911512309.7275543,-1054454267.5420914,-199499660.97452545,652443265.8953667,1500425771.2854197,2343457582.470413,3180505820.386551,4010493871.322903,4832300192.756508,5644757037.875416,6446649080.451504,7236711918.428051,8013630430.824371,8776036958.276096,9522509272.657032,10251568295.701408,10961675520.28069,11651230080.89573,-144738048.03343955,-135000909.22581697,-125584230.20224991,-116498904.45474988,-107754946.72097738,-99361401.3529273,-102106763.0648686,-93743391.34475942,-85764374.1030006,-78175837.13287573,-70982472.79246967,-64187454.537330784,-57792359.59399623,-51797101.710494906,-46199876.018827885,-40997118.112217925,-36183479.4674134,-31751821.319369253,-27693229.011325847,-23997048.68640177,-20650947.946082164,-17641001.765884362,-14951804.520017697,-12566608.418537842,-10467487.999672985,-8635529.549253013,-7051043.447940206,-5693796.493240017,-4543260.235232975,-3578870.342348085,-2780291.028459112,-2127677.689727043,-1601930.1947189916,-1184928.8283963134,-859744.7966640837,-610817.5358579286,-424091.9085980374,-287109.7443047695,-189052.09837110524,-120731.00219756555,-74532.23407946283,-44313.56359371237,-25265.748156007,-13745.980439988598,-7095.17758594376,-3451.1847990695537,-1569.4552199422812,-661.0447623644891,-255.008617199854,-88.89547185500817,-27.550014458942343,-7.4406144663568305,1642819457.3207264,2539805624.280264,3649558976.819976,5028005597.745678,6747611608.8438425,8902357812.784243,11613621967.179195,15035997919.649303,19359733673.5443,24800107809.329384,31546996482.794933,39602321516.94519,48314827093.85035,55155868356.58321,53102167039.93411,30145918764.297344,1322598854.1140306,0.0
40.75,-51093456899.22759,-51121870219.8938,-51145590207.16777,-51164497976.77701,-51178472476.38449,-51187390464.57218,-51191126490.636505,-51189552875.27229,-51182539692.22519,-51169954750.99802,-51151663580.69978,-51127529415.131325,-51097413179.20712,-51061173476.816536,-51018666580.23515,-50969746421.19978,-50914264583.76914,-50852070299.0966,-50783010442.24814,-50706929531.20487,-50623669728.196976,-50533070843.52223,-50434970342.009125,-50329203352.293655,-50215602679.08421,-50093998818.59984,-49964219977.373085,-49826092094.61746,-49679438868.37048,-49524081785.62894,-49359840156.70526,-49186531154.04143,-49003969855.72803,-48811969293.98516,-48610340508.872025,-48398892607.503815,-48177432829.06322,-47945766615.90692,-47703697691.07568,-47451028142.5309,-47187558514.44923,-46913087905.91948,-46627414077.396805,-46330333565.28151,-46021641804.99936,-45701133262.974205,-45368601577.89152,-45023839711.66641,-44666640110.53606,-44296794876.71021,-43914095951.0226,-43518335307.03328,-43109305157.04441,-42686798170.49721,-42250607705.22592,-41800528052.0522,-41336354693.20602,-40857884575.066246,-40364916395.71317,-39857250907.78987,-39334691237.165054,-38797043217.890015,-38244115743.93536,-37675721138.18685,-37091675539.168365,-36491799305.94959,-35875917441.67479,-35243860036.13446,-34595462727.7744,-33930567185.509407,-33249021610.677032,-32550681259.429146,-31835408985.814648,-31103075805.761414,-30353561482.10717,-29586755130.771965,-28802555848.0936,-28000873359.273613,-27181628687.80015,-26344754845.619545,-25490197543.7331,-24617915922.78425,-23727883303.087307,-22820087953.419914,-21894533877.769,-20951241619.07121,-19990249078.83998,-19011612351.40223,-18015406571.30087,-17001726772.235151,-15970688755.727264,-14922429967.506226,-13857110379.404127,-12774913374.357435,-11676046631.904036,-10560743011.364693,-9429261429.705818,-8281887730.890564,-7118935543.356705,-5940747122.105156,-4747694171.75869,-3540178646.8573456,-2318633525.6085587,-1083523553.314087,164654048.23408508,1425368908.948204,2698056879.544754,3982119444.5101776,5276923181.400078,6581799268.298462,7896043040.432777,9218913595.904598,10549633449.213673,11887388229.692389,13231326420.08604,14580559128.269268,15934159882.427982,17291164436.906796,18650570572.262264,20011337868.80937,21372387428.02264,-228990850.48389545,-215349228.2883026,-202031099.44263443,-189056463.4365396,-176444706.72462767,-164214468.34300035,-168566462.48834884,-156266292.96433863,-144402952.71832424,-132993232.69365582,-122052483.38734642,-111594446.45931096,-101631087.43985236,-92172431.94403917,-83226408.12087683,-74798698.38143244,-66892603.75267801,-59508924.47952427,-52645860.73038042,-46298937.43289419,-40460957.35464899,-35121986.52447664,-30269375.937400334,-25887823.17259759,-21959477.051637106,-18464087.74788393,-15379203.805716982,-12680416.325586189,-10341649.11425266,-8335491.900178191,-6633571.803144145,-5206956.1805175375,-4026577.834862432,-3063671.4756643544,-2290208.431736357,-1679315.0908797828,-1205659.60301154,-845791.2346248162,-578417.6057824211,-384607.0331299612,-247906.4219053284,-154369.5554507615,-92496.02376923576,-53087.03116578145,-29030.359438167885,-15032.119894545378,-7316.820840340778,-3318.9910341544387,-1388.656820433817,-529.3064789900495,-181.05717734835807,-54.566705166586495,-4636357770.646948,-4386028988.971959,-4002855302.1969976,-3436746555.208689,-2616560062.172998,-1439745965.8666,243949986.32448342,2658612237.517716,6144730871.099421,11229301667.654177,18740499347.9403,29985122495.600296,46962071514.59956,72262106968.11385,106408220763.49373,130307207606.07222,50672166114.271385,0.0
40.5,-54809548624.73865,-54911172512.9479,-55008530096.71154,-55101488783.78814,-55189913009.84366,-55273664186.86482,-55352600651.37639,-55426577612.50919,-55495447099.97116,-55559057911.97667,-55617255563.19376,-55669882232.77333,-55716776712.52888,-55757774355.33934,-55792707023.85547,-55821403039.59085,-55843687132.4888,-55859380391.06,-55868300213.19132,-55870260257.73497,-55865070396.99156,-55852536670.20979,-55832461238.230606,-55804642339.41441,-55768874246.99508,-55724947228.01541,-55672647504.00606,-55611757213.579,-55542054377.119705,-55463312863.766,-55375302360.87826,-55277788346.21357,-55170532063.0272,-55053290498.3388,-54925816364.61118,-54787858085.10231,-54639159783.166245,-54479461275.78894,-54308498071.66212,-54126001374.11092,-53931698089.20645,-53725310839.409706,-53506557983.10898,-53275153640.42875,-53030807725.70487,-52773225987.03725,-52502110053.34799,-52217157489.391335,-51918061859.177765,-51604512798.29348,-51276196095.61311,-50932793784.92272,-50573984246.985634,-50199442322.602905,-49808839437.236725,-49401843737.78191,-48978120242.08576,-48537331001.83478,-48079135279.437164,-47603189739.5485,-47109148655.89478,-46596664134.06357,-46065386350.93744,-45514963811.45399,-44945043623.38071,-44355271790.7941,-43745293526.95039,-43114753587.23073,-42463296622.83678,-41790567555.89414,-41096211976.6068,-40379876563.07925,-39641209524.39357,-38879861067.48816,-38095483888.34336,-37287733687.92161,-36456269713.24803,-35600755323.94251,-34720858584.42886,-33816252881.949936,-32886617570.404053,-31931638639.892937,-30951009411.729446,-29944431258.49276,-28911614348.53917,-27852278414.180344,-26766153542.51844,-25652980987.684258,-24512514002.955788,-23344518690.94101,-22148774869.68432,-20925076952.20476,-19673234836.591644,-18393074803.366383,-17084440416.372482,-15747193422.970222,-14381214648.795502,-12986404881.785828,-11562685739.585869,-10110000513.816742,-8628314984.03241,-7117618193.485649,-5577923178.101219,-4009267639.291847,-2411714550.47168,-785352686.3157883,869702937.0017776,2553310723.1853104,4265302272.221962,6005482286.034416,7773628618.379272,9569492484.72271,11392798848.501602,13243247000.763222,15120511350.668943,17024242444.694466,18954068232.557693,20909595597.9013,22890412171.533257,24896088444.53955,26926180197.78712,-353957190.7000548,-335532506.6879876,-317372943.29044634,-299509043.45910114,-281971389.8195733,-264790446.79309875,-271518960.7507041,-254078746.62129813,-237074608.0866241,-220537755.67293447,-204498449.2311249,-188985749.20293456,-174027255.60845092,-159648836.69478044,-145874349.71181384,-132725356.85828392,-120220840.06458916,-108376918.9395306,-97206576.89339776,-86719401.14206897,-76921342.97230083,-67814505.27708365,-59396964.91429249,-51662637.85666976,-44601195.33338863,-38198039.15266392,-32434344.07469326,-27287174.404520016,-22729680.82517943,-18731381.828174844,-15258531.869305672,-12274575.553879218,-9740683.74125296,-7616363.506821897,-5860129.524251808,-4430219.821995168,-3285334.302676679,-2385370.2600307004,-1692125.8395585497,-1169940.4838685854,-786241.4213388955,-511967.6912423711,-321848.40508008987,-194520.02555217923,-112478.13182118056,-61871.68952592461,-32160.99629067408,-15672.510492619742,-7092.7222771284505,-2947.2360174628066,-1109.059373704993,-371.6180084301306,-11264817208.96325,-11908612365.017504,-12593082599.649895,-13312338658.787159,-14053179229.625614,-14789479052.119284,-15472043703.116068,-16009730974.80329,-16233053035.832867,-15820916889.737743,-14145300793.930334,-9920615692.59832,-350357184.96257454,21138491716.04554,71438985548.03886,195891354592.5988,426827885289.2359,0.0
40.25,-58099584752.39648,-58286464323.93317,-58469908519.95607,-58649780329.21851,-58825939130.10107,-58998240609.29897,-59166536679.16306,-59330675393.702126,-59490500863.256645,-59645853167.8592,-59796568269.2967,-59942477921.8943,-60083409582.04492,-60219186316.51096,-60349626709.52844,-60474544768.749695,-60593749830.06334,-60707046461.33609,-60814234365.12606,-60915108280.42208,-61009457883.469925,-61097067687.75252,-61177716943.196594,-61251179534.6874,-61317223879.97755,-61375612827.08711,-61426103551.2972,-61468447451.85028,-61502390048.47884,-61527670877.89354,-61544023390.37274,-61551174846.6064,-61548846214.957726,-61536752069.319855,-61514600487.7554,-61482092952.12183,-61438924248.89919,-61384782371.45084,-61319348423.96428,-61242296527.33473,-61153293727.27194,-61051999904.92653,-60938067690.3544,-60811142379.151886,-60670861852.620056,-60516856501.83414,-60348749156.01532,-60166155015.62893,-59968681590.65047,-59755928644.471695,-59527488143.93851,-59282944216.041016,-59021873111.80261,-58743843177.94116,-58448414836.90242,-58135140575.89768,-57803564945.60013,-57453224569.19127,-57083648162.46967,-56694356565.77199,-56284862788.476814,-55854672066.89936,-55403281936.40688,-54930182318.61478,-54434855624.55069,-53916776874.69871,-53375413836.856094,-52810227182.76187,-52220670664.46957,-51606191311.455215,-50966229649.46106,-50300219942.08399,-49607590456.11828,-48887763751.65829,-48140156997.95476,-47364182316.00045,-46559247148.79052,-45724754660.16407,-44860104163.08348,-43964691578.14347,-43037909923.02076,-42079149833.480286,-41087800116.43996,-40063248335.45447,-39004881428.82455,-37912086360.34652,-36784250802.50428,-35620763851.65698,-34421016774.49119,-33184403784.68476,-31910322848.363144,-30598176516.51438,-29247372782.064064,-27857325958.78959,-26427457578.668068,-24957197303.599262,-23445983846.723534,-21893265897.74643,-20298503045.793434,-18661166692.337204,-16980740945.656578,-15256723487.09945,-13488626398.121063,-11675976935.646034,-9818318241.752556,-7915209971.990868,-5966228824.817619,-3970968952.6482697,-1929042232.893624,159921624.95508575,2296275162.598244,4480353475.604057,6712474767.36293,8992941189.196068,11322040004.686617,13700045119.677055,16127219022.944284,18603815186.311752,21130080976.9024,23706261138.3627,26332601902.20496,-534060515.7135759,-510175364.2869952,-486404972.0554861,-462789833.0837037,-439371574.21071845,-416192816.8460883,-426329934.4987167,-402580442.9567053,-379171101.8200358,-356149669.2814178,-333564150.7382452,-311462511.00447166,-289892356.3183665,-268900586.1685978,-248533015.53145972,-228833968.7962468,-209845847.46262145,-191608674.63002756,-174159620.36808524,-157532513.25746727,-141757344.71526903,-126859774.15176062,-112860644.520277,-99775519.3796052,-87614254.13362749,-76380615.57305413,-66071965.12496124,-56679022.20153628,-48185724.59093813,-40569202.79000492,-33799884.36261821,-27841742.63089318,-22652701.08375316,-18185200.654882453,-14386931.362431146,-11201722.678920116,-8570578.494160835,-6432832.893771659,-4727392.657677935,-3394022.0903390474,-2374616.4959258502,-1614403.5238797583,-1063008.1268445647,-675318.4202257309,-412097.53869193245,-240301.3633042771,-133083.5701133533,-69496.40797252659,-33925.06053374388,-15321.094957529507,-6321.18733940249,-2346.091824931774,-16309030037.422045,-17731878356.676476,-19373047127.51686,-21282018589.028175,-23523519512.4784,-26183566098.083447,-29378475064.491135,-33268567525.336956,-38079402843.87499,-44135119789.630844,-51910610552.780556,-62108608942.050545,-75743280018.71335,-94029730844.12468,-116554388133.38622,-123871570873.08928,172228069036.0918,0.0
40.0,-60685755183.94874,-60967139703.0925,-61246334024.79995,-61523207937.66492,-61797627238.74923,-62069453626.93125,-62338544593.73856,-62604753311.62476,-62867928519.6511,-63127914406.53681,-63384550491.03962,-63637671499.63288,-63887107241.44479,-64132682480.42783,-64374216804.72911,-64611524493.2331,-64844414379.2519,-65072689711.34014,-65296148011.21521,-65514580928.76592,-65727774094.13727,-65935506966.8826,-66137552682.17791,-66333677894.09922,-66523642615.96814,-66707200057.77623,-66884096460.705765,-67054070928.76924,-67216855257.5993,-67372173760.42671,-67519743091.2929,-67659272065.55187,-67790461477.72762,-67913003916.80065,-68026583579.01062,-68130876078.27293,-68225548254.3195,-68310257978.6879,-68384653958.69789,-68448375539.568886,-68501052504.84817,-68542304875.33937,-68571742706.73654,-68588965886.19046,-68593563928.05513,-68585115769.08411,-68563189563.369446,-68527342477.34355,-68477120485.18692,-68412058165.01575,-68331678496.25295,-68235492658.6134,-68122999833.17285,-67993687006.01811,-67847028775.01727,-67682487160.28225,-67499511418.938255,-67297537864.85491,-67075989694.03392,-66834276816.399086,-66571795694.77083,-66287929191.86568,-65982046426.2006,-65653502637.83829,-65301639064.95969,-64925782832.30045,-64525246852.54434,-64099329741.81795,-63647315750.48694,-63168474710.50607,-62662062000.62978,-62127318530.84236,-61563470747.41504,-60969730660.04744,-60345295892.594406,-59689349758.92003,-59001061365.45512,-58279585742.06422,-57524064002.849045,-56733623538.52593,-55907378242.01773,-55044428768.88454,-54143862834.19499,-53204755547.38821,-52226169786.61614,-51207156613.96159,-50146755732.81339,-49043995988.52857,-47897895913.33088,-46707464316.16644,-45471700917.97175,-44189597032.48212,-42860136292.33122,-41482295419.74558,-40055045040.61674,-38577350540.13001,-37048172957.43671,-35466469916.05488,-33831196585.77196,-32141306670.78276,-30395753417.613625,-28593490635.04633,-26733473716.74517,-24814660655.58913,-22836013036.80458,-20796496994.85148,-18695084116.6325,-16530752270.923937,-14302486340.97229,-12009278833.90783,-9650130336.989777,-7224049786.675186,-4730054512.069824,-2167170009.4437103,465570600.86338806,3169127489.683258,5944455467.360611,8792505833.142502,11714228801.179527,14710576586.990784,17782507247.21495,-785777430.5289102,-756239848.1104217,-726546509.8633857,-696743955.3380686,-666881312.6033866,-637010245.1554768,-651878236.2978369,-620977035.1331867,-590177532.5371578,-559542469.7610692,-529136821.7478666,-499027561.5118642,-469283377.6640156,-439974341.7259058,-411171522.1675359,-382946542.5414416,-355371081.6959345,-328516314.86213255,-302452295.4531229,-277247278.7195328,-252966990.0024678,-229673842.23748988,-207426109.6103261,-186277066.8542713,-166274106.603335,-147457850.44565526,-129861272.8016838,-113508860.38845144,-98415833.68709666,-84587460.31430887,-72018493.25603442,-60692769.23198547,-50583003.630269565,-41650818.02506609,-33847033.75806957,-27112259.895996235,-21377795.56804333,-16566854.833444748,-12596106.621895695,-9377503.042726249,-6820347.055059683,-4833526.334308123,-3327816.113760097,-2218132.58839188,-1425603.6471234497,-879319.2186924368,-517633.2490605661,-288916.17365317745,-151701.47146806453,-74229.87533677886,-33463.120830097585,-13704.418195426346,-18097003606.773468,-19819426477.086967,-21833752550.553516,-24214159602.42392,-27060992167.98261,-30512987184.870144,-34766875926.52672,-40110020762.88401,-46977223035.256355,-56054998884.48603,-68485793712.703896,-86301610934.2387,-113445949980.26523,-158544886825.14105,-244094823692.33835,-448428991942.7483,-1268343539104.2314,0.0
39.75,-62258908833.63184,-62639917124.99371,-63020369929.72115,-63400156207.77567,-63779160882.65861,-64157264717.47804,-64534344187.46038,-64910271348.81705,-65284913703.87477,-65658134062.37717,-66029790398.86321,-66399735706.02844,-66767817843.97172,-67133879385.2326,-67497757455.519936,-67859283570.03427,-68218283465.28584,-68574576926.30814,-68927977609.16841,-69278292858.67612,-69625323521.19035,-69968863752.42844,-70308700820.17732,-70644614901.81268,-70976378876.52974,-71303758112.1943,-71626510246.72092,-71944384963.89192,-72257123763.53114,-72564459725.95016,-72866117270.59119,-73161811908.79105,-73451249990.60086,-73734128445.59833,-74010134517.63774,-74278945493.49062,-74540228425.33609,-74793639847.07309,-75038825484.43153,-75275419958.87665,-75503046485.3065,-75721316563.56287,-75929829663.78452,-76128172905.65253,-76315920731.59158,-76492634574.0129,-76657862516.70341,-76811138950.48904,-76951984223.32397,-77079904284.98523,-77194390326.57921,-77294918415.09709,-77380949123.29128,-77451927155.17715,-77507280967.5071,-77546422387.59848,-77568746227.94785,-77573629898.10442,-77560433014.32965,-77528497007.62086,-77477144730.73404,-77405680064.902,-77313387527.00537,-77199531878.02467,-77063357733.67003,-76904089178.16283,-76720929382.22166,-76513060226.3885,-76279641930.91843,-76019812693.54918,-75732688336.55864,-75417361964.62215,-75072903635.08104,-74698360042.34056,-74292754218.22662,-73855085250.24153,-73384328019.77037,-72879432962.41139,-72339325852.71387,-71762907615.72585,-71149054167.86812,-70496616289.76268,-69804419533.75029,-69071264168.93309,-68295925166.67043,-67477152229.53814,-66613669866.82693,-65704177519.70748,-64747349739.21647,-63741836420.22077,-62686263094.49004,-61579231285.939575,-60419318930.99913,-59205080866.90212,-57935049390.46997,-56607734889.67768,-55221626549.91622,-53775193136.40832,-52266883853.66199,-50695129282.15999,-49058342391.65314,-47354919629.43719,-45583242080.8298,-43741676697.68995,-41828577589.22878,-39842287367.49517,-37781138537.77984,-35643454921.69811,-33427553097.88348,-31131743841.969345,-28754333543.846146,-26293625575.983536,-23747921581.84665,-21115522648.08055,-18394730318.086014,-15583847397.837996,-12681178497.202026,-9685030241.535156,-6593711078.92746,-3405530597.964157,-118798259.30674744,-1126107928.6318662,-1091582933.8667831,-1056495967.3354292,-1020891369.998066,-984817617.1293997,-948327424.4193724,-969533181.1236936,-931401391.7821696,-892948879.0626489,-854245852.4837515,-815367336.8291152,-776393123.6545609,-737407670.2545646,-698499938.7922916,-659763167.9260875,-621294568.9933957,-583194938.6785529,-545568180.1392572,-508520724.8511191,-472160848.01290137,-436597871.3069056,-401941248.2084263,-368299528.97039145,-335779204.96403545,-304483435.32398784,-274510662.9117807,-245953131.5470476,-218895322.30796027,-193412333.479495,-169568236.37949222,-147414447.68656135,-126988167.78999326,-108310943.70020936,-91387423.64716856,-76204377.90054566,-62730065.592440896,-50914029.20490571,-40687395.48849811,-31963752.353990994,-24640654.169665206,-18601781.55153805,-13719745.327198332,-9859478.005472248,-6882101.3718492,-4649099.333242916,-3026566.893171921,-1889257.8170792367,-1124126.0492727435,-633061.1144480256,-334565.90243509377,-164221.51530325838,-73923.7651670398,-15987095191.31774,-17379352227.31007,-18985242655.868507,-20852996184.14399,-23045687035.48781,-25647099165.34699,-28770455941.610687,-32571666594.726215,-37269787227.5319,-43178998913.71182,-50758252736.355804,-60683372290.22211,-73920093489.16943,-91589511527.89838,-113081366068.47728,-118566009839.20686,178229013660.36426,0.0
39.5,-62491629722.37688,-62971970915.33326,-63453716678.98456,-63936787621.46458,-64421100660.61142,-64906568894.12926,-65393101465.44859,-65880603425.14934,-66368975587.80651,-66858114384.11511,-67347911708.14725,-67838254759.58963,-68329025880.80656,-68820102388.56963,-69311356400.29051,-69802654654.59068,-70293858326.0368,-70784822833.86652,-71275397644.52715,-71765426067.84341,-72254745046.6291,-72743184939.55157,-73230569297.05566,-73716714630.15051,-74201430171.85742,-74684517631.11615,-75165770938.94148,-75644975986.6214,-76121910355.74431,-76596343039.83977,-77068034157.41772,-77536734656.18646,-78002186008.23106,-78464119895.93106,-78922257888.39796,-79376311108.21167,-79825979888.2372,-80270953418.30309,-80710909381.52841,-81145513580.08463,-81574419550.18513,-81997268166.10071,-82413687233.00436,-82823291068.4574,-83225680072.35597,-83620440285.17146,-84007142934.32487,-84385343968.55382,-84754583580.14386,-85114385714.91376,-85464257569.86554,-85803689078.43103,-86132152383.27277,-86449101296.62418,-86753970748.18582,-87046176220.62648,-87325113172.77989,-87590156450.66313,-87840659686.49557,-88075954685.94084,-88295350803.85399,-88498134308.87251,-88683567737.25642,-88850889236.45444,-88999311898.94852,-89128023087.01346,-89236183749.11954,-89322927728.80252,-89387361066.93282,-89428561298.42673,-89445576744.5682,-89437425802.23865,-89403096231.49422,-89341544443.0808,-89251694787.63759,-89132438848.51329,-88982634740.29875,-88801106415.37817,-88586642981.00317,-88337998029.61179,-88053888985.34601,-87732996469.95906,-87373963691.55739,-86975395859.88583,-86535859632.1375,-86053882593.55434,-85527952777.37695,-84956518229.00034,-84337986619.49965,-83670724913.9965,-82953059100.64671,-82183273986.33446,-81359613065.46008,-80480278468.4911,-79543430997.22046,-78547190253.9168,-77489634871.76762,-76368802854.18248,-75182692030.64427,-73929260636.84746,-72606428026.83038,-71212075524.6865,-69744047423.19388,-68200152136.31982,-66578163512.010025,-64875822310.93096,-63090837855.868034,-61220889855.24689,-59263630402.71454,-57216686152.82284,-55077660670.56815,-52844136949.78172,-50513680092.08476,-48083840134.23456,-45552155007.13454,-42916153604.44856,-40173358932.58427,-37321291306.66878,-34357471548.9358,-31279424136.55665,-28084680235.26435,-1569843747.8170917,-1532273200.773175,-1493609210.7406335,-1453881163.7568178,-1413123726.8371503,-1371377168.536734,-1400751351.7267673,-1356636348.679268,-1311576832.6764202,-1265635393.7744043,-1218882024.958356,-1171394405.170931,-1123258145.8433278,-1074566991.0730145,-1025422960.334978,-975936421.3074737,-926226079.0666808,-876418866.5955184,-826649720.3109514,-777061223.2084564,-727803097.3370031,-679031526.7600124,-630908292.0586102,-583599697.9523208,-537275276.9369259,-492106254.1883228,-448263762.6013139,-405916801.9947192,-365229943.5045112,-326360789.2897993,-289457209.1521171,-254654389.715436,-222071748.5216208,-191809784.67660752,-163946959.18971696,-138536721.17322272,-115604819.42299224,-95147060.79152916,-77127694.68186891,-61478613.63157402,-48099559.23188539,-36859505.81684782,-27599356.487296555,-20136022.57891702,-14267865.672448767,-9781360.82471862,-6458696.085936601,-4085868.916414824,-2460695.934482069,-1400048.5431374435,-745599.6570764995,-367451.4588745321,-10706338682.378757,-11302332629.968206,-11933355134.71211,-12592235050.819288,-13264255539.135506,-13921508290.388746,-14512752516.001804,-14944648940.408628,-15045764497.073153,-14494493156.379677,-12667067006.968086,-8296563252.272442,1350684374.0647874,22638773058.348213,71700849159.56631,190636435278.27267,398389608669.7482,0.0
39.25,-61056075637.12714,-61628950465.24642,-62205410463.99337,-62785419223.03225,-63368937398.18583,-63955922589.50623,-64546329214.74083,-65140108378.022736,-65737207733.611374,-66337571344.50003,-66941139535.70319,-67547848742.028336,-68157631350.13163,-68770415534.64865,-69386125088.1845,-70004679244.94221,-70625992497.7581,-71249974408.30693,-71876529410.23207,-72505556604.94652,-73136949549.84442,-73770596038.65205,-74406377873.6418,-75044170629.4209,-75683843408.00064,-76325258584.84152,-76968271545.56026,-77612730412.97853,-78258475764.1795,-78905340337.23393,-79553148727.2446,-80201717071.3516,-80850852722.32874,-81500353910.39607,-82150009392.86015,-82799598091.18973,-83448888715.12086,-84097639373.38104,-84745597170.61252,-85392497790.06595,-86038065061.63086,-86682010514.76067,-87324032915.84465,-87963817789.57474,-88601036923.84854,-89235347857.74884,-89866393352.1351,-90493800842.38403,-91117181872.81244,-91736131512.32228,-92350227750.80684,-92959030875.86572,-93562082829.38168,-94158906543.52394,-94749005255.75522,-95331861802.43384,-95906937890.6249,-96473673347.7528,-97031485348.7584,-97579767620.45229,-98117889622.79324,-98645195706.86278,-99161004249.3523,-99664606763.43472,-100155266985.95288,-100632219940.92532,-101094670979.44585,-101541794796.14116,-101972734422.44568,-102386600197.05728,-102782468714.06056,-103159381749.32912,-103516345165.96832,-103852327799.71512,-104166260325.38943,-104457034105.68314,-104723500023.78207,-104964467301.551,-105178702305.25882,-105364927341.10106,-105521819443.07172,-105648009156.0657,-105742079317.4422,-105802563840.66652,-105827946505.05634,-105816659756.10944,-105767083521.3672,-105677544047.28888,-105546312763.16336,-105371605178.68108,-105151579822.42747,-104884337229.22708,-104567918984.99892,-104200306838.53526,-103779421890.431,-103303123870.23238,-102769210513.76917,-102175417053.55956,-101519415836.14755,-100798816081.2268,-100011163798.43234,-99153941878.72684,-98224570378.36185,-97220407014.44768,-96138747892.20737,-94976828484.99556,-93731824889.11484,-92400855376.34212,-90980982267.84564,-89469214153.79808,-87862508483.44301,-86157774550.58391,-84351876899.39908,-82441639175.0725,-80423848442.89798,-78295259998.17671,-76052602687.30322,-73692584757.80574,-71211900251.66338,-68607235951.83743,-65875278886.47723,-2125452090.3925133,-2088441151.407167,-2049730421.5140927,-2009318402.3198164,-1967208979.9330096,-1923411959.6005256,-1962870015.0237093,-1915959624.3008356,-1867309240.5249064,-1816951372.655535,-1764927525.115965,-1711288901.4634724,-1656097115.5074146,-1599424901.2948923,-1541356811.4529736,-1481989891.1863668,-1421434312.7690587,-1359813952.6339898,-1297266890.1617138,-1233945804.017788,-1170018238.428276,-1105666708.178033,-1041088607.464578,-976495884.18078,-912114437.9232444,-848183197.2854525,-784952830.1264105,-722684039.9276704,-661645402.5855564,-602110701.6634928,-544355726.9973371,-488654512.45775545,-435275004.5665762,-384474175.5169839,-336492622.8999056,-291548734.8667106,-249832543.99035528,-211499445.54850295,-176664015.2239836,-145394224.81160867,-117706418.08188376,-93561465.7448187,-72862558.9199634,-55455112.07246044,-41129213.74243137,-29624969.814338777,-20640913.865826663,-13845402.096602311,-8890568.199131329,-5428008.157728845,-3124946.7305356693,-1679290.3074774388,-4034602476.009515,-3748547316.4876356,-3331023239.5679836,-2733056242.2563667,-1885584951.175111,-689727602.8908012,998409367.3000895,3391838383.086954,6811477943.482696,11748906076.114927,18966234676.18039,29642589676.827618,45521253210.70602,68673143105.095505,98659188139.01372,115976645499.93956,40373474273.969055,0.0
39.0,-57647673696.553,-58298985025.03937,-58956139608.83253,-59619152873.045135,-60288038450.66802,-60962808083.39898,-61643471518.11716,-62330036398.81953,-63022508153.828094,-63720889878.07,-64425182210.221146,-65135383204.49909,-65851488196.88036,-66573489665.507454,-67301377085.0431,-68035136774.71768,-68774751739.8065,-69520201506.26257,-70271461948.21962,-71028505108.0683,-71791299008.79707,-72559807458.27708,-73333989845.15659,-74113800926.01917,-74899190603.44438,-75690103694.598,-76486479689.96008,-77288252501.79073,-78095350201.91183,-78907694748.36986,-79725201700.53008,-80547779922.13226,-81375331271.82326,-82207750280.66357,-83044923816.08667,-83886730731.77153,-84733041502.86955,-85583717846.00845,-86438612323.47516,-87297567930.96114,-88160417668.23112,-89026984092.05823,-89897078850.74574,-90770502199.53651,-91647042496.18867,-92526475675.97644,-93408564705.3544,-94293059013.50142,-95179693900.94232,-96068189924.42313,-96958252257.20016,-97849570023.88065,-98741815608.93771,-99634643938.007,-100527691731.05498,-101420576726.49606,-102312896875.3282,-103204229504.3417,-104094130447.45493,-104982133144.22353,-105867747704.57304,-106750459938.8065,-107629730351.94832,-108504993101.50037,-109375654917.70348,-110241093985.4266,-111100658786.83656,-111953666904.04472,-112799403780.9769,-113637121443.77393,-114466037179.10312,-115285332169.84584,-116094150087.7248,-116891595642.55238,-117676733087.9102,-118448584683.22424,-119206129112.373,-119948299859.15907,-120673983540.2032,-121382018196.06271,-122071191541.66554,-122740239177.46445,-123387842763.06784,-124012628155.50584,-124613163514.72523,-125187957379.39996,-125735456716.68909,-126254044950.1779,-126742039970.9013,-127197692137.09389,-127619182269.117,-128004619646.91096,-128352040018.30672,-128659403627.60622,-128924593275.02718,-129145412418.89932,-129319583333.91289,-129444745340.25768,-129518453120.16763,-129538175140.20493,-129501292199.58492,-129405096126.98204,-129246788650.55003,-129023480468.37114,-128732190549.20644,-128369845696.26736,-127933280409.76376,-127419237087.22162,-126824366603.98698,-126145229319.9426,-125378296562.27036,-124519952638.04796,-123566497434.59116,-122514149669.69598,-121359050858.26408,-120097270066.19215,-118724809526.7762,-117237611199.20209,-115631564352.84875,-113902514265.04034,-112046272123.42004,-2789647414.496414,-2758690154.8653755,-2725451970.519782,-2689884702.2525115,-2651944010.5776224,-2611590034.9318123,-2662896701.29669,-2618837603.8588395,-2572170442.148226,-2522871063.525662,-2470923672.184957,-2416321906.5858955,-2359069990.799627,-2299183957.994892,-2236692942.486504,-2171640534.541027,-2104086189.4235463,-2034106678.903934,-1961797569.5469956,-1887274707.5151644,-1810675684.2428,-1732161251.1356106,-1651916644.3599594,-1570152772.794832,-1487107213.3439517,-1403044948.1264954,-1318258767.743205,-1233069254.125242,-1147824245.8391194,-1062897678.7596196,-978687686.5963284,-895613840.0322337,-814113401.731335,-734636479.1393876,-657639970.2393694,-583580222.0982702,-512904361.4388986,-446040314.14601344,-383385610.1082921,-325295174.12564725,-272068434.4876752,-223936237.5044348,-181048233.95205,-143461591.22936144,-111132063.768484,-83908593.99287991,-61532674.78519898,-43643628.29295639,-29790684.14805264,-19452215.9900292,-12061686.010094572,-7038775.463408468,1995291777.2721896,2880388937.262735,3961357520.7048182,5289025967.446083,6928291393.997655,8961940804.060091,11494764969.854488,14656633013.553381,18600711479.31876,23486666637.01578,29422498395.902794,36297653644.39164,43341149245.25945,48048357890.24501,44195515480.31959,22993594004.787006,781811451.3334132,0.0
38.75,-52015061985.25817,-52723201537.61462,-53439345153.9865,-54163565115.98299,-54895933365.17983,-55636521440.80012,-56385400413.89613,-57142640817.861824,-57908312575.094025,-58682484919.615166,-59465226315.45818,-60256604370.60773,-61056685746.27851,-61865536061.30676,-62683219791.41126,-63509800163.08075,-64345339041.81978,-65189896814.48457,-66043532265.41808,-66906302446.08657,-67778262537.90167,-68659465707.89938,-69549962956.93083,-70449802960.0043,-71359031898.39954,-72277693283.16158,-73205827769.55618,-74143472962.05801,-75090663209.41579,-76047429389.32053,-77013798682.18338,-77989794333.50111,-78975435404.27016,-79970736508.8803,-80975707539.89641,-81990353379.10951,-83014673594.20866,-84048662120.39919,-85092306926.26154,-86145589663.11281,-87208485297.10295,-88280961723.24254,-89362979360.52493,-90454490727.2703,-91555439995.7814,-92665762525.36227,-93785384372.71455,-94914221778.67952,-96052180630.26105,-97199155896.81216,-98355031039.233,-99519677390.9751,-100692953509.60857,-101874704497.65584,-103064761291.35268,-104262939915.94644,-105469040706.09534,-106682847489.88171,-107904126734.90674,-109132626654.88086,-110368076275.08228,-111610184455.00385,-112858638866.46487,-114113104925.42184,-115373224675.66689,-116638615622.5658,-117908869514.95276,-119183551073.2646,-120462196661.97227,-121744312904.349,-123029375237.59592,-124316826406.34654,-125606074892.57117,-126896493279.92014,-128187416550.57306,-129478140312.70296,-130767918956.72522,-132055963738.57904,-133341440788.39227,-134623469043.0036,-135901118100.97224,-137173405998.8903,-138439296908.03436,-139697698750.65747,-140947460735.52682,-142187370812.67606,-143416153047.75467,-144632464916.83807,-145834894523.11676,-147021957737.51355,-148192095266.0008,-149343669647.2146,-150474962184.8908,-151584169820.70837,-152669401954.31894,-153728677218.68082,-154759920220.33627,-155760958255.96014,-156729518018.41876,-157663222307.69925,-158559586764.449,-159416016646.51587,-160229803671.82288,-160998122954.19186,-161718030062.3615,-162386458236.46774,-163000215800.7059,-163555983815.79523,-164050314020.28024,-164479627115.6349,-164840211456.6637,-165128222215.81793,-165339681097.8445,-165470476689.66492,-165516365539.59912,-165472974070.03455,-165335801438.41006,-165100223472.97028,-164761497822.1537,-164314770469.7036,-163755083781.60544,-3541137918.9597178,-3523520819.337623,-3503215975.951192,-3480118196.855836,-3454122545.6374645,-3425124935.960473,-3489556164.5683026,-3456656798.1414742,-3420389428.215595,-3380649544.6473894,-3337337071.366301,-3290357572.649888,-3239623600.848616,-3185056195.416288,-3126586542.6192293,-3064157804.434015,-2997727123.798488,-2927267811.4348345,-2852771716.7725773,-2774251781.898149,-2691744772.752545,-2605314175.77,-2515053240.550902,-2421088139.720463,-2323581205.549692,-2222734188.907983,-2118791469.3857927,-2012043125.7145607,-1902827752.7345831,-1791534885.0629425,-1678606858.4390557,-1564539907.927209,-1449884268.6273386,-1335243010.7967072,-1221269309.6564894,-1108661824.0781643,-998157842.6262168,-890523856.571186,-786543245.9312605,-687000826.9129413,-592664119.8855916,-504261370.3049653,-422456605.0548394,-347822345.52046883,-280811032.0501819,-221726735.4891405,-170699312.1541783,-127663738.7282439,-92347838.74740426,-64271824.94773989,-42762821.21368092,-26986552.83781748,5921167557.448865,6962354205.644895,8150794229.452806,9508443855.830606,11056584329.260359,12812154739.297962,14780662547.888248,16942799539.446928,19229669549.261765,21478117358.38425,23353958533.2045,24234033558.357323,23080588211.863445,18543938374.886948,10173468008.66975,1932220618.3072455,3344105.54222775,0.0
38.5,-43963091745.54734,-44699440946.56528,-45445672818.60643,-46201916731.81043,-46968303355.07175,-47744964641.73949,-48532033813.23825,-49329645340.47884,-50137934922.91708,-50957039465.11314,-51787097050.63395,-52628246913.13383,-53480629404.43733,-54344385959.44098,-55219659057.63712,-56106592181.05528,-57005329768.40288,-57916017165.175255,-58838800569.49265,-59773826973.40868,-60721244099.41911,-61681200331.88624,-62653844643.07725,-63639326513.49939,-64637795846.195335,-65649402874.64687,-66674298063.910576,-67712632004.59446,-68764555299.25745,-69830218440.79417,-70909771682.34323,-72003364898.22888,-73111147435.4242,-74233267954.99059,-75369874262.92346,-76521113129.79965,-77687130098.59088,-78868069279.97275,-80064073134.42375,-81275282240.36774,-82501835047.57721,-83743867615.00957,-85001513332.20644,-86274902623.33894,-87564162632.93195,-88869416892.2526,-90190784965.29216,-91528382073.21332,-92882318696.0801,-94252700150.6222,-95639626142.72353,-97043190293.25468,-98463479635.80235,-99900574084.77184,-101354545872.26326,-102825458952.04222,-104313368368.84177,-105818319591.14523,-107340347805.51202,-108879477170.40866,-110435720027.41891,-112009076067.59772,-113599531450.63573,-115207057874.39116,-116831611592.23653,-118473132375.55428,-120131542418.59952,-121806745182.82904,-123498624177.6765,-125207041674.6307,-126931837351.35034,-128672826862.42668,-130429800333.27924,-132202520773.55116,-133990722406.24709,-135794108908.74356,-137612351561.6875,-139445087301.69446,-141291916673.66367,-143152401678.43823,-145026063511.4681,-146912380188.07922,-148810784050.91156,-150720659155.0811,-152641338526.6323,-154572101289.8977,-156512169659.4684,-158460705792.60983,-160416808498.1434,-162379509798.06375,-164347771338.46875,-166320480646.7894,-168296447232.78775,-170274398531.39554,-172252975686.18414,-174230729173.1178,-176206114265.264,-178177486340.3306,-180143096034.31305,-182101084246.17093,-184049477000.35657,-185986180176.22263,-187908974115.8737,-189815508124.94485,-191703294884.12924,-193569704793.11023,-195411960272.9002,-197227130057.5572,-199012123511.8812,-200763685018.06705,-202478388481.51355,-204152632014.12112,-205782632862.58133,-207364422659.462,-208893843086.44296,-210366542051.98297,-211777970500.137,-213123379983.3097,-214397821149.60284,-215596143315.1961,-216712995314.07047,-4334576010.0901785,-4338796858.669129,-4340278107.276502,-4338858815.09197,-4334373002.512514,-4326649923.743093,-4404567338.073894,-4393423333.384544,-4378512139.308398,-4359638239.233407,-4336603074.183042,-4309205939.222784,-4277245055.131359,-4240518837.457026,-4198827386.925175,-4151974226.9532623,-4099768315.684153,-4042026361.365099,-3978575470.938925,-3909256162.2005687,-3833925769.579104,-3752462272.247764,-3664768570.484952,-3570777231.566625,-3470455719.4242663,-3363812112.200255,-3250901297.894554,-3131831619.609253,-3006771917.4069057,-2875958882.321823,-2739704598.3134084,-2598404098.5932307,-2452542702.5105824,-2302702826.974912,-2149569881.619981,-1993936759.7955456,-1836706329.5847604,-1678891214.0519123,-1521610034.5419934,-1366079186.1025453,-1213599136.8206513,-1065534217.4375826,-923284927.618125,-788251974.7578144,-661791634.6467934,-545162642.7897508,-439465753.0283106,-345578383.6533157,-264088416.20235464,-195233141.4453236,-138851343.3568595,-94358150.86341888,7260414438.314983,8106491842.589542,8994838965.014109,9916780806.2967,10854271306.525732,11774568830.119656,12622701510.908545,13311317188.998283,13708296971.710238,13625223084.658487,12817526019.850609,11026137458.543848,8126947961.625822,4477534281.881034,1321525760.1241932,73535245.14924842,3273.038393590019,0.0
38.25,-33337497657.501976,-34066240976.706093,-34806262313.8018,-35557742868.276726,-36320866808.24647,-37095821310.85165,-37882796602.44152,-38681985998.47608,-39493585943.07323,-40317796048.12125,-41154819131.87079,-42004861256.91468,-42868131767.45608,-43744843325.75867,-44635211947.66338,-45539457037.05025,-46457801419.11173,-47390471372.29637,-48337696658.77113,-49299710553.23904,-50276749869.93764,-51269054987.63123,-52276869872.39717,-53300442097.99112,-54340022863.5626,-55395867008.476105,-56468233023.97316,-57557383061.39878,-58663582936.68982,-59787102130.804985,-60928213785.75772,-62087194695.88286,-63264325293.9503,-64459889631.70743,-65674175354.4076,-66907473668.85001,-68160079304.42618,-69432290466.63196,-70724408782.47263,-72036739237.14638,-73369590101.35178,-74723272848.52492,-76098102061.26117,-77494395326.13203,-78912473116.05441,-80352658659.31206,-81815277794.27707,-83300658808.80907,-84809132263.25093,-86341030795.86589,-87896688909.48776,-89476442738.0772,-91080629791.79364,-92709588679.10362,-94363658804.3507,-96043180039.11513,-97748492365.58318,-99479935490.0351,-101237848424.44237,-103022569034.03596,-104834433548.58148,-106673776034.94691,-108540927828.40643,-110436216919.96593,-112359967296.82478,-114312498232.92078,-116294123526.31224,-118305150679.96198,-120345880022.28017,-122416603763.56737,-124517604984.27174,-126649156550.7368,-128811519953.8655,-131004944065.86476,-133229663809.96098,-135485898737.69138,-137773851508.07797,-140093706262.6819,-142445626890.21338,-144829755174.04367,-147246208815.61673,-149695079326.4121,-152176429780.74503,-154690292421.32358,-157236666109.10977,-159815513608.65262,-162426758699.6902,-165070283105.43457,-167745923227.60013,-170453466677.8701,-173192648595.1665,-175963147737.77484,-178764582339.09515,-181596505715.5564,-184458401615.04388,-187349679294.07632,-190269668311.9273,-193217613029.9532,-196192666804.5667,-199193885862.62305,-202220222848.47183,-205270520032.63123,-208343502172.96204,-211437769020.4332,-214551787463.10312,-217683883303.85217,-220832232669.7573,-223994853053.8665,-227169593993.58847,-230354127394.05338,-233545937509.7349,-236742310603.44968,-239940324308.73425,-243136836729.64395,-246328475321.4444,-249511625606.6141,-252682419793.29425,-255836725378.01303,-258970133831.46173,-262077949485.58044,-265155178762.5265,-5096314682.575888,-5130907350.153835,-5163238005.033056,-5193108245.534583,-5220308682.574757,-5244618646.462505,-5335000547.821861,-5357306956.8509445,-5376090440.758863,-5391077746.818431,-5401982643.968101,-5408505986.290181,-5410335916.63014,-5407148238.444506,-5398606988.135245,-5384365244.768027,-5364066219.194443,-5337344670.206923,-5303828701.428361,-5263141999.129405,-5214906577.984408,-5158746108.777826,-5094289909.036115,-5021177684.167676,-4939065112.495327,-4847630371.9452505,-4746581708.278904,-4635666143.513182,-4514679417.118256,-4383477239.840501,-4241987918.186375,-4090226373.733836,-3928309531.8262873,-3756472984.396418,-3575088736.412039,-3384683718.7391944,-3185958585.545674,-2979806105.094644,-2767328193.00729,-2549850323.033573,-2328931682.637982,-2106369027.571785,-1884191751.9674816,-1664645268.6435432,-1450159456.7942266,-1243298788.560244,-1046690949.8641088,-862931540.9681025,-694464053.44898,-543437084.4067645,-411544952.26283634,-299863653.1759579,6360141399.155468,6897088876.121355,7383405339.676348,7797701365.863443,8111589950.752133,8287644016.064692,8277760786.830577,8023376701.747475,7460436911.519284,6534232524.104144,5231494393.861494,3635577274.0526843,1991773083.7234914,705285610.4876276,100068258.11909989,1295365.7141950354,0.7352647365770402,0.0
38.0,-20229619800.62988,-20910175899.386986,-21602732431.39833,-22307510992.25065,-23024737644.71976,-23754643013.64364,-24497462382.650223,-25253435792.75638,-26022808142.84864,-26805829292.05541,-27602754164.018658,-28413842853.06812,-29239360732.30036,-30079578563.560028,-30934772609.31681,-31805224746.42917,-32691222581.77891,-33593059569.75806,-34511035131.58204,-35445454776.399475,-36396630224.15946,-37364879530.194,-38350527211.46123,-39353904374.39108,-40375348844.26214,-41415205296.03191,-42473825386.52851,-43551567887.9044,-44648798822.23638,-45765891597.1432,-46903227142.28177,-48061194046.55803,-49240188695.88185,-50440615411.266975,-51662886587.0639,-52907422829.08824,-54174653092.383415,-55465014818.33192,-56778954070.803154,-58116925670.992645,-59479393330.57792,-60866829782.78154,-62279716910.89338,-63718545873.76392,-65183817227.73914,-66676041044.4557,-68195737023.87254,-69743434601.85085,-71319673051.54468,-72925001577.79544,-74559979403.65945,-76225175848.1191,-77921170393.95778,-79648552744.6853,-81407922869.31398,-83199891033.6873,-85025077816.9554,-86884114111.67894,-88777641105.9218,-90706310245.55798,-92670783174.88344,-94671731653.46228,-96709837446.98264,-98785792189.71625,-100900297215.98888,-103054063357.86708,-105247810706.0482,-107482268330.70786,-109758173958.80748,-112076273604.09744,-114437321145.76004,-116842077851.3315,-119291311839.20468,-121785797475.66498,-124326314701.0258,-126913648279.02654,-129548586963.215,-132231922573.57462,-134964448976.15236,-137746960957.9124,-140580252988.4714,-143465117859.75983,-146402345194.00906,-149392719809.77115,-152437019934.94012,-155536015254.9672,-158690464783.626,-161901114542.80478,-165168695036.8691,-168493918506.14938,-171877475943.06686,-175320033853.3106,-178822230743.32468,-182384673314.15045,-186007932340.4062,-189692538211.8592,-193438976113.6788,-197247680820.0396,-201119031074.2816,-205053343527.3492,-209050866204.7069,-213111771470.418,-217236148455.54324,-221423994916.5352,-225675208487.8645,-229989577291.7578,-234366769866.69785,-238806324375.2649,-243307637051.05377,-247869949843.8333,-252492337221.92017,-257173692090.9833,-261912710789.32025,-266707877121.1421,-271557445391.76227,-276459422411.94257,-281411548443.25354,-286411277062.36456,-291455753929.99866,-296541794460.19275,-301665860397.84753,-5723998161.645968,-5795774605.410717,-5866408944.828514,-5935702470.235548,-6003440712.409452,-6069392469.256813,-6169397460.200563,-6235841739.443223,-6299886982.445726,-6361226699.13755,-6419531720.896165,-6474449037.876317,-6525600657.597401,-6572582505.951432,-6614963396.744909,-6652284101.748776,-6684056560.141999,-6709763274.352391,-6728856948.794433,-6740760439.060168,-6744867091.927467,-6740541571.3016615,-6727121282.082854,-6703918523.106748,-6670223521.842388,-6625308527.459647,-6568433165.076207,-6498851282.124999,-6415819547.207492,-6318608091.443483,-6206513510.510672,-6078874569.769366,-5935090971.437471,-5774645546.556206,-5597130218.324105,-5402276037.578532,-5189987502.858405,-4960381229.736686,-4713828805.471312,-4451003328.81923,-4172928659.18474,-3881029747.879192,-3577181559.2105856,-3263752976.435483,-2943640707.874003,-2620286574.943057,-2297669751.4590364,-1980263712.8941607,-1672946193.4036794,-1380849931.8769498,-1109143342.0200207,-862734780.9222413,3872767838.5510197,4217351620.6592684,4467150119.918302,4603128660.843535,4606919679.301802,4462415543.059777,4158243781.7595897,3691713283.00245,3075046927.2640486,2344425132.155006,1570207445.980429,860324249.6681,337799771.9590984,72437968.73814769,4434698.256289937,10599.466140388728,3.751341890517718e-05,0.0
37.75,-4955796919.732024,-5547105746.950093,-6150360704.334112,-6765807977.498911,-7393699379.974821,-8034292495.851714,-8687850826.290665,-9354643940.007675,-10034947627.834831,-10729044061.465322,-11437221956.492744,-12159776739.855896,-12897010721.801584,-13649233272.48206,-14416761003.301315,-15199917953.132326,-15999035779.52098,-16814453955.001375,-17646519968.642593,-18495589532.95173,-19362026796.255814,-20246204560.689484,-21148504505.9108,-22069317418.67171,-23009043428.367283,-23968092248.68747,-24946883425.49287,-25945846591.036926,-26965421724.652725,-28006059420.01842,-29068221159.11717,-30152379592.99664,-31259018829.43343,-32388634727.59936,-33541735199.820164,-34718840520.51149,-35920483642.36365,-37147210519.84135,-38399580440.05038,-39678166361.00996,-40983555257.35587,-42316348473.48207,-43677162084.11051,-45066627262.25709,-46485390654.53947,-47934114763.74581,-49413478338.55582,-50924176770.27164,-52466922496.3832,-54042445410.751724,-55651493280.153145,-57294832166.87295,-58973246856.996605,-60687541293.97485,-62438539016.98544,-64227083603.5388,-66054039115.70053,-67920290549.21612,-69826744284.73477,-71774328540.22026,-73763993823.53445,-75796713384.04643,-77873483661.9932,-79995324734.16846,-82163280754.35509,-84378420386.7394,-86641837230.35738,-88954650232.40768,-91318004088.03809,-93733069623.963,-96201044162.99043,-98723151866.24149,-101300644049.51538,-103934799469.89693,-106626924578.31256,-109378353733.31705,-112190449370.92578,-115064602124.80669,-118002230890.58704,-121004782827.43532,-124073733289.41785,-127210585678.41748,-130416871209.62347,-133694148579.75148,-137044003527.23251,-140468048272.60245,-143967920826.2303,-147545284149.33395,-151201825152.93848,-154939253518.0231,-158759300318.57452,-162663716427.60712,-166654270684.39587,-170732747799.22568,-174900945969.82245,-179160674181.3392,-183513749159.27243,-187961991941.98825,-192507224036.61185,-197151263118.8916,-201895918234.22903,-206742984453.41147,-211694236932.6188,-216751424323.03427,-221916261470.8328,-227190421343.4193,-232575526112.59387,-238073137319.7247,-243684745042.1158,-249411755973.4635,-255255480324.6848,-261217117444.43265,-267297740051.3393,-273498276962.46017,-279819494194.59955,-286261974307.21967,-292826093847.6037,-299511998750.9138,-306319577539.9867,-313248432162.2737,-320297846294.53827,-6092061398.449666,-6203965831.486797,-6316479507.669404,-6429455341.601025,-6542729057.386598,-6656117658.259207,-6760784326.856099,-6878159988.929311,-6995229240.7387295,-7111726770.470207,-7227358989.705931,-7341801636.336521,-7454697221.038339,-7565652316.972959,-7674234695.337961,-7779970313.276754,-7882340165.65274,-7980777018.566961,-8074662050.559015,-8163321437.54875,-8246022930.197031,-8321972488.0125,-8390311053.83104,-8450111575.972019,-8500376414.273559,-8540035301.292026,-8567944072.303619,-8582884428.562417,-8583565058.822297,-8568624515.713512,-8536636327.391942,-8486116921.918827,-8415537052.54616,-8323337536.05065,-8207950251.571574,-8067825489.837859,-7901466884.455917,-7707475285.072847,-7484603026.15024,-7231820073.45653,-6948393447.005045,-6633981057.714518,-6288740562.912286,-5913452917.244275,-5509658805.911378,-5079803890.360419,-4627385531.791308,-4157089134.796464,-3674896272.802102,-3188139292.0680194,-2705468508.4432206,-2236689537.421787,189764361.69562912,579775206.8522964,885298926.2571073,1089362778.7105756,1179789878.3549113,1152807138.0931437,1017001663.0382195,796615487.9700974,532333165.55108273,276886212.4123399,82771135.30230457,-18021560.53223279,-34208933.85790969,-13684168.724195976,-1306819.5783000626,-5224.762285107863,-6.992961521561222e-05,0.0
37.5,12278482872.340055,11819034224.002031,11348592004.950392,10866906155.096966,10373720354.147638,9868771845.683023,9351791255.756746,8822502405.82569,8280622119.822266,7725860025.173138,7157918347.559744,6576491699.211446,5981266860.51335,5371922554.704445,4748129215.434948,4109548746.9406056,3455834276.5894613,2786629899.542962,2101570415.267851,1400281055.626744,682377204.2657026,-52535892.9924775,-804863427.047046,-1575021334.0206294,-2363436613.6798973,-3170547658.105862,-3996804590.947972,-4842669617.614119,-5708617386.75107,-6595135363.384852,-7502724214.099997,-8431898204.644533,-9383185610.36173,-10357129139.857204,-11354286372.31983,-12375230208.929815,-13420549338.789314,-14490848719.8289,-15586750075.147562,-16708892405.255491,-17857932516.695347,-19034545567.530685,-20239425630.190067,-21473286272.171986,-22736861155.112083,-24030904652.72596,-25356192488.142303,-26713522391.14136,-28103714775.81932,-29527613439.192364,-30986086281.257458,-32480026047.01533,-34010351090.957066,-35578006164.50474,-37183963226.87878,-38829222279.8516,-40514812226.81865,-42241791756.59718,-44011250252.32545,-45824308725.79851,-47682120777.533066,-49585873582.79759,-51536788903.785286,-53536124128.03766,-55585173333.14393,-57685268377.64907,-59837780018.0007,-62044119051.24272,-64305737483.0299,-66624129720.38372,-69000833788.4381,-71437432570.22824,-73935555068.35774,-76496877687.13376,-79123125533.48462,-81816073734.66603,-84577548770.41599,-87409429816.83727,-90313650098.84874,-93292198247.57404,-96347119658.49362,-99480517845.59584,-102694555786.09113,-105991457249.51875,-109373508104.2501,-112843057593.47496,-116402519571.7454,-120054373692.012,-123801166531.84142,-127645512646.09998,-131590095531.84653,-135637668489.45744,-139791055362.09656,-144053151133.5401,-148426922362.00635,-152915407425.0587,-157521716547.75522,-162249031583.0442,-167100605509.85254,-172079761610.4202,-177189892284.08566,-182434457449.9484,-187816982485.51804,-193341055642.60663,-199010324875.23428,-204828494007.1528,-210799318158.68988,-216926598343.88217,-223214175139.23453,-229665921314.83725,-236285733306.87143,-243077521397.6832,-250045198455.45447,-257192667069.98425,-264523804904.0616,-272042448061.27933,-279752372250.76324,-287657271507.07446,-295760734199.3527,-304066216037.5464,-312577009755.15594,-6064645437.419786,-6213628488.047938,-6365419462.223624,-6519978442.955375,-6677251963.148094,-6837171318.634812,-6939369886.061798,-7107382776.342067,-7277995517.405354,-7451074623.633592,-7626460646.124953,-7803965090.7775955,-7983367012.298375,-8164409254.416365,-8346794304.974934,-8530179733.245052,-8714173175.896435,-8898326837.780315,-9082131474.27876,-9265009823.796638,-9446309462.453234,-9625295058.731085,-9801140014.4836,-9972917491.209322,-10139590838.039072,-10300003461.933344,-10452868213.01482,-10596756401.100924,-10730086616.26747,-10851113600.270222,-10957917511.305876,-11048394047.292929,-11120246049.060251,-11170977402.186316,-11197890303.545832,-11198087265.743198,-11168479610.004852,-11105804655.964905,-11006654363.420889,-10867518820.159134,-10684848695.58302,-10455141569.508217,-10175057848.023382,-9841572696.515274,-9452170884.35292,-9005091367.306007,-8499627392.864077,-7936485234.107245,-7318199371.159295,-6649592705.816194,-5938255486.354004,-5194994050.119732,-4880164691.138533,-4239939452.6373024,-3616538500.00966,-3032376708.6363773,-2510209376.532854,-2069657342.5171635,-1722271985.9041967,-1465728534.8841238,-1279005685.3178487,-1122228183.4628363,-946245715.5626235,-715296595.7983975,-437340295.29994017,-179921339.78893387,-32461179.576128338,-676800.7330410052,-1.5995852409193554,0.0
37.25,31026828441.221325,30738125708.32276,30440279177.968662,30133057404.851105,29816222682.803364,29489530855.35397,29152731119.84962,28805565824.9053,28447770260.930603,28079072443.47144,27699192889.09524,27307844383.53583,26904731741.80604,26489551559.968407,26061991958.24921,25621732315.15992,25168442992.28429,24701785049.36988,24221409949.350025,23726959252.90784,23218064302.176323,22694345893.152527,22155413936.387413,21600867105.494244,21030292472.999435,20443265133.04002,19839347810.395645,19218090455.313416,18579029823.57244,17921689041.204147,17245577153.264503,16550188656.029272,15835003011.957771,15099484146.743534,14343079927.744137,13565221623.052992,12765323340.446323,11942781445.409424,11096973957.412086,10227259923.573648,9332978768.82076,8413449621.609185,7467970614.241972,6495818156.781773,5496246183.514333,4468485370.882615,3411742325.768332,2325198742.9576783,1208010530.5862803,59306902.30942302,-1121810565.094124,-2336268910.026724,-3585024801.672179,-4869065594.324598,-6189410421.929669,-7547111334.365181,-8943254477.041199,-10378961315.443687,-11855389906.298578,-13373736217.07258,-14935235495.585785,-16541163691.54156,-18192838931.83538,-19891623051.538868,-21638923182.49481,-23436193401.49446,-25284936440.039062,-27186705457.7137,-29143105881.21726,-31155797311.11085,-33226495498.34311,-35356974392.60969,-37549068264.58431,-39804673904.02334,-42125752895.70627,-44514333975.09808,-46972515465.54212,-49502467798.67521,-52106436119.6215,-54786742978.351234,-57545791108.38365,-60386066293.76968,-63310140324.99259,-66320674044.08497,-69420420478.84485,-72612228065.57005,-75899043959.16536,-79283917428.84703,-82770003336.92043,-86360565697.25737,-90058981309.1165,-93868743460.8226,-97793465696.53172,-101836885637.83116,-106002868850.23732,-110295412742.7346,-114718650486.3039,-119276854934.89903,-123974442529.495,-128815977162.61002,-133806173977.04678,-138949903068.45752,-144252193056.62213,-149718234485.01364,-155353383002.1797,-161163162271.6426,-167153266549.282,-173329562858.42947,-179698092683.0015,-186265073087.8368,-193036897162.76407,-200020133672.67377,-207221525779.76343,-214647988685.9556,-222306606022.996,-230204624794.62463,-238349448649.1706,-246748629231.58368,-255409855330.889,-264340939501.9121,-273549801798.34604,-5516115445.406577,-5691614925.48494,-5872198082.879063,-6057974434.483018,-6249049051.922336,-6445521318.008819,-6536260632.191657,-6744832474.191683,-6959271242.341484,-7179656223.351983,-7406052943.208223,-7638510462.447696,-7877058280.927426,-8121702799.492947,-8372423279.213394,-8629167231.332962,-8891845162.762947,-9160324592.763697,-9434423246.429802,-9713901319.711836,-9998452699.05362,-10287695006.433249,-10581158327.911509,-10878272471.096128,-11178352584.80912,-11480582963.55513,-11783998851.366407,-12087466055.992155,-12389658187.646698,-12689031350.00884,-12983796139.500933,-13271886858.371712,-13550927926.279472,-13818197595.367704,-14070589250.5207,-14304570829.839016,-14516143257.026192,-14700799272.05758,-14853484723.947533,-14968565306.431398,-15039802944.565056,-15060347662.975033,-15022752883.512629,-14919024817.580912,-14740720035.439262,-14479109472.73306,-14125432039.174122,-13671266391.718882,-13109054711.317225,-12432816188.012758,-11639087935.296238,-10728122928.96877,-11999911027.605785,-11120477897.511494,-10124099124.50808,-9030947244.076914,-7873917340.302825,-6699971187.000406,-5568969561.007842,-4547755772.239466,-3696856786.0969405,-3048330576.0584035,-2578305474.7956367,-2189125402.318944,-1731775271.9739697,-1104188701.7242527,-419260215.5623756,-38511349.37535622,-7656.496584859614,0.0
37.0,50571454981.58606,50484563912.42808,50391199828.45586,50291172458.53982,50184285957.61361,50070338727.180725,49949123229.33004,49820425793.99614,49684026419.191154,49539698563.921,49387208933.48733,49226317256.861404,49056776055.8046,48878330405.391655,48690717685.58225,48493667323.46497,48286900525.78507,48070130001.34697,47843059672.86446,47605384377.81215,47356789557.8117,47096950936.06183,46825534182.303,46542194564.77958,46246576588.64047,45938313620.18971,45617027496.375854,45282328118.87363,44933813032.08734,44571066984.36968,44193661471.71686,43801154263.167534,43393088907.09379,42968994217.53614,42528383739.69152,42070755193.62234,41595589895.20947,41102352153.32456,40590488642.14777,40059427747.505714,39508578886.04969,38937331796.03601,38345055798.41266,37731099026.85072,37094787625.294586,36435424911.53553,35752290505.238144,35044639418.77628,34311701109.15139,33552678489.183064,32766746896.0742,31953053015.35871,31110713758.143497,30238815089.4542,29336410805.386265,28402521256.65297,27436132016.00283,26436192486.856007,25401614450.381245,24331270548.10068,23223992696.9671,22078570433.71324,20893749185.11814,19668228460.67391,18400659963.97029,17089645618.941446,15733735506.932217,14331425710.359158,12881156058.541067,11381307771.069777,9830200993.88552,8226092222.997181,6567171610.567066,4851560147.847124,3077306719.211956,1242385021.296281,-655309659.0109876,-2617963814.214156,-4647849240.255426,-6747326721.971551,-8918849887.23648,-11164969237.323135,-13488336361.269814,-15891708342.286354,-18377952364.472427,-20950050528.346733,-23611104883.88964,-26364342689.98976,-29213121909.33468,-32160936947.907658,-35211424648.31942,-38368370546.22571,-41635715399.0264,-45017561995.9174,-48518182258.13012,-52142024637.86393,-55893721823.929214,-59778098761.49008,-63800180992.462105,-67965203322.07976,-72278618815.83278,-76746108129.36716,-81373589171.96594,-86167227101.85269,-91133444648.68526,-96278932755.17744,-101610661525.69923,-107135891464.8588,-112862184983.32877,-118797418141.4266,-124949792592.9953,-131327847682.801,-137940472639.72656,-144796918795.2356,-151906811741.6467,-159280163327.31482,-166927383365.49118,-174859290909.98178,-183087124923.1829,-191622554130.0969,-200477685814.73105,-4357360979.158754,-4541038366.732954,-4731639639.639481,-4929434495.867925,-5134701159.430594,-5347726176.992753,-5416875573.717303,-5644949994.861797,-5881799981.855529,-6127756506.297878,-6383157385.087249,-6648346194.42896,-6923670896.411073,-7209482124.855494,-7506131067.882548,-7813966873.761738,-8133333493.887832,-8464565861.80333,-8807985289.721514,-9163893943.565578,-9532568233.64922,-9914250930.232346,-10309141780.679403,-10717386367.142233,-11139062899.845158,-11574166590.38025,-12022591191.13223,-12484107220.29343,-12958336316.282282,-13444721080.402485,-13942489672.420004,-14450614321.35896,-14967762805.495377,-15492241845.561453,-16021931250.95283,-16554207572.28558,-17085855963.887756,-17612968975.752274,-18130831119.88761,-18633788355.96685,-19115102211.383263,-19566789230.49885,-19979448037.53287,-20342078782.80159,-20641903524.554844,-20864201734.179417,-20992183353.09785,-21006933660.760437,-20887480862.20653,-20611060168.58985,-20153678533.95804,-19491122689.71369,-21628772612.53428,-20927460250.17882,-19937749122.837547,-18641503766.46799,-17038070667.538288,-15154528839.410877,-13057805208.01362,-10866074048.262243,-8753173017.471874,-6933987743.137575,-5612737807.894318,-4878225290.0323715,-4560223236.73881,-4140494431.032915,-2928954230.478,-924615503.4416234,-7225096.624444803,0.0
36.75,70133482145.75499,70269619029.9742,70402626402.98428,70532375238.34859,70658732272.30959,70781559857.8561,70900715813.20059,71016053264.42442,71127420482.03917,71234660711.2009,71337611995.29834,71436106992.62573,71529972785.83562,71619030683.85062,71703096015.90152,71781977917.33667,71855479106.83606,71923395654.64143,71985516741.39531,72041624407.16145,72091493290.18024,72134890354.88316,72171574608.6753,72201296806.96202,72223799145.87529,72238814942.12073,72246068299.34447,72245273760.37921,72236135944.70314,72218349170.4057,72191597059.91864,72155552128.73251,72109875356.27682,72054215738.09784,71988209818.42351,71911481202.15451,71823640045.27023,71724282522.58325,71612990271.71777,71489329812.12782,71352851937.9043,71203091083.05351,71039564657.85591,70861772354.83759,70669195422.80545,70461295907.31155,70237515855.81902,69997276485.7474,69739977313.47105,69464995242.23526,69171683606.84126,68859371172.82559,68527361087.73358,68174929781.94462,67801325816.36317,67405768674.1339,66987447493.37437,66545519737.74229,66079109801.46995,65587307545.302185,65069166759.55938,64523703550.33086,63949894644.56178,63346675609.54736,62712938982.07974,62047532302.20981,61349256046.28044,60616861453.5702,59849048240.54102,59044462196.32167,58201692652.67089,57319269821.252174,56395661990.61703,55429272574.82352,54418437005.12621,53361419455.64368,52256409393.35174,51101517942.1522,49894774050.137146,48634120448.49115,47317409389.76048,45942398152.4576,44506744298.15884,43008000666.3969,41443610091.73705,39810899826.45866,38107075651.24061,36329215655.15643,34474263665.141174,32539022303.86638,30520145653.678352,28414131502.888123,26217313149.27377,23925850734.140408,21535722078.699875,19042712992.86264,16442407024.793703,13730174617.764849,10901161638.941462,7950277242.777379,4872181029.6708765,1661269458.4453256,-1688338530.8915265,-5182816729.817932,-8828647757.250732,-12632640088.76894,-16601946071.182005,-20744080976.493107,-25066943151.155987,-29578835318.14539,-34288487090.70769,-39205078757.61161,-44338266400.18199,-49698208401.20593,-55295593404.80574,-61141669784.34168,-67248276672.1002,-73627876599.62599,-80293589790.69801,-87259230139.6859,-94539342895.79712,-2563716749.457057,-2730969558.359585,-2906002673.7171,-3089212282.1769767,-3281016355.835076,-3481855813.448845,-3519267153.269606,-3736048248.057526,-3963308807.175657,-4201600923.672157,-4451507029.7167,-4713641302.6285,-4988651052.739485,-5277218068.301019,-5580059885.921917,-5897930946.750118,-6231623588.43025,-6581968810.351881,-6949836734.321294,-7336136663.888864,-7741816622.345318,-8167862220.875024,-8615294673.30977,-9085167730.865002,-9578563257.323288,-10096585100.09086,-10640350832.610249,-11210980845.35071,-11809584141.837791,-12437240047.824017,-13094974859.548565,-13783732233.607485,-14504335847.308205,-15257442523.937284,-16043483609.838352,-16862591895.66858,-17714510777.542,-18598481639.596638,-19513104594.169662,-20456166730.89726,-21424430905.080765,-22413376864.687885,-23416885241.5943,-24426853754.830063,-25432734151.541557,-26420978406.405865,-27374384303.465763,-28271335059.834766,-29084937291.803,-29782079875.81846,-30322468669.328827,-30657747219.44976,-32800629909.67622,-33158481683.043713,-33145935308.604744,-32670428543.698128,-31634347780.42624,-29945746161.924015,-27538194428.533,-24404123842.926907,-20645417025.03685,-16539324810.885744,-12599365822.956675,-9568215316.938284,-8212917091.810322,-8771027865.077229,-10078203997.24257,-8596053981.359894,-1229239265.544751,0.0
36.5,88859234701.42262,89226825931.81279,89595070137.07375,89963914568.79643,90333304103.19038,90703181149.02292,91073485551.75163,91444154493.67392,91815122389.90768,92186320780.00996,92557678215.02625,92929120139.75632,93300568770.00893,93671942964.6045,94043158091.87737,94414125890.40707,94784754323.70451,95154947428.55244,95524605156.69392,95893623209.53758,96261892865.53629,96629300799.8716,96995728896.0616,97361054049.0829,97725147959.5797,98087876918.70456,98449101583.11311,98808676739.60568,99166451058.88097,99522266837.83624,99875959729.81516,100227358462.17091,100576284540.47432,100922551938.65878,101265966774.351,101606326968.59325,101943421889.1152,102277031976.26364,102606928350.64476,102932872401.477,103254615354.59218,103571897818.9567,103884449310.51904,104191987752.11195,104494218948.0646,104790836032.09102,105081518886.93814,105365933534.17567,105643731492.41425,105914549102.12474,106178006815.11998,106433708446.63318,106681240387.79816,106920170776.19067,107150048621.9433,107370402886.7808,107580741513.1511,107780550400.43996,107969292325.05997,108146405800.9885,108311303877.10402,108463372867.42036,108601971010.05948,108726427050.51808,108836038744.48026,108930071275.1055,109007755579.36464,109068286577.62885,109110821300.30452,109134476904.8762,109138328576.24892,109121407302.77864,109082697519.83594,109021134612.1629,108935602265.65204,108824929658.49783,108687888480.93712,108523189772.0021,108329480560.85796,108105340299.37157,107849277071.56236,107559723564.51051,107235032784.12717,106873473497.93716,106473225385.65729,106032373876.8755,105548904653.54166,105020697793.2401,104445521527.34534,103821025586.1171,103144734100.5879,102414038028.69588,101626187070.51634,100778281034.61844,99867260614.50874,98889897530.78444,97842783991.00308,96722321415.33247,95524708371.76727,94245927660.04115,92881732478.30054,91427631601.09772,89878873491.2754,88230429261.78706,86476974396.42235,84612869130.68445,82632137385.69215,80528444138.85817,78295071105.1956,75924890592.34338,73410337380.72672,70743378467.59851,67915480499.9842,64917574706.69904,61740019123.54062,58372557888.44086,54804277364.69727,51023558830.35901,47018027450.37983,42774497225.21946,38278911585.24384,-198308878.72586367,-321726484.3025672,-452366591.8737575,-590672952.9471577,-737120004.6467944,-892215228.6181754,-889136519.475056,-1058246330.884079,-1237595461.1467638,-1427847936.9751997,-1629716174.6384013,-1843964849.5722568,-2071415086.764084,-2312948995.7825823,-2569514574.8953066,-2842131008.8512616,-3131894384.423049,-3439983846.4582653,-3767668214.665891,-4116313077.2395015,-4487388371.14688,-4882476449.772957,-5303280625.64633,-5751634157.971146,-6229509630.005336,-6739028627.847925,-7282471587.135388,-7862287613.839997,-8481104005.002687,-9141735088.489897,-9847189859.401482,-10600677703.576897,-11405611251.225138,-12265605076.839048,-13184468529.831614,-14166190410.103107,-15214912449.439972,-16334887564.248293,-17530417529.597973,-18805762985.95317,-20165016393.03504,-21611925513.479782,-23149651014.254677,-24780436526.19837,-26505162642.01615,-28322747433.07784,-30229344654.26581,-32217276443.15977,-34273619771.796696,-36378345533.199066,-38501887672.89699,-40602001871.58056,-41857636283.256096,-44276259427.45275,-46527913282.86883,-48478855751.32105,-49948496874.15197,-50699606816.49042,-50432427768.05662,-48791119809.24298,-45399795362.31966,-39960202395.899864,-32462126455.58906,-23561127931.587074,-15089538702.18145,-10309694805.542402,-12927566698.285746,-24528043555.542004,-31365438007.597324,0.0
36.25,105845414502.13126,106438177240.59242,107035521869.144,107637479912.9901,108244082707.04596,108855361371.365,109471346785.1816,110092069559.49348,110717560008.0994,111347848117.00566,111982963512.10677,112622935425.04196,113267792657.12238,113917563541.21625,114572275901.47452,115231957010.76906,115896633545.71008,116566331539.10014,117241076329.6712,117920892508.94446,118605803865.04056,119295833323.25536,119991002883.20824,120691333552.35297,121396845275.63129,122107556861.031,122823485900.79884,123544648688.03831,124271060128.40636,125002733646.60403,125739681087.3342,126481912610.37886,127229436579.42488,127982259444.24008,128740385615.77744,129503817333.75302,130272554526.2144,131046594660.58224,131825932585.61005,132610560363.67198,133400467092.7443,134195638717.40208,134996057828.106,135801703448.00208,136612550806.40083,137428571098.04492,138249731227.208,139075993535.60086,139907315512.98447,140743649489.31113,141584942307.12885,142431134972.88937,143282162285.70297,144137952441.9723,144998426614.2236,145863498502.32523,146733073855.15045,147607049960.593,148485315101.6842,149367747976.39365,150254217078.50415,151144580036.7568,152038682909.24033,152936359429.76828,153837430202.729,154741701842.6222,155648966054.19162,156558998648.74554,157471558491.89807,158386386377.5883,159303203822.81656,160221711777.08572,161141589240.04846,162062491780.32507,162984049947.87848,163905867571.70074,164827519933.8785,165748551810.3519,166668475367.8683,167586767905.73505,168502869430.00458,169416180046.66016,170326057159.2058,171231812454.79333,172132708661.62756,173027956058.86478,173916708718.55142,174798060457.3162,175671040473.52487,176534608643.39685,177387650447.1667,178228971493.70782,179057291609.11084,179871238451.48856,180669340610.731,181450020148.0248,182211584525.6432,182952217872.753,183669971527.7388,184362753791.7348,185028318821.64423,185664254583.8256,186267969781.76453,186836679662.3401,187367390595.6452,187856883312.6001,188301694672.7156,188698097821.1418,189042080579.461,189329321898.3377,189555166181.9601,189714595273.94977,189802197871.8408,189812136112.0654,189738109039.2805,189573312642.52435,189310396105.6565,188941413880.3861,188457773146.4289,187850176174.35733,187108557051.9325,2576284035.6045747,2521886397.207043,2462391271.303368,2397416257.6572065,2326547779.824044,2249338228.064733,2298759821.923049,2212505491.0514846,2118558602.6386404,2016312159.0981932,1905106327.856312,1784223255.398514,1652881311.9131792,1510228697.7553687,1355336334.0261548,1187189949.433316,1004681264.112626,806598158.0751834,591613697.2194982,358273873.21268404,104983894.79899465,-170007152.9621733,-468623488.5790528,-792981886.3750621,-1145413263.2580652,-1528486893.7580242,-1945037581.1121776,-2398196148.120828,-2891423648.366325,-3428549734.5143275,-4013815653.119015,-4651922360.454822,-5348084265.018245,-6108089089.886847,-6938364297.770954,-7846050412.130846,-8839081367.8393,-9926271688.41044,-11117409745.90342,-12423355514.309814,-13856139930.308577,-15429061009.425049,-17156768909.484928,-19055327710.3856,-21142235081.551785,-23436371181.22243,-25957833500.670174,-28727592579.600456,-31766871064.15006,-35096100227.174965,-38733236092.17374,-42691110430.39335,-42373091841.17351,-47114290716.967865,-52239666202.89225,-57706879961.88555,-63420164366.17535,-69198424282.07997,-74727343642.39445,-79489978821.75107,-82672940707.01062,-83058685735.63281,-78958861116.72018,-68366604475.896805,-49787353569.36175,-24601369436.783047,-1112931233.4804869,4847330133.744349,-46274474904.83122,0.0
36.0,120201582460.68028,120997788640.49107,121802324791.39964,122615306324.14906,123436850710.39648,124267077530.02403,125106108519.75565,125954067623.11682,126811081041.77484,127677277288.299,128552787240.37834,129437744196.5375,130332283933.39174,131236544764.48012,132150667600.71996,133074796012.52252,134009076293.61407,134953657526.60152,135908691650.3278,136874333529.05617,137850741023.52853,138838075063.93674,139836499724.84863,140846182302.13046,141867293391.90305,142900006971.57092,143944500482.96072,145000954917.6044,146069554904.19803,147150488798.26855,148243948774.07355,149350130918.75943,150469235328.79614,151601466208.70435,152747031972.0849,153906145344.95364,155079023471.38068,156265888021.42093,157466965301.3196,158682486365.96295,159912687133.5343,161157808502.32553,162418096469.63782,163693802252.6927,164985182411.45627,166292498973.26102,167616019559.09134,168956017511.37006,170312772023.0659,171686568267.9052,173077697531.44696,174486457342.74033,175913151606.24847,177358090733.67896,178821591775.31448,180303978550.3845,181805581775.9648,183326739193.8224,184867795694.56168,186429103438.34192,188011021971.35928,189613918337.1873,191238167181.9673,192884150852.3295,194552259484.7945,196242891085.27112,197956451597.10825,199693354955.99487,201454023129.8113,203238886141.33145,205048382071.44904,206882957040.3485,208743065163.7656,210629168481.1789,212541736852.4314,214481247818.9152,216448186425.03275,218443044995.20016,220466322861.14725,222518526033.71872,224600166812.7576,226711763327.97363,228853839002.94205,231026921933.5384,233231544171.1869,235468240900.2708,237737549497.9045,240040008463.0032,242376156200.1681,244746529642.3429,247151662694.44568,249592084478.24432,252068317356.5759,254580874712.60303,257130258457.11163,259716956233.8535,262341438289.5913,265004153971.7572,267705527812.4516,270445955152.8295,273225797256.663,276045375856.0039,278904967065.262,281804794592.61224,284745022169.3255,287725745108.25256,290746980892.16644,293808658680.7921,296910607611.98065,300052543757.3792,303234055575.8902,306454587688.9266,309713422779.63275,313009661393.5153,316342199389.8669,319709702761.5337,323110579504.38104,326542948176.6468,330004602741.4934,333492973232.6049,337005081721.6789,5504237463.25546,5536153500.936663,5566429879.899523,5594854918.742379,5621195294.253979,5645193713.468077,5742589475.816634,5765034873.252741,5784416079.238703,5800365081.7677145,5812474434.849175,5820292711.672598,5823319375.653361,5820998986.37073,5812714644.29672,5797780562.823411,5775433637.993489,5744823865.00347,5705003425.35116,5654914238.677727,5593373737.985807,5519058584.877268,5430485991.381068,5325992255.168121,5203708043.440919,5061529875.05225,4897087147.399095,4707703930.614582,4490354601.950801,4241612212.371096,3957588258.3323617,3633862266.050682,3265399272.827815,2846452897.6144223,2370451215.5618854,1829862070.433347,1216033752.5480182,519006113.0162968,-272713851.1992282,-1172419152.839378,-2195521406.8754973,-3359931301.6648493,-4686513397.3594055,-6199629926.765283,-7927790592.392468,-9904427474.645073,-12168815502.506714,-14767158359.45575,-17753855091.54203,-21192950165.223125,-25159742191.200542,-29742471047.21254,-27656067722.039173,-33326065935.386135,-39972553225.102646,-47766259862.14375,-56895571458.66324,-67553910692.74407,-79909348703.25603,-94038574523.06285,-109790307552.56384,-126511021359.50902,-142509730987.68607,-154064956232.8595,-153806586980.31534,-129131943871.79256,-65668808052.6614,29879315728.8484,154343879781.08472,0.0
35.75,131113857207.47354,132076850267.236,133051409973.84335,134037726471.24612,135035994004.03908,136046411030.6895,137069180340.5799,138104509175.01498,139152609352.34552,140213697397.37088,141287994675.18634,142375727529.65054,143477127426.6549,144592431102.38434,145721880716.76752,146865724012.3227,148024214478.6141,149197611522.54407,150386180644.71338,151590193622.0959,152809928697.28,154045670774.5446,155297711623.04437,156566350087.396,157851892305.9643,159154651937.16495,160474950394.11066,161813117087.94443,163169489680.2157,164544414344.67386,165938246038.86716,167351348785.95242,168784095967.14062,170236870625.21793,171710065779.60495,173204084753.4339,174719341513.146,176256261021.13168,177815279601.95996,179396845322.7664,181001418388.3923,182629471551.8965,184281490541.0828,185957974501.7181,187659436458.14288,189386403792.0048,191139418739.87845,192919038910.56543,194725837822.9022,196560405464.93933,198423348875.38657,200315292748.26227,202236880061.7176,204188772732.0471,206171652293.94064,208186220608.0692,210233200597.14328,212313337011.62576,214427397226.3249,216576172069.1438,218760476683.3045,220981151424.41907,223239062793.8232,225535104409.6423,227870198017.1089,230245294539.6985,232661375172.7049,235119452520.9238,237620571782.1639,240165811978.3535,242756287236.0573,245393148118.26343,248077583009.34164,250810819555.1168,253594126160.0305,256428813543.4001,259316236356.7988,262257794864.6068,265254936689.78165,268309158626.89267,271422008524.4528,274595087238.54004,277830050659.659,281128611814.7145,284492543045.88086,287923678268.02124,291423915306.15845,294995218314.30493,298639620276.7171,302359225592.3534,306156212742.9665,310032837044.8407,313991433483.6905,318034419631.6517,322164298644.6003,326383662337.2226,330695194332.306,335101673279.6035,339605976138.32306,344211081515.7739,348920073052.9342,353736142845.65063,358662594887.7946,363702848519.921,368860441863.7669,374139035219.18994,379542414395.8219,385074493946.6879,390739320265.2288,396541074500.4016,402484075236.70654,408572780876.8954,414811791654.5521,421205851191.4852,427759847500.6073,434478813318.4003,441367925631.77625,448432504241.65216,455678009179.3615,463110036761.4385,470734314032.5824,8263644340.882637,8386361625.858567,8511600532.403823,8639394288.440489,8769772053.113033,8902758069.628454,9044683558.116106,9184853320.55629,9327802962.92714,9473536531.945131,9622047439.561089,9773316521.080845,9927309777.11586,10083975745.875368,10243242442.5571,10405013790.90132,10569165457.92328,10735539985.912954,10903941095.344751,11074127007.57218,11245802606.095028,11418610218.526035,11592118756.577282,11765810896.44704,11939067914.400604,12111151708.903456,12281183437.299265,12448118066.48786,12610713976.605474,12767496555.610209,12916714469.584078,13056286973.655514,13183740222.264936,13296130019.358252,13389947784.92871,13461005658.676878,13504295553.42651,13513815527.996037,13482354959.692656,13401227507.737936,13259937560.75766,13045761463.41485,12743218914.712736,12333401956.411016,11793118124.844503,11093789489.28404,10200028828.364534,9067785789.19428,7641916211.579305,5852972120.633999,3612931399.8018622,809475282.9946994,4258205316.866427,654231180.1234399,-3973809868.4052534,-9931401616.685186,-17628862169.105003,-27621836536.61889,-40667808460.147644,-57802881491.26725,-80438949182.86693,-110463048977.22423,-150255946433.48923,-202332038819.3622,-267600806669.4928,-339021331519.8107,-381527041261.62506,-292129885554.49896,-76693618276.71451,0.0
35.5,137907657556.47687,138987705133.64987,140081745372.31552,141190025929.47324,142312800132.79553,143450327144.0059,144602872127.96848,145770706427.72342,146954107745.71014,148153360331.4329,149368755175.83475,150600590212.6573,151849170527.0787,153114808571.93317,154397824391.8316,155698545855.51672,157017308896.80374,158354457764.47018,159710345281.48126,161085333113.94986,162479792050.25565,163894102290.76123,165328653748.59003,166783846361.95166,168260090418.5217,169757806892.41092,171277427794.2839,172819396535.21368,174384168304.88998,175972210464.8279,177584002957.25653,179220038730.4006,180880824180.90744,182566879614.2016,184278739723.59967,186016954089.05176,187782087696.42465,189574721478.2872,191395452877.20847,193244896432.63272,195123684392.4468,197032467350.41977,198971914910.7496,200942716381.0238,202945581494.96408,204981241166.40112,207050448276.00345,209153978492.36285,211292631129.1268,213467230039.9625,215678624553.22977,217927690448.3419,220215330975.9108,222542477923.8751,224910092731.9434,227319167656.80603,229770726990.71265,232265828336.1523,234805563939.53293,237391062086.91617,240023488565.0429,242704048191.06552,245433986414.6013,248214590995.93387,251047193764.40344,253933172461.27573,256873952671.6175,259871009849.9874,262925871445.0273,266040119128.34787,269215391133.4256,272453384710.57523,275755858704.42737,279124636260.7398,282561607669.7844,286068733354.0114,289648047008.1573,293301658900.4917,297031759344.43536,300840622350.3737,304730609468.1197,308704173831.1483,312763864414.4518,316912330518.63403,321152326493.6956,325486716716.8455,329918480839.63965,334450719320.7639,339086659261.8914,343829660565.2203,348683222432.5841,353650990227.3939,358736762722.1492,363944499755.8524,369278330327.37103,374742561152.6484,380341685715.6475,386080393845.0817,391963581851.2873,397996363260.1168,404184080183.427,410532315368.6621,417046904973.1888,423733952112.44086,430599841234.6282,437651253378.718,444895182376.7092,452338952065.8401,459990234581.3756,467857069806.0058,475947886057.6998,484271522104.105,492837250598.311,501654803038.0028,510734396357.7747,520086761272.6287,529723172499.5081,539655480993.0868,549896148341.9374,560458283481.6683,571355681892.5243,10512827319.148285,10715331063.009914,10924317594.649445,11140075003.602531,11362907554.818178,11593136762.439678,11770925511.936855,12016521947.67931,12270614335.638245,12533608825.355114,12805935886.283686,13088051998.737268,13380441469.391108,13683618379.138374,13998128670.972118,14324552385.190632,14663506048.507162,15015645222.464516,15381667214.748966,15762313954.353151,16158375027.771675,16570690868.153442,17000156082.08714,17447722888.80419,17914404633.174755,18401279315.780567,18909493059.01572,19440263395.495914,19994882221.22604,20574718197.159573,21181218303.78134,21815908147.05226,22480390470.70887,23176341136.03194,23905501567.056087,24669666300.59961,25470663789.589382,26310327932.68461,27190456868.51384,28112754271.42858,29078746561.36834,30089666864.27311,31146292892.48412,32248720649.599045,33396048234.0302,34585932845.33849,35813967565.6236,37072799731.06229,38350875157.51657,39630634734.951385,40885899753.81325,42078039284.62864,46114410708.82783,47487391545.81396,48643181827.945564,49428472515.6692,49607591186.502556,48813880172.91909,46467664525.75047,41633741718.925186,32765476407.644344,17227890878.89229,-9628166097.048212,-56341467148.32,-139281242943.57394,-290937818017.86194,-574238540712.2239,-1061786901131.7391,-1151802575166.8079,0.0
35.25,140105389077.7631,141242807932.73013,142395600155.7712,143564047370.80246,144748437773.17426,145949066319.93213,147166234926.73907,148400252671.73376,149651436006.61078,150920108975.2235,152206603440.02225,153511259316.6579,154834424817.09537,156176456701.59772,157537720539.95993,158918590982.38855,160319452040.44525,161740697378.4877,163182730616.06937,164645965641.77597,166130826939.00494,167637749924.2172,169167181298.21674,170719579411.04312,172295414641.09088,173895169789.1008,175519340487.70038,177168435627.20908,178842977798.45526,180543503753.3959,182270564884.36923,184024727722.85315,185806574458.6501,187616703480.4674,189455729938.9128,191324286332.9819,193223023121.16977,195152609358.4012,197113733360.0416,199107103394.3152,201133448404.534,203193518762.6182,205288087055.4691,207417948905.84583,209583923829.4894,211786856130.3341,214027615835.75604,216307099673.9156,218626232095.3704,220985966341.2675,223387285560.5455,225831203978.73407,228318768121.0829,230851058092.915,233429188920.2765,236054311954.1349,238727616341.5785,241450330567.6785,244223724071.9002,247049108943.1881,249927841698.11023,252861325146.7173,255851010351.0648,258898398681.6677,262005043977.48373,265172554815.38724,268402596895.4828,271696895549.01865,275057238376.10626,278485478020.9307,281983535092.6477,285553401240.7168,289197142394.01154,292916902173.689,296714905490.4845,300593462337.8446,304554971793.1065,308601926239.7974,312736915825.06,316962633167.217,321281878329.57684,325697564077.7664,330212721439.14777,334830505584.2711,339554202051.8084,344387233340.0532,349333165889.8458,354395717485.70355,359578765104.05115,364886353239.724,370322702744.4155,375892220213.4723,381599507960.40857,387449374621.7738,393446846438.5705,399597179264.3266,405905871354.2085,412378676994.26746,419021621035.08325,425841014399.75336,432843470642.4444,440035923640.631,447425646511.7656,455020271853.5499,462827813416.3016,470856689326.2125,479115746989.75085,487614289822.1419,496362105956.97375,505369499109.6618,514647321784.9869,524207011038.4023,534060627022.5616,544220894574.83575,554701248128.7949,565515880263.1227,576679794235.6346,588208860888.4994,600119880353.9774,612430649038.6718,625160032419.1757,11948418208.74978,12204804221.0912,12470487084.981424,12745945351.78297,13031689690.4945,13328265559.795675,13528716988.541573,13846418928.28722,14176744340.393066,14520406143.310757,14878169818.900074,15250858222.82349,15639356923.37918,16044620136.814962,16467677337.25344,16909640631.144917,17371712999.97058,17855197531.13231,18361507776.06021,18892179397.118484,19448883291.59833,20033440412.81506,20647838546.13651,21294251342.97306,21975059969.982277,22692877796.008263,23450578618.121563,24251329023.727,25098625602.0786,25996337860.76218,26948757877.247417,27960657930.74959,29037357626.015743,30184802352.01641,31409655332.755062,32719406047.86164,34122498458.01901,35628483305.1826,37248199824.01514,38993993571.3064,40879978851.85541,42922356524.600174,45139800992.25069,47553934159.52077,50189909432.6351,53077135904.03558,56250182389.97608,59749913905.09696,63624930791.87119,67933404939.78368,72745440941.79071,78146136246.85843,82071466631.52744,88815785682.96695,96523976157.57642,105396034055.94899,115686547667.99467,127722720420.28706,141928700947.85574,158857498969.55728,179229487462.59528,203967043661.24295,234180211086.14917,270930325304.02078,314091652630.0752,357349352865.55164,363868559311.2158,114521603081.20796,-2278883953718.463,0.0
35.0,137473228232.52655,138602580737.46884,139747499716.70203,140908273481.95074,142085197038.61624,143278572275.8602,144488708163.18768,145715920953.79453,146960534394.95044,148222879945.7095,149503297002.2459,150802133131.13342,152119744310.89767,153456495182.18875,154812759306.93674,156188919436.8726,157585367791.8122,159002506348.12454,160440747137.82312,161900512558.74228,163382235696.28412,164886360657.2454,166413342916.25812,167963649675.4078,169537760237.62015,171136166394.43658,172759372828.8332,174407897533.7717,176082272247.20398,177783042904.2942,179510770107.65958,181266029616.4757,183049412855.3364,184861527443.8062,186702997747.6565,188574465452.82697,190476590163.2148,192410050023.4521,194375542367.8997,196373784397.1506,198405513883.41217,200471489906.2128,202572493619.96063,204709329054.9708,206882823953.6681,209093830643.7786,211343226950.41745,213631917149.1061,215960832961.8616,218330934598.6364,220743211846.51715,223198685209.24176,225698407099.74805,228243463088.62985,230834973211.5612,233474093338.9318,236162016611.1424,238899974943.2281,241689240602.7062,244531127864.79367,247426994749.41183,250378244844.6721,253386329221.84903,256452748447.1772,259579054696.15182,262766853976.4048,266017808465.62115,269333638971.4131,272716127520.52585,276167120085.267,279688529455.59216,283282338265.8702,286950602185.9836,290695453287.1108,294519103593.2685,298423848830.5018,302412072386.4628,306486249494.06885,310648951653.92914,314902851311.33966,319250726804.8302,323695467604.5423,328240079860.12244,332887692279.338,337641562360.2902,342505083001.9009,347481789519.32684,352575367093.10254,357789658683.1617,363128673441.4562,368596595659.6935,374197794291.7924,379936833094.0246,385818481429.5024,391847725787.73975,398029782074.4681,404370108731.8091,410874420754.3136,417548704672.3438,424399234580.87726,431432589299.0847,438655670754.1169,446075723691.4571,453700356824.1278,461537565544.0479,469595756331.0912,477883773009.0518,486410925012.9215,495187017848.8942,504222385947.4978,513527928131.5248,523115145944.2799,532996185110.4355,543183880431.884,553691804454.8636,564534320282.8636,575726638952.9602,587284881842.0594,599226148624.8281,611568591367.8345,624331495415.7468,12363254388.082272,12636931488.466415,12920858023.54791,13215579560.382896,13521679579.604292,13839782746.172752,14046650361.24617,14387806778.900034,14743001611.577236,15113057141.204388,15498858628.548616,15901360310.711245,16321592085.494013,16760666975.032047,17219789475.430397,17700264916.018055,18203509971.749813,18731064495.85746,19284604867.836094,19865959085.176823,20477123867.07694,21120284086.098816,21797834901.18846,22512407034.829235,23266895721.193928,24064493954.500385,24908730791.85677,25803515618.41708,26753189471.98837,27762584758.78623,28837094984.078823,29982756486.979103,31206344628.622856,32515487465.145226,33918800678.145893,35426048485.19747,37048336478.24975,38798343929.56554,40690605188.17946,42741852538.21398,44971436546.46314,47401844833.74837,50059346853.438736,52974801361.02976,56184675850.18506,59732344855.48064,63669759001.5551,68059612560.04729,72978189571.42079,78519146016.41782,84798602140.14601,91962097996.27892,95430674384.60553,104444735610.76352,114984699171.57503,127440331845.53369,142339742544.37357,160414506704.5858,182704324128.32538,210731644217.00638,246806157245.0484,294584349884.3904,360165532301.1999,454416414820.93335,598434089935.9594,838296392183.2533,1293759537236.6555,2380445716595.7075,6734708905324.906,0.0
34.75,130049604263.0488,131104612402.48624,132174161836.10658,133258519680.77692,134357959089.34872,135472759414.15971,136603206375.80943,137749592237.41028,138912215984.52432,140091383511.0085,141287407810.9955,142500609177.2542,143731315406.18076,144979862009.6842,146246592434.24313,147531858287.42206,148836019572.15286,150159444929.09528,151502511887.4121,152865607124.30655,154249126733.6878,155653476504.3495,157079072208.062,158526339898.00363,159995716217.97272,161487648722.84814,163002596210.78717,164541029067.67764,166103429624.3837,167690292527.3554,169302125123.20337,170939447857.86627,172602794691.03732,174292713526.54868,176009766659.4516,177754531240.56744,179527599759.3306,181329580545.78625,183161098292.6548,185022794598.4257,186915328532.4965,188839377223.4297,190795636471.4624,192784821386.46988,194807667052.64484,196864929221.242,198957385032.80032,201085833770.35147,203251097645.20245,205454022616.98264,207695479249.74057,209976363605.9884,212297598180.7053,214660132877.4341,217064946028.73856,219513045463.42883,222005469623.11264,224543288730.7948,227127606014.41312,229759558988.394,232440320796.49927,235171101619.45645,237953150151.08765,240787755146.9009,243676247049.3683,246619999694.39865,249620432103.81665,252679010368.9872,255797249631.074,258976716163.80048,262219029564.99,265525865063.59848,268898955949.4304,272340096133.2364,275851142845.44446,279434019482.3737,283090718609.42126,286823305131.4124,290633919641.0576,294524781957.2757,298498194866.0298,302556548077.283,306702322412.7202,310938094240.01544,315266540170.6598,319690442039.6907,324212692187.1347,328836299062.5507,333564393175.8002,338400233419.05035,343347213787.09,348408870525.28125,353588889736.947,358891115484.6913,364319558423.1158,369878405003.647,375572027295.7589,381404993472.80994,387382079015.0323,393508278686.9863,399788819352.0421,406229173692.2755,412835074908.5787,419612532482.9095,426567849092.4937,433707638774.5513,441038846449.8543,448568768924.2631,456305077499.4672,464255842337.63617,472429558739.7569,480835175514.3045,489482125631.79297,498380359381.9938,507540380274.4652,516973283949.9257,526690800400.3262,536705339829.7206,547030042526.8176,557678833164.0322,568666479987.7583,11690301878.31498,11941032806.46968,12200851050.55995,12470224131.471466,12749650929.931725,13039664293.955671,13235737427.186918,13546402687.88798,13869405205.69648,14205441335.416525,14555258742.467638,14919661095.523972,15299513274.288298,15695747158.678648,16109368075.523836,16541461990.33338,16993203545.140238,17465865059.18852,17960826627.811455,18479587476.77528,19023778755.335007,19595177982.094303,20195725394.51393,20827542496.84282,21492953153.929768,22194507641.775368,22935010142.25648,23717550262.27953,24545539270.57843,25422751883.385284,26353374599.526665,27342061794.137867,28394001038.426205,29514989434.037582,30711523151.84341,31990902868.90216,33361358433.56115,34832196896.26172,36413979074.58392,38118731144.96433,39960199463.95678,41954159045.71891,44118789032.53662,46475132328.96434,49047661655.21861,51864981066.79005,54960701119.72408,58374538223.85765,62153705566.76569,66354686055.31233,71045509433.98216,76308699401.66516,79197650916.91426,85740854537.3656,93231215939.29178,101868703371.73979,111908799720.1814,123681067024.80286,137614203668.20093,154268793536.35312,174376333111.36417,198872657617.606,228876268322.94473,265425777403.03864,308261015124.60144,350596055505.875,354284122242.7267,98448724275.58867,-2270273930115.998,0.0
34.5,118161209886.47696,119079779202.16104,120010730026.12576,120954283029.9583,121910663592.4526,122880101915.2224,123862833141.5521,124859097478.58832,125869140322.98276,126893212390.09792,127931569846.89252,128984474448.60892,130052193679.38882,131135000896.94856,132233175481.45064,133347002988.7135,134476775307.90926,135622790823.90016,136785354584.37782,137964778471.96967,139161381381.4887,140375489402.5064,141607436007.43967,142857562245.34833,144126216941.6498,145413756903.96576,146720547134.3258,148046961047.963,149393380698.94592,150760197012.90512,152147810027.1212,153556629138.2555,154987073358.01852,156439571577.0821,157914562837.55994,159412496614.39297,160933833105.9955,162479043534.53317,164048610456.2237,165643028082.07068,167262802609.46024,168908452565.07446,170580509159.59613,172279516654.70715,174006032742.90555,175760628940.69788,177543890995.75006,179356419308.61353,181198829369.67444,183071752212.01312,184975834880.89505,186911740920.65643,188880150879.7928,190881762835.0983,192917292935.7624,194987475968.3693,197093065943.8162,199234836707.21075,201413582571.88364,203630118978.7098,205885283182.0119,208179934963.39044,210514957374.9099,212891257513.15823,215309767325.78976,217771444452.2628,220277273100.5886,222828264962.02823,225425460165.7889,228069928275.9105,230762769332.66864,233505114940.9741,236298129408.40787,239143010935.7058,242040992862.6899,244993344972.844,248001374859.9401,251066429360.3562,254189896054.9609,257373204844.7102,260617829604.37683,263925289919.13348,267297152909.0366,270735035146.7957,274240604674.58725,277815583126.0693,281461747960.1715,285180934813.6966,288975039980.24854,292846023023.53296,296795909533.62634,300826794035.41187,304940843059.0192,309140298382.7902,313427480460.02594,317804792041.5504,322274722006.96814,326839849418.3851,331502847811.3142,336266489738.51404,341133651583.58673,346107318662.32654,351190590631.03937,356386687222.36993,361698954330.5612,367130870469.556,372686053628.9167,378368268554.1964,384181434480.1522,390129633347.037,396217118532.1461,402448324130.8421,408827874823.4,415360596366.2441,422051526748.434,428905928056.63617,435929299094.22943,443127388802.6513,450506210535.55206,458072057238.7468,465831517591.3042,10020804038.73522,10212916742.958982,10411142690.66244,10615751389.880983,10827027311.522009,11045270865.596474,11214700039.887388,11447464044.964758,11688225172.216034,11937362143.003012,12195276040.883446,12462391830.294024,12739159981.74394,13026058209.12469,13323593324.313265,13632303213.5211,13952758938.721304,14285566965.837791,14631371519.0321,14990857057.14758,15364750863.87152,15753825737.060162,16158902754.425495,16580854081.72269,17020605774.801071,17479140507.187473,17957500128.65795,18456787925.37679,18978170405.75932,19522878374.357185,20092206973.494827,20687514261.91621,21310217751.480297,21961788123.40128,22643739075.85561,23357611888.72985,24104952792.008232,24887280539.659336,25706040646.553795,26562541435.10985,27457865206.16216,28392745268.394627,29367395897.77088,30381277052.83248,31432768088.7294,32518713639.116364,33633788485.867462,34769603812.167114,35913440278.28251,37046436665.1979,38140974550.07592,39156859768.95977,41244601679.253456,42318477092.56221,43157003481.61665,43609986598.50181,43447949218.15763,42315653060.06315,39653832375.62938,34563562721.56767,25563560525.854797,10140180387.26076,-16119656912.773945,-61265265849.56766,-140567685972.0666,-283822677317.5068,-546774108880.0767,-983320232109.1935,-1002677174672.2292,0.0
34.25,102454013046.35736,103183720831.38536,103922710413.89069,104671136136.51648,105429155242.31071,106196927929.4826,106974617406.95558,107762389950.709,108560414960.899,109368865019.7471,110187915950.18263,111017746875.22316,111858540278.07487,112710482062.93243,113573761616.4533,114448571869.88078,115335109361.78703,116233574301.3998,117144170632.47856,118067106097.69728,119002592303.48917,119950844785.3032,120912083073.2172,121886530757.84718,122874415556.4882,123875969379.412,124891428396.24562,125921033102.34378,126965028385.06187,128023663589.82854,129097192585.90834,130185873831.73483,131289970439.68475,132409750240.15422,133545485844.78564,134697454708.6815,135865939191.42932,137051226616.74684,138253609330.5415,139473384757.1647,140710855453.618,141966329161.45892,143240118856.1235,144532542793.37265,145843924552.53516,147174593076.20612,148524882706.02545,149895133214.1368,151285689829.895,152696903261.36093,154129129711.08038,155582730885.6149,157058073998.24533,158555531764.22708,160075482387.93066,161618309541.1477,163184402331.79172,164774155262.15875,166387968175.8571,168026246192.43842,169689399628.69693,171377843905.51685,173091999439.06564,174832291515.03812,176599150144.5507,178393009900.18182,180214309730.5308,182063492751.54208,183941006012.6999,185847300236.0483,187782829525.82407,189748051046.3139,191743424665.3456,193769412560.61765,195826478785.8292,197915088793.3256,200035708909.6912,202188805760.418,204374845639.4468,206594293819.00427,208847613794.76627,211135266460.9272,213457709209.2736,215815394945.82047,218208771017.97952,220638278044.5745,223104348640.29645,225607406025.3932,228147862510.50208,230726117845.552,233342557420.5716,235997550305.0269,238691447110.96185,241424577663.71075,244197248462.27408,247009739909.5722,249862303290.69547,252755157474.92133,255688485314.63348,258662429711.3277,261677089315.5612,264732513823.97623,267828698832.3104,270965580198.5669,274143027865.15915,277360839082.7859,280618730971.9423,283916332350.203,287253174744.6088,290628682498.48065,294042161870.6121,297492789011.8379,300979596689.21674,304501459611.2229,308057078188.08887,311644960539.4216,315263402535.99054,318910465633.6444,322583952224.08527,326281378188.99915,329999942300.0201,7590594795.072102,7700234683.485045,7811978651.417635,7925841729.14337,8041833904.115002,8159959215.584347,8290401227.48899,8414719486.327004,8541273036.2364435,8670040637.676125,8800989005.130644,8934070782.283775,9069222197.526852,9206360346.660032,9345380040.07073,9486150140.216352,9628509301.49376,9772261008.045074,9917167785.111471,10062944435.433443,10209250122.952084,10355679090.492186,10501749754.70275,10646891868.40029,10790431375.21261,10931572501.01612,11069376527.22857,11202736567.604156,11330347516.412416,11450670143.542925,11561888070.501162,11661856056.55034,11748037638.21177,11817429674.012083,11866470718.071684,11890929338.72174,11885767455.448685,11844972413.29429,11761349745.844872,11626266256.624533,11429329983.151451,11157989535.322027,10797029856.305508,10327934133.19177,9728071677.30329,8969658103.682838,8018415659.6154175,6831836095.369839,5356913228.608709,3527163379.6616616,1258683665.626469,-1555096687.650075,-659617305.204239,-4402888598.700105,-9143606643.992445,-15169739055.542274,-22865584512.67749,-32747576677.571674,-45513098664.81282,-62104366735.721695,-83783579524.38004,-112194233218.48083,-149314590263.58432,-196993558331.10248,-255090649660.49115,-315245725635.40955,-342626339225.96185,-244839590811.1086,-25075615594.374165,0.0
34.0,83763814509.93825,84266244333.87122,84774213598.26973,85287798388.55383,85807075669.78745,86332123278.12903,86863019910.71799,87399845113.88583,87942679269.57602,88491603579.8469,89046700049.3263,89608051465.47723,90175741376.52583,90749854066.89268,91330474529.96072,91917688437.99982,92511582109.05954,93112242470.6287,93719757019.84724,94334213780.04453,94955701253.36238,95584308369.20694,96220124428.25693,96863239041.74048,97513742065.67258,98171723529.72775,98837273560.40125,99510482298.09074,100191439807.70732,100880235982.40051,101576960439.95512,102281702411.38972,102994550621.25957,103715593159.13008,104444917341.65944,105182609564.68784,105928755144.69618,106683438148.95438,107446741213.63672,108218745349.136,108999529731.7564,109789171480.91615,110587745420.93036,111395323826.388,112211976150.07004,113037768732.289,113872764490.4556,114717022587.60043,115570598078.49384,116433541531.91962,117305898627.55807,118187709725.83638,119079009408.98936,119979825991.4585,120890180997.63036,121810088604.77844,122739555048.92992,123678577991.2193,124627145842.12616,125585237040.8144,126552819286.59377,127529848719.32233,128516269045.33868,129512010605.27892,130516989379.86871,131531105929.50607,132554244263.14888,133586270631.69624,134627032240.70494,135676355876.90475,136734046442.56776,137799885391.347,138873629058.7253,139955006879.6968,141043719485.7463,142139436672.58908,143241795229.47308,144350396620.13837,145464804504.7515,146584542091.2947,147709089303.97168,148837879755.20227,149970297506.68698,151105673603.8442,152243282366.62946,153382337418.33777,154521987432.44394,155661311575.85385,156799314625.08298,157934921729.85742,159066972796.40256,160194216460.23953,161315303615.61917,162428780465.7602,163533081054.7937,164626519238.71075,165707280048.62833,166773410395.28748,167822809058.81982,168853215902.41296,169862200242.50873,170847148301.4986,171805249661.4681,172733482629.27563,173628598414.0425,174487104007.83728,175305243648.83755,176078978733.36908,176803966028.7883,177475534022.96823,178088657227.9348,178637928234.70935,179117527293.31296,179521189165.83502,179842166971.01767,180073192705.50415,180206434089.1497,180233447338.982,180145125427.7541,179931641327.6947,179582385677.0169,4736575165.808065,4756069918.899652,4773639229.402223,4789065981.649841,4802111722.252456,4812514416.287483,4896693112.2931385,4904774296.178143,4909465970.060404,4910396923.828898,4907157477.810452,4899295140.026978,4886309716.973309,4867647801.258493,4842696547.541881,4810776634.250254,4771134292.206291,4722932262.078212,4665239519.930537,4597019583.46064,4517117179.953164,4424243019.61872,4316956373.647446,4193645103.601798,4052502725.996718,3891502021.0090775,3708364604.719776,3500525777.083751,3265093829.2630343,2998802839.581736,2697957801.779856,2358370705.96328,1975285923.9078524,1543292926.9647238,1056223975.951674,507033955.7229912,-112341031.19313152,-811150361.9936097,-1600025716.8495617,-2491213778.5323825,-3498851608.2075343,-4639292665.288751,-5931492678.26264,-7397465774.346728,-9062822220.272858,-10957399402.514835,-13115996531.870373,-15579219650.449184,-18394434467.674824,-21616806155.578262,-25310370086.646217,-29549012512.93177,-30108808610.782406,-35478316477.11504,-41722410942.99506,-48980511235.04555,-57400675746.49991,-67124898210.9521,-78257101459.80365,-90797873047.68076,-104516204619.63535,-118704546410.603,-131728143558.57861,-140256798429.48737,-138209831163.0927,-116439792469.78716,-68218843376.61334,-11802343697.208447,11285548447.455238,0.0
33.75,63037334210.43238,63289691491.2132,63543526559.16998,63798833570.87759,64055605585.472855,64313834500.02091,64573510981.46039,64834624394.94772,65097162728.40727,65361112513.08636,65626458739.90119,65893184771.34871,66161272248.74671,66430700994.55114,66701448909.48555,66973491864.20294,67246803585.184166,67521355534.560844,67797116783.53224,68074053879.027824,68352130703.24694,68631308325.68516,68911544847.23619,69192795235.93301,69475011153.86769,69758140774.80164,70042128591.95206,70326915215.40634,70612437158.58897,70898626613.16766,71185411211.75104,71472713777.69357,71760452061.27881,72048538461.51282,72336879732.71141,72625376675.01675,72913923807.92601,73202409025.86183,73490713234.75159,73778709968.52386,74066264984.36092,74353235835.47626,74639471420.11006,74924811505.35527,75209086224.33951,75492115545.19875,75773708710.17831,76053663643.09373,76331766323.27246,76607790123.97844,76881495113.19385,77152627314.4978,77420917925.63643,77686082492.22229,77947820033.83887,78205812119.64423,78459721890.3831,78709193023.50917,78953848637.90538,79193290134.45628,79427095968.47662,79654820349.73463,79875991865.5198,80090112021.90047,80296653697.98358,80495059507.63872,80684740062.76547,80865072131.77493,81035396686.52086,81195016830.43922,81343195600.15013,81479153632.23105,81602066686.27658,81711063014.73523,81805220569.32089,81883564033.06918,81945061666.30853,81988621953.9617,82013090040.66765,82017243939.21121,81999790496.66873,81959361101.50824,81894507113.61449,81803694997.84058,81685301140.20166,81537606324.21248,81358789843.1274,81146923221.94087,80899963520.94298,80615746190.38806,80291977443.39114,79926226111.514,79515914944.6106,79058311313.34465,78550517269.35506,77989458914.27892,77371875024.7425,76694304875.9295,75953075201.41872,75144286221.59401,74263796667.01393,73307207716.64111,72269845763.69992,71146743914.08899,69932622113.64204,68621865791.02292,67208502892.54502,65686179173.6267,64048131598.79493,62287159687.98566,60395594631.21488,58365265976.30528,56187465675.06603,53852909251.89528,51351693834.94739,48673252763.48019,45806306455.44179,42738809186.39248,39457891394.04865,35949797081.591194,32199815846.878506,1833311924.41616,1771553271.917584,1704763562.7031915,1632581480.7674377,1554617127.6746802,1470449475.5333283,1506843469.0142732,1413537348.312617,1312747138.3222425,1203905753.482239,1086398249.85715,959557270.033979,822658005.2826164,674912619.2653239,515464070.8098068,343379265.6759203,157641458.76771584,-42858181.20846096,-259329943.1385856,-493095991.05687296,-745601950.7321515,-1018429802.0697548,-1313312229.1292987,-1632148595.5297625,-1977022729.6627665,-2350222720.987728,-2754262944.980936,-3191908548.881164,-3666202641.455952,-4180496434.995007,-4738482582.804432,-5344231935.0904665,-6002233892.292954,-6717440456.170638,-7495313948.771254,-8341878164.223215,-9263772404.222795,-10268307376.641285,-11363521238.195108,-12558233036.472136,-13862089309.53202,-15285597424.540983,-16840136079.15672,-18537928813.844196,-20391959755.72381,-22415801213.136314,-24623308825.591396,-27028119804.635265,-29642860577.570778,-32477927870.91752,-35539646342.02569,-38827518691.003975,-40673905215.86693,-44648459847.60112,-48880195675.21891,-53307697615.03033,-57818280375.588104,-62221540823.986015,-66211788856.15364,-69317548639.3516,-70841253911.28102,-69808051873.56267,-64985006724.72902,-55130183474.998405,-39804808741.75691,-21139311138.142895,-5653679102.498958,-354474165.0758095,-4187116849.047143,0.0
33.5,41524212054.03824,41523648001.495895,41520573819.10069,41514907304.176506,41506563478.93091,41495454485.25999,41481489475.09749,41464574496.10217,41444612372.46365,41421502580.59883,41395141119.49661,41365420375.45872,41332228980.969536,41295451667.41428,41254969111.35285,41210657774.03612,41162389733.84125,41110032511.28077,41053448886.22472,40992496706.95461,40927028690.64854,40856892214.87524,40781929099.65147,40701975379.59451,40616861065.67496,40526409896.04883,40430439075.41995,40328759002.35207,40221172983.92064,40107476937.057945,39987459075.91128,39860899584.49596,39727570273.883575,39587234223.12434,39439645403.05744,39284548282.114426,39121677413.17096,38950757000.44783,38771500445.40455,38583609870.50893,38386775619.70104,38180675734.30157,37964975403.04126,37739326384.81172,37503366402.65468,37256718507.42005,36998990409.42928,36729773776.38243,36448643495.64127,36155156898.9098,35848852947.21185,35529251373.94231,35195851783.62861,34848132703.89885,34485550587.996864,34107538765.021645,33713506334.894684,33302837004.87069,32874887864.21011,32428988093.42143,31964437604.249813,31480505606.354942,30976429096.356483,30451411264.65412,29904619815.1353,29335185192.56803,28742198712.14208,28124710585.2623,27481727835.316498,26812212096.72729,26115077290.16233,25389187166.305264,24633352710.090603,23846329396.767742,23026814290.58381,22173442976.26224,21284786312.79213,20359346998.34117,19395555934.34798,18391768376.040104,17346259855.758488,16257221864.538889,15122757276.407051,13940875498.77711,12709487331.199692,11426399513.481825,10089308942.886946,8695796538.718992,7243320731.08213,5729210548.995934,4150658281.311264,2504711682.017311,788265689.5430837,-1001946372.4762346,-2869362147.771637,-4817600190.6059885,-6850470539.389873,-8971985963.408854,-11186373928.305864,-13498089329.161142,-15911828043.420158,-18432541359.56195,-21065451341.280773,-23816067191.088017,-26690202681.639744,-29693994727.765408,-32833923177.128067,-36116831902.69519,-39549951285.73369,-43140922183.886215,-46897821485.01125,-50829189353.889626,-54944058285.58315,-59251984086.16373,-63763078908.66595,-68488046479.41173,-73438219657.23512,-78625600475.50414,-84062902824.07837,-89763597935.28961,-95741962844.47935,-775006664.0961634,-896069948.01699,-1023742464.8657196,-1158411355.5612702,-1300489211.6307907,-1450415906.454235,-1457861332.167143,-1620810483.3483,-1793001590.3819456,-1975004300.8900733,-2167427407.403784,-2370921723.1082225,-2586183160.81669,-2813956023.943868,-3055036516.757841,-3310276478.976876,-3580587346.618885,-3866944336.6244206,-4170390846.79657,-4492043054.566216,-4833094687.40342,-5194821923.589859,-5578588363.562677,-5985849987.875681,-6418159986.381838,-6877173302.436027,-7364650683.067998,-7882461957.721457,-8432588179.834231,-9017122151.47824,-9638266704.03276,-10298329917.784697,-10999716217.951872,-11744911967.755093,-12536463769.920889,-13376947159.37861,-14268922687.111712,-15214875513.417885,-16217133491.097132,-17277757252.93515,-18398393932.681053,-19580083733.239548,-20823005477.221622,-22126143382.40304,-23486852441.137997,-24900293815.3255,-26358704541.603764,-27850457744.15888,-29358861102.64454,-30860634063.15108,-32324001507.10433,-33706349869.476192,-36321446146.05094,-37801653501.049736,-39059018861.62354,-39974734203.20173,-40395451692.03767,-40129989008.15523,-38951982256.53524,-36615807694.06908,-32898551445.649063,-27687451367.59858,-21133864529.116817,-13868718330.115208,-7163188643.709379,-2659692333.3274207,-1186667709.7872758,-1567556711.246536,-1328147958.5654528,0.0
33.25,20426526275.657967,20188593801.58127,19944580238.74474,19694339932.1838,19437723245.3191,19174576433.926697,18904741515.53892,18628056134.0891,18344353419.60508,18053461842.74703,17755205063.976673,17449401777.133755,17135865547.18706,16814404641.9147,16484821857.258757,16146914336.085258,15800473380.07014,15445284254.417645,15081125985.102364,14707771148.314632,14324985651.770382,13932528507.53211,13530151595.970787,13117599420.479082,12694608852.529476,12260908866.648268,11816220264.859146,11360255390.123655,10892717828.286602,10413302098.007578,9921693328.133911,9417566921.944836,8900588207.66645,8370412074.626855,7826682594.390036,7269032626.171638,6697083405.805877,6110444117.494505,5508711447.528578,4891469119.1331625,4258287407.54007,3608722634.347238,2942316640.174536,2258596234.5722656,1557072622.0857887,837240803.3204614,98578949.787808,-659452248.7467333,-1437410265.7677574,-2235871449.78733,-3055431767.897662,-3896707582.6791873,-4760336464.132339,-5646978038.390831,-6557314875.070401,-7492053415.209076,-8451924941.861947,-9437686595.526903,-10450122436.699492,-11490044557.978514,-12558294248.284168,-13655743211.886234,-14783294845.094748,-15941885573.623133,-17132486253.80059,-18356103640.98884,-19613781928.746696,-20906604362.482777,-22235694931.544315,-23602220143.914707,-25007390887.920048,-26452464385.59477,-27938746242.610943,-29467592599.95029,-31040412392.78366,-32658669722.32284,-34323886346.7249,-36037644297.46363,-37801588627.92228,-39617430301.3345,-41486949225.56909,-43411997442.65466,-45394502481.34869,-47436470881.479225,-49539991899.22881,-51707241402.98124,-53940485969.81818,-56242087193.224335,-58614506213.04298,-61060308479.210495,-63582168761.28136,-66182876416.23799,-68865340927.54907,-71632597728.89278,-74487814326.37941,-77434296733.50533,-80475496233.38773,-83615016483.11224,-86856620975.19583,-90204240871.24107,-93661983222.79964,-97234139594.22682,-100925195101.87752,-104739837883.31006,-108682969009.18088,-112759712849.16266,-116975427901.433,-121335718092.97658,-125846444555.002,-130513737874.10204,-135344010815.2128,-140343971506.8078,-145520637071.8903,-150881347679.98984,-156433780985.25766,-162185966903.5662,-168146302666.87704,-174323568075.59384,-180726940848.6386,-187366011945.98187,-194250800708.541,-2831201250.651852,-2982736421.694183,-3140808241.0669847,-3305722911.200914,-3477801367.520468,-3657379835.486864,-3700408553.679196,-3893644894.498198,-4095507326.664509,-4306407443.796776,-4526775597.191286,-4757061268.633582,-4997733329.387331,-5249280152.29368,-5512209536.781404,-5787048397.995485,-6074342160.900541,-6374653787.743894,-6688562352.237144,-7016661055.707051,-7359554558.644117,-7717855474.775482,-8092179843.088407,-8483141355.027363,-8891344068.05799,-9317373281.35429,-9761784182.642538,-10225087795.005806,-10707733656.115396,-11210088546.892796,-11732410448.57718,-12274816742.73872,-12837245473.788404,-13419408263.751736,-14020733200.551384,-14640295710.849968,-15276735075.893366,-15928153857.171171,-16591997078.765896,-17264907587.969444,-17942553628.192924,-18619424383.77944,-19288589221.55023,-19941416765.15465,-20567251125.416656,-21153045091.5516,-21682954668.24051,-22137907250.13645,-22495168804.24158,-22727956399.496223,-22805175169.707268,-22691408640.36603,-25654046408.181046,-25257220640.237675,-24540210100.7699,-23448520853.78894,-21930903528.04479,-19948920610.915512,-17492345104.918148,-14601672786.569502,-11396779892.18319,-8104390341.476613,-5063624588.711203,-2669585300.080696,-1211262842.398664,-639484312.1868552,-506863570.01280075,-309936744.3686206,-17937968.36733629,0.0
33.0,837377243.9471488,394502568.9335458,-57301492.33898382,-518225263.2717375,-988463682.1529694,-1468216428.7121778,-1957688054.5358915,-2457088117.475285,-2966631320.177451,-3486537652.8792143,-4017032540.605624,-4558346994.921965,-5110717770.391286,-5674387525.897629,-6249604990.997466,-6836625137.471555,-7435709356.251655,-8047125639.905593,-8671148770.869574,-9308060515.62341,-9958149825.011024,-10621713040.91702,-11299054109.515676,-11990484801.318388,-12696324938.25183,-13416902628.009125,-14152554505.922413,-14903625984.617304,-15670471511.715565,-16453454835.863216,-17252949281.37229,-18069338031.771103,-18903014422.571342,-19754382243.569298,-20623856051.00992,-21511861489.95348,-22418835627.195843,-23345227295.10609,-24291497446.7561,-25258119522.730667,-26245579830.01765,-27254377933.39219,-28285027059.721703,-29338054515.63138,-30414002118.984818,-31513426644.64672,-32636900285.0108,-33785011125.787888,-34958363637.56526,-36157579183.66201,-37383296544.81951,-38636172461.27992,-39916882192.81987,-41226120097.32154,-42564600228.473656,-43933056953.2108,-45332245589.50981,-46762943065.17382,-48225948598.24542,-49722084399.69753,-51252196399.06104,-52817154993.65237,-54417855822.06602,-56055220562.603645,-57730197757.30409,-59443763662.236176,-61196923124.70927,-62990710488.03924,-64826190524.49152,-66704459396.99901,-68626645650.218575,-70593911231.45474,-72607452541.92555,-74668501518.79324,-76778326748.30635,-78938234610.32051,-81149570454.36208,-83413719807.28688,-85732109612.44153,-88106209500.08623,-90537533088.64142,-93027639316.11272,-95578133800.79628,-98190670230.081,-100866951775.8322,-103608732534.46078,-106417818989.34727,-109296071492.7835,-112245405764.02678,-115267794399.39883,-118365268389.60896,-121539918638.62505,-124793897477.42577,-128129420164.84982,-131548766366.46709,-135054281600.94168,-138648378641.67105,-142333538859.58844,-146112313490.82663,-149987324810.4588,-153961267190.6907,-158036908018.63916,-162217088445.12756,-166504723931.70883,-170902804558.2974,-175414395048.2824,-180042634461.69467,-184790735499.80417,-189661983356.2976,-194659734040.7772,-199787412089.5554,-205048507566.41693,-210446572241.9097,-215985214823.60043,-221668095091.237,-227498916769.5821,-233481418947.4095,-239619365823.31497,-245916534527.0792,-252376700728.69745,-259003621705.16165,-4198135963.8126593,-4351368963.527246,-4509742970.631622,-4673420330.08313,-4842565015.771545,-5017341982.655306,-5085121759.77056,-5271495687.213151,-5464136975.872485,-5663220283.8873,-5868916963.243588,-6081393366.095916,-6300808848.328765,-6527313422.924569,-6761045008.505219,-7002126210.150433,-7250660560.12685,-7506728135.328157,-7770380455.860863,-8041634555.134042,-8320466095.843441,-8606801388.20471,-8900508146.53098,-9201384797.6499,-9509148129.670332,-9823419042.311152,-10143706130.648443,-10469386803.253134,-10799685604.217182,-11133649378.03519,-11470118889.108864,-11807696487.382858,-12144709403.636393,-12479168270.00566,-12808720504.540194,-13130598288.843355,-13441561027.426817,-13737832437.504492,-14015032821.780258,-14268107683.748264,-14491254735.975904,-14677852635.569878,-14820396601.749342,-14910448615.569094,-14938613408.011389,-14894556196.0603,-14767084448.648132,-14544324168.4514,-14214031461.7984,-13764092409.88645,-13183277578.999975,-12462329541.359934,-15886709312.848461,-14764116683.511898,-13438620235.768152,-11925775092.521858,-10257770474.998768,-8487859890.4604,-6693506313.636239,-4975698745.173487,-3450445914.9620695,-2227709409.903048,-1375631303.1385088,-878522377.0748991,-618232437.8636384,-424347446.15670776,-201299103.40988708,-29775831.65576166,-28931.382768779175,0.0
32.75,-16247666710.4546,-16848868581.008348,-17460900278.978878,-18083974744.58809,-18718309584.620747,-19364127182.385777,-20021654810.28179,-20691124745.01792,-21372774385.542133,-22066846373.72841,-22773588717.873253,-23493254919.054184,-24226104100.39793,-24972401139.31136,-25732416802.71989,-26506427885.36488,-27294717351.20425,-28097574477.96088,-28915295004.864098,-29748181283.62265,-30596542432.66904,-31460694494.71188,-32340960597.62691,-33237671118.717964,-34151163852.37204,-35081784181.12994,-36029885250.18733,-36995828145.338745,-37979982074.36572,-38982724551.868965,-40004441587.533264,-41045527877.806725,-42106387000.96565,-43187431615.528656,-44289083661.96939,-45411774567.66592,-46555945455.01369,-47722047352.60813,-48910541409.3944,-50121899111.65687,-51356602502.70602,-52615144405.09578,-53898028645.18334,-55205770279.816895,-56538895824.9072,-57897943485.6113,-59283463387.82022,-60696017810.6096,-62136181419.26673,-63604541498.47229,-65101698185.1595,-66628264700.52811,-68184867580.630936,-69772146904.89156,-71390756521.84451,-73041364271.316,-74724652202.18684,-76441316784.78944,-78192069116.90215,-79977635122.1961,-81798755739.88632,-83656187104.21057,-85550700712.23395,-87483083578.33022,-89454138373.53723,-91464683547.81271,-93515553433.03224,-95607598324.37106,-97741684537.48912,-99918694438.70314,-102139526445.06548,-104405094990.99066,-106716330457.75456,-109074179061.85928,-111479602697.88672,-113933578731.06236,-116437099734.3124,-118991173164.123,-121596820968.98282,-124255079123.62712,-126966997081.67564,-129733637138.57692,-132556073696.03268,-135435392418.2598,-138372689269.56363,-141369069421.72305,-144425646018.62543,-147543538784.4304,-150723872460.26047,-153967775053.03174,-157276375878.4993,-160650803378.92633,-164092182693.93814,-167601632961.11896,-171180264320.68393,-174829174596.14404,-178549445620.20102,-182342139172.1901,-186208292490.16,-190148913317.1384,-194164974437.23923,-198257407652.9741,-202427097150.4132,-206674872193.6432,-211001499084.24084,-215407672315.1732,-219894004841.57367,-224461017383.1799,-229109126664.74872,-233838632491.4367,-238649703545.83,-243542361781.9392,-248516465278.9304,-253571689403.50504,-258707506114.5623,-263923161226.89407,-269217649432.04776,-274589686853.9436,-280037680894.1816,-285559697097.0088,-291153422736.4082,-4863144463.437376,-4995164046.715716,-5130215958.619329,-5268311255.658068,-5409452224.6167145,-5553631073.78383,-5634675333.518329,-5786798637.41323,-5942073555.909799,-6100450609.059762,-6261861858.463234,-6426218375.668391,-6593407409.939242,-6763289222.436584,-6935693550.84735,-7110415665.40461,-7287211974.136684,-7465795132.171712,-7645828607.150581,-7826920650.467631,-8008617622.44166,-8190396618.991394,-8371657348.449154,-8551713210.454361,-8729781535.300035,-8904972952.804167,-9076279876.241312,-9242564111.038652,-9402543632.326208,-9554778623.26097,-9697656931.446472,-9829379188.989676,-9947943959.393692,-10051133429.853502,-10136500370.836246,-10201357348.56162,-10242769515.061558,-10257552732.242064,-10242279330.1719,-10193294475.963772,-10106746956.8522,-9978639172.09376,-9804902281.685877,-9581503746.472631,-9304595834.961624,-8970714903.149607,-8577042072.161307,-8121735813.616137,-7604345053.082893,-7026306389.252164,-6391518925.97871,-5706972265.932923,-10261012195.75551,-9293134110.069092,-8214275783.947593,-7054779823.221615,-5856480509.22484,-4672430364.632267,-3564531920.358347,-2598026168.4560547,-1831969163.3141448,-1305844727.7968545,-1024821408.3308698,-949403882.6832072,-995695625.6382658,-1042309708.8221328,-922211125.9951665,-458309919.77300763,-13845341.549838925,0.0
32.5,-30050234201.133617,-30753525876.40425,-31468477375.75732,-32195301521.49004,-32934215338.243923,-33685440134.84055,-34449201587.265915,-35225729822.78053,-36015259505.12829,-36818029920.813065,-37634285066.40686,-38464273736.85007,-39308249614.695335,-40166471360.24635,-41039202702.529465,-41926712531.036514,-42829274988.16454,-43747169562.27183,-44680681181.263016,-45630100306.603615,-46595723027.6561,-47577851156.22051,-48576792321.14688,-49592860062.878784,-50626373927.77097,-51677659562.01233,-52747048804.96533,-53834879781.72373,-54941496994.664566,-56067251413.756775,-57212500565.36636,-58377608619.2746,-59562946473.60351,-60768891837.316,-61995829309.932045,-63244150458.06938,-64514253888.3888,-65806545316.4872,-67121437631.24564,-68459350954.100334,-69820712692.65996,-71205957588.04932,-72615527755.3079,-74049872716.11967,-75509449423.09421,-76994722274.75558,-78506163120.3328,-80044251253.37196,-81609473393.11482,-83202323652.50871,-84823303491.62009,-86472921655.1352,-88151694092.52383,-89860143859.33691,-91598800997.98904,-93368202396.2495,-95168891621.53242,-97001418728.92604,-98866340040.74731,-100764217895.23476,-102695620361.81476,-104661120920.1744,-106661298100.16902,-108696735079.36018,-110768019234.73816,-112875741644.91924,-115020496538.8242,-117202880686.54048,-119423492727.74126,-121682932432.68234,-123981799890.41563,-126320694618.45216,-128700214587.66151,-131120955155.72444,-133583507901.94193,-136088459355.655,-138636389609.93445,-141227870811.56717,-143863465517.6716,-146543724908.54315,-149269186845.52866,-152040373761.8747,-154857790373.5733,-157721921196.2338,-160633227852.94366,-163592146156.93356,-166599082951.62137,-169654412689.28946,-172758473728.21246,-175911564326.52682,-179113938309.47772,-182365800384.9148,-185667301080.0041,-189018531270.0936,-192419516268.47333,-195870209443.45404,-199370485326.66168,-202920132173.7924,-206518843936.2017,-210166211598.664,-213861713835.3922,-217604706932.95853,-221394413925.09863,-225229912880.5067,-229110124280.63467,-233033797420.1988,-236999495758.56903,-241005581145.489,-245050196839.642,-249131249233.4867,-253246388192.54163,-257392985911.94693,-261568114187.73734,-265768519994.871,-269990599258.78024,-274230368702.14383,-278483435643.8654,-282744965623.0624,-287009647717.43555,-291271657422.9708,-295524616960.8463,-4916806049.463624,-5013916284.25229,-5111899407.659863,-5210653402.290702,-5310062732.132351,-5409997049.058581,-5493881234.537789,-5597745064.777552,-5701852592.493096,-5806008722.774714,-5909995438.122694,-6013569691.3472805,-6116461138.558606,-6218369706.747509,-6318962992.145581,-6417873487.894461,-6514695642.721488,-6608982756.519803,-6700243724.222205,-6787939646.451498,-6871480334.505486,-6950220748.750486,-7023457424.00662,-7090424953.67191,-7150292626.936445,-7202161341.409012,-7245060947.89591,-7277948226.176811,-7299705741.816795,-7309141895.880625,-7304992553.513268,-7285924725.363309,-7250542879.245753,-7197398579.348292,-7125004286.942687,-7031852308.788933,-6916440043.647344,-6777302846.222559,-6613055988.390778,-6422447328.117788,-6204422363.083021,-5958203297.152235,-5683383507.712128,-5380038262.266605,-5048851543.710994,-4691257205.134711,-4309590131.781366,-3907239336.838944,-3488789639.7156253,-3060131515.022222,-2628509833.027902,-2202472053.4350777,-8324308042.606078,-8093914029.403095,-7753649387.215008,-7301226473.870238,-6736781710.598025,-6063455060.805868,-5288973931.2807,-4429435370.985192,-3516731383.305003,-2610095963.270425,-1808334051.3073304,-1251200783.0011961,-1091022219.288968,-1429735510.4001534,-2261231740.8415184,-3266288522.6483397,-1966266945.3244612,0.0
32.25,-40068304908.062,-40813015006.07358,-41569130428.1262,-42336842898.94594,-43116347484.92164,-43907842642.7446,-44711530267.8834,-45527615742.819016,-46356307984.95577,-47197819494.11999,-48052366399.548,-48920168506.26169,-49801449340.71671,-50696436195.60531,-51605360173.68088,-52528456230.46709,-53465963215.69983,-54418123913.34003,-55385185079.98612,-56367397481.497314,-57365015927.62999,-58378299304.47247,-59407510604.44784,-60452916953.63952,-61514789636.175385,-62593404115.388176,-63689040051.448425,-64801981315.14797,-65932515997.48501,-67080936414.68017,-68247539108.227295,-69432624839.5523,-70636498578.8264,-71859469487.44681,-73101850893.66571,-74363960260.81021,-75646119147.49985,-76948653159.22485,-78271891890.60718,-79616168857.61678,-80981821418.96756,-82369190685.8636,-83778621419.20908,-85210461913.33424,-86665063865.22704,-88142782228.18591,-89643975048.74199,-91169003285.6132,-92718230609.37263,-94292023181.4229,-95890749410.76884,-97514779686.983,-99164486087.64323,-100840242058.40894,-102542422063.77386,-104271401206.4002,-106027554812.798,-107811257982.95622,-109622885101.3738,-111462809306.76,-113331401917.49068,-115229031809.70515,-117156064744.71704,-119112862642.18507,-121099782795.24731,-123117177023.56145,-125165390759.92004,-127244762065.81108,-129355620570.97908,-131498286331.70728,-133673068602.17784,-135880264512.8868,-138120157649.6782,-140393016526.5264,-142699092944.72903,-145038620230.6762,-147411811343.83163,-149818856845.99945,-152259922722.346,-154735148044.0114,-157244642461.46216,-159788483517.01346,-162366713764.18665,-164979337680.74432,-167626318361.3902,-170307573975.19864,-173022973971.87253,-175772335019.9059,-178555416658.64246,-181371916645.08688,-184221465975.12552,-187103623557.5569,-190017870518.01407,-192963604108.4885,-195940131196.7307,-198946661308.32065,-201982299192.66064,-205046036882.5744,-208136745215.5729,-211253164783.22067,-214393896273.37723,-217557390168.46045,-220741935761.2512,-223945649448.21185,-227166462258.81293,-230402106578.0224,-233650102017.94177,-236907740393.6417,-240172069757.62,-243439877447.068,-246707672098.37915,-249971664584.2039,-253227747829.9693,-256471475469.33032,-259698039301.69672,-262902245520.02493,-266078489683.76465,-269220730420.538,-272322461851.20303,-275376684746.8736,-278375876443.7836,-4515206683.751353,-4573438576.090425,-4630846069.9711685,-4687274526.401137,-4742556780.540799,-4796512346.0184965,-4875088150.7089205,-4929576534.401869,-4982262899.854344,-5032906926.026028,-5081250102.623027,-5127014754.119659,-5169903072.756646,-5209596176.384323,-5245753210.875696,-5278010521.416338,-5305980922.402677,-5329253102.076764,-5347391205.537147,-5359934648.54751,-5366398224.781683,-5366272580.964406,-5359025147.958438,-5344101631.358382,-5320928182.69712,-5288914392.004218,-5247457264.132924,-5195946364.792715,-5133770347.161496,-5060325095.547727,-4975023747.605284,-4877308879.200634,-4766667153.435672,-4642646743.588654,-4504877833.319145,-4353096468.802925,-4187171976.3109655,-4007138051.661896,-3813227457.594931,-3605910009.612625,-3385933163.718476,-3154364009.9700885,-2912630790.652521,-2662561169.5208077,-2406413356.858066,-2146894845.3991628,-1887161982.194812,-1630792020.6589217,-1381717927.44502,-1144115522.3916905,-922233244.8524252,-720158042.4619331,-6726741114.22113,-7744341588.407119,-8681959541.836868,-9494906277.249334,-10130003310.128836,-10525184490.871893,-10609713502.855593,-10306070832.274715,-9536213261.60092,-8238201594.002745,-6404014369.873967,-4151165235.2572584,-1821565028.6476257,-24406241.07036519,545921958.6570127,-978416431.945375,-10958498856.221153,0.0
32.0,-46106076492.45157,-46832593796.67904,-47569270358.87196,-48316259609.594894,-49073717209.737015,-49841801066.67596,-50620671349.34678,-51410490502.11813,-52211423257.36853,-53023636646.650894,-53847300010.324455,-54682585005.52841,-55529665612.35983,-56388718138.1143,-57259921219.43382,-58143455822.2021,-59039505239.013626,-59948255084.0323,-60869893285.04807,-61804610072.52168,-62752597965.40052,-63714051753.47309,-64689168476.01321,-65678147396.45421,-66681189972.81333,-67698499823.573006,-68730282688.70361,-69776746385.49902,-70838100758.86961,-71914557625.7209,-73006330713.02167,-74113635589.14064,-75236689588.00656,-76375711725.61902,-77530922608.40935,-78702544332.9196,-79890800376.23726,-81095915476.58714,-82318115503.44855,-83557627316.52565,-84814678612.85925,-86089497761.32611,-87382313623.72537,-88693355361.60399,-90022852227.92406,-91371033342.61671,-92738127451.01578,-94124362664.0983,-95529966179.39908,-96955163981.39688,-98400180520.0975,-99865238366.46336,-101350557843.25926,-102856356629.79738,-104382849338.97452,-105930247064.89903,-107498756899.30415,-109088581414.83504,-110699918113.1868,-112332958835.9467,-113987889135.87056,-115664887606.18645,-117364125165.37788,-119085764294.74896,-120829958225.91544,-122596850075.19691,-124386571921.71132,-126199243825.78532,-128034972784.096,-129893851617.75636,-131775957789.33469,-133681352144.57076,-135610077574.31108,-137562157591.9288,-139537594821.23148,-141536369389.57693,-143558437220.62784,-145603728220.86874,-147672144353.68738,-149763557594.49423,-151877807760.00064,-154014700204.41928,-156174003374.9782,-158355446218.74796,-160558715432.38934,-162783452546.01587,-165029250831.94894,-167295652028.71655,-169582142870.21487,-171888151409.51898,-174213043126.39304,-176556116807.1238,-178916600184.88098,-181293645328.4051,-183686323766.4425,-186093621334.99945,-188514432734.17648,-190947555781.094,-193391685345.22748,-195845406952.3708,-198307190043.44208,-200775380874.47,-203248195044.37512,-205723709637.61304,-208199854969.4202,-210674405922.33377,-213144972863.8889,-215608992136.99408,-218063716116.4999,-220506202827.9913,-222933305127.92905,-225341659448.0348,-227727674111.38025,-230087517233.1128,-232417104225.30115,-234712084933.15643,-236967830439.0856,-239179419581.88663,-241341625251.1342,-243448900531.7325,-245495364791.0481,-3837479553.540934,-3860759138.335831,-3882233106.635934,-3901751690.670983,-3919157253.955825,-3934284128.477057,-4002251879.7314434,-4015662084.146916,-4026314562.467718,-4034005958.127799,-4038523962.040584,-4039647461.4929113,-4037146803.349962,-4030784192.987301,-4020314253.379613,-4005484772.096193,-3986037667.580872,-3961710210.016064,-3932236536.256803,-3897349502.715535,-3856782924.59264,-3810274254.3472095,-3757567756.593081,-3698418240.414884,-3632595413.054829,-3559888920.52209,-3480114140.25924,-3393118787.697482,-3298790391.228235,-3197064677.3955994,-3087934888.194882,-2971462023.0569305,-2847785956.754869,-2717137327.9491715,-2579850017.78052,-2436373939.8394,-2287287737.836339,-2133310831.4669304,-1975314061.3634048,-1814327959.7950385,-1651547417.896865,-1488331242.0281403,-1326194810.7125936,-1166793793.56727,-1011896729.5029358,-863344265.6063353,-722993146.6626487,-592643771.40066,-473951480.1790416,-368323904.3334617,-276809840.63154566,-199989221.67197943,292142542.3310103,-2196668248.895903,-4823343524.725105,-7539165156.057045,-10278641034.307302,-12956953334.318745,-15465974576.591143,-17666359617.591946,-19371237588.068085,-20315863340.653778,-20112664281.628345,-18217388814.533207,-14009687948.444395,-7237429708.445806,997848193.1456941,8751640708.23085,25777229516.23458,0.0
31.75,-48282509330.50304,-48937531361.4036,-49600661028.66232,-50272001520.66845,-50951657042.59206,-51639732804.85061,-52336335010.02406,-53041570838.12599,-53755548430.13523,-54478376869.68654,-55210166162.81323,-55951027215.63162,-56701071809.84781,-57460412575.965576,-58229162964.06452,-59007437212.01269,-59795350310.97206,-60593017968.04527,-61400556565.90801,-62218083119.26091,-63045715227.92827,-63883571026.4218,-64731769129.77914,-65590428575.47639,-66459668761.20605,-67339609378.30008,-68230370340.56699,-69132071708.30347,-70044833607.22464,-70968776142.05005,-71904019304.46631,-72850682875.17607,-73808886319.72762,-74778748677.80661,-75760388445.65678,-76753923451.2778,-77759470722.03683,-78777146344.30995,-79807065314.75357,-80849341382.788,-81904086883.85504,-82971412562.99425,-84051427388.2589,-85144238353.47578,-86249950269.82634,-87368665545.7086,-88500483954.31314,-89645502388.32317,-90803814601.12389,-91975510933.88226,-93160678027.82834,-94359398521.04666,-95571750729.0565,-96797808308.43098,-98037639902.678,-99291308769.57518,-100558872389.12292,-101840382051.24672,-103135882422.35472,-104445411089.81906,-105768998083.42636,-107106665372.80736,-108458426339.82812,-109824285224.8954,-111204236546.10149,-112598264490.1037,-114006342273.61186,-115428431474.32994,-116864481330.1773,-118314428005.59656,-119778193823.73882,-121255686463.30437,-122746798118.81136,-124251404623.0612,-125769364530.57426,-127300518160.78165,-128844686599.77542,-130401670659.45456,-131971249792.93443,-133553180965.15086,-135147197477.6458,-136753007746.61069,-138370294033.3607,-139998711126.5325,-141637884975.4449,-143287411274.2261,-144946853996.5136,-146615743880.76022,-148293576866.4459,-149979812481.80685,-151673872184.03708,-153375137653.33002,-155082949042.57748,-156796603185.0716,-158515351763.1374,-160238399441.2962,-161964901968.30414,-163693964253.25735,-165424638421.8948,-167155921860.2905,-168886755254.303,-170616020634.4626,-172342539437.4377,-174065070596.83365,-175782308677.87125,-177492882072.45578,-179195351273.32852,-180888207248.3595,-182569869938.657,-184238686906.99963,-185892932166.18567,-187530805220.22824,-189150430354.9221,-190749856218.15417,-192327055734.43304,-193879926402.4484,-195406291029.0153,-196903898957.4788,-198370427853.4871,-199803486115.918,-201200615985.55347,-3049266271.1159034,-3046289486.882209,-3041235791.00228,-3033997628.434368,-3024465088.5549097,-3012526211.3813047,-3067393303.9706845,-3052704969.3116703,-3035251279.0311527,-3014908284.3577743,-2991551878.415867,-2965058587.16278,-2935306487.7752333,-2902176268.2557006,-2865552442.7866044,-2825324737.9713354,-2781389665.496805,-2733652296.8423595,-2682028255.3317733,-2626445939.938664,-2566848993.6372547,-2503199026.5289645,-2435478600.2147875,-2363694474.6179185,-2287881111.329683,-2208104418.134249,-2124465707.18426,-2037105823.814173,-1946209383.6107664,-1852009031.5086887,-1754789607.758911,-1654892071.1266985,-1552716989.2884116,-1448727360.1073337,-1343450475.7924757,-1237478486.1913834,-1131467260.1116197,-1026133088.7176892,-922246729.0419792,-820624257.7134806,-722114208.0014971,-627580514.3176135,-537880909.1546526,-453840634.0725125,-376221667.39975214,-305688164.212804,-242769467.793022,-187822884.44934565,-140999374.82891214,-102216300.86576197,-71142183.36610368,-47198761.81619932,19039481721.219143,15948276828.699144,12326104218.256012,8151875015.957085,3418754548.2603755,-1862676819.0635536,-7663336598.294408,-13937960215.664757,-20629777431.633,-27667111281.96403,-34915144835.03634,-41986891308.08207,-47718955138.050514,-49086324690.48784,-40178731693.654465,-17889734473.613422,-11084050070.268011,0.0
31.5,-47012025346.33457,-47553342803.176445,-48100169582.06445,-48652552688.50266,-49210538960.07671,-49774175033.91847,-50343507312.57689,-50918581928.23289,-51499444705.19403,-52086141120.60315,-52678716263.29208,-53277214790.711655,-53881680883.86401,-54492158200.16509,-55108689824.15888,-55731318216.00726,-56360085157.67379,-56995031696.71958,-57636198087.62757,-58283623730.56826,-58937347107.51963,-59597405715.65182,-60263835997.88399,-60936673270.522095,-61615951647.88182,-62301703963.80209,-62993961689.95148,-63692754850.83114,-64398111935.37391,-65110059805.043205,-65828623598.33096,-66553826631.55699,-67285690295.87081,-68024233950.3601,-68769474811.16908,-69521427836.53362,-70280105607.64296,-71045518205.2393,-71817673081.8728,-72596574929.73291,-73382225543.98338,-74174623681.5352,-74973764915.19925,-75779641483.17056,-76592242133.80562,-77411551965.66678,-78237552262.82256,-79070220325.4067,-79909529295.45717,-80755447978.0782,-81607940657.98752,-82466966911.53851,-83332481414.3356,-84204433744.5905,-85082768182.40425,-85967423505.19739,-86858332779.55579,-87755423149.80576,-88658615623.68668,-89567824855.54842,-90482958927.56528,-91403919129.53133,-92330599737.87924,-93262887794.65604,-94200662887.2812,-95143796930.02216,-96092153948.236,-97045589866.55742,-98003952302.34976,-98967080365.89392,-99934804468.95544,-100906946143.55872,-101883317872.99731,-102863722937.33214,-103847955275.8727,-104835799369.40018,-105827030145.18188,-106821412908.14165,-107818703301.89574,-108818647303.74092,-109820981258.08688,-110825431953.27568,-111831716747.21156,-112839543747.75311,-113848612054.39249,-114858612068.3654,-115869225879.0122,-116880127734.93748,-117890984609.3063,-118901456869.47008,-119911199062.03545,-120919860825.486,-121927087943.53648,-122932523553.55363,-123935809525.61124,-124936588029.07909,-125934503305.05586,-126929203664.48064,-127920343733.3558,-128907586968.2378,-129890608466.95229,-130869098101.40144,-131842764001.3338,-132811336420.03166,-133774572015.04854,-134732258579.3541,-135684220260.53918,-136630323308.03214,-137570482390.58737,-138504667528.5638,-139432911687.6713,-140355319082.87442,-141272074242.90823,-142183451887.30545,-143089827668.82358,-143991689834.56473,-144889651858.70676,-145784466098.42587,-146677038522.0077,-147568444554.0188,-148459946076.38135,-2278820998.749579,-2259785576.726139,-2238925906.138762,-2216188746.6438065,-2191522674.9332304,-2164878566.950688,-2206461861.976296,-2176997363.563426,-2145358154.0722504,-2111502201.140967,-2075392637.2967384,-2036998621.4044,-1996296277.4044333,-1953269712.510392,-1907912116.031315,-1860226938.662211,-1810229150.3826163,-1757946572.9480414,-1703421280.2719784,-1646711056.689584,-1587890899.073129,-1527054543.9354565,-1464315994.911203,-1399811019.25275,-1333698574.1389158,-1266162114.616407,-1197410724.8682654,-1127680003.288046,-1057232619.690252,-986358450.2010008,-915374182.4310172,-844622271.1685203,-774469114.0988042,-705302309.4222411,-637526854.661084,-571560150.954454,-507825692.9208304,-446745354.5585855,-388730231.0829686,-334170069.8488839,-283421425.2669034,-236794806.6608989,-194541255.92341715,-156838991.10729665,-123780973.6113616,-95364481.3857292,-71483966.24956186,-51928591.288165815,-36385818.50856453,-24452168.45862739,-15651722.894329416,-9462034.736742929,50953577775.75386,49840984181.05488,47967713711.52671,45187711735.14454,41345980287.19002,36286171219.75565,29860184902.579327,21934884318.698612,12381789775.044046,1016702235.9755933,-12575713528.881844,-29430030399.59612,-51849404133.80865,-83892410397.53479,-128899350459.30908,-168663806454.30865,-78308594162.94337,0.0
31.25,-42874933160.84162,-43274312765.71922,-43676365516.78048,-44081082850.968285,-44488454998.044464,-44898470934.04498,-45311118333.3609,-45726383519.41885,-46144251413.93637,-46564705484.72816,-46987727692.04061,-47413298433.39259,-47841396486.90356,-48271998953.0885,-48705081195.10568,-49140616777.44031,-49578577403.0146,-50018932848.71263,-50461650899.31592,-50906697279.84585,-51354035586.31393,-51803627214.88669,-52255431289.47309,-52709404587.75212,-53165501465.65994,-53623673780.36498,-54083870811.76542,-54546039182.55094,-55010122776.88015,-55476062657.73303,-55943796983.00955,-56413260920.45564,-56884386561.51003,-57357102834.17982,-57831335415.06649,-58307006640.68,-58784035418.19689,-59262337135.83609,-59741823573.048645,-60222402810.73814,-60703979141.75498,-61186452981.93331,-61669720781.96903,-62153674940.468765,-62638203718.53436,-63123191156.28414,-63608516991.75382,-64094056582.66276,-64579680831.57979,-65065256115.07474,-65550644217.49697,-66035702270.08486,-66520282696.173874,-67004233163.34465,-67487396543.42864,-67969610881.37244,-68450709374.05413,-68930520360.24178,-69408867322.99144,-69885568905.89665,-70360438944.72595,-70833286516.11948,-71303916005.16135,-71772127193.80115,-72237715372.2688,-72700471475.80951,-73160182249.26434,-73616630442.23633,-74069595037.81226,-74518851518.06099,-74964172169.79709,-75405326434.38983,-75842081305.7101,-76274201780.6467,-76701451366.98447,-77123592653.83342,-77540387950.21344,-77951599997.86234,-78356992764.81424,-78756332326.83075,-79149387844.32594,-79535932643.0363,-79915745407.34265,-80288611495.8445,-80654324389.54637,-81012687283.81482,-81363514836.13199,-81706635082.59117,-82041891537.06978,-82369145488.066,-82688278509.3138,-82999195201.4852,-83301826183.56776,-83596131353.85767,-83882103441.94754,-84159771874.61061,-84429206980.09042,-84690524557.00212,-84943890835.83432,-85189527862.91013,-85427719338.62177,-85658816943.78316,-85883247190.05827,-86101518832.59166,-86314230885.19617,-86522081280.71916,-86725876221.49226,-86926540267.04535,-87125127208.51154,-87322831781.3119,-87521002269.7555,-87721154059.05627,-87924984191.88316,-88134386987.85242,-88351470785.22343,-88578575864.37321,-88818293612.24052,-89073486985.69925,-89347312329.52661,-89643242601.0581,-89965092048.4879,-1607585158.1792903,-1581648447.7609084,-1554409844.9591544,-1525862448.6765883,-1496003089.168764,-1464832735.2188575,-1494525703.7066224,-1461034915.364714,-1426177845.387343,-1389971164.6908717,-1352438035.7979984,-1313608675.7008288,-1273520932.5774126,-1232220870.8723795,-1189763357.831774,-1146212642.9474692,-1101642919.9021835,-1056138858.5005494,-1009796091.7188876,-962721640.4096422,-915034255.3708538,-866864653.4692142,-818355621.3421161,-769661956.9846227,-720950216.3743136,-672398229.3714811,-624194346.6839802,-576536378.0062289,-529630180.9148803,-483687861.20917535,-438925548.7054727,-395560718.7234433,-353809039.4272203,-313880739.6773508,-275976512.0101181,-240282991.6428166,-206967885.68575716,-176174867.34249398,-148018397.49570888,-122578689.43966009,-99897088.97181104,-79972197.05883516,-62757108.9406793,-48158172.18208459,-36035664.368074246,-26206744.155212022,-18450921.840849552,-12518114.508615224,-8139090.571562131,-5037777.994650403,-2944541.082905512,-1609183.6350452676,85000270358.1546,89156325677.61212,93024391688.09552,96404921260.82353,99040558624.42456,100611426570.78667,100740999826.56197,99024761757.15323,95101545301.19469,88793035045.03682,80320449542.37894,70499926262.94646,60417069930.15968,48863922157.579346,22170378585.343838,-87429254174.84665,-655329741769.5989,0.0
31.0,-36674350963.9446,-36918531801.59989,-37162600034.73053,-37406497507.94795,-37650164036.84653,-37893537353.300125,-38136553049.673904,-38379144521.95529,-38621242911.81123,-38862777047.58119,-39103673384.21842,-39343855942.195625,-39583246245.394615,-39821763258.00336,-40059323320.44863,-40295840084.39651,-40531224446.85836,-40765384483.445885,-40998225380.823685,-41229649368.415535,-41459555649.42652,-41687840331.251724,-41914396355.34899,-42139113426.66438,-42361877942.705376,-42582572922.37069,-42801077934.65373,-43017269027.350845,-43231018655.91709,-43442195612.627335,-43650664956.214745,-43856287942.1754,-44058921953.94507,-44258420435.17335,-44454632823.33991,-44647404484.980736,-44836576652.81344,-45021986365.079216,-45203466407.44261,-45380845257.822266,-45553947034.55549,-45722591448.33409,-45886593758.38469,-46045764733.405,-46199910617.81191,-46348833103.8977,-46492329310.54376,-46630191769.18837,-46762208417.80472,-46888162603.70153,-47007833096.024025,-47120994108.90241,-47227415336.26649,-47326861999.42584,-47419094908.59791,-47503870539.65917,-47580941127.48921,-47650054777.38418,-47710955596.12579,-47763383844.41378,-47807076112.49607,-47841765520.96938,-47867181948.87083,-47883052291.336754,-47889100749.276405,-47885049153.68627,-47870617327.42631,-47845523487.48572,-47809484690.98748,-47762217328.41696,-47703437667.81591,-47632862453.95122,-47550209566.760605,-47455198743.68427,-47347552370.825325,-47226996348.23397,-47093261034.9876,-46946082280.1436,-46785202546.07134,-46610372131.12832,-46421350499.13588,-46217907723.63187,-45999826055.433655,-45766901622.63726,-45518946272.81,-45255789567.80496,-44977280942.33971,-44683292038.24152,-44373719227.06745,-44048486334.66441,-43707547582.14357,-43350890758.70626,-42978540642.78296,-42590562689.02364,-42187066999.82822,-41768212601.30993,-41334212044.86791,-40885336356.89085,-40421920360.53649,-39944368395.032425,-39453160459.5183,-38948858810.10826,-38432115040.59644,-37903677679.05151,-37364400334.468285,-36815250429.64583,-36257318558.567085,-35691828508.746086,-35120147991.31209,-34543800123.991684,-33964475714.66263,-33384046395.76914,-32804578662.628788,-32228348871.53275,-31657859256.546204,-31095855027.0908,-30545342611.72869,-30009609117.125305,-29492243074.95466,-28997156553.589592,-28528608715.842804,-1072925382.1402164,-1046788335.4715904,-1019914522.9887928,-992325431.9890378,-964046200.5681185,-935105830.929244,-955123469.9736208,-924566979.5140651,-893383732.7155014,-861618156.816695,-829319739.8348424,-796543210.4117217,-763348690.9143326,-729801816.9667253,-695973815.751903,-661941534.5596818,-627787410.1885928,-593599368.9648967,-559470646.3559724,-525499514.4763972,-491788905.2724159,-458445916.8991295,-425581190.8652706,-393308148.0220531,-361742072.54327154,-330999034.830992,-301194646.9497403,-272442647.9209264,-244853321.184248,-218531752.93501672,-193575948.0348809,-170074829.88005048,-148106162.02643496,-127734442.4187621,-109008835.47139215,-91961222.4710443,-76604465.95674063,-62930997.613688834,-50911850.05341015,-40496258.38593686,-31611954.97315369,-24166267.0703722,-18048099.016135503,-13130835.43066171,-9276137.922200743,-6338525.698469349,-4170534.3655915465,-2628146.010468381,-1576092.0785241912,-892568.847181539,-472897.21815511474,-231726.37388610604,95627475981.6313,105734045693.4639,116833413547.72473,128939842691.3106,142008989851.60187,155899939137.06274,170320276246.0926,184752654855.7551,198372966875.76508,210008150068.6784,218290763760.48306,222457601073.0174,224942194835.44095,238342383655.56702,301632972486.41565,523910768815.24927,1478714693301.026,0.0
30.75,-29491089261.13833,-29585085394.356533,-29676562081.780464,-29765423444.30995,-29851571053.5064,-29934903874.236862,-30015318206.47432,-30092707626.2736,-30166962925.944546,-30237972053.44839,-30305620051.04497,-30369788993.224167,-30430357923.95745,-30487202793.31095,-30540196393.464622,-30589208294.188614,-30634104777.832344,-30674748773.88777,-30710999793.194244,-30742713861.85913,-30769743454.975647,-30791937430.22584,-30809140961.466145,-30821195472.399967,-30827938570.452057,-30829203980.968616,-30824821481.877834,-30814616838.956093,-30798411741.857937,-30776023741.0796,-30747266186.04004,-30711948164.476944,-30669874443.372658,-30620845411.63757,-30564657024.800423,-30501100751.969826,-30429963525.35207,-30351027692.633755,-30264070972.555588,-30168866414.03098,-30065182359.187405,-29952782410.734528,-29831425404.09265,-29700865384.744503,-29560851591.30662,-29411128444.84954,-29251435545.03344,-29081507673.66316,-28901074806.309563,-28709862132.684376,-28507590086.5048,-28293974385.63124,-28068726083.312733,-27831551631.431828,-27582152956.69524,-27320227550.781296,-27045468575.518257,-26757564984.23642,-26456201660.511395,-26141059575.590843,-25811815965.87976,-25468144531.944656,-25109715660.58856,-24736196671.644104,-24347252091.23298,-23942543953.34877,-23521732131.729527,-23084474704.10868,-22630428351.05648,-22159248791.754948,-21670591259.19096,-21164111017.39512,-20639463923.50937,-20096307037.62792,-19534299283.524326,-18953102163.55628,-18352380531.22767,-17731803425.081028,-17091044967.802208,-16429785334.629623,-15747711795.392714,-15044519834.732931,-14319914355.31273,-13573610969.074398,-12805337381.87964,-12014834877.145365,-11201859904.383465,-10366185778.862562,-9507604498.930773,-8625928687.875326,-7720993667.547541,-6792659671.349399,-5840814204.5662985,-4865374560.432715,-3866290500.748056,-2843547110.304973,-1797167834.8717697,-727217712.970042,366193187.77039146,1482906118.3256395,2622709768.088913,3785336144.134848,4970456196.566506,6177675175.770374,7406527706.521772,8656472562.889078,9926887126.778736,11217061511.700848,12526192331.89648,13853376095.314749,15197602197.01055,16557745487.301483,17932558386.404774,19320662514.19353,20720539800.067024,22130523033.603703,23548785811.5148,24973331830.27218,26401983466.434128,27832369577.89656,29261912448.74741,-678414860.740613,-655986676.3872784,-633283149.5311142,-610335818.5624743,-587178683.6740339,-563848235.5232253,-576603657.7092944,-552313547.2673522,-527921142.9221937,-503473361.9009209,-479019760.9567419,-454612446.9517624,-430305951.6999253,-406157067.014196,-382224635.8336525,-358569295.32406265,-335253167.9742681,-312339496.97871566,-289892222.6355504,-267975497.135758,-246653136.0106927,-225988005.6840308,-206041348.08161977,-186872045.12923357,-168535828.24948433,-151084440.68171027,-134564763.60430437,-119017920.62708429,-104478379.1999548,-90973071.76885064,-78520563.96122305,-67130301.49292155,-56801971.56546636,-47525017.88220064,-39278350.56659933,-32030292.62806803,-25738802.515940588,-20352007.006793115,-15809069.473127669,-12041404.887297189,-8974234.386414219,-6528448.972361995,-4622724.728140649,-3175802.48669269,-2108815.983064774,-1347528.1262475825,-824320.13584431,-479778.3901575078,-263743.90153557254,-135732.3027214236,-64697.09066702476,-28188.917054417656,56322287829.87164,67154046987.97019,79984817652.71117,95224789685.8207,113363592685.74904,134971099505.02165,160677924804.30103,191108058951.03427,226703903527.9091,267314761641.82587,311273054440.9427,353388603828.7172,380812926139.21545,365606511007.01074,256946264007.2907,-9206207948.003372,-641893687274.5186,0.0
30.5,-22043756628.23471,-22004749150.28024,-21961383463.890137,-21913540445.4518,-21861098219.679905,-21803932104.14351,-21741914553.082542,-21674915100.52957,-21602800302.75709,-21525433680.0718,-21442675657.980263,-21354383507.75213,-21260411286.41161,-21160609776.18906,-21054826423.46845,-20942905277.270054,-20824686927.31113,-20700008441.690147,-20568703304.24551,-20430601351.64281,-20285528710.24948,-20133307732.859844,-19973756935.33887,-19806690933.25857,-19631920378.60419,-19449251896.63552,-19258488022.99361,-19059427141.14812,-18851863420.28907,-18635586753.772457,-18410382698.23581,-18176032413.5087,-17932312603.44957,-17678995457.848747,-17415848595.546677,-17142635008.923683,-16859113009.928314,-16565036177.819424,-16260153308.808329,-15944208367.79529,-15616940442.408442,-15278083699.560522,-14927367344.75249,-14564515584.363377,-14189247591.177383,-13801277473.412865,-13400314247.526886,-12986061815.085304,-12558218943.99838,-12116479254.435452,-11660531209.745377,-11190058112.722189,-10704738107.568352,-10204244187.920164,-9688244211.31326,-9156400920.478014,-8608371971.86662,-8043809971.823692,-7462362520.824921,-6863672266.216784,-6247376963.897344,-5613109549.38911,-4960498218.757506,-4289166519.83395,-3598733454.2044096,-2888813590.423943,-2159017188.9146423,-1408950338.9971406,-638215108.4984863,153590293.63778055,966871341.3294663,1802037001.536805,2659499530.289865,3539674254.2440114,4442979337.484012,5369835533.354504,6320665921.147884,7295895627.557783,8295951532.881246,9321261962.052458,10372256360.691246,11449364956.476969,12553018406.292433,13683647429.739716,14841682429.80366,16027553101.63564,17241688030.64756,18484514281.350086,19756456978.63813,21057938883.52585,22389379965.66129,23751196975.313057,25143803017.916504,26567607134.70105,28023013893.389065,29510422993.469486,31030228891.09929,32582820449.282948,34168580619.61325,35787886162.53927,37441107413.84544,39128608105.78756,40850745252.12437,42607869107.11124,44400323209.37311,46228444522.43306,48092563684.54217,49993005381.30275,51930088855.39202,53904128568.44449,55915435030.80786,57964315815.41351,60051076772.33725,62176023460.727554,64339462814.55404,66541705058.00964,68783065885.26149,71063868917.47914,73384448447.50471,75745152479.00085,78146346062.1906,-406720762.5028789,-389536506.09020126,-372376890.0996628,-355270581.8260682,-338247320.7731507,-321337840.34059525,-329024532.20150256,-311643702.67025,-294446910.0180857,-277469579.7907091,-260747704.33953252,-244317654.3849014,-228215966.325252,-212479104.6332001,-197143199.02299732,-182243756.50400984,-167815348.9619298,-153891277.54272163,-140503215.86164263,-127680834.92677444,-115451413.65530206,-103839439.96835962,-92866208.66679367,-82549423.59710136,-72902812.98409012,-63935768.19083174,-55653017.50701322,-48054347.78459314,-41134387.73449127,-34882467.34741174,-29282568.061600912,-24313377.807407245,-19948463.737458736,-16156573.125152595,-12902069.421479538,-10145505.67873578,-7844331.428012295,-5953721.69378993,-4427508.355753576,-3219184.9366150103,-2282946.754525533,-1574720.135939428,-1053128.1869136314,-680337.784290326,-422734.3108625624,-251378.3421527156,-142212.5785441859,-76007.47187967537,-38058.62725149661,-17675.136899815276,-7521.216154118832,-2888.946094828142,-32978892516.71202,-30617490836.470627,-27148426289.016426,-22167064365.463425,-15102218844.496147,-5135850191.524464,8922234815.132343,28833118398.26124,57248170962.112854,98224781945.17923,158044391845.45804,246403894746.1922,377580049063.6485,568331754708.6855,814079530822.0201,951811194628.0184,325162357284.0874,0.0
30.25,-14988712659.577076,-14845648559.027945,-14697148493.085604,-14543087519.541452,-14383338099.9668,-14217770051.348904,-14046250497.089577,-13868643817.372396,-13684811598.902884,-13494612584.027975,-13297902619.241203,-13094534603.081354,-12884358433.432465,-12667220954.23375,-12442965901.609625,-12211433849.429457,-11972462154.308222,-11725884900.060225,-11471532841.616756,-11209233348.4221,-10938810347.32038,-10660084264.94691,-10372871969.639206,-10076986712.881351,-9772238070.297195,-9458431882.20629,-9135370193.759016,-8802851194.663687,-8460669158.521091,-8108614381.779832,-7746473122.324615,-7374027537.709989,-6991055623.048934,-6597331148.565217,-6192623596.81537,-5776698099.583736,-5349315374.451497,-4910231661.03587,-4459198656.892241,-3995963453.06628,-3520268469.278207,-3031851388.7136083,-2530445092.389293,-2015777593.0513976,-1487571968.5565784,-945546294.6734432,-389413577.2292344,181118316.48574847,766346727.1604332,1366574273.875217,1982108925.6243007,2613264074.1132326,3260358608.0198345,3923716988.934505,4603669329.226908,5300551472.11905,6014705074.282909,6746477691.323387,7496222866.551064,8264300223.502361,9051075562.721195,9856920963.376226,10682214890.358486,11527342307.579063,12392694798.269775,13278670693.180458,14185675207.66909,15114120588.789345,16064426273.603333,17037019060.0796,18032333292.08288,19050811060.12252,20092902419.701298,21159065629.29952,22249767410.23788,23365483230.895138,24506697618.00425,25673904498.02905,26867607571.91989,28088320726.877422,29336568489.10669,30612886521.936367,31917822174.10077,33251935083.44331,34615797841.805145,36009996727.40891,37435132511.64352,38891821347.802704,40380695750.03419,41902405671.52109,43457619691.74397,45047026323.57648,46671335451.93817,48331279916.79223,50027617254.41592,51761131612.11888,53532635852.92307,55342973868.17589,57193023117.63575,59083697418.271576,61015950004.85038,62990776887.36932,65009220532.526695,67072373898.73399,69181384856.6596,71337461029.9758,73541875093.87416,75795970572.0296,78101168176.05098,80458972735.07411,82870980767.05183,85338888747.4999,87864502135.98697,90449745225.55064,93096671885.5016,95807477273.78912,98584510601.2856,101430289037.05276,104347512850.94296,107339081897.83292,110408113556.46378,-231302537.4610552,-219284463.056524,-207438683.2808896,-195784962.23143765,-184343113.31092417,-173132896.31835535,-177514699.66037083,-166135132.8507808,-155038736.07878277,-144245817.70700005,-133776090.72954358,-123648509.891219,-113881100.62920712,-104490781.0957966,-95493178.86380674,-86902444.29297306,-78731062.94255319,-70989669.84728272,-63686868.92236444,-56829061.21705913,-50420286.18043974,-44462080.51749513,-38953359.57470407,-33890326.47211471,-29266414.359266173,-25072267.175587635,-21295764.09870337,-17922092.420309257,-14933872.852754656,-12311340.197306054,-10032580.862569768,-8073826.888352587,-6409803.907980032,-5014127.903187836,-3859742.742915625,-2919387.4729144904,-2166079.3162476583,-1573595.5950695286,-1116935.587990031,-772742.0346409676,-519661.9455308952,-338627.8990120244,-213044.34790318008,-128868.69268227088,-74583.84026607429,-41067.18107405775,-21369.56496996551,-10425.816333167772,-4724.303822521314,-1965.8410652346108,-740.9022095296576,-248.68529098554052,-129348992592.14001,-139919753740.49655,-151891534637.12375,-165507329659.5284,-181052510513.9257,-198853641377.05963,-219264098566.07846,-242617429757.99857,-269103266915.23965,-298454818345.30286,-329160938208.6576,-356406636363.4069,-366315824609.2263,-318090140953.5592,-79163335778.62978,872572531638.4114,5123604401533.972,0.0
30.0,-8964223472.577368,-8750335139.62109,-8530675075.180566,-8305127996.176553,-8073576478.981452,-7835900922.852753,-7591979512.827615,-7341688182.068207,-7084900573.6477,-6821488001.765468,-6551319412.378915,-6274261343.238894,-5990177883.313771,-5698930631.586316,-5400378655.205889,-5094378446.976757,-4780783882.161598,-4459446174.577425,-4130213831.958251,-3792932610.557312,-3447445468.958175,-3093592521.0612526,-2731210988.2093067,-2360135150.41144,-1980196296.621344,-1591222674.0207627,-1193039436.2555792,-785468590.5647403,-368328943.7380593,58563953.1674301,495397861.4319186,942363912.6809956,1399656668.3935156,1867474181.0098176,2346018056.753518,2835493520.2906704,3336109481.359662,3848078603.521223,4371617375.188837,4906946183.117673,5454289388.544378,6013875406.190072,6585936786.357223,7170710300.372883,7768437029.654475,8379362458.698189,9003736572.319948,9641813957.505592,10293853910.26198,10960120547.895102,11640882927.179071,12336415168.921604,13046996589.477102,13772911839.80697,14514451052.74004,15271909999.142693,16045590253.77208,16835799371.652174,17642851075.88626,18467065457.89829,19308769191.182644,20168295759.733807,21045985702.428368,21942186874.74221,22857254729.30296,23791552616.904915,24745452109.75472,25719333348.86308,26713585417.66172,27728606744.09925,28764805533.659523,29822600235.95172,30902420047.741367,32004705455.533367,33129908821.075794,34278495013.433712,35450942091.58524,36647742041.81853,37869401574.56288,39116442985.66829,40389405087.561066,41688844216.14876,43015335319.83025,44369473137.48631,45751873472.8905,47163174573.58603,48604038622.93416,50075153354.746506,51577233800.68516,53111024181.44175,54677299953.6069,56276870025.11109,57910579153.16947,59579310539.80423,61283988641.24497,63025582208.85064,64805107580.63898,66623632244.08652,68482278692.56603,70382228599.64561,72324727337.49365,74311088867.83109,76342701036.27325,78421031303.52153,80547632949.73174,82724151791.52267,84952333454.53479,87234031248.2338,89571214693.83008,91965978760.78831,94420553872.5064,96937316747.39798,99518802147.9132,102167715617.05203,104886947289.7859,107679586875.62042,110548939918.4542,113498545451.09512,116532195174.47772,119653954306.04388,122868184258.16425,-124889209.33224288,-117114090.63964371,-109550229.31664132,-102207839.70444952,-95096691.75140125,-88226034.5599495,-90590556.2587531,-83704135.99823274,-77087946.75969137,-70749796.8426412,-64696582.38515545,-58934198.30944927,-53467451.709121816,-48299979.16592659,-43434169.63971331,-38871094.72082695,-34610448.16281122,-30650496.716598146,-26988044.355936486,-23618412.00699244,-20535434.861023556,-17731479.245255835,-15197480.840629833,-12923005.753308345,-10896335.558229843,-9104576.928360304,-7533795.837098208,-6169175.57342187,-4995196.947029645,-3995838.1005712063,-3154790.316281572,-2455685.1465179343,-1882327.1681887533,-1418925.7311982175,-1050318.325889198,-762177.7294008448,-541195.0052030577,-375230.8175833869,-253428.4586576088,-166283.50992864033,-105667.161277943,-64802.80547918157,-38198.45133162734,-21540.503178337083,-11557.215270903902,-5862.281306451884,-2790.210809830184,-1235.1092202362172,-503.1172463061207,-186.20670368636627,-61.655691233355576,-17.921975757373048,-173701648853.21198,-190407125658.9353,-209858743993.16956,-232726683413.81213,-259909542209.961,-292639496422.39667,-332651386632.6999,-382466038040.7276,-445888407787.70667,-528934394608.0013,-641674524419.9272,-802208874071.4094,-1046136010471.3038,-1452271233218.5166,-2227171860368.566,-4087240977875.88,-11559925000345.809,0.0
29.75,-4823557448.709802,-4579659263.436096,-4330437594.487631,-4075801762.295133,-3815659686.58349,-3549917867.1682324,-3278481364.457372,-3001253779.642988,-2718137234.564758,-2429032351.226831,-2133838230.9467344,-1832452433.1130853,-1524770953.527943,-1210688202.3047404,-890096981.2934146,-562888460.9981515,-228952156.95312807,111824094.48345038,459554160.9599437,814353639.6324906,1176339883.387877,1545632027.8433971,1922351019.182982,2306619642.895262,2698562553.4844427,3098306305.230514,3505979384.082104,3921712240.773015,4345637325.259759,4777889122.586557,5218604190.293266,5667921197.489795,6125980965.732905,6592926511.849851,7068903092.867445,7554058253.216168,8048541874.393622,8552506227.284986,9066106027.3562,9589498492.950245,10122843406.935583,10666303181.977251,11220042929.718683,11784230534.18816,12359036729.766094,12944635184.07439,13541202586.180552,14148918740.533651,14767966667.085896,15398532708.0849,16040806642.059664,16694981805.56106,17361255223.26156,18039827747.062096,18730904204.90285,19434693560.02581,20151409081.49254,20881268526.818565,21624494337.64981,22381313849.47196,23151959516.418343,23936669152.31567,24735686189.19087,25549259954.54977,26377645968.83172,27221106264.543125,28079909728.682068,28954332470.177643,29844658214.190075,30751178725.24756,31674194261.333115,32614014061.18362,33570956867.218567,34545351486.68516,35537537393.78398,36547865375.73121,37576698225.91406,38624411487.51528,39691394251.2097,40778050010.784805,41884797580.79585,43012072080.64703,44160325989.78624,45330030279.01798,46521675623.27708,47735773701.56493,48972858590.13536,50233488255.42577,51518246153.66783,52827742944.57916,54162618327.03685,55523543005.16886,56911220793.87121,58326390873.37358,59769830203.1332,61242356106.046425,62744829034.72755,64278155532.4273,65843291402.0498,67441245097.68685,69073081354.13062,70739925070.95769,72442965469.01135,74183460538.4588,75962741799.07883,77782219395.0599,79643387548.38304,81547830396.84695,83497228244.99396,85493364258.64806,87538131636.5162,89633541295.37358,91781730108.81071,93984969743.41376,96245676140.6618,98566419697.82996,100949936206.88351,103399138616.85016,105917129692.59338,108507215651.4391,111172920868.90192,-64345566.85469134,-59620627.6162406,-55087921.08872861,-50750275.05154201,-46609993.80075908,-42668823.49256925,-43883283.48019327,-39986007.11380748,-36300401.341403134,-32826402.430304404,-29563213.62694321,-26509282.85766287,-23662286.03205559,-21019116.783815145,-18575883.481326494,-16327914.315922478,-14269771.225944756,-12395273.335460655,-10697530.473866004,-9168987.193271589,-7801477.511864878,-6586290.381820867,-5514245.609832264,-4575779.649009659,-3761040.337409448,-3059989.2885238538,-2462510.2540348014,-1958521.394251583,-1538089.0263028292,-1191540.0977037605,-909570.3801825868,-683345.2247977754,-504589.6941986507,-365665.0192956157,-259628.6384290138,-180275.5811609344,-122159.656539209,-80593.77996689922,-51629.78536315876,-32019.1587710805,-19157.212374967698,-11014.192886556257,-6057.576044767157,-3170.236008494257,-1569.2149972190068,-729.4180839030826,-315.7436507998327,-126.0226875900129,-45.83336651063381,-14.974727868808618,-4.320093984337586,-1.0775030157415506,-129077372822.51492,-138568715783.45215,-149139605321.18033,-160945529701.8407,-174162383976.2284,-188982184320.9444,-205598080365.33304,-224163767581.6819,-244690927112.6949,-266791832031.1641,-289016258093.2587,-307055375919.5229,-308504842895.6269,-255929807938.78787,-23317936445.461937,899099408939.6678,5003590298979.568,0.0
29.5,-2269247854.8246536,-2027414907.3761587,-1781241956.5784547,-1530671370.1648588,-1275644986.2165513,-1016104114.0899704,-751989535.4365013,-483241505.3036633,-209799753.3053688,68396515.15175578,351408617.6021005,639298393.231997,932128201.5865804,1229960921.294732,1532859948.835032,1840889197.369456,2154113095.673049,2472596587.191408,2796405129.260585,3125604692.52708,3460261760.6092496,3800443330.0453935,4146216910.5772,4497650525.821607,4854812714.389381,5217772531.512432,5586599551.247399,5961363869.32935,6342136106.7538185,6728987414.172417,7121989477.194212,7521214522.691003,7926735326.212863,8338625220.627999,8756958106.109007,9181808461.597034,9613251357.884409,10051362472.465525,10496218106.318018,10947895202.7855,11406471368.745844,11872024898.260937,12344634798.917225,12824380821.07985,13311343490.29724,13805604143.108889,14307244966.524723,14816349041.460863,15333000390.434422,15857284029.838535,16389286027.137783,16929093563.344048,17476795001.154297,18032479959.15356,18596239392.50858,19168165680.6018,19748352722.079853,20336896037.81574,20933892882.310493,21539442364.086628,22153645575.654667,22776605733.661427,23408428329.85807,24049221293.55736,24699095166.277523,25358163289.302944,26026542004.9218,26704350872.13245,27391712897.64113,28088754783.004555,28795607188.801125,29512405016.74441,30239287710.680424,30976399577.43774,31723890128.52391,32481914443.685963,33250633557.37057,34030214869.138344,34820832579.09764,35622668149.43223,36435910793.09863,37260757990.76465,38097416037.05022,38946100617.1089,39807037414.56092,40680462751.74438,41566624263.19976,42465781603.23179,43378207188.308784,44304186974.956345,45244021273.67742,46198025599.28362,47166531557.84903,48149887770.296844,49148460832.39155,50162636310.641655,51192819773.30423,52239437855.32919,53302939355.67383,54383796364.95888,55482505420.9158,56599588688.48515,57735595160.76151,58891101876.231606,60066715146.91279,61263071791.0527,62480840362.9943,63720722371.622086,64983453477.4776,66269804657.142166,67580583321.81774,68916634375.1685,70278841193.38821,71668126508.10779,73085453170.11076,74531824768.84718,76008286079.3756,77515923304.56157,79055864076.04993,80629277172.62607,82237371908.98048,-32642481.841499776,-29825913.657862503,-27166539.448308334,-24662606.02996503,-22311952.73424408,-20112011.460409984,-20727428.23907001,-18584727.04179037,-16594657.045034297,-14753215.836074756,-13055988.278989227,-11498164.313687185,-10074560.97386242,-8779648.720850019,-7607582.128514716,-6552234.881246907,-5607238.962757667,-4766027.817935774,-4021883.16434779,-3367985.015482598,-2797464.356764084,-2303457.790759929,-1879163.343943044,-1517896.5088821228,-1213145.4889362606,-958624.5244457744,-748324.1178542834,-576556.9484343294,-437998.283589301,-327719.76070582366,-241215.53743858548,-174419.99294376382,-123716.40831527906,-85936.35718599029,-58349.8875399591,-38646.95754315332,-24910.97971507747,-15585.70152881527,-9436.975081981676,-5511.211151581428,-3092.4436730949205,-1659.9266780237044,-848.0363562011179,-409.9619393597311,-186.2650820337433,-78.91107339588044,-30.8829526971635,-11.043016918411992,-3.560726520627299,-1.0190942008701125,-0.2539815385390948,-0.0538427610106765,-38037584245.74908,-35140299811.5575,-30939245849.176987,-24978118212.7024,-16620325384.905317,-4964517080.185412,11286619216.551687,34033725752.871613,66112924344.28991,111829276071.39658,177792650792.2931,274094259050.67163,415277094726.0179,617296063406.6182,870049744767.8838,990357293109.5652,315752817070.5318,0.0
29.25,-1273805106.524681,-1062100838.9694064,-847421504.7419425,-629746549.2233186,-409055780.6922823,-185329391.80698845,41452018.334674925,271307421.55232173,504255337.3541824,740313809.1186057,979500379.6841184,1221832066.34627,1467325335.2604632,1715996075.2515016,1967859571.0304,2222930475.82125,2481222783.4010124,2742749799.557085,3007524112.9681053,3275557565.514925,3546861222.0302124,3821445339.496561,4099319335.70384,4380491757.37928,4664970247.803813,4952761513.931917,5243871293.03127,5538304318.863423,5836064287.425566,6137153822.277471,6441574439.478889,6749326512.16396,7060409234.782642,7374820587.039593,7692557297.563974,8013614807.345323,8337987232.972285,8665667329.71268,8996646454.476366,9330914528.702312,9668460001.213732,10009269811.086687,10353329350.577572,10700622428.15722,11051131231.698366,11404836291.864052,11761716445.744978,12121748800.79091,12484908699.081997,12851169681.982594,13220503455.217249,13592879854.40496,13968266811.083042,14346630319.245651,14727934402.414694,15112141081.252136,15499210341.711954,15889100103.717943,16281766190.338326,16677162297.411455,17075239963.557722,17475948540.488823,17879235163.500767,18285044722.006,18693319829.92747,19104000795.736813,19517025591.876785,19932329823.25773,20349846694.46125,20769506975.222443,21191238963.68985,21614968446.883423,22040618657.680973,22468110227.563683,22897361134.239857,23328286643.14006,23760799241.63924,24194808564.70414,24630221310.493275,25066941144.243385,25504868588.562603,25943900898.014103,26383931915.60937,26824851908.53873,27266547380.14275,27708900854.76859,28151790631.75898,28595090504.37957,29038669439.0049,29482391209.34321,29926113979.88434,30369689832.096,30812964226.16304,31255775390.26044,31697953628.45633,32139320537.35776,32579688120.51995,33018857788.43447,33456619230.57668,33892749144.515938,34327009805.456223,34759147457.76308,35188890508.02434,35615947496.96431,36040004825.05859,36460724203.94997,36877739802.71085,37290655054.59912,37699039086.16498,38102422726.34104,38500294048.425095,38892093392.58581,39277207810.601,39654964867.90102,40024625730.52401,40385377456.18552,40736324399.18459,41076478628.15115,41404749243.50274,41719930467.70639,42020688365.77719,-19152509.668664142,-17240510.257172674,-15462840.7367959,-13815560.719147172,-12294432.154188951,-10894938.644637384,-11264880.942657366,-9921592.85922992,-8696911.785761476,-7585262.969147286,-6580877.801775507,-5677829.222308619,-4870069.388183228,-4151469.2716290313,-3515859.765786208,-2957073.823341672,-2468989.0890631755,-2045570.432048807,-1680911.7360635945,-1369276.269870852,-1105134.9369794987,-883201.6987433853,-698465.479150626,-546217.8964972235,-422076.22846628143,-322001.10414860793,-242308.529384274,-179675.98927426327,-131142.5310094889,-94102.90670897235,-66296.04328561138,-45788.29616245734,-30952.126023602807,-20441.001607575967,-13161.465259216751,-8243.390417962906,-5009.501893900248,-2945.2139755926687,-1669.7655302476408,-909.4978386105216,-473.93823606259787,-235.1346633072592,-110.45166665314429,-48.80881219439701,-20.13965488280981,-7.692082015749768,-2.6916403911412634,-0.8525005415807319,-0.2408704567498838,-0.0596647930946302,-0.0126859770785526,-0.0022561501249565,39984614581.690186,49255223927.15756,60202690716.9548,73144127694.49721,88446683218.63321,106519758921.33038,127785943354.76193,152605557451.6837,181102646811.05908,212785242177.75818,245746459503.96414,275058711249.10065,289857841663.57654,269605374929.74573,187472267046.11887,55969430403.15776,-3614914181.4243207,0.0
29.0,-1722360818.2448766,-1559203772.1103482,-1394536653.6353157,-1228372988.6001644,-1060727410.2741317,-891615697.6383466,-721054814.6428132,-549062950.5193316,-375659561.1746549,-200865411.68767464,-24702619.93517793,152805298.62851766,331633385.0122628,511755189.5228623,693142723.366593,875766408.9897776,1059595029.129666,1244595674.5461066,1430733690.4036307,1617972621.272262,1806274154.714768,1995598063.4262936,2185902145.891568,2377142165.5227323,2569271788.240353,2762242518.4571013,2956003633.4227314,3150502115.886748,3345682585.0323462,3541487225.6331425,3737855715.381714,3934725150.3349705,4132029968.419268,4329701870.933314,4527669741.983832,4725859565.78391,4924194341.739063,5122593997.240733,5320975298.081206,5519251756.39687,5717333536.039619,5915127355.268677,6112536386.645285,6309460154.004691,6505794426.367144,6701431108.639736,6896258128.946942,7090159322.414121,7283014311.212188,7474698380.655319,7665082351.123813,7854032445.564685,8041410152.298992,8227072082.840991,8410869824.406138,8592649786.75603,8772253042.994701,8949515163.895998,9124266045.301497,9296329728.085966,9465524210.140636,9631661249.772291,9794546159.860643,9953977592.054377,10109747310.219324,10261639952.278,10409432779.500193,10552895412.215405,10691789550.822666,10825868680.868078,10954877760.845766,11078552891.253605,11196620963.297523,11308799285.490644,11414795186.23002,11514305590.257246,11607016566.715277,11692602846.30394,11770727304.805836,11841040410.004292,11903179628.741508,11956768790.567429,12001417404.104609,12036719921.900677,12062254949.153824,12077584391.275805,12082252534.798166,12075785055.627192,12057687948.106936,12027446367.754778,11984523379.885248,11928358605.6283,11858366756.075632,11773936044.444956,11674426465.22922,11559167928.291277,11427458234.763931,11278560880.41092,11111702670.78857,10926071131.105772,10720811692.101864,10495024631.531689,10247761748.95024,9978022749.405788,9684751309.364817,9366830795.676174,9023079605.616323,8652246093.010162,8253003042.064052,7823941646.84101,7363564950.214978,6870280691.614167,6342393507.852702,5778096425.798288,5175461579.461775,4532430077.254743,3846800937.554237,3116219002.248301,2338161728.50273,1509924748.4713683,628606074.9269297,-19559051.574917987,-17598368.967339985,-15775896.29571177,-14087593.733423617,-12529108.101316266,-11095792.993195895,-11500441.380882252,-10122857.462167012,-8867417.634949531,-7728372.584468121,-6699767.504626011,-5775479.298573943,-4949256.215406878,-4214759.550789275,-3565606.9686013684,-2995416.931149824,-2497853.6593824085,-2066671.9845013053,-1695761.4012957886,-1379188.5945763623,-1111237.68658709,-886447.448516508,-699644.736366042,-545973.4532352278,-420918.4086750307,-320323.5423535614,-240404.1038571064,-177752.53147702283,-129337.94698278444,-92499.37534424238,-64933.000765295474,-44673.97386638433,-30073.47835139168,-19771.936811602955,-12669.371914096984,-7894.029289737579,-4770.402192268915,-2787.7690634799874,-1570.2618486127506,-849.3293487957884,-439.256397446298,-216.16246706909925,-100.65339036535929,-44.0605759384447,-17.996129776175955,-6.798283252339773,-2.3508485945976183,-0.7350993245083476,-0.2048486609437566,-0.0499893760343845,-0.0104581469587611,-0.0018275539145114,68931286698.1062,75932247320.20224,83350264088.85803,91070573507.41231,98889510542.97372,106469999674.06137,113278977885.62234,118504392476.68933,120958288218.26572,119000037905.92418,110586335105.75276,93719494407.00676,67846984362.58873,36812543919.52922,11678962304.513199,3649680201.00632,8917768820.840345,0.0
28.75,-3319651577.213076,-3214195234.858553,-3108578705.311195,-3002841698.557652,-2897025507.428641,-2791173055.083528,-2685328943.8014417,-2579539505.115883,-2473852851.3315806,-2368318928.4635186,-2262989570.639687,-2157918556.0108485,-2053161664.2122607,-1948776735.423668,-1844823731.0770648,-1741364796.2620635,-1638464323.8823807,-1536189020.6186392,-1434607974.754928,-1333792725.9298277,-1233817336.8751247,-1134758467.208031,-1036695449.346852,-939710366.6226702,-843888133.6636349,-749316579.1321115,-656086530.8999292,-564291903.7498575,-474029789.69821584,-385400551.0369605,-298507916.20003885,-213459078.5645561,-130364798.30325636,-49339507.41204359,29498581.95685055,106027365.71730743,180120732.4807233,251648444.4401981,320476014.3422377,386464578.37027067,449470764.7527914,509346557.8978848,565939157.8420949,619090834.7891761,668638778.4982017,714414942.2659732,756245881.230953,793952584.7082632,827350302.2453716,856248363.0677532,880449988.5607631,899752097.4104573,913945102.9997334,922812702.629069,926131658.1007476,923671567.1743848,915194625.366422,900455377.5307927,879200458.6177036,851168322.9659377,816088961.4390128,773683605.6668677,723664418.603726,665734170.5565053,599585899.7799195,524902556.67005104,441356630.52111167,348609757.7368446,246312310.31124097,134102963.30946864,11608239.99185675,-121557966.87075388,-265794899.0439317,-421515463.8990668,-589146794.2818228,-769130839.078195,-961924986.5077944,-1168002722.3141782,-1387854325.1692724,-1621987601.768696,-1870928664.262395,-2135222752.844113,-2415435106.514412,-2712151885.233639,-3025981146.896855,-3357553882.79064,-3707525115.434065,-4076575062.962431,-4465410374.484848,-4874765441.134278,-5305403787.832772,-5758119551.117254,-6233739048.710483,-6733122446.879916,-7257165532.005594,-7806801593.174992,-8383003423.040284,-8986785444.612562,-9619205972.125256,-10281369614.580338,-10974429831.090197,-11699591647.650331,-12458114545.51677,-13251315531.921778,-14080572404.43548,-14947327220.869114,-15853089987.21506,-16799442576.722038,-17788042893.808086,-18820629297.110504,-19899025296.54785,-21025144539.819584,-22200996104.267868,-23428690110.463184,-24710443674.21967,-26048587213.970284,-27445571130.49269,-28903972875.832924,-30426504427.8582,-32016020186.11336,-33675525303.46315,-36484656.9279116,-33385837.695173368,-30455433.21902649,-27691924.803340405,-25093347.66181499,-22657289.071909487,-23445300.91365961,-21061178.943287022,-18842601.580029387,-16785615.5585838,-14885802.86326174,-13138297.47180479,-11537806.697679494,-10078637.270867793,-8754726.234986065,-7559676.664232311,-6486798.1168402815,-5529151.642447595,-4679599.049607217,-3930856.0177767454,-3275548.507449943,-2706271.7855007634,-2215651.2441624533,-1796404.056346553,-1441400.5833609174,-1143724.3407931966,-896729.2426742532,-694092.7920733505,-529863.8773929406,-398503.8769624936,-294919.8781567264,-214488.98720946885,-153072.94497210733,-107022.57041990609,-73171.92040571813,-48822.4669857136,-31718.031367913776,-20011.647919798383,-12225.928689515664,-7208.821226177606,-4086.863362223481,-2218.10689020461,-1146.7879571860578,-561.5627113147166,-258.7205471229967,-111.27471552233564,-44.27067010373023,-16.11687095110697,-5.300006964525517,-1.5500897087305074,-0.3956793916163785,-0.0861441509103039,56995544062.65841,58823102198.400314,60169336010.28648,60849332223.382805,60640012472.5718,59284120919.32695,56506378325.07429,52052006874.94064,45762411694.11183,37703916798.393425,28349820753.47766,18751282141.78409,10472005115.454279,4871906329.388444,1766009859.783949,-525020258.44933075,-3894656080.1286383,0.0
28.5,-5558231678.587891,-5509358935.21165,-5461359250.426648,-5414286639.414521,-5368196817.78042,-5323147248.102839,-5279197187.75754,-5236407738.055495,-5194841894.736569,-5154564599.862352,-5115642795.15324,-5078145476.817127,-5042143751.919055,-5007710896.342879,-4974922414.399205,-4943856100.13524,-4914592100.4057,-4887212979.765924,-4861803787.251575,-4838452125.112128,-4817248219.568971,-4798284993.671363,-4781658142.328263,-4767466209.596961,-4755810668.31364,-4746796002.155259,-4740529790.22673,-4737122794.271712,-4736689048.610627,-4739345952.914532,-4745214367.929166,-4754418714.269329,-4767087074.409791,-4783351298.005625,-4803347110.681644,-4827214226.437939,-4855096463.826031,-4887141866.058656,-4923502825.22405,-4964336210.785229,-5009803502.553775,-5060070928.3379,-5115309606.474759,-5175695693.468131,-5241410536.964273,-5312640834.310651,-5389578796.955148,-5472422320.956818,-5561375163.892948,-5656647128.462389,-5758454253.099629,-5867019009.931116,-5982570510.421177,-6105344719.07276,-6235584675.56616,-6373540725.737827,-6519470761.820964,-6673640472.389303,-6836323602.467282,-7007802224.290408,-7188367019.22244,-7378317571.358617,-7577962673.36676,-7787620645.143106,-8007619665.882284,-8238298120.186314,-8480004958.861023,-8733100075.073841,-8997954696.569784,-9274951794.6673,-9564486510.778894,-9866966601.222763,-10182812901.114134,-10512459808.143677,-10856355787.06795,-11214963895.752264,-11588762333.618277,-11978245013.356716,-12383922156.770134,-12806320915.6088,-13245986018.25656,-13703480443.107468,-14179386119.453337,-14674304656.66744,-15188858102.42818,-15723689730.667969,-16279464859.861984,-16856871702.182358,-17456622243.93466,-18079453157.563057,-18726126745.352867,-19397431914.774406,-20094185185.1909,-20817231725.397152,-21567446421.152466,-22345734971.52301,-23153035012.43972,-23990317265.40903,-24858586708.76929,-25758883768.260094,-26692285522.952766,-27659906921.76306,-28662902004.82039,-29702465122.882084,-30779832146.7391,-31896281657.13809,-33053136104.12101,-34251762922.825867,-35493575590.67122,-36780034608.42378,-38112648384.87837,-39492974001.71647,-40922617831.49267,-42403235977.56308,-43936534500.041664,-45524269386.45876,-47168246219.59747,-48870319487.88774,-50632391475.59632,-52456410660.71426,-54344369537.72198,-81539699.56656219,-75902666.00697412,-70467780.71613821,-65239849.247337416,-60223170.4028993,-55421489.807380185,-57193808.7165344,-52406879.78950706,-47852611.84312307,-43533060.131700285,-39449488.22700276,-35602325.976070985,-31991132.075161822,-28614562.31455488,-25470344.601216964,-22555261.900371563,-19865144.24760044,-17394870.964379895,-15138384.155762712,-13088714.47293658,-11238019.979427349,-9577638.762112388,-8098155.67232579,-6789483.265173774,-5640956.626103326,-4641441.335347906,-3779453.3297652383,-3043288.889452783,-2421162.420872313,-1901349.153033722,-1472329.339356541,-1122930.1024703935,-842460.7152953675,-620836.9256531099,-448689.9501044432,-317456.0281466,-219442.97263378868,-147870.9914655733,-96886.17972016378,-61546.44933850996,-37781.19733655303,-22327.5976097199,-12647.886856520268,-6833.232574419937,-3500.5516937136385,-1688.8530032765752,-761.2284168887528,-317.5333076855303,-121.20079880476536,-41.760169938397375,-12.77625381737337,-3.401479344272305,31546413700.4139,30345525436.821365,28707713896.521812,26606646127.4368,24041967886.93161,21055253988.63429,17750051554.077885,14313496654.854954,11032329716.266586,8288455621.745409,6510580011.143015,6059114112.931142,7051805865.665999,9182033603.895672,11394103755.6101,10441371283.611301,1814504696.503728,0.0
28.25,-8023390043.029492,-8023478850.260682,-8025072588.173678,-8028227045.049288,-8032999473.6500435,-8039448626.637727,-8047634792.899132,-8057619834.808532,-8069467226.457747,-8083242092.885305,-8099011250.337886,-8116843247.598514,-8136808408.417882,-8158978875.086233,-8183428653.185502,-8210233657.562663,-8239471759.56762,-8271222835.600499,-8305568817.01542,-8342593741.430015,-8382383805.492242,-8425027419.158017,-8470615261.536215,-8519240338.359811,-8570998041.144469,-8625986208.099129,-8684305186.855595,-8746057899.087507,-8811349907.09197,-8880289482.41055,-8952987676.56967,-9029558394.024006,-9110118467.390177,-9194787735.06148,-9283689121.29898,-9376948718.89734,-9474695874.528736,-9577063276.872066,-9684187047.638851,-9796206835.611769,-9913265913.816448,-10035511279.95125,-10163093760.20475,-10296168116.5949,-10434893157.968813,-10579431854.806334,-10729951457.975376,-10886623621.59097,-11049624530.13498,-11219135029.996674,-11395340765.598774,-11578432320.276794,-11768605362.083008,-11966060794.68837,-12171004913.558584,-12383649567.581589,-12604212326.324364,-12832916653.096838,-13069992083.999624,-13315674413.129135,-13570205884.11064,-13833835388.123554,-14106818668.576138,-14389418532.57754,-14681905069.342873,-14984555875.652882,-15297656288.471478,-15621499624.80451,-15956387428.856504,-16302629726.514423,-16660545287.15202,-17030461892.70879,-17412716613.95211,-17807656093.777058,-18215636837.3384,-18637025508.740017,-19072199233.926453,-19521545909.333626,-19985464515.751102,-20464365436.73509,-20958670780.7796,-21468814706.3065,-21995243748.37007,-22538417145.785,-23098807167.1779,-23676899434.22885,-24273193240.10588,-24888201860.80243,-25522452856.75904,-26176488361.78397,-26850865355.877026,-27546155918.104885,-28262947455.166286,-29001842900.71762,-29763460879.897285,-30548435832.783875,-31357418089.738583,-32191073890.713253,-33050085339.63389,-33935150283.89487,-34846982107.80048,-35786309427.46067,-36753875673.170654,-37750438543.66149,-38776769314.78655,-39833651983.18391,-40921882223.206985,-42042266132.9194,-43195618742.18047,-44382762252.77098,-45604523977.09709,-46861733938.22002,-48155222089.75883,-49485815109.54786,-50854332715.76057,-52261583448.47678,-53708359853.31268,-55195432996.69239,-56723546234.53861,-58293408147.53159,-59905684546.53873,-178619942.2536265,-168768108.49957475,-159099646.34147537,-149629665.69321576,-140373143.69456235,-131344835.40847722,-135193767.28758752,-126043901.29830603,-117163069.1234072,-108565861.52385296,-100266181.65026642,-92277114.07728156,-84610789.69333693,-77278247.80154575,-70289297.06456833,-63652377.22037306,-57374423.801314704,-51460738.39905914,-45914867.32315999,-40738491.7897537,-35931333.03405221,-31491075.9483963,-27413314.98562278,-23691526.111542545,-20317068.5138654,-17279219.54952251,-14565246.008880576,-12160514.165754702,-10048640.24184253,-8211681.825430441,-6630369.4399189735,-5284375.866429723,-4152619.0159626105,-3213592.176281071,-2445713.414587714,-1827683.9222415937,-1338843.3019210745,-959508.4136767512,-671281.6309456354,-457314.4336662149,-302513.3850770884,-193677.84586554585,-119562.3162634827,-70860.95680742725,-40117.32645039251,-21568.18944108741,-10935.687430188696,-5186.440708619599,-2278.4386190071814,-916.3132897537592,-332.5800623516261,-107.0556099692621,11593022887.161785,9940395505.853867,8157614006.639928,6284931795.843031,4378136929.98295,2508158958.626527,757424717.2260294,-788381145.8374729,-2053253148.31391,-2984649912.441212,-3555556684.444589,-3726960184.7454796,-3317419219.958402,-1654600498.363847,3477814591.433123,20007957435.22545,75762841793.04164,0.0
28.0,-10362905746.19642,-10399510681.976732,-10437828583.75026,-10477905935.466114,-10519790171.49442,-10563529693.312449,-10609173886.47952,-10656773137.908173,-10706378853.439724,-10758043475.732702,-10811820502.472828,-10867764504.913893,-10925931146.75914,-10986377203.393148,-11049160581.474974,-11114340338.903242,-11181976705.165,-11252131102.080065,-11324866164.95338,-11400245764.148508,-11478335027.095516,-11559200360.747372,-11642909474.499298,-11729531403.586258,-11819136532.973871,-11911796621.758747,-12007584828.095032,-12106575734.663645,-12208845374.701817,-12314471258.610556,-12423532401.15789,-12536109349.296566,-12652284210.61424,-12772140682.434973,-12895764081.590836,-13023241374.88164,-13154661210.241636,-13290113948.63081,-13429691696.668222,-13573488340.024055,-13721599577.58602,-13874122956.41468,-14031157907.50062,-14192805782.334557,-14359169890.29945,-14530355536.891006,-14706470062.769903,-14887622883.645334,-15073925530.985832,-15265491693.548204,-15462437259.709618,-15664880360.582586,-15872941413.8845,-16086743168.525623,-16306410749.87054,-16532071705.617155,-16763856052.226225,-17001896321.82056,-17246327609.459198,-17497287620.674442,-17754916719.14174,-18019357974.331684,-18290757208.970257,-18569263046.108124,-18855026955.571262,-19148203299.533604,-19448949376.917385,-19757425466.28873,-20073794866.872097,-20398223937.26093,-20730882131.349007,-21071942030.949314,-21421579374.50416,-21779973081.21975,-22147305269.88164,-22523761271.5232,-22909529635.025307,-23304802124.624672,-23709773708.19464,-24124642535.04127,-24549609901.821365,-24984880205.04283,-25430660878.44643,-25887162313.39173,-26354597760.1774,-26833183208.016106,-27323137241.15507,-27824680868.382187,-28338037322.886658,-28863431829.144104,-29401091333.174885,-29951244192.171494,-30514119819.1093,-31089948277.540047,-31678959821.316936,-32281384373.51213,-32897450938.25802,-33527386938.67158,-34171417473.401653,-34829764483.67016,-35502645821.95736,-36190274212.70366,-36892856094.564354,-37610590332.85599,-38343666789.87024,-39092264739.70051,-39856551113.128815,-40636678556.94818,-41432783290.85548,-42244982743.73595,-43073372949.77833,-43918025683.41061,-44778985310.53847,-45656265332.00876,-46549844593.622025,-47459663135.39927,-48385617651.19029,-49327556528.12593,-50285274433.9034,-51258506418.50253,-52246921495.72637,-366505699.2632333,-351028583.7774025,-335574758.2088176,-320169764.9713797,-304840129.2662445,-289613289.55767494,-297378869.61492205,-281700711.79252887,-266187300.34705076,-250870404.40477023,-235782334.11891952,-220955771.5535492,-206423579.4938067,-192218587.571923,-178373355.40697095,-164919912.84324098,-151889477.8460443,-139312153.18343496,-127216603.69492307,-115629716.72913224,-104576249.22345065,-94078465.89785305,-84155774.13369137,-74824362.2901165,-66096849.44940915,-57981955.83904675,-50484204.39905181,-43603665.07716328,-37335754.351546265,-31671103.090862542,-26595506.0343296,-22089965.762276106,-18130842.871165443,-14690122.004543263,-11735800.27434816,-9232400.321470149,-7141604.759267689,-5423002.066045407,-4034926.327837452,-2935364.9468411333,-2082900.1047709784,-1437642.2200951516,-962107.9010174016,-621992.1681729839,-386786.2249609208,-230198.8248138688,-130351.8786970966,-69739.09541484334,-34958.744100385804,-16255.35288942976,-6926.414026524051,-2664.475522388786,1764160904.5080209,703484478.970859,-351437852.222033,-1386143252.9571218,-2391274917.4640856,-3367376263.5652075,-4331126885.772044,-5322942217.89965,-6416060367.851805,-7728731585.0015335,-9446092512.856686,-11871513750.5758,-15561582268.1199,-21707283784.0954,-33395026215.879753,-61343075152.10482,-173503560109.8893,0.0
27.75,-12389367317.120005,-12449823020.411356,-12511869147.134968,-12575536165.73157,-12640854858.018372,-12707856314.697346,-12776571930.459354,-12847033398.666927,-12919272705.597729,-12993322124.230658,-13069214207.55512,-13146981781.383478,-13226657936.64623,-13308276021.147717,-13391869630.760405,-13477472600.033682,-13565118992.193005,-13654843088.503534,-13746679376.97168,-13840662540.35636,-13936827443.4609,-14035209119.67492,-14135842756.733984,-14238763681.663635,-14344007344.8724,-14451609303.356709,-14561605202.979052,-14674030759.778427,-14788921740.270073,-14906313940.689337,-15026243165.131922,-15148745202.540451,-15273855802.484274,-15401610649.676435,-15532045337.16904,-15665195338.164171,-15801095976.374577,-15939782394.863815,-16081289523.292128,-16225652043.489016,-16372904353.269602,-16523080528.40588,-16676214282.659388,-16832338925.775024,-16991487319.330318,-17153691830.327068,-17318984282.405415,-17487395904.5525,-17658957277.169743,-17833698275.35365,-18011648009.23593,-18192834761.21796,-18377285919.924564,-18565027910.68963,-18756086122.374184,-18950484830.30397,-19148247115.09961,-19349394777.156944,-19553948246.519447,-19761926487.86679,-19973346900.325623,-20188225211.789425,-20406575367.412163,-20628409411.920265,-20853737365.3622,-21082567091.89108,-21314904161.14889,-21550751701.79312,-21790110246.67697,-22032977569.16333,-22279348510.01936,-22529214794.304623,-22782564837.62909,-23039383541.11897,-23299652074.389347,-23563347645.780247,-23830443259.07021,-24100907455.836742,-24374704042.58612,-24651791801.728413,-24932124185.42421,-25215648991.279945,-25502308018.819263,-25792036705.606003,-26084763741.84566,-26380410662.241352,-26678891413.833065,-26980111898.50287,-27283969488.78569,-27590352515.587284,-27899139726.377827,-28210199712.40369,-28523390303.443447,-28838557928.62788,-29155536941.85184,-29474148910.330017,-29794201864.89192,-30115489510.680267,-30437790397.011417,-30760867045.28703,-31084465034.014584,-31408312040.21033,-31732116836.72875,-32055568245.39759,-32378334046.24781,-32700059843.62601,-33020367890.5773,-33338855873.606453,-33655095660.784683,-33968632017.187244,-34278981292.85618,-34585630089.90288,-34888033917.040825,-35185615841.80168,-35477765152.98629,-35763836048.58919,-36043146367.56603,-36314976387.46143,-36578567714.15454,-36833122294.90288,-37077801591.5727,-696003541.1477209,-675094531.0274076,-653823821.9363264,-632217361.8132858,-610303663.9343004,-588113880.8101115,-602516852.1878989,-579287009.4759938,-555834444.5792264,-532201125.305853,-508432071.7173147,-484575342.27020097,-460681988.7560914,-436805975.4722709,-413004057.7849322,-389335615.0282197,-365862432.5403408,-342648427.5995214,-319759314.1204752,-297262201.2450028,-275225121.4521829,-253716484.57457453,-232804455.19157,-212556252.3385928,-193037372.38171,-174310738.3207223,-156435781.75284544,-139467467.29392537,-123455273.43311007,-108442148.57514684,-94463466.33924672,-81546009.90670985,-69707021.1278607,-58953355.891745314,-49280792.48053411,-40673543.679417685,-33104025.541741937,-26532935.02039438,-20909684.158564765,-16173229.133640883,-12253317.199646529,-9072152.785157844,-6546455.525176494,-4589848.560952643,-3115476.9989839904,-2038717.52996234,-1279806.1910301154,-766189.0574248987,-434398.1469254909,-231279.3472704113,-114455.2082924632,-51991.65508754236,-838627961.2419404,-1227453635.5012012,-1582061184.1303566,-1902698106.198024,-2192577533.96697,-2457624625.679886,-2705299913.4639487,-2942020460.446727,-3168462635.898993,-3371213846.2263365,-3506472290.529138,-3462829225.344641,-2963106375.64417,-1271650564.8131382,3809013946.2684484,19978171268.71458,73233256858.96927,0.0
27.5,-13845352036.489897,-13917169883.955698,-13990233283.715528,-14064554697.21883,-14140146306.5369,-14217019991.999208,-14295187308.868973,-14374659463.021255,-14455447285.585562,-14537561206.513857,-14621011227.032623,-14705806890.936377,-14791957254.678352,-14879470856.212048,-14968355682.535488,-15058619135.888182,-15150267998.548555,-15243308396.177586,-15337745759.65194,-15433584785.327608,-15530829393.672596,-15629482686.204472,-15729546900.665834,-15831023364.36815,-15933912445.630869,-16038213503.240128,-16143924833.847649,-16251043617.227112,-16359565859.301586,-16469486332.8519,-16580798515.811554,-16693494527.05,-16807565059.541306,-16922999310.810787,-17039784910.547611,-17157907845.26576,-17277352379.891155,-17398100976.146656,-17520134207.601124,-17643430671.242916,-17767966895.431343,-17893717244.073647,-18020653816.86776,-18148746345.44438,-18277962085.234062,-18408265702.877533,-18539619158.989525,-18671981586.07789,-18805309161.4111,-18939554974.618786,-19074668889.80006,-19210597401.90549,-19347283487.14865,-19484666447.192738,-19622681746.84844,-19761260845.00766,-19900331018.527927,-20039815178.771187,-20179631680.4896,-20319694122.7407,-20459911141.502407,-20600186193.64864,-20740417331.93481,-20880496970.632763,-21020311641.44434,-21159741739.31392,-21298661257.75109,-21436937513.26748,-21574430858.524548,-21710994383.784164,-21846473606.250385,-21980706146.8884,-22113521394.30796,-22244740155.30117,-22374174291.6316,-22501626342.68076,-22626889133.57336,-22749745368.42094,-22869967208.3488,-22987315834.002247,-23101540992.266502,-23212380526.982056,-23319559893.493584,-23422791656.93815,-23521774974.258224,-23616195060.01945,-23705722636.22229,-23790013366.42529,-23868707274.645164,-23941428149.670563,-24007782935.6229,-24067361109.82306,-24119734049.282448,-24164454387.43044,-24201055363.02767,-24229050163.59636,-24247931266.13296,-24257169778.36013,-24256214784.331955,-24244492698.834354,-24221406635.73343,-24186335796.22292,-24138634883.82384,-24077633554.000263,-24002635907.394165,-23912920036.95665,-23807737640.684746,-23686313713.273502,-23547846331.785545,-23391506552.44197,-23216438437.872807,-23021759236.65831,-22806559739.76588,-22569904841.575672,-22310834336.61756,-22028363986.94544,-21721486899.291046,-21389175255.798664,-21030382447.28747,-20644045663.654263,-20229089002.25913,-1214170054.812744,-1191680575.8324697,-1168234452.764119,-1143834632.0872843,-1118487350.9437904,-1092202437.840914,-1116586419.6472435,-1088508463.4282048,-1059470777.0328908,-1029496926.2827702,-998615795.189288,-966861965.1272649,-934276092.9674132,-900905282.6790826,-866803443.798314,-832031628.9055556,-796658340.8709345,-760759799.1052517,-724420152.4121335,-687731624.2901233,-650794574.7138674,-613717460.5780435,-576616675.1823751,-539616245.4623799,-502847364.24910647,-466447733.8291001,-430560696.6718544,-395334129.64259696,-360919079.62202525,-327468121.5646408,-295133425.0492642,-264064522.75850496,-234405784.5434268,-206293614.25277528,-179853403.74098328,-155196299.68619385,-132415864.07216264,-111584738.04517692,-92751450.39675564,-75937544.38817842,-61135227.21915358,-48305771.0683591,-37378907.7875014,-28253454.101786777,-20799372.60485982,-14861407.823137503,-10264329.520777415,-6819664.60207117,-4333609.330555589,-2615601.561987125,-1486829.8127647098,-787809.8890887847,-526567241.332978,-463179194.2665148,-353998543.72061867,-195623536.7840059,16612948.644315662,290214927.0659421,637834875.7574092,1080498945.7926638,1651900337.566443,2403687614.576926,3410590609.0323644,4770029076.130646,6575377477.710666,8784666896.260561,10704542097.043478,9431913642.104502,1468929574.0626092,0.0
27.25,-14611794647.875792,-14686045127.313068,-14761137253.86468,-14837068692.401846,-14913836438.331408,-14991436785.70966,-15069865294.15216,-15149116754.495731,-15229185153.167442,-15310063635.213491,-15391744465.939177,-15474218991.109049,-15557477595.654716,-15641509660.83528,-15726303519.793615,-15811846411.449093,-15898124432.665545,-15985122488.629995,-16072824241.376226,-16161212056.383438,-16250266947.178478,-16339968517.866709,-16430294903.5136,-16521222708.296288,-16612726941.340874,-16704780950.157757,-16797356351.584162,-16890422960.138931,-16983948713.691002,-17077899596.339169,-17172239558.396433,-17266930433.367886,-17361931851.807007,-17457201151.93007,-17552693286.864334,-17648360728.399876,-17744153367.110672,-17840018408.704453,-17935900266.456123,-18031740449.57324,-18127477447.33676,-18223046608.85392,-18318380018.25425,-18413406365.15316,-18508050810.20129,-18602234845.53114,-18695876149.90579,-18788888438.367588,-18881181306.17787,-18972660066.83191,-19063225583.925625,-19152774096.6444,-19241197038.636307,-19328380850.026104,-19414206782.318,-19498550695.93013,-19581282850.09541,-19662267684.85846,-19741363594.8914,-19818422694.84626,-19893290575.95656,-19965806053.596275,-20035800905.50064,-20103099600.3508,-20167519016.422108,-20228868149.99592,-20286947813.23525,-20341550321.227474,-20392459167.901043,-20439448690.530804,-20482283722.55381,-20520719234.4308,-20554499962.3018,-20583360024.2032,-20607022523.63592,-20625199140.299988,-20637589707.842896,-20643881778.50608,-20643750174.59621,-20636856526.75913,-20622848799.09055,-20601360801.18505,-20572011687.299587,-20534405442.894,-20488130358.90917,-20432758494.253326,-20367845127.09182,-20292928195.67658,-20207527729.608173,-20111145272.60035,-20003263298.01449,-19883344618.65086,-19750831792.52955,-19605146526.66629,-19445689081.150963,-19271837676.171936,-19082947905.00065,-18878352156.36013,-18657359050.05324,-18419252890.223515,-18163293141.16872,-17888713931.225937,-17594723590.9055,-17280504232.167618,-16945211376.520918,-16587973640.475157,-16207892487.807796,-15804042059.110884,-15375469090.17242,-14921192931.919731,-14440205685.915333,-13931472470.748672,-13393931836.11163,-12826496342.883732,-12228053329.17909,-11597465884.020126,-10933574052.094893,-10235196294.915154,-9501131235.606537,-8730159716.510664,-7921047200.735162,-1928924295.2505465,-1914182446.6716905,-1897909965.0619743,-1880058970.850357,-1860582832.1279693,-1839436557.0357533,-1876800558.0542665,-1853358523.4564795,-1828070349.739668,-1800895508.670054,-1771797437.4893448,-1740744257.6318457,-1707709562.1111405,-1672673274.2285595,-1635622579.5263512,-1596552931.920209,-1555469133.6441636,-1512386486.963312,-1467332013.4852836,-1420345734.2508817,-1371482000.5204952,-1320810861.202808,-1268419448.0988436,-1214413354.461269,-1158917975.7072082,-1102079773.4005282,-1044067414.7952676,-985072730.3139864,-925311420.4068131,-865023431.4910192,-804472908.4517817,-743947619.0432266,-683757734.2884685,-624233839.8124197,-565724047.561941,-508590077.71075416,-453202189.4513428,-399932860.23432887,-349149149.8516013,-301203743.0931905,-256424747.22769317,-215104432.496777,-177487247.91932604,-143757620.63184094,-114028249.06919365,-88329814.54225945,-66603236.47902057,-48695742.95245843,-34362062.27697413,-23271890.32693795,-15024372.543194411,-9169594.679013915,-440783262.34750926,-234557554.03716326,4501176.459389697,282225814.0117685,603267345.2449193,969824862.1720848,1379754052.163554,1823765372.6156824,2281301832.7981815,2714558818.7044673,3060068851.129925,3217868002.3673234,3042537239.8427777,2361724805.3650203,1116616680.3259077,-306054575.0002243,-1652576293.9255695,0.0
27.0,-14616692801.438145,-14685862472.329044,-14755490300.060974,-14825564824.780256,-14896073800.785358,-14967004165.654137,-15038342008.311705,-15110072536.00333,-15182180040.135172,-15254647860.944485,-15327458350.959612,-15400592837.208467,-15474031582.13287,-15547753743.164597,-15621737330.917185,-15695959165.946152,-15770394834.028358,-15845018639.909594,-15919803559.467487,-15994721190.234982,-16069741700.227823,-16144833775.016792,-16219964562.984344,-16295099618.70186,-16370202844.362564,-16445236429.20174,-16520160786.83442,-16594934490.43728,-16669514205.699451,-16743854621.46398,-16817908377.978722,-16891625992.672993,-16964955783.372795,-17037843788.864643,-17110233686.71478,-17182066708.24719,-17253281550.58068,-17323814285.621483,-17393598265.904556,-17462564027.173115,-17530639187.581882,-17597748343.406208,-17663812961.134796,-17728751265.820225,-17792478125.557022,-17854904931.95345,-17915939476.458214,-17975485822.39992,-18033444172.592224,-18089710732.353645,-18144177567.786488,-18196732459.155247,-18247258749.20036,-18295635186.218887,-18341735761.73969,-18385429542.616352,-18426580497.35692,-18465047316.505978,-18500683226.890263,-18533335799.53596,-18562846751.06197,-18589051738.350555,-18611780146.293697,-18630854868.411324,-18646092080.134945,-18657301004.548832,-18664283670.379604,-18666834662.02408,-18664740861.405403,-18657781181.44789,-18645726290.961937,-18628338330.73276,-18605370620.609188,-18576567357.39228,-18541663303.328587,-18500383465.018143,-18452442762.55387,-18397545688.71728,-18335385958.06386,-18265646145.74201,-18187997315.900337,-18102098639.55118,-18007597001.771606,-17904126598.13802,-17791308520.306976,-17668750330.67099,-17536045626.03678,-17392773590.291023,-17238498536.03788,-17072769435.210917,-16895119438.680674,-16705065384.895594,-16502107297.610023,-16285727872.76579,-16055391954.602428,-15810546001.076485,-15550617538.667656,-15275014606.639868,-14983125190.805277,-14674316646.806278,-14347935112.88268,-14003304912.02369,-13639727943.314642,-13256483062.170692,-12852825448.999104,-12427985965.642069,-11981170498.7157,-11511559288.66929,-11018306243.033344,-10500538231.892754,-9957354363.101109,-9387825234.128595,-8790992156.691612,-8165866349.429966,-7511428092.853323,-6826625839.550451,-6110375271.2132845,-5361558292.343328,-4579021948.545584,-3761577255.036392,-2907997918.3555613,-2756461698.572807,-2763823677.986128,-2769577514.1063414,-2773617769.5525827,-2775834920.7997227,-2776115436.6504216,-2827300096.7844048,-2825783858.3373947,-2821988266.310658,-2815779783.801745,-2807021368.4015536,-2795572897.4114256,-2781291697.742219,-2764033195.515909,-2743651701.958015,-2720001353.7891126,-2692937227.961791,-2662316652.1952686,-2628000734.264919,-2589856134.315184,-2547757105.4574766,-2501587828.4282746,-2451245065.90646,-2396641160.955854,-2337707401.6309514,-2274397769.6387005,-2206693084.566972,-2134605545.9369564,-2058183662.451932,-1977517540.402107,-1892744480.2100828,-1804054800.4036405,-1711697770.6293275,-1615987488.3972912,-1517308476.8972547,-1416120712.566772,-1312963710.84322,-1208459207.4579976,-1103311873.1941364,-998307397.2628905,-894307177.1410241,-792238774.8433673,-693081262.1105012,-597844609.5198364,-507542416.90437686,-423157585.0062292,-345601049.61029774,-275664499.467674,-213969124.61199436,-160913898.41631114,-116628608.30840573,-80938597.55373001,-1774436582.6197977,-1609468838.8532367,-1476881160.1393201,-1366883111.8837883,-1266753338.087822,-1161761057.5730705,-1036718995.7316647,-878237874.0875971,-677766720.8265765,-435499762.4402877,-164789106.06120387,105495638.73146285,339477035.46826047,531772109.7781869,784346368.5260192,1417142253.2319746,4007103281.1977363,0.0
26.75,-14141550013.878828,-14204015319.158293,-14266687343.869207,-14329552738.330795,-14392597530.829235,-14455807107.592688,-14519166192.192623,-14582658824.355871,-14646268338.17126,-14709977339.674397,-14773767683.793827,-14837620450.641094,-14901515921.127115,-14965433551.88668,-15029351949.49229,-15093248843.938482,-15157101061.376925,-15220884496.082363,-15284574081.628803,-15348143761.255106,-15411566457.398449,-15474814040.37366,-15537857296.1761,-15600665893.384932,-15663208349.143578,-15725451994.193213,-15787362936.934866,-15848906026.495129,-15910044814.770124,-15970741517.42147,-16030956973.797993,-16090650605.755983,-16149780375.35056,-16208302741.370035,-16266172614.685,-16323343312.382664,-16379766510.657438,-16435392196.427412,-16490168617.646448,-16544042232.280972,-16596957655.91981,-16648857607.98562,-16699682856.515257,-16749372161.476456,-16797862216.58763,-16845087589.60703,-16890980661.057224,-16935471561.350285,-16978488106.278522,-17019955730.83538,-17059797421.330135,-17097933645.760014,-17134282282.40218,-17168758546.587818,-17201274915.61944,-17231741051.791954,-17260063723.476765,-17286146724.227386,-17309890789.863274,-17331193513.48762,-17349949258.392483,-17366049068.80296,-17379380578.409386,-17389827916.633694,-17397271612.572746,-17401588496.55722,-17402651599.260307,-17400330048.284313,-17394488962.14763,-17384989341.586113,-17371687958.074818,-17354437239.465286,-17333085152.62174,-17307475082.925762,-17277445710.502945,-17242830883.00588,-17203459484.76722,-17159155302.1106,-17109736884.579428,-17055017401.810078,-16994804495.738169,-16928900127.783434,-16857100420.608286,-16779195493.988808,-16694969294.27102,-16604199416.811216,-16506656920.714142,-16402106135.085844,-16290304455.908068,-16171002132.515703,-16043942042.516665,-15908859453.832129,-15765481772.351994,-15613528273.493692,-15452709815.71728,-15282728533.785477,-15103277509.25752,-14914040415.36806,-14714691133.061531,-14504893334.52328,-14284300030.065908,-14052553073.686352,-13809282621.99898,-13554106540.565296,-13286629750.87246,-13006443510.352827,-12713124616.872366,-12406234528.039495,-12085318384.481678,-11749903924.894024,-11399500279.167072,-11033596624.233772,-10651660685.421698,-10253137064.03747,-9837445369.627268,-9403978132.827784,-8952098471.92656,-8481137483.164066,-7990391321.409998,-7479117934.107668,-6946533407.27889,-3473450115.622964,-3517321547.638765,-3560515189.9826994,-3602910883.9536033,-3644378889.3964696,-3684779288.4411087,-3746188648.428955,-3787021863.244431,-3826421597.1339417,-3864202208.999289,-3900164220.263426,-3934093594.584101,-3965761028.534852,-3994921265.891533,-4021312451.155394,-4044655541.490612,-4064653800.4420414,-4080992401.724632,-4093338177.144544,-4101339549.437972,-4104626698.615651,-4102812019.4008822,-4095490937.6612263,-4082243165.460327,-4062634487.566286,-4036219186.965908,-4002543233.086744,-3961148373.834311,-3911577290.841311,-3853379995.869276,-3786121664.105662,-3709392115.660939,-3622817167.70402,-3526072083.27753,-3418897334.595455,-3301116872.6737266,-3172659043.635237,-3033580204.692232,-2884090956.490836,-2724584706.820641,-2555667993.94381,-2378191603.441113,-2193280986.652029,-2002363809.686116,-1807191616.132141,-1609851579.777006,-1412763198.5541918,-1218653644.0013912,-1030504539.9741068,-851462559.4855431,-684706963.5368917,-533269868.90114623,-4933516970.39789,-4447541266.45888,-4107941908.350868,-3930687203.6884284,-3922665980.5122347,-4077849406.6013756,-4373260839.775747,-4764875590.022117,-5183169580.766823,-5527503713.229815,-5659192436.744985,-5399260842.819101,-4558308681.464018,-3074958891.4054565,-1373291461.6290514,-648987699.8285751,-1588058141.765071,0.0
26.5,-12960496746.760445,-13013323933.395733,-13066196570.083927,-13119104039.698309,-13172035426.454445,-13224979511.7524,-13277924770.082664,-13330859365.004725,-13383771145.207748,-13436647640.663284,-13489476058.880907,-13542243281.277803,-13594935859.674902,-13647540012.931915,-13700041623.735292,-13752426235.553505,-13804679049.775156,-13856784923.046238,-13908728364.824108,-13960493535.166515,-14012064242.775558,-14063423943.317114,-14114555738.03818,-14165442372.70537,-14216066236.889503,-14266409363.622766,-14316453429.456232,-14366179754.947506,-14415569305.609818,-14464602693.355812,-14513260178.471134,-14561521672.155182,-14609366739.668253,-14656774604.126814,-14703724150.990978,-14750193933.29042,-14796162177.638248,-14841606791.084385,-14886505368.86331,-14930835203.09393,-14974573292.492245,-15017696353.161133,-15060180830.524548,-15102002912.47728,-15143138543.824863,-15183563442.092108,-15223253114.782703,-15262182878.176151,-15300327877.752815,-15337663110.341707,-15374163448.090427,-15409803664.360785,-15444558461.658314,-15478402501.708591,-15511310437.797598,-15543256949.498236,-15574216779.909582,-15604164775.540049,-15633075928.97005,-15660925424.434088,-15687688686.466091,-15713341431.75604,-15737859724.36889,-15761220034.48027,-15783399300.785908,-15804374996.743336,-15824125200.80627,-15842628670.811584,-15859864922.678846,-15875814313.580002,-15890458129.733582,-15903778678.973255,-15915759388.233383,-15926384906.08558,-15935641210.4493,-15943515721.584976,-15949997420.46176,-15955076972.570547,-15958746857.229362,-15961001502.397997,-15961837424.985476,-15961253376.593847,-15959250494.59535,-15955832458.387115,-15951005650.60608,-15944779323.016403,-15937165766.702276,-15928180486.10697,-15917842376.356768,-15906173903.190332,-15893201284.683302,-15878954673.80828,-15863468340.704132,-15846780853.340826,-15828935255.056536,-15809979237.209202,-15789965304.92397,-15768950933.62608,-15746998713.72594,-15724176480.463505,-15700557425.521145,-15676220186.573872,-15651248910.459145,-15625733285.111502,-15599768534.816708,-15573455372.689754,-15546899903.567663,-15520213469.726604,-15493512430.976974,-15466917869.756275,-15440555210.821611,-15414553744.035212,-15389046037.534212,-15364167227.271866,-15340054167.508677,-15316844425.31088,-15294675100.47816,-15273681450.565432,-15253995298.78311,-15235743200.551306,-15219044342.344978,-3718162719.1170735,-3803237406.7693887,-3889653758.541122,-3977367485.43345,-4066325155.688741,-4156463162.533044,-4218412690.538187,-4312877032.3823805,-4408430115.621806,-4504964901.213553,-4602357656.373567,-4700466138.058057,-4799127602.173552,-4898156625.090623,-4997342723.879159,-5096447761.82616,-5195203126.349945,-5293306667.528994,-5390419387.298615,-5486161872.162178,-5580110466.303704,-5671793187.636999,-5760685397.037713,-5846205241.345378,-5927708904.397939,-6004485718.2440815,-6075753209.842827,-6140652188.319585,-6198242015.798147,-6247496252.887327,-6287298930.349312,-6316441773.981818,-6333622803.36602,-6337446840.2681465,-6326428602.757593,-6298999230.102075,-6253517284.301593,-6188285508.506609,-6101574889.712723,-5991657867.5676775,-5856852839.60328,-5695582409.920222,-5506448068.04639,-5288324092.714753,-5040473333.951579,-4762686957.253433,-4455448973.42853,-4120124056.8030896,-3759163275.5232406,-3376316296.607299,-2976829688.003381,-2567598516.807889,-13862706982.700336,-12016985668.379784,-10227350562.940125,-8577947323.453331,-7167018773.348746,-6102510659.216404,-5494406479.709418,-5444182757.514813,-6033515530.336711,-7316149221.313966,-9314892232.572613,-12009420852.114033,-15247525679.235142,-18385004952.79933,-19253488615.395348,-12820045279.975346,-895420245.6057785,0.0
26.25,-11201570635.04424,-11244622438.876871,-11287648049.578876,-11330641578.051235,-11373597175.029284,-11416509041.81267,-11459371441.616404,-11502178711.571308,-11544925275.403725,-11587605656.82538,-11630214493.665928,-11672746552.78188,-11715196745.777573,-11757560145.57476,-11799832003.869823,-11842007769.51864,-11884083107.891527,-11926053921.242329,-11967916370.137558,-12009666895.994022,-12051302244.775269,-12092819491.899448,-12134216068.413826,-12175489788.49355,-12216638878.325035,-12257662006.436905,-12298558315.54462,-12339327455.97791,-12379969620.762947,-12420485582.435295,-12460876731.662354,-12501145117.75845,-12541293491.17892,-12581325348.084135,-12621244977.068195,-12661057508.151838,-12700768964.14337,-12740386314.4766,-12779917531.63965,-12819371650.313828,-12858758829.34748,-12898090416.69532,-12937379017.45988,-12976638565.178247,-13015884396.50356,-13055133329.43793,-13094403745.280458,-13133715674.461834,-13173090886.444435,-13212552983.87547,-13252127501.188805,-13291842007.860456,-13331726216.531462,-13371812096.221764,-13412133990.868635,-13452728743.433409,-13493635825.831127,-13534897474.948832,-13576558835.029713,-13618668106.712158,-13661276703.025288,-13704439412.655169,-13748214570.808966,-13792664238.018011,-13837854387.234598,-13883855099.59168,-13930740769.209517,-13978590317.44822,-14027487417.020891,-14077520726.397924,-14128784134.948996,-14181377019.28647,-14235404511.290089,-14290977778.310907,-14348214316.069351,-14407238254.780449,-14468180679.057482,-14531179962.163328,-14596382115.198088,-14663941151.829697,-14734019469.194168,-14806788245.61091,-14882427855.778694,-14961128304.137695,-15043089677.1032,-15128522614.897638,-15217648803.728638,-15310701489.08256,-15407926010.925816,-15509580361.629251,-15615935767.456291,-15727277294.480688,-15843904479.828316,-15966131989.16734,-16094290301.403564,-16228726421.57462,-16369804622.97648,-16517907219.601398,-16673435370.017963,-16836809913.88256,-17008472242.339394,-17188885203.644875,-17378534045.442337,-17577927395.219627,-17787598280.60569,-18008105191.30615,-18240033184.647747,-18483995036.898342,-18740632442.76074,-19010617265.70831,-19294652842.14546,-19593475342.74251,-19907855194.722088,-20238598569.36872,-20586548939.608383,-20952588713.1678,-21337640947.58913,-21742671154.2574,-22168689199.607925,-22616751312.84066,-23087962210.78836,-3087988013.700084,-3198907179.615694,-3313492345.7267666,-3431855671.100465,-3554110039.0373507,-3680368550.256603,-3727560554.966011,-3862133257.89189,-4001155576.730894,-4144745777.990119,-4293019037.739199,-4446086158.640602,-4604052063.921023,-4767014033.909227,-4935059645.629835,-5108264370.064528,-5286688774.975299,-5470375273.523834,-5659344350.207606,-5853590185.751591,-6053075591.43288,-6257726150.7694845,-6467423452.490274,-6681997283.172249,-6901216630.89761,-7124779332.854598,-7352300180.23685,-7583297273.556013,-7817176401.356474,-8053213196.547389,-8290532809.030725,-8528086823.803136,-8764627154.323639,-8998676657.536543,-9228496257.864368,-9452048444.497208,-9666957135.835176,-9870464109.771091,-10059382509.968988,-10230048399.130651,-10378271998.131908,-10499291201.758,-10587731298.461067,-10637576672.538382,-10642162793.182287,-10594200185.90199,-10485846543.2696,-10308848847.735315,-10054784430.181145,-9715438087.941078,-9283360974.612116,-8752664065.606018,-39337603742.02691,-36453938195.63443,-32958837759.887302,-28857977968.632484,-24202875121.624634,-19109227430.043404,-13775653849.886845,-8497216544.446823,-3664012812.0146437,266899452.33891976,2827658585.9802036,3577928371.8634057,1952825817.928567,-3511178811.212122,-17586049963.502098,-55387146664.48941,-142204701959.84512,0.0
26.0,-8966874696.070415,-9000204572.2593,-9033476353.813969,-9066687626.721603,-9099836224.717957,-9132920248.305931,-9165938084.670174,-9198888428.52362,-9231770303.923475,-9264583087.095367,-9297326530.306078,-9330000786.82676,-9362606437.030085,-9395144515.666683,-9427616540.36766,-9460024541.422106,-9492371092.880287,-9524659345.035206,-9556893058.33719,-9589076638.798565,-9621215174.947453,-9653314476.392183,-9685381114.060308,-9717422462.178534,-9749446742.062897,-9781463067.790789,-9813481493.829802,-9845513064.701033,-9877569866.757778,-9909665082.163774,-9941813045.158634,-9974029300.70159,-10006330665.588514,-10038735292.140997,-10071262734.570436,-10103934018.12429,-10136771711.126123,-10169800000.025856,-10203044767.581396,-10236533674.298067,-10270296243.257498,-10304363948.47352,-10338770306.918228,-10373550974.367834,-10408743845.224236,-10444389156.475355,-10480529595.964058,-10517210415.143532,-10554479546.504543,-10592387725.868616,-10630988619.749786,-10670338957.997145,-10710498671.939884,-10751531038.267143,-10793502828.885746,-10836484467.010374,-10880550189.75332,-10925778217.49324,-10972250930.316786,-11020055051.840742,-11069281840.73844,-11120027290.30996,-11172392336.45354,-11226483074.413897,-11282410984.702944,-11340293168.609688,-11400252593.738312,-11462418350.037918,-11526925916.812828,-11593917441.230396,-11663542028.872734,-11735956046.910795,-11811323440.513613,-11889816063.142624,-11971614021.420742,-12056906035.309496,-12145889814.37376,-12238772450.964611,-12335770831.205868,-12437112064.729158,-12543033934.16774,-12653785365.489813,-12769626920.329224,-12890831311.555792,-13017683943.419466,-13150483477.70332,-13289542427.431051,-13435187779.795424,-13587761650.1076,-13747621968.713057,-13915143202.981176,-14090717116.652529,-14274753569.022938,-14467681356.659506,-14669949100.580872,-14882026182.09692,-15104403730.7934,-15337595668.467932,-15582139813.178793,-15838599047.961218,-16107562559.200523,-16389647150.134222,-16685498635.488012,-16995793323.842802,-17321239594.985046,-17662579580.218548,-18020590954.42087,-18396088849.51869,-18789927900.043827,-19203004432.52587,-19636258811.687286,-20090677957.74824,-20567298050.630405,-21067207438.48952,-21591549769.81913,-22141527370.37036,-22718404888.34409,-23323513233.75149,-23958253840.529057,-24624103282.95877,-25322618281.207924,-1340678860.358044,-1439516023.9640057,-1543118912.139323,-1651738975.6278908,-1765642201.4830189,-1885109966.970404,-1900251173.0536373,-2029310180.998237,-2164845819.9406853,-2307213719.9891887,-2456790390.918231,-2613974366.562315,-2779187373.867907,-2952875516.099758,-3135510456.201094,-3327590581.936503,-3529642128.9934344,-3742220231.4258704,-3965909860.373532,-4201326601.485271,-4449117208.426108,-4709959853.642404,-4984563977.441503,-5273669611.466311,-5578046021.639806,-5898489477.157252,-6235819904.300286,-6590876124.476142,-6964509302.141878,-7357574136.675213,-7770917218.491978,-8205361828.470414,-8661688284.500849,-9140608721.779278,-9642734924.69666,-10168537496.389145,-10718294243.825005,-11292025156.527538,-11889410749.24434,-12509689806.750978,-13151531699.03822,-13812877421.873482,-14490742372.851578,-15180972641.558634,-15877945380.181047,-16574202840.7827,-17260009314.849518,-17922821198.154827,-18546663955.85284,-19111417953.598747,-19592031391.638702,-19957708524.227844,-84009479818.69763,-85468552723.19864,-85962818722.27245,-85178202782.90477,-82742864856.55183,-78236643220.43297,-71220227890.59177,-61298157314.88041,-48233072447.48112,-32121769455.03791,-13601673693.128958,6075937081.824545,25571565736.379974,45485314846.20176,73046842687.02393,134484689318.965,380380785915.25244,0.0
25.75,-6300687471.814309,-6324364919.473375,-6347972319.217895,-6371507961.078345,-6394970386.835138,-6418358407.899104,-6441671123.990726,-6464907942.647804,-6488068599.591867,-6511153179.984957,-6534162140.609285,-6557096333.003218,-6579957027.588267,-6602745938.822851,-6625465251.419602,-6648117647.664232,-6670706335.875204,-6693235080.044627,-6715708230.70202,-6738130757.043928,-6760508280.373751,-6782847108.89732,-6805154273.921392,-6827437567.503484,-6849705581.602992,-6871967748.7851,-6894234384.530456,-6916516731.205256,-6938827003.747938,-6961178437.13045,-6983585335.653688,-7006063124.138588,-7028628401.076098,-7051298993.801145,-7074094015.757725,-7097033925.9241295,-7120140590.469459,-7143437346.714721,-7166949069.473922,-7190702239.852953,-7214725016.586248,-7239047309.99399,-7263700858.644698,-7288719308.81118,-7314138296.810201,-7339995534.3194065,-7366330896.767836,-7393186514.899695,-7420606869.614403,-7448638890.189254,-7477332055.995053,-7506738501.818807,-7536913126.911863,-7567913707.886262,-7599801015.586908,-7632638936.072357,-7666494595.84215,-7701438491.454957,-7737544623.687904,-7774890636.394233,-7813557960.224154,-7853631961.38163,-7895202095.598616,-7938362067.518051,-7983209995.686956,-8029848583.373056,-8078385295.430181,-8128932541.451892,-8181607865.467806,-8236534142.453619,-8293839781.943989,-8353658939.057887,-8416131733.267939,-8481404475.269822,-8549629902.334949,-8620967422.559282,-8695583368.454378,-8773651260.362965,-8855352080.22184,-8940874556.239275,-9030415459.10347,-9124179910.39311,-9222381703.921013,-9325243640.808918,-9432997879.164637,-9545886299.314236,-9664160885.632158,-9788084126.110914,-9917929430.922203,-10053981571.342129,-10196537140.546951,-10345905037.933416,-10502406978.780067,-10666378031.2458,-10838167182.89908,-11018137939.189362,-11206668956.51171,-11404154712.779642,-11611006218.711378,-11827651773.353563,-12054537767.71746,-12292129540.787382,-12540912292.583973,-12801392059.42834,-13074096757.062033,-13359577297.834087,-13658408788.777468,-13971191818.064053,-14298553838.05857,-14641150653.9898,-14999668028.130152,-15374823410.326933,-15767367806.768204,-16178087799.999268,-16607807734.441233,-17057392083.008202,-17527748011.884216,-18019828162.113903,-18534633668.39284,-19073217437.326103,-19636687709.466915,1376382837.9806645,1337495945.8956158,1295286173.4709036,1249511041.9039676,1199908671.304543,1146196033.0897346,1176157170.174646,1116570938.2287636,1052020701.761852,982124511.6830468,906467794.7629608,824600210.3639245,736032169.2603006,640230974.8118603,536616541.7872153,424556642.5407488,303361623.955139,172278531.49797705,30484568.82992175,-122920187.4294402,-288920907.9888335,-468597067.28780353,-663132548.9837918,-873826926.4291925,-1102108057.9113522,-1349546151.0169938,-1617869465.417543,-1908981838.0328252,-2224982227.941656,-2568186489.07317,-2941151584.3874407,-3346702452.6124344,-3787961722.7635503,-4268382435.509898,-4791783863.618173,-5362390411.202308,-5984873391.621316,-6664395205.172962,-7406655014.710838,-8217934383.969935,-9105140403.846464,-10075842446.592297,-11138296653.259945,-12301449278.075497,-13574905648.52671,-14968845111.674192,-16493852985.379078,-18160626838.08408,-19979494363.94881,-21959650768.51625,-24107980727.373417,-26427267737.215065,-105235038253.15627,-116918650005.99878,-129561155061.09346,-143063341075.51694,-157198700051.88254,-171538363714.094,-185339334070.29276,-197384610118.9125,-205772198752.59967,-207686694075.27725,-199303117613.24484,-176286259287.55716,-136055309222.5087,-83950938764.66147,-43595020306.281364,-56214160160.246254,-135604455807.51375,0.0
25.5,-3273067363.066223,-3286914934.7917643,-3300702042.167338,-3314425342.9853063,-3328081568.6616225,-3341667532.5198617,-3355180138.4572988,-3368616390.0059924,-3381973399.801641,-3395248399.4733925,-3408438749.968091,-3421541952.3226,-3434555658.897985,-3447477685.089773,-3460306021.528412,-3473038846.784433,-3485674540.592929,-3498211697.612041,-3510649141.730233,-3522985940.937433,-3535221422.7748466,-3547355190.378484,-3559387139.131492,-3571317473.940016,-3583146727.147611,-3594875777.102753,-3606505867.394027,-3618038626.7671857,-3629476089.7379913,-3640820717.914485,-3652075422.041601,-3663243584.780931,-3674329084.237354,-3685336318.243991,-3696270229.415819,-3707136330.9815593,-3717940733.402354,-3728690171.784632,-3739392034.0933423,-3750054390.170256,-3760686021.560509,-3771296452.148965,-3781895979.605825,-3792495707.639273,-3803107579.050272,-3813744409.582451,-3824419922.557361,-3835148784.2823377,-3845946640.215243,-3856830151.866885,-3867817034.418389,-3878926095.026656,-3890177271.787184,-3901591673.3185735,-3913191618.928533,-3925000679.315868,-3937043717.757255,-3949346931.722002,-3961937894.8513184,-3974845599.232076,-3988100497.8879066,-4001734547.402737,-4015781250.583978,-4030275699.063816,-4045254615.7282543,-4060756396.853833,-4076821153.821888,-4093490754.269603,-4110808862.525868,-4128820979.1681457,-4147574479.524096,-4167118650.9287744,-4187504728.534291,-4208785929.454744,-4231017485.013848,-4254256670.847092,-4278562834.5936327,-4303997420.895737,-4330623993.40555,-4358508253.479784,-4387718055.223038,-4418323416.5197,-4450396525.672079,-4484011743.239833,-4519245598.651014,-4556176781.129822,-4594886124.459055,-4635456585.06635,-4677973212.893327,-4722523114.473827,-4769195407.61313,-4818081167.0222845,-4869273360.221807,-4922866772.984902,-4978957923.543007,-5037644964.724183,-5099027573.137378,-5163206824.452289,-5230285053.753814,-5300365699.871502,-5373553132.496134,-5449952460.796478,-5529669322.137256,-5612809649.372723,-5699479415.046689,-5789784350.666285,-5883829639.030958,-5981719577.386005,-6083557208.92789,-6189443919.912473,-6299478999.301216,-6413759157.520605,-6532378000.497755,-6655425454.666007,-6782987138.09863,-6915143672.318297,-7051969928.635856,-7193534202.08208,-7339897305.099913,-7491111572.148226,-7647219765.217412,4420950160.807709,4474028143.826192,4527598671.349663,4581617702.865996,4636033878.484418,4690787571.720046,4768204779.497574,4825231096.261474,4882469401.139724,4939823074.63992,4997180920.543333,5054415201.275493,5111379393.928814,5167905623.543176,5223801722.830544,5278847858.714364,5332792655.555867,5385348732.405263,5436187556.613171,5484933498.133131,5531156947.180147,5574366331.766252,5613998839.994567,5649409613.5905695,5679859132.394344,5704498452.435175,5722351890.243538,5732296660.041501,5733038864.34675,5723085107.17211,5700708835.804874,5663910313.63256,5610368871.714624,5537385766.63397,5441815568.208534,5319983488.914788,5167585415.964171,4979566575.619618,4749973693.16462,4471774139.086381,4136633777.370937,3734642929.243053,3253976868.181392,2680473348.900779,1997104554.3186717,1183314143.7216687,214181322.785348,-940637557.7705312,-2318254110.3151026,-3964262699.005387,-5934931005.694653,-8299999424.735249,-25706334053.00406,-37915355996.094086,-52963623103.68048,-71583593845.41853,-94718733212.43413,-123583671327.45859,-159732253846.1546,-205117479372.66162,-262093831902.2791,-333224468695.0925,-420525652384.6,-523183272960.1392,-631281506403.1383,-709964890553.5917,-667892894342.8762,-362914278707.9885,-14062191732.781322,0.0
25.25,6414594.033967026,2882413.783844672,-645697.0949076265,-4164768.342682019,-7669655.242937252,-11155033.231788464,-14615392.31327442,-18045031.272055365,-21438051.6744124,-24788351.648304418,-28089619.4326358,-31335326.685186163,-34518721.53835103,-37632821.391083136,-40670405.42482787,-43624006.83047971,-46485904.7328475,-49248115.7981316,-51902385.50918051,-54440179.09245662,-56852672.0796138,-59130740.485556185,-61264950.58390229,-63245548.25950986,-65062447.91647933,-66705220.91883551,-68163083.53956273,-69424884.3922034,-70479091.31765388,-71313777.69699119,-71916608.15932027,-72274823.65166582,-72375225.83585103,-72204160.77485567,-71747501.86885422,-70990631.99854365,-69918424.83020243,-68515225.23449184,-66764828.76715374,-64650460.15664526,-62154750.739923686,-59259714.78351436,-55946724.62271121,-52196484.54720847,-47989003.35620471,-43303565.501104206,-38118700.72771099,-32412152.12394523,-26160842.47234218,-19340838.799411684,-11927315.00624898,-3894512.456576191,4784301.610591173,14136877.98609665,24192031.866228968,34979691.862607226,46530951.82215601,58878125.64578888,72054805.30834527,86095922.2973629,101037812.7040932,116918286.21790518,133776699.29357325,151654032.78138104,170592974.3315124,190638005.9078368,211835496.77129608,234233802.3206258,257883369.20734525,282836847.1740546,309149208.09907055,336877872.767915,366082845.9318032,396826860.2570605,429175529.8158442,463197513.8192887,498964691.3490756,536552347.9026023,576039374.6309264,617508481.2184669,661046423.4284402,706744246.4196488,754697545.0286764,805006742.3074822,857777387.7104872,913120476.4380432,971152791.5663482,1031997270.7266924,1095783399.2424047,1162647631.7893925,1232733844.8178203,1306193822.1596465,1383187776.4501908,1463884909.2143328,1548464012.7099397,1637114116.8857336,1730035185.0997598,1827438862.56008,1929549281.794589,2036603929.834844,2148854582.211913,2266568309.315928,2390028561.167312,2519536337.193109,2655411448.199768,2797993878.390843,2947645256.00052,3104750441.907752,3269719246.469965,3442988285.777276,3625022989.588335,3816319774.376943,4017408396.206957,4228854499.574367,4451262379.924009,4685277979.280628,4931592136.347331,5190944114.538521,5464125433.75082,5751984034.258508,6055428803.97563,6814001348.179043,6950989667.301626,7092597325.231386,7239043430.907844,7390560489.750282,7547395404.145889,7660579110.373559,7828142340.4482975,8001851779.708145,8182024300.368276,8368997798.192009,8563132891.136737,8764814778.456152,8974455277.350006,9192495056.223215,9419406085.816755,9655694331.926846,9901902716.159088,10158614374.192389,10426456244.373442,10706103023.139006,10998281527.775057,11303775511.357378,11623430979.342169,11958162062.116035,12308957502.746698,12676887823.992216,13063113243.004389,13468892405.605124,13895592013.77867,14344697418.997404,14817824248.547266,15316731119.730114,15843333474.156525,16399718526.10957,16988161257.52658,17611141296.264927,18271360367.362057,18971759784.2658,19715537111.593945,20506160627.388783,21347379456.995617,22243226114.19471,23198006470.06324,24216269567.849213,25302745727.16093,26462235258.470528,27699420587.606342,29018559616.971584,30422994305.57107,31914369934.62411,33491397318.061905,142755174518.07837,150594786423.28928,158873582075.433,167496470223.40765,176268240951.89853,184818675643.1163,192467606761.47513,197974388423.82068,199055631606.11523,191415713886.9863,166694208258.79108,107843615252.01312,-22065855912.352425,-309288995771.53156,-972831341644.0127,-2583841191051.3833,-5397846110600.393,0.0
25.0,3386249377.1128845,3394090853.7758937,3401806371.5884824,3409399233.8132653,3416873064.0910296,3424231822.5915384,3431479822.849153,3438621749.3092,3445662675.612613,3452608083.647027,3459463883.3934355,3466236433.5988545,3472932563.3062367,3479559594.27403,3486125364.3191257,3492638251.6178107,3499107200.0008545,3505541745.2798243,3511952042.643457,3518348895.1637216,3524743783.453155,3531148896.5160947,3537577163.8381944,3544042288.7599964,3550558783.1820765,3557142003.6509466,3563808188.8764014,3570574498.733276,3577459054.8019524,3584480982.504133,3591660454.892568,3599018738.1552305,3606578238.8966928,3614362553.262103,3622396517.9709287,3630706263.33062,3639319268.302805,3648264417.697205,3657572061.571448,3667274076.918016,3677403931.722477,3687996751.480522,3699089388.2650366,3710720492.43762,3722930587.1033006,3735762145.4108586,3749259670.8057394,3763469780.347071,3778441291.204917,3794225310.4593496,3810875328.3282223,3828447314.95636,3846999820.905173,3866594081.4883647,3887294125.1064615,3909166885.740627,3932282319.774507,3956713527.32137,3982536878.243749,4009832143.062816,4038682628.965711,4069175321.131311,4101401029.607609,4135454541.9880767,4171434782.14946,4209444975.330248,4249592819.846658,4291990665.7627606,4336755700.852568,4384010144.214882,4433881447.927117,4486502507.151651,4542011879.13817,4600554011.598326,4662279480.964563,4727345241.083946,4795914882.940388,4868158906.045165,4944255002.186207,5024388352.2822485,5108751937.148474,5197546863.046234,5290982702.9619465,5389277854.639068,5492659916.473102,5601366082.473788,5715643557.6013565,5835749994.895325,5961953955.937029,6094535396.319788,6233786177.945807,6380010610.127296,6533526021.640859,6694663366.07195,6863767862.989518,7041199677.712537,7227334642.6704035,7422565023.620505,7627300334.269014,7841968203.14862,8067015296.939111,8302908304.777186,8550134988.49155,8809205304.120842,9080652600.527256,9365034901.410357,9662936277.55631,9974968316.729927,10301771699.233557,10644017887.82142,11002410941.373226,11377689462.50094,11770628690.091248,12182042748.677214,12612787067.492012,13063760983.08886,13535910540.521614,14030231509.275663,14547772631.426373,15089639120.89118,15656996434.13975,7656525888.355879,7826021083.352113,8001864072.723509,8184392744.487974,8373968467.867513,8570978118.981583,8696346877.008337,8907567431.91942,9127479680.87658,9356592730.437037,9595454679.874474,9844656334.471794,10104835344.085098,10376680824.183884,10660938525.452784,10958416628.489336,11269992252.463406,11596618781.197914,11939334127.456518,12299270076.857298,12677662877.485676,13075865270.837502,13495360195.286873,13937776436.219517,14404906549.03518,14898727444.58628,15421424104.06337,15975416985.397568,16563393800.466627,17188346487.614433,17853614384.81055,18562934835.08481,19320502740.66423,20131040942.688766,20999883762.33914,21933076627.311733,22937495466.209885,24020990538.962315,25192560661.2742,26462565482.733658,27842985741.83021,29347744459.334927,30993106148.10503,32798176751.88833,34785534821.650406,36982035350.243935,39419843152.10551,42137774890.563774,45183061233.88632,48613688560.00179,52501551833.25639,56936761081.24046,237280264981.66003,259993417418.31372,286580899041.7796,318029930327.1631,355674913745.0556,401358919942.05817,457692249149.0044,528482499275.81647,619482799443.5692,739765530573.9606,904414956978.6584,1140252245562.6267,1499344627087.3582,2095658749211.6042,3226560558688.711,5927564962372.065,16765641668035.457,0.0
24.75,6700729258.689056,6722942145.261088,6744856694.138789,6766469575.363149,6787777685.988825,6808778167.560649,6829468424.4307575,6849846142.949873,6869909311.567008,6889656241.873846,6909085590.63011,6928196382.808479,6946988035.698142,6965460384.10765,6983613706.709044,7001448753.566224,7018966774.892312,7036169551.081818,7053059424.06463,7069639330.030893,7085912833.576483,7101884163.320686,7117558249.049009,7132940760.435632,7148038147.40108,7162857682.162797,7177407503.037241,7191696660.053742,7205735162.4422,7219534028.057587,7233105334.806116,7246462274.139298,7259619206.683407,7272591720.0734,7285396689.061718,7298052337.973591,7310578305.581966,7322995712.476186,7335327230.999939,7347597157.834863,7359831489.307473,7372057999.497717,7384306321.228647,7396608030.01691,7408996731.06504,7421508149.376192,7434180223.072914,7447053200.001323,7460169737.702038,7473575006.82911,7487316798.097455,7501445632.838888,7516014877.245541,7531080860.378442,7546702996.017375,7562943908.426193,7579869562.105678,7597549395.603127,7616056459.4452915,7635467558.257257,7655863397.126553,7677328732.266873,7699952526.031153,7723828106.318269,7749053330.411393,7775730753.279531,7803967800.366427,7833876944.882855,7865575889.609734,7899187753.20987,7934841261.035901,7972670940.410764,8012817320.344959,8055427135.642046,8100653535.329623,8148656295.338263,8199602035.334802,8253664439.59926,8311024481.816325,8371870653.63291,8436399196.812637,8504814338.795831,8577328531.450337,8654162692.773565,8735546451.27978,8821718392.778442,8912926309.220139,9009427449.254538,9111488770.11179,9219387190.383047,9333409843.237703,9453854329.574986,9581028970.56398,9715253058.980278,9856857108.69738,10006183101.637903,10163584731.430992,10329427642.959751,10504089666.912954,10687961048.3798,10881444668.442331,11084956257.62706,11298924599.973146,11523791726.357603,11760013095.585785,12008057761.605309,12268408525.030985,12541562066.972076,12828029062.92848,13128334274.262732,13443016614.454914,13772629186.99965,14117739291.400846,14478928393.250317,14856792053.8304,15251939814.044865,15664995026.741442,16096594630.627348,16547388857.974676,17018040867.14569,17509226289.609615,6597802105.384106,6730155442.235519,6866960420.461981,7008427548.285853,7154780156.198308,7306255350.011085,7415814471.639013,7577636723.063161,7745377701.595697,7919341489.440665,8099852255.347125,8287255868.237464,8481921662.055888,8684244367.755762,8894646230.144106,9113579329.303408,9341528128.532583,9579012273.207195,9826589667.668612,10084859860.222178,10354467769.559202,10636107789.405888,10930528311.9182,11238536714.228,11561004856.507889,11898875143.802052,12253167207.4262,12624985264.598894,13015526216.577995,13426088545.120537,13858082063.362917,14313038568.480211,14792623427.1741,15298648097.442472,15833083545.77728,16398074450.002748,16995953972.792612,17629258732.405052,18300743360.062,19013393680.041763,19770437022.54319,20575347395.529854,21431842070.30458,22343864376.949062,23315544849.937115,24351128823.94615,25454852379.919807,26630738931.59819,27882273677.08999,29211889216.351604,30620157096.23955,32104516959.634987,138223078663.00174,145893507945.71896,153980561502.9902,162376830383.86667,170869070496.416,179061123002.00055,186236288557.68378,191104102120.61368,191317196180.48663,182508513077.8256,156270298616.4958,95641155524.69649,-35731024293.57555,-321819070577.00574,-973106111008.7988,-2525899063854.109,-5102384340124.768,0.0
24.5,9756240230.611868,9799092074.75784,9841556574.516764,9883621112.529764,9925272972.036203,9966499344.412825,10007287337.265026,10047623983.096607,10087496248.58426,10126891044.485027,10165795236.205418,10204195655.062117,10242079110.26522,10279432401.656252,10316242333.234043,10352495727.502945,10388179440.678925,10423280378.79042,10457785514.71175,10491681906.168564,10524956714.755798,10557597226.009716,10589590870.57743,10620925246.528135,10651588142.851631,10681567564.191458,10710851756.860558,10739429236.18937,10767288815.257174,10794419635.058798,10820811196.160152,10846453391.897284,10871336543.174702,10895451434.919905,10918789354.2522,10941342130.424765,10963102176.599892,10984062533.51818,11004216915.12304,11023559756.202677,11042086262.11182,11059792460.636044,11076675256.061413,11092732485.511976,11107962977.61752,11122366613.57299,11135944390.650225,11148698488.221272,11160632336.35099,11171750687.014154,11182059687.990316,11191566959.48586,11200281673.529638,11208214636.183817,11215378372.606785,11221787214.999126,11227457393.456966,11232407129.749355,11236656734.02805,11240228704.467806,11243147829.824677,11245441294.887428,11247138788.782902,11248272616.081364,11248877810.629795,11248992252.022535,11248656784.596792,11247915338.816994,11246815054.885773,11245406408.390053,11243743337.758974,11241883373.274456,11239887767.336958,11237821625.645338,11235754038.90299,11233758214.6107,11231911608.449636,11230296054.69583,11228997895.039202,11228108105.105972,11227722417.901468,11227941443.301409,11228870782.62289,11230621137.200056,11233308409.774158,11237053797.382095,11241983874.29059,11248230663.374493,11255931694.176208,11265230045.707582,11276274371.865131,11289218907.123072,11304223449.944662,11321453321.110006,11341079293.895964,11363277492.760246,11388229256.87469,11416120964.521551,11447143814.00875,11481493556.374117,11519370174.732254,11560977504.66916,11606522789.606577,11656216164.537651,11710270060.975773,11768898525.35607,11832316442.481407,11900738654.908258,11974378968.41929,12053449032.924189,12138157087.265324,12228706555.473646,12325294481.01825,12428109784.51492,12537331329.195135,12653125777.182604,12775645218.267029,12905024551.395538,13041378597.50638,13184798920.593971,13335350331.998093,4053391376.267681,4099706172.325409,4146314726.645871,4193165445.0316978,4240199105.644274,4287347904.215742,4358506474.575005,4407441567.69907,4456336801.4644985,4505085755.950749,4553567073.367915,4601642496.624608,4649154633.222657,4695924402.286326,4741748115.387539,4786394133.349605,4829599031.1284685,4871063190.849432,4910445728.709604,4947358644.24064,4981360059.741968,5011946392.775346,5038543274.505006,5060494990.18886,5077052173.793697,5087357434.665688,5090428528.101394,5085138600.587874,5070192940.681925,5044101543.23473,5005146641.89043,4951344174.751156,4880397910.85879,4789644667.87087,4675988677.413728,4535822682.550198,4364932753.5715065,4158383047.328523,3910375763.690383,3614080307.74892,3261424065.865695,2842835139.9172997,2346924716.560374,1760093294.6165955,1066040519.8085004,245152587.81544524,-726266283.4088856,-1876961349.452859,-3241948858.4144044,-4864061393.477391,-6795904060.960846,-9102326710.545635,-29459976555.744205,-41156354549.58302,-55474947791.98453,-73073185991.63095,-94789889051.50334,-121691674813.64528,-155120268856.65015,-196721414578.22382,-248402138983.27606,-312077696920.0026,-388854984692.71356,-476766390452.8399,-564919197141.5894,-619689653573.4253,-560648702135.6637,-282581303427.4808,-8756262010.124907,0.0
24.25,12232661081.379782,12304079160.71426,12375265429.797478,12446200948.313826,12516866280.26988,12587241484.537523,12657306105.29866,12727039162.39495,12796419141.586235,12865423984.721788,12934031079.828732,13002217251.122602,13069958748.945278,13137231239.636145,13204009795.34277,13270268883.777746,13335982357.929214,13401123445.733042,13465664739.714825,13529578186.61143,13592835076.981672,13655406034.81659,13717261007.160963,13778369253.758057,13838699336.730524,13898219110.311483,13956895710.640352,14014695545.639269,14071584284.986868,14127526850.207054,14182487404.891829,14236429345.078049,14289315289.799335,14341107071.83575,14391765728.684694,14441251493.778255,14489523787.973452,14536541211.34304,14582261535.296412,14626641695.061155,14669637782.557838,14711205039.701542,14751297852.166191,14789869743.648129,14826873370.668137,14862260517.952065,14895982094.431955,14927988129.911478,14958227772.440512,14986649286.445938,15013200051.66643,15037826562.941095,15060474430.902542,15081088383.626455,15099612269.290577,15115989059.896812,15130160856.110613,15142068893.272173,15151653548.63385,15158854349.877531,15163609984.965143,15165858313.373508,15165536378.763071,15162580423.127222,15156925902.46485,15148507504.01492,15137259165.086073,15123114093.507132,15106004789.716932,15085863070.502048,15062620094.379597,15036206388.6092,15006551877.802862,14973585914.083883,14937237308.724976,14897434365.17283,14854104913.339155,14807176345.007822,14756575650.172491,14702229454.080334,14644064054.712223,14582005460.379738,14515979427.062653,14445911495.046837,14371727024.351255,14293351228.35269,14210709204.92792,14123725964.333157,14032326452.93021,13936435571.745382,13835978188.710768,13730879143.28587,13621063241.990685,13506455243.195892,13386979829.312227,13262561564.297457,13133124834.15171,12998593767.80327,12858892135.48984,12713943221.41815,12563669667.132055,12407993281.63593,12246834813.9047,12080113682.960829,11907747660.212135,11729652498.22096,11545741499.511543,11355925018.4214,11160109888.359812,10958198766.15513,10750089384.451696,10535673702.359444,10314836943.765676,10087456511.896095,9853400767.861914,9612527660.063057,9364683190.440653,9109699702.69704,8847393976.74405,8577565112.815583,8299992187.912303,1002942074.1830726,960665501.6812865,915122009.9665924,866081415.993722,813295583.2339141,756496843.655491,779760596.6166319,717075490.0017273,649564791.2966741,576869309.8737229,498599977.0488619,414335044.8486967,323616993.23187554,225949112.9299201,120791727.23180634,7558011.767732527,-114390633.38160534,-245749710.14159217,-387277304.0843983,-539800384.1134893,-704221789.7935475,-881527983.1205113,-1072797649.0750664,-1279211237.0381546,-1502061542.7992873,-1742765438.039912,-2002876860.1993515,-2284101179.608483,-2588311061.3683043,-2917563934.729895,-3274121169.943215,-3660469037.761378,-4079341484.4420767,-4533744687.282397,-5026983251.2696905,-5562687750.483212,-6144843085.97372,-6777816793.095939,-7466385940.347056,-8215760554.117623,-9031600487.267555,-9920021192.365742,-10887581774.046349,-11941245708.441565,-13088300342.154032,-14336215160.34423,-15692410042.94889,-17163892167.930418,-18756702255.34369,-20475085225.177525,-22320264013.26133,-24288644314.65388,-99589730144.67882,-109823143977.82681,-120723531842.20499,-132138676589.15234,-143787979593.59805,-155196188406.11398,-165599285672.28482,-173817791901.97214,-178104571072.82474,-176012730428.86383,-164433869599.25766,-140202747404.0123,-102107789430.36237,-55322250653.74125,-16054591934.096792,-1373192677.6475873,-909157827.4872466,0.0
24.0,13602594692.371552,13706860918.478731,13811379627.63702,13916134478.31104,14021108420.59713,14126283672.106634,14231641693.048042,14337163160.482216,14442827941.7236,14548615066.85996,14654502700.362331,14760468111.755716,14866487645.32101,14972536688.797155,15078589641.05207,15184619878.69019,15290599721.563316,15396500397.151072,15502292003.77628,15607943472.61965,15713422528.497915,15818695649.368166,15923728024.520857,16028483511.423166,16132924591.173573,16237012322.528011,16340706294.457354,16443964577.195358,16546743671.735762,16648998457.73684,16750682139.791151,16851746192.018229,16952140300.937405,17051812306.578314,17150708141.78615,17248771769.679176,17345945119.21635,17442168018.832935,17537378128.103092,17631510867.388927,17724499345.436375,17816274284.879807,17906763945.618572,17995894046.03051,18083587681.989098,18169765243.654205,18254344330.008083,18337239661.112083,18418362988.06288,18497623000.631145,18574925232.5699,18650171964.58497,18723262124.96608,18794091187.882507,18862551069.35532,18928530020.925144,18991912521.043736,19052579164.226456,19110406548.01396,19165267157.80226,19217029249.61344,19265556730.892933,19310709039.434227,19352341020.549023,19390302802.61811,19424439671.178444,19454591941.723103,19480594831.41394,19502278329.932053,19519467069.71844,19531980195.886986,19539631236.123447,19542227970.91913,19539572304.525173,19531460137.05295,19517681238.190407,19498019123.04967,19472250930.711792,19440147306.08813,19401472285.77494,19355983188.639805,19303430511.943844,19243557833.87402,19176101723.434902,19100791658.72845,19017349954.735573,18925491701.80301,18824924716.13387,18715349503.6818,18596459238.95429,18467939760.343,18329469583.71705,18180719936.13817,18021354811.68665,17851031051.52077,17669398450.43417,17476099892.319336,17270771517.097183,17053042921.826096,16822537398.863028,16578872214.1102,16321658928.54519,16050503766.396397,15765008033.492271,15464768589.475311,15149378377.73438,14818427017.06471,14471501459.217026,14108186716.639273,13728066664.847223,13330724923.981422,12915745824.213863,12482715459.757736,12031222836.307089,11560861116.78596,11071228970.321102,10561932029.368645,10032584459.923767,9482810649.729988,8912247019.386349,8320543961.239152,-1515360857.0848851,-1607717633.9907625,-1704272690.3269055,-1805234702.4348235,-1910823413.2272792,-2021270177.1965969,-2040336831.821229,-2159367574.681371,-2284018380.4505816,-2414577252.5478506,-2551347282.719279,-2694647254.025174,-2844812214.733157,-3002194007.284533,-3167161732.563365,-3340102124.8856,-3521419807.247575,-3711537389.1950207,-3910895360.909471,-4119951726.408006,-4339181305.68724,-4569074619.68795,-4810136252.473194,-5062882561.214608,-5327838575.5117855,-5605533892.058035,-5896497327.287586,-6201250037.662703,-6520296752.586356,-6854114686.0294485,-7203139596.812995,-7567748350.494145,-7948237193.759965,-8344794780.291245,-8757468779.789097,-9186124653.418026,-9630394883.44976,-10089616597.274485,-10562755123.184937,-11048310558.944962,-11544203934.160255,-12047639029.06119,-12554935426.622787,-13061328016.462423,-13560728103.21358,-14045441779.476952,-14505842767.692957,-14930000268.876389,-15303268680.186176,-15607857242.684834,-15822416655.47384,-15921710788.55457,-68758162434.68637,-69436619160.31236,-69331066412.28568,-68230205889.53365,-65901668372.97233,-62110412831.90275,-56655462893.84748,-49434587379.120056,-40546055768.42288,-30426154776.500774,-19985080891.23788,-10619537581.509947,-3858217367.1648316,-439531079.0013882,603784414.6226938,1201697645.5758216,3399216746.2700443,0.0
23.75,13206186744.442532,13337525422.645536,13469849536.048853,13603156937.62334,13737444959.38841,13872710386.713797,14008949431.528492,14146157704.39271,14284330185.386292,14423461193.765947,14563544356.34111,14704572574.517056,14846537989.951183,14989431948.76707,15133244964.26797,15277966678.090242,15423585819.733952,15570090164.4063,15717466489.11075,15865700526.912607,16014776919.30874,16164679166.627283,16315389576.379768,16466889209.485825,16619157824.287802,16772173818.269451,16925914167.390152,17080354362.94332,17235468345.84388,17391228438.247578,17547605272.40064,17704567716.616127,17862082798.26909,18020115623.700016,18178629294.91252,18337584822.9476,18496941037.81397,18656654494.85006,18816679377.390125,18976967395.604065,19137467681.37603,19298126679.08548,19458888032.1493,19619692465.18224,19780477661.628765,19941178136.7178,20101725105.58824,20262046346.43192,20422066058.49776,20581704714.79988,20740878909.370743,20899501198.899696,21057479938.59696,21214719112.12304,21371118155.424885,21526571774.32116,21680969755.681744,21834196772.04984,21986132179.559235,22136649809.005272,22285617749.934284,22432898127.62546,22578346872.84792,22721813484.288857,22863140783.56135,23002164662.71714,23138713824.20805,23272609513.26112,23403665242.657017,23531686509.92881,23656470507.030632,23777805822.5604,23895472136.6621,24009239908.77805,24118870058.47281,24224113639.60736,24324711508.206474,24420393984.43302,24510880509.16297,24595879295.743088,24675086977.61173,24748188252.572083,24814855524.62827,24874748544.428425,24927514049.50674,24972785405.67965,25010182251.13176,25039310144.924915,25059760221.88297,25071108856.044025,25072917335.135708,25064731548.81888,25046081693.760365,25016481998.94373,24975430475.004684,24922408691.79224,24856881588.80755,24778297323.66363,24686087164.243767,24579665430.81581,24458429494.988995,24321759843.07996,24169020212.18952,23999557808.08453,23812703614.83049,23607772807.03465,23384065276.538235,23140866286.438183,22877447266.428707,22593066764.62713,22286971572.285294,21958398039.088577,21606573598.095963,21230718520.779667,20830047924.06218,20403774052.71341,19951108861.94488,19471266926.492672,18963468703.895195,18426944181.0042,17860936933.979176,-2885903949.833784,-2977842249.4695253,-3072448473.859402,-3169780439.999698,-3269893671.8600025,-3372840751.6106462,-3418039671.658481,-3527345096.12542,-3639735632.313966,-3755253867.533308,-3873935263.9150615,-3995806747.4049034,-4120885092.424905,-4249175074.620813,-4380667360.556491,-4515336099.2605,-4653136176.141756,-4794000084.95153,-4937834368.170184,-5084515570.445375,-5233885643.538784,-5385746734.719601,-5539855283.798745,-5695915347.224868,-5853571061.162252,-6012398149.685576,-6171894379.796609,-6331468862.800331,-6490430102.941313,-6647972700.852811,-6803162633.723179,-6954921059.424251,-7102006632.624043,-7242996383.106378,-7376265298.13992,-7499964882.39268,-7612001154.552234,-7710012797.725989,-7791350534.388408,-7853059276.026293,-7891865239.983362,-7904171076.4803,-7886063159.808357,-7833336625.966961,-7741545538.006528,-7606087764.548077,-7422336751.815186,-7185835237.059611,-6892568776.177506,-6539339071.980059,-6124257222.136802,-5647372913.733269,-22090819409.22676,-19225497636.967056,-16021894015.191565,-12540114596.09903,-8882302399.464214,-5201757139.314157,-1707890493.239832,1338929085.9774723,3651418637.4504986,4968303651.708515,5141246805.644011,4243267867.8824253,2652277666.009803,1018757402.3018577,-32318094.14695891,-523769619.03694946,-850363869.9086032,0.0
23.5,10490345976.403728,10628893201.223646,10769135257.58443,10911091880.779549,11054782878.869291,11200228122.831903,11347447536.039309,11496461083.0228,11647288757.491974,11799950569.568016,11954466532.191317,12110856646.660809,12269140887.260605,12429339184.927526,12591471409.910162,12755557353.368849,12921616707.862194,13089669046.664164,13259733801.852428,13431830241.105972,13605977443.146868,13782194271.75825,13960499348.306604,14140911022.693512,14323447342.65834,14508126021.348951,14694964403.074171,14883979427.14723,15075187589.724806,15268604903.54194,15464246855.438026,15662128361.564196,15862263720.156565,16064666561.75497,16269349796.740051,16476325560.056202,16685605152.98064,16897198981.79281,17111116493.190573,17327366106.29277,17545955141.059296,17766889742.952366,17990174803.65338,18215813877.641563,18443809094.43025,18674161066.24802,18906868790.940456,19141929549.85849,19379338800.48729,19619090063.5588,19861174804.37779,20105582308.07933,20352299548.521786,20601311050.50559,20852598744.993904,21106141816.995403,21361916545.75473,21619896136.87903,21880050546.01236,22142346293.65221,22406746270.68417,22673209534.191746,22941691093.079056,23212141683.024067,23484507530.259075,23758730103.654427,24034745854.55912,24312485943.830128,24591875955.45932,24872835596.183994,25155278380.44352,25439111300.021435,25724234477.688374,26010540804.138184,26297915557.48609,26586236004.575417,26875370983.31709,27165180465.26566,27455515097.61519,27746215723.781387,28037112881.71984,28328026279.11732,28618764244.58325,28909123153.96239,29198886830.88815,29487825920.70024,29775697236.86121,30062243079.0241,30347190521.93096,30630250674.36001,30911117907.38776,31189469051.297485,31464962560.544216,31737237646.28541,32005913376.106365,32270587740.713,32530836687.53871,32786213121.41478,33036245872.696136,33280438633.51719,33518268863.182022,33749186664.078583,33972613629.9516,34187941668.883152,34394531803.92435,34591712955.002014,34778780706.50651,34954996065.86069,35119584219.39103,35271733292.983154,35410593126.32702,35535274071.05516,35644845824.77526,35738336314.91771,35814730648.48087,35872970146.193016,35911951482.34288,35930525954.594795,35927498911.52499,35901629369.43045,35851629854.19706,-3088316553.641534,-3146498380.722272,-3205070155.991359,-3263960798.78876,-3323090579.463647,-3382370329.991101,-3434908852.702422,-3496436195.0214853,-3557916949.5499225,-3619220738.5311046,-3680202811.4961753,-3740702790.0109262,-3800543325.500268,-3859528668.816138,-3917443151.5671353,-3974049581.024608,-4029087552.76773,-4082271688.261089,-4133289808.430947,-4181801059.2128263,-4227434011.213652,-4269784763.342263,-4308415089.840217,-4342850681.976865,-4372579550.211844,-4397050670.396802,-4415672979.185327,-4427814849.913642,-4432804211.536823,-4429929510.524287,-4418441759.698608,-4397557969.526413,-4366466316.823103,-4324333473.310564,-4270314591.394568,-4203566525.242607,-4123264948.3795776,-4028626108.6477776,-3918934027.7819552,-3793573990.862687,-3652073157.684492,-3494149030.20614,-3319766280.2358,-3129202013.693833,-2923118834.391775,-2702643958.630123,-2469450985.8028245,-2225838599.7350554,-1974797324.4362571,-1720051422.131333,-1466058219.300672,-1217942070.0014389,-3270937908.7262535,-1163268906.2511148,1029152245.1957598,3298316549.4730563,5643520208.605374,8075911141.157206,10622075151.991901,13323125099.872066,16222298793.460436,19328422635.453033,22533626110.74139,25450127646.805656,27119980677.88349,25626105667.175526,18286791535.6364,5817861979.790929,46427472.718590334,0.0
23.25,5313078564.680049,5426233744.200877,5541378680.720736,5658552079.017959,5777793435.027668,5899143051.980206,6022642056.833292,6148332416.999654,6276256957.372267,6406459377.648588,6538984269.954911,6673877136.771611,6811184409.159527,6950953465.28731,7093232649.258799,7238071290.239281,7385519721.8783,7535629302.026398,7688452432.742035,7844042580.584178,8002454297.184975,8163743240.096104,8327966193.900683,8495181091.581933,8665447036.137878,8838824322.430058,9015374459.252426,9195160191.604944,9378245523.15395,9564695738.859526,9754577427.747637,9947958505.8019,10144908238.947329,10345497266.094925,10549797622.21292,10757882761.386423,10969827579.823437,11185708438.760574,11405603187.217304,11629591184.542088,11857753322.687922,12090172048.149448,12326931383.48584,12568116948.347591,12813815979.916368,13064117352.659348,13319111597.289356,13578890918.812405,13843549213.532722,14113182084.874104,14387886857.86208,14667762592.098446,14952910093.043558,15243431921.405062,15539432400.413712,15841017620.746977,16148295442.83959,16461375496.297045,16780369176.102331,17105389635.278893,17436551773.642723,17773972222.244053,18117769323.063416,18468063103.48921,18824975245.0613,19188629045.92058,19559149376.354805,19936662626.77804,20321296647.422367,20713180678.958103,21112445273.18988,21519222202.9019,21933644359.84455,22355845639.7672,22785960813.30648,23224125381.436108,23670475414.07168,24125147370.30221,24588277898.587444,25060003615.11636,25540460858.365967,26029785417.730232,26528112233.90504,27035575068.51532,27552306140.25396,28078435724.56783,28614091713.670444,29159399133.38605,29714479613.029133,30279450804.20049,30854425744.02902,31439512158.008457,32034811697.167305,32640419103.865124,33256421300.028305,33882896391.118904,34519912578.5712,35167526972.82624,35825784298.446144,36494715482.089714,37174336113.38179,37864644767.90359,38565621180.66943,39277224257.53572,39999389911.00668,40732028705.85843,41475023298.89818,42228225656.00705,42991454028.38837,43764489668.656166,44547073266.06203,45338901078.77438,46139620739.707054,46948826710.95491,47766055360.45411,48590779633.06671,49422403286.92455,50260254664.59538,51103579967.50633,51951536001.135216,52803182357.83788,-2525812442.586244,-2544512857.364644,-2562151798.588902,-2578631339.4139347,-2593847892.3396235,-2607692031.4372435,-2653389444.22795,-2666439572.0578384,-2677808231.7823763,-2687358854.9631743,-2694947973.483985,-2700425190.9255724,-2703633217.873394,-2704407984.848066,-2702578848.6783595,-2697968910.52453,-2690395466.419909,-2679670614.139604,-2665602043.4267206,-2647994040.0960336,-2626648738.261307,-2601367658.8398848,-2571953576.4850307,-2538212761.046036,-2499957643.3578672,-2457009958.3350205,-2409204420.6001363,-2356392988.693282,-2298449772.584869,-2235276634.841143,-2166809527.1862364,-2093025589.866986,-2013951019.276403,-1929669677.4150972,-1840332372.1849377,-1746166676.9599898,-1647487077.6976118,-1544705132.1297977,-1438339194.5115025,-1329023097.937078,-1217512993.085044,-1104691319.544219,-991566641.6010495,-879267831.8753505,-769030864.9275774,-662176340.4753252,-560075870.6368687,-464105749.4066108,-375587023.1245679,-295712375.19654214,-225462307.30416825,-165516066.1817897,-8106998509.671413,-8022308493.074988,-7984955292.890928,-7977732208.498784,-7969857363.677025,-7910883693.515241,-7720749662.878071,-7272202696.342499,-6357859529.979367,-4625867997.79625,-1449856113.991437,4344025239.987275,15075236005.391747,35561382726.92676,75966719515.92052,152784484055.12274,198010925787.47223,0.0
23.0,-1810419664.5626647,-1759568869.282242,-1707169915.9358103,-1653180415.6981556,-1597556789.157125,-1540254230.289739,-1481226669.2378027,-1420426733.8388104,-1357805709.8667092,-1293313499.9350464,-1226898581.0131223,-1158507960.5041258,-1088087130.8319464,-1015580022.4815084,-940928955.4351662,-864074588.945528,-784955869.5829164,-703509977.4929016,-619672270.797266,-533376228.06899655,-444553388.8090814,-353133291.8505015,-259043411.6114562,-162209092.11734027,-62553478.70771221,40002552.65875536,145540468.59152672,254144154.0411552,365899990.75513744,480896938.5172048,599226619.2747695,720983404.2624274,846264504.2339137,975170062.9187696,1107803253.8239915,1244270380.5055804,1384680980.438776,1529147932.620654,1677787569.0433514,1830719790.18037,1988068184.6337345,2149960153.0942645,2316527036.7721605,2487904250.460281,2664231420.396896,2845652527.100501,3032316053.353545,3224375137.5174165,3421987732.3656096,3625316769.6273065,3834530330.437776,4049801821.897222,4271310159.943644,4499239958.749899,4733781726.858736,4975132070.273134,5223493902.722799,5479076663.329703,5742096541.898076,6012776712.055348,6291347572.471215,6578046996.3813305,6873120589.641042,7176821957.531542,7489412980.536856,7811164099.304257,8142354608.992899,8483272963.206718,8834217087.693758,9195494703.981506,9567423663.098104,9950332289.50941,10344559735.376064,10750456345.205036,11168384030.936716,11598716657.467213,12041840438.560308,12498154343.049995,12968070511.17334,13452014680.80322,13950426623.271328,14463760588.37984,14992485758.09766,15537086708.318644,16098063877.92695,16675934044.263231,17271230803.91533,17884505057.564377,18516325497.40009,19167279095.373734,19837971590.28152,20529027971.3606,21241092955.728897,21974831456.607685,22730929038.822887,23510092357.582848,24313049575.97266,25140550755.97617,25993368217.13128,26872296856.132626,27778154419.80477,28711781722.871624,29674042800.82439,30665824986.931946,31688038901.02384,32741618336.087124,33827520026.9378,34946723283.224174,36100229466.77519,37289061290.780014,38514261915.45658,39776893811.68125,41078037360.48333,42418789152.295296,43800259945.34722,45223572237.53869,46689857400.44636,48200252317.75678,49755895463.268814,51357922345.596176,53007460237.71381,-1701510804.3301988,-1693938648.7182686,-1685089763.461286,-1674912132.585817,-1663353670.450939,-1650362493.830696,-1682796505.0750258,-1668016323.8324566,-1651622825.419055,-1633562867.6953535,-1613785140.3192904,-1592240729.4655204,-1568883751.602587,-1543672061.5363345,-1516568039.786481,-1487539464.050961,-1456560468.9816773,-1423612597.6878371,-1388685947.2302828,-1351780408.7911265,-1312907001.1024642,-1272089292.986979,-1229364907.377088,-1184787094.7999506,-1138426358.8914113,-1090372109.8741038,-1040734313.942119,-989645096.9868104,-937260249.9513522,-883760570.2447748,-829352959.0953548,-774271178.6309822,-718776155.194551,-663155697.5756562,-607723481.5007932,-552817136.4331245,-498795259.7290012,-446033179.5670658,-394917295.8981409,-345837853.1777674,-299180046.1983686,-255313438.25387552,-214579786.89659676,-177279533.7874844,-143657426.16999975,-113887997.3757552,-88061931.72786956,-66174648.9643563,-48118716.53240944,-33681858.61029838,-22552272.638954885,-14332560.01438919,-15149179333.450994,-16421924260.160648,-17928677891.897026,-19724577698.309658,-21886264471.54401,-24522279488.396534,-27789366613.84467,-31919106794.095284,-37263688678.07817,-44379392451.64508,-54189889419.06052,-68333570853.543,-89983296184.49054,-126065748829.07845,-194589613661.99466,-358064239661.8126,-1013038566161.2008,0.0
22.75,-9642711372.521648,-9681340764.184914,-9719636113.54942,-9757573138.565311,-9795126620.704409,-9832270370.468958,-9868977191.561235,-9905218843.657751,-9940966003.729303,-9976188225.845398,-10010853899.398829,-10044930205.682878,-10078383072.751116,-10111177128.485945,-10143275651.798882,-10174640521.881895,-10205232165.425386,-10235009501.714289,-10263929885.509731,-10291949047.619194,-10319021033.053589,-10345098136.664549,-10370130836.150503,-10394067722.314308,-10416855426.449818,-10438438544.728676,-10458759559.45223,-10477758757.027086,-10495374142.515606,-10511541350.605282,-10526193552.833357,-10539261360.894592,-10550672725.851818,-10560352833.05922,-10568223992.599304,-10574205525.023975,-10578213642.17942,-10580161322.883287,-10579958183.210855,-10577510341.13358,-10572720275.240984,-10565486677.261885,-10555704298.086428,-10543263786.974508,-10528051523.619429,-10509949442.717705,-10488834850.677578,-10464580234.078424,-10437053059.472672,-10406115564.099026,-10371624537.05248,-10333431090.43149,-10291380419.955671,-10245311554.51958,-10195057094.1178,-10140442935.54495,-10081287985.240088,-10017403858.609402,-9948594565.122286,-9874656178.43612,-9795376490.7607,-9710534650.62845,-9619900783.186754,-9523235592.076956,-9420289941.9091,-9310804420.282295,-9194508878.237652,-9071121947.963226,-8940350536.499676,-8801889294.117733,-8655420055.958155,-8500611255.437296,-8337117307.82853,-8164577962.331085,-7982617620.83129,-7790844621.448396,-7588850484.836401,-7376209121.083382,-7152475994.911881,-6917187246.736659,-6669858766.976257,-6409985220.847812,-6137039020.691292,-5850469242.677176,-5549700484.543353,-5234131660.784787,-4903134731.482747,-4556053360.70508,-4192201500.137136,-3810861893.3116856,-3411284495.4942403,-2992684803.946296,-2554242092.933323,-2095097547.4618952,-1614352289.3234944,-1111065288.588488,-584251153.2276181,-32877789.046023548,544136078.4138435,1147923528.9022684,1779672228.9236042,2440627379.756176,3132094842.825201,3855444453.925152,4612113538.529166,5403610641.195579,6231519482.890622,7097503160.884645,8003308606.743745,8950771318.820507,9941820386.54522,10978483824.70899,12062894236.81089,13197294827.380505,14384045783.969782,15625631050.19385,16924665511.754784,18283902617.74936,19706242459.679768,21194740330.37709,22752615784.40298,-971876102.2291324,-955061386.5788552,-937469076.640688,-919098137.5221652,-899949976.3597736,-880028687.1308624,-899398134.8842083,-878061903.9493878,-855925720.9821223,-833003858.7620578,-809314686.3099024,-784880993.6480803,-759730320.5879368,-733895285.6848359,-707413910.6204787,-680329934.2696869,-652693109.581142,-624559475.1457206,-595991591.9438823,-567058734.263607,-537837022.1793847,-508409481.3092548,-478866013.8640583,-449303263.33329,-419824353.60114765,-390538481.9700014,-361560344.63663256,-333009372.81107605,-305008758.1267795,-277684247.55422336,-251162691.04132885,-225570329.9573736,-201030821.54910696,-177663004.4861586,-155578423.622447,-134878648.70628825,-115652442.15669464,-97972855.13970426,-81894358.55268344,-67450145.05972338,-54649768.06646439,-43477310.42828552,-33890295.38983624,-25819558.976146705,-19170289.72315831,-13824400.412765114,-9644319.918988235,-6478176.320584386,-4166185.398465973,-2547871.004340505,-1469548.2156220889,-791335.084664776,-8313669755.607406,-8628245508.067497,-8917205696.249992,-9156657039.622633,-9310890388.148289,-9325758536.240965,-9117737529.988905,-8555249145.290776,-7425420940.649849,-5371934207.96442,-1772095581.6440845,4521276761.631106,15752535197.43864,36568060958.92286,76692339176.77615,150963921005.20212,187146557840.88083,0.0
22.5,-16429426024.403685,-16560526391.544416,-16692915238.04059,-16826602974.501274,-16961599944.828308,-17097916417.035336,-17235562573.580196,-17374548501.18756,-17514884180.136703,-17656579472.98902,-17799644112.72753,-17944087690.280052,-18089919641.39596,-18237149232.84476,-18385785547.903225,-18535837471.096226,-18687313672.154232,-18840222589.148685,-18994572410.764656,-19150371057.667305,-19307626162.91721,-19466345051.386528,-19626534718.125526,-19788201805.62654,-19951352579.9289,-20115992905.505924,-20282128218.870983,-20449763500.836994,-20618903247.35905,-20789551438.886417,-20961711508.14594,-21135386306.2738,-21310578067.20825,-21487288370.250446,-21665518100.69532,-21845267408.42775,-22026535664.37414,-22209321414.69149,-22393622332.56995,-22579435167.51603,-22766755691.976406,-22955578645.15241,-23145897673.84656,-23337705270.171394,-23530992705.94109,-23725749963.553043,-23921965663.15548,-24119626985.8821,-24318719592.92136,-24519227540.171284,-24721133188.2142,-24924417107.32731,-25129057977.2255,-25335032481.211044,-25542315194.382576,-25750878465.530167,-25960692292.31723,-26171724189.32058,-26383939048.46878,-26597298991.385246,-26811763213.105618,-27027287816.59942,-27243825637.48277,-27461326058.26268,-27679734811.40224,-27898993770.441647,-28119040728.350086,-28339809162.218582,-28561227983.33395,-28783221271.59663,-29005707993.162525,-29228601700.09775,-29451810210.73631,-29675235269.323315,-29898772183.408176,-30122309437.32464,-30345728279.95377,-30568902284.8138,-30791696880.353,-31013968848.139057,-31235565786.43855,-31456325536.4611,-31676075568.30256,-31894632323.35912,-32111800509.69545,-32327372346.533222,-32541126753.67992,-32752828481.3339,-32962227175.28409,-33169056372.058563,-33373032418.06869,-33573853306.234715,-33771197422.96036,-33964722197.64273,-34154062646.150265,-34338829798.87022,-34518609003.00665,-34692958087.79255,-34861405380.15118,-35023447557.09277,-35178547319.745766,-35326130872.381256,-35465585188.07979,-35596255040.78473,-35717439781.36783,-35828389832.97097,-35928302878.25291,-36016319708.22835,-36091519699.09827,-36152915879.79018,-36199449548.806725,-36229984394.35857,-36243300066.569695,-36238085144.71354,-36212929435.87757,-36166315534.066536,-36096609560.41956,-36002050995.810135,-35880741506.46029,-35730632651.16298,-35549512345.06487,-477151605.4076559,-462175749.0759464,-446975535.820936,-431570729.9916426,-415982840.0277677,-400235156.5060436,-410093502.7839146,-393642621.3601158,-377073846.1175224,-360417850.7114348,-343707302.63575333,-326976831.4937797,-310262974.1758981,-293604093.90080154,-277040269.9472016,-260613154.8205164,-244365795.580348,-228342416.11931148,-212588157.35466743,-197148772.59753537,-182070275.8295968,-167398541.2766096,-153178853.55635372,-139455408.83167207,-126270768.85205156,-113665271.5514996,-101676404.01096344,-90338146.10302296,-79680296.00943115,-69727792.00639232,-60500048.38032841,-52010326.95311149,-44265169.28580397,-37263917.94744754,-30998357.95146872,-25452511.158658814,-20602616.616256904,-16417327.867496269,-12858153.605020523,-9880160.055472087,-7432941.687771048,-5461851.001739903,-3909458.4710544497,-2717191.011148469,-1827073.283779075,-1183473.39516799,-734736.7683898006,-434583.6328835725,-243151.3156659576,-127586.08988388946,-62132.07682798909,-27723.824015584527,2172945780.2449484,2705007852.0801587,3336048395.2861934,4085514686.5520926,4975898149.598705,6032135101.379393,7279522652.135668,8738427109.010887,10412215606.920513,12261056147.013332,14146745825.948837,15720603447.166246,16213045940.84281,14127964316.404808,7258508715.3862915,-5160515291.239013,-24872343925.762173,0.0
22.25,-20374235544.831978,-20568996706.315136,-20766402915.775944,-20966499280.258537,-21169331854.96385,-21374947667.70334,-21583394744.1285,-21794722133.766148,-22008979936.890923,-22226219332.26749,-22446492605.79666,-22669853180.101223,-22896355645.088844,-23126055789.531063,-23359010633.699444,-23595278463.10156,-23834918863.361748,-24077992756.29345,-24324562437.212418,-24574691613.54224,-24828445444.765965,-25085890583.78053,-25347095219.71308,-25612129122.26137,-25881063687.623245,-26153971986.0834,-26430928811.32908,-26712010731.569893,-26997296142.54022,-27286865322.4671,-27580800489.09037,-27879185858.825947,-28182107708.16804,-28489654437.43053,-28801916636.93323,-29118987155.743366,-29440961173.089188,-29767936272.56748,-30100012519.27384,-30437292539.9908,-30779881606.57547,-31127887722.69658,-31481421714.077457,-31840597322.410427,-32205531303.116383,-32576343527.13214,-32953157086.918297,-33336098406.889816,-33725297358.48252,-34120887380.079983,-34523005602.03712,-34931792977.048935,-35347394416.12706,-35769958930.45948,-36199639779.44508,-36636594625.2084,-37080985693.918816,-37532979944.25351,-37992749243.36364,-38460470550.72181,-38936326110.25024,-39420503651.149605,-39913196597.8731,-40414604289.713646,-40924932210.498085,-41444392228.90986,-41973202849.9901,-42511589478.39838,-43059784694.04539,-43618028540.74582,-44186568828.5743,-44765661450.64706,-45355570715.09175,-45956569693.01165,-46568940583.29536,-47192975095.17297,-47828974849.46928,-48477251799.56063,-49138128673.0988,-49811939435.62713,-50499029777.27908,-51199757623.81794,-51914493673.35072,-52643621960.12603,-53387540446.909,-54146661647.51403,-54921413281.16931,-55712238960.48634,-56519598914.912926,-57343970751.6603,-58185850256.21417,-59045752234.66592,-59924211400.23527,-60821783306.49858,-61739045329.98951,-62676597705.001175,-63635064613.58955,-64615095333.96359,-65617365450.63854,-66642578129.938354,-67691465464.64984,-68764789891.86414,-69863345688.28624,-70987960547.55194,-72139497244.36655,-73318855390.56477,-74526973288.49426,-75764829887.43889,-77033446849.12447,-78333890728.68605,-79667275277.82205,-81034763877.2083,-82437572105.5938,-83876970453.34296,-85354287188.51175,-86870911383.84703,-88428296113.34993,-90027961827.24088,-91671499914.26752,-93360576460.28616,-95096936211.87016,-203402139.4878176,-193881779.0905809,-184434017.9218755,-175075015.77617466,-165821261.974855,-156689511.5293487,-160990688.70226628,-151643841.1055174,-142459231.9620591,-133455230.46480551,-124650133.25669356,-116062043.56532244,-107708739.70925218,-99607533.28131156,-91775117.56239736,-84227407.00874929,-76979368.9883194,-70044849.31825916,-63436393.57465912,-57165066.60435032,-51240273.160808384,-45669583.102511615,-40458565.11871152,-35610633.465627074,-31126912.680788472,-27006125.66332468,-23244510.824992187,-19835774.185147997,-16771082.250413705,-14039101.228855168,-11626087.518549427,-9516033.42185158,-7690870.616663259,-6130732.026220744,-4814270.35564948,-3719028.729816791,-2821855.646302068,-2099352.987390834,-1528342.3300001489,-1086331.5496604166,-751961.1117510621,-505407.9202236643,-328724.61489446484,-206094.1965121601,-123984.10666888114,-71190.4473763806,-38771.58516691986,-19880.19223111239,-9512.61145657128,-4202.707548111849,-1692.3937080813114,-611.4313944659873,6951701074.190467,7319730663.108372,7660661421.05969,7951667371.441606,8160646081.079395,8243033794.548796,8137837246.257517,7762990482.087031,7010436435.400839,5741550534.121783,3782435753.175103,911311701.225821,-3198477203.6911354,-9193552522.733994,-18553179554.782253,-32827762463.231182,-31847340711.098534,0.0
22.0,-20263935531.99573,-20466953299.46966,-20673026061.69227,-20882213968.679684,-21094578639.17776,-21310183203.533825,-21529092348.03573,-21751372360.77634,-21977091179.10389,-22206318438.72197,-22439125524.50511,-22675585623.09964,-22915773777.382107,-23159766942.851448,-23407644046.03393,-23659486044.984512,-23915375991.971542,-24175399098.435844,-24439642802.31999,-24708196837.867733,-24981153307.9989,-25258606759.369297,-25540654260.23155,-25827395481.21792,-26118932779.17192,-26415371284.162487,-26716818989.820583,-27023386847.1456,-27335188861.93592,-27652342196.00632,-27974967272.36296,-28303187884.515743,-28637131310.11667,-28976928429.12365,-29322713846.698624,-29674626021.06068,-30032807396.526505,-30397404541.98273,-30768568295.048187,-31146453912.19836,-31531221225.13864,-31923034803.72972,-32322064125.78447,-32728483754.074432,-33142473520.90216,-33564218720.61715,-33993910310.47387,-34431745120.25346,-34877926071.09587,-35332662404.015015,-35796169918.5973,-36268671222.41404,-36750395991.71028,-37241581243.966064,-37742471622.96308,-38253319697.02851,-38774386271.16927,-39305940713.85489,-39848261299.25485,-40401635565.78717,-40966360691.89098,-41542743889.99336,-42131102819.70523,-42731766021.34881,-43345073370.99153,-43971376558.24135,-44611039588.14129,-45264439308.594025,-45931965964.84358,-46614023782.64853,-47311031581.894585,-48023423422.51735,-48751649284.73982,-49496175785.77242,-50257486935.2787,-51036084932.07901,-51832491004.74525,-52647246298.93823,-53480912814.55286,-54334074395.96793,-55207337778.95053,-56101333698.0377,-57016718058.51637,-57954173177.44644,-58914409098.524216,-59898164985.968185,-60906210603.02776,-61939347881.17288,-62998412586.52248,-64084276090.614334,-65197847253.21767,-66340074425.54255,-67511947582.91676,-68714500596.78752,-69948813656.76656,-71216015854.38681,-72517287941.27985,-73853865275.63211,-75227040972.04326,-76638169271.30374,-78088669148.1517,-79580028176.77342,-81113806675.69557,-82691642155.80971,-84315254097.58852,-85986449086.12784,-87707126335.51617,-89479283637.2245,-91305023770.77003,-93186561418.88304,-95126230633.85709,-97126492906.7439,-99189945896.6492,-101319332883.66849,-103517553016.08096,-105787672430.39812,-108132936331.87952,-110556782133.33444,-113062853761.59752,-115655017254.21808,-118337377783.86874,-77933525.86581421,-73062953.73410392,-68326468.0519213,-63730514.55347943,-59281226.37468606,-54984376.78240052,-56609930.97826083,-52295068.05266856,-48151412.1667327,-44183766.0343722,-40396330.66780427,-36792652.226688296,-33375570.84182595,-30147172.32971066,-27108743.801328,-24260734.248162623,-21602721.25615077,-19133385.04932847,-16850491.09349749,-14750882.490012782,-12830483.353883795,-11084314.291545078,-9506520.96456482,-8090416.539259182,-6828538.572584031,-5712720.567289579,-4734178.042070561,-3883608.506694522,-3151304.213727859,-2527275.9891036046,-2001385.841800886,-1563485.4444946856,-1203556.9966265056,-911852.471523241,-679026.8595905951,-496260.80452098267,-355368.0438414694,-248883.35880470523,-170127.34868052628,-113245.28626309888,-73218.56884617778,-45848.79603498736,-27716.181082214203,-16115.689391736958,-8975.813869128391,-4766.043326417566,-2399.6736461749438,-1138.5226295898358,-505.3034173066766,-207.97650082873008,-78.5529418554295,-26.87450938545959,6152872745.869691,6392924811.47709,6655504740.956916,6953053131.367696,7305070362.19012,7741617404.534053,8308420194.870214,9074346503.472221,10142634552.835108,11668901100.099558,13893878914.958958,17214069733.841713,22361871694.634796,30932256033.787704,47183387164.63894,86211567936.48895,243641555169.95782,0.0
21.75,-16015140128.753292,-16163353392.610483,-16313785362.932348,-16466481141.495726,-16621486960.544289,-16778850215.456182,-16938619498.465652,-17100844633.476076,-17265576712.00317,-17432868130.28873,-17602772627.626766,-17775345325.945435,-17950642770.690117,-18128722973.05457,-18309645453.60884,-18493471287.374973,-18680263150.40302,-18870085367.902348,-19063003963.985245,-19259086713.08216,-19458403193.090416,-19661024840.32044,-19867025006.30647,-20076479016.5512,-20289464231.276928,-20506060108.25824,-20726348267.815056,-20950412560.04764,-21178339134.3985,-21410216511.630222,-21646135658.31137,-21886190063.906963,-22130475820.573727,-22379091705.765,-22632139267.75444,-22889722914.19225,-23151950003.812977,-23418930941.41879,-23690779276.267483,-23967611804.00088,-24249548672.25409,-24536713490.093643,-24829233441.438267,-25127239402.623463,-25430866064.278248,-25740252057.69,-26055540085.84194,-26376877059.3157,-26704414237.260822,-27038307373.642822,-27378716868.990585,-27725807927.875595,-28079750722.365627,-28440720561.70824,-28808898068.51121,-29184469361.70046,-29567626246.550423,-29958566412.095783,-30357493636.24998,-30764617998.971592,-31180156103.838425,-31604331308.40661,-32037373963.75252,-32479521663.616062,-32931019503.58644,-33392120350.79461,-33863085124.602573,-34344183088.805923,-34835692155.89455,-35337899203.947235,-35851100406.76739,-36375601577.90214,-36911718529.2235,-37459777444.78904,-38020115270.74159,-38593080122.05141,-39179031706.95192,-39778341769.97031,-40391394554.508255,-41018587285.9854,-41660330676.61953,-42317049452.982735,-42989182907.54244,-43677185475.47064,-44381527338.08421,-45102695054.36272,-45841192222.08158,-46597540170.19289,-47372278684.18888,-48165966766.29166,-48979183432.42659,-49812528548.060974,-50666623705.11653,-51542113142.303246,-52439664711.364296,-53359970891.87564,-54303749857.40207,-55271746595.97967,-56264734088.06701,-57283514545.29099,-58328920713.496895,-59401817243.806496,-60503102135.58026,-61633708255.37795,-62794604936.20629,-63986799661.53203,-65211339838.72269,-66469314666.74395,-67761857103.09198,-69090145935.05786,-70455407960.50356,-71858920283.35854,-73302012729.0113,-74786070384.64966,-76312536269.37573,-77882914138.55786,-79498771426.34837,-81161742329.55087,-82873531035.01262,-84635915091.38712,-86450748924.37808,-33061481.51479227,-30896132.042877343,-28819599.552851617,-26832280.36045233,-24934306.28405882,-23125538.56426979,-23715500.971959166,-21919229.464052662,-20216302.681002952,-18605723.514343448,-17086193.464357734,-15656118.064237222,-14313615.458165232,-13056528.271688383,-11882438.864629414,-10788687.998104423,-9772396.877608502,-8830492.453662632,-7959735.770681734,-7156753.054647215,-6418069.122680642,-5740142.585421255,-5119402.199870656,-4552283.620818466,-4035265.698947259,-3564905.3901767167,-3137870.281674156,-2750967.713921426,-2401169.4943427825,-2085631.265125202,-1801705.7138883872,-1546949.0066997884,-1319120.081332224,-1116172.7628517963,-936241.045879872,-777618.3131774081,-638731.7051828059,-518113.28758432536,-414370.0432776055,-326154.9937397714,-252141.88205642696,-191005.776359076,-141411.63784998807,-102012.3191325201,-71456.62104688006,-48406.9819335076,-31565.189958333576,-19703.333497584816,-11696.217724206634,-6550.886647711526,-3428.9036604742632,-1657.809256758918,2051158152.3923807,1987218401.1547499,1913704079.4372582,1828194325.24091,1725449245.2638712,1595317892.0837135,1419291084.258081,1164801475.9175806,775637747.7667632,155259467.68281794,-863773695.4435213,-2579154983.212841,-5538938839.7519,-10777994038.481176,-20132535889.123814,-34848213750.74331,-32557705186.922806,0.0
21.5,-8866735917.32957,-8915430986.779465,-8964580318.187977,-9014190589.43712,-9064268602.323566,-9114821283.891436,-9165855687.674196,-9217378994.834654,-9269398515.191397,-9321921688.11892,-9374956083.307848,-9428509401.370316,-9482589474.274902,-9537204265.593649,-9592361870.543112,-9648070515.799225,-9704338559.064962,-9761174488.36751,-9818586921.06047,-9876584602.504364,-9935176404.396893,-9994371322.722208,-10054178475.28608,-10114607098.801617,-10175666545.487076,-10237366279.135015,-10299715870.608463,-10362724992.716871,-10426403414.420902,-10490760994.31131,-10555807673.303225,-10621553466.482649,-10688008454.037388,-10755182771.199509,-10823086597.121037,-10891730142.5988,-10961123636.55805,-11031277311.197737,-11102201385.692976,-11173906048.342922,-11246401437.043003,-11319697617.95251,-11393804562.217888,-11468732120.60225,-11544489995.860302,-11621087712.685106,-11698534585.041292,-11776839680.683891,-11856011782.647757,-11936059347.47585,-12016990459.93694,-12098812783.964369,-12181533509.527054,-12265159295.121416,-12349696205.549604,-12435149644.62258,-12521524282.39987,-12608823976.546394,-12697051687.355127,-12786209385.94837,-12876297955.132566,-12967317082.340036,-13059265144.0465,-13152139081.00437,-13245934263.579596,-13340644346.422855,-13436261111.643896,-13532774299.591078,-13630171426.26553,-13728437586.320051,-13827555240.507694,-13927503986.351288,-14028260310.704666,-14129797322.76526,-14232084465.9791,-14335087207.14806,-14438766700.907616,-14543079427.588877,-14647976802.309507,-14753404752.955357,-14859303264.513184,-14965605886.996376,-15072239203.96674,-15179122258.393848,-15286165932.30832,-15393272276.392847,-15500333785.312977,-15607232614.215958,-15713839731.414797,-15820014001.82645,-15925601195.239147,-16030432912.943012,-16134325425.663343,-16237078415.0839,-16338473610.5274,-16438273311.572697,-16536218786.51494,-16632028535.619066,-16725396407.057522,-16815989552.25746,-16903446206.094969,-16987373275.9485,-17067343722.051325,-17142893709.838476,-17213519513.053535,-17278674144.240734,-17337763686.871212,-17390143300.71536,-17435112869.138317,-17471912253.733055,-17499716118.067745,-17517628278.270023,-17524675533.643692,-17519800925.455166,-17501856366.36652,-17469594576.652637,-17421660256.228996,-17356580413.53217,-17272753763.317345,-17168439095.327349,-17041742504.390656,-26450201.474396843,-25625932.76224241,-24832535.767290045,-24068174.113640964,-23330918.334957547,-22618756.97898241,-22984903.4770097,-22263726.49272929,-21565066.00493029,-20886605.25171784,-20226001.31949397,-19580905.557309277,-18948985.5194038,-18327948.3219104,-17715565.26541235,-17109697.538421184,-16508322.77815957,-15909562.224645743,-15311708.162357915,-14713251.301119149,-14112907.70468418,-13509644.832191342,-12902706.21446812,-12291634.244344393,-11676290.51772211,-11056873.1201466,-10433930.211916994,-9808369.22328245,-9181460.930094352,-8554837.639999552,-7930484.681317185,-7310724.354048416,-6698191.480148044,-6095799.686498028,-5506697.5814518295,-4934214.062198723,-4381792.1397217605,-3852910.9219651786,-3350995.7919018613,-2879317.3984849527,-2440880.889066997,-2038307.889684812,-1673715.1046332584,-1348595.0437954983,-1063706.2215205785,-818982.0433956365,-613469.2277744542,-445307.57441439707,-311762.6206993002,-209320.53258694705,-133849.78044084564,-80826.29568061343,-1256199652.4475956,-1483467209.2982094,-1750219576.6082134,-2059614308.5378609,-2414942365.756254,-2819010706.2767987,-3272687388.0280623,-3771927226.7905197,-4302134281.574655,-4827984407.513567,-5275936619.504926,-5506992477.074916,-5285873206.776907,-4296986821.768149,-2406215383.951206,-478050543.547926,-970525.8165214957,0.0
21.25,-1029356787.2970668,-972609671.6159585,-914458362.7336016,-854868973.1573385,-793806701.3253332,-731235802.9786481,-667119561.4915161,-601420257.1159973,-534099135.0961566,-465116372.6041606,-394431044.4487296,-322001087.5041325,-247783263.8052644,-171733122.25186062,-93804958.86241594,-13951775.515152363,67874762.88941345,151724372.91263464,237648198.7808801,325698860.3827655,415930503.1395448,508398849.8318264,603161254.4690727,700276758.2936916,799806148.0150625,901812016.3742132,1006358825.144578,1113512970.6798615,1223342852.1250966,1335918942.4134474,1451313862.1772246,1569602456.70798,1690861876.107938,1815171658.7818787,1942613818.426458,2073272934.682438,2207236247.623223,2344593756.262864,2485438321.2762346,2629865772.1338067,2777975018.864835,2929868168.6739745,3085650647.648081,3245431327.803662,3409322659.737794,3577440811.16074,3749905811.60331,3926841703.607953,4108376700.730123,4294643352.694288,4485778718.068591,4681924544.842052,4883227459.310626,5089839163.700982,5301916642.985683,5519622381.369223,5743124588.952382,5972597439.111655,6208221317.161792,6450183080.902687,6698676333.688014,6953901710.689536,7216067179.072599,7485388352.839999,7762088823.147728,8046400504.944699,8338564000.839811,8638828983.155846,8947454595.187939,9264709872.74766,9590874187.140783,9926237710.798107,10271101906.855766,10625780044.06261,10990597738.47938,11365893523.527767,11752019450.046606,12149341718.118715,12558241342.544935,12979114853.964071,13412375037.744925,13858451712.917175,14317792553.55318,14790863955.171677,15278151948.902187,15780163166.328257,16297425858.119291,16830490969.764963,17379933277.943657,17946352591.288452,18530375019.56061,19132654315.503326,19753873293.926743,20394745332.87167,21056015962.012222,21738464543.78999,22442906053.12175,23170192961.892216,23921217234.83132,24696912443.78073,25498256007.77936,26326271566.83872,27182031497.733906,28066659580.605164,28981333825.643627,29927289469.61608,30905822152.46786,31918291284.71397,32966123616.787464,34050817021.93657,35173944504.64511,36337158446.86504,37542195104.57928,38790879367.32291,40085129793.24775,41426963932.07446,42818503947.7809,44261982552.06019,45759749258.36162,47314276964.60451,48928168870.299644,-34678806.88514587,-34727047.02783917,-34779129.544816114,-34832756.719903454,-34885552.8296922,-34935067.07449564,-35459921.3756693,-35498487.981607065,-35528381.41022816,-35546762.64410379,-35550728.05123595,-35537314.77642234,-35503506.71717367,-35446241.19078367,-35362416.42853484,-35248900.06747837,-35102538.850032374,-34920169.78693961,-34698633.089872055,-34434787.23585157,-34125526.586033404,-33767802.045166485,-33358645.313518703,-32895197.34782141,-32374741.708478726,-31794743.522380088,-31152894.828148168,-30447167.08574853,-29675871.61504859,-28837728.665398955,-27931945.694617324,-26958305.23099529,-25917262.381766398,-24810051.606458303,-23638801.758954257,-22406657.57791967,-21117904.72729501,-19778094.11082856,-18394159.464156624,-16974520.133253116,-15529158.47297999,-14069658.48455877,-12609189.275204342,-11162413.909566674,-9745301.657215362,-8374820.207431936,-7068485.1465125065,-5843748.308978815,-4717216.386837549,-3703708.5920909904,-2815189.3470151024,-2059650.1863138103,-2039311489.8690295,-1846874564.0812647,-1682819397.1518872,-1546886062.4936213,-1435809738.4170024,-1343156974.1921027,-1259992208.5110824,-1176937861.040801,-1088315601.6949213,-999134072.3501458,-935671518.9509772,-959951044.0963137,-1186049421.4384398,-1788000613.6587133,-2959824387.38191,-4545195542.266366,-3200545687.6987705,0.0
21.0,5146952646.11975,5273660375.633238,5402813808.386171,5534466318.213679,5668672605.318851,5805488733.164761,5944972166.488244,6087181810.472238,6232178051.113663,6380022796.825588,6530779521.313489,6684513307.766801,6841290894.407972,7001180721.443123,7164252979.459128,7330579659.313961,7500234603.568235,7673293559.507393,7849834233.805758,8029936348.884808,8213681701.019991,8401154220.251924,8592440032.159172,8787627521.552006,8986807398.14766,9190072764.289782,9397519184.77623,9609244758.861277,9825350194.499895,10045938884.903791,10271116987.480295,10500993505.227407,10735680370.659576,10975292532.341017,11219948044.104534,11469768157.036184,11724877414.30687,11985403748.934242,12251478584.559587,12523236939.325396,12800817532.940922,13084362897.02444,13374019488.81096,13669937808.316416,13972272519.048342,14281182572.354649,14596831335.50201,14919386723.57429,15249021335.282122,15585912592.773176,15930242885.531055,16282199718.4493,16641975864.164509,17009769519.728998,17385784467.70027,17770230241.719265,18163322296.644337,18565282183.30148,18976337727.90288,19396723216.17766,19826679582.24884,20266454602.277,20716303092.879566,21176487114.317665,21647276178.425465,22128947461.237125,22621786020.242893,23126085016.18167,23642145939.246864,24170278839.5518,24710802561.66245,25264044982.966347,25830343255.598965,26410044051.599228,27003503810.90696,27611088991.75247,28233176322.91619,28870153057.25712,29522417225.819893,30190377891.73217,30874455402.993195,31575081643.13329,32292700278.587585,33027767001.47636,33780749766.31748,34552129019.00925,35342397916.21652,36152062533.0632,36981642056.779625,37831668963.67261,38702689176.47209,39595262198.76258,40509961222.82299,41447373206.77388,42408098916.4586,43392752926.963486,44401963578.10368,45436372877.56165,46496636344.65591,47583422786.93364,48697414000.91337,49839304387.344055,51009800470.28451,52209620308.1342,53439492783.44985,54700156756.94765,55992360069.51032,57316858374.26984,58674413778.91161,60065793276.2195,61491766938.54225,62953105849.28578,64450579741.70204,65984954312.13396,67556988171.46255,69167429394.76152,70817011625.07712,72506449682.78622,74236434627.12877,76007628211.23396,77820656666.25192,-40077035.48016954,-40915771.61175192,-41773916.51755606,-42650522.05255048,-43544558.54729799,-44454905.16172817,-45208228.85689247,-46159627.07472717,-47125280.1948828,-48103604.95976027,-49092862.18045653,-50091138.0128156,-51096323.19663706,-52106090.127020136,-53117867.63174268,-54128813.33721658,-55135783.51902281,-56135300.35271056,-57123516.50825297,-58096177.06957991,-59048578.81188261,-59975526.93761422,-60871289.46196591,-61729549.55595282,-62543356.30741829,-63305074.55634074,-64006334.71198603,-64637983.77934416,-65190039.22743961,-65651647.84225817,-66011052.345477335,-66255569.353865735,-66371583.23356106,-66344561.60161335,-66159099.67842565,-65799002.43119486,-65247415.49472877,-64487018.22003003,-63500294.85966084,-62269902.77547462,-60779159.48479849,-59012673.04388703,-56957142.19061355,-54602353.00790278,-51942396.35083162,-48977123.00026976,-45713838.72000141,-42169215.30101764,-38371351.27728916,-34361851.206870325,-30197698.77223787,-25952571.587135646,-8003403797.194374,-7043297416.703046,-6030993406.69089,-4994883074.368903,-3971784398.9033656,-3005810684.9391556,-2145046017.2757304,-1435304059.0948563,-910960125.5928713,-584689751.431706,-441069883.37352085,-441887629.0031991,-549185198.9073315,-762857986.1059961,-1174269262.74432,-2157287385.93808,-6101783153.012733,0.0
20.75,8110372428.32147,8248732152.6806,8389321537.763236,8532182293.30996,8677357014.193176,8824889200.28938,8974823276.760172,9127204614.746468,9282079552.478802,9439495416.807138,9599500545.15248,9762144307.88237,9927477131.1118,10095550519.930182,10266417082.05448,10440130551.907969,10616745815.122915,10796318933.464724,10978907170.174208,11164569015.723207,11353364213.97778,11545353788.762032,11740600070.813671,11939166725.12153,12141118778.63292,12346522648.31734,12555446169.570698,12767958624.94251,12984130773.165472,13204034878.464968,13427744740.122995,13655335722.267796,13886884783.857872,14122470508.82482,14362173136.33634,14606074591.136238,14854258513.914057,15106810291.65209,15363817087.892773,15625367872.86341,15891553453.389437,16162466502.521463,16438201588.79332,16718855205.022415,17004525796.55384,17295313788.842674,17591321614.258553,17892653737.98671,18199416682.88898,18511719053.176785,18829671556.73473,19153387025.920784,19482980436.65397,19818568925.584534,20160271805.125263,20508210576.103622,20862508937.77529,21223292794.918324,21590690261.704185,21964831662.01759,22345849525.87081,22733878581.529022,23129055742.93321,23531520091.97428,23941412855.13535,24358877373.982662,24784059068.942688,25217105395.75992,25658165793.98097,26107391626.760128,26564936111.22552,27030954238.585365,27505602683.09003,27989039698.89608,28481425003.80395,28982919648.76144,29493685871.937977,30013886936.082542,30543686947.777943,31083250657.09653,31632743236.046803,32192330034.076286,32762176308.76155,33342446929.672943,33933306053.24692,34534916766.33207,35147440695.89713,35771037582.19752,36405864812.49008,37052076912.16697,37709824989.94071,38379256133.460976,39060512751.47041,39753731858.31728,40459044296.332245,41176573891.24403,41906436535.45599,42648739193.62852,43403578824.610405,44171041213.33765,44951199705.86544,45744113840.221634,46549827865.26539,47368369139.20261,48199746398.852646,49043947890.175446,49900939349.96062,50770661827.94679,51653029337.98865,52547926326.218445,53455204943.46825,54374682108.53196,55306136348.15921,56249304398.99973,57203877556.06435,58169497751.65662,59145753348.16959,60132174627.66314,61128228960.758896,62133315637.14727,63146760339.92719,-26050546.364278592,-27197926.95561339,-28394510.435262084,-29642211.70762597,-30943039.833622742,-32299099.098804057,-32957780.41049591,-34418300.19721944,-35941423.42401861,-37529685.17087585,-39185719.87920904,-40912257.83354504,-42712120.083096586,-44588211.494908445,-46543511.57144261,-48581062.59550196,-50703954.58218133,-52915306.41865327,-55218242.45517563,-57615863.67136791,-60111212.37657471,-62707229.207360245,-65406700.953420624,-68212197.46913472,-71125995.60431737,-74149987.70613869,-77285571.79524685,-80533519.9924665,-83893821.15685251,-87365492.9798142,-90946357.9523985,-94632776.674403,-98419330.899671,-102298447.51433052,-106259953.33989644,-110290549.2790966,-114373190.95225582,-118486361.73427662,-122603223.209496,-126690627.85519196,-130707979.778648,-134605932.38952824,-138324918.2356686,-141793517.73395142,-144926692.95349753,-147623943.9976792,-149767494.70600924,-151220689.58401382,-151826896.39056444,-151409373.63336444,-149772797.83903688,-146707471.91950902,-28345626333.604782,-28287793000.35206,-27878269429.65981,-27040819133.473278,-25697993404.65172,-23781294111.610516,-21248794721.03483,-18112956730.584045,-14479873728.536322,-10595147774.837748,-6876249738.337377,-3883218279.7365885,-2156021227.4163833,-1912033443.0823739,-2862417169.027031,-4289324891.159534,-2852143452.841362,0.0
20.5,7638007007.601942,7735983588.762646,7835023851.34184,7935137239.7389345,8036333155.080878,8138620947.071939,8242009905.379799,8346509250.534962,8452128124.319347,8558875579.618558,8666760569.711384,8775791936.968763,8885978400.932835,8997328545.74564,9109850806.895388,9223553457.24675,9338444592.319893,9454532114.781609,9571823718.109648,9690326869.3901,9810048791.205292,9930996442.567894,10053176498.854889,10176595330.692673,10301258981.742434,10427173145.332632,10554343139.882648,10682773883.05964,10812469864.60718,10943435117.782196,11075673189.333494,11209187107.951952,11343979351.119663,11480051810.281883,11617405754.26226,11756041790.838203,11895959826.38989,12037159023.532215,12179637756.63567,12323393565.137474,12468423104.540531,12614722094.993591,12762285267.34106,12911106306.527231,13061177792.234123,13212491136.628138,13365036519.085754,13518802817.763138,13673777537.87004,13829946736.50336,13987294943.890102,14145805080.885002,14305458372.562708,14466234257.73919,14628110294.252625,14791062059.828428,14955063048.34904,15120084561.34414,15286095594.513048,15453062719.086868,15620949957.834827,15789718655.515968,15959327343.575144,16129731598.880783,16300883896.300535,16472733454.911833,16645226077.645157,16818303984.160694,16991905636.763294,17165965559.16649,17340414147.924362,17515177476.36058,17690177090.836315,17865329799.215477,18040547451.40438,18215736711.866627,18390798824.04132,18565629366.62563,18740118001.720364,18914148214.88216,19087597047.17705,19260334819.389465,19432224848.609715,19603123157.50033,19772878176.632328,19941330440.383537,20108312277.00779,20273647493.61565,20437151056.956,20598628771.05704,20757876952.975857,20914682108.11985,21068820606.84537,21220058364.31002,21368150525.860493,21512841160.57857,21653862965.990784,21790936987.37541,21923772355.57728,22052066047.774925,22175502676.23873,22293754310.77954,22406480341.32457,22513327387.873043,22613929265.992493,22707907017.02069,22794869013.25158,22874411149.61241,22946117134.697567,23009558895.520405,23064297111.99076,23109881898.93499,23145853655.457703,23171744103.615486,23187077540.739887,23191372332.32849,23184142675.22092,23164900663.808628,23133158695.294773,23088432253.52752,23030243114.678585,12808647.057370543,12438004.53100978,12031775.215129483,11587375.752010887,11102008.34232787,10572642.049779056,10603613.877571126,10003687.620233128,9350240.144252343,8639143.570363576,7865912.40171584,7025669.796949454,6113110.216253896,5122458.018640887,4047421.5378158856,2881142.10694076,1616137.4385388077,244238.69408293537,-1243479.502328744,-2856776.9410615982,-4606334.52865989,-6503850.857248699,-8562149.80420676,-10795300.45416054,-13218750.773599245,-15849476.613057766,-18706147.75869346,-21809312.897343155,-25181605.48607398,-28847972.61243893,-32835928.97055087,-37175838.0243128,-41901222.2292742,-47049103.76073056,-52660376.43465644,-58780208.245881,-65458471.94733843,-72750198.01213661,-80716039.66031119,-89422732.67590953,-98943522.44569886,-109358515.5052598,-120754890.6796865,-133226872.44404425,-146875321.7132601,-161806730.04217982,-178131302.1350001,-195959663.9533584,-215397518.1951413,-236537254.5817666,-259445065.1821944,-284141453.73478645,-39215084574.06682,-44128642585.77279,-49566562734.76003,-55535075867.07354,-62001916802.7179,-68867434863.1683,-75918116955.49197,-82753454651.12428,-88675307125.85402,-92533629605.81439,-92551933826.57205,-86263123286.27637,-70999362491.94925,-46053616470.84334,-17793396084.962868,-1690973556.2047567,-375809.8519678651,0.0
20.25,4732173983.418186,4764752461.163186,4797064199.771659,4829089182.480183,4860806642.356591,4892195036.65043,4923232020.281139,4953894418.435736,4984158198.246971,5013998439.522112,5043389304.491666,5072304006.546426,5100714777.930294,5128592836.355683,5155908350.507101,5182630404.397637,5208726960.542521,5234164821.912351,5258909592.628339,5282925637.360434,5306176039.388478,5328622557.285832,5350225580.183439,5370944081.571958,5390735571.59831,5409556047.812195,5427359944.317425,5444100079.281855,5459727600.758972,5474191930.773542,5487440707.622934,5499419726.344903,5510072877.302351,5519342082.834728,5527167231.92555,5533486112.834951,5538234343.645975,5541345300.673365,5542750044.683244,5542377244.872582,5540153100.557392,5536001260.519175,5529842739.959823,5521595835.016052,5511176034.785657,5498495930.819124,5483465124.032126,5465990128.996202,5445974275.56747,5423317607.816099,5397916780.222225,5369664951.108022,5338451673.2797165,5304162781.858068,5266680279.281525,5225882217.471944,5181642577.160098,5133831144.375499,5082313384.113594,5026950311.203206,4967598358.40705,4904109241.800512,4836329823.486003,4764101971.714956,4687262418.50498,4605642614.856773,4519068583.694517,4427360770.673901,4330333893.024988,4227796786.6216936,4119552251.496728,4005396896.050874,3885120980.237416,3758508258.037817,3625335819.583408,3485373933.319131,3338385888.6509485,3184127839.567733,3022348649.7819533,2852789739.990892,2675184937.923528,2489260331.9054966,2294734128.748156,2091316516.847,1878709535.460303,1656606951.231124,1424694143.1152744,1182647996.9851108,930136811.2942796,666820215.312241,392349101.5710873,106365574.30930564,-191497084.14928684,-501614426.97891706,-824370834.1203922,-1160159478.7690198,-1509382266.4164314,-1872449743.5669608,-2249780973.02141,-2641803372.3788905,-3048952512.1492205,-3471671869.595571,-3910412534.13548,-4365632859.821558,-4837798060.0970335,-5327379739.676517,-5834855358.037982,-6360707618.627598,-6905423777.47202,-7469494864.463909,-8053414810.133306,-8657679470.237993,-9282785539.99854,-9929229349.26504,-10597505529.329111,-11288105541.479782,-12001516056.742794,-12738217175.524492,-13498680475.09878,-14283366872.008295,-15092724285.48038,57722941.21041428,58844765.30791509,59996984.54427127,61180639.53115836,62396804.28094704,63646586.24864684,64657227.90313382,65981347.21585693,67343073.37778369,68743687.64458433,70184503.09356497,71666861.9166158,73192131.75307575,74761700.85744083,76376971.85501444,78039353.78791474,79750252.09232889,81511056.07305807,83323123.35014567,85187760.64083718,87106200.10340555,89079570.30129406,91108860.638717,93194877.86225282,95338192.90414327,97539075.94529626,99797417.0777298,102112629.31915508,104483529.939565,106908195.05226468,109383781.13510652,111906305.49561492,114470375.56080677,117068854.10334684,119692443.89956167,122329170.56463182,124963736.03221844,127576706.79639204,130143489.85794352,132633034.25848275,135006175.65495536,137213513.4685963,139192671.70482254,140864741.20301563,142129626.44495445,142859914.70614505,142892735.24128196,142018860.21339017,139967984.98689407,136388663.50467277,130820687.12634312,122656659.75370751,32297002261.68428,30235470315.63363,27728583051.297234,24577647163.539764,20476311457.195366,14955436816.522444,7298353780.067968,-3592930863.420597,-19415987975.987602,-42835580557.65084,-78115061259.72293,-132184094661.87187,-216237437782.5583,-346771648592.0302,-536462506682.6924,-711290166546.2472,-341863644039.3882,0.0
20.0,1178184819.202216,1150421943.0908136,1121536563.4871435,1091498251.3986957,1060275795.824553,1027837183.7475792,994149579.6304656,959179304.404994,922891813.9439592,885251677.0049689,846222552.6354074,805767167.0275867,763847289.8133011,720423709.7868195,675456210.0453761,628903542.536166,580723401.9990747,530872399.2940185,479306034.1023104,425978666.99115896,370843490.8306167,313852501.55260634,254956468.2415154,194104902.5462258,131246027.40355612,66326745.06343007,-707395.5937187672,-69912232.45648408,-141345024.3078587,-215064485.6846447,-291130822.4791937,-369605768.290874,-450552621.5343015,-534036283.3109121,-620123296.0497205,-708881882.9224706,-800381988.037935,-894695317.4188236,-991895380.764758,-1092057534.0031672,-1195259022.629489,-1301579025.8371067,-1411098701.4362848,-1523901231.560435,-1640071869.1569462,-1759697985.258706,-1882869117.0312767,-2009677016.5893736,-2140215700.575271,-2274581500.490401,-2412873113.770131,-2555191655.590665,-2701640711.3954086,-2852326390.1273603,-3007357378.1528187,-3166844993.860306,-3330903242.918236,-3499648874.1735554,-3673201436.173064,-3851683334.288731,-4035219888.428033,-4223939391.310522,-4417973167.292046,-4617455631.719376,-4822524350.798929,-5033320101.965604,-5249986934.740177,-5472672232.067706,-5701526772.132971,-5936704790.65551,-6178364043.672951,-6426665870.829587,-6681775259.197447,-6943860907.668292,-7213095291.969299,-7489654730.371205,-7773719450.176974,-8065473655.10117,-8365105593.676104,-8672807628.850517,-8988776308.981188,-9313212440.457111,-9646321162.241495,-9988312022.66858,-10339399058.891577,-10699800879.445517,-11069740750.466003,-11449446686.191517,-11839151544.476845,-12239093128.156712,-12649514293.22608,-13070663064.94716,-13502792763.154943,-13946162138.215914,-14401035519.300764,-14867682976.862928,-15346380501.476414,-15837410201.47836,-16341060522.191189,-16857626489.868244,-17387409983.920334,-17930720041.445053,-18487873198.59965,-19059193873.94008,-19645014799.49992,-20245677506.10992,-20861532870.273266,-21492941730.820736,-22140275584.58582,-22803917371.474464,-23484262360.572025,-24181719150.34442,-24896710797.57141,-25629676091.41397,-26381070990.989395,-27151370247.029514,-27941069230.65889,-28750685995.082573,-29580763599.053032,-30431872724.437824,-31304614624.07769,74462648.71818928,76320323.48038507,78248083.06773353,80249637.0710305,82328952.8368128,84490277.82617727,85944185.96798618,88266106.13567187,90683980.13040651,93203407.97124894,95830419.74835162,98571516.77577132,101433717.4586112,104424608.5051695,107552402.21076465,110826000.6523403,114255067.76502626,117850110.42740089,121622569.86604834,125584924.90796252,129750808.8686807,134135142.17372333,138754283.18223864,143626200.1288228,148770667.6401816,154209491.94027027,159966769.659767,166069186.15036187,172546360.41940436,179431245.3082861,186760593.4199877,194575501.6644995,202922050.27672288,211852055.9580208,221423963.6513197,231703907.71929204,242766981.41473705,254698764.138531,267597169.93528613,281574699.1748776,296761200.0796355,313307280.0393153,331388551.86839944,351210962.1437127,373017534.5737663,397096981.42357296,423794805.9785633,453527762.66795695,486802895.61489534,524242899.1385754,566620328.6291854,614904391.1705375,-222182456999.25815,-243329943817.24207,-268060907198.69562,-297287437681.5415,-332243399458.5037,-374634846449.25916,-426881173008.55945,-492516568116.521,-576888647992.9202,-688440535434.3383,-841221007806.7344,-1060213157495.7505,-1393890123350.1743,-1948259809997.501,-2999759950876.945,-5511021861180.18,-15587540778553.422,0.0
19.75,-954274531.7934932,-1012346973.6349946,-1071704567.9544008,-1132371180.89356,-1194371056.438131,-1257728819.213472,-1322469477.1057117,-1388618423.6938975,-1456201440.4779162,-1525244698.8864074,-1595774762.0479407,-1667818586.307768,-1741403522.4718118,-1816557316.758309,-1893308111.4367363,-1971684445.1325448,-2051715252.775232,-2133429865.1660087,-2216858008.140428,-2302029801.299799,-2388975756.2843018,-2477726774.559237,-2568314144.684377,-2660769539.035429,-2755125009.944642,-2851412985.226422,-2949666263.05225,-3049918006.1374865,-3152201735.201065,-3256551321.657304,-3363000979.4974146,-3471585256.3164663,-3582339023.439476,-3695297465.098734,-3810496066.6122494,-3927970601.5112495,-4047757117.562667,-4169891921.630329,-4294411563.3165865,-4421352817.323718,-4550752664.472346,-4682648271.311903,-4817076968.255714,-4954076226.171149,-5093683631.352961,-5235936858.805325,-5380873643.756353,-5528531751.325908,-5678948944.265686,-5832162948.688259,-5988211417.699306,-6147131892.845427,-6308961763.287838,-6473738222.610128,-6641498223.166721,-6812278427.876743,-6986115159.366673,-7163044346.363894,-7343101467.242084,-7526321490.618498,-7712738812.903227,-7902387192.699556,-8095299681.955594,-8291508553.767475,-8491045226.735966,-8693940185.779802,-8900222899.311487,-9109921732.684616,-9323063857.82483,-9539675158.961964,-9759780134.385902,-9983401794.155228,-10210561553.695738,-10441279123.234272,-10675572393.023678,-10913457314.326366,-11154947776.136787,-11400055477.638374,-11648789796.406715,-11901157652.38968,-12157163367.71596,-12416808522.406227,-12680091806.08717,-12947008865.836342,-13217552150.316948,-13491710750.395714,-13769470236.474052,-14050812492.802998,-14335715549.0971,-14624153409.809544,-14916095881.482697,-15211508398.64434,-15510351848.779148,-15812582396.969786,-16118151310.870388,-16427004786.748356,-16739083777.407936,-17054323822.891428,-17372654884.939747,-17694001186.284904,-18018281055.94097,-18345406781.758137,-18675284471.60444,-19007813924.64265,-19342888514.273243,-19680395084.41771,-20020213860.91861,-20362218379.93037,-20706275435.268257,-21052245046.765343,-21399980451.76032,-21749328121.893463,-22100127807.422832,-22452212611.27965,-22805409095.054066,-23159537419.032097,-23514411518.27942,-23869839316.576286,-24225622979.73408,-24581559209.449444,-24937439578.352886,46414897.39019962,47382064.88516587,48376615.45177373,49399445.06639637,50451476.21851447,51533657.40148744,52414445.30191857,53564191.17999188,54747498.98850874,55965439.541702144,57219103.66849664,58509598.79864998,59838044.615351565,61205567.5914029,62613294.1912039,64062342.478718266,65553811.820726685,67088770.31291262,68668239.48099184,70293175.71679881,71964447.79561679,73682809.68046111,75448867.64421275,77263040.52197997,79125511.63146982,81036170.55224207,82994542.51414011,84999702.58269325,87050171.1073955,89143785.96758227,91277545.94345036,93447417.96710752,95648098.9498894,97872720.17462008,100112478.6638606,102356175.1860038,104589632.22745684,106794956.77293828,108949601.3110865,111025161.0255168,112985824.11099376,114786363.4121047,116369518.0522293,117662559.01443335,118572756.41236071,118981359.20000216,118735546.68541658,117637595.12808196,115430191.30188526,111776371.49239492,106231896.8255481,98206881.27537438,29365339283.042313,27341520195.112854,24866689844.6201,21740040269.15416,17656002125.30475,12152084451.676193,4528971700.810444,-6275349370.969623,-21890368533.67762,-44856043416.877846,-79205154716.34734,-131425802898.45909,-211824124936.1991,-335036367791.7601,-509993492148.3981,-659046683363.534,-295930903646.08655,0.0
19.5,-308333821.5262512,-350454031.7959306,-393275223.2261069,-436804165.6414665,-481047563.8647996,-526012050.4074466,-571704177.8203783,-618130410.6931847,-665297117.2876081,-713210560.7918762,-761876890.1817855,-811302130.6738181,-861492173.7552847,-912452766.775846,-964189502.0844468,-1016707805.6950598,-1070012925.4641885,-1124109918.76248,-1179003639.622373,-1234698725.3430188,-1291199582.533256,-1348510372.572772,-1406634996.470935,-1465577079.1023798,-1525339952.7975173,-1585926640.2656786,-1647339836.8279366,-1709581891.9359145,-1772654789.9521325,-1836560130.1669648,-1901299106.0262103,-1966872483.542797,-2033280578.8652847,-2100523234.97486,-2168599797.481938,-2237509089.492464,-2307249385.513082,-2377818384.363553,-2449213181.063648,-2521430237.6608987,-2594465352.964328,-2668313631.1484027,-2742969449.189962,-2818426423.09994,-2894677372.9101133,-2971714286.3738766,-3049528281.338395,-3128109566.743924,-3207447402.204408,-3287530056.121429,-3368344762.281688,-3449877674.885851,-3532113821.954323,-3615037057.052727,-3698630009.276993,-3782874031.4349017,-3867749146.357136,-3953233991.2673655,-4039305760.136207,-4125940143.9393854,-4213111268.735114,-4300791631.469497,-4388952033.412605,-4477561511.120197,-4566587264.807927,-4655994584.015851,-4745746770.430407,-4835805057.720085,-4926128528.227492,-5016674026.346556,-5107396068.397236,-5198246748.791847,-5289175642.267033,-5380129701.932219,-5471053152.860072,-5561887380.915603,-5652570816.488224,-5743038812.755298,-5833223518.064548,-5923053741.977937,-6012454814.468107,-6101348437.701671,-6189652529.779411,-6277281059.731924,-6364143872.988704,-6450146506.44883,-6535189992.180559,-6619170648.664433,-6701979858.368337,-6783503830.301691,-6863623346.038172,-6942213487.5197525,-7019143344.757572,-7094275701.324577,-7167466695.288502,-7238565452.958746,-7307413692.513116,-7373845294.227887,-7437685833.651506,-7498752073.6355,-7556851410.659733,-7611781270.358219,-7663328446.559827,-7711268377.498122,-7755364352.11029,-7795366638.52609,-7831011525.936519,-7862020270.017925,-7888097930.958104,-7908932091.876101,-7924191444.031378,-7933524223.66683,-7936556483.606896,-7932890180.818214,-7922101059.016446,-7903736303.047323,-7877311939.158558,-7842309952.386784,-7798175089.082587,-7744311309.057333,-7680077847.925931,-4960975.218930942,-5535413.924711861,-6145921.715838333,-6795036.61986558,-7485497.085123924,-8220259.47457724,-8447842.3673267,-9256276.127217762,-10118204.404967448,-11037613.588495312,-12018824.234672964,-13066522.437125923,-14185794.55336742,-15382165.699872715,-16661642.477725051,-18030760.45262084,-19496636.98208573,-21067030.06048836,-22750403.93956296,-24556002.37925554,-26493930.49114701,-28575246.25445104,-30812062.91197873,-33217663.58891553,-35806629.61775665,-38594984.19324754,-41600353.11363276,-44842144.476657465,-48341749.27226834,-52122764.82199647,-56211242.91872811,-60635964.264355496,-65428740.30743212,-70624742.73635624,-76262859.52762228,-82386074.36091544,-89041863.08092614,-96282596.27149352,-104165930.29640768,-112755159.49052744,-122119488.34415288,-132334162.81161898,-143480371.89883202,-155644791.07477915,-168918583.06295165,-183395592.51731947,-199169359.5817601,-216328420.23087156,-234949140.37027225,-255085021.07197207,-276750981.1086531,-299900528.9452017,-37427114347.3785,-41798153875.271194,-46588184271.243385,-51784986409.47797,-57336823762.281685,-63126068707.747574,-68928285972.08992,-74350584545.33702,-78743717190.26561,-81091105652.8941,-79912220567.33316,-73322992302.17993,-59665048908.30593,-39588981896.91311,-20173054153.191372,-15704890933.840996,-41685862764.1078,0.0
19.25,2231452372.4041023,2237858830.1473274,2244594515.5093327,2251674655.6404395,2259114988.509192,2266931777.555526,2275141826.7008743,2283762495.72106,2292811715.987194,2302308006.580124,2312270490.783469,2322718912.960279,2333673655.8181067,2345155758.0669937,2357186932.474712,2369789584.3231564,2382986830.2696605,2396802517.6164613,2411261243.9912143,2426388377.441101,2442210076.9424963,2458753313.3275995,2476045890.629067,2494116467.842863,2512994581.108916,2532710666.3085985,2553296082.076933,2574783133.226983,2597205094.582536,2620596235.2145586,2644991843.075554,2670428250.024896,2696942857.2369947,2724574160.9827003,2753361778.7729588,2783346475.8521924,2814570192.027046,2847076068.8145986,2880908476.8919067,2916113043.82686,2952736682.068036,2990827617.16883,3030435416.2185464,3071611016.450431,3114406753.993678,3158876392.7330937,3205075153.237066,3253059741.7103386,3302888378.9247065,3354620829.0761347,3408318428.512484,3464044114.271264,3521862452.3614755,3581839665.718107,3644043661.751976,3708544059.410957,3775412215.66194,3844721251.295239,3916546075.945308,3990963412.212832,4068051818.764096,4147891712.273412,4230565388.063383,4316157039.286427,4404752774.477772,4496440633.296819,4591310600.2585335,4689454616.240501,4790966587.5335045,4895942392.184531,5004479883.36002,5116678889.4345045,5232641210.484894,5352470610.843511,5476272807.3330765,5604155452.774388,5736228114.321503,5872602246.139835,6013391155.899506,6158709964.508143,6308675558.455265,6463406534.08168,6623023133.023596,6787647168.009584,6957401938.110083,7132412132.451376,7312803721.309144,7498703833.388484,7690240617.977518,7887543090.527449,8090740960.063286,8299964436.662708,8515344017.054685,8737010246.182156,8965093452.340322,9199723453.242573,9441029230.074718,9689138566.272146,9944177647.3887,10206270618.015747,10475539091.249624,10752101605.687994,11036073024.35529,11327563869.30404,11626679584.904804,11933519722.011992,12248177034.263622,12570736476.727758,12901274095.931637,13239855798.983994,13586535988.00928,13941356044.43074,14304342645.746098,14675505895.304688,15054837243.190762,15442307173.60637,15837862631.093184,16241424154.488417,16652882683.629742,17072095999.449646,17498884753.17006,-41304170.814785816,-42559925.865444005,-43857111.77346278,-45197232.5216566,-46581843.40012386,-48012550.055216834,-48982055.085746616,-50508884.28341998,-52087449.525818415,-53719578.45425883,-55407137.04098014,-57152022.43716852,-58956153.79395395,-60821460.6649615,-62749868.53081361,-64743280.90653701,-66803557.400423445,-68932486.9856111,-71131755.62140161,-73402907.2178096,-75747296.77164988,-78166034.31310877,-80659918.08581315,-83229355.13873601,-85874267.23327224,-88593979.66290247,-91387090.24712647,-94251315.39951584,-97183309.7895271,-100178455.7327997,-103230618.07739912,-106331860.0387979,-109472115.2272653,-112638811.08631098,-115816439.23461445,-118986068.94206432,-122124801.40988477,-125205165.00137424,-128194455.5573188,-131054032.09297729,-133738587.43787284,-136195427.02955073,-138363808.87668705,-140174426.08269706,-141549153.53816012,-142401236.81068805,-142636179.58600858,-142153693.4726766,-140851219.2953161,-138629721.78662562,-135402708.54832393,-131109732.77909777,-23032248681.25969,-22663108277.330612,-21975343772.27168,-20915362244.66607,-19433955430.061794,-17495387687.60421,-15091223452.425894,-12259250171.219166,-9105233609.535025,-5818902822.470553,-2663699945.085805,94189159.64453448,2343307268.221801,4292537153.4927535,6276339299.157145,7360377252.520532,2548137189.53666,0.0
19.0,3617892996.419664,3656267806.214497,3695465767.662616,3735507679.4917727,3776414854.246972,3818209130.568965,3860912885.7571135,3904549048.623448,3949141112.6447535,3994713149.419808,4041289822.439172,4088896401.1750727,4137558775.499236,4187303470.4368815,4238157661.265146,4290149188.964821,4343306576.034324,4397659042.675429,4453236523.360427,4510069683.790937,4568189938.258994,4627629467.421401,4688421236.498915,4750599013.912331,4814197390.368002,4879251798.406088,4945798532.42525,5013874769.198415,5083518588.894718,5154768996.623743,5227665944.518872,5302250354.377474,5378564140.876679,5456650235.384444,5536552610.386801,5618316304.553326,5701987448.464123,5787613291.023047,5875242226.583351,5964923822.813485,6056708849.332519,6150649307.146498,6246798458.918957,6345210860.110974,6445942391.028425,6549050289.816419,6654593186.443782,6762631137.722879,6873225663.413467,6986439783.462332,7102338056.433867,7220986619.190792,7342453227.887936,7466807300.346487,7594119959.880859,7724464080.655005,7857914334.650836,7994547240.336766,8134441213.130909,8277676617.759843,8424335822.621473,8574503256.267742,8728265466.131489,8885711179.630798,9046931367.793612,9212019311.555592,9381070670.895763,9554183556.986076,9731458607.544044,9912999065.59168,10098910861.838688,10289302700.924356,10484286151.769758,10683975742.31115,10888489058.90532,11097946850.72026,11312473139.448076,11532195334.703009,11757244355.495604,11987754758.204388,12223864871.4997,12465716938.71016,12713457268.161652,12967236392.061354,13227209234.546122,13493535289.565556,13766378809.326157,14045909004.083944,14332300254.140568,14625732334.971855,14926390656.499157,15234466517.603989,15550157377.085814,15873667142.372755,16205206477.417028,16544993131.342447,16893252289.561676,17250216949.249123,17616128321.24204,17991236260.652256,18375799728.704662,18770087288.58142,19174377638.34536,19588960184.347466,20014135658.896744,20450216786.390404,20897529002.57799,21356411232.168846,21827216730.59972,22310313996.466484,22806087761.904404,23314940069.085754,23837291442.01008,24373582163.905807,24924273671.86457,25489850081.812767,26070819858.616978,26667717648.049507,27281106289.5447,27911579031.19528,28559761971.31645,-43597230.75827284,-44457741.13002063,-45327257.63231248,-46204842.973846026,-47089450.32269252,-47979915.12124754,-48906154.57946933,-49827677.529717065,-50752698.231447935,-51679535.71628989,-52606339.19902959,-53531076.56048117,-54451522.4160536,-55365245.82785347,-56269597.73945498,-57161698.23836986,-58038423.78252555,-58896394.5645344,-59731962.23209348,-60541198.23536969,-61319883.13353301,-62063497.26336646,-62767213.25347905,-63425890.957914926,-64034075.48187416,-64585999.07750648,-65075587.79497092,-65496473.87589639,-65842014.96145767,-66105321.23775698,-66279291.63052432,-66356660.05034381,-66330052.42217306,-66192054.72792155,-65935291.43328919,-65552512.29787181,-65036683.4536875,-64381075.46578259,-63579336.422108896,-62625531.336825125,-61514119.46925223,-60239827.4440883,-58797356.80604623,-57180837.85566375,-55382904.66853845,-53393215.71224134,-51196176.18115926,-48767526.88685064,-46069344.29710657,-43042840.82573319,-39598158.258050896,-35600107.78442457,-4227297464.228094,-3627910833.274899,-3026017884.228901,-2442040321.0056696,-1899542510.3953896,-1423603835.483378,-1038108964.875998,-762116162.9413446,-606189726.4169719,-570723467.6105611,-649406964.4939513,-840918083.0762835,-1169969295.1115036,-1721413814.9106069,-2732998217.9039164,-5063724325.324047,-14327302837.83117,0.0
18.75,1610620854.600133,1634644061.7535882,1659032057.1836078,1683787844.9046028,1708914311.570862,1734414217.555331,1760290187.617986,1786544701.1477473,1813180081.9610543,1840198487.639684,1867601898.3898475,1895392105.4037287,1923570698.704193,1952139054.452427,1981098321.697725,2010449408.5477707,2040192967.7369845,2070329381.569672,2100858746.2139192,2131780855.3211367,2163095182.9454293,2194800865.7358274,2226896684.373546,2259381044.225327,2292251955.182904,2325507010.6574163,2359143365.696602,2393157714.191184,2427546265.1357937,2462304717.9083624,2497428236.530551,2532911422.870476,2568748288.7473683,2604932226.896377,2641455980.7500896,2678311612.991684,2715490472.832858,2752983161.9679217,2790779499.15349,2828868483.3612776,2867238255.449437,2905876058.295648,2944768195.33304,2983899987.427535,3023255728.0329,3062818636.5569754,3102570809.8701262,3142493171.883929,3182565421.12516,3222765976.227228,3263071919.257647,3303458936.796977,3343901258.6809216,3384371594.3135567,3424841066.4557724,3465279142.388664,3505653562.347476,3545930265.1169577,3586073310.6741686,3626044799.759801,3665804790.253605,3705311210.224007,3744519767.515977,3783383855.735063,3821854456.4789953,3859880037.661142,3897406447.763124,3934376805.846057,3970731387.141858,4006407504.037646,4041339382.257269,4075458032.034591,4108691114.063376,4140962799.998061,4172193627.2688656,4202300347.96316,4231195771.512868,4258788600.915044,4284983262.199265,4309679726.841713,4332773326.810751,4354154561.913764,4373708899.09856,4391316563.345795,4406852319.771278,4420185246.53826,4431178498.160624,4439689058.757597,4445567484.799583,4448657636.862448,4448796399.885266,4445813391.402081,4439530657.193843,4429762353.781008,4416314417.15025,4398984217.081539,4377560196.41279,4351821494.54981,4321537554.498524,4286467712.664556,4246360770.632597,4200954548.1037207,4149975416.1337786,4093137809.779368,4030143719.220214,3960682158.387255,3884428610.0849776,3801044446.553689,3710176324.372744,3611455552.558632,3504497432.662228,3388900569.617032,3264246152.034243,3130097200.5806384,2985997783.0115128,2831472194.361736,2666024100.724023,2489135644.9635377,2300266512.632061,2098852956.252745,1884306776.049312,-20731124.56432733,-20854010.467832528,-20973960.975298904,-21090306.059909195,-21202312.56126809,-21309180.774467763,-21754904.62948076,-21843946.0955676,-21925978.163413446,-21999969.917739328,-22064806.6320258,-22119286.93116013,-22162120.436178897,-22191926.027197637,-22207230.88417223,-22206470.492551345,-22187989.832933377,-22150046.01155847,-22090812.633148864,-22008386.27098606,-21900795.453447152,-21766012.664530072,-21601969.952192597,-21406578.857998032,-21177755.531825945,-20913452.08599977,-20611695.48723444,-20270635.600044858,-19888604.40566113,-19464188.95853202,-18996321.352119766,-18484389.90648884,-17928377.042931736,-17329030.98509349,-16688080.670285042,-16008506.27031196,-15294881.781142429,-14553811.614759844,-13794490.514605513,-13029426.093295624,-12275376.767322848,-11554576.05957847,-10896338.79023644,-10339177.753516072,-9933603.957162146,-9745843.159196474,-9862781.19371136,-10398556.797809776,-11503361.511110768,-13375192.193157312,-16275546.279071134,-20550370.726093534,1645228118.7273455,1659250165.4023604,1624595524.9095464,1541575218.7593718,1413786191.7668858,1249078616.8495517,1060573210.9910583,867597452.7080488,696236924.602952,578899615.3024877,552011118.4452512,651323764.9382861,906114773.7201982,1332455726.9659123,1889332068.3352895,2174246561.300428,708034654.1715348,0.0
18.5,-2876159522.126299,-2889725189.7769413,-2903489849.6421404,-2917461135.986209,-2931646986.5584326,-2946055653.535448,-2960695714.8266835,-2975576085.7538795,-2990706031.115942,-3006095177.650863,-3021753526.9064755,-3037691468.532309,-3053919794.00513,-3070449710.8008304,-3087292857.02604,-3104461316.5227146,-3121967634.45968,-3139824833.425189,-3158046430.03495,-3176646452.070511,-3195639456.1631,-3215040546.0384417,-3234865391.338462,-3255130247.035992,-3275851973.4591646,-3297048056.9423294,-3318736631.12084,-3340936498.8873286,-3363667155.027548,-3386948809.5540133,-3410802411.7563896,-3435249674.987566,-3460313102.204915,-3486016012.286626,-3512382567.1432004,-3539437799.6447115,-3567207642.3846374,-3595718957.3015404,-3624999566.1801167,-3655078282.053485,-3685984941.52897,-3717750438.059799,-3750406756.185616,-3783987006.764805,-3818525463.222088,-3854057598.834956,-3890620125.0827966,-3928251031.0828633,-3966989624.137273,-4006876571.415634,-4047953942.797825,-4090265254.901756,-4133855516.320944,-4178771274.0969214,-4225060661.4514017,-4272773446.803295,-4321961084.09557,-4372676764.456906,-4424975469.223073,-4478914024.342713,-4534551156.192275,-4591947548.8243885,-4651165902.673989,-4712270994.745979,-4775329740.308256,-4840411256.113255,-4907586925.170993,-4976930463.096272,-5048517986.052157,-5122428080.311506,-5198741873.458012,-5277543107.247789,-5358918212.152148,-5442956383.602018,-5529749659.954295,-5619393002.200231,-5711984375.436087,-5807624832.116765,-5906418597.113216,-6008473154.595809,-6113899336.766708,-6222811414.466207,-6335327189.680323,-6451568089.979837,-6571659264.925181,-6695729684.476022,-6823912239.451289,-6956343844.092232,-7093165540.791154,-7234522607.059664,-7380564664.824112,-7531445792.152888,-7687324637.540287,-7848364536.895758,-8014733633.416225,-8186605000.553333,-8364156768.3279,-8547572253.292137,-8737040092.496313,-8932754381.883678,-9134914819.615349,-9343726854.919146,-9559401843.163786,-9782157207.986046,-10012216611.445929,-10249810133.356552,-10495174461.136646,-10748553091.766945,-11010196547.704508,-11280362608.92583,-11559316563.63856,-11847331480.630524,-12144688506.723116,-12451677193.375862,-12768595857.161982,-13095751979.61736,-13433462652.874529,-13782055078.550362,-14141867128.584805,-14513247978.15824,-14896558822.47823,5618050.186896209,6238078.790332469,6860265.166625628,7483414.7700603455,8106235.473591581,8727333.537640234,8350781.758173283,9013968.581077283,9673146.284854865,10326444.46617558,10971860.838478252,11607258.461491944,12230363.831143407,12838766.044832956,13429917.297364524,14001135.011001948,14549605.96098718,15072392.82766405,15566443.690980744,16028605.086257052,16455639.366386209,16844247.271093033,17191096.79621762,17492859.695191197,17746257.24379173,17948117.274599086,18095444.96098417,18185510.43019306,18215957.04794856,18184935.191168923,18091267.574041773,17934653.79879538,17715923.87539456,17437353.138477392,17103054.476369835,16719468.32996782,16295976.856928084,15845676.44084634,15386352.961265871,14941717.741689363,14542979.954591352,14230854.96341058,14058139.621332448,14093027.632951118,14423394.384938028,15162356.129772792,16455509.769547846,18490395.768138185,21508910.030172832,25823637.068017256,31839407.831171565,40081829.48597919,5072813801.787067,5538663909.3137,6024187773.549759,6520825042.077809,7014150366.644212,7481263679.318586,7887421725.065712,8182148436.421981,8295955351.159621,8141087828.782167,7624961652.88422,6695373784.108529,5451010882.056488,4344556567.836418,4391741413.3905,7289066861.817776,20569618649.74301,0.0
18.25,-6810253529.361866,-6852045595.965141,-6894278492.958327,-6936958895.783605,-6980093540.895662,-7023689222.87389,-7067752791.280654,-7112291147.252339,-7157311239.809302,-7202820061.870207,-7248824645.955697,-7295332059.565603,-7342349400.213354,-7389883790.100456,-7437942370.413276,-7486532295.223543,-7535660724.973394,-7585334819.524725,-7635561730.752079,-7686348594.657269,-7737702522.983169,-7789630594.303129,-7842139844.561558,-7895237257.040377,-7948929751.724804,-8003224174.041189,-8058127282.938305,-8113645738.28264,-8169786087.536953,-8226554751.690163,-8283958010.40571,-8342001986.353926,-8400692628.69297,-8460035695.661439,-8520036736.244455,-8580701070.873671,-8642033771.120113,-8704039638.337454,-8766723181.211702,-8830088592.17178,-8894139722.613796,-8958880056.890413,-9024312685.01466,-9090440274.026192,-9157265037.965954,-9224788706.403557,-9293012491.459698,-9361937053.264149,-9431562463.78774,-9501888168.984943,-9572912949.181402,-9644634877.638752,-9717051277.226915,-9790158675.13179,-9863952755.523962,-9938428310.111769,-10013579186.499664,-10089398234.270329,-10165877248.706411,-10243006912.065294,-10320776732.31755,-10399174979.256945,-10478188617.887133,-10557803238.987177,-10638002986.754988,-10718770483.424795,-10800086750.751236,-10881931128.249598,-10964281188.07791,-11047112646.44313,-11130399271.409588,-11214112786.983906,-11298222773.346191,-11382696563.092684,-11467499133.350191,-11552592993.61723,-11637938069.18116,-11723491579.95436,-11809207914.565804,-11895038499.536812,-11980931663.361746,-12066832495.30525,-12152682698.717678,-12238420438.658756,-12323980183.607334,-12409292541.020184,-12494284086.487186,-12578877186.21125,-12662989812.520773,-12746535352.097992,-12829422406.579475,-12911554585.152758,-12992830288.73725,-13073142485.29502,-13152378475.768618,-13230419650.086931,-13307141232.61477,-13382412016.346584,-13456094085.05684,-13528042522.5182,-13598105107.780312,-13666121995.364626,-13731925379.071386,-13795339137.90888,-13856178462.439404,-13914249459.58498,-13969348733.643696,-14021262940.927246,-14069768315.03466,-14114630159.316254,-14155602302.546204,-14192426513.19829,-14224831866.993685,-14252534061.545528,-14275234670.942642,-14292620331.972525,-14304361852.354774,-14310113229.810862,-14309510568.998829,-14302170881.252598,-14287690749.635817,10205825.647007806,11391269.901866524,12611399.508056736,13866180.42027737,15155471.916780563,16479014.817423811,15274160.888262574,16665848.291606445,18094499.81419986,19559513.06675037,21060095.826208863,22595245.609437864,24163727.39601783,25764049.31729818,27394436.100402664,29052800.020358797,30736709.068731666,32443351.99036013,34169499.76745665,35911463.037833974,37665044.815378286,39425487.72836244,41187414.79476652,42944762.50047992,44690704.61934498,46417564.79177882,48116715.33315855,49778459.03801849,51391889.83449842,52944726.96471022,54423115.84213216,55811386.76486844,57091760.11122188,58243983.33927764,59244880.830380574,60067792.06352896,60681866.39763429,61051173.3617303,61133575.13330753,60879291.918701865,60229070.02120043,59111834.84249256,57441674.65221075,55113952.556291945,52000279.34260419,47941992.65564442,42741669.5735401,36152037.781281725,27861427.559701838,17474597.767294724,4487338.835505061,-11747343.502501162,17499879188.48417,16538360206.990885,15400530206.575674,14118728623.20553,12756204550.364077,11419591268.304384,10273556144.046667,9556050816.207304,9590915764.463879,10792987796.716198,13660937997.805786,18754499489.101135,26630136963.626034,37506074369.08006,49391638526.68988,50014677859.67431,11536317742.899075,0.0
18.0,-7325730138.85377,-7365233356.271318,-7405059925.369029,-7445215366.341534,-7485705322.835728,-7526535564.49416,-7567711989.540541,-7609240627.40767,-7651127641.408064,-7693379331.447452,-7736002136.78137,-7779002638.815025,-7822387563.946485,-7866163786.453294,-7910338331.422521,-7954918377.724158,-7999911261.027839,-8045324476.862563,-8091165683.719336,-8137442706.196222,-8184163538.185499,-8231336346.102334,-8278969472.154322,-8327071437.651172,-8375650946.353663,-8424716887.860758,-8474278341.033756,-8524344577.456214,-8574925064.927916,-8626029470.991335,-8677667666.488602,-8729849729.146774,-8782585947.189041,-8835886822.969149,-8889763076.626072,-8944225649.755676,-8999285709.095657,-9054954650.219826,-9111244101.23734,-9168165926.492037,-9225732230.256529,-9283955360.415457,-9342847912.131395,-9402422731.486685,-9462692919.093596,-9523671833.66482,-9585373095.53527,-9647810590.125769,-9710998471.338104,-9774951164.87029,-9839683371.439804,-9905210069.901688,-9971546520.24733,-10038708266.468668,-10106711139.271317,-10175571258.618942,-10245305036.08987,-10315929177.025557,-10387460682.448914,-10459916850.72924,-10533315278.968512,-10607673864.082394,-10683010803.547235,-10759344595.78278,-10836694040.13796,-10915078236.44546,-10994516584.108374,-11075028780.680256,-11156634819.897491,-11239354989.12074,-11323209866.13972,-11408220315.293438,-11494407482.855314,-11581792791.630638,-11670397934.7112,-11760244868.329763,-11851355803.755154,-11943753198.16636,-12037459744.442802,-12132498359.806076,-12228892173.2476,-12326664511.67608,-12425838884.718376,-12526438968.108427,-12628488585.60004,-12732011689.3423,-12837032338.659937,-12943574677.186483,-13051662908.30517,-13161321268.861835,-13272574001.125889,-13385445322.990389,-13499959396.42053,-13616140294.182652,-13734011964.913288,-13853598196.621466,-13974922578.75752,-14098008463.030235,-14222878923.212164,-14349556714.241638,-14478064231.0127,-14608423467.341265,-14740655975.711828,-14874782828.54556,-15010824581.89256,-15148801242.641855,-15288732240.567806,-15430636406.797367,-15574531960.594938,-15720436506.730032,-15868367046.126514,-16018340003.002005,-16170371272.306627,-16324476291.976591,-16480670145.34888,-16638967700.061548,-16799383790.914862,-16961933455.523165,-17126632233.181694,-17293496539.251312,-17462544129.575157,-23986293.729407974,-23528427.128496926,-23016104.95048616,-22445703.89033841,-21813394.408832166,-21115131.407779388,-22885882.54728077,-22170774.159712944,-21378811.883886665,-20504813.12779062,-19543300.77233167,-18488491.15602568,-17334282.222782213,-16074241.92213462,-14701596.95153984,-13209221.925312947,-11589629.042026917,-9834958.298664626,-7936968.261323359,-5887027.343397985,-3676105.4557609376,-1294765.770213013,1266843.834759738,4019000.313844483,6972416.970398013,10138258.371192325,13528160.663122544,17154260.062975675,21029233.305335466,25166355.16550662,29579579.91659097,34283655.85108322,39294284.94911149,44628343.60127576,50304185.24088406,56342052.123233184,62764631.71018668,69597803.68958928,76871637.2372721,84621715.55749011,92890887.10513753,101731571.62203678,111208786.09121215,121404103.46235134,132420819.02474923,144390680.5575314,157482646.1150483,171914278.43031934,187966584.40180013,206003389.0013179,226496739.24529925,250060438.6806568,-123511408704.96089,-135251010282.01161,-148969676556.05096,-165168051606.544,-184522749015.53345,-207968658046.7215,-236831094627.05106,-273046195587.2461,-319545227290.2591,-380961246613.8488,-465015000049.6991,-585459983037.5988,-769021679308.7467,-1074192506541.5948,-1653465699650.8774,-3037497508789.1978,-8591329697472.425,0.0
17.75,-3937645734.832218,-3950814156.80494,-3963801214.2184887,-3976599007.784026,-3989199410.8268094,-4001594063.604712,-4013774367.526167,-4025731479.268438,-4037456304.7975416,-4048939493.291244,-4060171430.967071,-4071142234.817255,-4081841746.2533336,-4092259524.662925,-4102384840.8821135,-4112206670.586943,-4121713687.6080856,-4130894257.1732464,-4139736429.082353,-4148227930.821058,-4156356160.618805,-4164108180.458167,-4171470709.042982,-4178430114.7334056,-4184972408.456793,-4191083236.604183,-4196747873.922926,-4201951216.416978,-4206677774.2673697,-4210911664.786285,-4214636605.419506,-4217835906.812961,-4220492465.9604287,-4222588759.450845,-4224106836.835071,-4225028314.133334,-4225334367.506472,-4225005727.115442,-4224022671.19571,-4222365020.374834,-4220012132.263711,-4216942896.3541,-4213135729.257347,-4208568570.32164,-4203218877.6677895,-4197063624.686289,-4190079297.04117,-4182241890.229532,-4173526907.748589,-4163909359.925872,-4153363763.471632,-4141864141.816505,-4129384026.301725,-4115896458.293252,-4101373992.29609,-4085788700.1498127,-4069112176.39142,-4051315544.877235,-4032369466.7611895,-4012244149.933048,-3990909360.0263047,-3968334433.112596,-3944488290.206309,-3919339453.71069,-3892856065.9447074,-3865005909.8982887,-3835756432.3721714,-3805074769.667953,-3772927776.003657,-3739282054.840139,-3704103993.314471,-3667359799.987607,-3629015546.125255,-3589037210.743249,-3547390729.661529,-3504042048.824036,-3458957182.1560974,-3412102274.245067,-3363443668.1453743,-3312947978.624674,-3260582171.1841383,-3206313647.2027874,-3150110335.573125,-3091940791.2133846,-3031774300.860082,-2969580996.5636187,-2905331977.3290386,-2838999439.3638644,-2770556815.415108,-2699978923.697971,-2627242126.939392,-2552324502.080118,-2475206021.200109,-2395868744.251905,-2314297024.207648,-2230477725.2445707,-2144400454.6132448,-2056057808.8511257,-1965445635.020966,-1872563307.669812,-1777414022.2181382,-1680005105.501302,-1580348344.1951756,-1478460331.865207,-1374362835.38232,-1268083181.4496522,-1159654663.980586,-1049116973.0606542,-936516646.2124144,-821907542.6634984,-705351341.2923083,-586918062.8928852,-466686617.3593912,-344745376.34041595,-221192771.8525224,-96137921.2707348,30298720.97179652,157984684.74281168,286774778.51332617,416510356.62587976,547018559.7111812,-66859996.820294864,-68759425.19867356,-70698933.91966243,-72678037.86035031,-74696079.33145724,-76752206.57961866,-76909997.86139995,-79115504.484546,-81363134.97778837,-83651484.8056355,-85978835.09784931,-88343114.3896932,-90741856.45825651,-93172153.93536729,-95630607.37204282,-98113269.43161169,-100615583.90177378,-103132319.24417824,-105657496.44910024,-108184311.03967792,-110705049.18424188,-113210998.03860056,-115692350.66829604,-118138106.2138704,-120535966.38586572,-122872229.94368409,-125131687.5659404,-127297520.51372142,-129351207.79133956,-131272448.2098005,-133039105.96809082,-134627191.22820866,-136010890.85035166,-137162669.19950888,-138053465.0146431,-138653018.09520867,-138930369.43571237,-138854590.9489358,-138395816.68698224,-137526667.229419,-136224183.49437332,-134472416.55197036,-132265857.0050486,-129613931.97308554,-126546850.19289254,-123123136.12986352,-119439261.05893543,-115641849.80483451,-111943010.51793791,-108639392.13778588,-106135606.33446902,-104972640.01341864,15140811143.005054,14215715805.037094,13143659528.159594,11957180964.980986,10715746149.733517,9515502473.398388,8500064918.683952,7870651644.408279,7892590638.538885,8894325446.862755,11256000613.329916,15386486835.347734,21666281394.523758,30157549066.893963,39051611377.73218,38383619600.09889,8144065962.0571575,0.0
17.5,1803683562.3930235,1807256587.2871115,1810832378.378233,1814412862.0912728,1818000071.4393456,1821596150.4977024,1825203359.070698,1828824077.56122,1832460812.052432,1836116199.612332,1839793013.8321075,1843494170.609871,1847222734.192057,1850981923.4853885,1854775118.65306,1858605868.009447,1862477895.228688,1866395106.8829887,1870361600.3277009,1874381671.9510195,1878459825.8071747,1882600782.6530523,1886809489.4093835,1891091129.0686872,1895451131.0736089,1899895182.1904137,1904429237.904107,1909059534.3628228,1913792600.9010632,1918635273.1727967,1923594706.927393,1928678392.4631965,1933894169.7956605,1939250244.5789587,1944755204.8224664,1950418038.44578,1956248151.718598,1962255388.6344488,1968450051.270292,1974842921.186891,1981445281.9283216,1988268942.682368,1995326263.1672776,2002630179.8142023,2010194233.3190067,2018032597.64132,2026160110.5336423,2034592305.688176,2043345446.5944872,2052436562.206693,2061883484.5250304,2071704888.2028224,2081920332.2970755,2092550304.287764,2103616266.4990013,2115140705.063173,2127147181.578128,2139660387.616722,2152706202.2578764,2166311752.8190737,2180505478.981245,2195317200.5091686,2210778188.7831087,2226921242.371161,2243780766.8861,2261392859.3860908,2279795397.5950065,2299028134.235513,2319132796.786872,2340153192.999252,2362135322.5174413,2385127494.989534,2409180455.0601444,2434347514.673348,2460684693.137924,2488250865.436482,2517107919.291237,2547320921.532061,2578958294.3479195,2612092002.0402374,2646797748.936723,2683155189.1670246,2721248149.046972,2761164862.8664966,2802998222.928401,2846846044.7396493,2892811348.315913,2941002656.622722,2991534312.242616,3044526813.429652,3100107170.787428,3158409285.8880053,3219574353.235111,3283751287.066304,3351097174.5869904,3421777757.3330803,3495967942.4703856,3573852345.9573226,3655625869.6240273,3741494314.356023,3831675031.714769,3926397616.481445,4025904642.775064,4130452446.572292,4240311957.6449394,4355769584.133635,4477128153.193201,4604707911.379139,4738847588.695616,4879905530.497585,5028260901.732544,5184314968.326666,5348492460.866211,5521243026.103779,5703042772.233489,5894395914.336224,6095836526.900065,6307930410.883541,6531277083.415558,6766511898.932312,7014308311.349001,-36839865.49398558,-39376712.05624688,-42043882.67785485,-44848229.55122188,-47797040.58088485,-50898067.46503293,-48784378.816717006,-52062372.41445946,-55516587.55168709,-59156977.81496909,-62994157.68687249,-67039445.70835504,-71304909.93954863,-75803415.70728733,-80548675.57919241,-85555301.4387953,-90838858.44928892,-96415920.5789389,-102304127.21126571,-108522240.1679886,-115090200.21995436,-122029181.8350185,-129361644.4919616,-137111378.3503963,-145303541.3756361,-153964684.13312352,-163122757.33631942,-172807095.78747287,-183048370.5063904,-193878498.48856,-205330496.53099525,-217438261.73410895,-230236256.4046794,-243759068.8619018,-258040813.72340268,-273114325.16554195,-289010083.8438709,-305754801.9225229,-323369570.1395225,-341867445.0072897,-361250321.93490535,-381504899.9708319,-402597494.7238062,-424467396.8255919,-447018403.8526006,-470108075.50239,-493534180.1551787,-517017727.57048297,-540181941.4154047,-562526562.3522804,-583397071.1954281,-601948930.8823073,9445526074.273144,10296783671.953056,11251462881.564192,12326267628.87221,13542423332.8013,14928118223.631783,16523056561.910458,18387315009.92437,20619186186.730087,23392262007.36277,27034809488.4088,32205174876.593864,40296683421.92235,54452965061.38975,82647791412.13109,151486420684.4438,428451934946.82367,0.0
17.25,8174721617.228054,8214985434.266541,8255239496.546663,8295476240.612976,8335687802.478418,8375866005.727844,8416002349.11636,8456087993.639896,8496113749.054681,8536070059.820862,8575946990.444641,8615734210.191986,8655420977.145658,8694996121.576149,8734448028.595598,8773764620.062243,8812933335.701744,8851941113.409676,8890774368.698181,8929418973.24773,8967860232.523325,9006082862.412199,9044070964.838385,9081808002.307018,9119276771.329172,9156459374.675518,9193337192.404648,9229890851.609123,9266100194.819654,9301944247.004671,9337401181.099665,9372448281.99709,9407061908.92448,9441217456.13441,9474889311.826405,9508050815.216557,9540674211.666395,9572730605.778065,9604189912.357796,9635020805.144863,9665190663.19754,9694665514.822012,9723409978.924112,9751387203.657131,9778558802.232555,9804884785.752865,9830323492.918243,9854831516.450686,9878363626.070438,9900872687.850489,9922309579.76509,9942623103.23775,9961759890.483343,9979664307.42692,9996278351.969387,10011541547.356924,10025390830.396517,10037760434.244968,10048581765.482388,10057783275.163816,10065290323.52404,10071025037.990986,10074906164.141523,10076848909.211138,10076764777.744244,10074561398.946169,10070142345.269447,10063406941.737503,10054250065.476082,10042561934.888603,10028227887.87416,10011128148.446896,9991137581.07265,9968125431.992044,9941955056.74978,9912483633.095709,9879561858.365503,9843033630.386026,9802735710.883177,9758497370.296862,9710140012.829044,9657476780.465591,9600312134.62045,9538441413.950996,9471650366.785366,9399714656.48547,9322399337.94273,9239458303.265871,9150633694.57101,9055655281.622114,8954239801.894331,8846090260.441086,8730895186.738865,8608327845.456936,8478045397.854445,8339688010.239562,8192877905.634789,8037218354.475504,7872292599.824684,7697662712.210383,7512868368.783924,7317425551.050947,7110825154.941589,6892531506.457395,6661980775.555748,6418579280.305313,6161701672.662028,5890688996.471874,5604846607.496773,5303441944.381184,4985702138.520806,4650811449.759708,4297908513.718195,3926083385.340625,3534374361.940819,3121764567.611359,2687178279.347448,2229476973.613843,1747455070.3551302,1239835349.617767,705264014.0225863,75304663.99375789,76462236.79823944,77630392.2143314,78809432.5803787,79999556.16972913,81200838.4008683,82369784.70923848,83698693.4355093,85040056.2203572,86393730.4870136,87759357.16915669,89136325.19657335,90523731.4258563,91920335.32330328,93324507.5699788,94734171.59129366,96146736.8085723,97559022.15941164,98967168.12667602,100366535.139669,101751585.74915592,103115747.41020513,104451252.0078879,105748947.39884277,106998075.17631666,108186007.54667708,109297934.56690474,110316490.95297883,111221309.12321222,111988481.95384584,112589914.72348882,112992540.68532053,113157368.34323546,113038320.44704928,112580814.47767629,111720021.3344492,110378722.23905183,108464662.45463796,105867272.86798877,102453594.93293332,98063198.4658543,92501822.06858398,85533388.22701623,76869943.69345416,66158943.05760406,52967119.47938383,36759958.33039708,16875490.06588165,-7509273.306078352,-37421443.93363385,-74147747.98066121,-119306066.66949156,-7197579106.348745,-6577148065.463319,-5903955318.131631,-5204110216.901763,-4517102945.945342,-3898695814.0886335,-3423117235.762118,-3183619835.07034,-3290431130.6736155,-3865892860.2111864,-5038544531.147688,-6938542087.8809,-9680178055.014105,-13222900790.581715,-16647060873.9152,-15559609929.212463,-2867000230.9795647,0.0
17.0,9205758374.629688,9281679063.288418,9358384044.43077,9435884116.614166,9514190335.762384,9593314025.387705,9673266787.306244,9754060512.871202,9835707394.749792,9918219939.271034,10001610979.372805,10085893688.178114,10171081593.231876,10257188591.431309,10344228964.684338,10432217396.332527,10521168988.376606,10611099279.544624,10702024264.244904,10793960412.44791,10886924690.543438,10980934583.221989,11076008116.431362,11172163881.4625,11269421060.220842,11367799451.742872,11467319500.019974,11568002323.195469,11669869744.203545,11772944322.922668,11877249389.919613,11982809081.86418,12089648378.698883,12197793142.652096,12307270159.187878,12418107179.990484,12530332968.08664,12643977345.21418,12759071241.551071,12875646747.92548,12993737170.632956,13113377088.994583,13234602415.796272,13357450460.757343,13481959997.184374,13608171331.97477,13736126379.143574,13865868737.056309,13997443769.560991,14130898691.223072,14266282656.878206,14403646855.730305,14543044610.234692,14684531480.020098,14828165371.117804,14974006650.781525,15122118268.198433,15272565881.409037,15425417990.77262,15580746079.33504,15738624760.476948,15899131933.24368,16062348945.782429,16228360767.338749,16397256169.292654,16569127915.744608,16744072964.194475,16922192676.891266,17103593043.46882,17288384915.523354,17476684253.83189,17668612388.957684,17864296296.039124,18063868884.613365,18267469304.384644,18475243267.91131,18687343391.254208,18903929553.7042,19125169277.78729,19351238130.834053,19582320149.49508,19818608288.68844,20060304896.57768,20307622217.30158,20560782923.311253,20820020679.31552,21085580739.99528,21357720583.821163,21636710585.49922,21922834729.77744,22216391369.573368,22517694031.633503,22827072273.20817,23144872593.52693,23471459404.189312,23807216062.949314,24152545975.7715,24507873772.477097,24873646561.78352,25250335272.07703,25638436084.84908,26038471968.381653,26450994319.98988,26876584725.932125,27315856848.98659,27769458454.67865,28238073588.23984,28722424915.59691,29223276243.0461,29741435231.779488,30277756325.11711,30833143908.18351,31408555721.875374,32005006555.32888,32623572243.74313,33265394001.392204,33931683123.00372,34623726090.4521,35342890125.9682,36090629237.87525,36868490810.30301,149652384.73249444,153625751.5572855,157696318.81940463,161872080.74560192,166161703.41391963,170574573.30850455,168501410.40500894,173219152.476214,178081203.7160528,183100074.93700555,188289342.46982533,193663729.81456023,199239196.6646223,205033036.3009708,211063982.52728695,217352327.52289623,223920052.2343721,230790971.21682435,237990894.18120307,245547806.916122,253492074.7462269,261856672.2821825,270677443.93295056,279993400.5184391,289847058.3772279,300284828.6579381,311357466.0758492,323120588.3886644,335635280.3008534,348968798.5799987,363195399.037478,378397310.92039406,394665890.4844076,412102993.46597457,430822616.3724135,450952869.6551124,472638362.85177976,496043103.9203456,521354043.9178393,548785436.189387,578584229.4760104,611036781.2192215,646477267.048667,685298283.9064955,727964310.5056747,775028919.164202,827156956.7060463,885153374.0080186,950001054.3157486,1022910982.050498,1105389589.2958295,1199330419.6859007,69902216248.54913,76523525332.95192,84285704827.14273,93480751797.65283,104503338487.53333,117898685193.633,134439253426.05553,155252259656.7637,182041198040.74484,217491593881.2081,266064239941.0341,335678402410.7079,441681748165.4947,617635260906.9094,951128865594.3386,1747391432531.1113,4942369017849.993,0.0
16.75,-138132148.90050387,-138084850.47339368,-137858590.1903634,-137450217.50920224,-136856619.1831193,-136074725.50659466,-135101516.95898247,-133934031.26739883,-132569370.91134168,-131004711.09276438,-129237308.19655871,-127264508.76759672,-125083759.03190948,-122692614.99084996,-120088753.1188209,-117269981.69636084,-114234252.8123231,-110979675.07047582,-107504527.03752756,-103807271.47174837,-99886570.37309408,-95741300.89797854,-91370572.18399145,-86773743.13210368,-81950441.19645452,-76900582.23425531,-71624391.47102046,-66122425.63923454,-60395596.35135579,-54445194.7714076,-48272917.652297735,-41880894.80981827,-35271718.107598305,-28448472.031189203,-21414765.933318377,-14174768.036682367,-6733241.284840345,904418.8634757996,8732144.596621275,16743153.763628244,24929905.628678083,33284054.2503078,41796399.36340761,50456834.63569808,59254293.1640718,68176690.06917572,77210862.039464,86342503.66840267,95556100.42054652,104834858.0537219,114160628.316005,123513830.72650433,132873370.23976874,142216550.58274794,151518983.0429833,160754490.47505164,169895006.2802856,178910468.10242915,187768705.96826625,196435324.5886724,204873579.52028584,213044246.87294936,220905486.23120663,228412696.44120264,235518363.89567828,242171902.9307368,248319487.9275031,253903876.6902044,258864224.64942765,263135889.4151516,266650225.1784482,269334366.4338913,271111000.4656029,271898128.00966525,271608811.47306347,270150910.0548749,267426801.07893777,263333086.80793,257760285.9676144,250592509.16534665,241707117.3397185,230974362.32773256,218257008.58161283,203409935.0094788,186279715.85204363,166704179.44056034,144511943.60997176,119521926.46354818,91542831.10298751,60372602.84767175,25797857.3708024,-12406721.924739122,-54479019.08063245,-100670155.21979308,-151245194.69014382,-206483889.9043553,-266681467.2201405,-332149456.37603164,-403216566.1817734,-480229609.3636837,-563554479.6842153,-653577184.6933355,-750704937.7292967,-855367313.0696592,-968017468.4422636,-1089133439.442404,-1219219510.7691708,-1358807669.5933306,-1508459146.8034973,-1668766052.3497598,-1840353111.416365,-2023879508.710496,-2220040848.754762,-2429571240.7181625,-2653245517.0167093,-2891881595.6595907,-3146342997.1106524,-3417541527.276335,-3706440139.1151047,-4014055986.2857513,-4341463683.201329,68132852.37938756,72901177.98869789,77687901.6040267,82491889.77107075,87312118.24283332,92147680.58094688,89741712.33122084,95096204.38306642,100465304.2540761,105847596.23230413,111241783.67385164,116646685.79891646,122061228.09729998,127484424.7322363,132915351.04384471,138353103.9208365,143796747.42402256,149245240.59885558,154697343.89600694,160151500.01569432,165605684.28692403,171057218.86678445,176502544.0720747,181936939.0039088,187354182.25503027,192746141.8479459,198102281.5741956,203409068.5076757,208649263.5417065,213801073.21528357,218837136.67702463,223723316.16833964,228417252.61587608,232866639.46231413,237007157.30208075,240759998.68625516,244028895.9513788,246696544.28686932,248620286.47523716,249626893.58595645,249506235.8819768,248003588.5024113,244810254.94999745,239552115.4554784,231775613.86050692,220930582.18969935,206349162.48593745,187219916.24907392,162556008.335685,131156110.61888286,91556390.23519498,41971635.42567134,-7328042604.328027,-6650028021.581881,-5908313350.0526495,-5125301140.121114,-4334615998.567594,-3582850750.828211,-2930135788.4069514,-2448469920.5345488,-2216743489.3568177,-2312243828.908424,-2800730140.3801794,-3729450171.7231803,-5119336158.939914,-6898163264.06107,-8526222797.146807,-7710411762.26186,-1294074840.5149472,0.0
16.5,-8092845165.51015,-8194801459.590678,-8297923703.357128,-8402224368.065292,-8507715954.210745,-8614410984.845469,-8722321998.456566,-8831461541.384651,-8941842159.757828,-9053476390.916504,-9166376754.302616,-9280555741.785824,-9396025807.397749,-9512799356.443996,-9630888733.96205,-9750306212.491812,-9871063979.123615,-9993174121.787104,-10116648614.742325,-10241499303.232628,-10367737887.257011,-10495375904.417349,-10624424711.79369,-10754895466.798994,-10886799106.961536,-11020146328.581402,-11154947564.204414,-11291212958.8543,-11428952344.960983,-11568175215.919731,-11708890698.213049,-11851107522.023518,-11994833990.262669,-12140077945.93707,-12286846737.769392,-12435147183.987753,-12584985534.193184,-12736367429.21011,-12889297858.820627,-13043781117.27871,-13199820756.495195,-13357419536.779884,-13516579375.02115,-13677301290.178556,-13839585345.957712,-14003430590.531002,-14168834993.161356,-14335795377.580046,-14504307351.962543,-14674365235.339844,-14845961980.2754,-15019089091.630356,-15193736541.232311,-15369892678.25492,-15547544135.107666,-15726675728.62674,-15907270356.349669,-16089308887.647589,-16272770049.480305,-16457630306.530191,-16643863735.462463,-16831441893.049309,-17020333677.88715,-17210505185.426785,-17401919556.026867,-17594536815.732697,-17788313709.473362,-17983203526.362007,-18179155916.775764,-18376116700.884804,-18574027668.292843,-18772826368.445644,-18972445891.458904,-19172814639.01325,-19373856084.961533,-19575488525.292835,-19777624817.09893,-19980172106.19225,-20183031543.030525,-20386097986.612484,-20589259696.02151,-20792398009.311,-20995387009.44618,-21198093177.04396,-21400375029.68476,-21602082747.60953,-21803057785.66258,-22003132471.396034,-22202129589.318146,-22399861951.34383,-22596131953.595795,-22790731119.807217,-22983439631.697544,-23174025846.82869,-23362245804.60672,-23547842721.273155,-23730546474.933792,-23910073081.904827,-24086124165.91849,-24258386422.02733,-24426531077.380383,-24590213351.422417,-24749071918.48976,-24902728376.25199,-25050786723.980145,-25192832855.216133,-25328434070.0808,-25457138613.195744,-25578475244.013565,-25691952847.259884,-25797060092.19637,-25893265150.52451,-25980015483.972523,-26056737713.952705,-26122837587.14828,-26177700052.49893,-26220689466.805656,-26251149948.076977,-26268405897.79232,-26271762715.46765,-26260507731.26984,-287307207.1452751,-286592580.2524401,-286040981.0346823,-285671596.9482936,-285504820.5936619,-285562294.3820248,-304466183.12894136,-304347688.5822213,-304488862.0767436,-304917583.39251304,-305663443.23888123,-306757799.2055739,-308233829.3402834,-310126582.9321705,-312473028.11449873,-315312095.95742345,-318684720.8091713,-322633876.7665954,-327204610.3210752,-332444069.44007885,-338401529.615726,-345128417.7465266,-352678335.1235658,-361107081.272768,-370472680.9631679,-380835417.3264039,-392257874.7389128,-404804995.8827244,-418544158.2017538,-433545275.7758759,-449880933.4004784,-467626560.3276255,-486860651.6282873,-507665045.3993552,-530125263.99626833,-554330927.0819583,-580376243.5723109,-608360588.6864903,-638389171.6744881,-670573800.1986542,-705033750.2687966,-741896758.6400174,-781300171.9884598,-823392321.0547168,-868334249.7332723,-916302037.1749712,-967490134.8203652,-1022116447.1764536,-1080430391.3062203,-1142725999.082871,-1209363480.4214966,-1280804877.9251444,-1545568971.588183,-1668821142.8751698,-1807419196.5682921,-1963525758.9345279,-2139944740.0756948,-2340538070.117855,-2571030361.54453,-2840590325.7244196,-3164983668.0479474,-3572953738.829282,-4119373557.3828106,-4913066602.489313,-6178413109.26202,-8406384891.039964,-12820261775.024485,-23525760899.403557,-66540265811.45137,0.0
16.25,596234541.4363455,579629573.1596181,562715846.5864191,545484337.8529948,527925688.1073136,510030189.75613326,491787772.1090452,473187986.3914619,454219990.097281,434872530.6505184,415133928.3437413,394992058.5194047,374434332.95883226,353447680.44142574,332018526.4353944,310132771.8787682,287775771.00802493,264932308.18904072,241586573.7032582,217722138.4392784,193321927.43783468,168368192.23543987,142842481.94924358,116725613.04276924,89997637.70930928,62637810.806293786,34624555.27096659,5935425.943877101,-23452928.27682078,-53564804.03121561,-84425484.9286809,-116061284.90353815,-148499593.5891205,-181768923.8089081,-215898961.28860068,-250920616.6977988,-286866080.13606703,-323768878.18363833,-361663933.64327824,-400587628.1064327,-440577867.4833417,-481674150.6442381,-523917641.3262397,-567351243.4682255,-612019680.1448627,-657969576.279259,-705249545.3232783,-753910280.1041423,-804004648.0462927,-855587790.9882603,-908717229.825578,-963452974.222654,-1019857637.6494029,-1077996558.0109763,-1137937924.1536188,-1199752908.5436234,-1263515806.431853,-1329304181.8326735,-1397199020.6625557,-1467284891.4019094,-1539650113.6619456,-1614386935.0581112,-1691591716.812227,-1771365128.526903,-1853812352.598448,-1939043298.7580748,-2027172829.2561808,-2118320995.230229,-2212613284.823946,-2310180883.654023,-2411160948.250166,-2515696893.125018,-2623938692.163122,-2736043195.0514684,-2852174459.5092406,-2972504100.1106973,-3097211654.532828,-3226484968.0987606,-3360520597.527965,-3499524234.8464,-3643711152.45259,-3793306670.379941,-3948546646.840775,-4109677993.183875,-4276959214.444511,-4450660976.713233,-4631066702.598213,-4818473196.103265,-5013191298.29218,-5215546575.156458,-5425880039.149301,-5644548905.892653,-5871927387.604997,-6108407524.835443,-6354400058.122426,-6610335341.222722,-6876664297.576249,-7153859421.683438,-7442415827.071519,-7742852342.513626,-8055712658.134406,-8381566522.988219,-8721010995.623835,-9074671749.05103,-9443204431.392763,-9827296083.336246,-10227666613.280613,-10645070330.808254,-11080297538.77364,-11534176183.893364,-12007573565.22371,-12501398099.30864,-13016601140.055948,-13554178850.527111,-14115174122.785393,-14700678540.702364,-15311834379.14271,-15949836631.186806,-16615935052.959442,-17311436213.15481,-18037705531.40688,-462195787.3851372,-456090730.36864537,-449588574.7868216,-442681340.50251067,-435361637.3373446,-427622759.97165775,-463895750.7407245,-455833322.338024,-447285104.21834105,-438243920.0802767,-428703757.9271691,-418659931.73050576,-408109254.47506094,-397050222.4341163,-385483210.3004337,-373410676.5301636,-360837377.93807817,-347770592.2096025,-334220346.5655607,-320199650.32910943,-305724728.60380626,-290815253.68504417,-275494570.2083345,-259789909.410942,-243732587.2839837,-227358180.8727944,-210706676.6177678,-193822584.5170425,-176755012.17140722,-159557693.61798722,-142288969.5004074,-125011717.84593764,-107793238.87750047,-90705103.30303033,-73822981.88674998,-57226485.36020604,-40999058.44089681,-25227990.42011571,-10004627.846309364,4575097.648098707,18409681.806376263,31390421.747481942,43398938.64245425,54303606.84217472,63954630.06711,72177511.31708618,78764707.77277352,83465365.22853829,85973212.82730107,85912994.28151444,82826239.03048663,76157744.51791415,-114643181.89008951,-99119148.63193566,-83062248.11050731,-64914600.45041478,-42718987.909386486,-14125036.076598212,23621010.938027725,73776711.3612678,140429642.1176892,229239479.06745213,348730845.8648162,511791003.9338777,735150790.6394626,1027865136.3765641,1333760978.5074162,1312759921.9341052,275983273.39111614,0.0
16.0,10811627411.812887,10910522009.399033,11010864100.89072,11112681061.85672,11216000925.309963,11320852401.564968,11427264898.827051,11535268544.544815,11644894207.558752,11756173521.08062,11869138906.539642,11983823598.333609,12100261669.524546,12218488058.520807,12338538596.789268,12460450037.643642,12584260086.157068,12710007430.2496,12837731773.003689,12967473866.263388,13099275545.57597,13233179766.537344,13369230642.605848,13507473484.45255,13647954840.91912,13790722541.658464,13935825741.53686,14083314966.880608,14233242163.65429,14385660747.662354,14540625656.870674,14698193405.949425,14858422143.14434,15021371709.588732,15187103701.1749,15355681533.109625,15527170507.285229,15701637882.604733,15879152948.407066,16059787101.146296,16243613924.486977,16430709272.986803,16621151359.547234,16815020846.822245,17012400942.786442,17213377500.67474,17418039123.517616,17626477273.508648,17838786386.45448,18055063991.57152,18275410836.90872,18499931020.69194,18728732128.90261,18961925379.4212,19199625773.085888,19441952252.03688,19689027865.7394,19940979945.101204,20197940285.125984,20460045336.570194,20727436407.09993,21000259872.4744,21278667398.315136,21562816173.05561,21852869152.701897,22148995318.07662,22451369945.25967,22760174889.98634,23075598886.81234,23397837863.908096,23727095274.40212,24063582445.25448,24407518944.70727,24759132969.430687,25118661752.55997,25486351993.9016,25862460313.676765,26247253731.26784,26641010170.53807,27044018993.4094,27456581563.50677,27879011841.812115,28311637016.417107,28754798168.623352,29208850977.81202,29674166467.694355,30151131796.76125,30640151095.97625,31141646357.003845,31656058374.53618,32183847746.57916,32725495936.8857,33281506404.0837,33852405802.44241,34438745259.65726,35041101737.515686,35660079481.83837,36296311568.68088,36950461554.43238,37623225238.1737,38315332545.46068,39027549543.59394,39760680599.431885,40515570691.91484,41293107892.70717,42094226029.74993,42919907550.06714,43771186599.90533,44649152342.23539,45554952533.83468,46489797386.63007,47454963740.75628,48451799579.91108,49481728923.12202,50546257131.03259,51646976669.33887,52785573377.13526,53963833293.75113,55183650104.27906,56447033271.537,57756116930.8001,-887933102.3449416,-893012144.6121659,-897633298.138492,-901758678.9499804,-905348354.9047976,-908360293.5011704,-948201200.5998654,-952280665.9560494,-955695213.9133446,-958391179.5687848,-960312111.1563072,-961398741.9453171,-961588984.3989284,-960817951.5123785,-959018011.0155234,-956118878.97607,-952047760.2860944,-946729544.55436,-940087067.058395,-932041445.6252192,-922512505.5922396,-911419306.3243208,-898680784.0887738,-884216527.3580141,-867947701.7350979,-849798142.5631796,-829695633.7256203,-807573390.9546881,-783371766.8590192,-757040192.4827472,-728539366.0447456,-697843692.9672092,-664943971.6280679,-629850305.5226086,-592595203.5614055,-553236804.7237133,-511862129.6944426,-468590218.759805,-423574960.40407664,-377007347.1784468,-329116813.43294966,-280171213.35510296,-230474889.168629,-180364162.90744564,-130199469.7833781,-80353251.69143155,-31192668.40558866,16943807.255048063,63776726.81755863,109123486.7463237,152943742.22443524,195391929.52617943,-2532218127.8429527,-2606510035.804787,-2715439259.5359077,-2869883044.3681126,-3083372451.3176713,-3372957313.639409,-3760736476.523351,-4276735611.395687,-4964483886.2053585,-5891997792.1671295,-7173899293.086451,-9018139077.246181,-11834127659.941235,-16522053106.72454,-25428234036.42569,-46712498384.03622,-132122725454.35558,0.0
15.75,4017387356.8393655,4008186693.078724,3998359620.234509,3987887342.185112,3976750503.589319,3964929171.516794,3952402816.395532,3939150292.2475615,3925149816.183149,3910378947.1221023,3894814563.709606,3878432841.392208,3861209228.618264,3843118422.125201,3824134341.274469,3804230101.392921,3783377986.077712,3761549418.41947,3738714931.09666,3714844135.291488,3689905688.37566,3663867260.311504,3636695498.711655,3608355992.4974327,3578813234.0935693,3548030580.0934463,3515970210.326216,3482593085.253592,3447858901.62061,3411726046.281109,3374151548.1145267,3335091027.946706,3294498646.38308,3252327049.4579773,3208527311.9990582,3163048878.6009893,3115839502.0969687,3066845179.411404,3016010084.6710005,2963276499.445506,2908584739.982871,2851873081.2967043,2793077677.956806,2732132481.426085,2668969153.7790976,2603516977.6292114,2535702762.0826063,2465450744.528054,2392682488.0617423,2317316774.336096,2239269491.610898,2158453517.773719,2074778598.084448,1988151217.3867424,1898474466.5154183,1805647902.6154115,1709567403.0732274,1610125012.746275,1507208784.1597548,1400702610.3235683,1290486049.8039172,1176434143.6658745,1058417223.8833536,936300712.7922684,809944913.1413307,679204788.2722414,543929731.9369903,403963327.2355977,259143094.1311981,109300224.97251594,-45740692.575104326,-206161965.8181593,-372153101.2023959,-543911123.0506251,-721640907.5961839,-905555533.0720036,-1095876646.651554,-1292834849.075528,-1496670097.8363235,-1707632129.8330088,-1925980904.4497385,-2151987068.052734,-2385932440.944007,-2628110527.852777,-2878827053.089836,-3138400521.5338235,-3407162806.6620746,-3685459766.881476,-3973651891.4571977,-4272114977.376322,-4581240838.5215,-4901438048.563333,-5233132719.00983,-5576769313.874634,-5932811502.442483,-6301743051.617062,-6684068759.332959,-7080315430.495922,-7491032896.880936,-7916795082.364845,-8358201114.790795,-8815876485.657198,-9290474258.681175,-9782676328.107042,-10293194727.400162,-10822772988.679758,-11372187552.891891,-11942249230.288631,-12533804710.254044,-13147738118.87851,-13784972621.91623,-14446472069.839067,-15133242680.600023,-15846334754.40714,-16586844413.24824,-17355915356.055923,-18154740618.20629,-18984564321.450333,-19846683397.30659,-20742449263.322056,-21673269427.33224,-1070921714.086531,-1098310585.9734342,-1126279953.460904,-1154828554.872738,-1183953069.2747653,-1213647829.0977478,-1206979503.9709923,-1239028876.3138015,-1271742662.1263213,-1305111203.8661742,-1339121013.7990007,-1373754240.6180177,-1408988072.1659737,-1444794067.25356,-1481137408.9408832,-1517976071.009181,-1555259888.7155485,-1592929524.3181148,-1630915317.3170002,-1669136008.923662,-1707497330.0115054,-1745890441.7983718,-1784190218.8800757,-1822253365.123008,-1859916354.5298784,-1896993191.773339,-1933272990.9829805,-1968517377.0064871,-2002457721.3063612,-2034792235.6194468,-2065182961.416908,-2093252713.2246857,-2118582060.4708388,-2140706467.5564585,-2159113757.5779853,-2173242124.3381424,-2182478993.298754,-2186161128.83725,-2183576506.939241,-2173968623.9171224,-2156544097.2725835,-2130484637.614329,-2094964730.919916,-2049176662.971836,-1992364826.651047,-1923871544.2012143,-1843196847.4973087,-1750074680.2886698,-1644567637.333191,-1527181353.8381033,-1398997582.4394825,-1261821249.4642563,-10711853444.021769,-9374234556.33778,-8006488359.1922035,-6641443662.759439,-5316184327.94677,-4069285685.204465,-2936651255.076188,-1946315219.2788472,-1113271352.6571498,-435955360.9190898,104449366.11231284,542814651.1900682,928221184.0154477,1308014447.060192,1638734654.012014,1509672645.3605921,266962329.33142933,0.0
15.5,-2812311545.1433907,-2845368886.046299,-2878611512.1574416,-2912035251.46573,-2945635659.1612964,-2979408005.959241,-3013347265.946659,-3047448103.932997,-3081704862.283003,-3116111547.210777,-3150661814.51212,-3185348954.711957,-3220165877.602026,-3255105096.143449,-3290158709.707371,-3325318386.625921,-3360575346.024402,-3395920338.9044394,-3431343628.4465466,-3466834969.4991627,-3502383587.219764,-3537978154.8323097,-3573606770.463587,-3609256933.019612,-3644915517.061332,-3680568746.637382,-3716202168.0297112,-3751800621.366,-3787348211.050966,-3822828274.966423,-3858223352.388053,-3893515150.564427,-3928684509.90179,-3963711367.6954393,-3998574720.346376,-4033252583.999,-4067721953.5332966,-4101958759.842001,-4135937825.320352,-4169632817.493153,-4203016200.700848,-4236059185.762863,-4268731677.533584,-4301002220.262491,-4332837940.66684,-4364204488.621313,-4395065975.365646,-4425384909.127022,-4455122128.0503645,-4484236730.325374,-4512686001.394991,-4540425338.125726,-4567408169.815746,-4593585875.912245,-4618907700.304858,-4643320662.057252,-4666769462.434261,-4689196388.076934,-4710541210.173037,-4730741079.465596,-4749730416.936868,-4767440800.000315,-4783800844.027875,-4798736079.034974,-4812168821.340644,-4824018040.015071,-4834199217.922426,-4842624207.161717,-4849201078.704119,-4853833966.0208845,-4856422902.49195,-4856863652.381349,-4855047535.162574,-4850861242.973723,-4844186650.980066,-4834900620.419529,-4822874794.1058655,-4807975384.162958,-4790062951.765203,-4768992178.658986,-4744611630.243564,-4716763509.992623,-4685283405.002747,-4650000022.461138,-4610734916.832641,-4567302207.575548,-4519508287.206778,-4467151519.550077,-4410021928.01633,-4347900873.781972,-4280560723.7516446,-4207764508.21298,-4129265568.1158686,-4044807191.935867,-3954122242.110277,-3856932771.0677686,-3752949626.905876,-3641872048.8069873,-3523387252.32057,-3397170004.6778483,-3262882190.34371,-3120172367.048259,-2968675312.576202,-2808011562.623859,-2637786940.0596333,-2457592075.940941,-2267001922.646037,-2065575259.4683044,-1852854190.988807,-1628363638.483719,-1391610824.5284016,-1142084750.822613,-879255669.0652285,-602574544.445492,-311472510.9673213,-5360317.369137704,316372238.182129,654356887.1867907,1009247487.1957756,1381720640.1476362,1772476338.7753484,-271902949.13467383,-299087433.9020164,-327687095.5375952,-357781417.77960247,-389454833.886823,-422797056.359206,-368918950.4783013,-403576761.8820687,-440154820.709564,-478768488.22082335,-519540770.2279328,-562602848.7075775,-608094646.8703586,-656165428.2850016,-706974430.163261,-760691530.2397531,-817497945.7797832,-877586962.0529076,-941164686.039577,-1008450819.0886877,-1079679439.5844069,-1155099783.2435927,-1234977004.2384107,-1319592894.651114,-1409246532.4747949,-1504254819.0344036,-1604952854.7547083,-1711694086.9269395,-1824850143.6046665,-1944810242.815025,-2071980034.396732,-2206779691.0417323,-2349641013.051249,-2501003244.758564,-2661307215.482244,-2830987309.111579,-3010460627.4662027,-3200112535.187598,-3400277547.8329616,-3611214237.379444,-3833072465.197834,-4065850793.793561,-4309341355.324208,-4563058747.027839,-4826148665.217193,-5097270976.977698,-5374450787.77891,-5654889879.279362,-5934729865.845526,-6208757967.912501,-6470047235.443315,-6709526885.918021,156269849688.90894,171138467395.0075,188596523774.78546,209322849815.15735,234240083082.92966,264628839415.31976,302309885414.2188,349945357120.6856,411558443690.18665,493477684435.9535,606167692184.5776,768085995910.0011,1014745980557.8707,1423384809595.6628,2195412974747.6294,4034742992600.5845,11412082906443.09,0.0
15.25,-3321154888.0693207,-3326041391.987752,-3330777236.990844,-3335360707.383194,-3339790151.933553,-3344063989.1021843,-3348180712.523434,-3352138896.754321,-3355937203.300164,-3359574386.928948,-3363049302.2863383,-3366360910.8237534,-3369508288.0524964,-3372490631.1371927,-3375307266.842465,-3377957659.8471537,-3380441421.440979,-3382758318.618953,-3384908283.58961,-3386891423.713335,-3388708031.888059,-3390358597.3997216,-3391843817.255886,-3393164608.021237,-3394322118.1743627,-3395317741.0060205,-3396153128.079369,-3396830203.2737274,-3397351177.4336824,-3397718563.6462955,-3397935193.169765,-3398004232.037453,-3397929198.362059,-3397713980.365288,-3397362855.1590323,-3396880508.304888,-3396272054.1793227,-3395543057.17269,-3394699553.7507787,-3393748075.408311,-3392695672.544497,-3391549939.2912283,-3390319039.3251915,-3389011732.695806,-3387637403.701216,-3386206089.845269,-3384728511.90881,-3383216105.168956,-3381681051.800392,-3380136314.4931145,-3378595671.3210726,-3377073751.896467,-3375586074.844323,-3374149086.6321144,-3372780201.788813,-3371497844.5475235,-3370321491.945561,-3369271718.415023,-3368370241.896252,-3367639971.505724,-3367105056.7886043,-3366790938.585079,-3366724401.5377192,-3366933628.265574,-3367448255.228298,-3368299430.301453,-3369519872.081169,-3371143930.933288,-3373207651.7987623,-3375748838.762897,-3378807121.391919,-3382424022.8354063,-3386643029.6876564,-3391509663.595326,-3397071554.5919933,-3403378516.133131,-3410482621.79723,-3418438283.609859,-3427302331.9384685,-3437134096.894984,-3447995491.172272,-3459951094.228296,-3473068237.718324,-3487417092.0613265,-3503070754.010758,-3520105335.0830507,-3538600050.6786413,-3558637309.710216,-3580302804.5313087,-3603685600.934644,-3628878227.964279,-3655976767.257776,-3685080941.6044736,-3716294202.3735256,-3749723815.429431,-3785480945.1143246,-3823680735.833835,-3864442390.737088,-3907889246.93076,-3954148846.611224,-4003353003.437597,-4055637863.4004025,-4111143959.365385,-4170016258.388103,-4232404200.801397,-4298461729.972769,-4368347311.510555,-4442223940.564427,-4520259135.71421,-4602624917.768651,-4689497771.599096,-4781058588.906994,-4877492589.564765,-4978989218.869928,-5085742017.705969,-5197948462.20174,-5315809769.01404,-5439530661.81458,-5569319093.9282055,-5705385921.328799,-5847944519.3334,1379701117.347916,1397959068.4008682,1416487453.322511,1435281251.1121483,1454333882.6575136,1473636982.8194177,1504326352.47457,1525318096.3747077,1546602466.5585349,1568167123.057762,1589996765.1897807,1612072679.2390263,1634372217.4318762,1656868197.0462527,1679528206.5207725,1702313803.0686824,1725179583.4775748,1748072106.3868985,1770928640.258076,1793675706.3333578,1816227379.9293432,1838483306.1921768,1860326377.6570551,1881620010.232726,1902204941.102765,1921895455.906602,1940474932.6813867,1957690565.4514687,1973247099.817312,1986799374.8426404,1997943417.93084,2006205779.5798116,2011030719.470906,2011764759.7849088,2007638000.033634,1997741432.238496,1980999295.606503,1956135252.1112373,1921630830.022017,1875674146.4234316,1816096348.2458568,1740292458.1740837,1645122313.989058,1526785960.9564986,1380666077.826716,1201127623.899372,981261661.6515464,712555926.9483553,384468766.15722257,-16125024.077763066,-505658852.89917725,-1104826526.7281156,-3422083670.2120633,-2668401807.442293,-2072770288.0213654,-1711208278.202889,-1677215542.8876648,-2085698820.8021574,-3079881875.998396,-4844475447.467924,-7630744550.8013115,-11801645034.478115,-17904913354.149082,-26767645571.22893,-39533010283.817184,-57228520005.364944,-77932085928.58423,-83638608352.87892,-22678678160.94754,0.0
15.0,-2354901379.467944,-2359356180.4210515,-2363873400.046871,-2368454405.3334503,-2373100553.871251,-2377813191.640418,-2382593650.6748767,-2387443246.5983057,-2392363276.0269136,-2397355013.833809,-2402419710.2696066,-2407558587.933749,-2412772838.590908,-2418063619.82665,-2423432051.536481,-2428879212.2420907,-2434406135.2287,-2440013804.4970303,-2445703150.523504,-2451475045.8219705,-2457330300.3002825,-2463269656.4047666,-2469293784.045687,-2475403275.2965307,-2481598638.85999,-2487880294.2933083,-2494248565.985633,-2500703676.879982,-2507245741.9322844,-2513874761.3000216,-2520590613.2528896,-2527393046.7979345,-2534281674.011654,-2541255962.0715227,-2548315224.9795547,-2555458614.970522,-2562685113.597619,-2569993522.488507,-2577382453.7648253,-2584850320.1185417,-2592395324.538708,-2600015449.682566,-2607708446.8852625,-2615471824.802867,-2623302837.6838503,-2631198473.2647324,-2639155440.2861624,-2647170155.626439,-2655238731.050173,-2663356959.570626,-2671520301.425256,-2679723869.664936,-2687962415.358512,-2696230312.41556,-2704521542.031601,-2712829676.7614985,-2721147864.228424,-2729468810.477549,-2737784762.9855247,-2746087493.339011,-2754368279.597738,-2762617888.3601027,-2770826556.5520306,-2778983972.962718,-2787079259.554088,-2795100952.574176,-2803036983.50839,-2810874659.906577,-2818600646.1281004,-2826200944.051831,-2833660873.8028727,-2840965054.5532737,-2848097385.459708,-2855041026.8073173,-2861778381.435588,-2868291076.529242,-2874559945.864827,-2880565012.6118345,-2886285472.796072,-2891699679.542344,-2896785128.2236047,-2901518442.6545725,-2905875362.479241,-2909830731.914077,-2913358490.021858,-2916431662.7050714,-2919022356.622794,-2921101755.250889,-2922640117.32232,-2923606777.9024334,-2923970152.3732243,-2923697743.620993,-2922756152.743351,-2921111093.6144447,-2918727411.67144,-2915569107.3108125,-2911599364.3099537,-2906780583.71788,-2901074423.6884685,-2894441845.760815,-2886843168.123538,-2878238126.433577,-2868585942.7947874,-2857845403.5373373,-2845974946.4754896,-2832932758.3584294,-2818676883.265976,-2803165342.7379804,-2786356268.4624686,-2768208048.382108,-2748679487.111122,-2727729981.5838137,-2705319712.880476,-2681409855.195229,-2655962802.9214,-2628942416.831528,-2600314290.318593,-2570046036.6397567,-2538107598.0606365,-2504471577.733079,-2469113595.048419,2272020437.0854034,2322535929.4661365,2374947924.7374754,2429357359.066969,2485872165.071527,2544607873.894152,2540820645.145212,2602799799.075794,2667334968.689747,2734575781.24645,2804683293.9418745,2877831080.054848,2954206439.4183493,3034011749.952296,3117465979.596216,3204806381.0427494,3296290395.2877226,3392197794.291981,3492833098.1317315,3598528308.067158,3709646004.193202,3826582865.0109606,3949773676.697156,4079695912.4571815,4216874977.633294,4361890234.845901,4515381946.187802,4678059297.407595,4850709703.44157,5034209637.300166,5229537277.410895,5437787334.967691,5660188506.44633,5898124102.251023,6153156537.155731,6427056540.772698,6721838168.846332,7039800985.248006,7383581162.823647,7756213750.173351,8161209015.047976,8602646665.59969,9085292957.251104,9614747344.234344,10197627619.5046,10841805684.662285,11556710624.07285,12353722268.57137,13246687924.674269,14252608997.95007,15392565406.720316,16692978168.77498,13985959302.961226,15316264364.387474,16872047750.840075,18710592181.5776,20909347791.015663,23575357209.263283,26860371133.09509,30986021813.629673,36287650530.64451,43294774994.04777,52888714225.817795,66637364480.90645,87584287237.85858,122388365867.03607,188416713079.05914,346137122733.29047,979020138360.3733,0.0
14.75,-771407039.1116405,-769603053.0193806,-767799033.4044309,-765995241.1442556,-764191951.9339259,-762389457.203301,-760588065.0761034,-758788101.372138,-756989910.6539526,-755193857.3192265,-753400326.7401662,-751609726.4512113,-749822487.3863161,-748039065.1670942,-746259941.4430814,-744485625.2853587,-742716654.6347662,-740953597.805892,-739197055.0480143,-737447660.1641021,-735706082.1889758,-733973027.1276377,-732249239.7547481,-730535505.4761521,-728832652.2532749,-727141552.5911301,-725463125.5905824,-723798339.065414,-722148211.7245979,-720513815.4200966,-718896277.4603157,-717296782.9892259,-715716577.4309694,-714156968.999605,-712619331.2734191,-711105105.8330321,-709615804.9622884,-708153014.4106518,-706718396.2155554,-705313691.5828671,-703940723.8232901,-702601401.3421867,-701297720.6799285,-700031769.5994895,-698805730.2175536,-697621882.1749772,-696482605.8419015,-695390385.5523652,-694347812.8626263,-693357589.8268583,-692422532.2832296,-691545573.1427014,-690729765.6721497,-689978286.7626623,-689294440.1730494,-688681659.7377222,-688143512.5271935,-687683701.9484928,-687306070.7717273,-687014604.0679631,-686813432.0424244,-686706832.7458067,-686699234.6451995,-686795219.0347543,-686999522.2648052,-687317037.7666199,-687752817.8483694,-688312075.2362037,-689000184.3325582,-689822682.161921,-690785268.9723291,-691893808.4587712,-693154327.57248,-694573015.8777927,-696156224.4158156,-697910464.0315745,-699842403.1186186,-701958864.7322147,-704266823.0192599,-706773398.9098864,-709485855.0123869,-712411589.6495911,-715558129.9710984,-718933124.0718414,-722544332.0433409,-726399615.8795815,-730506928.1548301,-734874299.3857778,-739509823.9851466,-744421644.7083642,-749617935.4889855,-755106882.5522337,-760896663.6893146,-766995425.5679481,-773411258.9468669,-780152171.6537688,-787226059.1772964,-794640672.7141067,-802403584.5017062,-810522150.2566582,-819003468.5256422,-827854336.743835,-837081203.7808491,-846690118.7390814,-856686675.7525507,-867075954.5160211,-877862456.2543275,-889050034.8201077,-900641822.5845062,-912640150.7595944,-925046463.763196,-937861227.2061968,-951083829.0492034,-964712473.4393742,-978744066.6992809,-993174094.897638,-1007996492.3866736,-1023203500.6427993,-1038785516.696225,-1054730930.3815764,-1071025949.5857882,1299009213.4539368,1315833205.013202,1332879388.9566827,1350140134.3706436,1367606092.065498,1385265957.7444158,1415079479.974673,1434331417.5154884,1453810825.9722452,1473501591.2420888,1493384399.7754247,1513436273.3554692,1533630035.0106456,1553933695.048362,1574309744.2697473,1594714339.1251202,1615096360.8213294,1635396327.0986474,1655545131.438301,1675462579.6956873,1695055688.397068,1714216701.9631453,1732820777.6486228,1750723276.6588292,1767756587.2768023,1783726390.3447647,1798407258.3790543,1811537456.050298,1822812780.5711727,1831879244.2153616,1838324355.8266733,1841666701.287103,1841343451.2735453,1836695334.0366783,1826948495.861308,1811192525.0402944,1788353726.9797869,1757162495.635847,1716113312.730305,1663415498.1058683,1596932301.1387978,1514105222.3383536,1411859529.0765324,1286485702.109236,1133489914.2060907,947404454.3795844,721546074.775512,447706288.1655643,115752332.3698864,-286889605.27545947,-775906787.5006992,-1370978237.0926538,2225132225.548557,1907596750.7406726,1468188330.8583708,865326835.1422364,41328333.23346501,-1084905640.3661203,-2629016758.506313,-4758289888.712632,-7717961620.66699,-11870989015.14787,-17754227790.18719,-26140059498.369,-38021181637.80529,-54110840187.70248,-72021895172.47758,-74283583656.76964,-18033431793.27332,0.0
14.5,56121133.60095106,57815984.77593486,59491304.47391167,61146443.45530944,62780735.85152806,64393498.71569955,65984031.55805063,67551615.86507827,69095514.60170808,70614971.6955506,72109211.502314,73577438.25138375,75018835.470505,76432565.38845503,77817768.31450999,79173561.99345273,80499040.93478018,81793275.71469593,83055312.24938974,84284171.03800851,85478846.37364002,86638305.5205194,87761487.85557342,88847303.97230044,89894634.74486555,90902330.35017918,91869209.24557656,92794057.09959964,93675625.6732248,94512631.648733,95303755.403259,96047639.72388417,96742888.4609638,97388065.11619104,97981691.3617035,98522245.4863268,99008160.76484434,99437823.74593364,99809572.4541906,100121694.50138947,100372425.10187484,100559944.98669262,100682378.21077618,100737789.84719256,100724183.56212609,100639499.06393918,100481609.41928308,100248318.22885686,99937356.65501375,99546380.2929925,99072965.87711376,98514607.81281708,97868714.52492309,97132604.61200036,96303502.79616126,95378535.65706572,94354727.13828696,93228993.81358576,91998139.89995922,90658852.00363976,89207693.58448389,87641099.12340042,85955367.97666559,84146657.90009099,82210978.22510864,80144182.66786629,77941961.75140806,75599834.8199451,73113141.62307304,70477033.44659442,67686463.76533508,64736178.391980805,61620705.0945531,58334342.65360357,54871149.328638576,51224930.70154491,47389226.86302336,43357298.90610103,39122114.68877651,34676333.82569745,30012291.86648746,25121983.61592677,19997045.548594907,14628737.267898668,9007921.95647455,3125045.7619277434,-3029883.9414006965,-9467321.477376647,-16198207.04609273,-23233992.22517888,-30586666.86866997,-38268787.48196261,-46293507.15588381,-54674607.14760374,-63426530.20103766,-72564415.70455581,-82104136.78909245,-92062339.47535232,-102456483.98438528,-113304888.33170696,-124626774.33091705,-136442316.13875318,-148772691.47927243,-161640135.69060192,-175067998.74305698,-189080805.38243943,-203704318.5566789,-218965606.28752685,-234893112.1514375,-251516729.5347137,-268867879.8271424,-286979594.7150333,-305886602.728421,-325625420.1872259,-346234446.6767737,-367754065.1629547,-390226746.8304288,-413697160.6919543,-438212287.97143817,-463821541.20546585,-490576887.9352528,-322904675.0379123,-348744806.8660992,-375859457.7429114,-404317218.81587297,-434190748.7632333,-465557023.8980613,-418348335.0393313,-451043755.3510957,-485457243.3435794,-521687528.9192362,-559839531.5888627,-600024749.6866951,-642361667.5807599,-686976179.6821649,-734002029.3563598,-783581259.9389677,-835864673.907518,-891012294.7945176,-949193824.5668168,-1010589086.8406396,-1075388443.3254824,-1143793167.134645,-1216015751.8673828,-1292280129.4068854,-1372821761.875227,-1457887563.7440631,-1547735598.2185364,-1642634477.0606663,-1742862374.2025807,-1848705539.8159769,-1960456171.688507,-2078409463.2195663,-2202859600.088589,-2334094418.166144,-2472388360.411576,-2617993276.466229,-2771126490.6657867,-2931955416.5169444,-3100577811.4979787,-3276996537.505888,-3461087410.797575,-3652558382.278543,-3850897877.510888,-4055309643.618307,-4264630905.695249,-4477230057.74327,-4690879571.388502,-4902599439.94165,-5108466552.142539,-5303386394.100933,-5480826266.64248,-5632515258.441549,-4206570009.476585,-4550698816.903798,-4882027709.204628,-5179459636.186497,-5411265434.171696,-5530448508.365113,-5468370122.429138,-5126354171.07046,-4365509437.599877,-2996417451.7172966,-773158397.7607269,2601209628.67768,7463926918.154091,14296439086.356134,24637332689.38321,46108411522.800644,130460688154.99876,0.0
14.25,376991892.6428232,379915705.9092944,382864965.236097,385840091.48954856,388841512.93686926,391869665.36782485,394924992.2183138,398007944.6959466,401118981.9076466,404258570.9893197,407427187.23762506,410625314.2438864,413853444.0301845,417112077.1876619,420401723.0170784,423722899.671648,427076134.3021883,430461963.204612,433880931.9697799,437333595.63573945,440820518.84236425,444342275.9883993,447899451.39092064,451492639.4471991,455122444.79896086,458789482.49901503,462494378.1802173,466237768.2267218,470020299.94745785,473842631.7517539,477705433.327013,481609385.81832224,485555182.0098544,489543526.5078987,493575135.92532814,497650739.0672731,501771077.1177452,505936903.82691073,510148985.6986712,514408102.1781602,518715045.8387175,523070622.5678359,527475651.7515198,531930966.4564205,536437413.6090348,540995854.1711723,545607163.3108007,550272230.567274,554991960.0098392,559767270.3881932,564599095.2737238,569488383.1899176,574436097.7302647,579443217.6617993,584510737.0122274,589639665.1383741,594831026.773458,600085862.0504233,605405226.4983073,610790191.0082856,616241841.7657205,621761280.1441593,627349622.5568283,633008000.2607281,638737559.1079489,644539459.238297,650414874.7067409,656364993.0385535,662391014.7043276,668494152.5062716,674675630.8663696,680936685.0060565,687278560.006052,693702509.7339013,700209795.6255385,706801685.30586,713479451.0318252,720244367.9399799,727097712.0785269,734040758.2020917,741074777.3051944,748201033.8680272,755420782.7855415,762735265.947915,770145708.4372783,777653314.3020375,785259261.8661933,792964698.5267125,800770734.9872013,808678438.8707732,816688827.6490762,824802860.817863,833021431.2421337,841345355.58575,849775363.7313064,858312087.0859183,866956045.6572735,875707633.7716346,884567104.291373,893534551.1737398,902609890.1948909,911792837.6432337,921082886.763846,930479281.7105712,939980988.73412,949586664.302624,959294619.8151648,969102782.5281522,979008652.2685657,989009253.4560398,999101081.896896,1009280045.7463256,1019541399.9589332,1029879673.4613996,1040288588.1824526,1050760968.9629524,1061288643.2404112,1071862329.2553276,1082471511.3582828,1093104300.803512,1103747280.1925344,-943058695.1909926,-964390982.4843872,-986049486.452724,-1008022243.5260136,-1030294942.5567106,-1052850663.5542078,-1054379328.201944,-1078920274.594741,-1103793253.2475922,-1128974594.081263,-1154436556.208546,-1180146866.0284455,-1206068208.8981922,-1232157670.4542887,-1258366123.515026,-1284637556.4172828,-1310908338.6454077,-1337106419.7325206,-1363150457.697117,-1388948873.7750466,-1414398830.988322,-1439385135.2464936,-1463779059.3156767,-1487437092.2564688,-1510199620.002859,-1531889546.8525853,-1552310873.0425203,-1571247250.6339004,-1588460549.0539775,-1603689473.3487432,-1616648293.1189637,-1627025758.9836447,-1634484307.1158028,-1638659681.9312334,-1639161143.5026402,-1635572470.910926,-1627454026.702777,-1614346211.8782165,-1595774715.881417,-1571258051.4525962,-1540317957.74137,-1502493351.7173126,-1457358597.9163768,-1404546932.943348,-1343779895.9333446,-1274903535.2688265,-1197931918.3524408,-1113097967.4158,-1020910743.4987248,-922216822.3169804,-818261131.3069278,-710739322.4292485,-2493915693.560187,-2329994242.3275604,-2134243694.0428996,-1907181325.7380042,-1651582955.4339552,-1373334775.9807856,-1082265068.2790747,-792627808.0217265,-522618476.50394064,-291982068.82511437,-116782620.82958336,-1652652.8162249927,66484005.15700494,114432068.28327127,161810862.25907856,182404206.33001533,56609732.43236693,0.0
14.0,487609965.0632528,491615469.24239874,495672640.8827892,499782459.3608362,503945927.9123622,508164074.35453033,512437951.8334592,516768639.5985639,521157243.80470616,525604898.3432964,530112765.7035322,534682037.8650184,539313937.2230791,544009717.5481192,548770664.9804684,553598099.0622094,558493373.8075572,563457878.8134382,568493040.4119952,573600322.8668343,578781229.6149087,584037304.5560405,589370133.3921767,594781345.018577,600272612.9692502,605845656.9190708,611502244.245125,617244191.6499892,623073366.849751,628991690.329763,635001137.1712623,641103738.9521443,647301585.7253869,653596828.0787691,659991679.2797654,666488417.5096772,673089388.1913071,679797006.4147106,686613759.4658133,693542209.4629567,700584996.1067144,707744839.5486304,715024543.3848535,722426997.7809881,729955182.7348475,737612171.4841943,745401134.0669628,753325341.0419089,761388167.3781106,769593096.5222499,777943724.653149,786443765.1336143,795097053.170267,803907550.6926998,812879351.464012,822016686.4355319,831323929.3593674,840805602.673272,850466383.6732868,860311110.9905874,870344791.3900834,880572606.9094453,890999922.3584979,901632293.2002648,912475473.83637,923535426.3210804,934818329.529922,946330588.8106276,958078846.146091,970069990.8611273,982311170.9070708,994809804.7607222,1007573593.9767556,1020610536.435606,1033928940.3318912,1047537438.9518276,1061445006.2916858,1075660973.573292,1090195046.7168422,1105057324.8359342,1120258319.8247628,1135808977.112907,1151720697.6690943,1168005361.341828,1184675351.6318398,1201743581.999055,1219223523.815183,1237129236.0822568,1255475397.0475132,1274277337.8560314,1293551078.3946078,1313313365.4935968,1333581713.6679325,1354374448.5945342,1375710753.540801,1397610718.978192,1420095395.6361454,1443186851.2750103,1466908231.4824991,1491283824.826756,1516339132.7306936,1542100944.4672492,1568597417.7139409,1595858165.1481333,1623914347.6122086,1652798774.4309363,1682546011.5225716,1713192498.0111306,1744776672.1209817,1777339107.217188,1810922658.947193,1845572624.542704,1881336915.4565256,1918266244.6393363,1956414329.908032,1995838115.022466,2036598010.27401,2078758154.6002405,2122386701.4789183,2167556131.12541,2214343591.825473,-623919760.7669579,-624418312.3768358,-624519719.1375926,-624200902.5907983,-623438080.0979427,-622206806.205736,-656108709.871304,-655361573.0816325,-654075305.5183015,-652219434.240543,-649762780.1706688,-646673567.5870351,-642919558.5290942,-638468215.5546722,-633286896.627941,-627343086.2609525,-620604667.3727287,-613040238.6550493,-604619482.5257095,-595313588.9850198,-585095740.83927,-573941665.776451,-561830260.6243874,-548744292.7260265,-534671182.6513704,-519603871.3321837,-503541773.0339859,-486491813.22534335,-468469547.1954569,-449500351.0078985,-429620670.83426446,-408879309.6371526,-387338721.30540895,-365076271.4303627,-342185410.7312949,-318776691.55982864,-294978539.9638597,-270937675.7670083,-246819051.7295732,-222805161.42957485,-199094546.2422067,-175899318.10204798,-153441511.55493298,-131948092.79298252,-111644493.89287856,-92746618.36939722,-75451391.77776921,-59926120.31076311,-46297178.83922437,-34638874.88817872,-24963703.83962879,-17215567.63954273,2157238390.9931636,2440584468.5224037,2757411834.696441,3116222249.20258,3529284021.787625,4014432091.872886,4597818447.434692,5318301012.729113,6234880201.098978,7440243929.301227,9087459530.222162,11447214773.03312,15043481055.175974,21021495320.337803,32366027932.98541,59463915241.15472,168190595452.83206,0.0
13.75,372965045.0041716,375423598.9068597,377907423.362873,380416884.7574189,382952355.9431285,385514216.3621373,388102852.170058,390718656.3618297,393362028.8994309,396033376.841434,398733114.4743736,401461663.4459013,404219452.89968574,407006919.6120172,409824508.13006246,412672670.9117156,415551868.466974,418462569.5007658,421405251.0571408,424380398.6647302,427388506.48336434,430430077.4517286,433505623.43592113,436615665.3787635,439760733.44969547,442941367.1950711,446158115.6886516,449411537.6820709,452702201.7550257,456030686.46491647,459397580.495644,462803482.8052307,466249002.7719051,469734760.33826005,473261386.1530496,476829521.7101528,480439819.4841918,484092943.0622348,487789567.27097535,491530378.2987101,495316073.8113858,499147363.0619145,503024966.9918852,506949618.32472247,510922061.6492555,514943053.49256927,519013362.3809089,523133768.8872969,527305065.664404,531528057.46108747,535803561.12086135,540132405.5604188,544515431.7261509,548953492.5264254,553447452.7371945,557998188.8782728,562606589.0574019,567273552.7789481,571999990.7138075,576786824.4267756,581634986.0573094,586545417.9492401,591519072.2245885,596556910.2962046,601659902.3134693,606829026.5347613,612065268.6198405,617369620.8346412,622743081.1603026,628186652.2974955,633701340.5562743,639288154.6207852,644948104.1771532,650682198.3917717,656491444.2260345,662376844.572193,668339396.1936014,674380087.4509815,680499895.7945873,686699785.0002096,692980702.1247982,699343574.1551393,705789304.3203926,712318768.0364233,718932808.4466704,725632231.5207683,732417800.6682366,739290230.8202275,746250181.9275318,753298251.8177289,760434968.348458,767660780.7872452,774976050.3410066,782381039.750268,789875901.8540684,797460667.0214638,805135229.3343052,812899331.3933969,820752547.6061308,828694265.7979729,836723666.9726105,844839703.0258515,853041072.1962446,861326192.0105485,869693169.4542345,878139768.0657438,886663371.6177778,895260944.0088996,903928984.9435338,912663480.9273669,921459851.0472796,930312886.9393532,939216686.2740349,948164579.002909,957149045.515199,966161625.742362,975192818.1238284,984231967.2037868,993267138.4650012,1002284978.8178296,1011270560.9469168,-218738210.93575493,-213619786.55810645,-208346467.7021784,-202921990.21240625,-197350814.7771027,-191638172.9472617,-214498815.81781983,-208375620.3413664,-202087130.48995733,-195640584.61261076,-189044319.63271168,-182307829.97948977,-175441823.44637525,-168458272.6436433,-161370460.5019897,-154193018.05598795,-146941952.4938298,-139634663.20586854,-132289943.30447382,-124927963.82902218,-117570237.60269111,-110239559.48559384,-102959919.58925596,-95756385.90268949,-88654952.7580348,-81682351.66757846,-74865821.33407705,-68232834.11958262,-61810777.00745081,-55626586.16620511,-49706335.683437705,-44074782.94287146,-38754875.520660765,-33767227.41426641,-29129575.89628373,-24856234.268497348,-20957560.173738137,-17439463.708703924,-14302984.053766364,-11543967.232185945,-9152880.297389604,-7114797.912294459,-5409594.962947042,-4012372.4876386346,-2894132.8028946086,-2022702.555354004,-1363879.4343173746,-882750.4159620749,-545099.1871579601,-318792.2423130755,-175013.44825614677,-89213.33911630607,-84911582.90902919,-66517231.35817926,-49919994.8722564,-35400902.45764325,-23240292.021134537,-13687512.176839862,-6915915.959340977,-2973923.0136615396,-1761232.5148050603,-3080223.4573213165,-6820169.261444358,-13303077.418551454,-23750100.869293444,-40716158.9554563,-67628761.98301199,-99882874.47214663,-63452893.0203465,0.0
13.5,141658879.74817464,141546324.21233383,141419330.95841205,141277453.74439543,141120232.26055816,140947191.64081228,140757841.9552634,140551677.68317547,140328177.16551122,140086802.0361749,139826996.63104498,139548187.37383634,139249782.1377959,138931169.58217576,138591718.46239036,138230776.91270018,137847671.70022032,137441707.44898376,137012165.83273566,136558304.7350667,136079357.37542734,135574531.39949167,135043007.93226752,134483940.59226584,133896454.46496324,133279645.03370342,132632577.06608516,131954283.4537949,131243764.00373287,130499984.17817783,129721873.7816156,128908325.59174354,128058193.93202846,127170293.1830664,126243396.22984707,125276232.84188177,124267487.98298928,123215800.0473741,122119759.018449,120977904.5466759,119788723.942494,118550650.08020808,117262059.20847891,115921268.66283745,114526534.47539246,113076048.8766476,111567937.68407096,110000257.57176767,108370993.21530868,106678054.3054376,104919272.42404744,103092397.77544694,101195095.76556754,99224943.42134812,97179425.64211726,95055931.27433668,92851749.000598,90564063.03325412,88189948.60254057,85726367.22847688,83170161.76523659,80518051.20605077,77766625.23604207,74912338.51967953,71951504.7087973,68880290.15634239,65694707.32017052,62390607.84034464,58963675.27244878,55409417.45845913,51723158.51567154,47900030.42309976,43934964.18359707,39822680.53874947,35557680.21229998,31134233.65652136,26546370.274537835,21787867.0900928,16852236.834721886,11732715.420609208,6422248.765724649,913478.9359997144,-4801270.432546776,-10730009.47081849,-16881098.213891163,-23263263.581742533,-29885617.248897336,-36757674.45069851,-43889373.776244506,-51291098.00043669,-58973696.01001781,-66948505.88096304,-75227379.16707599,-83822706.46212621,-92747444.30033655,-102015143.4624048,-111639978.75652993,-121636780.3460829,-132021066.69742846,-142809079.22310764,-154017818.6968193,-165665083.5174682,-177769509.8997655,-190350614.0683292,-203428836.53083536,-217025588.5032014,-231163300.5559111,-245865473.54502484,-261156731.88391528,-277062879.20180386,-293610956.4223642,-310829302.27942336,-328747616.2663363,-347397023.9903003,-366810144.8716316,-387021162.08977777,-408065894.6312132,-429981871.2378149,-452808405.9859125,-476586675.14377713,-501359794.8561049,-45420022.5563361,-43061943.07304607,-40737389.824597366,-38450276.36312142,-36204523.34245388,-34004038.404768795,-40922854.36723559,-38433325.61999211,-35995601.782332025,-33614415.529240154,-31294427.8367654,-29040193.824500684,-26856126.203742266,-24746456.50368588,-22715194.31998261,-20766084.911590826,-18902565.563033134,-17127721.229435526,-15444240.09006712,-13854369.750858642,-12359874.955060998,-10961997.780356696,-9661421.415746387,-8458238.716504455,-7351926.8231081,-6341329.191482932,-5424646.406888973,-4599437.130684945,-3862630.445451033,-3210550.7065021554,-2638955.764133513,-2143089.0801819493,-1717745.8172428354,-1357352.4272589595,-1056058.614348262,-807839.8116529415,-606607.5243050673,-446324.0969707528,-321117.7288538667,-225392.96224506295,-153931.50657976206,-101978.2279112738,-65307.52598600179,-40266.20501613663,-23790.33992274455,-13395.496662113512,-7141.842241915509,-3577.938059328067,-1669.0258860209367,-717.025572874841,-279.9402334010202,-97.71759956129536,11601022.67661029,12554789.207377922,13663635.65878074,14990408.441834023,16608362.603979979,18609199.153665286,21115601.917732116,24301572.935625363,28427386.650496196,33903515.89494869,41415455.01991144,52187488.63731925,68601656.93658139,95873259.31254835,147605836.92028952,271167948.41259766,766975134.1331989,0.0
13.25,-74334517.98920074,-76248837.39559358,-78196304.581556,-80177546.13740277,-82193201.70938301,-84243924.279978,-86330380.4534312,-88453250.74652587,-90613229.88462009,-92811027.10293436,-95047366.45308004,-97322987.1148086,-99638643.71294388,-101995106.6394543,-104393162.38059868,-106833613.84907325,-109317280.72106434,-111844999.77809338,-114417625.25352456,-117036029.18357928,-119701101.7626795,-122413751.70291828,-125174906.5974224,-127985513.28734824,-130846538.23221308,-133758967.88323082,-136723809.05928108,-139742089.32510108,-142814857.3712389,-145943183.3952603,-149128159.4836498,-152370899.9937794,-155672541.93526852,-159034245.34997737,-162457193.68981293,-165942594.19143733,-169491678.24688983,-173105701.76903632,-176785945.5506586,-180533715.61588973,-184350343.56257984,-188237186.89405227,-192195629.3385701,-196227081.1546856,-200332979.4204833,-204514788.3045536,-208773999.31634524,-213112131.5333447,-217530731.80230603,-222031374.91152683,-226615663.7308979,-231285229.31618807,-236041730.9737244,-240886856.2813016,-245822321.06081244,-250849869.2977083,-255971273.0019976,-261188332.00504863,-266502873.68599105,-271916752.6209911,-277431850.14813364,-283050073.8400369,-288773356.8756812,-294603657.30223984,-300542957.1769412,-306593261.5781765,-312756597.4741947,-319035012.43676376,-325430573.1861549,-331945363.9527023,-338581484.6389781,-345341048.7653365,-352226181.1801736,-359239015.5147385,-366381691.3606931,-373656351.1468568,-381065136.6896468,-388610185.3896866,-396293626.0447968,-404117574.2472029,-412084127.3301698,-420195358.8264798,-428453312.3981351,-436859995.19338304,-445417370.58364064,-454127350.229068,-462991785.4174398,-472012457.6165099,-481191068.1752931,-490529227.1045276,-500028440.8610197,-509690099.0546061,-519515459.9900241,-529505634.94906384,-539661571.1109455,-549984033.0008819,-560473582.3482212,-571130556.2264149,-581955043.3372077,-592946858.2910098,-604105513.72418,-615430190.0820725,-626919702.8840309,-638572467.2730939,-650386459.6389996,-662359176.0881265,-674487587.5183135,-686768091.0400914,-699196457.4688125,-711767774.5945061,-724476385.9182138,-737315824.5251497,-750278741.7465612,-763356830.2438383,-776540741.1306411,-789819994.7319916,-803182884.5639466,-816616374.1043543,-830105985.9150933,-843635682.6702105,-857187739.6437138,-5735638.785437386,-5247876.747545581,-4786113.189990826,-4350232.4612745205,-3940039.040712949,-3555256.6188964806,-4668198.453984648,-4209749.20854191,-3780857.845314406,-3381102.060329483,-3009955.8058607643,-2666790.517802909,-2350877.371033222,-2061390.6227936835,-1797412.0917303355,-1557936.8046658223,-1341879.8242901184,-1148084.2486652154,-975330.3477968988,-822345.7737324435,-687816.7490826115,-570400.1051476472,-468736.00580906303,-381461.1581702111,-307222.2770175854,-244689.53925121532,-192569.73847952165,-149618.83118387958,-114653.55653800876,-86561.81440382634,-64311.50230012779,-46957.54390057884,-33646.88980661956,-23621.335906618297,-16218.084239263912,-10868.063064928516,-7092.122280667362,-4495.321204773914,-2759.62050381758,-1635.370145803386,-932.042181452183,-508.6833729345887,-264.55303711324126,-130.3644060572861,-60.466417897817045,-26.195240776791483,-10.503590665982154,-3.8564717607956434,-1.280003397583893,-0.3781885727680407,-0.0976266547748427,-0.0215208479473996,3523019.938283375,3470473.2385257664,3363037.44816358,3175418.803592097,2870899.9089132575,2395554.865260599,1668814.7500558712,567761.6409818485,-1099610.9255226434,-3640945.311624088,-7561993.528183566,-13712875.416737659,-23532889.468915857,-39340028.29799283,-63749181.04037603,-90784416.5965918,-52553735.380617835,0.0
13.0,-182671339.4146773,-184609632.5780205,-186566476.2459563,-188541977.82854548,-190536241.4512448,-192549367.7201606,-194581453.4761559,-196632591.5373209,-198702870.42929903,-200792374.1029372,-202901181.6387033,-205029366.9372996,-207176998.39586377,-209344138.56913656,-211530843.81493813,-213737163.92327407,-215963141.7283652,-218208812.7028529,-220474204.5334241,-222759336.67704085,-225064219.89695075,-227388855.77760383,-229733236.21757248,-232097342.8995375,-234481146.7363564,-236884607.29219824,-239307672.17768693,-241750276.4179511,-244212341.7924353,-246693776.145287,-249194472.6650796,-251714309.1325937,-254253147.1353221,-256810831.2473175,-259387188.17295143,-261982025.85309768,-264595132.5322006,-267226275.7846328,-269875201.4986934,-272541632.8165381,-275225269.02827114,-277925784.41838205,-280642827.06263447,-283376017.573468,-286124947.79190856,-288889179.42392033,-291668242.6190803,-294461634.489387,-297268817.5659678,-300089218.1913866,-302922224.8451974,-305767186.4003435,-308623410.3079478,-311490160.70799506,-314366656.46336985,-317252069.11467016,-320145520.7531992,-323046081.80950475,-325952768.75482816,-328864541.7128216,-331780301.97889966,-334698889.44461113,-337619079.9244563,-340539582.3826252,-343459036.0572101,-346376007.47953266,-349288987.38635504,-352196387.5228859,-355096537.33467126,-357987680.54668105,-360867971.628148,-363735472.1420225,-366588146.97824967,-369423860.4704799,-372240372.3962972,-375035333.8615728,-377806283.0701689,-380550640.980923,-383265706.8546155,-385948653.6945394,-388596523.5852904,-391206222.9355474,-393774517.631891,-396298028.1121519,-398773224.3684007,-401196420.89149165,-403563771.57110095,-405871264.5674429,-408114717.1733623,-410289770.6882909,-412391885.32864594,-414416335.20269567,-416358203.3817168,-418212377.103478,-419973543.1487493,-421636183.436654,-423194570.8903628,-424642765.6308398,-425974611.563214,-427183733.4278612,-428263534.3965259,-429207194.3028302,-430007668.606377,-430657688.2003964,-431149760.1846021,-431476169.7376287,-431628983.23721766,-431600052.7912327,-431381022.3586692,-430963335.6571272,-430338246.0717665,-429496828.8005768,-428429995.4918568,-427128511.6521092,-425583017.1260173,-423784049.974726,-421722074.1040865,-419387511.020726,-416770776.120346,-413862319.9393076,-410652674.8266901,-440591.0714291472,-386547.2624901451,-337618.21343936323,-293503.6717489291,-253903.037569487,-218516.8827497095,-318031.04895714845,-273366.8236945813,-233652.2536466423,-198524.74384484708,-167626.87099164067,-140608.3826445805,-117128.13034221552,-96855.90938102358,-79474.17781673181,-64679.627755107205,-52184.58318894009,-41718.200587709696,-33027.45119308108,-25877.86753039437,-20054.0409951298,-15359.862458156123,-11618.503555834812,-8672.142546347419,-6381.445130237585,-4624.817214138938,-3297.452965258524,-2310.2073541861487,-1588.327394183243,-1070.080140849515,-705.3179310719786,-454.022085339702,-284.8652287081874,-173.8294698050399,-102.91301254084227,-58.951601709714375,-32.573899944233965,-17.30195612291876,-8.799930464363179,-4.266789700970486,-1.9623349777952892,-0.851121279590552,-0.3458425628872045,-0.1306501383712539,-0.0454804964052882,-0.0144382735944169,-0.0041293404087712,-0.001048700223037,-0.0002324632807086,-4.4056697694955744e-05,-6.962158306544879e-06,-8.896865836517387e-07,-4262153.45006776,-4823540.666314219,-5449442.771868666,-6142651.937051208,-6902229.461156561,-7720373.047355656,-8577233.490837134,-9432502.421996402,-10212190.147610594,-10789124.141059522,-10958238.762793511,-10418771.76734385,-8811500.167347448,-5948727.56431705,-2454149.9337581526,-265389.00737760187,-85.84592104989018,0.0
12.75,-174583883.2017406,-175446727.18626955,-176306663.8696344,-177163438.57513276,-178016788.8486185,-178866444.2662676,-179712126.23889527,-180553547.812851,-181390413.4675221,-182222418.90948856,-183049250.8633791,-183870586.85949183,-184686095.01824817,-185495433.83156988,-186298251.94127268,-187094187.91459003,-187882870.0169541,-188663915.9821772,-189436932.7801928,-190201516.38253808,-190957251.5257764,-191703711.47308123,-192440457.7742256,-193167040.0242492,-193882995.6210948,-194587849.52254388,-195281114.00280404,-195962288.4091351,-196630858.9189397,-197286298.29777727,-197928065.65880013,-198555606.22415605,-199168351.088944,-199765716.98835987,-200347106.0687185,-200911905.6630942,-201459488.07238176,-201989210.3526395,-202500414.10964173,-202992425.30164093,-203464554.05141148,-203916094.46872723,-204346324.4845077,-204754505.69795987,-205139883.23813024,-205501685.6413917,-205839124.7464827,-206151395.6088391,-206437676.43607217,-206697128.5465704,-206928896.35333505,-207132107.3753009,-207305872.2785375,-207449284.94987884,-207561422.60569656,-207641345.9386982,-207688099.3058133,-207700710.960416,-207678193.3323316,-207619543.3592818,-207523742.8736336,-207389759.0485464,-207216544.9078464,-207003039.90419704,-206748170.57038915,-206450851.24884096,-206109984.90466103,-205724464.02791587,-205293171.6310264,-204814982.34751484,-204288763.63862664,-203713377.1146588,-203087679.9781412,-202410526.59632567,-201680770.21077105,-200897264.7921046,-200058867.04837903,-199164438.59573105,-198212848.3003596,-197202974.80112043,-196133709.22230145,-195003958.0863953,-193812646.4368972,-192558721.1813424,-191241154.66494325,-189858948.4852734,-188411137.55848408,-186896794.447499,-185315033.9625204,-183665018.04396164,-181945960.93760887,-180157134.6713587,-178297874.8422953,-176367586.72211707,-174365751.68797487,-172291933.9846439,-170145787.82255787,-167927064.81457806,-165635621.75242037,-163271428.7213719,-160834577.54927522,-158325290.58267567,-155743929.77951372,-153091006.10369977,-150367189.2023375,-147573317.3411669,-144710407.56795755,-141779666.0670258,-138782498.6607147,-135720521.40552342,-132595571.22153129,-129409716.48378316,-126165267.49333788,-122864786.73369215,-119511098.80523658,-116107299.91626334,-112656766.79382944,-109163164.86149146,-105630455.5136304,-102062902.29784387,-98465075.79784338,-20350.88501745859,-17003.391891122727,-14122.54572118352,-11657.218353517315,-9559.896954161217,-7786.665519840767,-12775.038324308516,-10384.8212984886,-8378.984309139933,-6707.678799745439,-5325.534269532173,-4191.535846094192,-3268.870413206349,-2524.7441602299787,-1930.174914006119,-1459.7630490640634,-1091.445130731825,-806.2347127984436,-587.9548731541283,-422.9671165667952,-299.90119640256614,-209.39020417313387,-143.8149500293807,-97.06121715156016,-64.29293270430442,-41.7436775803981,-26.52828152292003,-16.475548298856868,-9.982458708910668,-5.889539160151056,-3.3764904191763017,-1.8766711754827945,-1.0086442695201618,-0.5227321336939245,-0.2603954464856808,-0.1242392284725275,-0.0565490104858253,-0.0244446540726357,-0.0099846714117041,-0.0038315744130264,-0.0013723661002918,-0.0004553636243297,-0.000138772499603,-3.845805040306632e-05,-9.580687031975806e-06,-2.116789310615976e-06,-4.082743734760841e-07,-6.74658980489654e-08,-9.34071602882164e-09,-1.0548644341762295e-09,-9.406479618838072e-11,-6.365242951830947e-12,-3063455.135344167,-3063409.0843686503,-3025526.816674679,-2941294.6811084123,-2801923.252235821,-2599390.460905519,-2328276.698077679,-1988691.6734498015,-1590437.840630501,-1157908.6130137157,-733531.5295176862,-374383.7077525469,-133618.69496232487,-24969.091654442662,-1225.7403953499074,-1.9091342980396733,-1.9056328219928017e-09,0.0
12.5,-113112975.13717216,-113058553.30259128,-112994134.81604728,-112919536.07786702,-112834571.9539224,-112739055.83260757,-112632799.68627518,-112515614.13733377,-112387308.52921726,-112247691.0024488,-112096568.57602072,-111933747.23432866,-111759032.01989833,-111572227.13215546,-111373136.0324973,-111161561.5559274,-110937306.02953044,-110700171.39806552,-110449959.35696858,-110186471.49305984,-109909509.43326238,-109618875.00164446,-109314370.38510562,-108995798.30803692,-108662962.21628872,-108315666.4707914,-107953716.55117851,-107576919.26976788,-107185082.99626614,-106778017.89356366,-106355536.16499452,-105917452.31344074,-105463583.41266328,-104993749.39124537,-104507773.32953753,-104005481.76999168,-103486705.04127727,-102951277.59656444,-102399038.36636372,-101829831.12630165,-101243504.88021152,-100639914.25890556,-100018919.93499117,-99380389.05407496,-98724195.68269134,-98050221.27326968,-97358355.14643665,-96648494.99092788,-95920547.38135386,-95174428.31403545,-94410063.7610922,-93627390.24292396,-92826355.4191837,-92006918.69829132,-91169051.8654806,-90312739.7293164,-89437980.78654328,-88544787.90505993,-87633189.02472845,-86703227.8756384,-85754964.71334565,-84788477.07050155,-83803860.5241684,-82801229.47798945,-81780717.95824398,-80742480.4226686,-79686692.58076078,-78613552.22410834,-77523280.06509726,-76416120.58214794,-75292342.86941336,-74152241.4886346,-72996137.32060438,-71824378.41341878,-70637340.82441582,-69435429.45239466,-68219078.85639445,-66988754.05696606,-65744951.31552126,-64488198.886959314,-63219057.74038531,-61938122.242314026,-60646020.79632796,-59343416.43270971,-58031007.341103055,-56709527.3387859,-55379746.26664183,-54042470.3044219,-52698542.196382016,-51348841.37786714,-49994283.99290946,-48635822.79239923,-47274446.90189751,-45911181.44768299,-44547087.02917911,-43183259.02548885,-41820826.72340176,-40460952.25391334,-39104829.32406392,-37753681.73072978,-36408761.64294611,-35071347.63938605,-33742742.48781508,-32424270.653682824,-31117275.52554268,-29823116.34572113,-28543164.835622948,-27278801.5062848,-26031411.646304592,-24802380.981114224,-23593090.999756224,-22404913.94790839,-21239207.48890086,-20097309.03792956,-18980529.7786064,-17890148.37544032,-16827404.400825214,-15793491.500650464,-14789550.328744909,-13816661.28702348,-12875837.11541118,-554.920121380192,-438.3307665373279,-343.61510738820965,-267.23152820036125,-206.1033554439955,-157.5762649149859,-296.6890106292092,-226.19255862921028,-170.8043431604756,-127.68816779617968,-94.45096094587096,-69.09125417834906,-49.95057512368373,-35.66806867290613,-25.13858543381233,-17.474399375989048,-11.97063947891969,-8.074445206080254,-5.357784944731135,-3.493812213249388,-2.2365782408965136,-1.4038729287337215,-0.8629302480605439,-0.5187093898061155,-0.3044494981991699,-0.1741931431003941,-0.0969808617895265,-0.0524347680337838,-0.0274716962774871,-0.0139137313756147,-0.0067943107659636,-0.0031894861672966,-0.0014347000965351,-0.0006161700620919,-0.0002516476573496,-9.729375930749724e-05,-3.543117567243037e-05,-1.2084471953347154e-05,-3.8355187417108615e-06,-1.1246406952896356e-06,-3.021322914392495e-07,-7.366436747154042e-08,-1.6123706044945456e-08,-3.128657321475365e-09,-5.303923217851121e-10,-7.72291373371389e-11,-9.467062107897792e-12,-9.541501223014517e-13,-7.68662793412236e-14,-4.784788051356047e-15,-2.2089101074965767e-16,-7.192629521835046e-18,-694594.6127173022,-603171.420589987,-508200.56881835125,-412463.02732368035,-319409.5243766197,-232988.00645700173,-157263.61344781803,-95786.63869338454,-50745.29152008713,-22114.22858323788,-7254.752133641143,-1542.8867461238485,-162.04676388240262,-4.847829266069915,-0.011274601699260532,-3.9627832206282866e-08,-4.593600296247217e-25,0.0
12.25,-54523345.43774521,-54165381.41345133,-53801734.72263327,-53432404.16084991,-53057390.77497865,-52676697.942731954,-52290331.453642845,-51898299.59149589,-51500613.2181758,-51097285.85890024,-50688333.78880211,-50273776.12081613,-49853634.89482416,-49427935.16800484,-48996705.10632798,-48559976.077127405,-48117782.74268047,-47670163.154711984,-47217158.84973685,-46758814.94514347,-46295180.23591499,-45826307.29187421,-45352252.55532881,-44873076.438985206,-44388843.42398656,-43899622.15792147,-43405485.55263764,-42906510.88168279,-42402779.877182126,-41894378.82595025,-41381398.66461986,-40863935.07355532,-40342088.569307946,-39815964.59534767,-39285673.61079783,-38751331.17687641,-38213058.04073451,-37670980.21636229,-37125229.06221712,-36575941.35520633,-36023259.36064171,-35467330.89775933,-34908309.40038202,-34346353.97227654,-33781629.43674004,-33214306.37992861,-32644561.18741715,-32072576.073459048,-31498539.102394026,-30922644.20162664,-30345091.16557968,-29766085.65000336,-29185839.15599907,-28604569.003098164,-28022498.290712312,-27439855.847255573,-26856876.1662186,-26273799.3284574,-25690870.90994393,-25108341.87421237,-24526468.448720463,-23945511.98433721,-23365738.79716091,-22787419.99186477,-22210831.265769225,-21636252.692840576,-21063968.48682272,-20494266.742720746,-19927439.155871443,-19363780.71785657,-18803589.38854627,-18247165.74359073,-17694812.596725397,-17146834.596302018,-16603537.795519495,-16065229.195895398,-15532216.263600623,-15004806.41836534,-14483306.49477047,-13968022.17584871,-13459257.399047837,-12957313.734749625,-12462489.737691466,-11975080.271809554,-11495375.80920724,-11023661.70415536,-10560217.443250043,-10105315.873089442,-9659222.407085484,-9222194.213296885,-8794479.385458676,-8376316.099689126,-7967931.759676645,-7569542.133487213,-7181350.485485165,-6803546.707224563,-6436306.451545572,-6079790.274493166,-5734142.790067601,-5399491.843205914,-5075947.706786335,-4763602.308828505,-4462528.496434985,-4172779.343371313,-3894387.508508408,-3627364.652645123,-3371700.921479465,-3127364.502696887,-2894301.2652813564,-2672434.489220196,-2461664.6937524383,-2261869.572194197,-2072904.041145938,-1894600.4115370149,-1726768.688475451,-1569197.0062352906,-1421652.2039170952,-1283880.5463478386,-1155608.5936354296,-1036544.2214532114,-926377.7925960108,-8.727903484957467,-6.4675800801550825,-4.747287051412462,-3.4500843609021463,-2.481368957950169,-1.765283389411518,-3.8874941635982414,-2.7551589917420736,-1.9294306456312411,-1.3342977893557622,-0.9106151063648396,-0.6128767747957847,-0.4064845551410235,-0.2654608802602095,-0.1705572502036892,-0.1077091940027917,-0.0667909483336263,-0.0406256759056598,-0.0242103446869905,-0.0141181432920288,-0.0080453470941322,-0.0044737092201332,-0.0024235793746789,-0.0012769199441775,-0.0006530859226903,-0.0003235830432142,-0.0001549655056212,-7.155661399848413e-05,-3.177288859130344e-05,-1.352584608916498e-05,-5.502352386686596e-06,-2.1312437339861125e-06,-7.828378761841243e-07,-2.714704592020141e-07,-8.84341983194927e-08,-2.6911853946070613e-08,-7.602850881649545e-09,-1.979982375676857e-09,-4.715678854868582e-10,-1.017907867203656e-10,-1.9710363310919823e-11,-3.383789283829229e-12,-5.081317807731751e-13,-6.571288693211291e-14,-7.187471088355118e-15,-6.510132457009471e-16,-4.763528850869964e-17,-2.7344254772878873e-18,-1.1891648019024292e-19,-3.7571180250386665e-21,-8.197063196581032e-23,-1.1606249160278228e-24,-65082.2295295334,-47177.30517391842,-32404.149424301726,-20831.84621002241,-12333.468447839643,-6580.122355959182,-3070.5176262726623,-1201.5539989865292,-370.89225428659466,-82.33339764222083,-11.355349622720023,-0.7612232501246695,-0.015896217718965752,-4.221334441366921e-05,-1.7369562360457724e-09,-1.9155686908746932e-18,-6.8917113034383624e-46,0.0
12.0,-20069270.42646997,-19797385.16787917,-19524852.27745248,-19251725.076197688,-18978058.057253685,-18703906.883811776,-18429328.385829344,-18154380.555478707,-17879122.541273683,-17603614.64081354,-17327918.292085033,-17052096.063259955,-16776211.640925838,-16500329.816686414,-16224516.472066592,-15948838.561657052,-15673364.094432294,-15398162.113175057,-15123302.671940006,-14848856.811489496,-14574896.532633,-14301494.767402764,-14028725.347998053,-13756662.973430367,-13485383.17380324,-13214962.272160051,-12945477.34383555,-12677006.173246771,-12409627.208061412,-12143419.51068364,-11878462.70699883,-11614836.932321811,-11352622.774496444,-11091901.214096392,-10832753.561682204,-10575261.392072877,-10319506.475595253,-10065570.706279432,-9813536.026974462,-9563484.35136378,-9315497.482868236,-9069657.030429993,-8826044.321180446,-8584740.31000226,-8345825.486005962,-8109379.775951607,-7875482.444655825,-7644211.992437019,-7415646.049663269,-7189861.26848041,-6966933.211811964,-6746936.239737044,-6529943.393367518,-6316026.276362749,-6105254.934236484,-5897697.731629203,-5693421.22773747,-5492490.050111805,-5294966.76705441,-5100911.758870094,-4910383.088244701,-4723436.370048193,-4540124.640883085,-4360498.22872166,-4184604.623000439,-4012488.3455644255,-3844190.822878197,-3679750.259946349,-3519201.5164102963,-3362575.985313032,-3209901.475048331,-3061202.0950341155,-2916498.145673272,-2775806.0131870667,-2639138.069927225,-2506502.5807921463,-2377903.616390256,-2253340.973608684,-2132810.1042588493,-2016302.052479917,-1903803.401588501,-1795296.2310657294,-1690758.0843720774,-1590161.9482748606,-1493476.244362858,-1400664.8334066472,-1311687.033201576,-1226497.6505020012,-1145047.0276205428,-1067281.1042238325,-993141.4948061416,-922565.58226422,-855486.6279301073,-791833.8983431569,-731532.8089581988,-674505.0848930094,-620668.938715439,-569939.2651581625,-522227.8525279751,-477443.6104461404,-435492.8134181049,-396279.3595844658,-359705.043852137,-325669.84444557846,-294072.22175442945,-264809.428187208,-237777.8275727402,-212873.222483652,-189991.1876919246,-169027.40780774053,-149878.0170023039,-132439.93857633616,-116611.2220114214,-102291.37503513794,-89381.68814618525,-77785.54898642622,-67408.74391640628,-58159.74415311048,-49949.97386684095,-42694.05771123582,-36310.04537923895,-0.0770692194726516,-0.0531387149093927,-0.0362142352951771,-0.0243810319400972,-0.0162061985811507,-0.0106292524862257,-0.0279347833851536,-0.01823267144957,-0.0117270541414637,-0.0074274216307266,-0.0046286312176107,-0.00283571962135,-0.0017063769024621,-0.0010075438074485,-0.0005831436038996,-0.0003304616708849,-0.0001831365147489,-9.912213213021288e-05,-5.232352809866153e-05,-2.6896375165488493e-05,-1.3441454014165936e-05,-6.5189854713115625e-06,-3.0623458515314766e-06,-1.3904474395960066e-06,-6.08814443025469e-07,-2.564237225482663e-07,-1.0360614324857673e-07,-4.0037246902663373e-08,-1.4749044335184885e-08,-5.160720519232613e-09,-1.70831175011218e-09,-5.326158784961793e-10,-1.5564048571204762e-10,-4.2396128542338795e-11,-1.0700078949723626e-11,-2.485164857888269e-12,-5.271352596559886e-13,-1.0124263589977437e-13,-1.7437038299659792e-14,-2.6636686059476626e-15,-3.564148070925949e-16,-4.1180406830037423e-17,-4.041597232619014e-18,-3.3060549618209465e-19,-2.204992910347816e-20,-1.168671032600259e-21,-4.776036257835924e-23,-1.4522685722924747e-24,-3.1490944791602327e-26,-4.627433189572208e-28,-4.3320393782972e-30,-2.3957956078221111e-32,-2627.2805786716567,-1519.9996180591886,-808.7290991426477,-388.3890454196333,-164.27408670301534,-59.21356464324265,-17.387960866301544,-3.9040853789796515,-0.6113363842898806,-0.0581199308346104,-0.0026953022463080414,-4.226559776331975e-05,-1.1552890788583653e-07,-1.4538179446841197e-11,-3.715282711843575e-18,-1.5824730423208952e-31,-3.2882286609553456e-72,0.0
11.75,-5681653.7331352085,-5559288.982337674,-5437891.474898056,-5317485.58344946,-5198095.512470078,-5079745.279266609,-4962458.694548216,-4846259.34259985,-4731170.5610646,-4617215.420346399,-4504416.702645424,-4392796.880640022,-4282378.095830086,-4173182.136558858,-4065230.41573091,-3958543.948246225,-3853143.32817144,-3749048.705671468,-3646279.76372588,-3544855.6946567474,-3444795.1764959707,-3346116.349222416,-3248836.790900746,-3152973.4937559715,-3058542.840219777,-2965560.5789864203,-2874041.801118541,-2784000.9162446847,-2695451.6288929884,-2608406.915007327,-2522878.99869432,-2438879.3292518104,-2356418.5585315656,-2275506.518690871,-2196152.2003900097,-2118363.7314944803,-2042148.356342774,-1967512.415642668,-1894461.3270606955,-1822999.566571072,-1753130.6506326082,-1684857.11926285,-1618180.5200811066,-1553101.3933923752,-1489619.2583859991,-1427732.600523554,-1367438.8601911345,-1308734.4226919268,-1251614.6096551232,-1196073.6719372396,-1142104.7840916854,-1089700.040481815,-1038850.4531117504,-989545.9512480856,-941775.3829037958,-895526.5182537258,-850786.0550484968,-807539.6260907339,-765771.8088340566,-725466.1371614989,-686605.1153953713,-649170.2345857982,-613141.9911195489,-578499.9076846273,-545222.556619495,-513287.5856684068,-482671.7461564753,-453350.9235895689,-425300.17067501775,-398493.7427493008,-372905.13558865176,-348507.12556749553,-325271.81211819674,-303170.66243356577,-282174.55834101664,-262253.8452643203,-243378.38317550285,-225517.59942565364,-208640.54332949285,-192715.9423642333,-177712.25982903084,-163597.75379696212,-150340.5371772534,-137908.63869148822,-126270.06455387996,-115392.8606325493,-105245.17485625278,-95795.3196193083,-87011.83392676877,-78863.54501231904,-71319.62915315114,-64349.6713993687,-57923.72393047047,-52012.36274834612,-46586.7424152121,-41618.64854611284,-37080.54776929615,-32945.63487397339,-29187.876873954025,-25782.0537274074,-22703.795467736792,-19929.61551824121,-17436.939983962722,-15204.132737830963,-13210.516144869904,-11436.387297720668,-9863.029668890897,-8472.720119747546,-7248.731243053228,-6175.329054465814,-5237.766088468601,-4422.269995229152,-3716.0277763592458,-3107.1658389089807,-2584.7260875390166,-2138.638314022661,-1759.6891803361682,-1439.488125895071,-1170.430560274874,-945.6587293218208,-759.0206642535657,-0.0003705969940237,-0.0002356954337312,-0.0001478059878114,-9.133625601489834e-05,-5.557839678076273e-05,-3.3278442008032005e-05,-0.0001066269099881,-6.345712193749267e-05,-3.710340323989163e-05,-2.1295025123551723e-05,-1.1985558853022091e-05,-6.608608319479421e-06,-3.565807110675807e-06,-1.8805814441638976e-06,-9.68202032905098e-07,-4.859501419557043e-07,-2.374307986850592e-07,-1.1275111540746563e-07,-5.195271154187582e-08,-2.3184898423727662e-08,-1.0001212600985064e-08,-4.161208983645154e-09,-1.6660770816195614e-09,-6.402953113834496e-10,-2.35547250214158e-10,-8.269546926964657e-11,-2.761612480292257e-11,-8.740893267442797e-12,-2.6118143077978203e-12,-7.335520150788093e-13,-1.9272392227127432e-13,-4.711399245307472e-14,-1.0654103081071168e-14,-2.214086177674164e-15,-4.197731815143741e-16,-7.201703093009076e-17,-1.1078552295797284e-17,-1.5124695618052885e-18,-1.811322362008161e-19,-1.877951521568876e-20,-1.6604823780502526e-21,-1.2308159506947545e-22,-7.49896357895545e-24,-3.670948595525971e-25,-1.406237442342733e-26,-4.0875263896282675e-28,-8.694987908996199e-30,-1.2968937287765036e-31,-1.2889610760869736e-33,-8.029945414771015e-36,-2.911760196686843e-38,-5.613558721265164e-41,-45.278821384609635,-19.917408479042464,-7.769159658979538,-2.6170399237289246,-0.7352623560126186,-0.16446399300795098,-0.02748277567254565,-0.003137580146969515,-0.00021499111326945644,-7.275805834374927e-06,-8.943521800392927e-08,-2.388506512250871e-10,-5.478941361326027e-14,-1.6767985276928993e-19,-8.752310243120038e-29,-1.556369313951292e-47,-2.356793417363402e-104,0.0
11.5,-1234788.2679311668,-1196992.1373298725,-1159883.3732062562,-1123462.5180008756,-1087729.841572784,-1052685.3381696315,-1018328.7235962504,-984659.4325918208,-951676.6164259212,-919379.1407236424,-887765.5835301449,-856834.2336249202,-826583.0890960526,-797009.8561847544,-768111.9484103224,-739886.4859856011,-712330.2955329337,-685439.9101103491,-659211.5695576246,-633641.2211715725,-608724.5207196482,-584456.8338007043,-560833.2375613356,-537848.5227758767,-515497.1962977234,-493773.48388912407,-472671.333436116,-452184.4185546789,-432306.1425935908,-413029.6430388107,-394347.79632346105,-376253.2230467781,-358738.29360453994,-341795.13423261367,-325415.6334643916,-309591.4490018464,-294314.01499896304,-279574.54975520977,-265364.0638155923,-251673.3684726273,-238493.08466442497,-225813.6522616773,-213625.33973519027,-201918.25419407603,-190682.3517834537,-179907.4484290257,-169583.23091442237,-159699.2682757452,-150245.02349622955,-141209.86548239287,-132583.08130152745,-124353.88865885034,-116511.44859106494,-109044.87835159448,-101943.26446121297,-95195.67589634308,-88791.17738582747,-82718.8427856166,-76967.76849943685,-71527.08691229191,-66385.97980240891,-61533.69169618676,-56959.54312969653,-52652.94377940799,-48603.40542407953,-44800.554699144624,-41234.14560446942,-37894.07172608872,-34770.378132414495,-31853.27290550342,-29133.1382682638,-26600.54126898317,-24246.243985295,-22061.213210656537,-20036.62958762271,-18163.896153646056,-16434.646266841086,-14840.750881106907,-13374.325142227244,-12027.73427903023,-10793.598766427094,-9664.798740116334,-8634.47764595671,-7696.045110450431,-6843.179022433523,-6069.8268199156055,-5370.205980037585,-4738.803714284646,-4170.375875390146,-3659.945086750573,-3202.7981096168314,-2794.4824677915567,-2430.8023540075906,-2107.8138465458005,-1821.819468928,-1569.3621296444262,-1347.218482799743,-1152.391754236118,-982.1040810717236,-833.7884156264249,-705.0800473521601,-593.8077985960695,-497.984951762917,-415.7999666718978,-345.6070475917408,-285.9166195631145,-235.385773159995,-192.80873579381665,-157.10742602395888,-127.32214511446404,-102.60245728761112,-82.19830679875241,-65.45141613169326,-51.78700533872906,-40.705867882019206,-31.776833340593434,-24.629642104846088,-18.94825176969104,-14.464589445490294,-10.952758722745774,-8.22370464387022,-9.381750391132888e-07,-5.453067191550156e-07,-3.116900438791757e-07,-1.7506358986250808e-07,-9.653939621498176e-08,-5.2224212698388e-08,-2.0868007324891105e-07,-1.120515881209815e-07,-5.891292737554546e-08,-3.02967982481612e-08,-1.522239262605394e-08,-7.463481451230968e-09,-3.5662142761242637e-09,-1.6583468972896522e-09,-7.493687694841383e-10,-3.28526181621969e-10,-1.39491444522363e-10,-5.7255776881425465e-11,-2.2673179782781057e-11,-8.643388332710723e-12,-3.164563986286901e-12,-1.1099320887653053e-12,-3.7190457889204253e-13,-1.1869006732124611e-13,-3.5960328230156994e-14,-1.0306431192776272e-14,-2.783379938356934e-15,-7.052745543294783e-16,-1.6688817158949523e-16,-3.6688492925555217e-17,-7.450672757417826e-18,-1.3889456187918448e-18,-2.3602883717867976e-19,-3.627961576634754e-20,-5.0005660011503e-21,-6.1211357465771125e-22,-6.582453148495373e-23,-6.143022528378316e-24,-4.907092744867885e-25,-3.3031061790881685e-26,-1.8405426602856727e-27,-8.318710143423222e-29,-2.9792148421369287e-30,-8.229374886079201e-32,-1.6992428835326745e-33,-2.5287212617844186e-35,-2.5981915062694098e-37,-1.7520198817714422e-39,-7.299168590976021e-42,-1.7473769302091873e-44,-2.201656728577245e-47,-1.311430008147868e-50,-0.3233902155940586,-0.10269257475151337,-0.02768944580708664,-0.006116552726592936,-0.0010561785523681365,-0.00013389593453563302,-1.143831901270418e-05,-5.83802331703795e-07,-1.4955918580642987e-08,-1.4798894579332323e-10,-3.743597766931121e-13,-1.2149387338943746e-16,-1.4578584596544292e-21,-5.339379770937825e-29,-1.7455169327627658e-41,-1.2181617297324692e-66,-1.116093662532688e-142,0.0
11.25,-204529.9375679636,-196180.1639004045,-188074.0622184416,-180208.20419972308,-172579.1037247621,-165183.21912672967,-158016.95551703486,-151076.6671851962,-144358.6600713569,-137859.1943095931,-131574.48684000058,-125500.71408733528,-119634.0147037992,-113970.49237338173,-108506.21867494608,-103237.23600106788,-98159.56052943577,-93269.18524341652,-88562.08299818766,-84034.20962865082,-79681.50709513597,-75499.90666270391,-71485.33210968346,-67633.702960866,-63940.93774061665,-60402.95724096752,-57015.68779960207,-53775.064582452345,-50677.03486549802,-47717.5613101917,-44892.62522680157,-42198.229819837805,-39630.40340961461,-37185.20262389283,-34858.71555347194,-32647.064865516608,-30546.410868357507,-28552.95452146571,-26662.940384279023,-24872.659497562297,-23178.45219100589,-21576.71081080617,-20063.88236104364,-18636.4710527556,-17291.040754720732,-16024.217340108293,-14832.690923306844,-13713.217981440404,-12662.623355294,-11677.802124614464,-10755.721353021388,-9893.421698062735,-9088.0188822688,-8336.705021413525,-7636.749806564335,-6985.501536906598,-6380.388000753209,-5818.917202600208,-5298.67793456116,-4817.340191006982,-4372.655425747766,-3962.456651623695,-3584.6583829157103,-3237.2564215422126,-2918.327488575449,-2626.028703184364,-2358.596911687466,-2114.347869979015,-1891.675283166085,-1689.049706824048,-1505.017314837703,-1338.1985393400046,-1187.2865887886376,-1051.0458507258318,-928.3101862467984,-817.9811236511939,-719.0259591677586,-630.4757730189871,-551.4233694282178,-481.02114946061903,-418.4789258303892,-363.0616889944962,-314.0873339866,-270.92435752073703,-232.9895349106476,-199.74558630639257,-170.69884164353738,-145.39691353183335,-123.426387079977,-104.4105353615778,-88.00706887666202,-73.90592695494124,-61.82711858479906,-51.51861963909993,-42.75433290984432,-35.33211676340255,-29.07188759219911,-23.813800573396065,-19.41651255713544,-15.75553020323608,-12.721645773434538,-10.219462273881136,-8.166008937512494,-6.489447345811396,-5.12786782201302,-4.02817509036036,-3.1450615955086425,-2.44006631905407,-1.8807164221683,-1.4397485894327076,-1.0944065532695002,-0.8258109439728843,-0.6183973393035591,-0.4594181808900277,-0.3385040821117817,-0.2472799724449983,-0.1790315040595457,-0.1284171843719505,-0.0912217889480054,-0.064146747453054,-0.0446333754241138,-1.204687157003011e-09,-6.336906758898832e-10,-3.2682229508207255e-10,-1.6511413736001378e-10,-8.163523977299443e-11,-3.945920314566837e-11,-2.0142813299634515e-10,-9.649611096313571e-11,-4.509526676892715e-11,-2.0532430698729758e-11,-9.096154427092504e-12,-3.915281110941701e-12,-1.6349016352605672e-12,-6.61198890684213e-13,-2.585358009856676e-13,-9.75521462233256e-14,-3.5448497584389486e-14,-1.2378067400275239e-14,-4.143583868693825e-15,-1.3263544923407364e-15,-4.048595586875338e-16,-1.1749282221489558e-16,-3.2312481880751626e-17,-8.391665883373119e-18,-2.050099947594801e-18,-4.691682876698641e-19,-1.0011905587265375e-19,-1.982242081414248e-20,-3.6211978135745225e-21,-6.066899819099359e-22,-9.259607749584876e-23,-1.2779525905019521e-23,-1.5818669052839128e-24,-1.74019458200852e-25,-1.6841631026261743e-26,-1.4177316950893455e-27,-1.0249269330264154e-28,-6.272671684725662e-30,-3.1977113109350992e-31,-1.333150557334002e-32,-4.451396140848703e-34,-1.1622907261388297e-35,-2.308972325108704e-37,-3.381076541717262e-39,-3.517754829768521e-41,-2.4913087861300497e-43,-1.1420189031247887e-45,-3.1926548763165254e-48,-5.070844820774157e-51,-4.2025041540987065e-54,-1.6394338776716132e-57,-2.654228419069697e-61,-0.0009183950212732152,-0.00019920092330595582,-3.4870852933850796e-05,-4.7018796713423905e-06,-4.593662791906189e-07,-2.9967234806531804e-08,-1.167516986402867e-09,-2.3228540003023068e-11,-1.881634606724003e-13,-4.415146410436764e-16,-1.7557649622408265e-19,-4.834976380321162e-24,-1.8354398892771305e-30,-3.783238768463572e-40,-2.2027813936029627e-56,-4.8779999110806565e-89,-1.4288490586911317e-187,0.0
11.0,-25543.9318366563,-24209.73293070326,-22930.462608464524,-21704.588397495336,-20530.59163153493,-19406.968244985525,-18332.229552023084,-17304.90300918464,-16323.532960283852,-15386.681362515874,-14492.928492627134,-13640.87363203698,-12829.135729820193,-12056.354042478712,-11321.18874945585,-10622.321543375465,-9958.45619401706,-9328.319085075444,-8730.659722788376,-8164.251215558813,-7627.890723741701,-7120.399878813452,-6640.62517119362,-6187.43830604167,-5759.73652641062,-5356.442903199088,-4976.506591407597,-4618.903052271187,-4282.63424091066,-3966.728759216389,-3670.241973753949,-3392.256098557227,-3131.880242755075,-2888.2504230575178,-2660.5295412116075,-2447.907326620528,-2249.600244405845,-2064.851369278668,-1892.9302256729663,-1733.1325946811771,-1584.780288419979,-1447.2208925402472,-1319.8274776817425,-1201.998280757246,-1093.1563570345336,-992.7492040653644,-900.2483585895067,-815.148967617795,-736.9693349707222,-665.250444618171,-599.5554622307999,-539.4692164139938,-484.59766115076127,-434.5673210304126,-389.0247208842024,-347.6358014879818,-310.08532302401875,-276.0762580198452,-245.32917550070857,-217.58161810383592,-192.5874739068779,-170.11634471967434,-149.9529125775871,-131.8963061559436,-115.75946879891568,-101.36852982203602,-88.56218070595605,-77.19105774996936,-67.11713269741144,-58.2131127817227,-50.3618515719013,-43.45577191968074,-37.39630222857009,-32.09332717723088,-27.46465393721794,-23.435494828375283,-19.937967254860045,-16.910611661489735,-14.297928144650228,-12.049932245051393,-10.121730341992432,-8.47311496125814,-7.068180202120277,-5.87495738395089,-4.8650709104587095,-4.013414250297462,-3.2978458375069177,-2.6989046046364704,-2.199544776121874,-1.7848894701379605,-1.442002584274995,-1.159678374446235,-0.9282480778210556,-0.7394028795950892,-0.5860324802733683,-0.4620784849784229,-0.3624018091342136,-0.2826632756525514,-0.2192165673061196,-0.169012694059819,-0.1295151384170211,-0.0986248519011739,-0.0746142921481029,-0.0560697121749476,-0.0418409406102495,-0.0309979233640315,-0.0227933327037997,-0.0166305882805267,-0.01203667561016,-0.0086391901604075,-0.0061470788382281,-0.0043345946706173,-0.0030280242118813,-0.0020947901382618,-0.0014345731086331,-0.0009721368471586,-0.000651578179673,-0.0004317591424011,-0.0002827110650055,-0.0001828305672994,-0.0001167146262903,-7.533433901266467e-13,-3.549037317488803e-13,-1.633918342088473e-13,-7.343350749978486e-14,-3.2182218822450344e-14,-1.3736579703579747e-14,-9.190363168615904e-14,-3.8814661082770165e-14,-1.592562240714305e-14,-6.338720631978889e-15,-2.4436297708562626e-15,-9.109090738809762e-16,-3.2775308821819103e-16,-1.1361130731051147e-16,-3.7862533010362136e-17,-1.2104736177480593e-17,-3.703653756834e-18,-1.0817509692372561e-18,-3.0078169030301645e-19,-7.938018910591393e-20,-1.982043811639333e-20,-4.6659684573452685e-21,-1.0317052956581613e-21,-2.1338775710140823e-22,-4.109971578277084e-23,-7.335704747591729e-24,-1.2068654838847959e-24,-1.819485719853048e-25,-2.4975912661880896e-26,-3.0996129514676227e-27,-3.4508157379093668e-28,-3.416818160604675e-29,-2.9802985516258427e-30,-2.265820552272301e-31,-1.4838193587362378e-32,-8.260045373216533e-34,-3.8511287879711337e-35,-1.4789355659939366e-36,-4.5907136095701286e-38,-1.1274605553092136e-39,-2.1382119012777942e-41,-3.045472230563385e-43,-3.155348578476856e-45,-2.292060745810961e-47,-1.1184675905548937e-49,-3.4879628270428045e-52,-6.555862274694887e-55,-6.929833111400222e-58,-3.7934917637881435e-61,-9.740804179840776e-65,-1.0407441418536182e-68,-3.99631708858736e-73,-9.866816067160696e-07,-1.378082740252174e-07,-1.4649009311385675e-08,-1.1169798267316149e-09,-5.6531289080604284e-11,-1.7121512787559503e-12,-2.69373498090388e-14,-1.8053830677074947e-16,-3.8685771912428684e-19,-1.7221542073400224e-22,-8.081259803602764e-27,-1.288115862618907e-32,-9.055405128889991e-41,-4.704269408832152e-53,-1.2786965246826726e-73,-6.172663035243251e-115,-1.873783535088507e-239,0.0
10.75,-2373.0452963136386,-2219.091287524148,-2073.4950304974545,-1935.9042838815767,-1805.976324607864,-1683.377918485606,-1567.7852823736987,-1458.8840380229312,-1356.369157698257,-1259.944901704792,-1169.3247479565505,-1084.231313741596,-1004.3962698519688,-929.560247261248,-859.4727365469809,-793.8919802690914,-732.5848585289185,-675.326767947281,-621.9014943121985,-572.1010791597678,-525.7256805633691,-482.5834284175206,-442.4902745136675,-405.2698377148548,-370.7532445457159,-338.77896552253185,-309.19264755600614,-281.8469427659393,-256.6013340532615,-233.32195777962409,-211.88142390891315,-192.158633968108,-174.038597186882,-157.41224517635032,-142.17624550728618,-128.23281454692173,-115.48952991122523,-103.85914288611524,-93.25939116665852,-83.61281225766513,-74.84655787246736,-66.89220965888585,-59.68559657262925,-53.16661420846636,-47.27904638876434,-41.97038929711579,-37.19167843210321,-32.89731864265635,-29.04491749205711,-25.595122182498564,-22.511460256270663,-19.76018427317813,-17.31012064680524,-15.132522804777366,-13.20092882032307,-11.491023644318869,-9.980506048643283,-8.648960373233054,-7.477733150758286,-6.44981466444644,-5.549725476367147,-4.763407945534359,-4.078122737593476,-3.482350310715356,-2.9656973457204083,-2.518808072477188,-2.133280429351273,-1.801586977992536,-1.5170004821153242,-1.2735240462104624,-1.065825698387394,-0.8891772908293171,-0.7393975816949248,-0.6127993537514125,-0.5061404175984124,-0.4165783410561829,-0.3416287411510332,-0.2791269711305708,-0.2271930320703677,-0.184199536867838,-0.1487425537285033,-0.1196151565938494,-0.0957835112912349,-0.07636532844889,-0.0606105173510333,-0.0478838788410572,-0.0376496800410801,-0.0294579589663624,-0.0229324129920431,-0.0177597314943034,-0.0136802397541071,-0.0104797282947125,-0.0079823491408653,-0.0060444679565917,-0.0045493685614487,-0.0034027138675331,-0.0025286747517763,-0.0018666457158346,-0.001368473331117,-0.0009961303676271,-0.0007197751178058,-0.0005161417130979,-0.0003672131614993,-0.0002591343861064,-0.0001813277020292,-0.0001257779230673,-8.645863783366963e-05,-5.887514095265375e-05,-3.970305729063786e-05,-2.650486925396265e-05,-1.7509366328559017e-05,-1.1441502755699576e-05,-7.392296550874627e-06,-4.720255746953373e-06,-2.9774016239635463e-06,-1.8543000533712184e-06,-1.1396370629424167e-06,-6.908087883278707e-07,-4.127634980925829e-07,-2.4295730017380655e-07,-1.4078669751705338e-07,-2.1944853041442568e-16,-9.1567526435875e-17,-3.7203117146394337e-17,-1.469997699313108e-17,-5.641455869985926e-18,-2.099932947995849e-18,-1.8922439857468568e-17,-6.9566642014857e-18,-2.4733618528975586e-18,-8.489954011003203e-19,-2.8084885896516936e-19,-8.936226279916516e-20,-2.7293266985537193e-20,-7.983960701774404e-21,-2.2315903441959096e-21,-5.94482519841206e-22,-1.5052337076171562e-22,-3.6118444328070745e-23,-8.18716873216373e-24,-1.747135692633049e-24,-3.4969886792534523e-25,-6.538651584546918e-26,-1.1371324284560699e-26,-1.830626913911255e-27,-2.713987392913625e-28,-3.684541642279378e-29,-4.552465312438931e-30,-5.084653572157808e-31,-5.095708191356141e-32,-4.544959901709514e-33,-3.5754214386113476e-34,-2.4562519552345976e-35,-1.457389129898486e-36,-7.37751381782968e-38,-3.1429797368060235e-39,-1.1097770428202467e-40,-3.1926576313505795e-42,-7.340396517097673e-44,-1.3197241262002944e-45,-1.8101993381346455e-47,-1.8418391381908416e-49,-1.3462201775942843e-51,-6.812518935349027e-54,-2.2874284778458104e-56,-4.850598986635329e-59,-6.132430305502393e-62,-4.319997507417374e-65,-1.5653952291789854e-68,-2.652818483270061e-72,-1.875460430004892e-76,-4.81658165484959e-81,-3.7944319358286394e-86,-3.7882287594994867e-10,-3.1992790913824685e-11,-1.923011037186137e-12,-7.642832126780707e-14,-1.8239453491011305e-15,-2.2981431114639173e-17,-1.2825164377161712e-19,-2.4782209203360957e-22,-1.1613694100389622e-25,-7.732504090510167e-30,-3.1536541582540154e-35,-1.9353679480490833e-42,-1.423668390804251e-52,-7.917137016422827e-68,-2.4109250787973378e-93,-1.460972261146784e-144,-8.775933252858818e-299,0.0
10.5,-161.3973757111785,-148.6795103106932,-136.83440250409495,-125.81205463311244,-115.5646719630428,-106.04660317531308,-97.21428069351404,-89.02616092350648,-81.44266448761887,-74.4261165320374,-67.94068718547337,-61.952332245975576,-56.42873417136363,-51.33924344720654,-46.65482040453099,-42.34797755755623,-38.39272252969326,-34.76450163384148,-31.44014417064218,-28.397807505854324,-25.61692298537382,-23.078142743634903,-20.763287458262727,-18.65529510081696,-16.738170730380872,-14.996937373539058,-13.41758803101262,-11.987038847864284,-10.69308348078191,-9.524348692484129,-8.470251199799584,-7.520955798455976,-6.667334784084736,-5.900928685422784,-5.213908322182952,-4.599038196580768,-4.0496412240655095,-3.5595648054137574,-3.1231482390235854,-2.735191469002341,-2.390925161489531,-2.085982098603505,-1.816369876463955,-1.5784448909251323,-1.3688875919750176,-1.1846789852149266,-1.0230783564454011,-0.8816021931545921,-0.7580042746391357,-0.6502569005935525,-0.5565332262849408,-0.4751906708902597,-0.4047553642158728,-0.3439075958457179,-0.2914682297750005,-0.2463860467815079,-0.2077259761637599,-0.1746581780326543,-0.1464479370767151,-0.1224463286262717,-0.102081617913033,-0.0848513536521439,-0.0703151174565283,-0.0580878911198183,-0.0478340044656717,-0.0392616272480453,-0.0321177694890197,-0.0261837556473679,-0.0212711391112895,-0.0172180246913477,-0.0138857680432127,-0.0111560222628908,-0.0089281032582092,-0.0071166468981886,-0.0056495323654638,-0.0044660475753948,-0.0035152739686451,-0.0027546694219797,-0.002148829445642,-0.0016684082363415,-0.0012891825247578,-0.0009912424884385,-0.0007582952887349,-0.0005770680284766,-0.00043679811079,-0.0003288001049881,-0.0002460992898182,-0.0001831230453766,-0.0001354422012892,-9.955531968749804e-05,-7.270969712871776e-05,-5.275361064016952e-05,-3.8015010803562574e-05,-2.7202481071140675e-05,-1.932483959945677e-05,-1.3626260476047256e-05,-9.534238286377262e-06,-6.618116758981868e-06,-4.55625214839012e-06,-3.1101885921937097e-06,-2.1044894844395062e-06,-1.4110995089967888e-06,-9.373098821463838e-07,-6.165679686098426e-07,-4.015150235390012e-07,-2.587554658977795e-07,-1.649607003755701e-07,-1.0399275485669745e-07,-6.480034180466112e-08,-3.9894606527047466e-08,-2.4255783559237333e-08,-1.4557008050512822e-08,-8.619167797161758e-09,-5.032273178045208e-09,-2.8955148555880103e-09,-1.6409454212790275e-09,-9.153756552269032e-10,-5.022925498396001e-10,-2.7093533831133515e-10,-1.4355174544837375e-10,-7.465335670617464e-11,-2.836797842932063e-20,-1.0360695870284796e-20,-3.6698802119062e-21,-1.258952172232328e-21,-4.1765278182261056e-22,-1.3377787325879758e-22,-1.6714166146907889e-21,-5.277101430661126e-22,-1.6032507908723438e-22,-4.678027362505637e-23,-1.3082242447059818e-23,-3.498650755249166e-24,-8.926706993911946e-25,-2.1674747648355822e-25,-4.994689174954112e-26,-1.0891468175678903e-26,-2.2403912802555173e-27,-4.332629558785634e-28,-7.84846471545506e-29,-1.3265128701782468e-29,-2.082955023372172e-30,-3.024707294937177e-31,-4.041513669010314e-32,-4.941904927453898e-33,-5.497380994819825e-34,-5.527324544859529e-35,-4.987651089863859e-36,-4.008020135399884e-37,-2.843923053084436e-38,-1.7651869084671808e-39,-9.48551885228988e-41,-4.3628311195941777e-42,-1.6959566046260088e-43,-5.49401978355013e-45,-1.4601096871256383e-46,-3.1281580095745847e-48,-5.297412470766356e-50,-6.935951431626559e-52,-6.848089141991688e-54,-4.956321663170824e-56,-2.5461477061121285e-58,-8.948437604932114e-61,-2.0624477712697944e-63,-2.968888442713465e-66,-2.5222439289169264e-69,-1.183765592651986e-72,-2.840115972522651e-76,-3.178126605734303e-80,-1.4871318460740912e-84,-2.5524353885613877e-89,-1.3711221349293482e-94,-1.8987773226912116e-100,-4.876780429621182e-14,-2.32865577780928e-15,-7.334650090483394e-17,-1.3928704935901637e-18,-1.4177211552674153e-20,-6.610105074427385e-23,-1.139349729017316e-25,-5.376016753426945e-29,-4.49747732975568e-33,-3.474802160931638e-38,-8.887859225438345e-45,-1.3591349101190406e-53,-5.689212225875075e-66,-1.3581735731512504e-84,-1.0104473505876903e-115,-3.655209652678166e-178,0.0,0.0
10.25,-7.891696282492556,-7.1496003887350845,-6.470021918849443,-5.848363124717128,-5.280309107260945,-4.761814435427509,-4.2890901471245,-3.858591134565059,-3.4670039157483954,-3.111234793090812,-2.788398399515289,-2.495806631615705,-2.2309579688333008,-1.99152717692017,-1.7753553933206585,-1.5804405914759232,-1.404928420453026,-1.2471034157191727,-1.1053805763238198,-0.9782973032202344,-0.864505692953257,-0.7627651804626592,-0.6719355243044572,-0.5909701271736889,-0.5189096842256691,-0.4548761513368108,-0.3980670251224181,-0.3477499262375006,-0.3032574772285041,-0.2639824659778181,-0.2293732855903783,-0.1989296414117078,-0.1721985157391239,-0.1487703806925522,-0.128275649647419,-0.1103813575991555,-0.0947880608259031,-0.0812269462422287,-0.0694571408910273,-0.0592632121020664,-0.0504528489526777,-0.0428547157974768,-0.0363164687883488,-0.0307029264816718,-0.0258943858254311,-0.0217850750326919,-0.0182817350783509,-0.0153023218013469,-0.0127748208528988,-0.0106361680011149,-0.0088312675817122,-0.007312102171891,-0.0060369268579085,-0.00496954176491,-0.004078636818479,-0.0033372030095758,-0.0027220047365295,-0.0022131080980969,-0.0017934603089208,-0.0014485157017462,-0.0011659040682937,-0.0009351373716478,-0.0007473511364245,-0.000595077087938,-0.0004720438673273,-0.0003730028954578,-0.0002935766938309,-0.0002301271952499,-0.0001796417902814,-0.0001396350573499,-0.00010806431449,-8.325730928387807e-05,-6.385053038742084e-05,-4.873677940776864e-05,-3.702078593740499e-05,-2.798178154375801e-05,-2.1042070782039524e-05,-1.57407492259677e-05,-1.1711820521878849e-05,-8.666057031340804e-06,-6.376032230825261e-06,-4.663828201900653e-06,-3.3909888049730654e-06,-2.450349025523938e-06,-1.759424057823718e-06,-1.2550884871218191e-06,-8.893169778895416e-07,-6.257936893191006e-07,-4.372287181674821e-07,-3.032466896278333e-07,-2.0873563099424175e-07,-1.4256389535198898e-07,-9.658954976678313e-08,-6.490067131534632e-08,-4.3236741636522726e-08,-2.8551103327190965e-08,-1.8682516769002903e-08,-1.2110482477916718e-08,-7.774392948944517e-09,-4.940944303748525e-09,-3.107742526712674e-09,-1.9338297945612867e-09,-1.1900607737513123e-09,-7.239854368079441e-10,-4.3523578035008735e-10,-2.584457464469201e-10,-1.5152049670976428e-10,-8.766543788764089e-11,-5.0029754423518685e-11,-2.814807362356441e-11,-1.5604704450323573e-11,-8.519288195867454e-12,-4.577555765530187e-12,-2.419216579861096e-12,-1.2567256109316213e-12,-6.41252838969058e-13,-3.211614446065741e-13,-1.5775656135911274e-13,-7.593943159067945e-14,-3.5792255402250313e-14,-1.6502778643918027e-14,-1.5434684199399628e-24,-4.872224708266016e-25,-1.485145439735948e-25,-4.36444281120777e-26,-1.2344400028847624e-26,-3.3543592364179695e-27,-5.993657024190639e-26,-1.6018551518220306e-26,-4.0971039988559965e-27,-1.0006782471127091e-27,-2.328369135182962e-28,-5.148189300638557e-29,-1.0787750100590528e-29,-2.1361190555996262e-30,-3.984659612142897e-31,-6.978806879691422e-32,-1.1435070300727367e-32,-1.746174877956394e-33,-2.474683313828932e-34,-3.2402708367758976e-35,-3.900854866632795e-36,-4.295024415956036e-37,-4.3004526778044926e-38,-3.8913853735230575e-39,-3.160778902608517e-40,-2.287568651296352e-41,-1.4633071876593638e-42,-8.200392810079121e-44,-3.987056298482922e-45,-1.6639748835005982e-46,-5.891136402559477e-48,-1.7464285313655753e-49,-4.2729792144167547e-51,-8.491215437595405e-53,-1.346174175706335e-54,-1.6689489462068766e-56,-1.5821929505295084e-58,-1.1183968263406163e-60,-5.729049130766986e-63,-2.059196635811561e-65,-5.005918124924621e-68,-7.8922296769891e-71,-7.689525228625114e-74,-4.3793600446757475e-77,-1.3667482959126316e-80,-2.1677509641325464e-84,-1.5993820886894064e-88,-4.9442827830032905e-93,-5.6544462351410037e-98,-2.060227995832285e-103,-1.9957524059709666e-109,-4.120181017529557e-116,-1.9616576030555388e-18,-4.929370456710325e-20,-7.50055842814243e-22,-6.201835508239809e-24,-2.4185086501481695e-26,-3.681946843983465e-29,-1.6907006025948254e-32,-1.6312757728501926e-36,-1.961168972065702e-41,-1.3407129236490673e-47,-1.5176702962803776e-55,-3.633203085050242e-66,-4.514417387791708e-81,-1.7430491645845137e-103,-6.226405845908439e-141,-5.1929818666879606e-216,0.0,0.0
10.0,-0.2718125281967635,-0.2417451117053871,-0.2147203683975452,-0.1904613011691991,-0.1687130425093862,-0.1492413651144572,-0.131831270438092,-0.1162856526529046,-0.1024240354871198,-0.0900813793934153,-0.0791069565064691,-0.0693632908508888,-0.0607251612718672,-0.0530786645768667,-0.0463203363977671,-0.0403563273089038,-0.0351016317671255,-0.0304793674751501,-0.0264201028087784,-0.0228612299918054,-0.0197463817493431,-0.0170248892205435,-0.0146512789650916,-0.0125848069539919,-0.0107890274938803,-0.0092313950950033,-0.0078828973558563,-0.0067177170019722,-0.0057129212822045,-0.0048481769927715,-0.0041054894670539,-0.0034689639373813,-0.0029245877435507,-0.0024600319313332,-0.0020644708524959,-0.001728418445673,-0.0014435799445236,-0.0012027178258243,-0.0009995308752511,-0.0008285453124374,-0.0006850169792808,-0.0005648436562598,-0.0004644866305826,-0.0003809006971888,-0.0003114718288796,-0.0002539618050443,-0.0002064591395348,-0.000167335697136,-0.000135208434754,-0.0001089057478654,-8.743794492152417e-05,-6.997141227724035e-05,-5.580606983097796e-05,-4.4355752934210285e-05,-3.5131189292652035e-05,-2.772527057793248e-05,-2.180034734925248e-05,-1.7077302709148135e-05,-1.3326184952681956e-05,-1.0358202388138712e-05,-8.018904587917466e-06,-6.182393653383834e-06,-4.7464267329485685e-06,-3.628287107046965e-06,-2.761315737100136e-06,-2.092008358808737e-06,-1.5775950741582913e-06,-1.1840300514848106e-06,-8.843284676819235e-07,-6.571963079914458e-07,-4.859061611814173e-07,-3.573787927145221e-07,-2.6143612383372813e-07,-1.901963647779965e-07,-1.3758651610287177e-07,-9.895132973091014e-08,-7.074117307095349e-08,-5.02641231933051e-08,-3.5490087181677735e-08,-2.4896848665420096e-08,-1.7349724222776075e-08,-1.2008017802115114e-08,-8.25272355716831e-09,-5.630980796903225e-09,-3.813658813029794e-09,-2.563170528570211e-09,-1.709205458064768e-09,-1.130554758237315e-09,-7.415919176577452e-10,-4.822872304838421e-10,-3.1088580739366075e-10,-1.9857874691524646e-10,-1.256547554930284e-10,-7.87429844594767e-11,-4.8853843631087205e-11,-2.9998604928159366e-11,-1.82252897853854e-11,-1.0951365202015168e-11,-6.5061685760294226e-12,-3.820159068014812e-12,-2.215976732705812e-12,-1.269396653022791e-12,-7.177786152199788e-13,-4.0045032827601147e-13,-2.203264154126746e-13,-1.194893966001143e-13,-6.384279422691837e-14,-3.358752986757197e-14,-1.738922737381957e-14,-8.854390151956175e-15,-4.431392646857674e-15,-2.1784029273758088e-15,-1.0511169040125548e-15,-4.974636628913884e-16,-2.307465336574565e-16,-1.0481430352976751e-16,-4.6585036495386977e-17,-2.0240508618159253e-17,-8.588795286632133e-18,-3.555840922773334e-18,-1.434795481365227e-18,-3.3361953337916765e-29,-8.980366067057145e-30,-2.323183852487424e-30,-5.765437276051768e-31,-1.3699465429942108e-31,-3.110347117726172e-32,-8.215654601251348e-31,-1.8302117321796107e-31,-3.8787386569548167e-32,-7.800482002536139e-33,-1.4846766168949525e-33,-2.6667312576209354e-34,-4.506440588817633e-35,-7.141179203772124e-36,-1.0574482066689548e-36,-1.4576682382567267e-37,-1.862953447494938e-38,-2.197789982638997e-39,-2.3820938696903077e-40,-2.359951993595872e-41,-2.1253032051272586e-42,-1.7294725069841697e-43,-1.2634601160476269e-44,-8.228088506188881e-46,-4.740098749462414e-47,-2.3954345292697345e-48,-1.0522229546456018e-49,-3.9773702264026985e-51,-1.2795612203489941e-52,-3.461269522726412e-54,-7.76802281391761e-56,-1.425165814230022e-57,-2.1027328192831494e-59,-2.449958764073249e-61,-2.208903057035338e-63,-1.506561219641487e-65,-7.577790811254002e-68,-2.7315870605824517e-70,-6.832337125050418e-73,-1.1431336613814474e-75,-1.2271372361295502e-78,-8.058667553332814e-82,-3.0650938415190816e-85,-6.338864092201281e-89,-6.624464564477074e-93,-3.2117268762957774e-97,-6.534155312484977e-102,-4.954342964275649e-107,-1.2155976489793296e-112,-8.146747391381989e-119,-1.214624645519723e-125,-3.134837251533317e-133,-2.2810724371696947e-23,-2.7936373381295892e-25,-1.8824395241970442e-27,-6.135718901455048e-30,-8.173696697242336e-33,-3.5541348103474235e-36,-3.7116462607696614e-40,-6.056840141645691e-45,-8.297610957558126e-51,-3.755617238853236e-58,-1.2958547997779361e-67,-2.953866103989989e-80,-5.4315927168840163e-98,-1.193955637956393e-124,-3.593572699392098e-169,-2.1279415911627704e-258,0.0,0.0
9.75,-0.0064465994176792,-0.0056177224506632,-0.0048879078985929,-0.0042462741435685,-0.0036830212720597,-0.0031893359584884,-0.0027573034785887,-0.0023798264280557,-0.0020505497386272,-0.0017637916003242,-0.0015144799150626,-0.0012980939231964,-0.0011106106607305,-0.0009484559209024,-0.0008084594095539,-0.0006878137991521,-0.0005840374014547,-0.0004949401936147,-0.0004185929469558,-0.0003532992217108,-0.0002975700046689,-0.0002501007799123,-0.0002097508356239,-0.0001755246222997,-0.0001465549895913,-0.0001220881404348,-0.0001014701520737,-8.413492406434081e-05,-6.959342335229649e-05,-5.742410603561335e-05,-4.7264404475401184e-05,-3.880317699810876e-05,-3.177402554588629e-05,-2.5949394289790245e-05,-2.113536942988308e-05,-1.7167107177870044e-05,-1.390482326310647e-05,-1.1230283234178843e-05,-9.043738359299662e-06,-7.261257073730101e-06,-5.812406696362889e-06,-4.638244555954252e-06,-3.689581746265537e-06,-2.9254864847984656e-06,-2.3119974983576987e-06,-1.8210210168615808e-06,-1.4293878411747013e-06,-1.118049577644291e-06,-8.713955176715367e-07,-6.766738009384905e-07,-5.235024513754718e-07,-4.0345763069296937e-07,-3.0972802993295894e-07,-2.368257290904112e-07,-1.8034511191173226e-07,-1.3676254037069824e-07,-1.032704832904468e-07,-7.76406676975234e-08,-5.8111590661795814e-08,-4.329640381600786e-08,-3.210777200440822e-08,-2.369682045133404e-08,-1.7403729677231556e-08,-1.2717921684794031e-08,-9.246111629780029e-09,-6.686782615109262e-09,-4.809883162540258e-09,-3.440752535306566e-09,-2.447453101932013e-09,-1.7308355545872163e-09,-1.216785779879102e-09,-8.502048601804042e-10,-5.903590056551542e-10,-4.0730677122399037e-10,-2.7916896450448637e-10,-1.9005417180887238e-10,-1.2849152612359358e-10,-8.625368282703219e-11,-5.747821362082239e-11,-3.8015847684496986e-11,-2.4950087922099643e-11,-1.6245472168706952e-11,-1.049177240100212e-11,-6.71925972391064e-12,-4.266247279541759e-12,-2.6848167703514897e-12,-1.6742300916636185e-12,-1.0342629248986152e-12,-6.327628318429389e-13,-3.8328269161221067e-13,-2.297918864201388e-13,-1.3631733529739026e-13,-7.998830487233758e-14,-4.641016621309578e-14,-2.6616871983452162e-14,-1.5083346143349435e-14,-8.442437281990796e-15,-4.665443146125742e-15,-2.544431157025351e-15,-1.3688978726956168e-15,-7.261648828935508e-16,-3.796432089027962e-16,-1.9551275825479687e-16,-9.91303185004196e-17,-4.9457491808731156e-17,-2.4266262435886287e-17,-1.1701944691002685e-17,-5.542734275410838e-18,-2.576997961875577e-18,-1.1752412056938965e-18,-5.253475117715408e-19,-2.3000688634222813e-19,-9.855079913390268e-20,-4.12892573661029e-20,-1.6899920296999105e-20,-6.7514220409314624e-21,-2.6298993327935226e-21,-9.97844555239239e-22,-3.6837311724087143e-22,-1.3216259697031477e-22,-4.602461290084152e-23,-2.689501594163489e-34,-6.085055227094681e-35,-1.3162915620437127e-35,-2.716716477658585e-36,-5.338215244640337e-37,-9.963297573864969e-38,-4.030461323303776e-36,-7.361798901409665e-37,-1.2709137774400934e-37,-2.0678619105017035e-38,-3.161455858332081e-39,-4.5269839197328814e-40,-6.050404565847597e-41,-7.519749566171998e-42,-8.656421389646078e-43,-9.19038731348711e-44,-8.957642387007051e-45,-7.975692044541887e-46,-6.4526656298823525e-47,-4.7163024853834325e-48,-3.0949001983599334e-49,-1.811084969081543e-50,-9.381939926627248e-52,-4.268203795691045e-53,-1.6905385381855014e-54,-5.774545832344971e-56,-1.6835480349006416e-57,-4.142106180039988e-59,-8.493696793764601e-61,-1.4318657764310594e-62,-1.954686302361656e-64,-2.1250478048708177e-66,-1.8060919441316575e-68,-1.175598504550166e-70,-5.727600854461215e-73,-2.0358940899817062e-75,-5.130153695059708e-78,-8.87280929640444e-81,-1.015540178083304e-83,-7.380270554834046e-87,-3.248928086581603e-90,-8.209754544288516e-94,-1.1194547331551032e-97,-7.670095961546509e-102,-2.4310013103726445e-106,-3.236225967414469e-111,-1.6156385172873886e-116,-2.6456228317511696e-122,-1.2115114479287977e-128,-1.2812023412744626e-135,-2.4817660089965494e-143,-6.633459109304326e-152,-7.039672532475646e-29,-3.8702877075646667e-31,-1.0521531820798605e-33,-1.2153334523888231e-36,-4.8911691240140746e-40,-5.263290630136787e-44,-1.0552533956539963e-48,-2.3766305188217434e-54,-2.893824604222961e-61,-6.356404906865289e-70,-4.484146815306366e-81,-5.714533249307412e-96,-7.378715775249306e-117,-3.0182165512003706e-148,-1.1870998018708987e-200,-1.2004497578305653e-305,0.0,0.0
9.5,-0.0001026646533558,-8.747741360407992e-05,-7.440469658429476e-05,-6.31715695767207e-05,-5.353614434337608e-05,-4.5285956257941474e-05,-3.8234697979352064e-05,-3.2219277614040986e-05,-2.7097173393580925e-05,-2.2744058873713844e-05,-1.9051674539150096e-05,-1.592592347804616e-05,-1.3285170472909617e-05,-1.1058725443208089e-05,-9.185493671676297e-06,-7.612776653958168e-06,-6.295208732570726e-06,-5.193815914193931e-06,-4.275184426979328e-06,-3.510727655061092e-06,-2.876041093877081e-06,-2.3503359054904345e-06,-1.915942521056872e-06,-1.5578765411409783e-06,-1.2634599269810034e-06,-1.0219911602314755e-06,-8.244586783500577e-07,-6.63292470761774e-07,-5.321492502946068e-07,-4.257270981290682e-07,-3.3960592156201254e-07,-2.701104650814399e-07,-2.141929793236101e-07,-1.693329820766434e-07,-1.3345184314072614e-07,-1.0484019298083545e-07,-8.20963960289772e-08,-6.407454541034483e-08,-4.984062886786741e-08,-3.86356877126465e-08,-2.984494358870765e-08,-2.2972003449892173e-08,-1.7617373032090652e-08,-1.3460614782436789e-08,-1.0245579087767366e-08,-7.768219032062661e-09,-5.866570010450351e-09,-4.412537442323321e-09,-3.305189572171753e-09,-2.465298849725372e-09,-1.8309154832448877e-09,-1.353791224890653e-09,-9.965009647324868e-10,-7.30134900805298e-10,-5.324554730872462e-10,-3.86431396340761e-10,-2.7907644252084315e-10,-2.005334997067328e-10,-1.4335521704091766e-10,-1.0194153791925159e-10,-7.210189274136909e-11,-5.071599983042285e-11,-3.5472309961397947e-11,-2.466730023882109e-11,-1.705222646894249e-11,-1.1716707807781864e-11,-8.000752540967874e-12,-5.428631997246348e-12,-3.659449007771465e-12,-2.4503936725436744e-12,-1.629587363443487e-12,-1.0761315005854074e-12,-7.055384061844528e-13,-4.591584871018716e-13,-2.965564894264265e-13,-1.9005022972451266e-13,-1.208247080702537e-13,-7.618624099492442e-14,-4.763591245248628e-14,-2.952771310652301e-14,-1.8140911634037785e-14,-1.1043714073321324e-14,-6.660191931212206e-15,-3.9779424932444986e-15,-2.3523972977308604e-15,-1.3769524097107109e-15,-7.975430750522867e-16,-4.569641873660536e-16,-2.589187731383547e-16,-1.450284785268477e-16,-8.027875228900229e-17,-4.389839003004545e-17,-2.3704668352904414e-17,-1.2635324020385069e-17,-6.645518602190425e-18,-3.4472808446297896e-18,-1.762938494811477e-18,-8.884018719990992e-19,-4.409444876828475e-19,-2.1544757652722404e-19,-1.0357474798392712e-19,-4.8964548927421725e-20,-2.2749683527467708e-20,-1.0381815196009299e-20,-4.650524857890021e-21,-2.043501137161971e-21,-8.802212449099478e-22,-3.7139680250593057e-22,-1.5338529716652774e-22,-6.195582151406077e-23,-2.445510384543565e-23,-9.424615059139901e-24,-3.5429294494151564e-24,-1.2979061195836272e-24,-4.628718287445285e-25,-1.6052619315809868e-25,-5.407597100614669e-26,-1.7673168670725174e-26,-5.59661659117779e-27,-1.7149678676540383e-27,-5.077976107732042e-28,-7.546671090864766e-40,-1.413159344738636e-40,-2.515760857849542e-41,-4.2480381342672697e-42,-6.7871094985235794e-43,-1.0233605918010971e-43,-6.585006058247971e-42,-9.689243195835918e-43,-1.3379751773576481e-43,-1.7284117845245146e-44,-2.0816601189512144e-45,-2.3289291274031806e-46,-2.41099296298782e-47,-2.29994392195972e-48,-2.012688821585432e-49,-1.608001164087971e-50,-1.1668119305748702e-51,-7.647184741001749e-53,-4.4996629616925747e-54,-2.3616663497466207e-55,-1.0979166884955342e-56,-4.486733801061821e-58,-1.5985184152559545e-59,-4.920799949823269e-61,-1.296110573876136e-62,-2.890067886945889e-64,-5.392298492884924e-66,-8.311845248765867e-68,-1.0437464152306356e-69,-1.051414237209446e-71,-8.353222741403041e-74,-5.1366258713885057e-76,-2.3944450813081726e-78,-8.267775920913187e-81,-2.0607903877771147e-83,-3.602684123259699e-86,-4.276941785916865e-89,-3.3248115784129396e-92,-1.624425865725146e-95,-4.761297597628307e-99,-7.940486509235474e-103,-7.092200076242997e-107,-3.1647935384731467e-111,-6.511958925546712e-116,-5.6295554537213225e-121,-1.8343727939391643e-126,-1.983361167672329e-132,-6.120621301438307e-139,-4.505860996809111e-146,-6.380714350776342e-154,-1.3393634537913455e-162,-3.0306041307464734e-172,-5.248806002833917e-35,-1.1860950265787371e-37,-1.1771776514595841e-40,-4.2986510794157936e-44,-4.5812493902626354e-48,-1.0461383408292267e-52,-3.357729951142988e-58,-8.392351277593633e-65,-6.957632418852964e-73,-5.315453193203625e-83,-4.995672914171411e-96,-2.0107093525215028e-113,-8.195849266060843e-138,-1.8803608985317581e-174,-1.3095486717893669e-235,0.0,0.0,0.0
9.25,-1.0676935565944758e-06,-8.875746827118912e-07,-7.363404487676165e-07,-6.096120234832225e-07,-5.036337669078349e-07,-4.151907063521751e-07,-3.415360595552768e-07,-2.803276992597844e-07,-2.29572560598482e-07,-1.8757809115860933e-07,-1.5290993384196568e-07,-1.2435511520682596e-07,-1.0089008737297077e-07,-8.165304028342749e-08,-6.59199636152569e-08,-5.3083994365221984e-08,-4.263763753188248e-08,-3.415749377989568e-08,-2.729116988993496e-08,-2.174608553343168e-08,-1.7279923808548182e-08,-1.3692503356025367e-08,-1.0818877044221351e-08,-8.523486455842557e-09,-6.695222989899552e-09,-5.243265558207271e-09,-4.0935818357886475e-09,-3.1859950312735843e-09,-2.4717313731597127e-09,-1.911375141436285e-09,-1.4731682777551495e-09,-1.1316005332850421e-09,-8.66243900693176e-10,-6.60791852078535e-10,-5.022697832303867e-10,-3.803881505601024e-10,-2.8701417459921653e-10,-2.1574175783365896e-10,-1.6154250093612923e-10,-1.2048346824255538e-10,-8.949971131967436e-11,-6.621156268019892e-11,-4.8778407969411046e-11,-3.578207653740594e-11,-2.6134194432301573e-11,-1.9002853143468808e-11,-1.3754790428201764e-11,-9.90998113060048e-12,-7.106117626411109e-12,-5.070940063474938e-12,-3.6007719916446488e-12,-2.5439410869574814e-12,-1.788029268684672e-12,-1.2501116288674334e-12,-8.693177599037633e-13,-6.01189470011737e-13,-4.134215680403992e-13,-2.82662442990034e-13,-1.921227817591839e-13,-1.2979746462258348e-13,-8.715034571943653e-14,-5.81466445421371e-14,-3.854499055563004e-14,-2.538236131455212e-14,-1.660151837698204e-14,-1.0783109304278615e-14,-6.9541972110670825e-15,-4.452262706381357e-15,-2.829220727300453e-15,-1.7841198683276002e-15,-1.1162681757985562e-15,-6.928093019523895e-16,-4.264517675913481e-16,-2.6028220927400303e-16,-1.5748584093285724e-16,-9.444125880212482e-17,-5.611804203405909e-17,-3.3033710538298814e-17,-1.9258218849318285e-17,-1.111641126657149e-17,-6.3516195415736745e-18,-3.591311075333934e-18,-2.008829084605403e-18,-1.1112770036106157e-18,-6.07790640226769e-19,-3.2854567600526524e-19,-1.7546876054301513e-19,-9.255771957467052e-20,-4.8203071217677515e-20,-2.477536732994293e-20,-1.2562505624019682e-20,-6.281504330066842e-21,-3.095960330475241e-21,-1.5034078466090718e-21,-7.189607435274002e-22,-3.384302377370684e-22,-1.567286575346426e-22,-7.13695724023599e-23,-3.193914850682364e-23,-1.4038758024401464e-23,-6.0571392128787024e-24,-2.5636960867699982e-24,-1.0637505303019163e-24,-4.324025734699484e-25,-1.7206756131513897e-25,-6.697986145289413e-26,-2.5484763108345446e-26,-9.469958750937075e-27,-3.433753493749227e-27,-1.213800743436442e-27,-4.1789463499767805e-28,-1.3998775059899076e-28,-4.5578221066047804e-29,-1.4407383436588066e-29,-4.4163558809522425e-30,-1.3111663321689387e-30,-3.7653105834396398e-31,-1.044471432220528e-31,-2.7945720497244355e-32,-7.200981941457842e-33,-1.784113083097737e-33,-6.83306982573011e-46,-1.0416005088224807e-46,-1.5002441043102726e-47,-2.0364567202021084e-48,-2.5980579136708728e-49,-3.106104829076023e-50,-3.311082212017063e-48,-3.851118592463677e-49,-4.171385757778788e-50,-4.1927540752874913e-51,-3.895719949023769e-52,-3.332534875668278e-53,-2.613155167175729e-54,-1.8695132134895367e-55,-1.2141885943108354e-56,-7.120292711069587e-58,-3.748405707896452e-59,-1.7604408966464952e-60,-7.326534288501677e-62,-2.6823778238452174e-63,-8.571747160667707e-65,-2.3705305766059388e-66,-5.621237753514106e-68,-1.1315199329206203e-69,-1.912411823943682e-71,-2.6816488713087985e-73,-3.079306211399556e-75,-2.854452556128824e-77,-2.102778891704357e-79,-1.2099418886490172e-81,-5.335372217332326e-84,-1.765435751743101e-86,-4.282470914249606e-89,-7.420509440318769e-92,-8.923256715161036e-95,-7.210071435426736e-98,-3.775348204639949e-101,-1.2299376324326101e-104,-2.380895253540685e-108,-2.5994724705577376e-112,-1.5085119527930394e-116,-4.3478802243537545e-121,-5.757733945005219e-126,-3.202165982147085e-131,-6.7387382717017365e-137,-4.751481058574283e-143,-9.731390549469845e-150,-4.8900415742977516e-157,-4.931364038629763e-165,-7.841485395225657e-174,-1.4682612171616315e-183,-2.2656111624739372e-194,-8.52710372178728e-42,-7.204471129815988e-45,-2.3447729215477428e-48,-2.3943896205900235e-52,-5.865637830398052e-57,-2.409739849197411e-62,-1.018671668897586e-68,-2.2356537234607866e-76,-9.478685443278232e-86,-1.7611181625435145e-97,-1.3920503008745474e-112,-9.582960814919487e-133,-5.224883925899089e-161,-1.8545179369965923e-203,-2.6728116038303384e-274,0.0,0.0,0.0
9.0,-7.031347713393244e-09,-5.689126199128461e-09,-4.5924353888313475e-09,-3.6984067952956622e-09,-2.971280999905165e-09,-2.381294571381137e-09,-1.9037302824773286e-09,-1.5181083995869e-09,-1.207499588162445e-09,-9.579424356238231e-10,-7.579507730221057e-10,-5.980979047445855e-10,-4.706665573508762e-10,-3.693548574696137e-10,-2.8902996582836956e-10,-2.2552214933495043e-10,-1.7545308334272882e-10,-1.360930578551314e-10,-1.0524252898728472e-10,-8.113412364054219e-11,-6.23517828963275e-11,-4.776422874665148e-11,-3.647036899824798e-11,-2.775462505730204e-11,-2.105048444404256e-11,-1.5910851082340844e-11,-1.1983997676980676e-11,-8.994121156113103e-12,-6.725668918003873e-12,-5.010744614819839e-12,-3.719021059982747e-12,-2.749687733279155e-12,-2.0250440473706145e-12,-1.485419437197594e-12,-1.0851595259215177e-12,-7.894659097065076e-13,-5.719170408875451e-13,-4.125306071388557e-13,-2.9625484287005325e-13,-2.117983399192508e-13,-1.507259732197885e-13,-1.0676322237634829e-13,-7.526304151882007e-14,-5.279900284635969e-14,-3.685612873455721e-14,-2.5596979114633983e-14,-1.7685462459094982e-14,-1.2154727943527227e-14,-8.308569182024923e-15,-5.648187187805821e-15,-3.818053318559301e-15,-2.5660888604261443e-15,-1.7145232026156497e-15,-1.138677100770967e-15,-7.515973802868957e-16,-4.929893728782319e-16,-3.2128901168580756e-16,-2.0801599455123523e-16,-1.3377492760752566e-16,-8.544023810214412e-17,-5.418641469722733e-17,-3.4118267708079916e-17,-2.132446873564638e-17,-1.322780931608434e-17,-8.142118656580009e-18,-4.97216505191024e-18,-3.0118160202449976e-18,-1.8092541773516885e-18,-1.0776297552736169e-18,-6.362767416553531e-19,-3.7233473633871443e-19,-2.158904464394132e-19,-1.2400626645516132e-19,-7.054376812016038e-20,-3.9734643043066206e-20,-2.215453477222601e-20,-1.2224233878215551e-20,-6.6730633923933536e-21,-3.6028649558112866e-21,-1.9233568355516923e-21,-1.0149068134518033e-21,-5.291846127196515e-22,-2.725574831116163e-22,-1.3862085423618498e-22,-6.959252535585309e-23,-3.447452047798565e-23,-1.6844855307605766e-23,-8.115120992252027e-24,-3.85300662894009e-24,-1.8021574092023062e-24,-8.299988452484881e-25,-3.762267673380667e-25,-1.6776316157090963e-25,-7.355237450035141e-26,-3.168977825265759e-26,-1.3409839812305728e-26,-5.570049904062003e-27,-2.2696771978452384e-27,-9.06704181923655e-28,-3.5487763730351917e-28,-1.359895111659141e-28,-5.098410732474386e-29,-1.868708408495939e-29,-6.69091119968238e-30,-2.3383516711211732e-30,-7.969705052772778e-31,-2.646621040050073e-31,-8.555565355001519e-32,-2.6895735843001817e-32,-8.213816041456374e-33,-2.4342198512590825e-33,-6.9924657543685796e-34,-1.9446143242806813e-34,-5.22900223534059e-35,-1.3577099241041225e-35,-3.399285284805548e-36,-8.194402124240675e-37,-1.89896613377517e-37,-4.2234847122108206e-38,-8.999562904388259e-39,-1.8338692809543123e-39,-1.837127608473491e-52,-2.2394820075763856e-53,-2.562320818167685e-54,-2.7437370040681568e-55,-2.741211587570644e-56,-2.5469383403747466e-57,-4.6984838340431396e-55,-4.2327945286770495e-56,-3.521564407732162e-57,-2.694947118499727e-58,-1.8889503581983878e-59,-1.2071695068772336e-60,-6.999646396030875e-62,-3.663324267589821e-63,-1.720806809080078e-64,-7.211604710190229e-66,-2.678938522190848e-67,-8.75983717123649e-69,-2.5024497605513943e-70,-6.195020130106985e-72,-1.3173820273580432e-73,-2.38362344541894e-75,-3.631896151783047e-77,-4.608094823700736e-79,-4.809389186344305e-81,-4.074214582003277e-83,-2.760887026449736e-85,-1.4728737483114691e-87,-6.078246919615668e-90,-1.9033055534167355e-92,-4.427079572167878e-95,-7.471239620580603e-98,-8.912866699979076e-101,-7.30156392016818e-104,-3.977168450621389e-107,-1.3894006004791677e-110,-2.989592120159533e-114,-3.785869448212173e-118,-2.680248022715175e-122,-1.000804054969998e-126,-1.8446160815111081e-131,-1.5557841933322343e-136,-5.50434777890732e-142,-7.389025278217455e-148,-3.349857073343653e-154,-4.4773734515832014e-161,-1.5042202782106966e-168,-1.0520167624707983e-176,-1.2237327284683214e-185,-1.8085414162757294e-195,-2.4509526869232726e-206,-2.044597399425092e-218,-2.6939912808550038e-49,-7.685998484004515e-53,-7.308668780707714e-57,-1.8290958071765523e-61,-8.845248790293567e-67,-5.4736803659117736e-73,-2.4705321810729337e-80,-3.700838637475776e-89,-5.89801845274281e-100,-1.8137530096899802e-113,-7.351485598912657e-131,-4.475059047488223e-154,-1.2959609784949352e-186,-1.7806472174892368e-235,0.0,0.0,0.0,0.0
8.75,-2.8340799416418923e-11,-2.2261454702387543e-11,-1.744008696633294e-11,-1.3626328667522247e-11,-1.0617572297559512e-11,-8.250274166130287e-12,-6.3927619524649375e-12,-4.939300620218777e-12,-3.805208783233112e-12,-2.9228497955199346e-12,-2.238349405237631e-12,-1.7089153650985878e-12,-1.3006544653129836e-12,-9.86799520744373e-13,-7.462733151531915e-13,-5.625287447320784e-13,-4.2261472744118e-13,-3.1642613012330093e-13,-2.36103252142963e-13,-1.7555250055803048e-13,-1.3006497761940612e-13,-9.601393193823196e-14,-7.061553342732414e-14,-5.1740333539645273e-14,-3.776516420239062e-14,-2.7457194537979482e-14,-1.9883474797531536e-14,-1.4340611896488132e-14,-1.0300291186237652e-14,-7.367227247501364e-15,-5.2468283097156665e-15,-3.720424281988116e-15,-2.6263622356237085e-15,-1.84563618952472e-15,-1.2910073317507028e-15,-8.988004723562301e-16,-6.227441536535476e-16,-4.2936492830161436e-16,-2.945585847061084e-16,-2.0104883161491031e-16,-1.3651222780964952e-16,-9.220104936559912e-17,-6.193660804568512e-17,-4.137689190614341e-17,-2.7486378715289882e-17,-1.815412604611557e-17,-1.1920071167032966e-17,-7.779901183211545e-18,-5.046677682663265e-18,-3.2532411464921698e-18,-2.08375883879382e-18,-1.3259855127530636e-18,-8.381622336802738e-19,-5.262007000481943e-19,-3.2805218194268523e-19,-2.0306487599875492e-19,-1.247835176616103e-19,-7.610938800187782e-20,-4.606846023449816e-20,-2.7667965480956725e-20,-1.648466235377106e-20,-9.741615448549864e-21,-5.7088186661790475e-21,-3.3169540604285577e-21,-1.910387447923581e-21,-1.0904361345984845e-21,-6.167097348725315e-22,-3.455135446561674e-22,-1.9171307890121085e-22,-1.0532613016007425e-22,-5.728093056513922e-23,-3.082916318422151e-23,-1.641630930149558e-23,-8.646330905401612e-24,-4.503052392187199e-24,-2.318317629050658e-24,-1.1794977875249538e-24,-5.928466077170354e-25,-2.9428383676148423e-25,-1.4421885781228408e-25,-6.97519904812927e-26,-3.328218219405987e-26,-1.5661143266423668e-26,-7.264760565647974e-27,-3.320691822759459e-27,-1.4950708201814565e-27,-6.62720352529573e-28,-2.890920891499317e-28,-1.240434069735266e-28,-5.23273566930717e-29,-2.169097208612051e-29,-8.830652691181192e-30,-3.5288171367798566e-30,-1.3833659839747598e-30,-5.316859299578722e-31,-2.0022158421525755e-31,-7.382783992185972e-32,-2.6637080243282837e-32,-9.397254677090176e-33,-3.239219692469392e-33,-1.0901030804921245e-33,-3.5787389618572942e-34,-1.1451417503770575e-34,-3.5683689425835675e-35,-1.081827613590761e-35,-3.187878007501738e-36,-9.121326343350037e-37,-2.5314126120972902e-37,-6.806593656929116e-38,-1.7711194934658886e-38,-4.454312469853231e-39,-1.0813460269053432e-39,-2.530505874634679e-40,-5.700136851367737e-41,-1.2340769402760887e-41,-2.5638162802858797e-42,-5.102588261010796e-43,-9.711456314251003e-44,-1.7642367889489518e-44,-3.0531682199712786e-45,-5.0229578436346495e-46,-1.3384003863749697e-59,-1.2799831512475122e-60,-1.1406547699976656e-61,-9.441442133804024e-63,-7.233905931755887e-64,-5.111886384254648e-65,-1.7104234226302252e-62,-1.1676826085821852e-63,-7.29517878861049e-65,-4.152472181328481e-66,-2.1432649914109e-67,-9.980210590250246e-69,-4.1700355695065337e-70,-1.5543502704054277e-71,-5.1363659899297904e-73,-1.4946818672678049e-74,-3.8027263277417706e-76,-8.393081448457757e-78,-1.593637548059118e-79,-2.579703157334753e-81,-3.525422505924967e-83,-4.024467831650429e-85,-3.793707559700168e-87,-2.9163831433130213e-89,-1.803576254271654e-91,-8.840547465908973e-94,-3.379271491269117e-96,-9.895512163232574e-99,-2.176918222525753e-101,-3.521299613834575e-104,-4.090075766580131e-107,-3.323178880989303e-110,-1.8347039642677185e-113,-6.664423109823143e-117,-1.536511815203042e-120,-2.1599364673991428e-124,-1.769769236076688e-128,-8.034426597110745e-133,-1.9085608377988656e-137,-2.223334412906935e-142,-1.1797735176917905e-147,-2.620916339162632e-153,-2.2126019953123205e-159,-6.347587178355452e-166,-5.435731551246173e-173,-1.1943995213425889e-180,-5.638316354007696e-189,-4.635449097305082e-198,-5.169370919252556e-208,-5.793352718264433e-219,-4.5381264260483355e-231,-1.5941444452078868e-244,-1.4601816262190634e-57,-1.2605305110879982e-61,-3.0925329260399293e-66,-1.6454450045825094e-71,-1.3331501748255638e-77,-1.0262652048713837e-84,-3.944611693709308e-93,-3.074656539418945e-103,-1.321957509537989e-115,-4.444891743835909e-131,-5.421036630169421e-151,-1.4335371823680714e-177,-8.152130239856124e-215,-9.74690232096231e-271,0.0,0.0,0.0,0.0
8.5,-6.73285763660856e-14,-5.1200389897915496e-14,-3.881960754828737e-14,-2.9343512190576006e-14,-2.2112340988445262e-14,-1.661105265896184e-14,-1.2438758672796128e-14,-9.284350877466051e-15,-6.907125090828722e-15,-5.121421379031824e-15,-3.7844843922014366e-15,-2.786897567582764e-15,-2.045068557674919e-15,-1.4953444142143505e-15,-1.0894176672197565e-15,-7.9075168745562635e-16,-5.718083004332715e-16,-4.1190478068064213e-16,-2.9556297333184966e-16,-2.1124192673151806e-16,-1.5036836834628102e-16,-1.065976857484764e-16,-7.525266517638382e-17,-5.289881491735357e-17,-3.7024250833080227e-17,-2.57993289148692e-17,-1.7896866614225498e-17,-1.2358218074377937e-17,-8.493914233010089e-18,-5.8102528094421415e-18,-3.955290190080501e-18,-2.679278627140038e-18,-1.805812425222569e-18,-1.2108785930191768e-18,-8.077159698009141e-19,-5.3592327920026735e-19,-3.5366093209069304e-19,-2.3209484954645976e-19,-1.5145725407783984e-19,-9.826791769894552e-20,-6.338407453373426e-20,-4.0639050217033616e-20,-2.589696134218608e-20,-1.6399905601341514e-20,-1.0319652803223124e-20,-6.4515250435692355e-21,-4.006581785085645e-21,-2.471377328041658e-21,-1.5138920289632853e-21,-9.20825080786446e-22,-5.560572663692982e-22,-3.3331425027842165e-22,-1.9829423111942928e-22,-1.1706199383690089e-22,-6.856414519908142e-23,-3.98361162506175e-23,-2.2954977177379378e-23,-1.3116425124355817e-23,-7.430348378053335e-24,-4.172263300691122e-24,-2.321743209318575e-24,-1.2801030924359298e-24,-6.991485571650673e-25,-3.781727445043205e-25,-2.0253804145885672e-25,-1.0737786383207428e-25,-5.633878546213289e-26,-2.924651110686526e-26,-1.5017587605782274e-26,-7.625488598918921e-27,-3.827846318361081e-27,-1.8990414048557e-27,-9.308442437644504e-28,-4.506582150955035e-28,-2.1542973202844914e-28,-1.0165004596013252e-28,-4.7326407594978623e-29,-2.1733949245181566e-29,-9.841300375689369e-30,-4.392166995264784e-30,-1.9312809097586515e-30,-8.36322326359237e-31,-3.56515434498972e-31,-1.4954338483841118e-31,-6.169370536849592e-32,-2.5020283212986674e-32,-9.970254928613888e-33,-3.901751159893429e-33,-1.498718075642448e-33,-5.647366677912845e-34,-2.086347324744293e-34,-7.552323112183835e-35,-2.677046470243629e-35,-9.286017131810684e-36,-3.1499689896145464e-36,-1.0441883948665929e-36,-3.380077686512182e-37,-1.0676167375356908e-37,-3.2877289595965e-38,-9.862892155050872e-39,-2.87978248608073e-39,-8.176445727901751e-40,-2.255293863626185e-40,-6.037268788265054e-41,-1.566828632473909e-41,-3.9379433340071856e-42,-9.573814862587925e-43,-2.2487682524039272e-43,-5.096821524347088e-44,-1.1131994220029349e-44,-2.3397004135005365e-45,-4.725257590003759e-46,-9.155883262894651e-47,-1.6993440332243334e-47,-3.015979554203512e-48,-5.1093030146524685e-49,-8.24629863136308e-50,-1.2654745643608008e-50,-1.8425926227836825e-51,-2.539918091321949e-52,-3.306756049434977e-53,-2.388512881022236e-67,-1.7554828791564407e-68,-1.1928450335146838e-69,-7.466844363809483e-71,-4.2895069443941683e-72,-2.252388332732376e-73,-1.4379109738398e-70,-7.265502142931493e-72,-3.3266296447120857e-73,-1.3734217678582782e-74,-5.0859721104270715e-76,-1.6798341545447684e-77,-4.9188213153996375e-79,-1.2686749334360598e-80,-2.8623478783007466e-82,-5.607147085836098e-84,-9.460830829887684e-86,-1.3631284551098198e-87,-1.6615852796762897e-89,-1.696372974751591e-91,-1.4348639390599032e-93,-9.937444052131092e-96,-5.563670491523344e-98,-2.483337604768799e-100,-8.704138717328604e-103,-2.356468134728325e-105,-4.83955685079586e-108,-7.3921942686878e-111,-8.217547320069993e-114,-6.491520520609261e-117,-3.5494118122779365e-120,-1.3047834026721407e-123,-3.1224255003099603e-127,-4.6931044375405e-131,-4.257027757722512e-135,-2.2287101490868742e-139,-6.405808664374519e-144,-9.554816202988345e-149,-6.940604146593035e-154,-2.2846250350966657e-159,-3.139597169832316e-165,-1.64015201183949e-171,-2.9249860752051795e-178,-1.5728221985760742e-185,-2.208043414801047e-193,-6.841236503552801e-202,-3.8405236496635745e-211,-3.0940077115529697e-221,-2.7100590690055075e-232,-1.849668372352965e-244,-6.572477457018228e-258,-7.42697915471402e-273,-1.1822352981659119e-66,-2.7431923610406493e-71,-1.5182568282867034e-76,-1.4732011468301307e-82,-1.6753546427853287e-89,-1.3050069724260528e-97,-3.3465601478844647e-107,-1.0127037474819262e-118,-8.212242689660123e-133,-1.929994702332483e-150,-3.98436946148251e-173,-2.125524310290408e-203,-8.110060792726777e-246,-1.68517100875523e-309,0.0,0.0,0.0,0.0
8.25,-9.041724060408435e-17,-6.636794755736533e-17,-4.855188669689898e-17,-3.539735764078314e-17,-2.5717485308990264e-17,-1.861891944792483e-17,-1.343147218515918e-17,-9.654065397346144e-18,-6.913342424726014e-18,-4.932081767586322e-18,-3.5051724658855214e-18,-2.4814034402891544e-18,-1.7497078565495432e-18,-1.2288094287617953e-18,-8.59457386430189e-19,-5.986242176427842e-19,-4.1518621905861554e-19,-2.867201101129748e-19,-1.971365134774824e-19,-1.3493854484941877e-19,-9.194551637021854e-20,-6.236133483126362e-20,-4.209732009209082e-20,-2.828203903316981e-20,-1.8908032148488622e-20,-1.2578315940782162e-20,-8.325291997297496e-21,-5.481968513246064e-21,-3.590806103709161e-21,-2.339499507664211e-21,-1.515952885544713e-21,-9.76866560218007e-22,-6.259295936411712e-22,-3.987577730618034e-22,-2.525444271674842e-22,-1.589870054435203e-22,-9.947859605776868e-23,-6.185708803540694e-23,-3.8219706445420813e-23,-2.346216539135989e-23,-1.4307872062356238e-23,-8.666625541803242e-24,-5.213546900553343e-24,-3.114321288181091e-24,-1.847044437898578e-24,-1.0874523902077186e-24,-6.354706703977941e-25,-3.6852302225803777e-25,-2.120543380420684e-25,-1.210516430125825e-25,-6.854261926743167e-26,-3.8489345546518197e-26,-2.14304501058226e-26,-1.1829102607450892e-26,-6.471701172190322e-27,-3.508691544330031e-27,-1.8847048754602158e-27,-1.002816857128105e-27,-5.28428107484257e-28,-2.757015648945345e-28,-1.4239069918370464e-28,-7.277965794367532e-29,-3.6805955027713886e-29,-1.8411798222105746e-29,-9.108171693032916e-30,-4.4545754510644894e-30,-2.1532823745654283e-30,-1.02846786017259e-30,-4.852292387988012e-31,-2.260668413916249e-31,-1.0397361994497338e-31,-4.7191519537211365e-32,-2.1130634636233968e-32,-9.330763009689003e-33,-4.061821450995097e-33,-1.742453073395195e-33,-7.363253844964317e-34,-3.063886953344477e-34,-1.25484364110029e-34,-5.056307994774939e-35,-2.0035987967751547e-35,-7.80405864610683e-36,-2.986445119290665e-36,-1.1222683988373258e-36,-4.139261576364314e-37,-1.4976149028940564e-37,-5.312351546240856e-38,-1.8464249311277487e-38,-6.284542279326821e-39,-2.0933478090499085e-39,-6.819500940988887e-40,-2.1712685825320976e-40,-6.751783963859342e-41,-2.0490342294845128e-41,-6.064205894634374e-42,-1.7488279530799938e-42,-4.9103030735275625e-43,-1.3411633856920413e-43,-3.560204946461103e-44,-9.176534499592753e-45,-2.294378342506987e-45,-5.5588759026357655e-46,-1.3036984911941727e-46,-2.956287663238996e-47,-6.474166904265151e-48,-1.3675807350868815e-48,-2.782867930894492e-49,-5.447714226372675e-50,-1.0244740217258904e-50,-1.84801197289513e-51,-3.192608460652337e-52,-5.273621434891118e-53,-8.314637352207322e-54,-1.2489881411147096e-54,-1.7841109934823678e-55,-2.4185632160962058e-56,-3.1048531079944427e-57,-3.766153662970962e-58,-4.306252326881912e-59,-4.629759445838753e-60,-4.667945236014608e-61,-9.339165734098599e-76,-5.1588726287975435e-77,-2.612268656965852e-78,-1.20774746249429e-79,-5.0769468184009415e-81,-1.931772135201467e-82,-2.485111740144725e-79,-9.060179028010232e-81,-2.9613215953896376e-82,-8.630091805024048e-84,-2.2294005787107735e-85,-5.073296424956368e-87,-1.0102242371847644e-88,-1.7476686658184479e-90,-2.6066098047631814e-92,-3.3241674776406103e-94,-3.592718502391131e-96,-3.2594435375356715e-98,-2.456768410846138e-100,-1.5214136249823636e-102,-7.648200444972832e-105,-3.0805635365998157e-107,-9.801829840091189e-110,-2.426062011671122e-112,-4.593366239957267e-115,-6.532038707528893e-118,-6.838632612226303e-121,-5.156786853001938e-124,-2.7342372800974963e-127,-9.927801783080985e-131,-2.3975278005331063e-134,-3.728786024117672e-138,-3.603707887636191e-142,-2.080032275584165e-146,-6.859895593629796e-151,-1.2303223095250128e-155,-1.1352642302644372e-160,-5.063641845359738e-166,-1.0174920330941923e-171,-8.504225467305377e-178,-2.6997518527156165e-184,-2.9343319266636245e-191,-9.692119351733432e-199,-8.478351937413866e-207,-1.674493130888477e-215,-6.1983314674252e-225,-3.455869608821885e-235,-2.2414847097587148e-246,-1.2434713972446222e-258,-4.0790404545098025e-272,-5.061082158864916e-287,-1.3756042293623156e-303,-1.2266562191720035e-76,-6.73084956259132e-82,-7.268765618668512e-88,-1.0896701716249826e-94,-1.4364046258990861e-102,-9.056162221721933e-112,-1.1900817046198758e-122,-1.0186815578357233e-135,-1.05804421749878e-151,-1.0714153338692336e-171,-2.0101399733400678e-197,-9.439644014768356e-232,-7.568139160670923e-280,0.0,0.0,0.0,0.0,0.0
8.0,-6.552424752766096e-20,-4.627387339827888e-20,-3.2556059502123285e-20,-2.28172626718194e-20,-1.5929566978234302e-20,-1.1077085899349727e-20,-7.671848272281246e-21,-5.291741248335491e-21,-3.634894906224757e-21,-2.486277949061149e-21,-1.6933287596426504e-21,-1.1482467222260656e-21,-7.7517417382957315e-22,-5.209554968508114e-22,-3.485022223700364e-22,-2.3204897428160623e-22,-1.5377569959192637e-22,-1.0141301484250998e-22,-6.655194097043951e-23,-4.345613221704732e-23,-2.823098914964468e-23,-1.8245100349381626e-23,-1.1729272145712724e-23,-7.499961814026114e-24,-4.7694440570761475e-24,-3.0161552127848293e-24,-1.8965848379758924e-24,-1.1857083122729971e-24,-7.369256437089031e-25,-4.5526235032281355e-25,-2.795393231019247e-25,-1.7057555519752782e-25,-1.034264729835264e-25,-6.230668976530269e-26,-3.728819219890253e-26,-2.21659271323401e-26,-1.308642985809569e-26,-7.672174202558139e-27,-4.46598703515754e-27,-2.5808117400760477e-27,-1.4803743112628471e-27,-8.42748278899168e-28,-4.760672794037704e-28,-2.6681736706231684e-28,-1.4834210784573555e-28,-8.179875992678173e-29,-4.4728694777038244e-29,-2.4249689202665745e-29,-1.3032496622299668e-29,-6.941756241323189e-30,-3.663935907824745e-30,-1.9159193073632666e-30,-9.923593536483229e-31,-5.0901679425110515e-31,-2.585073795390808e-31,-1.2995559621171691e-31,-6.4654515889617e-32,-3.182601147998884e-32,-1.549671211652562e-32,-7.462119736169157e-33,-3.552532883973201e-33,-1.671674470202286e-33,-7.772914132992322e-34,-3.5703572435325133e-34,-1.619601962744718e-34,-7.253420295086225e-35,-3.2061231278123766e-35,-1.3982371296282315e-35,-6.0145153029230196e-36,-2.550884090743181e-36,-1.0663437988848232e-36,-4.391988194992322e-37,-1.7816321250476346e-37,-7.115374908705882e-38,-2.796562146750755e-38,-1.0812248429357018e-38,-4.1103985114622896e-39,-1.535794298692619e-39,-5.637171286823716e-40,-2.031697391855763e-40,-7.18636629064415e-41,-2.4933724268256385e-41,-8.481233564914065e-42,-2.8267201356038085e-42,-9.2258675627072e-43,-2.9469403127268623e-43,-9.206705209054254e-44,-2.811411540364214e-44,-8.385700598770701e-45,-2.441433365584681e-45,-6.9330551755075365e-46,-1.918887689079489e-46,-5.1722198987801535e-47,-1.3565949102401006e-47,-3.4593741031028346e-48,-8.56903099452733e-49,-2.0599131983166678e-49,-4.800958365014248e-50,-1.0837502739961684e-50,-2.366976028326044e-51,-4.996231217396405e-52,-1.0180622240641313e-52,-2.0001636761503678e-53,-3.7841500382057275e-54,-6.885086799027382e-55,-1.20306307056774e-55,-2.015933908392276e-56,-3.2345491930236434e-57,-4.961457312313632e-58,-7.263351122131108e-59,-1.0130596501001505e-59,-1.3437004855481032e-60,-1.6915995843289863e-61,-2.017133665269353e-62,-2.2734295386395965e-63,-2.4163283354522816e-64,-2.416143834220943e-65,-2.2672007562686685e-66,-1.9911535375848126e-67,-1.6321095258346507e-68,-1.2449048383230894e-69,-7.069927631635008e-85,-2.8653339442961485e-86,-1.0547204265177823e-87,-3.510732805495681e-89,-1.051806201941577e-90,-2.822305425811414e-92,-7.761959481382713e-89,-1.98636990079119e-90,-4.504716407817098e-92,-8.998383609444463e-94,-1.5730554225503112e-95,-2.3900390350400144e-97,-3.1328211837334523e-99,-3.51475001953496e-101,-3.346490381767657e-103,-2.679510115189588e-105,-1.7865975710115824e-107,-9.815446933769002e-110,-4.392900259461061e-112,-1.5819757246590516e-114,-4.5234277151481296e-117,-1.0122419644612774e-119,-1.745200329108011e-122,-2.2790496759519932e-125,-2.212866403400243e-128,-1.565532506244859e-131,-7.893490288144199e-135,-2.7685690551957497e-138,-6.577684587017117e-142,-1.0280606082740928e-145,-1.0234938767853072e-149,-6.26311188503517e-154,-2.2645204547972803e-158,-4.6299765062234075e-163,-5.097450819013017e-168,-2.861234957544589e-173,-7.701138710998544e-179,-9.276884504882604e-185,-4.626715913357623e-191,-8.746470694293487e-198,-5.668368059036611e-205,-1.122766339467695e-212,-5.957691357772777e-221,-7.273839073735322e-230,-1.7128218208277972e-239,-6.331574125579031e-250,-2.8853232367675e-261,-1.2181494420444416e-273,-3.3910253821417487e-287,-4.138442331424264e-302,0.0,0.0,-1.3759210686471543e-87,-1.5541577374957426e-93,-2.798435942009818e-100,-5.415538984824148e-108,-6.725593731318981e-117,-2.6947864373867587e-127,-1.3635504978895757e-139,-2.3428880136356647e-154,-2.0494689579441798e-172,-5.295144298482921e-195,-4.602687380225947e-224,-7.748725230361517e-263,0.0,0.0,0.0,0.0,0.0,0.0
7.75,-2.433284773090296e-23,-1.6475069642964736e-23,-1.1107826589765181e-23,-7.457081212487163e-24,-4.9844403748811925e-24,-3.316964583043396e-24,-2.197407658661877e-24,-1.4490840835435122e-24,-9.51166977908775e-25,-6.2139322065277075e-25,-4.040065618714023e-25,-2.6138900215092968e-25,-1.6827795125983712e-25,-1.0778823208637802e-25,-6.868819208799234e-26,-4.354325998496232e-26,-2.745671277476887e-26,-1.7219661106703234e-26,-1.074008933938229e-26,-6.661257630102975e-27,-4.107962053752353e-27,-2.5186873439537067e-27,-1.5351629258118742e-27,-9.30080867148823e-28,-5.600483175280862e-28,-3.351353236267966e-28,-1.9927601031628558e-28,-1.177277646682338e-28,-6.909387268171404e-29,-4.0279430731731357e-29,-2.3321437324846068e-29,-1.3409085664116344e-29,-7.655210102394739e-30,-4.3388028787446126e-30,-2.4410507914385123e-30,-1.3630615522125973e-30,-7.553042295021316e-31,-4.152699711611546e-31,-2.265029878948211e-31,-1.2254144163104863e-31,-6.57486250106056e-32,-3.497937871635524e-32,-1.844948922524953e-32,-9.645539234706332e-33,-4.9975775658051815e-33,-2.5656783770992205e-33,-1.304881383976324e-33,-6.573250424764517e-34,-3.2789998039541133e-34,-1.619436458225019e-34,-7.916885859433312e-35,-3.83015856053894e-35,-1.8333786931816025e-35,-8.680783608027685e-36,-4.064735341796797e-36,-1.8817605896683177e-36,-8.610812835713506e-37,-3.893652622694814e-37,-1.7393446323165857e-37,-7.673755740608047e-38,-3.3427119459236475e-38,-1.437240535696965e-38,-6.097703600691355e-39,-2.55194985239826e-39,-1.0531862722967902e-39,-4.284687791756823e-40,-1.7177624150874839e-40,-6.783924319951533e-41,-2.6382249165816387e-41,-1.0099251158594584e-41,-3.8040052716955234e-42,-1.409255991353771e-42,-5.1327692042906935e-43,-1.837116005408181e-43,-6.458739786617497e-44,-2.2293685550946005e-44,-7.551412470051943e-45,-2.5088150451486612e-45,-8.171039678894271e-46,-2.607474984610902e-46,-8.148066208071653e-47,-2.4918908117960276e-47,-7.453885072364157e-48,-2.1794403973643168e-48,-6.224938863113039e-49,-1.7356471027197695e-49,-4.720861192939761e-50,-1.2516991202997605e-50,-3.23273918413546e-51,-8.126312467961703e-52,-1.986620933900101e-52,-4.719188702875007e-53,-1.0883477847737792e-53,-2.4345429018803486e-54,-5.277172315361483e-55,-1.1073539154487843e-55,-2.247096475219195e-56,-4.404903871564968e-57,-8.331811674879878e-58,-1.5188608161634953e-58,-2.665240750345521e-59,-4.4960915993419595e-60,-7.281635356795181e-61,-1.1305913686330238e-61,-1.6804467339391284e-62,-2.387346087446604e-63,-3.236493764281377e-64,-4.179903275169815e-65,-5.133541501110824e-66,-5.984342330534174e-67,-6.6086509300821514e-68,-6.899404222144639e-69,-6.794729756642761e-70,-6.298035694184671e-71,-5.481112915028735e-72,-4.467513118018263e-73,-3.4012594129291775e-74,-2.411961878038569e-75,-1.5884368647592187e-76,-9.68451212581075e-78,-5.448229755851576e-79,-9.031102547609428e-95,-2.616202813734416e-96,-6.814763610340951e-98,-1.5884645988319328e-99,-3.296255138010734e-101,-6.056340252777234e-103,-3.796539396913667e-99,-6.619277731815591e-101,-1.009921125491123e-102,-1.3394188093916631e-104,-1.5331986311307193e-106,-1.5032134664689837e-108,-1.2520957509639548e-110,-8.783145267508405e-113,-5.140231937253371e-115,-2.48460788006764e-117,-9.812218863615714e-120,-3.129248942247102e-122,-7.958071286743967e-125,-1.592076234970315e-127,-2.4689893685095044e-130,-2.9211383698028136e-133,-2.591500704217534e-136,-1.6918115620465168e-139,-7.962749187054684e-143,-2.6423151995432158e-146,-6.032731971234969e-150,-9.226524739368633e-154,-9.179313915298205e-158,-5.751856921232636e-162,-2.190637692614412e-166,-4.875376194096385e-171,-6.069917117316701e-176,-4.027643950794284e-181,-1.3494708566972765e-186,-2.1493660316819107e-192,-1.5209100128199337e-198,-4.430773076029462e-205,-4.876483196823354e-212,-1.839389967153308e-219,-2.128289992848641e-227,-6.654973179614551e-236,-4.862200204029959e-245,-7.017427310224706e-255,-1.6466400855285314e-265,-5.005067366159262e-277,-1.509238089490298e-289,-3.2939481932238086e-303,0.0,0.0,0.0,0.0,-1.3807519743191126e-99,-2.761747960073848e-106,-6.990810736459349e-114,-1.4369867258391565e-122,-1.3425362832451377e-132,-2.629274219178942e-144,-3.756276325598978e-158,-8.928301687626142e-175,-4.173156578864899e-195,-1.5576154780610555e-220,-3.0189609416988505e-253,-6.872211258286486e-297,0.0,0.0,0.0,0.0,0.0,0.0
7.5,-4.370625017282256e-27,-2.8263043074099358e-27,-1.8190703380132623e-27,-1.1652048809528968e-27,-7.427516936047199e-28,-4.711282544980117e-28,-2.973402048277517e-28,-1.867029496881974e-28,-1.166259138018718e-28,-7.246824491554383e-29,-4.478894791473591e-29,-2.753120266266908e-29,-1.68294761337608e-29,-1.0229775008368474e-29,-6.18257909322065e-30,-3.714826005189198e-30,-2.218853170728769e-30,-1.3173313253980506e-30,-7.773057330355356e-31,-4.557976385454004e-31,-2.655751656158738e-31,-1.537406599315721e-31,-8.841489465031032e-32,-5.050633451874941e-32,-2.865477847161083e-32,-1.6144508353110484e-32,-9.031785371758031e-33,-5.016334569237439e-33,-2.7657005668471698e-33,-1.5134560935250969e-33,-8.219004619931069e-34,-4.4288455616446315e-34,-2.367660072234421e-34,-1.255566186829682e-34,-6.603642692257841e-35,-3.4441472519601986e-35,-1.7809951269579924e-35,-9.129635625198288e-36,-4.6385125902690616e-36,-2.335401263477784e-36,-1.1649910585297336e-36,-5.75679398941257e-37,-2.817424600470511e-37,-1.3653741022980356e-37,-6.550744134846253e-38,-3.110847096434016e-38,-1.461916819645573e-38,-6.797151284600598e-39,-3.1260296416567175e-39,-1.4217392050092636e-39,-6.392980684961242e-40,-2.841426082913201e-40,-1.2479829538505091e-40,-5.415104517771958e-41,-2.32067417948661e-41,-9.819975517996751e-42,-4.101773963817617e-42,-1.6907156494440928e-42,-6.87504466183502e-43,-2.7570911925748346e-43,-1.0900784956127269e-43,-4.247677042214194e-44,-1.6307365937035633e-44,-6.16597282306346e-45,-2.2953390122830532e-45,-8.409233824334554e-46,-3.0308331136916813e-46,-1.0742114707527431e-46,-3.7424858591955565e-47,-1.281113711121795e-47,-4.307057150589422e-48,-1.421480464559676e-48,-4.603239774184434e-49,-1.4619646066143565e-49,-4.551363082565958e-50,-1.3881955069054612e-50,-4.146002017840837e-51,-1.2118112415935996e-51,-3.46429775246967e-52,-9.68075657997162e-53,-2.6426936718835333e-53,-7.042833672325538e-54,-1.8311350213173944e-54,-4.6415603062820255e-55,-1.146212872223594e-55,-2.755492553961622e-56,-6.443597187849901e-57,-1.464542859284568e-57,-3.23262970855749e-58,-6.923268358854767e-59,-1.4373869251350316e-59,-2.89023780260815e-60,-5.622948642431204e-61,-1.05735538174967e-61,-1.9197350738298795e-62,-3.3615741382985376e-63,-5.6705114107427233e-64,-9.203548617378377e-65,-1.4354712877397861e-65,-2.1486629947225417e-66,-3.082334296111038e-67,-4.231603782867156e-68,-5.55126389447087e-69,-6.947973297400071e-70,-8.283040850929584e-71,-9.389429952404108e-72,-1.0102366803512212e-72,-1.0297231008920258e-73,-9.923617813623525e-75,-9.023356531645075e-76,-7.724417593480469e-77,-6.211061578950842e-78,-4.67972279163867e-79,-3.2955343973016302e-80,-2.1633267629964728e-81,-1.3200369816328603e-82,-7.464981850323911e-84,-3.900231412931328e-85,-1.8764440624935448e-86,-8.284155043970204e-88,-3.3436834731516036e-89,-1.6699884756162104e-105,-3.3611775390781057e-107,-6.017238768352223e-109,-9.530482046898794e-111,-1.3279621727127482e-112,-1.6180701901274727e-114,-2.478691244683808e-110,-2.850330953834589e-112,-2.8294115590932856e-114,-2.4067254430114275e-116,-1.7404885799861638e-118,-1.0611551941678395e-120,-5.40557899403778e-123,-2.278632588031662e-125,-7.866537854895901e-128,-2.1996103605626573e-130,-4.9223427049929164e-133,-8.703094247752648e-136,-1.1990146124542134e-138,-1.2679874709070864e-141,-1.012754522517446e-144,-6.002941345377485e-148,-2.5906994653903433e-151,-7.973796028780609e-155,-1.7112371799200476e-158,-2.49840529038629e-162,-2.4156769398055442e-166,-1.5018977867182684e-170,-5.813270330235757e-175,-1.3518450279219977e-179,-1.8160236742452764e-184,-1.3494969347186107e-189,-5.2869933113423255e-195,-1.0352442537329644e-200,-9.546263666690483e-207,-3.87880923100821e-213,-6.4454505608468406e-220,-4.027760884926993e-227,-8.609781517880549e-235,-5.654756886262503e-243,-1.0098826108852949e-251,-4.26503077198866e-261,-3.628605881493368e-271,-5.16868442623412e-282,-9.945797687340756e-294,-2.012688391519308e-306,0.0,0.0,0.0,0.0,0.0,0.0,-1.0035757918726105e-112,-3.017556357750047e-120,-8.918833605974528e-129,-1.575076650814035e-138,-8.666720177041346e-150,-6.235318809091388e-163,-1.79466491783271e-178,-3.9358585733995875e-197,-5.9919622141557605e-220,-1.7402363343952924e-248,-3.394512384458697e-285,0.0,0.0,0.0,0.0,0.0,0.0,0.0
7.25,-3.559280686005874e-31,-2.1891225866675507e-31,-1.3393730923043519e-31,-8.151171282927861e-32,-4.933872892744007e-32,-2.970072823146993e-32,-1.7779450030151002e-32,-1.0582825999152276e-32,-6.262910989587639e-33,-3.6846845449419946e-33,-2.154920159197466e-33,-1.252636913019266e-33,-7.236652966921695e-34,-4.154542116763616e-34,-2.3699259855782795e-34,-1.343151023144867e-34,-7.562136441600866e-35,-4.229059410039071e-35,-2.3489378837791696e-35,-1.2956133124625551e-35,-7.095807333030135e-36,-3.858299364329176e-36,-2.082579371084193e-36,-1.1157354460068742e-36,-5.93220336647953e-37,-3.1297211003793794e-37,-1.6382050146210157e-37,-8.506297166904518e-38,-4.380842612123415e-38,-2.2374485115171874e-38,-1.1330748014109422e-38,-5.6885864095975016e-39,-2.83086218079436e-39,-1.3961375103245014e-39,-6.822717539695504e-40,-3.3031552934088847e-40,-1.584030939697618e-40,-7.522808086193599e-41,-3.5374833124954125e-41,-1.6467252088570114e-41,-7.587035497990354e-42,-3.459050548465049e-42,-1.560208449123847e-42,-6.960714938732845e-43,-3.07094855342568e-43,-1.339485314462142e-43,-5.774927628552094e-44,-2.460321480797706e-44,-1.0355341819831641e-44,-4.3047875511027293e-45,-1.7670055918904508e-45,-7.159849891724295e-46,-2.8630380550641315e-46,-1.1294873368273268e-46,-4.394776256246411e-47,-1.6860078453268046e-47,-6.375468338546956e-48,-2.375485527992472e-48,-8.718349691632819e-49,-3.1507004543321904e-49,-1.120767618143652e-49,-3.9228303865704745e-50,-1.350497676793426e-50,-4.5711782304631785e-51,-1.5206410237602678e-51,-4.96944723797744e-52,-1.5947221886870273e-52,-5.023011834047026e-53,-1.5521935256131718e-53,-4.7035277940450855e-54,-1.396961812027187e-54,-4.0645076076347906e-55,-1.1578867058822851e-55,-3.227923598291171e-56,-8.801073996668774e-57,-2.3455843020479088e-57,-6.1067227932560404e-58,-1.5521608738250437e-58,-3.8490764052779843e-59,-9.306307731834181e-60,-2.1922930081001567e-60,-5.028150683842423e-61,-1.1219747550572979e-61,-2.433814739772703e-62,-5.128299946273898e-63,-1.0487678088361212e-63,-2.0798400982197388e-64,-3.996089974113966e-65,-7.431731573590262e-66,-1.3365120572916344e-66,-2.321911409514369e-67,-3.892712871343204e-68,-6.29098266229428e-69,-9.789259357980671e-70,-1.4649797938765726e-70,-2.105849893554465e-71,-2.9038744354956683e-72,-3.8361844957685824e-73,-4.848233837558394e-74,-5.853214645927809e-75,-6.740130142626059e-76,-7.391137864842127e-77,-7.70545334529587e-78,-7.623778276594781e-79,-7.14551379522467e-80,-6.3322255840223935e-81,-5.295024099965083e-82,-4.169222425643831e-83,-3.084324606771961e-84,-2.1388383924131608e-85,-1.3869264542021499e-86,-8.388371682353191e-88,-4.719380136664898e-89,-2.4629125481989752e-90,-1.1887179756620572e-91,-5.289500161614649e-93,-2.1628330223929022e-94,-8.098262949049343e-96,-2.766464989616158e-97,-8.588885274417815e-99,-2.413482803974779e-100,-3.765884861440285e-117,-5.105915113308593e-119,-6.08536249512204e-121,-6.338067332639445e-123,-5.732961663445527e-125,-4.4738153579401036e-127,-1.8066598259686463e-122,-1.3227059738092635e-124,-8.236623423868786e-127,-4.327272427262608e-129,-1.9015150337255477e-131,-6.924489591913059e-134,-2.069083770618578e-136,-5.019531198385698e-139,-9.774626779240138e-142,-1.5093152262584142e-144,-1.8238634767393545e-147,-1.7005431536077556e-150,-1.2048519568916331e-153,-6.380684476586962e-157,-2.4810766106316482e-160,-6.947973069294688e-164,-1.3721830446331853e-167,-1.8681009631940098e-171,-1.7101760078424068e-175,-1.0246381735883927e-179,-3.9006036283404807e-184,-9.1335967730882e-189,-1.2695304768695486e-193,-1.0072372741496078e-198,-4.368769045061267e-204,-9.876472472313598e-210,-1.1038132538092015e-215,-5.750731841987551e-222,-1.3081263845584172e-228,-1.207519220238334e-235,-4.16697621252053e-243,-4.901616789851191e-251,-1.7708540840287615e-259,-1.7460122887682295e-268,-4.1072391103842544e-278,-1.976808634412323e-288,-1.6318353301620098e-299,0.0,0.0,0.0,0.0,0.0,0.0,0.0,0.0,0.0,-4.170479924647571e-127,-1.5767818355919642e-135,-4.444634001808894e-145,-5.351108187860225e-156,-1.3279070357349406e-168,-2.5706229156762253e-183,-1.0316966535591064e-200,-1.3423811071161435e-221,-3.880116728249455e-247,-4.466161212209431e-279,0.0,0.0,0.0,0.0,0.0,0.0,0.0,0.0
7.0,-1.222028550971315e-35,-7.116159221833127e-36,-4.119846421088753e-36,-2.3710828448138522e-36,-1.3564417519245833e-36,-7.712617176270034e-37,-4.35818003542601e-37,-2.447185737087695e-37,-1.3653427990291694e-37,-7.568034576619776e-38,-4.167194173559573e-38,-2.2791616343077758e-38,-1.2380201535082352e-38,-6.678067786116352e-39,-3.5767831968823976e-39,-1.9019542823220627e-39,-1.0039658738805233e-39,-5.260096954753505e-40,-2.735065152223435e-40,-1.411180635339409e-40,-7.224021870338036e-41,-3.6685640286028327e-41,-1.8478699586989703e-41,-9.230837465361607e-42,-4.572353566170282e-42,-2.245435203668717e-42,-1.0930867982611761e-42,-5.273899691326797e-43,-2.5215067230954824e-43,-1.194443485678927e-43,-5.604961129671026e-44,-2.604974835759335e-44,-1.198888585304213e-44,-5.462820000458853e-45,-2.4639621948993204e-45,-1.0998777613006053e-45,-4.8580272649915264e-46,-2.122707860830174e-46,-9.173656764072818e-47,-3.9203197181279886e-47,-1.6562635646386123e-47,-6.91617479076352e-48,-2.8538286683545076e-48,-1.1633471147125991e-48,-4.6838327297621e-49,-1.862053793990296e-49,-7.307467481789281e-50,-2.830135281784216e-50,-1.0814130740511477e-50,-4.0756340305562727e-51,-1.514569961048633e-51,-5.548068827479966e-52,-2.002703194389841e-52,-7.121533446633036e-53,-2.4938390765178156e-53,-8.597116980090815e-54,-2.9165796052882964e-54,-9.733609080879188e-55,-3.1944105547841358e-55,-1.0305215230490116e-55,-3.266634062446156e-56,-1.0170521439751798e-56,-3.108865492311769e-57,-9.325830284019312e-58,-2.744130855538958e-58,-7.9168511479818695e-59,-2.238322233066393e-59,-6.19869900843706e-60,-1.6806009206374215e-60,-4.45846859759221e-61,-1.1567172373692157e-61,-2.9332186035963616e-62,-7.265816504514579e-63,-1.757055892679257e-63,-4.14550302108112e-64,-9.536287364679848e-65,-2.137479432179013e-65,-4.6649274357547536e-66,-9.905975550181206e-67,-2.045205169419047e-67,-4.1023235890321875e-68,-7.98785576450725e-69,-1.5086163555863103e-69,-2.761234568383564e-70,-4.893473151458991e-71,-8.389176314805049e-72,-1.3899301492051008e-72,-2.223337062840389e-73,-3.430097483464537e-74,-5.098339466444246e-75,-7.292656304152295e-76,-1.0027007957633496e-76,-1.3236062695686103e-77,-1.6753270271782634e-78,-2.030590259800325e-79,-2.353593439567012e-80,-2.604990747704384e-81,-2.7491531929083044e-82,-2.762065351057769e-83,-2.637580453084089e-84,-2.389886939062274e-85,-2.0510622300038852e-86,-1.6641983664015145e-87,-1.2741307572606213e-88,-9.185953402006053e-90,-6.223188697771465e-91,-3.952877654130461e-92,-2.348615854246806e-93,-1.302104609233028e-94,-6.718921369108801e-96,-3.218116293551777e-97,-1.4266641353794547e-98,-5.836678377981474e-100,-2.1967098532301566e-101,-7.580707844081424e-103,-2.390384027995156e-104,-6.862076201512163e-106,-1.7864677150224285e-107,-4.200636651420689e-109,-8.882680167662771e-111,-1.6815257820809202e-112,-8.543119478977434e-130,-7.544025047953187e-132,-5.781456992668673e-134,-3.8204767647638624e-136,-2.1620710092143503e-138,-1.0402423304707392e-140,-1.2029548090973815e-135,-5.395215545153933e-138,-2.0252998925074097e-140,-6.306990824750018e-143,-1.613898420994685e-145,-3.35919385960443e-148,-5.625646634018462e-151,-7.49245565865408e-154,-7.837139715531573e-157,-6.352392840141664e-160,-3.932669803517173e-163,-1.830834094012949e-166,-6.3027845386647024e-170,-1.5756691086092462e-173,-2.804986534199298e-177,-3.48099846547837e-181,-2.9428809111846726e-185,-1.652931559601662e-189,-6.002056916071622e-194,-1.3676668545980217e-198,-1.8930594968999424e-203,-1.5359399913133165e-208,-7.024604939498321e-214,-1.7346796796280432e-219,-2.2057736514801722e-225,-1.3704762465275438e-231,-3.9256579070867734e-238,-4.860039884848883e-245,-2.4199337968618574e-252,-4.47172790549021e-260,-2.8021553798915067e-268,-5.380140308552836e-277,-2.8224870257140696e-286,-3.553239372108721e-296,-9.259896854190568e-307,0.0,0.0,0.0,0.0,0.0,0.0,0.0,0.0,0.0,0.0,0.0,-7.596851538105781e-143,-2.9711553594390186e-152,-6.402122234517287e-163,-4.080776578535501e-175,-3.41147186620589e-189,-1.2643503001610115e-205,-4.732418096049771e-225,-2.2544998980148312e-248,-6.858842525266927e-277,-1.505688228254e-312,0.0,0.0,0.0,0.0,0.0,0.0,0.0,0.0
6.75,-1.6296718660487262e-40,-8.940385219145415e-41,-4.87312726632152e-41,-2.638818845976706e-41,-1.4194352086549934e-41,-7.58365582648369e-42,-4.0239312005496535e-42,-2.120226020440035e-42,-1.109233973603054e-42,-5.7613220029644195e-43,-2.9704795611052642e-43,-1.5201368790090862e-43,-7.720325182425791e-44,-3.8907119892906514e-44,-1.945385643674822e-44,-9.64954174643292e-45,-4.747575762900564e-45,-2.3165401444646388e-45,-1.1208500518732241e-45,-5.376882332991113e-46,-2.5569541052966823e-46,-1.2051946842802568e-46,-5.629427573983119e-47,-2.6053929901940743e-47,-1.1945703574883248e-47,-5.4250715424928405e-48,-2.439935735602484e-48,-1.0865571099452132e-48,-4.790139079570676e-49,-2.09017783980372e-49,-9.025556972405202e-50,-3.855976998705105e-50,-1.6295823749315025e-50,-6.810974057907551e-51,-2.814753680122123e-51,-1.149938644478475e-51,-4.643168158516889e-52,-1.8525052018126605e-52,-7.301412910033679e-53,-2.8421780016470996e-53,-1.0924061879501495e-53,-4.144710980528348e-54,-1.5519126408612618e-54,-5.7330508018711765e-55,-2.088955413721145e-55,-7.505393026266715e-56,-2.6582215567443293e-56,-9.277936354753721e-57,-3.190210899328586e-57,-1.0803306078732581e-57,-3.601809783887595e-58,-1.1818574387892802e-58,-3.8153888425163734e-59,-1.2113974812471921e-59,-3.781367262887146e-60,-1.1600075842409442e-60,-3.4958524680876905e-61,-1.0345490418211068e-61,-3.005210595295249e-62,-8.565233469125531e-63,-2.3941583826238528e-63,-6.560227594628892e-64,-1.7613031372988343e-64,-4.631150460008849e-65,-1.191974594104322e-65,-3.0015477018200335e-66,-7.390830667318848e-67,-1.7785788092575582e-67,-4.180604968370886e-68,-9.592625164505743e-69,-2.1473648281145359e-69,-4.6867639740896746e-70,-9.966872056726978e-71,-2.063827085634092e-71,-4.158305750122072e-72,-8.146627035028018e-73,-1.550730286247292e-73,-2.8658869352908665e-74,-5.13808897781129e-75,-8.929085435036831e-76,-1.5028136628210238e-76,-2.4474425556349423e-77,-3.853286410769907e-78,-5.859341277610965e-79,-8.596798277460748e-80,-1.21576742627716e-80,-1.655496869772129e-81,-2.1681565510497637e-82,-2.7279651117121066e-83,-3.293476843546527e-84,-3.8106496301601257e-85,-4.219987865023561e-86,-4.4669122807899215e-87,-4.5131508764387247e-88,-4.346055857072312e-89,-3.982849621776746e-90,-3.4680687221935466e-91,-2.8645675512796022e-92,-2.240573573540683e-93,-1.6565568846351316e-94,-1.1555372773216808e-95,-7.589947242586164e-97,-4.684666226255782e-98,-2.7112558868266167e-99,-1.468039493887834e-100,-7.419211834841862e-102,-3.4910759148918497e-103,-1.525524970119283e-104,-6.1739064884599375e-106,-2.30751989885396e-107,-7.941045336710501e-109,-2.5083785290707173e-110,-7.24866507508832e-112,-1.909696721327893e-113,-4.5700883387149145e-115,-9.896150469272092e-117,-1.931197560319233e-118,-3.3817881041071604e-120,-5.290083560429443e-122,-7.357015004669958e-124,-9.050481214767604e-126,-1.5696114586405522e-143,-8.700118533478149e-146,-4.127321682144641e-148,-1.6639709156504524e-150,-5.658380292397974e-153,-1.6100451397791852e-155,-5.837292969093317e-150,-1.5375132421552873e-152,-3.3309534515336494e-155,-5.877774467178526e-158,-8.3601894479938e-161,-9.478276417313676e-164,-8.463761604993225e-167,-5.877033519161474e-170,-3.130032977055657e-173,-1.2598792042472195e-176,-3.7723121683024963e-180,-8.259699215571932e-184,-1.2983613742607212e-187,-1.436342408460025e-191,-1.0944647384163677e-195,-5.611743492932756e-200,-1.8877935637061496e-204,-4.053442612719504e-209,-5.391332145939728e-214,-4.299095679550596e-219,-1.9831366469168145e-224,-5.088971815761117e-230,-6.959182286002773e-236,-4.837491112221674e-242,-1.622534261693491e-248,-2.478991645947037e-255,-1.618658947577729e-262,-4.207717205298364e-270,-4.0238386722842125e-278,-1.2959603323315372e-286,-1.2732239393635257e-295,-3.413566705424565e-305,0.0,0.0,0.0,0.0,0.0,0.0,0.0,0.0,0.0,0.0,0.0,0.0,0.0,0.0,-4.495529708365909e-160,-1.4684789734794112e-170,-1.8980223573257647e-182,-4.855000481776307e-196,-9.931321022024822e-212,-4.852756451936738e-230,-1.0900657517076e-251,-1.1202598454269459e-277,-1.879157425607505e-309,0.0,0.0,0.0,0.0,0.0,0.0,0.0,0.0,0.0
6.5,-7.693315865326422e-46,-3.9544235012058485e-46,-2.0181216513440973e-46,-1.022482938562484e-46,-5.14231057855173e-47,-2.566858183648836e-47,-1.2715501223448467e-47,-6.250268313663907e-48,-3.0481879300041486e-48,-1.4747072567658548e-48,-7.076731686486011e-49,-3.367929623161537e-49,-1.5894096483122533e-49,-7.436850621296569e-50,-3.44952303126958e-50,-1.5859181257067882e-50,-7.225828464108499e-51,-3.26220771061569e-51,-1.459092988797521e-51,-6.4644326930830905e-52,-2.836488061330583e-52,-1.2324232257985246e-52,-5.301401014820983e-53,-2.257329559495159e-53,-9.512454227251622e-54,-3.966443876441933e-54,-1.6362022470502239e-54,-6.675954070098792e-55,-2.6936551389935033e-55,-1.0745641801069564e-55,-4.237323145808768e-56,-1.6512942876777652e-56,-6.35818900407706e-57,-2.4183455439261297e-57,-9.083988513774948e-58,-3.369013717816389e-58,-1.2333572909435782e-58,-4.455783365274404e-59,-1.588160745284961e-59,-5.583200782032777e-60,-1.935398886801909e-60,-6.613525127523967e-61,-2.2271235192601363e-61,-7.38880872502878e-62,-2.414292308025488e-62,-7.767001330949464e-63,-2.4593706730596213e-63,-7.662256946486224e-64,-2.348023748879832e-64,-7.074699829410892e-65,-2.095152462463205e-65,-6.09625472145208e-66,-1.742141830512834e-66,-4.88770554206337e-67,-1.345707934442836e-67,-3.634450268608447e-68,-9.62456764464976e-69,-2.4979578374103127e-69,-6.351134170812932e-70,-1.5811556656727177e-70,-3.852508940122346e-71,-9.182064327514773e-72,-2.139635516037532e-72,-4.872031738813262e-73,-1.0834576577265884e-73,-2.351788789261756e-74,-4.979827091830514e-75,-1.0280080701052234e-75,-2.0676317542992726e-76,-4.049145379072788e-77,-7.7157256702090435e-78,-1.4295961682091679e-78,-2.573729720508297e-79,-4.4988822185527925e-80,-7.62968339410988e-81,-1.2543685142567906e-81,-1.9975836276230704e-82,-3.0787743411276242e-83,-4.588413137935418e-84,-6.606385143404856e-85,-9.180631429924812e-86,-1.2301668979128917e-86,-1.5878085529967825e-87,-1.972051158628927e-88,-2.3542372721475726e-89,-2.6983749840880513e-90,-2.965947450436576e-91,-3.1225031381663545e-92,-3.144625731055985e-93,-3.0254375562850305e-94,-2.77692476743402e-95,-2.428153536172068e-96,-2.0196604126839265e-97,-1.5955049210778335e-98,-1.19518432710767e-99,-8.475365012773216e-101,-5.6794653011138656e-102,-3.589946485361067e-103,-2.1363450533413162e-104,-1.1945179755344102e-105,-6.262508565930006e-107,-3.071808781606797e-108,-1.4065109640764597e-109,-5.99739488297052e-111,-2.3755936936109154e-112,-8.718468575886081e-114,-2.956523810030142e-115,-9.237471772562888e-117,-2.651259373148673e-118,-6.968046422691102e-120,-1.6714505248912976e-121,-3.646623040026743e-123,-7.209693887005539e-125,-1.2867751985324711e-126,-2.064865873094881e-128,-2.966429140163301e-130,-3.798207186034007e-132,-4.313884306143265e-134,-4.324458793372158e-136,-3.8060482227084276e-138,-2.924628524465397e-140,-1.8275759963455686e-158,-6.1059661741621446e-161,-1.7198109059832948e-163,-4.0521001739409086e-166,-7.92083339611898e-169,-1.2733473426060314e-171,-1.5986943097325877e-165,-2.3610514800145493e-168,-2.8141650281551708e-171,-2.6781701395489207e-174,-2.011850079201037e-177,-1.1784277083455657e-180,-5.312118336934532e-184,-1.817150031109727e-187,-4.6465334878617436e-191,-8.738858222061484e-195,-1.1879799008272897e-198,-1.1456501548368926e-202,-7.680765037538908e-207,-3.5025541685747813e-211,-1.0610532968652055e-215,-2.081375837220397e-220,-2.5713890656914422e-225,-1.941257714033605e-230,-8.66613451240299e-236,-2.2071167223206686e-241,-3.0836479120534293e-247,-2.26414620499331e-253,-8.33461981734128e-260,-1.460506927333161e-266,-1.1506514141056435e-273,-3.826301362428165e-281,-5.00745028285173e-289,-2.3860795104993422e-297,-3.79622386071863e-306,0.0,0.0,0.0,0.0,0.0,0.0,0.0,0.0,0.0,0.0,0.0,0.0,0.0,0.0,0.0,0.0,0.0,-6.156459642491044e-179,-1.327676215770562e-190,-7.885399921775494e-204,-5.96911323404353e-219,-2.1024512012078855e-236,-8.988889541028246e-257,-7.464271451918533e-281,-9.25251942700135e-310,0.0,0.0,0.0,0.0,0.0,0.0,0.0,0.0,0.0,0.0
6.25,-1.156905641324512e-51,-5.53809316481602e-52,-2.6301973300670783e-52,-1.2391586306940593e-52,-5.790546181197555e-53,-2.6835428383418193e-53,-1.233204181335044e-53,-5.618736710441155e-54,-2.537803961333021e-54,-1.1361358199357187e-54,-5.0407008375270714e-55,-2.216023393455767e-55,-9.651910443941212e-56,-4.164271233514782e-56,-1.7794312324927676e-56,-7.529531721793739e-57,-3.1544649881383683e-57,-1.3082151245432266e-57,-5.369715811351806e-58,-2.181038268471837e-58,-8.764646972476006e-59,-3.4840319217313992e-59,-1.3696884892753894e-59,-5.3243533423397e-60,-2.0461083348563104e-60,-7.771703607878087e-61,-2.9170012973155037e-61,-1.081669178322046e-61,-3.961795201395937e-62,-1.4329438948834631e-62,-5.116857314569155e-63,-1.8034709619867884e-63,-6.272473469259993e-64,-2.152195384745513e-64,-7.283233834061327e-65,-2.430245152525773e-65,-7.993550870663779e-66,-2.591019318814444e-66,-8.274028351586593e-67,-2.6022538664337203e-67,-8.058162761752112e-68,-2.45606564226931e-68,-7.365828948725461e-69,-2.1728881275928327e-69,-6.302888088358693e-70,-1.797118246048754e-70,-5.034920981367552e-71,-1.3855664750338081e-71,-3.743829063743563e-72,-9.928625939898954e-73,-2.5832859878329866e-73,-6.591537346452403e-74,-1.648721570571776e-74,-4.040772392544496e-75,-9.699345329165995e-76,-2.2791878533805027e-76,-5.240469204354472e-77,-1.178417057406518e-77,-2.5902794999754213e-78,-5.562707673621596e-79,-1.1664982833225352e-79,-2.3872572827504348e-80,-4.765221227456511e-81,-9.272124442369371e-82,-1.7576130030093366e-82,-3.2437105112120064e-83,-5.8244367755746975e-84,-1.016875572404601e-84,-1.724976539358344e-85,-2.841120091521112e-86,-4.540107884672483e-87,-7.033658935943999e-88,-1.0555823118542516e-88,-1.5333593692650197e-89,-2.154120474147414e-90,-2.9240889963793156e-91,-3.8318877863488734e-92,-4.843169758386856e-93,-5.898205287372756e-94,-6.914276286787439e-95,-7.793951631136534e-96,-8.438857861419712e-97,-8.766739329027247e-98,-8.72803006249972e-99,-8.317528393985744e-100,-7.577544547420338e-101,-6.591043056727794e-102,-5.466188350253961e-103,-4.316285392292466e-104,-3.240387795675508e-105,-2.3093293894372577e-106,-1.5598791920154093e-107,-9.970073171311818e-109,-6.019558983595846e-110,-3.427011826331622e-111,-1.836302203272065e-112,-9.24291562145088e-114,-4.3614665493668645e-115,-1.9253030046577642e-116,-7.933276568466402e-118,-3.0443495929601325e-119,-1.0853790098769892e-120,-3.586099757356441e-122,-1.0951566824019214e-123,-3.082824988140647e-125,-7.976084520195913e-127,-1.89098830753502e-128,-4.095179447084479e-130,-8.074242237109418e-132,-1.4443216896079726e-133,-2.335459651283673e-135,-3.400631931953265e-137,-4.440917404837943e-139,-5.179256630444375e-141,-5.3703497732845585e-143,-4.927575229643002e-145,-3.9811087968375414e-147,-2.817353133027465e-149,-1.7367805995973394e-151,-9.272135139739872e-154,-4.260547329605702e-156,-1.0206131139289243e-174,-1.9656491027303647e-177,-3.139474075751873e-180,-4.1230165717378245e-183,-4.412188016637815e-186,-3.810672691263756e-189,-1.848495641604253e-182,-1.4545946650038941e-185,-9.0490956311588e-189,-4.39845536868186e-192,-1.6495776638919169e-195,-4.709690026488863e-199,-1.0090644921453555e-202,-1.5975951041847782e-206,-1.838499064472921e-210,-1.5107937801254196e-214,-8.697742919644933e-219,-3.4367224581341165e-223,-9.115817979717333e-228,-1.5847717704078431e-232,-1.759606425787605e-237,-1.213284660932954e-242,-5.0395518508268094e-248,-1.2199363961127243e-253,-1.6601796782888214e-259,-1.2211796851913452e-265,-4.651108422425098e-272,-8.750934223243186e-279,-7.724104094432508e-286,-3.0218226517501503e-293,-4.921726494785664e-301,-3.1098363908545e-309,0.0,0.0,0.0,0.0,0.0,0.0,0.0,0.0,0.0,0.0,0.0,0.0,0.0,0.0,0.0,0.0,0.0,0.0,0.0,0.0,-1.3268385388876305e-199,-1.457683086300679e-212,-2.9654468287299125e-227,-4.748352103462349e-244,-1.9547456748301854e-263,-4.653259955667823e-286,-8.27112262865e-313,0.0,0.0,0.0,0.0,0.0,0.0,0.0,0.0,0.0,0.0,0.0
6.0,-4.9126669493948994e-58,-2.1755770447607696e-58,-9.550755963460353e-59,-4.155718642230659e-59,-1.7919970511065068e-59,-7.656803809528977e-60,-3.241244139748795e-60,-1.3591377158182972e-60,-5.6446200306956515e-61,-2.3214322844209214e-61,-9.452710793529164e-62,-3.810335007216826e-62,-1.5202049832664757e-62,-6.002019829560654e-63,-2.344613911937404e-63,-9.06033935077859e-64,-3.4628649564267854e-64,-1.308764418901845e-64,-4.890318769499286e-65,-1.806240452881356e-65,-6.59306800865369e-66,-2.3778361196063935e-66,-8.471596460177197e-67,-2.9808624783208503e-67,-1.0356524010800608e-67,-3.552067148964112e-68,-1.2023768941205566e-68,-4.015938790067888e-69,-1.3231608948751333e-69,-4.2993891523649236e-70,-1.37738716653848e-70,-4.349549518851869e-71,-1.3534815746665938e-71,-4.149139607272988e-72,-1.2526682017478046e-72,-3.72355523090502e-73,-1.0894100597719431e-73,-3.1361832980691973e-74,-8.880737713922753e-75,-2.4728147919607277e-75,-6.768347682610707e-76,-1.8204212730219342e-76,-4.8095550151818595e-77,-1.2477369002209528e-77,-3.17733708713624e-78,-7.938861753822339e-79,-1.94552012162414e-79,-4.674323881663304e-80,-1.1005898890368014e-80,-2.538450910467629e-81,-5.732658764661695e-82,-1.2670375299324898e-82,-2.7394613765068332e-83,-5.791265745329193e-84,-1.1964609709410723e-84,-2.414448946243531e-85,-4.756670201282382e-86,-9.143611482659446e-87,-1.7140331939431912e-87,-3.131533331391861e-88,-5.572795286229682e-89,-9.653865974139781e-90,-1.6269234701826103e-90,-2.6655545535552685e-91,-4.2429755620876374e-92,-6.557141370512841e-93,-9.831243431786125e-94,-1.428995741883443e-94,-2.012102746067924e-95,-2.7423525091174512e-96,-3.614897989485909e-97,-4.604709859463401e-98,-5.6632188580455525e-99,-6.718738038620885e-100,-7.681928910254131e-101,-8.456524172486412e-102,-8.95403202920818e-103,-9.109640984865068e-104,-8.895583101492965e-105,-8.328293324640631e-106,-7.467003955155841e-107,-6.4036490364969314e-108,-5.246410004810377e-109,-4.10103234889793e-110,-3.0545136721759586e-111,-2.164753560868668e-112,-1.4577023472184035e-113,-9.312697636461263e-115,-5.635795792963859e-116,-3.2255832024946755e-117,-1.7430371644438977e-118,-8.877550621424782e-120,-4.253824438973926e-121,-1.9140140273086075e-122,-8.071139503278888e-124,-3.183154985311838e-125,-1.1716151477822947e-126,-4.015572970644111e-128,-1.278598970661731e-129,-3.773027091361383e-131,-1.0292283935617976e-132,-2.588497743797249e-134,-5.9854051685519975e-136,-1.2687883160765139e-137,-2.458193835045358e-139,-4.3390416256942686e-141,-6.95465930712832e-143,-1.0086630744500353e-144,-1.318907897963267e-146,-1.548860101277666e-148,-1.6269983070690333e-150,-1.522292937547844e-152,-1.263019809256442e-154,-9.248831474476051e-157,-5.948193685508868e-159,-3.3423140598055788e-161,-1.6319002771268268e-163,-6.883574294022871e-166,-2.493209151618097e-168,-7.704219997302689e-171,-2.0172735741164805e-173,-1.989068273674447e-192,-2.1020814151988866e-195,-1.809568412669108e-198,-1.2571111161470004e-201,-6.9782025963135165e-205,-3.062765885464948e-208,-6.4783610512766674e-201,-2.567450499047773e-204,-7.86523829783183e-208,-1.8386472875600141e-211,-3.235087237582825e-215,-4.221692569639751e-219,-4.0222011760353414e-223,-2.7510125564065137e-227,-1.32652377987829e-231,-4.4227355951628505e-236,-9.984881761777146e-241,-1.4924331971891706e-245,-1.4414642672448688e-250,-8.763611124830225e-256,-3.2599873578933907e-261,-7.195466415274582e-267,-9.114499327649822e-273,-6.3899671808466825e-279,-2.3835156919248897e-285,-4.531000122047561e-292,-4.187840128645927e-299,-1.787398511566312e-306,0.0,0.0,0.0,0.0,0.0,0.0,0.0,0.0,0.0,0.0,0.0,0.0,0.0,0.0,0.0,0.0,0.0,0.0,0.0,0.0,0.0,0.0,0.0,0.0,-2.8970969022887484e-222,-1.2171514650719674e-236,-6.127925055633876e-253,-1.431575826822785e-271,-4.487000406939226e-293,0.0,0.0,0.0,0.0,0.0,0.0,0.0,0.0,0.0,0.0,0.0,0.0,0.0
5.75,-5.129806353707966e-65,-2.08610986458058e-65,-8.402058191737995e-66,-3.3510364400987905e-66,-1.3232709461545882e-66,-5.172783240077862e-67,-2.001399765402532e-67,-7.663092783940531e-68,-2.903086640718597e-68,-1.0879900502559306e-68,-4.0329282652429516e-69,-1.4783136878948475e-69,-5.35773593123419e-70,-1.9194678443370503e-70,-6.7964093064890695e-71,-2.377878810212949e-71,-8.219052496585003e-72,-2.8059756879826743e-72,-9.45980740593032e-73,-3.1486244092805026e-73,-1.0344303687695175e-73,-3.3536894547072152e-74,-1.0727105368751498e-74,-3.3843465981218253e-75,-1.0529109168855656e-75,-3.2294028969119516e-76,-9.762324412879871e-77,-2.9078262604653268e-77,-8.5319602806141555e-78,-2.465314470528364e-78,-7.0131621053983e-79,-1.963564883231509e-79,-5.4092242447198946e-80,-1.465710627040223e-80,-3.9052309181518466e-81,-1.022794939809965e-81,-2.6322567086457363e-82,-6.654514424879404e-83,-1.65196052553575e-83,-4.025508668032607e-84,-9.625385091281436e-85,-2.2574898563467465e-85,-5.191268105885904e-86,-1.1700004744804926e-86,-2.5833527682640752e-87,-5.585752586108696e-88,-1.18219752366009e-88,-2.448011841204985e-89,-4.957370131686132e-90,-9.812893456970484e-91,-1.8977472318067432e-91,-3.5839068849801616e-92,-6.605828897077792e-93,-1.1877329086593535e-93,-2.0820585002958646e-94,-3.556349820367703e-95,-5.915627763452536e-96,-9.576831138735117e-97,-1.5079931342165219e-97,-2.308113520773085e-98,-3.431708954041603e-99,-4.952968775327789e-100,-6.934573980716651e-101,-9.411539811188467e-102,-1.2372743469973805e-102,-1.5743567986831893e-103,-1.9374424698908097e-104,-2.304031724376393e-105,-2.645549793871228e-106,-2.930441238746358e-107,-3.128591154505472e-108,-3.216320400397976e-109,-3.180876194088905e-110,-3.023285588360412e-111,-2.758732555764256e-112,-2.4142128538820743e-113,-2.0239432041133687e-114,-1.6236118219400338e-115,-1.2448407824309684e-116,-9.110898629149522e-118,-6.357306538654023e-119,-4.223554533458259e-120,-2.6679849467098752e-121,-1.6001993420862108e-122,-9.099387356996499e-124,-4.898184682620301e-125,-2.492041008277349e-126,-1.1963481858295824e-127,-5.410030325786391e-129,-2.3004318705817362e-130,-9.180864912413348e-132,-3.4323128819424304e-133,-1.1996362413265537e-134,-3.9117061018038196e-136,-1.187390407425726e-137,-3.3477154585659427e-139,-8.745937537308859e-141,-2.1120202548512682e-142,-4.702276878066874e-144,-9.626583970546347e-146,-1.8070650445857337e-147,-3.101286816625101e-149,-4.851184930758566e-151,-6.894480233850656e-153,-8.872548888989426e-155,-1.0303038350047856e-156,-1.0756143349100195e-158,-1.0056562514469828e-160,-8.386678002870797e-163,-6.2120774590218e-165,-4.0687142225904565e-167,-2.345416440526988e-169,-1.1841044444567796e-171,-5.2086018915108855e-174,-1.9854044182634478e-176,-6.52052948358573e-179,-1.8339922648244696e-181,-4.389587087607069e-184,-8.880516562579814e-187,-1.5078330870870036e-189,-2.1325751711812467e-192,-9.393807078948327e-212,-5.157702838256321e-215,-2.2620777936529344e-218,-7.84435035268818e-222,-2.1276152889669343e-225,-4.4617964615184745e-229,-4.705950317423478e-221,-8.8239983508877e-225,-1.2479581988299447e-228,-1.3125692950818641e-232,-1.0113171708980674e-236,-5.6169335855238535e-241,-2.210398858260099e-245,-6.050330991571553e-250,-1.1293245509111379e-254,-1.407167729656817e-259,-1.1439811160028183e-264,-5.920128902588858e-270,-1.899049127355448e-275,-3.669132034717861e-281,-4.1392686454493374e-287,-2.6363532809478765e-293,-9.139992056059176e-300,-1.6577295221179373e-306,0.0,0.0,0.0,0.0,0.0,0.0,0.0,0.0,0.0,0.0,0.0,0.0,0.0,0.0,0.0,0.0,0.0,0.0,0.0,0.0,0.0,0.0,0.0,0.0,0.0,0.0,0.0,0.0,-3.8653859527731125e-247,-4.516887048752115e-263,-3.923211836771062e-281,-8.853109073953445e-302,0.0,0.0,0.0,0.0,0.0,0.0,0.0,0.0,0.0,0.0,0.0,0.0,0.0,0.0
5.5,-1.12286561605749e-72,-4.158727999670808e-73,-1.5239601369964187e-73,-5.524497482574584e-74,-1.9808069939037202e-74,-7.023348724949043e-75,-2.462179958517231e-75,-8.532728002970698e-76,-2.922576210906206e-76,-9.891657570037491e-77,-3.3075861091300543e-77,-1.0924554627353235e-77,-3.5633334766959453e-78,-1.1475640850073663e-78,-3.6481331820125487e-79,-1.144566475023546e-79,-3.5431462165627076e-80,-1.0819661549876372e-80,-3.258451775815781e-81,-9.675557350087847e-82,-2.83203953076355e-82,-8.169025321501795e-83,-2.3215344056577008e-83,-6.498267305120694e-84,-1.7910940546754996e-84,-4.8597675873443963e-85,-1.2976687008962404e-85,-3.409064698498215e-86,-8.808428563405337e-87,-2.2377874755544835e-87,-5.588027219871708e-88,-1.3711218378212446e-88,-3.304657456261244e-89,-7.820977306177546e-90,-1.8168842859436231e-90,-4.1416055245031936e-91,-9.26029663584256e-92,-2.030163690564641e-92,-4.362326328470258e-93,-9.183593364082249e-94,-1.893373849579557e-94,-3.821258191062773e-95,-7.546312160882757e-96,-1.4575669231027913e-96,-2.7522588852902243e-97,-5.0782410480400496e-98,-9.151475820021582e-99,-1.6099316499053816e-99,-2.7633813836815337e-100,-4.6255526525192105e-101,-7.546431891426453e-102,-1.1993169753688862e-102,-1.8556355385160738e-103,-2.7935895307341055e-104,-4.089602005336913e-105,-5.818051606309682e-106,-8.038474203893534e-107,-1.0779094437794642e-107,-1.4018705193593138e-108,-1.767037786924407e-109,-2.1571583843647453e-110,-2.5485473233564642e-111,-2.9116819016075397e-112,-3.21433595107984e-113,-3.4259366972066396e-114,-3.5224218509293692e-115,-3.4905893406595875e-116,-3.330892235312644e-117,-3.057898637291014e-118,-2.698169059390488e-119,-2.2859555201847158e-120,-1.8576907424652964e-121,-1.4465233417260348e-122,-1.0780712603765558e-123,-7.681510903800081e-125,-5.226524699615779e-126,-3.391709456643216e-127,-2.096606674746932e-128,-1.232939724471396e-129,-6.888215805010965e-131,-3.6509322851585076e-132,-1.8331699865891148e-133,-8.706629472393804e-135,-3.905419951890091e-136,-1.6517798355186397e-137,-6.576167817626638e-139,-2.4602054617872026e-140,-8.632957678374703e-142,-2.8360810994252472e-143,-8.705567435154026e-145,-2.491778620531677e-146,-6.636429568161619e-148,-1.641017801884346e-149,-3.7587842941458903e-151,-7.95603594786267e-153,-1.552306183330349e-154,-2.784577446506021e-156,-4.57998222270281e-158,-6.887488691169813e-160,-9.44205585441682e-162,-1.1763583397599736e-163,-1.327634855429594e-165,-1.3527526507942142e-167,-1.2400131101497625e-169,-1.0188221347829289e-171,-7.474036899409209e-174,-4.875704978175797e-176,-2.816440792335381e-178,-1.4342027694792645e-180,-6.408218971177422e-183,-2.500055063479921e-185,-8.472427600510641e-188,-2.480606874587653e-190,-6.239117566507092e-193,-1.3399744006093689e-195,-2.4419220125113857e-198,-3.750890422995274e-201,-4.822263351363444e-204,-5.1506066930144886e-207,-4.5347365989739216e-210,-3.2638682472824686e-213,-7.059360490506489e-233,-1.8948231292032249e-236,-3.976771149904716e-240,-6.453437201738616e-244,-8.001859381835682e-248,-7.485973435499789e-252,-4.571035487608742e-243,-3.782785970332717e-247,-2.298682119336251e-251,-1.0099613406219808e-255,-3.1558969653510463e-260,-6.890841358328133e-265,-1.0317023144424205e-269,-1.0379700093942665e-274,-6.8665707586164715e-280,-2.9180845014227323e-285,-7.769135869454148e-291,-1.2613651494436617e-296,-1.2129943561958687e-302,-6.697948694666977e-309,0.0,0.0,0.0,0.0,0.0,0.0,0.0,0.0,0.0,0.0,0.0,0.0,0.0,0.0,0.0,0.0,0.0,0.0,0.0,0.0,0.0,0.0,0.0,0.0,0.0,0.0,0.0,0.0,0.0,0.0,0.0,0.0,-1.7582656389416468e-274,-4.0076018710641463e-292,-4.01028194219e-312,0.0,0.0,0.0,0.0,0.0,0.0,0.0,0.0,0.0,0.0,0.0,0.0,0.0,0.0,0.0
5.25,-4.280856660398089e-81,-1.430710435083138e-81,-4.7258352188677274e-82,-1.5425146112353157e-82,-4.9741654765541545e-83,-1.5844040340393117e-83,-4.98401219353032e-84,-1.5479982536917233e-84,-4.746230814404288e-85,-1.4362202566853088e-85,-4.288365165898652e-86,-1.2631751470550551e-86,-3.6697533622322023e-87,-1.0512592049838498e-87,-2.9687812366683533e-88,-8.262956549157738e-89,-2.2660663105142922e-89,-6.121785301383102e-90,-1.6286875447126855e-90,-4.2661375153584385e-91,-1.0998912901640413e-91,-2.7903592639285816e-92,-6.96370916216642e-93,-1.7090822243071594e-93,-4.123782165696845e-94,-9.779222060698231e-95,-2.2785095535614977e-95,-5.214276878166531e-96,-1.1716266867993418e-96,-2.5839731598502763e-97,-5.5916277209104313e-98,-1.1868179640195642e-98,-2.4698224688618363e-99,-5.037548077275742e-100,-1.0066450950187614e-100,-1.9699935228704523e-101,-3.774048680989903e-102,-7.07494217205499e-103,-1.2972528094598716e-103,-2.3255268862506852e-104,-4.0739595671952844e-105,-6.971223015625739e-106,-1.1646381261298775e-106,-1.898672264155838e-107,-3.01902953872084e-108,-4.679704306360601e-109,-7.067604727995985e-110,-1.0394210666053816e-110,-1.4877574687056577e-111,-2.0713006307299723e-112,-2.803279134472616e-113,-3.685837297910229e-114,-4.705212924404597e-115,-5.827931214075449e-116,-6.999257951096356e-117,-8.14505220957432e-118,-9.177681352656989e-119,-1.0005827321915784e-119,-1.0546978566450419e-120,-1.074044563673299e-121,-1.0558191209049731e-122,-1.0010892358578344e-123,-9.147533515647755e-125,-8.048287389180662e-126,-6.812075124468272e-127,-5.541502851890389e-128,-4.328431158506786e-129,-3.243077669465409e-130,-2.3284289393961755e-131,-1.600249237896022e-132,-1.0516134546868294e-133,-6.600508337588464e-135,-3.952242655741053e-136,-2.2549122005335494e-137,-1.224312323813886e-138,-6.317848072771132e-140,-3.094415250137691e-141,-1.436540713356533e-142,-6.3119443146373e-144,-2.6210040505706622e-145,-1.026978740958378e-146,-3.79096480756882e-148,-1.316170508054098e-149,-4.290434520023143e-151,-1.3108153549797196e-152,-3.746517066857684e-154,-9.99824358092361e-156,-2.486342033419752e-157,-5.7495845966534e-159,-1.233706935931446e-160,-2.4508200825689673e-162,-4.49696209437019e-164,-7.602884807225072e-166,-1.1813766584069712e-167,-1.6826844269701326e-169,-2.190919919037504e-171,-2.600244749510252e-173,-2.804572052616905e-175,-2.740487729474096e-177,-2.4181465663128217e-179,-1.9202269164736653e-181,-1.3673914549873292e-183,-8.699383884108266e-186,-4.925497629605155e-188,-2.471779725935985e-190,-1.094753295448724e-192,-4.260202272833324e-195,-1.4498355805476493e-197,-4.293878634998175e-200,-1.100996201887174e-202,-2.4309586204708195e-205,-4.595752596183326e-208,-7.3948274990146365e-211,-1.0063798333795284e-213,-1.150759788845628e-216,-1.0979166868111147e-219,-8.67611792253357e-223,-5.634914849365631e-226,-2.983338773200788e-229,-1.2764926556031283e-232,-4.37388443513111e-236,-5.182161816325438e-256,-6.3527369676624954e-260,-5.9485291463723355e-264,-4.202766704691115e-268,-2.2115078496677665e-272,-8.54803979316038e-277,-3.570668414354653e-267,-1.2065982449923508e-271,-2.9073162167283252e-276,-4.9112190123804544e-281,-5.712239659961924e-286,-4.486987854551664e-291,-2.3316165100950942e-296,-7.83960257238883e-302,-1.665478042500398e-307,0.0,0.0,0.0,0.0,0.0,0.0,0.0,0.0,0.0,0.0,0.0,0.0,0.0,0.0,0.0,0.0,0.0,0.0,0.0,0.0,0.0,0.0,0.0,0.0,0.0,0.0,0.0,0.0,0.0,0.0,0.0,0.0,0.0,0.0,0.0,0.0,0.0,-1.384888639479152e-304,0.0,0.0,0.0,0.0,0.0,0.0,0.0,0.0,0.0,0.0,0.0,0.0,0.0,0.0,0.0,0.0,0.0
5.0,-2.2893012331359067e-90,-6.832928748916807e-91,-2.013233258004781e-91,-5.8542906862401575e-92,-1.67979095126748e-92,-4.754914910142748e-93,-1.3275184297034034e-93,-3.654687936180025e-94,-9.919081108690132e-95,-2.653390873638327e-95,-6.9941449607463546e-96,-1.8162024111371104e-96,-4.6449418708248825e-97,-1.1696891153479188e-97,-2.899478562501508e-98,-7.0731224316100206e-99,-1.6975559517201092e-99,-4.007151075167898e-100,-9.300798115667484e-101,-2.1220169199615358e-101,-4.757620526642403e-102,-1.047871852611236e-102,-2.266552800743941e-103,-4.8130609097824834e-104,-1.003066845128912e-104,-2.050893127955367e-105,-4.112527680568548e-106,-8.084842605872485e-107,-1.557656420028693e-107,-2.9399882815465632e-108,-5.434076318517746e-109,-9.831962780000073e-110,-1.7406556982047852e-110,-3.014137025660407e-111,-5.102761189688917e-112,-8.442081024306451e-113,-1.3642713263945283e-113,-2.1525774635464547e-114,-3.314501325372e-115,-4.978151360319105e-116,-7.28940338352697e-117,-1.04008189278646e-117,-1.445328002259982e-118,-1.9550329222997145e-119,-2.5727022545572152e-120,-3.291737057487556e-121,-4.0926667614171183e-122,-4.9416459456919716e-123,-5.7909770394114515e-124,-6.582189452357296e-125,-7.251747364135853e-126,-7.738841372891023e-127,-7.994088704546491e-128,-7.987514627514934e-129,-7.714093101067721e-130,-7.19548295964253e-131,-6.477365833130831e-132,-5.622787389978828e-133,-4.702842563666174e-134,-3.786644789936289e-135,-2.932597460207608e-136,-2.1825322496173864e-137,-1.559457278707718e-138,-1.068740755158354e-139,-7.018196495267843e-141,-4.411510309427548e-142,-2.6515368763461776e-143,-1.5222348077968576e-144,-8.337745841542771e-146,-4.352029992364768e-147,-2.1621589749471782e-148,-1.021161800430275e-149,-4.578814092351822e-151,-1.9466332929856165e-152,-7.835905145273749e-154,-2.982280186628701e-155,-1.0715700686968871e-156,-3.6294553254808734e-158,-1.156973058353761e-159,-3.465399486281525e-161,-9.736280310010451e-163,-2.561396702223561e-164,-6.298114878140274e-166,-1.4446761532181724e-167,-3.0853309977607777e-169,-6.122332440918164e-171,-1.1264044187200414e-172,-1.917240840103405e-174,-3.0120967573652592e-176,-4.3574929646470166e-178,-5.790341946113232e-180,-7.049400644247393e-182,-7.841798147536501e-184,-7.948433795485562e-186,-7.319582103023124e-188,-6.105384104719302e-190,-4.598209676066752e-192,-3.116604131966609e-194,-1.894511884775147e-196,-1.0291433306640254e-198,-4.977232007897227e-201,-2.1346702146288305e-203,-8.085828876623941e-206,-2.693439613316808e-208,-7.854713257580454e-211,-1.995967847736989e-213,-4.397839561972088e-216,-8.358865268920659e-219,-1.3630993171633266e-221,-1.896330132215309e-224,-2.2372646157101336e-227,-2.2244224010693384e-230,-1.8516275521073679e-233,-1.2814976597713122e-236,-7.320533601265483e-240,-3.425250614065163e-243,-1.3021176411588494e-246,-3.987559331526279e-250,-9.748725186757704e-254,-1.884674007973829e-257,-2.852331385726466e-261,-2.102141625445092e-281,-1.0903817953585623e-285,-4.21059813893344e-290,-1.1943425440293087e-294,-2.4532761864783065e-299,-3.5943644177124785e-304,-1.2388991126141075e-293,-1.5665504794210545e-298,-1.3676419041268458e-303,-8.092711053270237e-309,0.0,0.0,0.0,0.0,0.0,0.0,0.0,0.0,0.0,0.0,0.0,0.0,0.0,0.0,0.0,0.0,0.0,0.0,0.0,0.0,0.0,0.0,0.0,0.0,0.0,0.0,0.0,0.0,0.0,0.0,0.0,0.0,0.0,0.0,0.0,0.0,0.0,0.0,0.0,0.0,0.0,0.0,0.0,0.0,0.0,0.0,0.0,0.0,0.0,0.0,0.0,0.0,0.0,0.0,0.0,0.0,0.0,0.0,0.0,0.0
4.75,-1.3312012987541859e-100,-3.5070357529066836e-101,-9.108423975803903e-102,-2.331596221934816e-102,-5.88123920571427e-103,-1.4614564389295662e-103,-3.5768301052165606e-104,-8.619810313128446e-105,-2.044905454481325e-105,-4.774320860961554e-106,-1.0967231592364126e-106,-2.478055772209161e-107,-5.505955971744868e-108,-1.202647062608221e-108,-2.581670725840601e-109,-5.444916146591158e-110,-1.1279159757870194e-110,-2.2941507770943014e-111,-4.580238783285232e-112,-8.972909434503732e-113,-1.7242973364841295e-113,-3.24919670225986e-114,-6.001675976227474e-115,-1.0862901732613834e-115,-1.925911086774046e-116,-3.343336799470916e-117,-5.680806299873819e-118,-9.44395961268798e-119,-1.5354533847489986e-119,-2.4404911691743515e-120,-3.790453195564727e-121,-5.75027852970306e-122,-8.516795549245592e-123,-1.2309883977214255e-123,-1.7354726878613664e-124,-2.3853829202491854e-125,-3.194919282686186e-126,-4.1677578496125555e-127,-5.292482085798533e-128,-6.53880176726815e-129,-7.855613790167676e-130,-9.17191801980955e-131,-1.0401274889799892e-131,-1.1449875951241226e-132,-1.2227484613329815e-133,-1.2659676566161058e-134,-1.2699208543094983e-135,-1.233419538016559e-136,-1.1591204015187202e-137,-1.0532339494820984e-138,-9.246684060404184e-140,-7.837712368762476e-141,-6.4091828244556896e-142,-5.052243056069112e-143,-3.83603172064831e-144,-2.803071866396297e-145,-1.969551099902453e-146,-1.3295262373006457e-147,-8.614443317686055e-149,-5.35241869009031e-150,-3.1859931661030593e-151,-1.8150048755186773e-152,-9.885569184803892e-154,-5.142273003522011e-155,-2.5518910490805056e-156,-1.206789211889568e-157,-5.431951552912678e-159,-2.324405641356217e-160,-9.444059770800673e-162,-3.63862776025999e-163,-1.3276124450755164e-164,-4.5810291957975667e-166,-1.4927803099418506e-167,-4.587031909115925e-169,-1.3271211389664252e-170,-3.609518409201759e-172,-9.213843076611772e-174,-2.2037034146831114e-175,-4.929785569299877e-177,-1.029626937794492e-178,-2.003985602624172e-180,-3.627672650126555e-182,-6.095440004371325e-184,-9.486749945557278e-186,-1.3646551908817173e-187,-1.810269535951312e-189,-2.209339682466822e-191,-2.474715717783005e-193,-2.537668815175305e-195,-2.3760257566594212e-197,-2.025760339579437e-199,-1.5682377779582024e-201,-1.0991033048348645e-203,-6.952335467483901e-206,-3.956358519922981e-208,-2.0187461502470544e-210,-9.203978107974733e-213,-3.73593026561229e-215,-1.344943779935166e-217,-4.277323733881179e-220,-1.1967590303312992e-222,-2.9331287916825184e-225,-6.268783430682983e-228,-1.1628153375806748e-230,-1.862797860473147e-233,-2.5638890704972253e-236,-3.0154709320202e-239,-3.0134485421598714e-242,-2.543518594260024e-245,-1.8019817338006753e-248,-1.064525455976139e-251,-5.207787101156171e-255,-2.094543412311717e-258,-6.873028272821468e-262,-1.8253180768188967e-265,-3.8903030325291736e-269,-6.594877284705447e-273,-8.808864245212158e-277,-9.17925245917664e-281,-7.38431104069549e-285,-4.535324809176779e-289,-2.413432214009755e-309,0.0,0.0,0.0,0.0,0.0,0.0,0.0,0.0,0.0,0.0,0.0,0.0,0.0,0.0,0.0,0.0,0.0,0.0,0.0,0.0,0.0,0.0,0.0,0.0,0.0,0.0,0.0,0.0,0.0,0.0,0.0,0.0,0.0,0.0,0.0,0.0,0.0,0.0,0.0,0.0,0.0,0.0,0.0,0.0,0.0,0.0,0.0,0.0,0.0,0.0,0.0,0.0,0.0,0.0,0.0,0.0,0.0,0.0,0.0,0.0,0.0,0.0,0.0,0.0,0.0,0.0,0.0,0.0,0.0
4.5,-6.223227125704022e-112,-1.4279754257215436e-112,-3.2254788452909385e-113,-7.170117662556864e-114,-1.568212329265149e-114,-3.3737693791350737e-115,-7.137412963781023e-116,-1.4844362843035963e-116,-3.0342779950415e-117,-6.0939278515434505e-118,-1.202152790528513e-118,-2.328691079963504e-119,-4.428130729711615e-120,-8.263210304138805e-121,-1.5127158771768388e-121,-2.715834412564227e-122,-4.780138292987632e-123,-8.2455455892813e-124,-1.3934363166767027e-124,-2.3061475732227468e-125,-3.7364490946356494e-126,-5.924326952666131e-127,-9.188804275791396e-128,-1.393628607641748e-128,-2.065984515099892e-129,-2.9923931061704872e-130,-4.232890335309917e-131,-5.845112209901622e-132,-7.875754165562655e-133,-1.0349898455253674e-133,-1.3259308231193035e-134,-1.6551507532764397e-135,-2.0122036675361235e-136,-2.3812463354922814e-137,-2.7416335277922396e-138,-3.069417977887232e-139,-3.339697028943078e-140,-3.5295486102696817e-141,-3.621117093602459e-142,-3.604299712386997e-143,-3.478491421782046e-144,-3.2529875398503756e-145,-2.945897892693456e-146,-2.581734936979853e-147,-2.1881208989948573e-148,-1.792237739771142e-149,-1.4176699628860104e-150,-1.082160771303842e-151,-7.965600343487008e-153,-5.649616669369789e-154,-3.857866925484541e-155,-2.534237923578546e-156,-1.6001222968282137e-157,-9.702590112392203e-159,-5.644986212756201e-160,-3.1483227774012607e-161,-1.6816101594617347e-162,-8.593641996489335e-164,-4.197574029910814e-165,-1.957666052966363e-166,-8.7083145389141e-168,-3.6906815734778273e-169,-1.4885478001423292e-170,-5.706817145216843e-172,-2.077184901202386e-173,-7.16910006734608e-175,-2.3431666998425433e-176,-7.242914663441534e-178,-2.114456837911604e-179,-5.821614823922549e-181,-1.509421964191866e-182,-3.6799538640919743e-184,-8.422833843578812e-186,-1.8069852712429536e-187,-3.627468129257122e-189,-6.80224038942396e-191,-1.1893783963013293e-192,-1.935532758299952e-194,-2.925885199233461e-196,-4.100379323339713e-198,-5.316220556925679e-200,-6.3630215427269345e-202,-7.015199103236135e-204,-7.107739003261962e-206,-6.602351779447938e-208,-5.60870783424731e-210,-4.346139759694939e-212,-3.063779399568638e-214,-1.959362500955028e-216,-1.133491412071721e-218,-5.913711692291875e-221,-2.7738310625550206e-223,-1.1659011547307771e-225,-4.376539224841272e-228,-1.4620133085599583e-230,-4.330345798311139e-233,-1.132858808971104e-235,-2.6071760043307206e-238,-5.25641886582212e-241,-9.243542830828124e-244,-1.4113520212358725e-246,-1.8621348120367559e-249,-2.1125263887943984e-252,-2.049959512002991e-255,-1.692279548964785e-258,-1.1816876044005263e-261,-6.93807423267796e-265,-3.403749413559248e-268,-1.3861249771209663e-271,-4.653460962594173e-275,-1.2785903608045591e-278,-2.853394550470602e-282,-5.13087034403241e-286,-7.37160717594411e-290,-8.387370952813593e-294,-7.487335062340808e-298,-5.192690272283878e-302,-2.7689383406851983e-306,-1.12338257115667e-310,0.0,0.0,0.0,0.0,0.0,0.0,0.0,0.0,0.0,0.0,0.0,0.0,0.0,0.0,0.0,0.0,0.0,0.0,0.0,0.0,0.0,0.0,0.0,0.0,0.0,0.0,0.0,0.0,0.0,0.0,0.0,0.0,0.0,0.0,0.0,0.0,0.0,0.0,0.0,0.0,0.0,0.0,0.0,0.0,0.0,0.0,0.0,0.0,0.0,0.0,0.0,0.0,0.0,0.0,0.0,0.0,0.0,0.0,0.0,0.0,0.0,0.0,0.0,0.0,0.0,0.0,0.0,0.0,0.0,0.0,0.0,0.0
4.25,-1.6300130654629404e-124,-3.2084226787334473e-125,-6.206573404264157e-126,-1.1796438628191199e-126,-2.20224124213748e-127,-4.037080602347629e-128,-7.264894913258203e-129,-1.2829763551884368e-129,-2.2228004594202005e-130,-3.776912636080418e-131,-6.291976581583933e-132,-1.0273226467414128e-132,-1.6434212636640635e-133,-2.574912969317599e-134,-3.949969405006771e-135,-5.9304113730885845e-136,-8.71113172157838e-137,-1.2514054589166056e-137,-1.7574638684087987e-138,-2.41194223125702e-139,-3.233424378968756e-140,-4.232459498083657e-141,-5.407193137950183e-142,-6.739228071621323e-143,-8.190554087770249e-144,-9.70246778408914e-145,-1.1197292377425067e-145,-1.2583364777571077e-146,-1.3763200252163765e-147,-1.4644061315274655e-148,-1.5149497253057225e-149,-1.5229965477469097e-150,-1.4870557027692663e-151,-1.4094210444331985e-152,-1.2959576856482666e-153,-1.1553734514088596e-154,-9.980992924460228e-156,-8.349805832148268e-157,-6.760124011752379e-158,-5.293290088360366e-159,-4.005889938978258e-160,-2.928035606633421e-161,-2.065624564990691e-162,-1.4054307561419176e-163,-9.2156771364553e-165,-5.819324388859835e-166,-3.535932378294247e-167,-2.0657149738615687e-168,-1.1593405033839342e-169,-6.245319241045952e-171,-3.2264099544990885e-172,-1.5970296684386602e-173,-7.567123412436511e-175,-3.4289180822177825e-176,-1.4844435465965339e-177,-6.133518446209148e-179,-2.416245412031333e-180,-9.065465043951248e-182,-3.235749803406647e-183,-1.0974859803018306e-184,-3.533054562888816e-186,-1.0782047922175216e-187,-3.1153543691199108e-189,-8.511527722742824e-191,-2.195948753774328e-192,-5.3426129331296125e-194,-1.2240099956655168e-195,-2.6368097725596624e-197,-5.333068422963347e-199,-1.0111141960773544e-200,-1.794095103143679e-202,-2.9743138623373684e-204,-4.599106506726871e-206,-6.621083351055201e-208,-8.858299366444319e-210,-1.0992746321376044e-211,-1.2628049696391898e-213,-1.3401388109455754e-215,-1.3110645902058208e-217,-1.1797861829554403e-219,-9.743091426088348e-222,-7.366776187169284e-224,-5.087217624989251e-226,-3.2003714455643476e-228,-1.8293258070143812e-230,-9.474624708134352e-233,-4.4338105309278796e-235,-1.869184875280396e-237,-7.077059985435003e-240,-2.398786473458935e-242,-7.254800774121315e-245,-1.950982362454528e-247,-4.6484976977810375e-250,-9.776340868605922e-253,-1.8077971118693428e-255,-2.9272950069779013e-258,-4.133190072843483e-261,-5.0662398899057635e-264,-5.366158319947258e-267,-4.887945124925383e-270,-3.809684395581731e-273,-2.5273651720008642e-276,-1.4193057628512253e-279,-6.708350750735313e-283,-2.6526139799915407e-286,-8.719960029451577e-290,-2.367393171167973e-293,-5.27153209602081e-297,-9.557897642296034e-301,-1.4003602066200425e-304,-1.6447987420084587e-308,0.0,0.0,0.0,0.0,0.0,0.0,0.0,0.0,0.0,0.0,0.0,0.0,0.0,0.0,0.0,0.0,0.0,0.0,0.0,0.0,0.0,0.0,0.0,0.0,0.0,0.0,0.0,0.0,0.0,0.0,0.0,0.0,0.0,0.0,0.0,0.0,0.0,0.0,0.0,0.0,0.0,0.0,0.0,0.0,0.0,0.0,0.0,0.0,0.0,0.0,0.0,0.0,0.0,0.0,0.0,0.0,0.0,0.0,0.0,0.0,0.0,0.0,0.0,0.0,0.0,0.0,0.0,0.0,0.0,0.0,0.0,0.0,0.0,0.0,0.0,0.0,0.0,0.0,0.0,0.0
4.0,-1.5467507832264805e-138,-2.5662666154090825e-139,-4.176894151666584e-140,-6.667171638758161e-141,-1.0433489838235364e-141,-1.6002127389264905e-142,-2.4046027801912775e-143,-3.5390008973857494e-144,-5.099654006950613e-145,-7.192355943575646e-146,-9.924676912678494e-147,-1.3394212091165e-147,-1.767302199896335e-148,-2.278929561491018e-149,-2.8708283312855983e-150,-3.5315526918395375e-151,-4.240608760033096e-152,-4.96835424759929e-153,-5.67717493402693e-154,-6.324068329014472e-155,-6.864518373172805e-156,-7.257263506087328e-157,-7.469307061359308e-158,-7.480363942053686e-159,-7.285938062616556e-160,-6.8984049792816764e-161,-6.345810947333098e-162,-5.6685246645944e-163,-4.914291971626193e-164,-4.13254443458212e-165,-3.3689251798008625e-166,-2.6608953883984255e-167,-2.0350061687774903e-168,-1.5060430658475913e-169,-1.0778743850715557e-170,-7.455491660342023e-172,-4.980497874370116e-173,-3.2111526984326797e-174,-1.9968087509598326e-175,-1.1967042065708674e-176,-6.907027389389632e-178,-3.836366742148705e-179,-2.048968546962088e-180,-1.0514512619708356e-181,-5.179938466168148e-183,-2.44779316354116e-184,-1.1085680637803614e-185,-4.80728476810946e-187,-1.994291147848344e-188,-7.907124423761711e-190,-2.9934240083855764e-191,-1.0809454340904605e-192,-3.719450734407929e-194,-1.2182430803753408e-195,-3.793990850044548e-197,-1.122222184349436e-198,-3.1490545526366565e-200,-8.373050553377929e-202,-2.1069644462845813e-203,-5.011320484842384e-205,-1.1251314199552563e-206,-2.3813735305358906e-208,-4.744864900968087e-210,-8.887347578534394e-212,-1.5625455835418385e-213,-2.574810031364656e-215,-3.970343655109038e-217,-5.719758402938946e-219,-7.685411711625583e-221,-9.614918521175312e-223,-1.117988171927792e-224,-1.2059795999192067e-226,-1.20454961100951e-228,-1.111818423797663e-230,-9.464122886814783e-233,-7.413891432921466e-235,-5.333118276403106e-237,-3.5148071234999564e-239,-2.1173276341170994e-241,-1.1630146373514709e-243,-5.810301918946238e-246,-2.6332634717186717e-248,-1.0796815714070431e-250,-3.993764895302505e-253,-1.3288878830684424e-255,-3.965505658397873e-258,-1.0579081378756886e-260,-2.5148855291308848e-263,-5.3092778870819206e-266,-9.918987921554604e-269,-1.633880620783281e-271,-2.363939263802049e-274,-2.992193109250494e-277,-3.2997674009967315e-280,-3.1567896195406883e-283,-2.6081100627048475e-286,-1.8522110915051848e-289,-1.1251700621071411e-292,-5.816953009860362e-296,-2.545727402819804e-299,-9.378939146028617e-303,-2.8920061010410816e-306,-7.4285641866803e-310,0.0,0.0,0.0,0.0,0.0,0.0,0.0,0.0,0.0,0.0,0.0,0.0,0.0,0.0,0.0,0.0,0.0,0.0,0.0,0.0,0.0,0.0,0.0,0.0,0.0,0.0,0.0,0.0,0.0,0.0,0.0,0.0,0.0,0.0,0.0,0.0,0.0,0.0,0.0,0.0,0.0,0.0,0.0,0.0,0.0,0.0,0.0,0.0,0.0,0.0,0.0,0.0,0.0,0.0,0.0,0.0,0.0,0.0,0.0,0.0,0.0,0.0,0.0,0.0,0.0,0.0,0.0,0.0,0.0,0.0,0.0,0.0,0.0,0.0,0.0,0.0,0.0,0.0,0.0,0.0,0.0,0.0,0.0,0.0,0.0,0.0,0.0,0.0
3.75,-3.123435476091436e-154,-4.280146102705176e-155,-5.742107919855629e-156,-7.539157884990574e-157,-9.684158817560448e-158,-1.216561646034714e-158,-1.4941070242101177e-159,-1.7932606971532342e-160,-2.1025895869416462e-161,-2.4073903864316473e-162,-2.690588617563904e-163,-2.934139975789779e-164,-3.1208085771265933e-165,-3.236101719994864e-166,-3.2700748968867887e-167,-3.218705216424641e-168,-3.084577702570484e-169,-2.8767340557258467e-170,-2.609678432022212e-171,-2.3016883879391523e-172,-1.972705724721843e-173,-1.6421514754778747e-174,-1.3270059596492782e-175,-1.0404218681751102e-176,-7.910166293812289e-178,-5.8285180261977264e-179,-4.159852910050104e-180,-2.874020763741664e-181,-1.9210223451518724e-182,-1.2414736652121428e-183,-7.752298280483435e-185,-4.674440965172379e-186,-2.7198588530895363e-187,-1.526105008701369e-188,-8.25163702308699e-190,-4.296372258997476e-191,-2.1525345361914496e-192,-1.0369475142633267e-193,-4.7993806221143895e-195,-2.1325037946540445e-196,-9.088994495066956e-198,-3.712777783660307e-199,-1.4523289370140868e-200,-5.435375906568971e-202,-1.94445478078103e-203,-6.642995972380223e-205,-2.1652644305945048e-206,-6.726822486651098e-208,-1.9898495696482145e-209,-5.5987160890684995e-211,-1.4967465877795882e-212,-3.797694518677495e-214,-9.13503203296163e-216,-2.0807043518886803e-217,-4.482269242556078e-219,-9.120828224357747e-221,-1.7509139826010162e-222,-3.1667828522067726e-224,-5.3889744060667366e-226,-8.616318907563312e-228,-1.2925280888956724e-229,-1.8164195860474985e-231,-2.3877318431933504e-233,-2.931314371230572e-235,-3.3553607412535653e-237,-3.5750808914974623e-239,-3.539554908997058e-241,-3.2504937642739266e-243,-2.7636572006882377e-245,-2.1713149929392394e-247,-1.5732846111925976e-249,-1.0491816708808024e-251,-6.425931462564338e-254,-3.6067428161263774e-256,-1.851002222531168e-258,-8.665552064884765e-261,-3.691750001438453e-263,-1.427667575721362e-265,-4.998662515326388e-268,-1.5803197439328089e-270,-4.4987369454473536e-273,-1.1498371980925537e-275,-2.630761003422404e-278,-5.371260838902104e-281,-9.754847327416048e-284,-1.5705808937339599e-286,-2.2340146873403735e-289,-2.797236922329956e-292,-3.0715677834444213e-295,-2.946348527840464e-298,-2.4588896465535588e-301,-1.7778346947146529e-304,-1.1087371904127334e-307,-6.020459085381e-311,0.0,0.0,0.0,0.0,0.0,0.0,0.0,0.0,0.0,0.0,0.0,0.0,0.0,0.0,0.0,0.0,0.0,0.0,0.0,0.0,0.0,0.0,0.0,0.0,0.0,0.0,0.0,0.0,0.0,0.0,0.0,0.0,0.0,0.0,0.0,0.0,0.0,0.0,0.0,0.0,0.0,0.0,0.0,0.0,0.0,0.0,0.0,0.0,0.0,0.0,0.0,0.0,0.0,0.0,0.0,0.0,0.0,0.0,0.0,0.0,0.0,0.0,0.0,0.0,0.0,0.0,0.0,0.0,0.0,0.0,0.0,0.0,0.0,0.0,0.0,0.0,0.0,0.0,0.0,0.0,0.0,0.0,0.0,0.0,0.0,0.0,0.0,0.0,0.0,0.0,0.0,0.0,0.0,0.0,0.0,0.0,0.0
3.5,-6.957133819210107e-172,-7.688748485698408e-173,-8.299922391687235e-174,-8.74825789389041e-175,-8.999758471783294e-176,-9.032974891550588e-177,-8.84192126510095e-178,-8.437227758934841e-179,-7.845265797790515e-180,-7.105321699056601e-181,-6.265234209466311e-182,-5.376174785610347e-183,-4.48737735912982e-184,-3.6415902758320685e-185,-2.8718406659463998e-186,-2.1998197736210224e-187,-1.635886564798819e-188,-1.1804167671588846e-189,-8.260479098166418e-191,-5.603108384325445e-192,-3.681861641655063e-193,-2.342478580560581e-194,-1.4421244826473165e-195,-8.586023127582927e-197,-4.940610034088104e-198,-2.7459901408145586e-199,-1.4732326388588983e-200,-7.624563089241103e-202,-3.803997241152805e-203,-1.8283113412858588e-204,-8.459419182624488e-206,-3.765298537879386e-207,-1.6110421646401168e-208,-6.621174156582743e-210,-2.6118444319269395e-211,-9.880949556808009e-213,-3.582078219741231e-214,-1.2433491961228302e-215,-4.128572723501376e-217,-1.3103060438507316e-218,-3.9711705399851936e-220,-1.148242904015007e-221,-3.1644918357201373e-223,-8.304307503177749e-225,-2.0729779689496447e-226,-4.9173179261080386e-228,-1.1072412408557315e-229,-2.3640773412242306e-231,-4.780774787487234e-233,-9.146394449546681e-235,-1.6534844355399211e-236,-2.8210934710912506e-238,-4.536858673777643e-240,-6.868322774023494e-242,-9.775174419548872e-244,-1.3061114587899122e-245,-1.6360764379706388e-247,-1.918500013015094e-249,-2.1028241046402228e-251,-2.1510730305536582e-253,-2.050340059165481e-255,-1.8180304588310387e-257,-1.4970785641938036e-259,-1.1428695736167248e-261,-8.073720924790757e-264,-5.268258023879507e-266,-3.1691423090744084e-268,-1.7540252756367531e-270,-8.913721983838113e-273,-4.150417088327554e-275,-1.7667839447322053e-277,-6.860438190662246e-280,-2.4242719404745097e-282,-7.777168414052618e-285,-2.2593616564306087e-287,-5.928566160096247e-290,-1.4013588903072152e-292,-2.975635754106237e-295,-5.6596908853728995e-298,-9.613799656042571e-301,-1.453940590823919e-303,-1.951452337708156e-306,-2.316571233118957e-309,-2.597095668673e-312,0.0,0.0,0.0,0.0,0.0,0.0,0.0,0.0,0.0,0.0,0.0,0.0,0.0,0.0,0.0,0.0,0.0,0.0,0.0,0.0,0.0,0.0,0.0,0.0,0.0,0.0,0.0,0.0,0.0,0.0,0.0,0.0,0.0,0.0,0.0,0.0,0.0,0.0,0.0,0.0,0.0,0.0,0.0,0.0,0.0,0.0,0.0,0.0,0.0,0.0,0.0,0.0,0.0,0.0,0.0,0.0,0.0,0.0,0.0,0.0,0.0,0.0,0.0,0.0,0.0,0.0,0.0,0.0,0.0,0.0,0.0,0.0,0.0,0.0,0.0,0.0,0.0,0.0,0.0,0.0,0.0,0.0,0.0,0.0,0.0,0.0,0.0,0.0,0.0,0.0,0.0,0.0,0.0,0.0,0.0,0.0,0.0,0.0,0.0,0.0,0.0,0.0,0.0,0.0,0.0,0.0,0.0
3.25,-7.507117829116272e-192,-6.505234191047769e-193,-5.49189137888401e-194,-4.515109655168496e-195,-3.613401094380978e-196,-2.8136862852097373e-197,-2.1308496347381418e-198,-1.5687340312288436e-199,-1.1221802201983718e-200,-7.7962470818694525e-202,-5.25783054269366e-203,-3.440401750141376e-204,-2.183091975927361e-205,-1.3426688583863042e-206,-7.999601879954674e-208,-4.614595944057005e-209,-2.5758624257168292e-210,-1.3905530229583787e-211,-7.255624715015214e-213,-3.657000063183858e-214,-1.7793953234971806e-215,-8.35305567904504e-217,-3.7806408305105294e-218,-1.6487225032817762e-219,-6.923089246700792e-221,-2.7972002182001167e-222,-1.0867062881068788e-223,-4.056505193752691e-225,-1.4538566862277156e-226,-4.9990945374425124e-228,-1.6478722284724866e-229,-5.203216490010613e-231,-1.5724665194840643e-232,-4.544519736579554e-234,-1.2549263599095098e-235,-3.3081797376427434e-237,-8.317782373797314e-239,-1.9928303299248278e-240,-4.545309997521689e-242,-9.8596667029345e-244,-2.032030854948617e-245,-3.9748411822560096e-247,-7.371750926415765e-249,-1.294822875435112e-250,-2.1515597402592731e-252,-3.3783208215259822e-254,-5.006567105699317e-256,-6.994291891029339e-258,-9.199623582307432e-260,-1.137788688560192e-261,-1.3214329747093515e-263,-1.4392321913146313e-265,-1.467952175346444e-267,-1.4001148576485958e-269,-1.2469331084542712e-271,-1.0353527607640443e-273,-8.002347862571731e-276,-5.748149821369227e-278,-3.830863671086576e-280,-2.364708270144236e-282,-1.3495905764111408e-284,-7.108493881443199e-287,-3.4489505179660005e-289,-1.5384632267584984e-291,-6.296631329560678e-294,-2.3596781029705628e-296,-8.079677115461109e-299,-2.5221751879495467e-301,-7.1615720921000594e-304,-1.8453240477892633e-306,-4.304206786151267e-309,-9.52594097197e-312,0.0,0.0,0.0,0.0,0.0,0.0,0.0,0.0,0.0,0.0,0.0,0.0,0.0,0.0,0.0,0.0,0.0,0.0,0.0,0.0,0.0,0.0,0.0,0.0,0.0,0.0,0.0,0.0,0.0,0.0,0.0,0.0,0.0,0.0,0.0,0.0,0.0,0.0,0.0,0.0,0.0,0.0,0.0,0.0,0.0,0.0,0.0,0.0,0.0,0.0,0.0,0.0,0.0,0.0,0.0,0.0,0.0,0.0,0.0,0.0,0.0,0.0,0.0,0.0,0.0,0.0,0.0,0.0,0.0,0.0,0.0,0.0,0.0,0.0,0.0,0.0,0.0,0.0,0.0,0.0,0.0,0.0,0.0,0.0,0.0,0.0,0.0,0.0,0.0,0.0,0.0,0.0,0.0,0.0,0.0,0.0,0.0,0.0,0.0,0.0,0.0,0.0,0.0,0.0,0.0,0.0,0.0,0.0,0.0,0.0,0.0,0.0,0.0,0.0,0.0,0.0,0.0,0.0,0.0
3.0,-1.378152284858282e-214,-9.053437430332655e-216,-5.777229195455957e-217,-3.5794229793355463e-218,-2.1522214535844728e-219,-1.2552496374824778e-220,-7.097846065983739e-222,-3.889159547404686e-223,-2.0639168318629683e-224,-1.06024303645667e-225,-5.2693845989645315e-227,-2.5322977204846923e-228,-1.1760445604728739e-229,-5.275153736948339e-231,-2.283974507284063e-232,-9.539568691404308e-234,-3.841298826758064e-235,-1.490265307561695e-236,-5.566767661829348e-238,-2.000819294182993e-239,-6.914843709163962e-241,-2.2962758994834007e-242,-7.321890420571054e-244,-2.240075619741202e-245,-6.570790565054774e-247,-1.8465257933457647e-248,-4.967468709891205e-250,-1.2782262838476897e-251,-3.1435139944172943e-253,-7.382295422543454e-255,-1.654093130642345e-256,-3.532935414959554e-258,-7.186601623417041e-260,-1.3909721603321138e-261,-2.5592031854197263e-263,-4.4715315850896316e-265,-7.412005113483839e-267,-1.1643786126519247e-268,-1.731694378215173e-270,-2.4355329157455293e-272,-3.235765854587514e-274,-4.056225252705493e-276,-4.7920023450640015e-278,-5.328882134555645e-280,-5.571076030418463e-282,-5.468532147875358e-284,-5.033389924598444e-286,-4.338323629289759e-288,-3.4966470524369974e-290,-2.631660911012377e-292,-1.8467938493452348e-294,-1.206593493701168e-296,-7.32794655015375e-299,-4.130354442987936e-301,-2.157051820596464e-303,-1.041994343032552e-305,-4.647744462539045e-308,-1.90795447342434e-310,-6.96952705274e-313,0.0,0.0,0.0,0.0,0.0,0.0,0.0,0.0,0.0,0.0,0.0,0.0,0.0,0.0,0.0,0.0,0.0,0.0,0.0,0.0,0.0,0.0,0.0,0.0,0.0,0.0,0.0,0.0,0.0,0.0,0.0,0.0,0.0,0.0,0.0,0.0,0.0,0.0,0.0,0.0,0.0,0.0,0.0,0.0,0.0,0.0,0.0,0.0,0.0,0.0,0.0,0.0,0.0,0.0,0.0,0.0,0.0,0.0,0.0,0.0,0.0,0.0,0.0,0.0,0.0,0.0,0.0,0.0,0.0,0.0,0.0,0.0,0.0,0.0,0.0,0.0,0.0,0.0,0.0,0.0,0.0,0.0,0.0,0.0,0.0,0.0,0.0,0.0,0.0,0.0,0.0,0.0,0.0,0.0,0.0,0.0,0.0,0.0,0.0,0.0,0.0,0.0,0.0,0.0,0.0,0.0,0.0,0.0,0.0,0.0,0.0,0.0,0.0,0.0,0.0,0.0,0.0,0.0,0.0,0.0,0.0,0.0,0.0,0.0,0.0,0.0,0.0,0.0,0.0,0.0,0.0,0.0
2.75,-1.1101571408771716e-240,-5.307350255531025e-242,-2.456362806888628e-243,-1.1000254283095038e-244,-4.76406304181214e-246,-1.9942562429101124e-247,-8.064400684132449e-249,-3.148506791423776e-250,-1.1861152168805377e-251,-4.309050367354873e-253,-1.5087098907450282e-254,-5.087805780496823e-256,-1.6515093366222709e-257,-5.1567508826001546e-259,-1.5478482331270079e-260,-4.463172047328473e-262,-1.235438324912622e-263,-3.2805971328701287e-265,-8.350724651997716e-267,-2.0361629456085307e-268,-4.752127489128733e-270,-1.0607501401175256e-271,-2.262777246793701e-273,-4.6091425939346366e-275,-8.957473500529291e-277,-1.6594592209703762e-278,-2.9280794666241185e-280,-4.916370152122767e-282,-7.847879358535013e-284,-1.1898624472626876e-285,-1.7118208862478376e-287,-2.3345698689120647e-289,-3.015097772214363e-291,-3.6837455925083984e-293,-4.2531206347462665e-295,-4.6353206080441685e-297,-4.763406659039365e-299,-4.61020648715225e-301,-4.1973363956231785e-303,-3.5904598657490246e-305,-2.8820895010330725e-307,-2.16829521614419e-309,-1.5221196543975e-311,0.0,0.0,0.0,0.0,0.0,0.0,0.0,0.0,0.0,0.0,0.0,0.0,0.0,0.0,0.0,0.0,0.0,0.0,0.0,0.0,0.0,0.0,0.0,0.0,0.0,0.0,0.0,0.0,0.0,0.0,0.0,0.0,0.0,0.0,0.0,0.0,0.0,0.0,0.0,0.0,0.0,0.0,0.0,0.0,0.0,0.0,0.0,0.0,0.0,0.0,0.0,0.0,0.0,0.0,0.0,0.0,0.0,0.0,0.0,0.0,0.0,0.0,0.0,0.0,0.0,0.0,0.0,0.0,0.0,0.0,0.0,0.0,0.0,0.0,0.0,0.0,0.0,0.0,0.0,0.0,0.0,0.0,0.0,0.0,0.0,0.0,0.0,0.0,0.0,0.0,0.0,0.0,0.0,0.0,0.0,0.0,0.0,0.0,0.0,0.0,0.0,0.0,0.0,0.0,0.0,0.0,0.0,0.0,0.0,0.0,0.0,0.0,0.0,0.0,0.0,0.0,0.0,0.0,0.0,0.0,0.0,0.0,0.0,0.0,0.0,0.0,0.0,0.0,0.0,0.0,0.0,0.0,0.0,0.0,0.0,0.0,0.0,0.0,0.0,0.0,0.0,0.0,0.0,0.0,0.0,0.0,0.0,0.0
2.5,-6.536633126065048e-271,-2.1625149835758848e-272,-6.898976628033487e-274,-2.1211796197481965e-275,-6.28172156256989e-277,-1.790704923459165e-278,-4.910699703530929e-280,-1.2946748769298656e-281,-3.279396883477342e-283,-7.975443450313559e-285,-1.8610094515796687e-286,-4.163646832550344e-288,-8.925296941000691e-290,-1.8318077710005423e-291,-3.596858420324171e-293,-6.751860095146647e-295,-1.2107180410502862e-296,-2.072226036963879e-298,-3.3826167263304387e-300,-5.261732589346656e-302,-7.79283224278957e-304,-1.0979282359990778e-305,-1.4702033153765129e-307,-1.8692756668152e-309,-2.252505460415e-311,-3.46483450935e-313,0.0,0.0,0.0,0.0,0.0,0.0,0.0,0.0,0.0,0.0,0.0,0.0,0.0,0.0,0.0,0.0,0.0,0.0,0.0,0.0,0.0,0.0,0.0,0.0,0.0,0.0,0.0,0.0,0.0,0.0,0.0,0.0,0.0,0.0,0.0,0.0,0.0,0.0,0.0,0.0,0.0,0.0,0.0,0.0,0.0,0.0,0.0,0.0,0.0,0.0,0.0,0.0,0.0,0.0,0.0,0.0,0.0,0.0,0.0,0.0,0.0,0.0,0.0,0.0,0.0,0.0,0.0,0.0,0.0,0.0,0.0,0.0,0.0,0.0,0.0,0.0,0.0,0.0,0.0,0.0,0.0,0.0,0.0,0.0,0.0,0.0,0.0,0.0,0.0,0.0,0.0,0.0,0.0,0.0,0.0,0.0,0.0,0.0,0.0,0.0,0.0,0.0,0.0,0.0,0.0,0.0,0.0,0.0,0.0,0.0,0.0,0.0,0.0,0.0,0.0,0.0,0.0,0.0,0.0,0.0,0.0,0.0,0.0,0.0,0.0,0.0,0.0,0.0,0.0,0.0,0.0,0.0,0.0,0.0,0.0,0.0,0.0,0.0,0.0,0.0,0.0,0.0,0.0,0.0,0.0,0.0,0.0,0.0,0.0,0.0,0.0,0.0,0.0,0.0,0.0,0.0,0.0,0.0,0.0,0.0,0.0,0.0,0.0,0.0,0.0
2.25,-2.475174184035787e-306,-5.319569492361591e-308,-1.09740190850798e-309,-2.172504315846e-311,-4.6846753069e-313,0.0,0.0,0.0,0.0,0.0,0.0,0.0,0.0,0.0,0.0,0.0,0.0,0.0,0.0,0.0,0.0,0.0,0.0,0.0,0.0,0.0,0.0,0.0,0.0,0.0,0.0,0.0,0.0,0.0,0.0,0.0,0.0,0.0,0.0,0.0,0.0,0.0,0.0,0.0,0.0,0.0,0.0,0.0,0.0,0.0,0.0,0.0,0.0,0.0,0.0,0.0,0.0,0.0,0.0,0.0,0.0,0.0,0.0,0.0,0.0,0.0,0.0,0.0,0.0,0.0,0.0,0.0,0.0,0.0,0.0,0.0,0.0,0.0,0.0,0.0,0.0,0.0,0.0,0.0,0.0,0.0,0.0,0.0,0.0,0.0,0.0,0.0,0.0,0.0,0.0,0.0,0.0,0.0,0.0,0.0,0.0,0.0,0.0,0.0,0.0,0.0,0.0,0.0,0.0,0.0,0.0,0.0,0.0,0.0,0.0,0.0,0.0,0.0,0.0,0.0,0.0,0.0,0.0,0.0,0.0,0.0,0.0,0.0,0.0,0.0,0.0,0.0,0.0,0.0,0.0,0.0,0.0,0.0,0.0,0.0,0.0,0.0,0.0,0.0,0.0,0.0,0.0,0.0,0.0,0.0,0.0,0.0,0.0,0.0,0.0,0.0,0.0,0.0,0.0,0.0,0.0,0.0,0.0,0.0,0.0,0.0,0.0,0.0,0.0,0.0,0.0,0.0,0.0,0.0,0.0,0.0,0.0,0.0,0.0,0.0,0.0,0.0,0.0,0.0,0.0,0.0,0.0,0.0,0.0,0.0,0.0
2.0,0.0,0.0,0.0,0.0,0.0,0.0,0.0,0.0,0.0,0.0,0.0,0.0,0.0,0.0,0.0,0.0,0.0,0.0,0.0,0.0,0.0,0.0,0.0,0.0,0.0,0.0,0.0,0.0,0.0,0.0,0.0,0.0,0.0,0.0,0.0,0.0,0.0,0.0,0.0,0.0,0.0,0.0,0.0,0.0,0.0,0.0,0.0,0.0,0.0,0.0,0.0,0.0,0.0,0.0,0.0,0.0,0.0,0.0,0.0,0.0,0.0,0.0,0.0,0.0,0.0,0.0,0.0,0.0,0.0,0.0,0.0,0.0,0.0,0.0,0.0,0.0,0.0,0.0,0.0,0.0,0.0,0.0,0.0,0.0,0.0,0.0,0.0,0.0,0.0,0.0,0.0,0.0,0.0,0.0,0.0,0.0,0.0,0.0,0.0,0.0,0.0,0.0,0.0,0.0,0.0,0.0,0.0,0.0,0.0,0.0,0.0,0.0,0.0,0.0,0.0,0.0,0.0,0.0,0.0,0.0,0.0,0.0,0.0,0.0,0.0,0.0,0.0,0.0,0.0,0.0,0.0,0.0,0.0,0.0,0.0,0.0,0.0,0.0,0.0,0.0,0.0,0.0,0.0,0.0,0.0,0.0,0.0,0.0,0.0,0.0,0.0,0.0,0.0,0.0,0.0,0.0,0.0,0.0,0.0,0.0,0.0,0.0,0.0,0.0,0.0,0.0,0.0,0.0,0.0,0.0,0.0,0.0,0.0,0.0,0.0,0.0,0.0,0.0,0.0,0.0,0.0,0.0,0.0,0.0,0.0,0.0,0.0,0.0,0.0,0.0,0.0
1.75,0.0,0.0,0.0,0.0,0.0,0.0,0.0,0.0,0.0,0.0,0.0,0.0,0.0,0.0,0.0,0.0,0.0,0.0,0.0,0.0,0.0,0.0,0.0,0.0,0.0,0.0,0.0,0.0,0.0,0.0,0.0,0.0,0.0,0.0,0.0,0.0,0.0,0.0,0.0,0.0,0.0,0.0,0.0,0.0,0.0,0.0,0.0,0.0,0.0,0.0,0.0,0.0,0.0,0.0,0.0,0.0,0.0,0.0,0.0,0.0,0.0,0.0,0.0,0.0,0.0,0.0,0.0,0.0,0.0,0.0,0.0,0.0,0.0,0.0,0.0,0.0,0.0,0.0,0.0,0.0,0.0,0.0,0.0,0.0,0.0,0.0,0.0,0.0,0.0,0.0,0.0,0.0,0.0,0.0,0.0,0.0,0.0,0.0,0.0,0.0,0.0,0.0,0.0,0.0,0.0,0.0,0.0,0.0,0.0,0.0,0.0,0.0,0.0,0.0,0.0,0.0,0.0,0.0,0.0,0.0,0.0,0.0,0.0,0.0,0.0,0.0,0.0,0.0,0.0,0.0,0.0,0.0,0.0,0.0,0.0,0.0,0.0,0.0,0.0,0.0,0.0,0.0,0.0,0.0,0.0,0.0,0.0,0.0,0.0,0.0,0.0,0.0,0.0,0.0,0.0,0.0,0.0,0.0,0.0,0.0,0.0,0.0,0.0,0.0,0.0,0.0,0.0,0.0,0.0,0.0,0.0,0.0,0.0,0.0,0.0,0.0,0.0,0.0,0.0,0.0,0.0,0.0,0.0,0.0,0.0,0.0,0.0,0.0,0.0,0.0,0.0
1.5,0.0,0.0,0.0,0.0,0.0,0.0,0.0,0.0,0.0,0.0,0.0,0.0,0.0,0.0,0.0,0.0,0.0,0.0,0.0,0.0,0.0,0.0,0.0,0.0,0.0,0.0,0.0,0.0,0.0,0.0,0.0,0.0,0.0,0.0,0.0,0.0,0.0,0.0,0.0,0.0,0.0,0.0,0.0,0.0,0.0,0.0,0.0,0.0,0.0,0.0,0.0,0.0,0.0,0.0,0.0,0.0,0.0,0.0,0.0,0.0,0.0,0.0,0.0,0.0,0.0,0.0,0.0,0.0,0.0,0.0,0.0,0.0,0.0,0.0,0.0,0.0,0.0,0.0,0.0,0.0,0.0,0.0,0.0,0.0,0.0,0.0,0.0,0.0,0.0,0.0,0.0,0.0,0.0,0.0,0.0,0.0,0.0,0.0,0.0,0.0,0.0,0.0,0.0,0.0,0.0,0.0,0.0,0.0,0.0,0.0,0.0,0.0,0.0,0.0,0.0,0.0,0.0,0.0,0.0,0.0,0.0,0.0,0.0,0.0,0.0,0.0,0.0,0.0,0.0,0.0,0.0,0.0,0.0,0.0,0.0,0.0,0.0,0.0,0.0,0.0,0.0,0.0,0.0,0.0,0.0,0.0,0.0,0.0,0.0,0.0,0.0,0.0,0.0,0.0,0.0,0.0,0.0,0.0,0.0,0.0,0.0,0.0,0.0,0.0,0.0,0.0,0.0,0.0,0.0,0.0,0.0,0.0,0.0,0.0,0.0,0.0,0.0,0.0,0.0,0.0,0.0,0.0,0.0,0.0,0.0,0.0,0.0,0.0,0.0,0.0,0.0
1.25,0.0,0.0,0.0,0.0,0.0,0.0,0.0,0.0,0.0,0.0,0.0,0.0,0.0,0.0,0.0,0.0,0.0,0.0,0.0,0.0,0.0,0.0,0.0,0.0,0.0,0.0,0.0,0.0,0.0,0.0,0.0,0.0,0.0,0.0,0.0,0.0,0.0,0.0,0.0,0.0,0.0,0.0,0.0,0.0,0.0,0.0,0.0,0.0,0.0,0.0,0.0,0.0,0.0,0.0,0.0,0.0,0.0,0.0,0.0,0.0,0.0,0.0,0.0,0.0,0.0,0.0,0.0,0.0,0.0,0.0,0.0,0.0,0.0,0.0,0.0,0.0,0.0,0.0,0.0,0.0,0.0,0.0,0.0,0.0,0.0,0.0,0.0,0.0,0.0,0.0,0.0,0.0,0.0,0.0,0.0,0.0,0.0,0.0,0.0,0.0,0.0,0.0,0.0,0.0,0.0,0.0,0.0,0.0,0.0,0.0,0.0,0.0,0.0,0.0,0.0,0.0,0.0,0.0,0.0,0.0,0.0,0.0,0.0,0.0,0.0,0.0,0.0,0.0,0.0,0.0,0.0,0.0,0.0,0.0,0.0,0.0,0.0,0.0,0.0,0.0,0.0,0.0,0.0,0.0,0.0,0.0,0.0,0.0,0.0,0.0,0.0,0.0,0.0,0.0,0.0,0.0,0.0,0.0,0.0,0.0,0.0,0.0,0.0,0.0,0.0,0.0,0.0,0.0,0.0,0.0,0.0,0.0,0.0,0.0,0.0,0.0,0.0,0.0,0.0,0.0,0.0,0.0,0.0,0.0,0.0,0.0,0.0,0.0,0.0,0.0,0.0
1.0,0.0,0.0,0.0,0.0,0.0,0.0,0.0,0.0,0.0,0.0,0.0,0.0,0.0,0.0,0.0,0.0,0.0,0.0,0.0,0.0,0.0,0.0,0.0,0.0,0.0,0.0,0.0,0.0,0.0,0.0,0.0,0.0,0.0,0.0,0.0,0.0,0.0,0.0,0.0,0.0,0.0,0.0,0.0,0.0,0.0,0.0,0.0,0.0,0.0,0.0,0.0,0.0,0.0,0.0,0.0,0.0,0.0,0.0,0.0,0.0,0.0,0.0,0.0,0.0,0.0,0.0,0.0,0.0,0.0,0.0,0.0,0.0,0.0,0.0,0.0,0.0,0.0,0.0,0.0,0.0,0.0,0.0,0.0,0.0,0.0,0.0,0.0,0.0,0.0,0.0,0.0,0.0,0.0,0.0,0.0,0.0,0.0,0.0,0.0,0.0,0.0,0.0,0.0,0.0,0.0,0.0,0.0,0.0,0.0,0.0,0.0,0.0,0.0,0.0,0.0,0.0,0.0,0.0,0.0,0.0,0.0,0.0,0.0,0.0,0.0,0.0,0.0,0.0,0.0,0.0,0.0,0.0,0.0,0.0,0.0,0.0,0.0,0.0,0.0,0.0,0.0,0.0,0.0,0.0,0.0,0.0,0.0,0.0,0.0,0.0,0.0,0.0,0.0,0.0,0.0,0.0,0.0,0.0,0.0,0.0,0.0,0.0,0.0,0.0,0.0,0.0,0.0,0.0,0.0,0.0,0.0,0.0,0.0,0.0,0.0,0.0,0.0,0.0,0.0,0.0,0.0,0.0,0.0,0.0,0.0,0.0,0.0,0.0,0.0,0.0,0.0
0.75,0.0,0.0,0.0,0.0,0.0,0.0,0.0,0.0,0.0,0.0,0.0,0.0,0.0,0.0,0.0,0.0,0.0,0.0,0.0,0.0,0.0,0.0,0.0,0.0,0.0,0.0,0.0,0.0,0.0,0.0,0.0,0.0,0.0,0.0,0.0,0.0,0.0,0.0,0.0,0.0,0.0,0.0,0.0,0.0,0.0,0.0,0.0,0.0,0.0,0.0,0.0,0.0,0.0,0.0,0.0,0.0,0.0,0.0,0.0,0.0,0.0,0.0,0.0,0.0,0.0,0.0,0.0,0.0,0.0,0.0,0.0,0.0,0.0,0.0,0.0,0.0,0.0,0.0,0.0,0.0,0.0,0.0,0.0,0.0,0.0,0.0,0.0,0.0,0.0,0.0,0.0,0.0,0.0,0.0,0.0,0.0,0.0,0.0,0.0,0.0,0.0,0.0,0.0,0.0,0.0,0.0,0.0,0.0,0.0,0.0,0.0,0.0,0.0,0.0,0.0,0.0,0.0,0.0,0.0,0.0,0.0,0.0,0.0,0.0,0.0,0.0,0.0,0.0,0.0,0.0,0.0,0.0,0.0,0.0,0.0,0.0,0.0,0.0,0.0,0.0,0.0,0.0,0.0,0.0,0.0,0.0,0.0,0.0,0.0,0.0,0.0,0.0,0.0,0.0,0.0,0.0,0.0,0.0,0.0,0.0,0.0,0.0,0.0,0.0,0.0,0.0,0.0,0.0,0.0,0.0,0.0,0.0,0.0,0.0,0.0,0.0,0.0,0.0,0.0,0.0,0.0,0.0,0.0,0.0,0.0,0.0,0.0,0.0,0.0,0.0,0.0
0.5,0.0,0.0,0.0,0.0,0.0,0.0,0.0,0.0,0.0,0.0,0.0,0.0,0.0,0.0,0.0,0.0,0.0,0.0,0.0,0.0,0.0,0.0,0.0,0.0,0.0,0.0,0.0,0.0,0.0,0.0,0.0,0.0,0.0,0.0,0.0,0.0,0.0,0.0,0.0,0.0,0.0,0.0,0.0,0.0,0.0,0.0,0.0,0.0,0.0,0.0,0.0,0.0,0.0,0.0,0.0,0.0,0.0,0.0,0.0,0.0,0.0,0.0,0.0,0.0,0.0,0.0,0.0,0.0,0.0,0.0,0.0,0.0,0.0,0.0,0.0,0.0,0.0,0.0,0.0,0.0,0.0,0.0,0.0,0.0,0.0,0.0,0.0,0.0,0.0,0.0,0.0,0.0,0.0,0.0,0.0,0.0,0.0,0.0,0.0,0.0,0.0,0.0,0.0,0.0,0.0,0.0,0.0,0.0,0.0,0.0,0.0,0.0,0.0,0.0,0.0,0.0,0.0,0.0,0.0,0.0,0.0,0.0,0.0,0.0,0.0,0.0,0.0,0.0,0.0,0.0,0.0,0.0,0.0,0.0,0.0,0.0,0.0,0.0,0.0,0.0,0.0,0.0,0.0,0.0,0.0,0.0,0.0,0.0,0.0,0.0,0.0,0.0,0.0,0.0,0.0,0.0,0.0,0.0,0.0,0.0,0.0,0.0,0.0,0.0,0.0,0.0,0.0,0.0,0.0,0.0,0.0,0.0,0.0,0.0,0.0,0.0,0.0,0.0,0.0,0.0,0.0,0.0,0.0,0.0,0.0,0.0,0.0,0.0,0.0,0.0,0.0
0.25,0.0,0.0,0.0,0.0,0.0,0.0,0.0,0.0,0.0,0.0,0.0,0.0,0.0,0.0,0.0,0.0,0.0,0.0,0.0,0.0,0.0,0.0,0.0,0.0,0.0,0.0,0.0,0.0,0.0,0.0,0.0,0.0,0.0,0.0,0.0,0.0,0.0,0.0,0.0,0.0,0.0,0.0,0.0,0.0,0.0,0.0,0.0,0.0,0.0,0.0,0.0,0.0,0.0,0.0,0.0,0.0,0.0,0.0,0.0,0.0,0.0,0.0,0.0,0.0,0.0,0.0,0.0,0.0,0.0,0.0,0.0,0.0,0.0,0.0,0.0,0.0,0.0,0.0,0.0,0.0,0.0,0.0,0.0,0.0,0.0,0.0,0.0,0.0,0.0,0.0,0.0,0.0,0.0,0.0,0.0,0.0,0.0,0.0,0.0,0.0,0.0,0.0,0.0,0.0,0.0,0.0,0.0,0.0,0.0,0.0,0.0,0.0,0.0,0.0,0.0,0.0,0.0,0.0,0.0,0.0,0.0,0.0,0.0,0.0,0.0,0.0,0.0,0.0,0.0,0.0,0.0,0.0,0.0,0.0,0.0,0.0,0.0,0.0,0.0,0.0,0.0,0.0,0.0,0.0,0.0,0.0,0.0,0.0,0.0,0.0,0.0,0.0,0.0,0.0,0.0,0.0,0.0,0.0,0.0,0.0,0.0,0.0,0.0,0.0,0.0,0.0,0.0,0.0,0.0,0.0,0.0,0.0,0.0,0.0,0.0,0.0,0.0,0.0,0.0,0.0,0.0,0.0,0.0,0.0,0.0,0.0,0.0,0.0,0.0,0.0,0.0
