,900,897,894,891,888,885,882,879,876,873,870,867,864,861,858,855,852,849,846,843,840,837,834,831,828,825,822,819,816,813,810,807,804,801,798,795,792,789,786,783,780,777,774,771,768,765,762,759,756,753,750,747,744,741,738,735,732,729,726,723,720,717,714,711,708,705,702,699,696,693,690,687,684,681,678,675,672,669,666,663,660,657,654,651,648,645,642,639,636,633,630,627,624,621,618,615,612,609,606,603,600,597,594,591,588,585,582,579,576,573,570,567,564,561,558,555,552,549,546,543,540,537,534,531,528,525,522,519,516,513,510,507,504,501,498,495,492,489,486,483,480,477,474,471,468,465,462,459,456,453,450,447,444,441,438,435,432,429,426,423,420,417,414,411,408,405,402,399,396,393,390,387,384,381,378,375,372,369,366,363,360,357,354,351,348,345,342,339,336,333,330,327,324,321,318,315,312,309,306,303,300,297,294,291,288,285,282,279,276,273,270,267,264,261,258,255,252,249,246,243,240,237,234,231,228,225,222,219,216,213,210,207,204,201,198,195,192,189,186,183,180,177,174,171,168,165,162,159,156,153,150,147,144,141,138,135,132,129,126,123,120,117,114,111,108,105,102,99,96,93,90,87,84,81,78,75,72,69,66,63,60,57,54,51,48,45,42,39,36,33,30,27,24,21,18,15,12,9,6,3,0
245.0,459219134896.5549,460235617126.05255,461255267581.9096,462278097205.9745,463304116960.3587,464333337827.3667,465365770809.4372,466401426929.1,467440317228.9466,468482452771.61847,469527844639.8097,470576503936.291,471628441783.9525,472683669325.8656,473742197725.37054,474804038166.1855,475869201852.5418,476937700009.3467,478009543882.37305,479084744738.48303,480163313865.88135,481245262574.40216,482330602195.8368,483419344084.29553,484511499616.6121,485607080192.7932,486706097236.5101,487808562195.6417,488914486542.8685,490023881776.319,491136759420.2741,492253131025.9334,493373008172.2415,494496402466.7856,495623325546.761,496753789080.0112,497887804766.1491,499025384337.758,500166539561.6825,501311282240.40906,502459624213.5448,503611577359.3975,504767153596.66376,505926364886.22736,507089223233.0792,508255740688.3608,509425929351.53735,510599801372.7119,511777368955.082,512958644357.5491,514143639897.4881,515332367953.6867,516524840969.459,517721071455.9451,518921071995.60895,520124855245.9356,521332433943.3479,522543820907.3481,523759029044.8937,524978071355.0254,526200960933.7559,527427710979.2309,528658334797.1804,529892845806.6695,531131257546.169,532373583679.9562,533619838004.86615,534870034457.4092,536124187121.272,537382310235.2224,538644418201.4365,539910525594.2717,541180647169.5028,542454797874.0475,543732992856.20514,545015247476.4312,546301577318.6784,547591998202.3261,548886526194.7316,550185177624.4344,551487969095.0385,552794917499.8159,554106040037.0585,555421354226.2172,556740877924.8721,558064629346.5638,559392627079.5405,560724890106.4547,562061437825.0637,563402290069.98,564747467135.5228,566096989799.7264,567450879349.5615,568809157607.4276,570171846958.9835,571538970382.376,572910551478.9408,574286614505.4435,575667184407.9431,577052286857.3517,578441948286.7777,579836195930.7408,581235057866.3516,582638563056.5509,584046741395.5153,585459623756.3339,586877242041.069,588299629233.3217,589726819453.4259,591158848016.4034,592595751492.8162,594037567772.6636,595484336132.4769,596936097305.7677,598392893557.0078,599854768759.309,601321768475.9952,602793940046.2634,604271332675.1373,605753997527.9355,607241987829.4806,608735358968.2904,610234168606.0072,611738476792.3298,613248346085.7324,614763841680.2643,616285031538.7405,617811986532.6592,619344780589.1815,620883490845.5461,622428197811.2977,623978985538.736,625535941802.0089,627099158285.2992,628668730780.5784,630244759395.4249,631827348771.4291,633416608313.7435,635012652432.3564,636615600795.7036,638225578597.2726,639842716835.8715,641467152610.2913,643099029429.1187,644738497536.4971,646385714254.685,648040844344.2958,649704060383.1677,651375543164.8402,653055482117.6996,654744075745.8792,656441532093.0865,658148069230.5839,659863915770.6064,661589311406.6012,663324507481.7062,665069767587.0049,666825368191.1531,668591599303.0703,670368765169.4811,672157185009.1865,690330209835.2257,692200868298.2045,694083548676.0193,695978615865.0222,697886453212.1594,699807463490.4846,747576724593.3164,749422181978.3578,751278807836.965,753147029942.7749,755027299964.6305,756920094783.7173,724543228267.9148,726347100591.5215,728167082268.3763,730003867102.1781,731858185214.0079,733730804941.6686,718246090225.4084,720115572564.7087,722006198108.4412,723918925037.5654,725854761325.41,727814767321.8121,729800058471.4877,731811808173.4077,733851250788.2548,735919684801.3541,738018476148.7756,740149061714.6073,742312953007.7485,744511740026.8595,746747095322.4329,749020778265.2725,751334639530.9506,753690625810.13,756090784754.8896,758537270171.4741,761032347470.0906,763578399382.5964,766177931959.0415,768833580854.1666,771548117914.9543,774324458080.3187,777165666603.8805,780074966610.5254,783055746997.0839,786111570686.9697,789246183247.8816,792463521880.8162,795767724787.4753,799163140921.7385,802654340129.1265,806246123676.0635,809943535168.1891,813751871853.8983,817676696305.6567,821723848467.3201,825899458050.5701,830209957257.6179,834662093800.2913,839262944177.4056,844019927162.7485,848940817444.8649,854033759346.824,859307280539.147,864770305641.5509,870432169588.971,876302630613.8602,882391882669.659,888710567088.935,895269783233.4137,902081097851.1372,909156552807.4517,916508670800.3508,924150458605.7437,932095407322.9468,940357489003.5802,948951148945.9856,957891292820.0944,967193267651.4966,976872835535.2104,986946138765.3436,997429654852.0374,1008340139646.2804,1019694556499.8524,1031509989044.0846,1043803534767.8258,1056592176100.7688,1069892625149.4132,1083721137572.9705,1098093290305.3884,1113023716903.1394,1128525793196.8972,1144611264612.7815,1161289804961.705,1178568494620.22,1196451203778.2632,1214937863729.6067,1234023605934.2344,1253697744673.1047,1273942574406.663,1294731947274.5906,1316029589341.7122,1383592934747.6575,1411515950752.033,1440571705558.259,1470747592087.8184,1502014264939.671,1534321194425.772,1567591143189.454,1601713296695.137,1636534710792.388,1671849655419.2769,1707386330788.4014,1742790309230.9622,1777603912223.4636,1811240571957.604,1842953062127.0952,1871794340699.1714,1896569684100.9375,1915778915470.2239,1927548042278.1877,1929550895321.7678,1918924086111.1213,1892184013352.7366,1845164980380.2715,1773016682216.6802,1670334175595.63,1531554893138.5142,1351860073114.246,1128970863947.7651,866386005928.4636,578485136620.3942,296463391438.4309,68560007082.10871,-62621370214.53791,-105064710656.67853,-62859049214.919846,0.0
244.0,445542968435.7925,446602684769.3312,447666056659.4155,448733099245.8617,449803827718.4704,450878257316.9201,451956403330.6611,453038281098.8134,454123906010.067,455213293502.5857,456306459063.9148,457403418230.8948,458504186589.5792,459608779775.1591,460717213471.8968,461829503413.0634,462945665380.8903,464065715206.5255,465189668770.0053,466317542000.2353,467449350874.98535,468585111420.8978,469724839713.5145,470868551877.3169,472016264085.7861,473167992561.485,474323753576.1582,475483563450.8573,476647438556.09216,477815395312.0059,478987450188.5832,480163619705.8848,481343920434.3189,482528368994.9462,483716982059.8248,484909776352.393,486106768647.8984,487307975773.8703,488513414610.64514,489723102091.9409,490937055205.49005,492155290993.7293,493377826554.556,494604679042.1491,495835865667.86255,497071403701.19495,498311310470.8374,499555603365.8108,500804299836.6888,502057417396.92017,503314973624.2508,504576986162.2538,505843472721.97394,507114451083.6914,508389939098.8136,509669954691.9016,510954515862.8397,512243640689.15454,513537347328.49365,514835654021.27313,516138579093.5023,517446140959.7953,518758358126.5831,520075249195.5317,521396832867.1841,522723127944.8332,524054153338.642,525389928070.0224,526730471276.2881,528075802215.5972,529425940272.19714,530780904961.9927,532140715938.4531,533505392998.8732,534874956091.0145,536249425320.1403,537628820956.4711,539013163443.0795,540402473404.2498,541796771654.3274,543196079207.0839,544600417285.6267,546009807332.8793,547424271022.6668,548843830271.436,550268507250.647,551698324399.8684,553133304440.6177,554573470390.9819,556018845581.0677,557469453669.3164,558925318659.7369,560386464920.1013,561852917201.1589,563324700656.9171,564801840866.0522,566284363854.5083,567772296119.344,569265664653.9016,570764496974.3597,572268821147.7561,573778665821.5437,575294060254.7761,576815034351.0027,578341618692.9663,579873844579.201,581411744062.6316,582955349991.2836,584504696051.2151,586059816811.7943,587620747773.4451,589187525417.9965,590760187261.776,592338771911.5972,593923319123.797,595513869866.4865,597110466385.1953,598713152272.0919,600321972538.9685,601936973694.2123,603558203823.962,605185712677.6942,606819551758.4749,608459774418.135,610106435957.6436,611759593732.9595,613419307266.6725,615085638365.7472,616758651245.7167,618438412661.6719,620124992046.4426,621818461656.3574,623518896725.0117,625226375625.4956,626940980041.553,628662795148.175,630391909802.1646,632128416743.2283,633872412806.2032,635623999145.0358,637383281469.2004,639150370293.2499,640925381200.2625,642708435119.973,644499658622.4359,646299184228.1165,648107150735.3527,649923703566.2,651748995131.7192,653583185217.8434,655426441393.0199,657278939438.901,659140863805.435,661012408091.788,662893775554.6174,664785179645.3167,666686844577.9369,668599005929.6133,670521911275.4235,672455820859.7343,674401008306.2131,692031803632.0579,694069830602.1997,696120000579.6246,698182628925.3586,700258047675.0477,702346606497.4159,745412842751.5726,747429489180.5338,749457750489.6508,751498009908.6069,753550672948.5977,755616168726.801,723974180733.9261,725918286275.5402,727877992855.4476,729853938236.5609,731846795907.6465,733857277132.8094,718544734065.9635,720539696798.259,722554840531.0846,724591070423.192,726649342598.8774,728730667087.4081,730836110937.6177,732966801518.4735,735123930017.0938,737308755146.4285,739522607075.5741,741766891596.5048,744043094541.8931,746352786469.5756,748697627630.2194,751079373235.7749,753499879047.3787,755961107302.5503,758465133002.7408,761014150583.5933,763610480991.6394,766256579192.6248,768955042138.1533,771708617218.9807,774520211234.9663,777392899913.4764,780329938009.914,783334770025.9962,786411041583.4766,789562611493.1276,792793564561.0552,796108225176.7323,799511171729.5416,803007251903.1108,806601598899.283,810299648646.173,814107158047.4557,818030224332.7115,822075305571.3915,826249242415.6725,830559281140.1212,835013098048.7118,839618825322.177,844385078380.9913,849320984841.3187,854436215143.0133,859741014930.0776,865246239264.7964,870963388756.939,876904647688.7727,883082924215.0375,889511892714.1991,896206038363.0532,903180704000.7472,910452139340.1548,918037552573.9316,925955164408.8728,934224264544.969,942865270593.889,951899789404.9088,961350680733.308,971242123145.9778,981599682009.7896,992450379348.5284,1003822765281.698,1015746990670.661,1028254880491.2004,1041380007322.6884,1055157764187.8289,1069625435787.1322,1084822266941.4218,1100789526773.951,1117570566818.854,1135210870819.135,1153758093454.8318,1173262084594.5889,1193774894857.6584,1215350757264.2998,1238046038482.751,1261919151574.1416,1287030420091.9734,1313441880776.0525,1341217008713.1978,1370420344479.3962,1401116997109.1477,1433371989325.077,1440061153538.4763,1477714884005.1375,1517746198730.4053,1560297418360.0767,1605514701476.3105,1653546626921.7988,1704542157851.711,1758647764248.2615,1816003396450.1772,1876736884229.77,1940956169681.6091,2008738546760.9421,2080115745220.082,2155053217159.7954,2233421294344.0537,2314954885770.449,2399196931791.6475,2485418705938.2114,2572506936001.6675,2658803129500.927,2741873762589.067,2818180223389.083,2882603540229.7314,2927760228043.0815,2943023169547.288,2913142913827.293,2816377074618.183,2622158962055.6216,2288787821618.154,1762915884503.3083,985576458730.0151,-87214541083.65114,-1462953700673.9373,-3319694758532.9565,-7430628017252.431,0.0
243.0,426979427410.68097,428065624731.53,429155893565.37415,430250252962.61206,431348722052.5712,432451320043.3312,433558066221.5331,434668979952.1803,435784080678.4233,436903387921.3341,438026921279.6691,439154700429.6167,440286745124.53577,441423075194.6785,442563710546.9029,443708671164.3722,444857977106.24097,446011648507.32935,447169705577.7849,448332168602.733,449499057941.9119,450670394029.2996,451846197372.7262,453026488553.47534,454211288225.8739,455400617116.8704,456594496025.6027,457792945822.95447,458995987451.1018,460203641923.04926,461415930322.1578,462632873801.6616,463854493584.1792,465080810961.21313,466311847292.6467,467547624006.2313,468788162597.0692,470033484627.0906,471283611724.5293,472538565583.3921,473798367962.9303,475063040687.1064,476332605644.0662,477607084785.6093,478886500126.6652,480170873744.77423,481460227779.57526,482754584432.3027,484053965965.2939,485358394701.5101,486667893024.07104,487982483375.8096,489302188258.8449,490627030234.17975,491957031921.3229,493292215997.9413,494632605199.5452,495978222319.209,497329090207.3319,498685231771.44434,500046669976.0607,501413427842.5877,502785528449.2894,504162994931.3155,505545850480.8015,506934118347.0394,508327821836.7341,509726984314.3458,511131629202.5287,512541779982.6716,513957460195.55066,515378693442.10205,516805503384.3214,518237913746.3053,519675948315.43726,521119630943.7372,522568985549.3797,524024036118.3979,525484806706.5801,526951321441.5825,528423604525.26135,529901680236.2497,531385572932.78906,532875307055.8352,534370907132.45935,535872397779.5595,537379803707.9064,538893149726.5458,540412460747.5762,541937761791.33545,543469077992.014,545006434603.7241,546549857007.0621,548099370716.1831,549655001386.4327,551216774822.5604,552784716987.5618,554358854012.1818,555939212205.1235,557525818064.0077,559118698287.1274,560717879786.0518,562323389699.1272,563935255405.9347,565553504542.7612,567178165019.1505,568809265035.5966,570446833102.4545,572090898060.1385,573741489100.6942,575398635790.8193,577062368096.4363,578732716408.8945,580409711572.9205,582093384916.4081,583783768282.173,585480894061.785,587184795231.6099,588895505391.193,590613058804.1313,592337490441.5864,594068836028.5979,595807132093.374,597552416019.736,599304726102.9178,601064101608.9227,602830582837.6543,604604211190.0626,606385029239.544,608173080807.8628,609968411045.8728,611771066519.3374,613581095300.163,615398547063.3784,617223473190.2275,619055926877.745,620895963255.2234,622743639508.0066,624599015009.0585,626462151458.8043,628333113033.7572,630211966544.4852,632098781603.508,633993630803.7504,635896589908.2172,637807738051.6101,639727157954.634,641654936151.8136,643591163233.6707,645535934104.1937,647489348254.5715,649451510054.241,651422529060.3682,653402520346.949,655391604854.8043,657389909763.8312,659397568888.9518,661414723101.3191,663441520776.4268,665478118270.8939,667524680429.8187,684083877353.5146,686228817791.5105,688384600706.6877,690551420791.2905,692729483577.6694,694919006138.1086,733587014628.8577,735714661976.5671,737852676530.2415,740001304250.1503,742160806283.2256,744331459959.6572,713484461220.3148,715488339116.7865,717504423553.9624,719533139731.8297,721574939011.4438,723630300579.7142,708865606630.3599,710887700368.6368,712924866268.699,714977727338.3813,717046945598.685,719133224598.8391,721237312099.4415,723360002935.4766,725502142071.8696,727664627865.1876,729848415546.1013,732054520938.3037,734284024430.7794,736538075221.5619,738817895852.4922,741124787055.9742,743460132936.2968,745825406509.8263,748222175630.2141,750652109326.7732,753116984586.3353,755618693611.2443,758159251588.6436,760740805008.9703,763365640574.4935,766036194741.9348,768755063946.6433,771525015559.5411,774348999632.0725,777230161488.7627,780171855231.718,783177658226.5028,786251386644.3871,789397112141.9333,792619179765.4169,795922227174.5974,799311205288.0161,802791400460.2655,806368458310.6562,810048409332.4862,813837696422.6558,817743204482.915,821772292256.4758,825932826577.3278,830233219224.3307,834682466588.2374,839290192377.275,844066693605.9669,849022990132.638,854170878033.7291,859522987127.7603,865092842988.8768,870894933819.4827,876944782583.9423,883259024840.9005,889855492750.9037,896753305779.0356,903972968659.7684,911536477243.6324,919467432903.392,927791166241.7872,936534870914.5714,945727748462.4446,955401165134.8344,965588821788.6523,976326938057.8348,987654452116.5778,999613237502.9824,1012248338632.9749,1025608226820.0016,1039745078827.6836,1054715080224.5634,1070578756087.0104,1087401331913.6407,1105253127978.214,1124209990764.103,1144353765598.7588,1165772815147.0374,1188562589032.8638,1212826250541.6616,1238675367108.8235,1266230672111.468,1295622906327.6174,1326993748263.3755,1360496843295.987,1396298942109.6345,1360145846561.9446,1398882306535.5176,1440709867987.2695,1485907529075.8186,1534782522479.1445,1587673732092.7375,1644955605005.6382,1707042626501.6997,1774394423423.1733,1847521548294.7363,1926991964972.8472,2013438192869.436,2107564949176.1448,2210156921484.4946,2322085948959.745,2444316294340.115,2577905696234.5225,2723998244040.926,2883802384823.537,3058542820121.274,3249367418700.982,3457177347840.762,3682326469023.7046,3924097495897.6855,4179794246466.852,4443166792859.463,4701663276866.166,4931596758518.155,5089611419259.819,5097843513901.579,4820243835965.011,4038480455566.141,2515498873994.905,669884130978.1221,2555112087158.8438,0.0
242.0,403345182700.9875,404438991960.342,405537199601.6503,406639828197.8674,407746900430.275,408858439088.2887,409974467069.23566,411095007378.10925,412220083127.2949,413349717536.26953,414483933931.2708,415622755744.939,416766206515.9271,417914309888.4797,419067089611.9809,420224569540.4683,421386773632.1135,422553725948.66736,423725450654.8697,424901972017.8217,426083314406.3211,427269502290.1568,428460560239.365,429656512923.4442,430857385110.5254,432063201666.5021,433273987554.1137,434489767831.9823,435710567653.6053,436936412266.2959,438167327010.077,439403337316.5227,440644468707.5471,441890746794.14014,443142197275.04913,444398845935.4017,445660718645.2728,446927841358.19104,448200240109.5851,449477941015.1672,450760970269.2525,452049354143.01306,453343118982.6658,454642291207.58905,455946897308.3717,457256963844.7891,458572517443.7039,459893584796.8939,461220192658.8006,462552367844.1999,463890137225.7917,465233527731.7069,466582566342.9299,467937280090.636,469297696053.4387,470663841354.5487,472035743158.8404,473413428669.8256,474796925126.5304,476186259800.2749,477581459991.3545,478982553025.6188,480389566250.9484,481802527033.62506,483221462754.5978,484646400805.6361,486077368585.37744,487514393495.2584,488957502935.3332,490406724299.9778,491862084973.47314,493323612325.4729,494791333706.3477,496265276442.409,497745467831.0076,499231935135.509,500724705580.1415,502223806344.7168,503729264559.2222,505241107298.2863,506759361575.5101,508284054337.6708,509815212458.795,511352862734.0996,512897031873.8016,514447746496.799,516005033124.22,517568918172.8439,519139427948.3927,520716588638.6993,522300426306.7461,523890966883.5854,525488236161.1395,527092259784.88135,528703063246.4057,530320671875.8908,531945110834.4554,533576405106.4188,535214579491.46857,536859658596.7432,538511666828.8379,540170628385.7414,541836567248.7168,543509507174.1287,545189471685.2413,546876484063.9887,548570567342.7378,550271744296.059,551980037432.5212,553695468986.53,555418060910.2301,557147834865.496,558884812216.0308,560629014019.609,562380461020.4818,564139173641.9866,565905171979.3867,567678475792.9882,569459104501.5641,571247077176.1417,573042412534.1912,574845128934.2727,576655244371.1996,578472776471.773,580297742491.1609,582130159309.9878,583970043432.2142,585817410983.893,587672277712.8837,589534658989.6344,591404569809.1255,593282024794.099,595167038199.6871,597059623919.5806,598959795493.8754,600867566118.7551,602782948658.1733,604705955657.7203,606636599360.8633,608574891727.7749,610520844456.972,612474469010.0145,614435776639.5222,616404778420.7959,618381485287.3528,620365908070.7026,622358057544.7238,624357944475.0266,626365579673.7162,628380974060.0063,630404138727.1703,632435085016.3466,634473824597.7686,636520369560.0289,638574732508.027,640636926670.3262,642706966016.671,644784865386.5063,646870640629.387,648964308758.2448,651065888116.5636,666269622558.943,668464131400.0319,670667151914.5151,672878709288.9885,675098830782.2375,677327545978.2255,711874046579.2688,714055090295.5493,716244000891.6006,718440821356.7816,720645598712.6509,722858384415.3064,692996777184.3312,694991438042.2341,696992823258.1971,699001029420.9,701016162589.6246,703038339110.62,689070048551.9286,691043326697.668,693023674160.4985,695011256065.1155,697006253369.7549,699008864208.7074,701019305343.3551,703037813730.6411,705064648218.6407,707100091379.741,709144451492.8267,711198064686.8635,713261297259.3418,715334548184.2148,717418251825.2417,719512880872.0485,721618949517.7357,723737016898.535,725867690817.8342,728011631778.8792,730169557352.6426,732342246909.7333,734530546747.8181,736735375648.9011,738957730903.9244,741198694845.5837,743459441934.0289,745741246444.2286,748045490808.3243,750373674671.2675,752727424723.496,755108505380.4316,757518830385.1611,759960475417.9617,762435691804.3174,764946921421.9022,767496812916.7106,770088239349.2592,772724317403.5695,775408428304.746,778144240605.3586,780935735016.8107,783787231479.5164,786703418685.2686,789689386286.8313,792750660053.8148,795893240260.5702,799123643621.4565,802448949121.7937,805876848129.5001,809415699213.2921,813074588138.9467,816863393566.0763,820792859024.884,824874671816.1935,829121549549.6951,833547335115.8109,838167100977.183,842997263767.8964,848055710303.9712,853361936239.2938,858937198749.4235,864804684794.3528,870989696703.672,877519857047.5637,884425335009.4464,891739096766.5062,899497182719.7384,907739014803.8026,916507737559.142,925850597176.9402,935819363346.9824,946470799468.2347,957867187645.6954,970076915924.0298,983175136435.6078,997244504613.912,1012376011401.2697,1028669922536.251,1046236841634.5504,1065198916997.3146,1085691216045.3668,1107863296182.5654,1131881006988.6648,1157928566256.5286,1186210961940.9705,1142057411551.1113,1170780086196.3284,1202302568770.9998,1236940083219.917,1275048582272.3928,1317031276304.0886,1363346512572.9924,1414517351686.9922,1471143290831.1985,1533914719081.2527,1603630870451.2866,1681222280782.4302,1767779076723.1968,1864586858926.2153,1973172529502.2615,2095363216025.6716,2233362547836.905,2389850071272.6245,2568111732808.581,2772212379162.832,3007225495326.197,3279541413032.2744,3597283488858.5454,3970872420132.675,4413790357697.913,4943601170363.384,5583253878352.86,6362541743937.515,7319001754034.234,8495426980313.041,9923388885806.926,11551747711922.727,12951303148781.629,12087884914366.854,1790024716808.9663,0.0
241.0,374559934330.4837,375640912869.9384,376726512241.8151,377816758034.4575,378911675974.5725,380011291927.129,381115631895.216,382224722019.86896,383338588579.8552,384457257991.42,385580756807.99255,386709111719.8491,387842349553.73096,388980497272.4174,390123581974.2509,391271630892.6132,392424671395.3502,393582730984.1431,394745837293.8252,395914018091.6426,397087301276.454,398265714877.87006,399449287055.3303,400638046097.1132,401832020419.2777,403031238564.5363,404235729201.0524,405445521121.1638,406660643240.0272,407881124594.1807,409106994340.0239,410338281752.2091,411575016221.9429,412817227255.194,414064944470.806,415318197598.5063,416577016476.8149,417841431050.84326,419111471369.9832,420387167585.4799,421668549947.8856,422955648804.3896,424248494596.02185,425547117854.72046,426851549200.2669,428161819337.0754,429477959050.83655,430799999205.0094,432127970737.15607,433461904655.1108,434801832032.98346,436147784006.9867,437499791771.0808,438857886572.434,440222099706.6856,441592462513.01086,442969006368.9763,444351762685.1802,445740762899.6699,447136038472.1283,448537620877.8208,449945541601.2966,451359832129.8312,452780523946.6044,454207648523.6048,455641237314.2468,457081321745.6967,458527933210.8898,459981103060.2334,461440862592.9825,462907243048.2762,464380275595.8209,465859991326.2149,467346421240.8886,468839596241.6629,470339547119.895,471846304545.2132,473359899053.8117,474880361036.2982,476407720725.0774,477942008181.2485,479483253281.0064,481031485701.5213,482586734906.2844,484149030129.8956,485718400362.2752,487294874332.2783,488878480490.6893,490469246992.5752,492067201678.9736,493672372057.8911,495284785284.5861,496904468141.1117,498531447015.0899,500165747877.6895,501807396260.77673,503456417233.2141,505112835376.26416,506776674758.0815,508447958907.2415,510126710785.2871,511812952758.2423,513506706567.0649,515207993296.994,516916833345.75214,518633246390.55865,520357251353.9125,522088866368.0944,523828108738.3472,525574994904.67554,527329540402.22327,529091759820.1683,530861666759.0809,532639273786.6925,534424592392.008,536217632937.7056,538018404610.7548,539826915371.1937,541643171898.9843,543467179538.88727,545298942243.2731,547138462512.792,548985741334.8308,550840778119.6626,552703570634.2131,554574114933.3466,556452405288.5842,558338434114.1572,560232191890.2964,562133667083.6516,564042846064.7426,565959713022.3241,567884249874.555,569816436176.8536,571756249026.3168,573703662962.5808,575658649864.9897,577621178845.9415,579591216140.2755,581568724990.5525,583553665528.094,585545994649.6166,587545665889.3202,589552629286.263,591566831246.869,593588214402.3923,595616717461.1808,597652275055.556,599694817583.1396,601744271042.4421,603800556862.5363,605863591726.6274,607933287389.3378,610009550487.5137,612092282344.369,614181378766.7808,616276729835.5425,618378219688.3975,620485726295.6644,622599121228.2806,624718269418.0922,639245169998.6027,641453470856.3373,643667750784.9503,645887851115.7542,648113605131.1394,650344837761.3054,680994620506.1537,683194353494.1405,685399142701.7079,687608804039.4642,689823144230.1882,692041960453.8427,663534125227.9725,665487571442.1323,667441684417.367,669396181653.0801,671350769350.8782,673305142067.7682,659386379321.1543,661272779490.9307,663157473945.9022,665040099630.0795,666920280163.8167,668797625528.9752,670671731763.2172,672542180666.0742,674408539519.757,676270360828.0934,678127182077.3815,679978525523.4508,681823898009.7578,683662790821.9366,685494679584.9028,687319024209.3495,689135268895.3132,690942842201.4083,692741157189.3615,694529611654.6428,696307588455.2533,698074455952.179,699829568576.605,701572267540.767,703301881711.2974,705017728666.1335,706719115958.5254,708405342614.4243,710075700892.597,711729478340.2451,713365960180.7136,714984432074.1404,716584183296.6587,718164510389.0701,719724721331.8497,721264140309.9673,722782113138.4258,724278013427.6958,725751249577.4978,727201272697.7408,728627585567.0262,730029752752.1112,731407412026.263,732760287240.7253,734088202821.7773,735391100086.3304,736669055591.975,737922301763.1642,739151250064.1436,740356517021.7596,741538953437.8115,742699677171.7001,743840109920.3849,744962018474.7306,746067560989.9952,747159338874.428,748240454974.5724,749314578820.3015,750386019787.9432,751459809147.8542,752541792085.1141,753638730920.8018,754758420918.9949,755909820244.052,757103195837.234,758350287215.2872,759664490460.9221,761061064981.8394,762557365967.8551,764173105882.9696,765930648800.974,767855341941.7537,769975889406.1194,772324773859.0383,774938732798.583,777859297101.6536,781133400796.7386,784814072529.638,788961221026.1678,793642529103.0873,798934473549.0408,804923491642.9171,811707319400.2837,819396532111.4856,828116324725.1495,838008578636.507,824223391674.5399,833005491620.9722,843171042402.8528,854929268985.8479,868520730726.9901,884222611576.2452,902355123979.8518,923289332331.8477,947456806852.3767,975361665627.6288,1007595769577.0116,1044858129373.0496,1087980005061.9902,1137957788736.3518,1195996649839.7249,1263569232654.8262,1342495646538.556,1435053931386.3748,1544134680281.9116,1673460496746.9062,1827902048827.7551,2013940437614.2268,2240355428582.406,2519270120069.2583,2867772897007.9,3310503711811.88,3883912884469.621,4643560073336.834,5677283168221.568,7130627885198.229,9260599106526.23,12563399308328.273,18124523026475.055,28718705736902.312,50924621039503.945,0.0
240.0,340665638983.647,341712387389.7537,342763861816.61224,343820090226.3046,344881100749.36816,345946921684.93353,347017581500.8196,348093108833.5915,349173532488.5714,350258881439.8085,351349184829.9974,352444471970.3523,353544772340.426,354650115587.87933,355760531528.192,356876050144.3183,357996701586.2811,359122516170.70337,360253524380.2752,361389756863.1517,362531244432.281,363678018064.6583,364830108900.5023,365987548242.3538,367150367554.08887,368318598459.8472,369492272742.8693,370671422344.2405,371856079361.53766,373046276047.3736,374242044807.8379,375443418200.82544,376650428934.2524,377863109864.1537,379081493992.6558,380305614465.8224,381535504571.3651,382771197736.2157,384012727523.9564,385260127632.0949,386513431889.1884,387772674251.8016,389037888801.29785,390309109740.4533,391586371389.8901,392869708184.3192,394159154668.5837,395454745493.50055,396756515411.4866,398064499271.96265,399378732016.5276,400699248673.8934,402026084354.5679,403359274245.2821,404698853603.1439,406044857749.5137,407397322063.5879,408756281975.67865,410121772960.1787,411493830528.1966,412872490219.8535,414257787596.2218,415649758230.8973,417048437701.18536,418453861578.8894,419866065420.68097,421285084758.04126,422710955086.7498,424143711855.9064,425583390456.4651,427030026209.2626,428483654352.51886,429944310028.78766,431412028271.33777,432886843989.9382,434368791956.0236,435857906787.2177,437354222931.1849,438857774648.78,440368595996.47614,441886720808.0317,443412182675.3684,444945014928.6289,446485250615.3769,448032922478.9088,449588062935.63153,451150704051.47705,452720877517.3059,454298614623.2602,455883946232.0216,457476902750.9264,459077514102.8923,460685809696.1016,462301818392.3932,463925568474.30383,465557087610.70245,467196402820.9569,468843540437.57184,470498526067.2253,472161384550.1435,473832139917.7346,475510815348.4089,477197433121.50354,478892014569.2329,480594580026.5728,482305148778.9932,484023739007.9349,485750367733.9438,487485050757.3443,489227802596.3528,490978636422.5096,492737563993.3141,494504595581.9324,496279739903.8504,498063004040.3281,499854393358.515,501653911428.0706,503461559934.1331,505277338586.4649,507101245024.6038,508933274718.8315,510773420866.76624,512621674285.3793,514478023298.2162,516342453617.6071,518214948221.61926,520095487225.5165,521984047747.4579,523880603768.1656,525785125984.2752,527697581655.0664,529617934442.2618,531546144242.5509,533482167012.501,535425954585.4808,537377454480.20825,539336609700.5222,541303358525.9421,543277634292.5701,545259365163.8626,547248473890.7655,549244877560.6962,551248487334.8176,553259208173.0166,555276938545.9825,557301570133.7363,559332987509.9303,561371067811.205,563415680390.8499,565466686455.9694,567523938687.3237,569587280840.9579,571656547330.6921,573731562790.4928,575812141615.6925,577898087481.9736,579989192840.9608,582085238391.2228,584185992523.3989,586291210738.1139,588400635035.2548,603382912259.9386,605595002601.9187,607811588907.4359,610032373560.4326,612257042419.5837,614485264014.1552,641429288018.7931,643642059481.7292,645858267622.4589,648077552496.6971,650299533675.3212,652523809196.5219,625912862911.2285,627840557666.5161,629764647352.6523,631684537395.4927,633599603299.3953,635509189177.0365,620281071703.1005,622085262977.73,623880664595.2036,625666448304.0579,627441744897.1888,629205642202.587,630957182972.2062,632695362663.7693,634419127110.0924,636127370070.2347,637818930656.5479,639492590631.4093,641147071567.1815,642781031862.6422,644393063608.8596,645981689297.2184,647545358362.0007,649082443549.668,650591237106.7035,652069946777.6107,653516691604.4071,654929497518.7183,656306292717.3383,657644902811.9446,658943045743.4801,660198326451.5884,661408231289.4181,662570122174.0825,663681230463.1222,664738650547.4366,665739333151.3926,666680078331.1666,667557528162.8488,668368159112.4911,669108274081.1036,669773994118.6561,670361249802.4209,670865772276.5978,671283083952.0581,671608488867.3726,671837062715.0021,671963642539.814,671982816120.8888,671888911052.104,671675983542.2081,671337806961.2374,670867860167.2043,670259315655.2075,669505027580.5847,668597519718.6272,667528973435.8988,666291215762.53,664875707671.2434,663273532687.541,661475385976.7336,659471564077.5911,657251955479.6946,654806032272.4023,652122843128.0182,649191007920.7706,645998714326.7977,642533716799.0115,638783338364.7426,634734475753.8507,630373608430.7074,625686812175.3466,620659777937.069,615277836767.7129,609525991731.1105,603388957779.0371,596851210680.661,589897046190.0667,582510650731.4111,574676184969.5697,566377881709.4194,557600159621.418,548327754313.9962,538545868250.9224,528240340926.1753,517397840537.5088,506006078114.0839,494054044617.746,481532270907.8965,468433109583.2093,454751036526.2772,440482968405.30457,481174671969.5121,465337945686.12244,448724285141.9619,431326643267.3881,413142055377.8204,394172135952.68713,374423520407.1561,353908204998.6742,332643723290.4499,310653080717.6649,287964350664.22815,264609817996.62976,240624542822.41437,216044214493.86798,190902183418.13452,165225611025.83252,139030787787.4923,112317864377.59756,85065557563.18185,57226868012.69368,28727511379.007126,-530382008.1962662,-30655753822.47863,-61742752940.76119,-93826187915.02444,-126812599427.51674,-160381733579.37894,-193856771306.86975,-226059334001.2065,-255232375502.19064,-279273303913.7546,-296445837919.4146,-303891393530.1925,-280885971849.0227,-196938027721.62137,0.0
239.0,301826643647.15155,302817439053.43024,303812939237.16095,304813173778.4294,305818172455.37195,306827965244.7404,307842582322.426,308862054063.94727,309886411044.9006,310915684041.36664,311949904030.2749,312989102189.7233,314033309899.2484,315082558740.04736,316136880495.1464,317196307149.51514,318260870890.1226,319330604105.9346,320405539387.84595,321485709528.5494,322571147522.3336,323661886564.8097,324757960052.5628,325859401582.725,326966244952.4646,328078524158.3915,329196273395.87067,330319527058.24243,331448319735.9458,332582686215.53705,333722661478.60345,334868280700.5642,336019579249.3557,337176592683.9931,338339356753.0079,339507907392.75,340682280725.55426,341862513057.759,343048640877.57874,344240700852.81555,345438729828.4087,346642764823.8132,347852843030.1992,349069001807.4663,350291278681.0631,351519711338.6058,352754337626.2835,353995195545.0453,355242323246.55853,356495759028.9246,357755541332.1492,359021708733.349,360294299941.6895,361573353793.03815,362858909244.3238,364151005367.5865,365449681343.71,366754976455.8151,368066930082.3085,369385581689.56354,370710970824.2265,372043137105.1225,373382120214.7513,374727959890.3522,376080695914.5206,377440368105.35394,378807016306.1137,380180680374.3729,381561400170.6367,382949215546.4051,384344166331.6608,385746292321.7497,387155633263.6357,388572228841.4959,389996118661.63184,391427342236.6649,392865938968.9851,394311948133.4211,395765408859.09607,397226360110.4359,398694840667.29016,400170889104.1276,401654543768.2669,403145842757.0963,404644823894.2424,406151524704.636,407665982388.43024,409188233793.7194,410718315387.99896,412256263228.3216,413802112930.078,415355899634.3516,416917657973.7751,418487422036.8246,420065225330.4809,421651100741.1808,423245080493.9841,424847196109.8712,426457478361.09,428075957224.45593,429702661832.51953,431337620422.4931,432980860282.8426,434632407697.427,436292287887.07806,437960524948.4976,439637141790.3443,441322160066.38434,443015600105.5597,444717480838.8342,446427819722.6606,448146632658.9106,449873933911.0962,451609736016.70605,453354049695.4704,455106883753.3566,456868244982.0908,458638138053.98535,460416565411.84607,462203527153.71857,463999020912.2173,465803041728.1737,467615581918.3229,469436630936.73126,471266175229.65344,473104198083.4937,474950679465.5213,476805595856.9807,478668920078.2084,480540621105.3525,482420663878.269,484309009099.1447,486205613021.3678,488110427228.1506,490023398400.3699,491944468073.0687,493873572380.0293,495810641785.79584,497755600804.4853,499708367704.69257,501668854199.76,503636965122.6259,505612598084.4395,507595643116.0687,509585982291.58417,511583489332.75146,513588029193.4983,515599457623.27167,517617620708.136,519642354388.3878,521673483951.40063,523710823498.329,525754175383.2254,527803329623.0307,529858063276.814,531918139792.5325,533983308319.48175,536053302984.4981,538127842129.8455,540206627510.606,542289343449.254,557514553967.9126,559711087843.6115,561911989758.3022,564116897537.0007,566325427587.0126,568537173773.2466,592045505490.8645,594255813103.0598,596469504371.6378,598686132127.5372,600905221913.678,603126270481.7217,579033001177.2845,580950162312.8795,582862188891.5168,584768311750.2341,586667719884.6366,588559558196.9998,572237061334.5525,573999140300.5469,575749235480.8064,577486244531.9795,579209005833.4792,580916295253.66,582606822727.0323,584279228630.6334,585932079946.8969,587563866199.4843,589172995147.6448,590757788223.6749,592316475697.0149,593847191547.368,595347968028.0464,596816729899.4255,598251288311.0125,599649334309.1357,601008431945.6599,602326010961.406,603599359016.1102,604825613434.7688,606001752438.0803,607124585822.4014,608190745052.1687,609196672725.082,610138611367.4974,611012591514.4027,611814419025.0447,612539661581.7214,613183634315.4167,613741384497.8336,614207675234.9246,614576968092.2167,614843404577.0741,615000786397.4308,615042554410.5066,614961766168.5184,614751071961.3314,614402689248.4161,613908375364.1942,613259398371.978,612446505931.9916,611459892038.4913,610289161469.5931,608923291781.0117,607350592661.4261,605558662452.468,603534341620.24,601263662947.7098,598731798198.0319,595923000977.6605,592820545504.8104,589406660963.0247,585662461091.0817,581567868628.7206,577101534202.2585,572240749194.4894,566961352098.6079,561237627805.3906,555042199215.4961,548345910503.1094,541117701281.7412,533324470835.7474,524930931479.5234,515899449987.2898,506189875895.91833,495759355316.3528,484562128689.5967,472549310682.8242,459668650129.6926,445864267563.2069,431076367452.46674,415240921714.52686,398289320401.0012,380147984619.1887,360737935691.4593,339974313221.814,317765833042.87854,294014173852.3225,268613278572.61636,241448552894.27155,212395938840.92636,181320835193.1397,148076828783.99103,112504190440.68465,204395934199.50476,167265951957.18936,127235548618.10788,84064960078.06883,37489018963.657776,-12787018119.995369,-67092704558.77432,-125799041648.03604,-189326986218.55966,-258158463873.88675,-332850760220.15924,-414055492944.5496,-502543832289.496,-599240295508.0734,-705268380377.2701,-822012657175.4668,-951203913466.668,-1095036866100.3191,-1256334345056.636,-1438778588286.3284,-1647240867281.9736,-1888257756578.494,-2170730864672.1182,-2506976061372.3813,-2914336435941.9,-3417737572745.281,-4053883168432.241,-4878441443432.0,-5978996556056.865,-7499957478280.02,-9694973574569.492,-13052166102381.25,-18644695062818.703,-29243714822022.14,-51216420364781.31,0.0
238.0,258315522625.27765,259228868469.004,260146765223.9356,261069243216.77283,261996332999.882,262928065352.4579,263864471281.66312,264805582023.744,265751429045.12,266702044043.4444,267657458948.63647,268617705923.882,269582817366.59863,270552825909.36905,271527764420.83392,272507666006.54688,273492564009.78665,274482492012.3253,275477483835.14966,276477573539.13416,277482795425.6601,278493184037.1815,279508774157.7328,280529600813.37616,281555699272.5831,282587105046.5527,283623853889.4538,284665981798.5971,285713525014.52844,286766520021.0373,287825003545.0837,288889012556.6293,289958584268.37897,291033756135.4187,292114565854.75195,293201051364.72455,294293250844.33594,295391202712.42883,296494945626.75604,297604518482.9103,298719960413.1206,299841310784.9009,300968609199.54663,302101895490.4756,303241209721.39825,304386592184.31824,305538083397.3472,306695724102.33105,307859555262.2759,309029618058.566,310205953887.9619,311388604359.37256,312577611290.38574,313773016703.5507,314974862822.399,316183192067.1898,317398047050.3741,318619470571.754,319847505613.33496,321082195333.8475,322323583062.9281,323571712294.94366,324826626682.44183,326088370029.2091,327356986282.9232,328632519527.3767,329915013974.2534,331204513954.4407,332501063908.85034,333804708378.73193,335115491995.4487,336433459469.7013,337758655580.16235,339091125161.503,340430913091.784,341778064279.1744,343132623647.97723,344494636123.92346,345864146618.70184,347241200013.6926,348625841142.86523,350018114774.80206,351418065593.8092,352825738180.0724,354241176988.80994,355664426328.3833,357095530337.3089,358534532960.1271,359981477922.07025,361436408702.4772,362899368506.8929,364370400237.7937,365849546463.8734,367336849387.8208,368832350812.5201,370336092105.5991,371848114162.2449,373368457366.2082,374897161548.90826,376434265946.54834,377979809155.14606,379533829083.3811,381096362903.15326,382667446997.73975,384247116907.4421,385835407272.5912,387432351773.793,389037983069.27234,390652332729.1794,392275431166.7056,393907307565.8559,395547989805.7118,397197504381.0102,398855876318.8607,400523129091.40247,402199284524.2072,403884362700.205,405578381858.9235,407281358290.7866,408993306226.2405,410714237719.4345,412444162526.1836,414183087975.9235,415931018837.3473,417687957177.4017,419453902213.3023,421228850157.2018,423012794053.13983,424805723605.86224,426607625001.0918,428418480716.8002,430238269325.0091,432066965283.6173,433904538717.7265,435750955189.9116,437606175458.8317,439470155225.5739,441342844867.0545,443224189155.7863,445114126965.2651,447012590960.20087,448919507270.7546,450834795149.9044,452758366613.0154,454690126058.6163,456629969869.34845,458577785991.9659,460533453495.2257,462496842104.404,464467811711.1302,466446211857.1241,468431881190.3493,470424646891.9976,472424324072.627,474430715135.6561,476443609106.3277,478462780924.1152,480487990696.4254,482518982911.31445,484555485606.78687,486597209494.0941,500496003641.6929,502640201750.0978,504789901420.5357,506944761533.4027,509104419311.6323,511268489137.0687,531786583276.1503,533963507899.469,536145358086.686,538331707040.6793,540522099950.63806,542716052389.5812,521746992210.046,523657513471.07935,525564483606.0098,527467137427.99365,529364665748.5626,531256212909.7896,515566005377.5731,517343631532.4848,519111306467.2495,520867931621.6627,522612345872.2226,524343321947.3985,526059562621.5423,527759696672.552,529442274587.3105,531105763997.7331,532748544828.9963,534368904140.1412,535965030635.7701,537535008825.9384,539076812809.6133,540588299655.2017,542067202349.5916,543511122284.9818,544917521250.3559,546283712891.8818,547606853603.7119,548883932807.6057,550111762576.4847,551286966553.4336,552405968113.7618,553464977713.4719,554459979362.861,555386716158.9543,556240674804.9634,557017069038.9882,557710821887.6704,558316546653.3604,558828526535.6135,559240692779.3226,559546601232.5176,559739407186.7057,559811838361.5044,559756165883.1644,559564173093.2063,559227122008.785,558735717240.327,558080067154.3491,557249642049.9668,556233229096.3069,555018883754.5425,553593877382.4381,551944640690.7942,550056702689.7212,547914624727.99146,545501929190.3273,542801022375.0683,539793111027.6642,536458111953.4047,532774554075.0372,528719472236.8164,524268291985.2709,519394704477.6582,514070530580.7561,508265573124.0952,501947456161.6711,495081449973.112,487630280397.3985,479553920937.5477,470809365900.89294,461350382643.8131,451127240768.9871,440086415873.49646,428170265162.97455,415316671925.142,401458655488.9846,386523942875.7481,370434497865.3838,353106002645.22534,334447286562.2348,314359695747.72125,292736396501.3582,269461604280.22916,244409728901.37796,217444425084.34528,188417535670.48145,157167912675.59924,123520098652.0097,87282847509.44781,48247459776.1823,6185902008.612267,-39151326676.31336,72552048104.47821,25397094712.465347,-25885352231.540855,-81679004366.95103,-142408959610.96835,-208547236682.7222,-280619316329.97876,-359211948154.1894,-444982569068.91754,-538670800877.654,-641112664868.7878,-753258391830.5375,-876195046963.3635,-1011175674675.9558,-1159657361051.44,-1323351601255.2524,-1504291770889.5422,-1704924507220.0454,-1928234639061.1223,-2177917254611.9717,-2458615897323.874,-2776253024752.0903,-3138487786385.184,-3555346079297.83,-4040075678411.576,-4610275873823.617,-5289309710319.346,-6107843986523.539,-7104789924828.918,-8324853412198.673,-9801999704819.525,-11486174011585.111,-12937354886870.754,-12093173493710.057,-2243845013667.6816,0.0
237.0,210498036232.87268,211313142354.4272,212132509035.95923,212956166345.59216,213784144599.8615,214616474365.59747,215453186461.80103,216294311961.51825,217139882193.70828,217989928745.10608,218844483462.0772,219703578452.46503,220567246087.4273,221435519003.26337,222308430103.22623,223186012559.326,224068299814.112,224955325582.44348,225847123853.23865,226743728891.2053,227645175238.549,228551497716.658,229462731427.7616,230378911756.56207,231300074371.83545,232226255228.0012,233157490566.65607,234093816918.07275,235035271102.657,235981890232.36417,236933711712.069,237890773240.8885,238853112813.4529,239820768721.12265,240793779553.1466,241772184197.7593,242756021843.2133,243745331978.74133,244740154395.4463,245740529187.1121,246746496750.9351,247758097788.1662,248775373304.66245,249798364611.34167,250827113324.5352,251861661366.23248,252902050964.21216,253948324652.05225,255000525269.01743,256058695959.80823,257122880174.1743,258193121666.37817,259269464494.50424,260351953019.6054,261440631904.6757,262535546113.44443,263636740908.9797,264744261852.09283,265858154799.53107,266978465901.9529,268105241601.6702,269238528630.14603,270378374005.24088,271524825028.1864,272677929280.2816,273837734619.29004,275004289175.5301,276177641347.6389,277357839797.9932,278544933447.7731,279738971471.652,280940003292.08826,282148078573.206,283363247214.24115,284585559342.5327,285815065306.0354,287051815665.3345,288295861185.132,289547252825.1846,290806041730.6651,292072279221.9144,293346016783.5628,294627306052.9829,295916198808.0449,297212746954.14026,298517002510.4359,299829017595.32434,301148844411.03,302476535227.3279,303812142364.335,305155718174.328,306507315022.5373,307866985266.87177,309234781236.51794,310610755209.36163,311994959388.17145,313387445875.486,314788266647.13934,316197473524.3584,317615118144.3624,319041251929.389,320475926054.0718,321919191411.084,323371098574.9669,324831697764.0488,326301038800.36035,327779171067.4502,329266143465.98987,330762004367.0606,332266801563.0077,333780582215.7348,335303392802.31433,336835279057.7748,338376285914.9247,339926457441.05914,341485836771.39496,343054466039.06274,344632386301.4843,346219637462.94446,347816258193.167,349422285841.6845,351037756347.7864,352662704145.8154,354297162065.56744,355941161227.5469,357594730932.79535,359257898547.02094,360930689378.72,362613126550.9765,364305230866.5997,366007020666.2533,367718511679.1887,369439716866.1988,371170646254.36505,372911306763.15454,374661702021.4036,376421832174.6832,378191693682.53015,379971279104.97687,381760576877.8004,383559571075.8589,385368241163.8612,387186561733.85846,389014502228.7268,390852026650.8409,392699093255.1126,394555654225.49854,396421655334.0417,398297035581.4438,400181726818.10864,402075653344.5245,403978731489.79504,405890869167.0361,407811965404.2894,409741909849.5094,411680582248.0928,413627851891.32056,415583577033.9682,417547604279.24384,419519767929.0787,421499889297.66943,433027893845.6261,435092990958.3326,437166358459.84985,439247779205.7376,441337019705.2444,443433829193.0094,461332539170.7093,463457184969.3469,465590416262.03,467731959742.7954,469881520797.5972,472038782239.3654,454715606640.65015,456638351674.12463,458562970105.2308,460488917252.155,462415614204.7205,464342445847.57874,450307747117.88025,452151457799.2613,453992522108.4716,455830140801.09314,457663465561.5267,459491596097.151,461313577047.7272,463128394697.1495,464934973473.7003,466732172223.8679,468518780243.6399,470293513049.9252,472055007873.4135,473801818852.6688,475532411907.67896,477245159269.32056,478938333639.30176,480610101953.0833,482258518716.0268,483881518880.5696,485476910229.55566,487042365227.94525,488575412301.9502,490073426501.16656,491533619495.5095,492953028854.5983,494328506552.7399,495656706637.6874,496934071995.9593,498156820141.55786,499320927948.43567,500422115239.9335,501455827140.5962,502417215087.1964,503301116386.3736,504102032195.9497,504814103795.596,505431087000.0151,505946324554.0158,506352716333.7013,506642687161.26495,506808152022.4793,506840478455.6371,506730445858.3013,506468201433.4733,506043212469.484,505444214617.7141,504659155798.9371,503675135332.18365,502478337839.284,501053961433.1681,499386139648.133,497457856515.1152,495250854123.9858,492745531947.35626,489920837125.7097,486754144831.06287,483221127735.1114,479295613506.9368,474949429154.0279,470152230897.63873,464871318138.26935,459071429918.37634,452714522126.30615,445759523506.7817,438162068348.4037,429874203506.7192,420844067192.1596,411015536705.6231,400327842041.4443,388715141999.4808,376106059158.33,362423169764.6845,347582444297.2404,331492634177.816,314054599842.91345,295160575177.40686,274693363178.4457,252525457703.326,228518086316.8153,202520169668.312,174367193602.15045,143879991477.44415,110863436139.07603,75105043898.73466,36373497105.33913,121218450343.33412,79969338878.68564,34819903333.39424,-14605894874.00061,-68722305041.21916,-127985438257.06354,-192897079180.28586,-264008572607.6848,-341924647728.05817,-427306969456.78094,-520877101027.90063,-623418411486.5289,-735776245959.9636,-858855365983.51,-993613216863.3196,-1141046919571.8865,-1302170905405.2483,-1477980631226.7175,-1669395524124.0088,-1877170666926.3352,-2101760768696.8296,-2343109821707.5195,-2600321956669.2993,-2871136301610.1294,-3151066973766.3853,-3431950539924.07,-3699413629744.4756,-3928342370013.8057,-4074709611245.2173,-4061317879708.9785,-3756421885059.054,-2960488825178.927,-1508241944831.5583,5075909128.060577,-2078865382902.5854,0.0
236.0,158828374942.18112,159525698693.46634,160226856190.26752,160931876119.2496,161640787429.95792,162353619337.44318,163070401324.90533,163791163146.3597,164515934829.3256,165244746677.53366,165977629273.65765,166714613482.06308,167455730451.57947,168201011618.2915,168950488708.34958,169704193740.8015,170462159030.44186,171224417190.68152,171991001136.43475,172761944087.02454,173537279569.1059,174317041419.60513,175101263788.6769,175889981142.6764,176683228267.14557,177481040269.81644,178283452583.62598,179090500969.7446,179902221520.6168,180718650663.01392,181539825161.09528,182365782119.4797,183196558986.32635,184032193556.41925,184872723974.2624,185718188737.17432,186568626698.39,187424077070.1618,188284579426.8625,189150173708.08456,190020900221.7396,190896799647.1497,191777913038.13367,192664281826.08383,193555947823.03275,194452953224.705,195355340613.5549,196263152961.7856,197176433634.3473,198095226391.91232,199019575393.82336,199949525201.0124,200885120778.8869,201826407500.18045,202773431147.7617,203726237917.4024,204684874420.4957,205649387686.724,206619825166.67023,207596234734.36804,208578664689.7873,209567163761.2473,210561781107.75543,211562566321.2628,212569569428.8322,213582840894.7131,214602431622.3141,215628392956.06955,216660776683.1895,217699635035.28983,218745020689.88824,219796986771.7643,220855586854.1702,221920874959.8845,222992905562.0993,224071733585.1292,225157414404.934,226250003849.43927,227349558198.6492,228456134184.532,229569788990.67,230690580251.6605,231818566052.2477,232953804926.1769,234096355854.7515,235246278265.0758,236403632027.96783,237568477455.52124,238740875298.2996,239920886742.1389,241108573404.5418,242303997330.6358,243507220988.6728,244718307265.0504,245937319458.8202,247164321275.6608,248399376821.28595,249642550594.2572,250893907478.16696,252153512733.16064,253421431986.7631,254697731223.96707,255982476776.55304,257275735311.5897,258577573819.0797,259888059598.7,261207260245.59,262535243635.14145,263872077906.7281,265217831446.3284,266572572867.97565,267936370993.97977,269309294833.84933,270691413561.84857,272082796493.1199,273483513058.2881,274893632776.47485,276313225226.63275,277742360017.11334,279181106753.3732,280629535003.7217,282087714263.004,283555713914.11035,285033603187.197,286521451116.4946,288019326494.57666,289527297823.94977,291045433265.8285,292573800585.9323,294112467097.158,295661499598.94525,297220964313.1696,298790926816.3631,300371451968.0735,301962603835.14105,303564445611.6818,305177039534.5305,306800446793.904,308434727439.0154,310079940278.3615,311736142774.391,313403390932.23694,315081739182.187,316771240255.5338,318471945053.4444,320183902508.44293,321907159438.09753,323641760390.4628,325387747480.8132,327145160219.1601,328914035328.0292,330694406549.9358,332486304443.95026,334289756170.7317,336104785265.34204,337931411397.12537,339769650115.8929,341619512583.58765,343481005290.57227,345354129755.6085,347238882208.54944,356472241255.2072,358432443417.26245,360404922619.4032,362389664523.83344,364386647996.6248,366395844675.8479,381692051893.2456,383738171434.9103,385797992642.47687,387871493478.3661,389958642837.3478,392059399948.65137,378698175952.20496,380635183691.58057,382582267744.7754,384539266014.7394,386506001010.8047,388482278911.4614,376246981811.0554,378174565121.1888,380110716833.199,382055171240.7098,384007640773.2712,385967814635.6029,387935357358.7329,389909907256.7362,391891074782.2837,393878440773.6711,395871554585.3954,397869932093.7141,399873053567.9127,401880361397.242,403891257662.65625,405905101541.56647,407921206532.8304,409938837488.1152,411957207434.5851,413975474172.5465,415992736630.291,418008030956.7944,420020326331.2323,422028520466.39954,424031434781.0757,426027809214.1144,428016296650.5704,429995456927.4628,431963750383.77264,433919530916.0146,435861038497.09015,437786391112.1552,439693576060.872,441580440570.5772,443444681659.5848,445283835183.9949,447095263994.8877,448876145125.6813,450623455921.538,452333959014.0116,454004186034.5448,455630419949.8032,457208675890.1289,458734680329.4498,460203848460.6715,461611259594.77576,462951630394.3675,464219285733.1386,465408126951.355,466511597253.96136,467522643971.8894,468433677378.4861,469236525721.3752,469922386095.2488,470481770742.80286,470904448328.9639,471179379687.4367,471294647488.1567,471237379219.1554,470993662816.46704,470548454210.85815,469885475990.2098,468987106301.5201,467834257036.8899,466406240264.1892,464680621776.16095,462633060543.3015,460237132767.819,457464139151.9928,454282893918.5408,450659494059.90594,446557067256.3204,441935496901.3395,436751122724.80505,430956415629.07965,424499625585.3751,417324401813.4397,409369385044.8771,400567772521.2565,390846857602.23016,380127547588.9739,368323865783.6162,355342447147.0776,341082041510.8783,325433044581.84985,308277085545.3127,324321134935.699,304057390826.3074,281577039439.0619,256659734154.78143,229064414864.702,198528296280.72256,164766278072.8634,127471041474.21844,86314214882.32193,40949158585.30295,-8983842870.420547,-63848852813.30798,-124000407763.72809,-189762195362.2856,-261395001497.64767,-339049242776.0331,-422695409488.65106,-512022926952.19714,-606293990604.1674,-704133466918.7496,-803228591579.9486,-899902721395.1647,-988516230692.0382,-1060636963350.9746,-1103918839511.092,-1100645872144.318,-1025973922461.2919,-846098741611.1884,-516989931582.5141,15036406462.327728,809562728738.1694,1929390809975.9495,3480548754888.754,5906293117972.9,10675599690815.154,0.0
235.0,103851978265.31564,104413874948.23164,104979047835.15369,105547523038.2592,106119326935.4082,106694486173.42207,107273027671.40936,107854978624.14027,108440366505.46986,109029219071.81076,109621564365.65697,110217430719.15929,110816846757.75136,111419841403.83215,112026443880.49814,112636683715.33553,113250590744.26347,113868195115.43793,114489527293.2114,115114618062.15192,115743498531.1221,116376200137.4191,117012754650.97534,117653194178.62508,118297551168.43118,118945858414.08052,119598149059.3434,120254456602.60188,120914814901.44562,121579258177.33923,122247821020.359,122920538394.00272,123597445640.07433,124278578483.6407,124963973038.06888,125653665810.13692,126347693705.22668,127046094032.59567,127748904510.7328,128456163272.79507,129167908872.1314,129884180287.89272,130605016930.73,131330458648.58289,132060545732.55852,132795318922.90656,133534819415.08617,134279088865.93198,135028169399.91904,135782103615.52724,136540934591.70956,137304705894.4648,138073461583.5173,138847246219.10535,139626104868.88025,140410083114.92047,141199227060.8599,141993583339.13412,142793199118.3486,143598122110.768,144408400579.93323,145224083348.4035,146045219805.63324,146871859915.9792,147704054226.84656,148541853876.97342,149385310604.8575,150234476757.33118,151089405298.28168,151950149817.5279,152816764539.8492,153689304334.17743,154567824722.9496,155452381891.62817,156343032698.39386,157239834684.01166,158142846081.87836,159052125828.2516,159967733572.6698,160889729688.56424,161818175284.06873,162753132213.03394,163694663086.24976,164642831282.8812,165597700962.12592,166559337075.09555,167527805376.9312,168503172439.1562,169485505662.27512,170474873288.62497,171471344415.4864,172474989008.4628,173485877915.13373,174504082878.99402,175529676553.68546,176562732517.52866,177603325288.3684,178651530338.74084,179707424111.3714,180771084035.0161,181842588540.6605,182922017078.08173,184009450132.794,185104969243.3845,186208657019.2595,187320597158.8111,188440874468.02267,189569574879.5284,190706785472.1457,191852594490.8969,193007091367.5404,194170366741.6332,195342512482.1436,196523621709.63644,197713788819.0605,198913109503.15668,200121680776.5151,201339601000.3141,202566969907.7668,203803888630.3049,205050459724.543,206306787200.04565,207572976547.947,208849134770.4553,210135370411.28943,211431793587.09,212738516019.8517,214055651070.4338,215383313773.19577,216721620871.8193,218070690856.3772,219430644001.71368,220801602407.2061,222183690037.9797,223577032767.6562,224981758422.71564,226397996828.56665,227825879857.4116,229265541478.01392,230717117807.471,232180747165.1085,233656570128.619,235144729592.5724,236645370829.43915,238158641553.2741,239684691986.21805,241223674927.98547,242775745828.5218,244341062864.0179,245919787016.49185,247512082157.1527,249118115133.78665,250738055862.4129,252372077423.47632,254020356162.8669,255683071798.0709,257360407529.7828,259052550159.3254,260759690212.2581,262482022068.57275,264219744099.9069,271554874662.0353,273361508310.51093,275184536115.69653,277024176624.22253,278880653053.3005,280754193470.4646,293377366688.0348,295290151257.7901,297221881172.24664,299172824945.06854,301143256891.8171,303133457362.6373,293753540922.1996,295661046945.5249,297587573403.36127,299533410715.61475,301498857078.2977,303484218838.5337,293055534351.9794,295032191838.8369,297030028610.98395,299049419043.91486,301090749359.162,303154418225.8573,305240837400.4303,307350432407.0854,309483643261.86554,311640925243.33386,313822749713.1142,316029604989.75946,318261997279.67615,320520451669.10345,322805513181.4232,325117747904.3983,327457744192.27405,329826113948.01904,332223493991.39026,334650547518.9029,337107965662.237,339596469152.10315,342116810095.0849,344669773871.5457,347256181163.282,349876890120.23914,352532798676.306,355224847024.9549,357954020266.27026,360721351237.8158,363527923542.6855,366374874789.1137,369263400057.10187,372194755608.69495,375170262859.8071,378191312632.88654,381259369711.182,384375977717.0033,387542764338.1156,390761446928.31366,394033838510.2951,397361854211.2153,400747518163.763,404192970908.3054,407700477334.5685,411272435204.5923,414911384302.2229,418620016258.3298,422401185105.2578,426257918618.7792,430193430511.1519,434211133544.7224,438314653642.12726,442507845076.4493,446794806832.9357,451179900243.09576,455667768002.4529,460263354694.9846,464971928960.6413,469799107457.5392,474750880787.73926,479833641575.345,485054214908.3819,490419891382.0814,495938463011.32825,501618262314.9544,507468204914.9867,513497836040.9913,519717381384.5458,526137802812.88654,532770859525.9482,539629175329.21497,546726312798.7623,554076855237.6471,561696497468.2253,569602146677.7716,577812034740.5897,586345843685.9559,595224846276.274,604472064015.0658,614112445333.4025,624173067223.4197,634683364220.577,645675389409.4067,657184113075.6555,669247765794.3707,596475041077.7268,605706681998.493,615284610028.697,625231853547.3876,635574230523.6246,646341009045.0244,657565785101.4325,669287656206.4878,681552799073.1488,694416600720.7123,707946549633.0623,722226173213.7935,737360418428.3774,753483025809.9794,770766658125.4478,789436832796.5898,809791092720.3186,832225351422.7845,857269965906.649,885638771125.0315,918294863305.994,956536823580.904,1002107030550.7456,1057316623506.2216,1125162291764.246,1209361541926.0237,1314116796280.97,1443148338480.6372,1596932390073.4119,1765838680973.762,1914808317199.3262,1954216298468.229,1704272356100.1904,946166944834.6844,38383479160.651955,0.0
234.0,46205731057.6702,46617132729.96378,47031134161.54674,47447757681.29588,47867025871.75499,48288961572.85912,48713587885.72707,49140928176.52648,49571006080.41176,50003845505.53593,50439470637.14025,50877905941.72128,51319176171.2784,51763306367.64391,52210321866.89757,52660248303.86646,53113111616.7142,53568938051.621216,54027754167.555984,54489586841.144135,54954463271.63331,55422410985.95917,55893457843.91367,56367632043.41914,56844962125.910286,57325476981.82628,57809205856.21936,58296178354.47632,58786424448.16371,59279974480.99435,59776859174.92014,60277109636.35548,60780757362.53428,61287834248.00342,61798372591.2575,62312405101.51847,62829964905.663605,63351085555.3073,63875801034.03991,64404145764.82744,64936154617.57962,65471862916.88799,66011306449.93998,66554521474.61574,67101544727.7701,67652413433.70857,68207165312.85949,68765838590.65147,69328472006.60097,69895104823.61469,70465776837.51776,71040528386.80992,71619400362.65936,72202434219.1412,72789671983.729,73381156268.04489,73976930278.87956,74577037829.48941,75181523351.17894,75790431905.17899,76403809194.83115,77021701578.08574,77644156080.32596,78271220407.5303,78902942959.77979,79539372845.12799,80180559893.8411,80826554673.02376,81477408501.64307,82133173465.9639,82793902435.41219,83459649078.8775,84130467881.4768,84806414161.78766,85487544089.57507,86173914704.02728,86865583932.51761,87562610609.91336,88265054498.45317,88972976308.21219,89686437718.17694,90405501397.95612,91130231030.1463,91860691333.38474,92596948086.10916,93339068151.05585,94087119500.52542,94841171242.44292,95601293647.24944,96367558175.65344,97140037507.27954,97918805570.2507,98703937571.7402,99495510029.53702,100293600804.66383,101098289135.09068,101909655670.59557,102727782508.81444,103552753232.53432,104384652948.2836,105223568326.27444,106069587641.75572,106922800817.83978,107783299469.8662,108651176951.37318,109526528401.74554,110409450795.61716,111300042994.10709,112198405797.97005,113104642002.75546,114018856456.0583,114941156116.96996,115871650117.82262,116810449828.34224,117757668922.31853,118713423446.91592,119677831894.75256,120651015278.87674,121633097210.78693,122624203981.64072,123624464646.8112,124634011113.9567,125652978234.77753,126681503900.64798,127719729142.31364,128767798233.86797,129825858801.21812,130894061935.279,131972562310.1347,133061518306.42702,134161092140.2452,135271449997.80807,136392762176.24055,137525203230.77582,138668952128.7209,139824192410.55585,140991112358.5496,142169905173.3058,143360769158.67017,144563907915.461,145779530544.51785,147007851859.5825,148249092610.565,149503479717.78452,150771246517.8056,152052633021.5312,153347886185.25827,154657260195.4442,155981016767.97815,157319425462.8081,158672764014.8203,160041318681.9356,161425384611.44257,162825266225.6537,164241277628.05173,165673743031.15298,167122997207.41605,168589385964.59167,170073266647.02393,171575008664.49426,173094994050.3204,178784501281.94937,180365002237.8669,181965026651.3224,183585005662.6664,185225385807.82123,186886629765.86368,196996396897.49744,198696613416.1935,200419913381.80887,202166833445.1761,203937930053.2061,205733780453.5928,200042484334.4929,201833975768.2411,203652130207.96088,205497657108.6748,207371295259.3255,209273814362.2348,200537946349.91705,202468041994.4925,204430243180.37692,206425509701.77063,208454844085.5216,210519293975.39328,212619954668.32983,214757971813.3892,216934544284.8072,219150927241.56256,221408435386.7365,223708446441.00223,226052404845.69733,228441825712.1344,230878299035.122,233363494190.0828,235899164734.70667,238487153537.75452,241129398259.43756,243827937209.79,246584915613.5984,249402592312.79733,252283346939.78415,255229687597.88483,258244259088.24307,261329851725.66724,264489410789.61163,267726046660.36444,271043045694.79773,274443881900.7613,277932229474.26013,281511976269.2027,285187238275.6084,288962375188.8805,292842007160.0865,296831032825.25195,300934648720.4946,305158370199.51166,309508053980.5742,313989922461.84894,318610589956.7089,323377091014.8013,328296911010.1442,333378019194.6156,338628904433.97406,344058613864.2642,349676794729.24384,355493739684.6154,361520435882.5216,367768618180.3148,374250826851.2776,380980470212.0818,387971892622.7393,395240448359.87634,402802581913.9544,410675915315.77313,418879343157.93134,427433136043.1892,436359053264.4988,445680465601.3137,455422489204.1347,465612131634.6009,476278451232.1743,487452731090.77856,499168669049.89307,511462585234.1474,524373648813.0336,537944125796.5607,552219649831.7468,567249518115.4768,583087014686.9996,599789763501.33,617420113803.6307,636045560410.698,655739201540.4133,676580236787.6738,698654507690.5874,722055083015.4613,746882890347.796,773247394719.9834,801267323714.016,831071436585.3059,862799332240.012,896602287061.9103,932644108218.195,971101980622.7212,818058433360.7233,855092109459.6238,894958509596.9613,937919841844.5972,984263740482.4154,1034305186503.3563,1088388254319.066,1146887497626.1174,1210208695252.8218,1278788544865.3389,1353092700787.749,1433611276097.623,1520850531436.7068,1615318900215.8672,1717504675748.9214,1827841502295.423,1946656118881.081,2074090399884.967,2209986362936.341,2353718184641.289,2503949153962.825,2658284017673.244,2812779499132.429,2961271838466.883,3094490696717.206,3198979887347.604,3255996571303.397,3240933439558.3013,3124600831846.582,2878992970864.776,2490455815181.036,1972074778531.9624,1293504516360.5984,-193625131813.74747,-6166742378296.354,0.0
233.0,-13389782087.214684,-13140749347.374222,-12889894648.835266,-12637200608.226171,-12382649617.708183,-12126223841.12925,-11867905210.094316,-11607675419.948402,-11345515925.67038,-11081407937.676384,-10815332417.52771,-10547270073.543776,-10277201356.315445,-10005106454.115372,-9730965288.205208,-9454757508.034197,-9176462486.326769,-8896059314.057747,-8613526795.308083,-8328843442.00235,-8041987468.521027,-7752936786.186142,-7461668997.614738,-7168161390.937973,-6872390933.881432,-6574334267.701561,-6273967700.975243,-5971267203.238449,-5666208398.466942,-5358766558.39695,-5048916595.680641,-4736633056.869583,-4421890115.222893,-4104661563.333267,-3784920805.5668488,-3462640850.308892,-3137794302.011612,-2810353353.036576,-2480289775.2848663,-2147574911.609894,-1812179667.0040665,-1474074499.5531387,-1133229411.1508255,-789613937.9655914,-443197140.6514282,-93947594.2935257,258166621.9166641,613177935.2902374,971119290.541275,1332024160.986412,1695926560.0569153,2062861053.1325376,2432862769.7073746,2805967415.900284,3182211287.319954,3561631282.2997284,3944264915.5121374,4330150331.977127,4719326321.48008,5111832333.409355,5507708492.034645,5906995612.234497,6309735215.696045,6715969547.598869,7125741593.803329,7539095098.560822,7956074582.764015,8376725362.7612,8801093569.747322,9229226169.764236,9661170984.32238,10096976711.674278,10536692948.761889,10980370213.863213,11428059969.966087,11879814648.89534,12335687676.225624,12795733497.005753,13260007602.33052,13728566556.7912,14201468026.840391,14678770810.10579,15160534865.69262,15646821345.514,16137692626.690308,16633212345.060234,17133445429.851112,17638458139.553276,18148318099.04979,18663094338.054184,19182857330.908417,19707679037.80036,20237632947.4579,20772794121.38659,21313239239.71192,21859046648.69651,22410296410.00598,22967070351.79709,23529452121.70765,24097527241.83216,24671383165.770668,25251109337.83976,25836797254.54686,26428540528.42328,27026434954.32496,27630578578.31396,28241071769.2328,28858017293.098587,29481520390.44568,30111688856.7518,30748633126.0898,31392466358.15852,32043304528.847275,32701266524.503227,33366474240.074223,34039052681.31557,34719130071.25058,35406837961.09267,36102311345.84363,36805688784.79462,37517112527.17115,38236728643.17363,38964687160.67964,39701142207.89013,40446252162.21465,41200179805.71007,41963092487.40269,42735162292.84159,43516566221.254616,44307486370.69356,45108110131.58036,45918630389.093216,46739245734.845055,47570160688.350006,48411585928.78368,49263738537.58898,50126842252.49865,51001127733.587616,51886832842.00229,52784202932.04453,53693491157.34724,54614958791.900055,55548875566.74413,56495520023.20154,57455179883.55431,58428152440.1464,59414744963.94194,60415275133.633705,61430071486.47032,62459473892.03468,63503834050.28848,64563516015.28455,65638896746.02337,66730366686.04363,67838330373.41736,68963207082.9469,70105431502.46213,71265454445.24661,72443743600.75372,73640784325.91295,74857080479.47858,79055604018.93011,80322130922.30507,81609360322.02121,82917866269.3825,84248245541.44626,85601118758.84439,93492186057.74808,94881233061.3098,96295157519.77954,97734676343.76126,99200535748.14276,100693512755.10593,98125834911.5221,99677664105.33972,101260456480.74692,102875201157.51968,104522930641.18208,106204723140.1615,98928641644.75052,100662246614.90372,102434318887.55373,104246198428.26022,106099287368.33832,107995053444.27351,109935033652.1634,111920838132.02156,113954154297.91068,116036751231.0765,118170484354.56592,120357300409.22844,122599242752.5476,124898457003.39944,127257197057.66022,129677831501.5246,132162850451.5423,134714872852.68196,137336654268.23196,140031095198.09995,142801249965.0039,145650336211.31503,148581745052.787,151599051939.26053,154706028276.58386,157906653868.54272,161205130242.54724,164605894928.23236,168113636764.03134,171733312313.24063,175470163478.13525,179329736408.41504,183317901808.67783,187440876758.87387,191705248171.77863,196117998022.6179,200686530498.10275,205418701225.46524,210322848756.67807,215407828499.08173,220683049301.25684,226158512922.31772,231844856634.0599,237753399228.77945,243896190731.28537,250286066141.9034,256936703568.41687,263862687139.11987,271079575126.93652,278603973756.04297,286453617208.2385,294647454396.6645,303205743129.97656,312150152351.18304,321503873202.6282,331291739742.6201,341540360220.6204,352278259907.4171,363536036574.9266,375346529828.0919,387745005609.374,400769357325.38,414460325185.9917,428861735499.4566,444020761832.9546,459988210127.3492,476818830047.2119,494571655052.3384,513310373893.83466,533103736464.3805,554025997165.4481,576157399189.2097,599584703342.4995,624401765254.4854,650710164994.4124,678619893261.1877,708250098365.6682,739729898172.3295,773199260949.4967,808809958628.7141,846726595203.1265,887127711779.1215,930206967970.7068,976174396671.3496,1025257725457.836,1077703752578.9908,875784662589.0403,928827971620.3547,986136697955.7657,1048112219467.2229,1115196279060.6074,1187874650229.072,1266680854636.6978,1352199782301.6897,1445070983503.1553,1545991284192.8628,1655716208196.731,1775059448047.1475,1904889280710.117,2046120330038.655,2199698370226.2246,2366574851253.676,2547666374491.149,2743792259970.1665,2955580342567.2197,3183326793635.3613,3426789460039.862,3684884983670.621,3955246302759.7793,4233576624739.853,4512704790113.006,4781199961357.359,5021338811059.72,5206165536767.054,5295545160128.72,5232486883706.663,4948152741095.956,4416534354152.424,3938709380729.5527,5368956330209.441,16774552213661.229,0.0
232.0,-74144575231.81332,-74066071437.74754,-73986601844.84094,-73906155053.11731,-73824719485.42558,-73742283383.87047,-73658834806.15732,-73574361621.84445,-73488851508.50278,-73402291947.77925,-73314670221.36078,-73225973406.83743,-73136188373.45924,-73045301777.7863,-72953300059.22627,-72860169435.45894,-72765895897.74123,-72670465206.09103,-72573862884.34708,-72476074215.09727,-72377084234.47621,-72276877726.82376,-72175439219.20438,-72072752975.77855,-71968802992.02463,-71863572988.80766,-71757046406.28455,-71649206397.64845,-71540035822.70003,-71429517241.24493,-71317632906.31013,-71204364757.17224,-71089694412.1948,-70973603161.46481,-70856071959.22491,-70737081416.09296,-70616611791.06223,-70494642983.27585,-70371154523.56693,-70246125565.75728,-70119534877.7071,-69991360832.10585,-69861581396.99742,-69730174126.02924,-69597116148.4169,-69462384158.61383,-69325954405.6773,-69187802682.31834,-69047904313.62619,-68906234145.45656,-68762766532.46895,-68617475325.80593,-68470333860.39624,-68321314941.87241,-68170390833.08756,-68017533240.21839,-67862713298.43703,-67705901557.14048,-67547067964.71718,-67386181852.83742,-67223211920.24859,-67058126216.05809,-66890892122.48447,-66721476337.05732,-66549844854.24604,-66375962946.497246,-66199795144.65499,-66021305217.74564,-65840456152.10037,-65657210129.79185,-65471528506.35649,-65283371787.779495,-65092699606.71013,-64899470697.88056,-64703642872.696754,-64505172992.96679,-64304016943.73866,-64100129605.2068,-63893464823.65451,-63683975381.39246,-63471612965.6549,-63256328136.41032,-63038070293.044106,-62816787639.86949,-62592427150.41522,-62364934530.4452,-62134254179.65525,-61900329151.99423,-61663101114.5525,-61422510304.95966,-61178495487.22687,-60930993905.97358,-60679941238.96644,-60425271547.903046,-60166917227.36308,-59904808951.85353,-59638875620.86202,-59369044301.83575,-59095240170.99837,-58817386451.90539,-58535404351.64795,-58249212994.5974,-57958729353.58304,-57663868178.392296,-57364541921.47479,-57060660660.72442,-56752132019.2113,-56438861081.723465,-56120750307.98264,-55797699442.37086,-55469605420.02501,-55136362269.119415,-54797861009.17145,-54453989545.18264,-54104632557.42324,-53749671386.65967,-53388983914.60886,-53022444439.39899,-52649923545.7992,-52271287969.971375,-51886400458.48272,-51495119621.30679,-51097299778.524,-50692790800.41223,-50281437940.61822,-49863081662.06202,-49437557455.226166,-49004695648.45035,-48564321209.84176,-48116253540.38058,-47660306257.78516,-47196286970.670166,-46723997042.51494,-46243231344.9193,-45753777999.60997,-45255418108.61734,-44747925472.01846,-44231066292.60626,-43704598866.80176,-43168273261.10374,-42621830973.30759,-42065004577.69946,-41497517353.37843,-40919082894.81096,-40329404703.66375,-39728175760.92326,-39115078078.226654,-38489782227.28674,-37851946846.2152,-37201218121.47957,-36537229244.159645,-35859599839.07466,-35167935365.27984,-34461826486.33469,-33740848408.64314,-33004560186.067696,-32252503988.90064,-31484204335.17003,-30699167282.112103,-29896879575.5222,-29076807754.544456,-26227198038.45758,-25368534218.324493,-24490637532.29924,-23592896581.462715,-22674675094.77466,-21735310734.12476,-15798657357.719343,-14829970746.204704,-13837854733.177477,-12821545670.019651,-11780247905.864723,-10713132188.34031,-10898576673.581123,-9733291165.42366,-8537517881.665237,-7310197606.463753,-6050224798.237358,-4756445206.608742,-10829772620.534836,-9475952921.562777,-8083803913.446442,-6651908346.535194,-5178784087.556618,-3662880665.255806,-2102575609.4410555,-496170569.7803726,1158112800.2983017,2862137210.321785,4617854366.970444,6427309893.872803,8292648556.462677,10216119812.81012,12200083712.917068,14247017170.664309,16359520634.447945,18540325184.52896,20792300087.285805,23118460838.904503,25521977733.574272,28006184994.026497,30574590505.22918,33230886195.321136,35978959111.378815,38822903241.465965,41767032138.57745,44815892406.64468,47974278113.69981,51247246202.69724,54640132976.35075,58158571738.74809,61808511683.47865,65596238125.64163,69528394183.38693,73612004023.7633,77854497797.53545,82263738398.5149,86848050194.79108,91616249892.25748,96577679705.03894,101742243023.00612,107120442783.61694,112723422774.05312,118563012110.12936,124651773160.96034,131003053213.11754,137631040195.0979,144550822812.80646,151778455479.48187,159331028459.57233,167226743685.69238,175484996751.4595,184126465631.0459,193173206729.22665,202648758924.08636,212578256328.86743,222988550570.52945,233908343460.9702,245368331023.5976,257401359933.8009,270042597538.0296,283329716733.86206,297303097124.03394,312006044002.54626,327485026892.59235,343789939536.4023,360974383438.82166,379095977292.7808,398216694869.5607,418403234244.78345,439727421558.0346,462266652877.5254,486104378170.2751,511330631874.98926,538042615154.2525,566345335584.887,596352310856.3392,628186344021.4259,661980379027.5194,697878446711.1459,736036713247.8043,776624645324.3137,819826309195.9918,865841824514.4432,914888998650.1924,704246436791.1688,755536640247.6478,810876475693.2646,870640100520.0144,935241033739.4137,1005136893453.1263,1080834829973.512,1162897797601.2192,1251951852360.8716,1348694725580.3667,1453906012664.4775,1568459445542.2048,1693337905042.4287,1829652103918.3484,1978664273447.1704,2141818775615.365,2320782421822.2964,2517498518884.2495,2734260419888.5415,2973812765301.7837,3239491701025.875,3535418854705.178,3866766446385.8994,4240108668086.3706,4663856601101.7705,5148711798374.624,5707890611530.749,6356355432021.526,7106821479610.479,7955955529721.123,8840452065089.045,9496300060936.922,8989994791871.16,4142151262592.121,-14547094871776.045,0.0
231.0,-135217151622.09586,-135313211539.5851,-135409212083.8534,-135505148664.16756,-135601016576.99104,-135696811003.11888,-135792527004.73424,-135888159522.382,-135983703371.85835,-136079153241.01276,-136174503686.46011,-136269749130.20049,-136364883856.1432,-136459902006.53236,-136554797578.27032,-136649564419.13782,-136744196223.90454,-136838686530.32857,-136933028715.04248,-137027215989.31816,-137121241394.71176,-137215097798.58078,-137308777889.47176,-137402274172.37337,-137495578963.8304,-137588684386.9147,-137681582366.0493,-137774264621.6777,-137866722664.77737,-137958947791.21005,-138050931075.90396,-138142663366.86145,-138234135278.9896,-138325337187.7429,-138416259222.57635,-138506891260.20056,-138597222917.63168,-138687243545.03116,-138776942218.32648,-138866307731.6062,-138955328589.28296,-139043992998.0136,-139132288858.3715,-139220203756.25888,-139307724954.0551,-139394839381.48663,-139481533626.21362,-139567793924.1191,-139653606149.29437,-139738955803.7072,-139823828006.5432,-139908207483.20856,-139992078553.9812,-140075425122.30048,-140158230662.67938,-140240478208.22858,-140322150337.77664,-140403229162.5733,-140483696312.5592,-140563532922.18832,-140642719615.78552,-140721236492.42276,-140799063110.29706,-140876178470.59058,-140952561000.7953,-141028188537.48184,-141103038308.49152,-141177086914.53192,-141250310310.15082,-141322683784.0688,-141394181938.8434,-141464778669.8427,-141534447143.49774,-141603159774.81262,-141670888204.0987,-141737603272.90573,-141803274999.1192,-141867872551.19092,-141931364221.4712,-141993717398.60437,-142054898538.95612,-142114873137.0306,-142173605694.8398,-142231059690.18466,-142287197543.80255,-142341980585.33966,-142395369018.09885,-142447321882.51468,-142497797018.30746,-142546751025.25775,-142594139222.5535,-142639915606.64273,-142684032807.54105,-142726442043.52307,-142767093074.13525,-142805934151.46283,-142842911969.57394,-142877971612.07236,-142911056497.6733,-142942108323.72607,-142971067007.59384,-142997870625.8025,-143022455350.86444,-143044755385.6789,-143064702895.40503,-143082227936.7031,-143097258384.2274,-143109719854.2575,-143119535625.34003,-143126626555.81516,-143130910998.09213,-143132304709.5317,-143130720759.78656,-143126069434.44626,-143118258134.8235,-143107191273.70935,-143092770166.92258,-143074892920.46027,-143053454313.05933,-143028345673.959,-142999454755.6484,-142966665601.37616,-142929858407.17868,-142888909378.18213,-142843690578.91675,-142794069777.36182,-142739910282.44366,-142681070774.67224,-142617405129.60773,-142548762233.8146,-142474985792.96106,-142395914131.6829,-142311379984.83643,-142221210279.7242,-142125225908.86636,-142023241492.8706,-141915065132.92023,-141800498152.38712,-141679334827.04184,-141551362103.30774,-141416359303.9804,-141274097820.7956,-141124340793.20825,-140966842772.69336,-140801349371.8653,-140627596897.65088,-140445311967.72864,-140254211109.3972,-140054000339.98364,-139844374727.87125,-139625017933.1541,-139395601726.8932,-139155785487.87094,-138905215675.70105,-138643525279.06897,-138370333237.82028,-138085243837.53802,-137787846075.1803,-137477712994.25354,-137154400987.929,-136817449068.40698,-135175834210.94838,-134813234988.98212,-134435746580.32516,-134042837730.96848,-133633955792.07422,-133208525752.65814,-129021015805.70296,-128577238651.51514,-128114993391.73502,-127633617556.98262,-127132421330.33102,-126610686266.94162,-125193440403.72316,-124561157385.11955,-123904041559.38223,-123221190019.41498,-122511662164.66058,-121774477920.56506,-126899452663.35272,-126110882854.72278,-125291101706.25714,-124438934920.43,-123553157586.88144,-122632491724.12616,-121675603689.60149,-120681101450.37608,-119647531706.35783,-118573376857.3228,-117457051804.53143,-116296900577.11462,-115091192772.77457,-113838119801.6771,-112535790921.69124,-111182229052.356,-109775366354.13792,-108313039558.6554,-106792985034.60466,-105212833573.11024,-103570104875.14328,-101862201722.49129,-100086403812.51884,-98239861235.63448,-96319587572.9488,-94322452590.08565,-92245174501.46518,-90084311777.6211,-87836254466.24246,-85497214995.58482,-83063218426.75781,-80530092119.04123,-77893454769.90204,-75148704788.69542,-72291007960.15967,-69315284350.71956,-66216194407.28834,-62988124194.71039,-59625169714.12504,-56121120240.45058,-52469440612.72279,-48663252406.28995,-44695313910.73697,-40557998831.89189,-36243273630.34804,-31742673402.534264,-27047276203.465843,-22147675702.87728,-17033952058.385763,-11695640880.622965,-6121700155.842346,-300474981.2189484,5780340043.094955,12133740933.371643,18773457134.78546,25713997223.41255,32970697710.637085,40559775181.17906,48498382016.56932,56804665979.24466,65497833959.12508,74598220215.28386,84127359481.2284,94108065344.48009,104564514361.44292,115522336428.91563,127008712007.05574,139052476878.63043,151684235240.95242,164936482066.14783,178843735840.74283,193442683017.6651,208772335797.0729,224874205215.5934,241792491991.38568,259574298177.64813,278269863462.8608,297932830979.41907,318620548818.9331,340394415202.8018,363320277553.9988,387468898737.6149,412916507719.90063,439745457153.2888,468045017349.442,497912345317.2365,311765972078.7862,344311946229.21857,379129464406.2788,416400347804.05005,456324714987.8235,499123848793.92017,545043823429.2363,594360162727.7517,647383907906.2476,704469625081.9911,766026098404.1781,832530761585.5154,904549359125.6443,982762957376.6564,1068005331283.2954,1161315063397.9026,1264008599936.064,1377783306753.3157,1504863710066.9312,1648210315880.989,1811819873592.762,2001160752295.8174,2223811024830.2964,2490407316766.3,2816084971294.666,3222729185673.6924,3742644467591.899,4424891708749.514,5347084524405.592,6639423833626.381,8538887163101.826,11525352068947.924,16702801084836.543,26933589386962.895,47640551508541.48,0.0
230.0,-195734423646.9854,-196004670899.11697,-196275783066.19345,-196547762894.25308,-196820613094.87488,-197094336343.40924,-197368935277.151,-197644412493.44977,-197920770547.7592,-198198011951.6193,-198476139170.5734,-198755154622.0146,-199035060672.9612,-199315859637.75867,-199597553775.70428,-199880145288.5948,-200163636318.1909,-200448028943.5988,-200733325178.56583,-201019526968.68475,-201306636188.50787,-201594654638.56284,-201883584042.2736,-202173426042.77588,-202464182199.63,-202755853985.42383,-203048442782.26373,-203341949878.15027,-203636376463.23325,-203931723625.94263,-204227992348.9936,-204525183505.2572,-204823297853.49524,-205122336033.9554,-205422298563.818,-205723185832.494,-206024998096.76675,-206327735475.7724,-206631397945.8137,-206935985335.00247,-207241497317.7237,-207547933408.91547,-207855292958.1592,-208163575143.57245,-208472778965.49924,-208782903239.98984,-209093946592.06253,-209405907448.74115,-209718784031.85828,-210032574350.6204,-210347276193.9216,-210662887122.4005,-210979404460.2312,-211296825286.63696,-211615146427.12,-211934364444.3946,-212254475629.0156,-212575475989.6899,-212897361243.26016,-213220126804.3505,-213543767774.65976,-213868278931.893,-214193654718.31628,-214519889228.9213,-214846976199.1865,-215174908992.42352,-215503680586.6852,-215833283561.2315,-216163710082.528,-216494951889.7646,-216827000279.87524,-217159846092.0432,-217493479691.67035,-217827890953.7932,-218163069245.92465,-218499003410.30048,-218835681745.5093,-219173091987.4844,-219511221289.8312,-219850056203.4697,-220189582655.56427,-220529785927.714,-220870650633.38,-221212160694.5177,-221554299317.3849,-221897048967.49872,-222240391343.70505,-222584307351.33008,-222928777074.3809,-223273779746.7542,-223619293722.4241,-223965296444.5623,-224311764413.5565,-224658673153.88354,-225005997179.79187,-225353709959.75275,-225701783879.62952,-226050190204.5184,-226398899039.2094,-226747879287.2152,-227097098608.3131,-227446523374.5434,-227796118624.60504,-228145848016.5861,-228495673778.96744,-228845556659.83,-229195455874.19904,-229545329049.452,-229895132168.71616,-230244819512.17603,-230594343596.2135,-230943655110.2908,-231292702851.49585,-231641433656.65112,-231989792331.89752,-232337721579.6508,-232685161922.83057,-233032051626.25217,-233378326615.07367,-233723920390.18085,-234068763940.38983,-234412785651.3443,-234755911210.9744,-235098063511.38705,-235439162547.0426,-235779125309.07376,-236117865675.59747,-236455294297.85788,-236791318482.0389,-237125842066.57605,-237458765294.79105,-237789984682.66125,-238119392881.5413,-238446878535.6269,-238772326133.966,-239095615856.7962,-239416623415.9873,-239735219889.3617,-240051271548.6488,-240364639680.82788,-240675180402.60284,-240982744467.7368,-241287177066.97687,-241588317620.2757,-241885999561.01843,-242180050111.94305,-242470290052.4365,-242756533476.882,-243038587543.70844,-243316252214.7996,-243589319984.8912,-243857575600.58768,-244120795768.60696,-244378748852.855,-244631194559.9243,-244877883612.58725,-245118557410.852,-245352947680.13928,-245580776106.1161,-245801753955.7198,-246015581683.89752,-245458453387.80457,-245660895727.1588,-245855333326.3338,-246041417884.34705,-246218787818.0857,-246387067753.3348,-243788500981.4816,-243952850030.63013,-244106792529.5489,-244249895939.0205,-244381711030.31787,-244501771232.7071,-242150062917.61823,-242171000660.6472,-242177239098.3973,-242168218877.4878,-242143360381.33743,-242102063009.3686,-246507457369.3124,-246437163217.1901,-246348650125.907,-246241240338.54825,-246114232030.5897,-245966898502.3505,-245798487352.7364,-245608219634.9672,-245395288995.15955,-245158860794.844,-244898071218.727,-244612026369.2837,-244299801350.044,-243960439339.7917,-243592950660.2617,-243196311840.341,-242769464680.26517,-242311315319.83005,-241820733315.23523,-241296550729.8477,-240737561244.9365,-240142519297.24896,-239510139251.2625,-238839094614.9908,-238128017309.39795,-237375497002.8025,-236580080523.12183,-235740271362.4505,-234854529290.31903,-233921270094.0261,-232938865466.74548,-231905643066.66504,-230819886773.29892,-229679837170.31128,-228483692287.76743,-227229608640.73468,-225915702605.61545,-224540052180.58325,-223100699182.07263,-221595651935.4832,-220022888525.2128,-218380360676.9005,-216665998353.41492,-214877715155.80768,-213013414631.24734,-211070997602.021,-209048370643.13336,-206943455851.078,-204754202063.0962,-202478597704.9432,-200114685466.02597,-197660579023.99927,-195114482066.79785,-192474709888.86823,-189739713870.44128,-186908109184.27664,-183978706113.8805,-180950545411.04987,-177822938169.18384,-174595510742.4943,-171268255300.51556,-167841586672.5632,-164316406208.38513,-160694173459.65125,-156976986572.32623,-153167672372.64972,-149269887229.38614,-145288229882.0845,-141228367538.72226,-137097176665.48116,-132902900014.97414,-128655321564.73982,-124365961162.1029,-120048290789.87152,-115717974473.72318,-111393133937.99696,-107094642170.8478,-102846447067.66684,-98675927264.20387,-94614282123.48036,-90696957572.02847,-86964109051.7609,-83461102214.6057,-80239051077.07289,-77355392097.12152,-74874490947.44562,-221179720596.2625,-217004664287.9907,-213113908726.83182,-209596603756.31384,-206556437154.29108,-204113511277.08112,-202406358785.64328,-201594067651.83185,-201858465028.57422,-203406281570.0843,-206471180682.6759,-211315489284.60934,-218231406663.24997,-227541395675.47263,-239597377601.314,-254778263626.59357,-273485272530.36017,-296134422497.53406,-323145567472.4423,-354927395554.73425,-391857913281.2273,-434260015405.84265,-482371484134.2329,-536307417968.1103,-596009019487.243,-661162682112.5499,-731051612475.9397,-804257983237.6803,-878041162260.2725,-946992067796.7299,-999895784060.2411,-1011730719234.4287,-924222910399.2826,-628890415484.3347,-224326996073.50623,0.0
229.0,-254813144252.82675,-255252654004.5947,-255693935407.4337,-256136998699.6544,-256581854172.3209,-257028512168.8769,-257476983084.7406,-257927277366.8698,-258379405513.29745,-258833378072.63354,-259289205643.5332,-259746898874.132,-260206468461.44333,-260667925150.7209,-261131279734.7801,-261596543053.283,-262063725991.97803,-262532839481.901,-263003894498.5296,-263476902060.8928,-263951873230.63303,-264428819111.0197,-264907750845.91223,-265388679618.66943,-265871616651.00653,-266356573201.7947,-266843560565.80447,-267332590072.3866,-267823673084.09344,-268316820995.2345,-268812045230.3668,-269309357242.7166,-269808768512.52924,-270310290545.3474,-270813934870.2118,-271319713037.78595,-271827636618.39725,-272337717199.99683,-272849966386.0323,-273364395793.22995,-273881017049.2871,-274399841790.4669,-274920881659.0963,-275444148300.9604,-275969653362.59406,-276497408488.46326,-277027425318.0342,-277559715482.7282,-278094290602.7548,-278631162283.82294,-279170342113.7237,-279711841658.78174,-280255672460.17065,-280801846030.08704,-281350373847.7805,-281901267355.4347,-282454537953.89075,-283010196998.2153,-283568255793.1007,-284128725588.0967,-284691617572.667,-285256942871.0637,-285824712537.01685,-286394937548.2295,-286967628800.6759,-287542797102.694,-288120453168.86536,-288700607613.6798,-289283270944.97253,-289868453557.13226,-290456165724.0669,-291046417591.92694,-291639219171.57153,-292234580330.77466,-292832510786.1621,-293433020094.86835,-294036117645.9103,-294641812651.2635,-295250114136.6359,-295861030931.9297,-296474571661.3793,-297090744733.35944,-297709558329.85254,-298331020395.5633,-298955138626.6737,-299581920459.22644,-300211373057.1261,-300843503299.74725,-301478317769.14087,-302115822736.823,-302756024150.13995,-303398927618.19543,-304044538397.326,-304692861376.1198,-305343901059.9584,-305997661555.0746,-306654146552.1137,-307313359309.18353,-307975302634.3831,-308639978867.7957,-309307389862.93506,-309977536967.63293,-310650421004.3515,-311326042249.91296,-312004400414.6324,-312685494620.83966,-313369323380.7813,-314055884573.88855,-314745175423.40247,-315437192472.3414,-316131931558.80426,-316829387790.597,-317529555519.17456,-318232428312.88684,-318937998929.5246,-319646259288.1566,-320357200440.2501,-321070812540.07513,-321787084814.38324,-322506005531.3646,-323227561968.8809,-323951740381.9739,-324678525969.65924,-325407902841.00616,-326139853980.5185,-326874361212.8208,-327611405166.6747,-328350965238.33606,-329093019554.28235,-329837544933.33044,-330584516848.1856,-331333909386.4511,-332085695211.1476,-332839845520.78467,-333596330009.0524,-334355116824.18427,-335116172528.0722,-335879462055.21466,-336644948671.5853,-337412593933.531,-338182357646.8082,-338954197825.8899,-339728070653.6839,-340503930441.8184,-341281729591.67523,-342061418556.3572,-342842945803.8098,-343626257781.3296,-344411298881.72284,-345198011411.39734,-345986335560.7075,-346776209376.89453,-347567568740.0092,-348360347342.2281,-349154476671.02954,-349949885996.7274,-350746502364.91534,-351544250594.42737,-352343053281.4724,-353142830810.66754,-353943501373.7632,-354381533496.8247,-355186212234.86005,-355991472743.04944,-356797215129.078,-357603336851.86414,-358409732766.2477,-357282589731.65906,-358101994640.05896,-358921124624.7011,-359739857835.5265,-360558069562.6176,-361375632331.4025,-358517140609.3159,-359262517903.9173,-360006158554.51733,-360747950206.542,-361487781376.0347,-362225541902.87744,-366077684343.9704,-366816074847.6717,-367552707293.1051,-368287524433.1786,-369020475693.8813,-369751518119.78,-370480617410.9562,-371207749059.5786,-371932899595.0486,-372656067947.4572,-373377266939.9544,-374096524921.6141,-374813887553.39966,-375529419760.9935,-376243207869.5018,-376955361936.4108,-377666018300.672,-378375342367.4335,-379083531649.7255,-379790819090.3757,-380497476689.5906,-381203819465.98645,-381910209781.46,-382617062063.1089,-383324847958.54425,-384034101964.3486,-384745427571.1888,-385459503973.2102,-386177093393.88696,-386899049085.4601,-387626324064.5912,-388359980652.8645,-389101200897.41473,-389851297954.2359,-390611728524.77576,-391384106445.25385,-392170217537.9065,-392972035844.1023,-393791741371.1348,-394631739497.5794,-395494682196.53296,-396383491252.0026,-397301383661.3219,-398251899435.9219,-399238932034.3075,-400266761684.8748,-401340091882.53735,-402464089372.2737,-403644427964.9706,-404887336566.7246,-406199651842.3886,-407588875978.13947,-409063240056.663,-410631773612.739,-412304380997.2716,-414091925244.7991,-416006320214.0968,-418060631854.5635,-420269189543.74927,-422647708544.8169,-425213424748.3961,-427985242992.77673,-430983900401.604,-434232146341.4402,-437754940785.3204,-441579673075.9512,-445736403317.1516,-450258128889.11096,-455181078887.4814,-460545039635.0741,-466393714816.3064,-472775124249.08685,-479742045849.6658,-487352505979.9494,-495670324115.2098,-504765718660.7037,-514715981814.2201,-525606232664.63074,-537530259295.5372,-550591462608.7122,-564903917001.4336,-580593566067.4393,-597799575333.4558,-616675868947.5408,-637392883545.4731,-660139580701.3688,-771616209164.3843,-794604043146.6279,-820072120264.0514,-848322188697.6472,-879695603387.1786,-914579247517.7035,-953412556309.7849,-996695919682.4624,-1045000832182.5623,-1098982287086.229,-1159394093075.862,-1227108050435.2178,-1303138295037.4883,-1388672656049.465,-1485113658069.978,-1594132953690.523,-1717744688756.0715,-1858405878915.4243,-2019155790716.691,-2203812357268.6685,-2417253139640.737,-2665823581403.64,-2957940503528.129,-3305001991472.122,-3722792268860.6465,-4233716735650.2085,-4870498708826.82,-5682617302626.025,-6748314047556.0625,-8199059075038.888,-10275012436930.344,-13465705509501.777,-18901286778286.99,-29432879298517.184,-49470761889828.76,0.0
228.0,-311582431989.5165,-312181762656.1847,-312783717461.3,-313388313867.8976,-313995569481.1485,-314605502049.5295,-315218129466.0022,-315833469769.1956,-316451541144.5981,-317072361925.7541,-317695950595.46783,-318322325787.0139,-318951506285.3537,-319583511028.3588,-320218359108.0398,-320856069771.7837,-321496662423.5952,-322140156625.3456,-322786572098.0285,-323435928723.0209,-324088246543.3516,-324743545764.9747,-325401846758.0521,-326063170058.2395,-326727536367.98047,-327394966557.8071,-328065481667.64734,-328739102908.13794,-329415851661.9464,-330095749485.0962,-330778818108.3036,-331465079438.3174,-332154555559.2689,-332847268734.0274,-333543241405.5643,-334242496198.3251,-334945055919.6088,-335650943560.9563,-336360182299.5474,-337072795499.6052,-337788806713.8131,-338508239684.7383,-339231118346.267,-339957466825.04913,-340687309441.9567,-341420670713.55066,-342157575353.5617,-342898048274.38464,-343642114588.5851,-344389799610.42206,-345141128857.38446,-345896128051.7461,-346654823122.1357,-347417240205.1271,-348183405646.84863,-348953346004.6137,-349727088048.5735,-350504658763.39404,-351286085349.9589,-352071395227.0985,-352860616033.3502,-353653775628.74866,-354450902096.6498,-355252023745.59174,-356057169111.19336,-356866366958.09485,-357679646281.94244,-358497036311.4199,-359318566510.33264,-360144266579.7457,-360974166460.1792,-361808296333.8688,-362646686627.0928,-363489368012.5702,-364336371411.9392,-365187727998.3156,-366043469198.94366,-366903626697.94006,-367768232439.14166,-368637318629.06335,-369510917739.973,-370389062513.0931,-371271785961.93823,-372159121375.79663,-373051102323.3683,-373947762656.568,-374849136514.5092,-375755258327.6748,-376666162822.29816,-377581885024.9574,-378502460267.4072,-379427924191.6625,-380358312755.34686,-381293662237.3328,-382234009243.6871,-383179390713.94586,-384129843927.7416,-385085406511.8079,-386046116447.3855,-387012012078.0613,-387983132118.0664,-388959515661.06726,-389941202189.4863,-390928231584.3826,-391920644135.936,-392918480554.5764,-393921781982.8007,-394930590007.724,-395944946674.4199,-396964894500.0983,-397990476489.1832,-399021736149.3504,-400058717508.5888,-401101465133.3599,-402150024147.9266,-403204440254.9352,-404264759757.3318,-405331029581.7081,-406403297303.1752,-407481611171.8648,-408566020141.175,-409656573897.8756,-410753322894.2039,-411856318382.0837,-412965612449.6151,-414081258059.9901,-415203309092.9996,-416331820389.3088,-417466847797.6937,-418608448225.436,-419756679692.102,-420911601386.9253,-422073273730.055,-423241758437.92224,-424417118593.02014,-425599418718.3886,-426788724857.1407,-427985104657.3688,-429188627462.807,-430399364409.64734,-431617388529.9343,-432842774861.9924,-434075600568.3808,-435315945061.8881,-436563890140.13855,-437819520129.3992,-439082922038.2333,-440354185721.6942,-441633404056.78815,-442920673129.9992,-444216092437.7289,-445519765100.5505,-446831798092.259,-448152302484.75366,-449481393709.8822,-450819191839.4431,-452165821884.63153,-453521414116.32806,-454886104407.6955,-456260034600.69446,-457643352898.22577,-459031429078.4112,-460434820901.714,-461847904206.0536,-463270842373.4091,-464703806659.0067,-466146976731.0831,-466418192518.13257,-467892682451.0724,-469377655339.8696,-470873316350.1139,-472379881316.0841,-473897577492.7664,-470637513711.5614,-472114307931.99854,-473602945540.9077,-475103760148.2605,-476617105286.6809,-478143355797.1033,-481520758169.39856,-483076659692.4469,-484647641436.17664,-486234236823.5174,-487837012109.4566,-489456568631.1086,-491093545219.08685,-492748620782.2922,-494422517079.16986,-496116001689.5387,-497829891202.2029,-499565054634.7831,-501322417103.5152,-503102963762.1941,-504907744031.0007,-506737876137.61584,-508594551994.8704,-510479042441.15326,-512392702871.96094,-514336979293.3133,-516313414830.3109,-518323656726.87695,-520369463875.7411,-522452714921.0109,-524575416979.2342,-526739715028.7635,-528947902021.45966,-531202429775.39056,-533505920712.2366,-535861180508.57874,-538271211736.2701,-540739228573.6126,-543268672676.2243,-545863230304.2682,-548526850811.2757,-551263766609.0876,-554078514733.6678,-556975960147.6929,-559961320928.0427,-563040195499.7095,-566218592092.2849,-569502960611.2924,-572900227134.2306,-576417831260.5671,-580063766566.1436,-583846624435.8053,-587775641573.7139,-591860751519.0226,-596112640525.6567,-600542808199.156,-605163633321.2805,-609988445334.6821,-615031602005.9795,-620308573836.3942,-625836035845.4374,-631631967415.5697,-637715760955.0596,-644108340213.3855,-650832289169.4153,-657911992508.5343,-665373788812.2196,-673246137704.0328,-681559802331.5173,-690348048716.485,-699646863679.4672,-709495193241.1686,-719935203628.7766,-731012567273.0878,-742776776479.9529,-755281487804.3405,-768584900557.0697,-782750173345.2161,-797845883102.5161,-813946531725.0793,-831133106214.6938,-849493699177.7698,-869124197671.9229,-890129049784.3091,-912622120030.3252,-936727646760.3192,-962581317360.885,-990331480271.8684,-1020140516884.8248,-1052186401468.0538,-1086664483667.3104,-1123789536233.1494,-1219764512376.6738,-1259165123842.6333,-1301961732070.0596,-1348503136359.2988,-1399178470360.7556,-1454422772643.0059,-1514723572226.387,-1580628741070.943,-1652755942996.121,-1731804112135.1785,-1818567532703.125,-1913953277381.0608,-2019003009473.775,-2134920484264.0166,-2263106523315.067,-2405203813898.7437,-2563154642897.9834,-2739275654285.5063,-2936354964969.87,-3157778511827.1875,-3407694297647.966,-3691225035997.394,-4014740821321.2656,-4386201634455.465,-4815568161829.3545,-5315239079482.433,-5900344673355.977,-6588327120949.28,-7395979649452.375,-8328059910441.661,-9338148577316.098,-10196907991199.824,-10050531092547.48,-6032758966451.22,9187154202349.893,0.0
227.0,-365206737631.8046,-365952144018.79785,-366700936848.8567,-367453140099.5918,-368208777974.6624,-368967874906.47,-369730455558.8962,-370496544830.0836,-371266167855.26166,-372039350009.61743,-372816116911.2134,-373596494423.9543,-374380508660.60144,-375168185985.8391,-375959553019.3908,-376754636639.18976,-377553463984.604,-378356062459.7156,-379162459736.6591,-379972683759.0172,-380786762745.2776,-381604725192.3516,-382426599879.1568,-383252415870.2645,-384082202519.615,-384915989474.302,-385753806678.42896,-386595684377.0376,-387441653120.11285,-388291743766.6642,-389145987488.8898,-390004415776.4196,-390867060440.64685,-391733953619.1449,-392605127780.1752,-393480615727.2891,-394360450604.0256,-395244665898.7077,-396133295449.3431,-397026373448.6282,-397923934449.0658,-398826013368.19086,-399732645493.9182,-400643866490.0072,-401559712401.65466,-402480219661.21625,-403405425094.0607,-404335365924.5661,-405270079782.2565,-406209604708.09045,-407153979160.9028,-408103242024.00616,-409057432611.9608,-410016590677.5132,-410980756418.7183,-411949970486.2424,-412924273990.86285,-413903708511.1664,-414888316101.4548,-415878139299.8688,-416873221136.7346,-417873605143.14526,-418879335359.78674,-419890456346.01337,-420907013189.1895,-421929051514.3053,-422956617493.8757,-423989757858.1395,-425028519905.5656,-426072951513.68506,-427123101150.25714,-428179017884.78815,-429240751400.4147,-430308352006.1716,-431381870649.656,-432461358930.108,-433546869111.92737,-434638454138.64185,-435736167647.3524,-436840063983.6702,-437950198217.175,-439066626157.4115,-440189404370.4548,-441318590196.0665,-442454241765.4689,-443596418019.7692,-444745178729.0621,-445900584512.2419,-447062696857.5575,-448231578143.949,-449407291663.1978,-450589901642.93353,-451779473270.5365,-452976072717.9797,-454179767167.6577,-455390624839.2468,-456608715017.65015,-457834108082.0808,-459066875536.3377,-460307090040.3349,-461554825442.9456,-462810156816.2298,-464073160491.1109,-465343914094.57526,-466622496588.4779,-467908988310.0268,-469203471014.0397,-470506027917.0602,-471816743743.4293,-473135704773.416,-474462998893.5112,-475798715649.001,-477142946298.9351,-478495783873.6194,-479857323234.7645,-481227661138.4309,-482606896300.9216,-483995129467.7763,-485392463486.03577,-486799003379.95294,-488214856430.3332,-489640132257.7058,-491074942909.52905,-492519402951.6554,-493973629564.28455,-495437742642.6533,-496911864902.7273,-498396121992.1628,-499890642606.84094,-501395558613.278,-502911005177.2443,-504437120898.9397,-505974047955.0934,-507521932248.38025,-509080923564.5726,-510651175737.859,-512232846824.8054,-513826099287.4507,-515431100186.0574,-517048021382.0846,-518677039751.9651,-520318337412.3186,-521972101957.2708,-523638526708.57776,-525317810979.3188,-527010160351.94507,-528715786971.539,-530434909855.1873,-532167755218.4185,-533914556819.7325,-535675556324.3004,-537451003687.9857,-539241157562.9157,-541046285725.9043,-542866665531.11206,-544702584388.42487,-546554340269.113,-548422242240.4567,-550306611031.1047,-552207779629.0767,-554126093914.4236,-556464765992.7432,-558419169857.5818,-560391616000.6499,-562382494502.2678,-564392211304.3146,-566421189060.6497,-568059719109.2942,-570138361139.6504,-572237309563.4723,-574357048081.845,-576498081150.7654,-578660935131.338,-574764255425.0465,-576910700535.9889,-579080924399.8412,-581275608863.1301,-583495467940.0317,-585741249637.5352,-588632440526.7135,-590929313346.9541,-593255469668.9926,-595611869641.3557,-597999521111.928,-600419482373.5114,-602872865080.0057,-605360837344.4635,-607884627031.039,-610445525253.7157,-613044890095.566,-615684150563.2859,-618364810792.7732,-621088454522.6323,-623856749853.6854,-626671454313.8503,-629534420249.1292,-632447600562.926,-635413054827.511,-638432955793.1517,-641509596322.2764,-644645396778.0103,-647842912898.5447,-651104844191.095,-654434042881.6478,-657833523459.3593,-661306472857.2926,-664856261314.2517,-668486453965.7671,-672200823215.8186,-676003361944.7102,-679898297612.6008,-683890107322.6387,-687983533912.3708,-692183603147.2649,-696495642095.6548,-700925298770.4011,-705478563128.929,-710161789530.2145,-714981720754.7097,-719945513701.1929,-725060766883.1606,-730335549856.6511,-735778434721.4064,-741398529848.0641,-747205515995.7067,-753209684996.6222,-759421981198.6738,-765854045870.2493,-772518264788.5122,-779427819248.6844,-786596740750.4167,-794039969637.1913,-801773417986.0872,-809814037068.5015,-818179889727.5175,-826890228044.8606,-835965576699.9412,-845427822455.5905,-855300310240.0284,-865607946332.6588,-876377309202.8033,-887636768595.9159,-899416613511.4901,-911749189771.464,-924669047937.8684,-938213102404.5168,-952420802560.3552,-967334317002.5272,-982998731866.0656,-999462264435.302,-1016776493310.3872,-1034996606521.4622,-1054181669113.4373,-1074394911865.8333,-1095704042963.8456,-1118181584596.0884,-1141905236616.768,-1166958269566.9246,-1193429949487.453,-1221415997054.1638,-1251019083588.9392,-1282349366400.257,-1315525065604.7205,-1350673083965.1855,-1387929670182.975,-1490935810633.3064,-1531788137941.0425,-1575435464531.6611,-1622100260263.546,-1672022638075.9553,-1725461485292.8755,-1782695557109.9392,-1844024472912.5276,-1909769523850.7397,-1980274150797.3618,-2055903876110.8047,-2137045355956.448,-2224104039489.1133,-2317499641034.3135,-2417658194612.096,-2524998775937.4443,-2639911899369.5967,-2762724888971.9077,-2893646794467.38,-3032681028034.743,-3179486753116.777,-3333158335370.092,-3491872801842.412,-3652323222048.3784,-3808803570072.066,-3951728672633.837,-4065260072102.001,-4123617567181.778,-4085878422157.863,-3890847510509.5874,-3461833069343.4463,-2764493349469.4883,-2084779257762.6587,-3067748448740.712,-11498314798020.79,0.0
226.0,-414908408849.8832,-415782238954.2548,-416660094669.2093,-417542005352.1321,-418428000657.1879,-419318110539.33386,-420212365258.40784,-421110795383.2903,-422013431796.14594,-422920305696.7428,-423831448606.8546,-424746892374.74585,-425666669179.7428,-426590811536.8933,-427519352301.7153,-428452324675.0421,-429389762207.9572,-430331698806.8327,-431278168738.4656,-432229206635.31714,-433184847500.8601,-434145126715.0338,-435110080039.81287,-436079743624.8903,-437054154013.4798,-438033348148.2408,-439017363377.3286,-440006237460.5738,-441000008575.7968,-441998715325.2554,-443002396742.2396,-444011092297.80566,-445024841907.6653,-446043685939.2254,-447067665218.7901,-448096821038.9245,-449131195165.9894,-450170829847.84827,-451215767821.75903,-452266052322.4439,-453321727090.3593,-454382836380.1574,-455449424969.35535,-456521538167.2124,-457599221823.82886,-458682522339.4667,-459771486674.10406,-460866162357.22986,-461966597497.8869,-463072840794.9713,-464184941547.7984,-465302949666.9428,-466426915685.36206,-467556890769.8165,-468692926732.59,-469835076043.53033,-470983391842.41113,-472137927951.6357,-473298738889.28864,-474465879882.5509,-475639406881.4895,-476819376573.24,-478005846396.5888,-479198874556.977,-480398520041.93787,-481604842636.9854,-482817902941.9693,-484037762387.91547,-485264483254.3717,-486498128687.2757,-487738762717.3639,-488986450279.14825,-490241257230.475,-491503250372.6955,-492772497471.4688,-494049067278.22,-495333029552.2859,-496624455083.7697,-497923415717.1346,-499229984375.5697,-500544235086.1521,-501866243005.8481,-503196084448.3748,-504533836911.9712,-505879579108.1043,-507233390991.1565,-508595353789.1341,-509965550035.4356,-511344063601.7306,-512730979731.98987,-514126385077.72125,-515530367734.4581,-516943017279.5573,-518364424811.3601,-519794682989.78,-521233886078.37103,-522682129987.95,-524139512321.8356,-525606132422.775,-527082091421.6367,-528567492287.9417,-530062439882.32336,-531567041010.9908,-533081404482.2975,-534605641165.5017,-536139864051.8204,-537684188317.8831,-539238731391.6907,-540803613021.19696,-542378955345.6329,-543964882969.69855,-545561523040.7584,-547169005329.1738,-548787462311.92896,-550417029259.6901,-552057844327.474,-553710048649.0858,-555373786435.5085,-557049205077.4294,-558736455252.1051,-560435691034.766,-562147070014.7827,-563870753416.8214,-565606906227.2305,-567355697325.9106,-569117299623.9333,-570891890207.1927,-572679650486.3824,-574480766353.6056,-576295428345.952,-578123831816.3782,-579966177112.2568,-581822669761.9791,-583693520670.0012,-585578946320.7709,-587479168991.9683,-589394416977.5352,-591324924820.9849,-593270933559.513,-595232690979.4573,-597210451883.6838,-599204478371.5085,-601215040131.7947,-603242414749.9039,-605286888029.2128,-607348754327.9458,-609428316912.1183,-611525888325.4247,-613641790776.9524,-615776356547.6517,-617929928416.5425,-620102860107.6897,-622295516759.0419,-624508275414.2797,-626741525538.8944,-628995669561.7723,-631271123443.6403,-633568317273.8021,-635887695896.6683,-638229719569.6675,-640594864654.2289,-643923488172.47,-646339795753.8169,-648780603998.5729,-651246452758.7161,-653737901613.6112,-656255530784.0045,-659264226711.5605,-661848521216.2251,-664460645920.2224,-667101264573.9623,-669771066328.2998,-672470766946.198,-667410814813.7366,-670103402109.5951,-672828241435.687,-675586200533.0442,-678378182383.2848,-681205126907.7125,-683527657501.6426,-686415222840.8984,-689341400404.3356,-692307333844.834,-695314215358.4592,-698363288055.2288,-701455848452.5884,-704593249098.0374,-707776901327.6411,-711008278167.5226,-714288917385.7487,-717620424702.3973,-721004477165.9657,-724442826704.6414,-727937303861.3782,-731489821722.0962,-735102380046.7529,-738777069613.4547,-742516076786.1886,-746321688317.207,-750196296395.5187,-754142403953.3705,-758162630243.0465,-762259716696.7178,-766436533082.4883,-770696083970.1752,-775041515520.7166,-779476122613.4347,-784003356325.6715,-788626831779.5312,-793350336370.6624,-798177838394.0624,-803113496081.9193,-808161667068.34,-813326918295.5967,-818614036376.0664,-824028038423.4327,-829574183365.9003,-835257983753.0317,-841085218066.4386,-847061943542.7816,-853194509515.3323,-859489571277.7258,-865954104470.253,-872595419985.2269,-879421179383.2979,-886439410807.1399,-893658525372.4414,-901087334008.5236,-908735064711.9508,-916611380166.0367,-924726395666.8918,-933090697282.4172,-941715360153.9744,-950611966831.142,-959792625507.4434,-969269987998.7428,-979057267275.5712,-989168254325.2205,-999617334078.187,-1010419500085.5116,-1021590367577.4252,-1033146184468.132,-1045103839794.6704,-1057480868987.4786,-1070295455263.8528,-1083566426309.6376,-1097313245265.1494,-1111555994853.305,-1126315353274.89,-1141612560239.5437,-1157469371191.159,-1173907997409.6665,-1190951029210.7468,-1208621338899.023,-1226941959430.6768,-1245935933871.6333,-1265626129650.187,-1286035010236.3118,-1307184355153.3826,-1329094917035.839,-1351786001650.166,-1375274953214.3,-1399576522743.2031,-1424702091200.641,-1450658711534.183,-1575727597362.0588,-1605448736886.4534,-1636359384863.2024,-1668474000002.6372,-1701796245025.565,-1736315664196.7375,-1772003467060.7412,-1808807157062.163,-1846643658466.7615,-1885390479717.7397,-1924874295183.1624,-1964856115448.0112,-2005011929085.1123,-2044907309903.0725,-2083963958656.1816,-2121415443397.572,-2156248464869.9705,-2187124742985.48,-2212277042430.7837,-2229370907313.4956,-2235321432786.565,-2226052186714.0234,-2196182083531.752,-2138627675672.1812,-2044117453777.7983,-1900640281436.2688,-1692907427165.3103,-1402013197176.1602,-1005598599071.9393,-478593011561.7288,207944652414.8698,1106241326284.9712,2406308945562.057,4919013949609.185,10806524217227.494,0.0
225.0,-459988920169.82935,-460970186628.1915,-461955966963.3497,-462946294410.5015,-463941202552.3098,-464940725323.8671,-465944897017.758,-466953752289.2175,-467967326161.3919,-468985654030.7003,-470008771672.3052,-471036715245.68726,-472069521300.33575,-473107226781.5506,-474149869036.3602,-475197485819.56506,-476250115299.8976,-477307796066.3148,-478370567134.4177,-479438467953.00543,-480511538410.7673,-481589818843.1144,-482673350039.1577,-483762173248.8342,-484856330190.1869,-485955863056.8015,-487060814525.4049,-488171227763.6312,-489287146437.9574,-490408614721.8162,-491535677303.8897,-492668379396.5883,-493806766744.7244,-494950885634.3799,-496100782901.9784,-497256505943.5687,-498418102724.3198,-499585621788.2411,-500759112268.1301,-501938623895.7542,-503124207012.2789,-504315912578.9416,-505513792187.9867,-506717898073.8648,-507928283124.70605,-509145000894.0781,-510368105613.03125,-511597652202.4503,-512833696285.7107,-514076294201.6597,-515325503017.9245,-516581380544.564,-517843985348.0725,-519113376765.7447,-520389614920.4189,-521672760735.6088,-522962875951.0327,-524260023138.5603,-525564265718.58575,-526875667976.84393,-528194295081.6836,-529520213101.8136,-530853489024.5384,-532194190774.4987,-533542387232.9354,-534898148257.49664,-536261544702.601,-537632648440.3844,-539011532382.24414,-540398270501.00586,-541792937853.7322,-543195610605.19775,-544606366052.0544,-546025282647.7108,-547452440027.9502,-548887919037.3184,-550331801756.3041,-551784171529.3429,-553245112993.678,-554714712109.1018,-556193056188.621,-557680233930.067,-559176335448.7013,-560681452310.8397,-562195677568.5421,-563719105795.404,-565251833123.4946,-566793957281.4799,-568345577633.9819,-569906795222.2184,-571477712805.9695,-573058434906.9291,-574649067853.4879,-576249719827.007,-577860500909.6414,-579481523133.7682,-581112900533.0912,-582754749195.4783,-584407187317.6072,-586070335261.4889,-587744315612.9408,-589429253242.0918,-591125275365.9971,-592832511613.4471,-594551094092.0632,-596281157457.7654,-598022838986.7158,-599776278649.8287,-601541619189.9623,-603319006201.8927,-605108588215.1885,-606910516780.1034,-608724946556.6112,-610552035406.7109,-612391944490.1399,-614244838363.634,-616110885083.8815,-617990256314.325,-619883127435.9727,-621789677662.3826,-623710090158.9995,-625644552167.0201,-627593255131.9827,-629556394837.2772,-631534171542.7812,-633526790128.8398,-635534460245.814,-637557396469.4355,-639595818462.209,-641649951141.12,-643720024851.919,-645806275550.2551,-647908944989.9563,-650028280918.7513,-652164537281.7622,-654317974433.085,-656488859355.8116,-658677465890.8484,-660884074974.906,-663108974888.0529,-665352461511.2363,-667614838594.195,-669896418034.2085,-672197520166.1376,-674518474064.2415,-676859617856.2589,-679221299050.2893,-681603874874.9946,-684007712633.6986,-686433190072.958,-688880695766.2153,-691350629513.1664,-693843402755.4902,-696359439009.6287,-698899174317.3119,-701463057714.5688,-704051551719.9718,-706665132842.9059,-709304292112.6674,-711969535629.2338,-714661385136.5731,-719044670265.1913,-721800892610.1564,-724585404719.9473,-727398798410.4851,-730241684556.8843,-733114693837.1771,-737517573767.6954,-740471673653.3065,-743457912127.5677,-746477009660.931,-749529710895.1566,-752616785605.9308,-745678156482.8318,-748748330399.9481,-751854746189.3204,-754998275950.4545,-758179821373.0995,-761400314857.3888,-763031672114.1655,-766309573776.5249,-769629513753.3007,-772992567573.6292,-776399847829.3821,-779852505532.2592,-783351731512.1278,-786898757856.5493,-790494859391.1962,-794141355200.6375,-797839610188.6843,-801591036677.1719,-805397096041.6836,-809259300382.3298,-813179214227.1973,-817158456265.5706,-821198701107.4192,-825301681064.952,-829469187951.284,-833703074890.3743,-838005258131.431,-842377718859.8494,-846822504995.5399,-851341732968.0753,-855937589456.5382,-860612333080.1807,-865368296024.0393,-870207885581.4252,-875133585592.739,-880147957757.2678,-885253642791.5228,-890453361404.168,-895749915053.7198,-901146186450.7972,-906645139761.8456,-912249820465.776,-917963354808.8534,-923788948796.341,-929729886651.741,-935789528665.9556,-941971308349.0852,-948278728786.9292,-954715358092.2642,-961284823827.5884,-967990806261.0676,-974837030300.6254,-981827255932.3792,-988965266968.598,-996254857886.8108,-1003699818515.3436,-1011303916290.9232,-1019070875780.86,-1027004355125.026,-1035107919011.0009,-1043385007748.7242,-1051838901958.0284,-1060472682322.8036,-1069289183798.3306,-1078290943582.368,-1087480142074.8412,-1096858535953.7932,-1106427382385.1426,-1116187353258.6848,-1126138438200.3684,-1136279834948.4802,-1146609825495.7417,-1157125636186.5776,-1167823279714.441,-1178697376682.4822,-1189740954065.579,-1200945217534.6648,-1212299294165.9854,-1223789941546.7185,-1235401218690.0967,-1247114113470.9978,-1258906120465.829,-1270750762103.5369,-1282617044876.9397,-1294468840988.3933,-1306264184166.3418,-1317954466435.5996,-1329483520290.1277,-1340786567926.077,-1351789015855.567,-1362405069234.7654,-1372536135486.819,-1521687466989.6162,-1534678988620.4329,-1547149940630.4634,-1558946920702.434,-1569890266518.9285,-1579769759444.7297,-1588339578446.301,-1595312361021.1255,-1600352200764.9744,-1603066381274.1206,-1602995615366.2195,-1599602531458.388,-1592258133881.094,-1580225976709.1855,-1562643859644.7998,-1538503029280.9912,-1506625235865.169,-1465638702607.0454,-1413955364925.9556,-1349754061854.1262,-1270978440319.4656,-1175365386100.7886,-1060531825615.0414,-924167901456.1807,-764417336905.8174,-580576355134.7483,-374311602563.8845,-151663985631.73956,73926757571.4035,277773840784.6578,421027103990.31464,454214910667.86,338473323504.16266,103350558422.75906,-47147975620.59135,0.0
224.0,-499847826454.7301,-500912931955.914,-501982868127.5986,-503057670308.0568,-504137374208.5139,-505222015918.58,-506311631911.7887,-507406259051.2408,-508505934595.3628,-509610696203.77295,-510720581943.2694,-511835630293.9328,-512955880155.3514,-514081370852.97394,-515212142144.58575,-516348234226.9215,-517489687742.40826,-518636543786.0491,-519788843912.4482,-520946630142.9807,-522109944973.11176,-523278831379.8685,-524453332829.4711,-525633493285.1212,-526819357214.9602,-528010969600.1936,-529208375943.3932,-530411622276.97546,-531620755171.8662,-532835821746.3523,-534056869675.12976,-535283947198.5487,-536517103132.06537,-537756386875.9038,-539001848424.9339,-540253538378.7714,-541511507952.1089,-542775808985.27686,-544046493955.0546,-545323615985.7199,-546607228860.36285,-547897387032.4569,-549194145637.70447,-550497560506.1564,-551807688174.6227,-553124585899.3748,-554448311669.1505,-555778924218.4739,-557116483041.2948,-558461048404.9585,-559812681364.5172,-561171443777.3921,-562537398318.397,-563910608495.1313,-565291138663.7615,-566679054045.1925,-568074420741.648,-569477305753.6709,-570887776997.5541,-572305903323.2167,-573731754532.5422,-575165401398.1844,-576606915682.8676,-578056370159.1844,-579513838629.9164,-580979395948.887,-582453118042.368,-583935081931.0552,-585425365752.63,-586924048784.9296,-588431211469.7396,-589946935437.2334,-591471303531.0785,-593004399834.228,-594546309695.4232,-596097119756.4282,-597656917980.0206,-599225793678.7634,-600803837544.5831,-602391141679.1804,-603987799625.3005,-605593906398.8911,-607209558522.1812,-608834854057.7015,-610469892643.2902,-612114775528.106,-613769605609.6884,-615434487472.0974,-617109527425.1678,-618794833544.9196,-620490515715.1567,-622196685670.3015,-623913457039.498,-625640945392.0347,-627379268284.1261,-629128545307.0994,-630888898137.0374,-632660450585.921,-634443328654.3275,-636237660585.7341,-638043576922.4801,-639861210563.4495,-641690696823.5237,-643532173494.8735,-645385780910.1444,-647251662007.605,-649129962398.3237,-651020830435.4398,-652924417285.6033,-654840877002.653,-656770366603.614,-658713046147.0859,-660669078814.1061,-662638630991.573,-664621872358.309,-666618975973.8575,-668630118370.1013,-670655479645.7993,-672695243564.1321,-674749597653.3654,-676818733310.7235,-678902845909.5848,-681002134910.1051,-683116803973.3774,-685247061079.2501,-687393118647.9052,-689555193665.3353,-691733507812.8262,-693928287600.5775,-696139764505.5895,-698368175113.9442,-700613761267.6155,-702876770215.9445,-705157454771.917,-707456073473.3828,-709772890749.3607,-712108177091.5709,-714462209231.3394,-716835270322.0237,-719227650127.1018,-721639645214.0742,-724071559154.3259,-726523702729.09,-728996394141.6637,-731489959236.0121,-734004731721.904,-736541053406.7112,-739099274434.006,-741679753529.0752,-744282858251.4768,-746908965254.7367,-749558460553.2955,-752231739796.786,-754929208551.713,-757651282590.5983,-760398388188.626,-763170962427.8085,-765969453508.6655,-768794321069.3888,-771646036512.4246,-774525083338.3832,-780035741023.1975,-782989734481.7484,-785972836469.2738,-788985594428.2612,-792028570407.8689,-795102341480.7179,-800929210728.979,-804095014206.0287,-807293723651.1406,-810525996464.9701,-813792508186.6381,-817093953007.6199,-807506642274.0176,-810763429862.5159,-814055871381.8689,-817384687449.2596,-820750616690.9902,-824154416070.5648,-824962949063.8412,-828410592566.698,-831898066999.5682,-835426184201.6251,-838995774353.6298,-842607686094.4862,-846262786597.0471,-849961961597.5981,-853706115372.8672,-857496170657.7671,-861333068496.3734,-865217768017.8723,-869151246128.3623,-873134497108.4731,-877168532105.7366,-881254378509.5304,-885393079195.1858,-889585691622.5049,-893833286772.4471,-898136947904.1283,-902497769112.487,-906916853665.0168,-911395312093.8164,-915934260016.85,-920534815659.7134,-925198097046.3704,-929925218824.1873,-934717288685.1692,-939575403341.5344,-944500644009.6134,-949494071351.5316,-954556719819.1104,-959689591338.9496,-964893648271.6052,-970169805571.1472,-975518922064.076,-980941790758.5555,-986439128086.0988,-992011561968.1152,-997659618589.068,-1003383707746.2008,-1009184106632.876,-1015060941898.2904,-1021014169810.66,-1027043554333.6528,-1033148642906.8052,-1039328739699.6824,-1045582876086.3464,-1051909778061.2336,-1058307830289.3398,-1064775036452.588,-1071308975519.9482,-1077906753531.084,-1084564950441.4584,-1091279561530.7692,-1098045932825.5428,-1104858689930.432,-1111711659600.5251,-1118597783318.1765,-1125509022061.835,-1132436251370.3616,-1139369145713.4446,-1146296051076.2073,-1153203844552.8767,-1160077779619.5315,-1166901315618.357,-1173655929834.5288,-1180320910380.7705,-1186873127922.8508,-1193286784081.2332,-1199533134129.15,-1205580181376.0796,-1211392340378.636,-1216930065860.8044,-1222149443956.2163,-1227001742113.5757,-1231432913742.8982,-1235383053440.6504,-1238785798439.3604,-1241567671815.359,-1243647363004.755,-1244934941390.2078,-1245330999224.5913,-1244725721084.609,-1242997878581.993,-1240013751456.2874,-1403609886869.9055,-1402011929377.111,-1398845870428.5894,-1393903508288.5889,-1386953249502.219,-1377737999150.5566,-1365973045795.0847,-1351344034105.514,-1333505166303.0015,-1312077842298.747,-1286650046089.0342,-1256776924048.2307,-1221983194850.7163,-1181768301731.4844,-1135615592867.444,-1083007328798.3077,-1023448006376.8978,-956499395762.8055,-881831833798.4944,-799297676446.199,-709034233980.1526,-611604580300.175,-508184418537.5494,-400799925087.8861,-292612385406.494,-188228002374.0579,-93991542039.29575,-18248989249.356155,28148911541.940956,29489729468.22759,-45718017524.19183,-288500833943.8954,-1008095109322.4324,-3271343279270.9717,-9865070076798.266,0.0
223.0,-533998556264.1428,-535122141038.0695,-536250690020.1038,-537384238728.0885,-538522823050.3421,-539666479251.0151,-540815243975.548,-541969154256.23486,-543128247517.8912,-544292561583.6312,-545462134680.75616,-546637005446.7567,-547817212935.4317,-549002796623.127,-550193796415.0938,-551390252651.9756,-552592206116.4199,-553799698039.8237,-555012770109.2115,-556231464474.2506,-557455823754.4086,-558685891046.2524,-559921709930.9008,-561163324481.619,-562410779271.5784,-563664119381.7671,-564923390409.0679,-566188638474.5012,-567459910231.64,-568737252875.197,-570020714149.7964,-571310342358.9246,-572606186374.074,-573908295644.0753,-575216720204.6334,-576531510688.0619,-577852718333.2297,-579180394995.719,-580514593158.2036,-581855365941.0508,-583202767113.1567,-584556851103.0144,-585917673010.0271,-587285288616.0691,-588659754397.303,-590041127536.2573,-591429465934.1752,-592824828223.6353,-594227273781.4597,-595636862741.9086,-597053656010.1742,-598477715276.1825,-599909103028.7041,-601347882569.7915,-602794118029.5446,-604247874381.2161,-605709217456.6646,-607178213962.1663,-608654931494.5918,-610139438557.9614,-611631804580.3864,-613132099931.4062,-614640395939.7347,-616156764911.4241,-617681280148.4589,-619214015967.7894,-620755047720.82,-622304451813.3605,-623862305726.0562,-625428688035.3066,-627003678434.6886,-628587357756.894,-630179807996.2001,-631781112331.4824,-633391355149.7871,-635010622070.4768,-636638999969.9661,-638276577007.0608,-639923442648.9175,-641579687697.6426,-643245404317.5402,-644920686063.0359,-646605627907.286,-648300326271.4958,-650004879054.9589,-651719385665.844,-653443947052.7432,-655178665737.0027,-656923645845.8553,-658678993146.3795,-660444815080.2965,-662221220799.6382,-664008321203.2997,-665806228974.4982,-667615058619.1683,-669434926505.3052,-671265950903.2906,-673108252027.2137,-674961952077.2212,-676827175282.9108,-678704047947.7996,-680592698494.89,-682493257513.3536,-684405857806.3636,-686330634440.0985,-688267724793.9387,-690217268611.8877,-692179408055.2363,-694154287756.498,-696142054874.6366,-698142859151.6179,-700156852970.2996,-702184191413.6877,-704225032325.5835,-706279536372.639,-708347867107.8453,-710430191035.4714,-712526677677.475,-714637499641.3988,-716762832689.7727,-718902855811.0342,-721057751291.9751,-723227704791.7339,-725412905417.3279,-727613545800.7446,-729829822177.5789,-732061934467.2238,-734310086354.6045,-736574485373.4437,-738855342991.045,-741152874694.5745,-743467300078.8058,-745798842935.3066,-748147731343.0138,-750514197760.1589,-752898479117.4802,-755300816912.6515,-757721457305.8619,-760160651216.4415,-762618654420.4457,-765095727649.0723,-767592136687.7861,-770108152476.0037,-772644051207.1697,-775200114429.0469,-777776629144.0056,-780373887909.0911,-782992188935.6094,-785631836187.9534,-788293139481.3527,-790976414578.2057,-793681983282.6129,-796410173532.6934,-799161319490.2184,-801935761627.063,-804733846807.9128,-807555928368.6187,-810402366189.529,-813273526763.0695,-816169783254.7605,-819091515556.81,-825791933940.1644,-828796069936.2449,-831827347930.0132,-834886195598.0225,-837973048560.1147,-841088350423.0287,-848358928750.4858,-851573273129.6138,-854818019106.8081,-858093669069.4728,-861400734809.5386,-864739737540.2799,-851817100612.6204,-855071004490.3403,-858356129653.8472,-861672947232.7615,-865021932846.1824,-868403566196.5408,-868269381678.1456,-871675330684.9209,-875114583980.6406,-878587590129.1031,-882094796500.2634,-885636648346.3314,-889213587783.2826,-892826052669.6686,-896474475373.9703,-900159281420.9941,-903880888007.063,-907639702372.882,-911436120022.0814,-915270522772.4283,-919143276625.661,-923054729440.7266,-927005208393.9806,-930995017208.5554,-935024433133.6436,-939093703652.8828,-943203042899.3246,-947352627752.6344,-951542593592.1744,-955773029677.4912,-960043974125.3872,-964355408450.258,-968707251631.6628,-973099353670.1516,-977531488589.2136,-982003346837.7708,-986514527043.9586,-991064527066.8962,-995652734288.8688,-1000278415085.638,-1004940703407.568,-1009638588398.8008,-1014370900975.838,-1019136299280.5292,-1023933252915.623,-1028760025863.6407,-1033614657981.869,-1038494944957.6724,-1043398416599.0768,-1048322313325.5984,-1053263560713.5796,-1058218741938.7448,-1063184067946.3068,-1068155345165.618,-1073127940572.1284,-1078096743884.074,-1083056126665.0116,-1087999898085.8142,-1092921257081.1688,-1097812740615.8212,-1102666167754.8691,-1107472579210.269,-1112222172012.4714,-1116904228931.7686,-1121507042248.7026,-1126017831446.897,-1130422654375.2383,-1134706311399.8674,-1138852242040.4514,-1142842413560.514,-1146657200959.1738,-1150275257792.8433,-1153673377242.103,-1156826342833.4436,-1159706768230.9453,-1162284925533.4114,-1164528561553.2097,-1166402701621.1667,-1167869440566.2356,-1168887720671.1174,-1169413096620.753,-1169397487759.3015,-1168788918378.3755,-1167531247307.7493,-1165563888811.9573,-1162821527766.6924,-1159233833367.772,-1154725177302.6667,-1149214364504.972,-1142614387462.3777,-1134832218744.674,-1125768661195.3828,-1288710209613.402,-1279641408873.6675,-1268908045835.4858,-1256355358423.9946,-1241818405307.438,-1225122451364.042,-1206083779906.8555,-1184511086558.6296,-1160207657512.823,-1132974596004.5527,-1102615437890.6829,-1068942592887.8665,-1031786163925.7433,-991005832584.8435,-946506648072.7051,-898259705345.4906,-846328811678.1516,-790904255324.4453,-732344584637.4734,-671226665803.1624,-608402834033.0098,-545061025610.7158,-482778199818.82983,-423546917184.0205,-369735008707.1411,-323897663231.06323,-288268682148.87646,-263515891092.28055,-245635027559.5288,-217599731433.60828,-124930943364.36833,200686826844.85706,1290421279448.144,4874612973339.128,17230968559265.006,0.0
222.0,-562080282994.4148,-563236152785.2318,-564396935080.9373,-565562663649.1161,-566733372597.3839,-567909096378.1388,-569089869793.396,-570275727999.7109,-571466706513.1924,-572662841214.6035,-573864168354.5579,-575070724558.8097,-576282546833.6411,-577499672571.3464,-578722139555.8185,-579949985968.2396,-581183250392.874,-582421971822.9703,-583666189666.7738,-584915943753.6489,-586171274340.3174,-587432222117.2125,-588698828214.955,-589971134210.9459,-591249182136.0898,-592533014481.6406,-593822674206.1792,-595118204742.7245,-596419650005.9773,-597727054399.7046,-599040462824.2646,-600359920684.2762,-601685473896.4359,-603017168897.4836,-604355052652.3243,-605699172662.307,-607049576973.6595,-608406314186.0941,-609769433461.5734,-611138984533.2505,-612515017714.5835,-613897583908.626,-615286734617.5013,-616682521952.0599,-618084998641.728,-619494218044.5483,-620910234157.4187,-622333101626.5306,-623762875758.0153,-625199612528.7971,-626643368597.6616,-628094201316.5432,-629552168742.0334,-631017329647.116,-632489743533.1353,-633969470641.9993,-635456571968.6248,-636951109273.6251,-638453145096.2515,-639962742767.5867,-641479966423.9994,-643004881020.8636,-644537552346.5461,-646078047036.67,-647626432588.656,-649182777376.5505,-650747150666.1389,-652319622630.3579,-653900264365.005,-655489147904.7509,-657086346239.4646,-658691933330.8495,-660305984129.4017,-661928574591.6896,-663559781697.9644,-665199683470.1034,-666848358989.8917,-668505888417.6467,-670172353011.1887,-671847835145.1659,-673532418330.7306,-675226187235.5789,-676929227704.3501,-678641626779.3964,-680363472721.9167,-682094855033.4701,-683835864477.8578,-685586593103.3861,-687347134265.5084,-689117582649.845,-690898034295.587,-692688586619.28,-694489338438.9894,-696300389998.8445,-698121842993.9653,-699953800595.7598,-701796367477.598,-703649649840.8538,-705513755441.3087,-707388793615.9152,-709274875309.9084,-711172113104.2579,-713080621243.454,-715000515663.609,-716931914020.868,-718874935720.1111,-720829701943.927,-722796335681.8467,-724774961759.8099,-726765706869.8422,-728768699599.9199,-730784070463.9916,-732811951932.1226,-734852478460.7365,-736905786522.8995,-738972014638.6274,-741051303405.1483,-743143795527.0851,-745249635846.4973,-747368971372.7244,-749501951311.9657,-751648727096.5244,-753809452413.6443,-755984283233.8503,-758173377838.706,-760376896847.8906,-762595003245.49,-764827862405.3828,-767075642115.608,-769338512601.5677,-771616646547.934,-773910219119.0908,-776219407977.9564,-778544393302.9929,-780885357803.2169,-783242486730.9962,-785615967892.4037,-788005991654.8922,-790412750952.021,-792836441284.9502,-795277260720.4067,-797735409884.7869,-800211091954.0476,-802704512639.0092,-805215880165.6624,-807745405250.0411,-810293301067.2007,-812859783213.7856,-815445069663.6606,-818049380716.0145,-820672938935.3206,-823315969082.482,-825978698036.4524,-828661354705.5513,-831364169927.6644,-834087376358.4329,-836831208346.4904,-839595901794.7281,-842381694006.5021,-845188823515.6075,-848017529898.7777,-855943048220.3096,-858858392477.2661,-861796707581.4846,-864758259188.4879,-867743313895.253,-870752138970.7344,-879461554068.4426,-882572560403.128,-885708936926.7314,-888870981720.7709,-892058993271.8235,-895273270083.6023,-878528514838.7433,-881612263279.2521,-884720239751.4292,-887852638156.8123,-891009645260.5613,-894191439816.4926,-893012702888.3329,-896198011660.5142,-899407660749.3903,-902641738901.5652,-905900318872.2374,-909183455951.8346,-912491186386.376,-915823525684.406,-919180466802.8392,-922561978203.6003,-925968001772.3914,-929398450590.376,-932853206548.9896,-936332117797.446,-939834996011.8822,-943361613474.356,-946911699949.2136,-950484939343.5488,-954080966137.6796,-957699361570.6996,-961339649565.2842,-965001292374.9706,-968683685936.158,-972386154906.0457,-976107947366.6416,-979848229173.8704,-983606077929.6392,-987380476553.5156,-991170306429.4508,-994974340101.6716,-998791233492.6002,-1002619517614.2932,-1006457589743.5736,-1010303704029.649,-1014155961501.6796,-1018012299442.4116,-1021870480092.6884,-1025728078650.4156,-1029582470526.3772,-1033430817818.2408,-1037270054963.1572,-1041096873528.6218,-1044907706100.7522,-1048698709228.883,-1052465745385.5063,-1056204363901.1168,-1059909780834.5583,-1063576857741.17,-1067200079303.3972,-1070773529791.878,-1074290868329.3486,-1077745302935.3336,-1081129563336.7032,-1084435872538.0276,-1087655917156.6309,-1090780816540.6464,-1093801090704.6632,-1096706627137.2957,-1099486646558.7205,-1102129667734.6968,-1104623471487.604,-1106955064085.618,-1109110640239.4202,-1111075545993.1765,-1112834241864.5522,-1114370266669.04,-1115666202559.2473,-1116703641922.3604,-1117463156912.0503,-1117924272547.9922,-1118065444501.006,-1117864042899.561,-1117296343749.1152,-1116337529856.0696,-1114961703499.6145,-1113141913505.4563,-1110850199853.4146,-1108057659505.0547,-1104734537776.392,-1100850350312.1472,-1096374041547.7509,-1091274186475.182,-1085519243553.9536,-1079077867713.3644,-1071919293543.8536,-1064013799915.5002,-1212753832889.6812,-1204016364454.3572,-1194258942384.7163,-1183433315546.7888,-1171494003842.7144,-1158399609640.0212,-1144114382618.683,-1128610062752.755,-1111868018217.922,-1093881679721.0125,-1074659246179.9634,-1054226593297.468,-1032630248698.1259,-1009940194707.3889,-986252109632.4055,-961688445776.8953,-936397453754.5841,-910548893437.7058,-884324745067.3975,-857902840133.2213,-831431212964.4299,-804991701319.0215,-778554169770.3374,-751930482522.5608,-724756214453.0267,-696572482793.8918,-667186310804.4258,-637754691120.179,-613762884578.0396,-613214897759.8069,-690199202543.7249,-1007027696091.081,-2068417618617.619,-5518618090325.584,-17446240166725.389,0.0
221.0,-583865292189.0608,-585027377943.5654,-586194147374.1268,-587365630708.9861,-588541858460.8069,-589722861430.3666,-590908670710.3043,-592099317688.9314,-593294834054.1027,-594495251797.1509,-595700603216.8835,-596910920923.6462,-598126237843.4523,-599346587222.176,-600572002629.8174,-601802517964.8354,-603038167458.5499,-604278985679.6176,-605525007538.5774,-606776268292.4729,-608032803549.5485,-609294649274.0189,-610561841790.922,-611834417791.0432,-613112414335.9255,-614395868862.9557,-615684819190.5364,-616979303523.3385,-618279360457.6396,-619585028986.7476,-620896348506.5112,-622213358820.9188,-623536100147.7859,-624864613124.5332,-626198938814.0565,-627539118710.6895,-628885194746.2592,-630237209296.2377,-631595205185.9901,-632959225697.1174,-634329314573.901,-635705516029.8425,-637087874754.3088,-638476435919.2712,-639871245186.1539,-641272348712.7816,-642679793160.4305,-644093625700.9846,-645513894024.199,-646940646345.065,-648373931411.2854,-649813798510.8545,-651260297479.7461,-652713478709.7081,-654173393156.1665,-655640092346.2356,-657113628386.8368,-658594053972.924,-660081422395.8186,-661575787551.6475,-663077203949.8926,-664585726722.0397,-666101411630.3362,-667624315076.6519,-669154494111.4385,-670692006442.7933,-672236910445.6184,-673789265170.878,-675349130354.9487,-676916566429.0619,-678491634528.8333,-680074396503.8771,-681664914927.5037,-683263253106.4916,-684869475090.9312,-686483645684.1406,-688105830452.6381,-689736095736.1724,-691374508657.804,-693021137134.0271,-694676049884.9263,-696339316444.359,-698011007170.1569,-699691193254.3328,-701379946733.2863,-703077340497.9906,-704783448304.1592,-706498344782.3645,-708222105448.1064,-709954806711.8118,-711696525888.7429,-713447341208.8055,-715207331826.2327,-716976577829.1228,-718755160248.8159,-720543161069.0762,-722340663235.0658,-724147750662.0724,-725964508243.9724,-727791021861.3892,-729627378389.5219,-731473665705.6064,-733329972695.9678,-735196389262.6329,-737073006329.4507,-738959915847.6849,-740857210801.0222,-742764985209.9504,-744683334135.4485,-746612353681.932,-748552140999.3923,-750502794284.6611,-752464412781.7312,-754437096781.06,-756420947617.7749,-758416067668.694,-760422560348.0773,-762440530102.0073,-764470082401.2999,-766511323732.8359,-768564361589.2052,-770629304456.526,-772706261800.329,-774795344049.3527,-776896662577.1145,-779010329681.0938,-781136458559.3695,-783275163284.535,-785426558774.6991,-787590760761.385,-789767885754.1134,-791958051001.4459,-794161374448.26,-796377974688.998,-798607970916.6312,-800851482867.0579,-803108630758.6326,-805379535226.519,-807664317251.5225,-809963098083.0577,-812275999155.8674,-814603142000.0978,-816944648144.3082,-819300639010.9657,-821671235803.9573,-824056559387.6058,-826456730156.6724,-828871867896.7737,-831302091634.6172,-833747519477.4332,-836208268440.9215,-838684454265.0212,-841176191216.7437,-843683591879.2828,-846206766926.5679,-848745824882.3652,-851300871863.0042,-853872011302.7228,-856459343660.6042,-859062966107.9807,-861682972195.1478,-870828574587.446,-873536481329.6294,-876261800104.8557,-879004628355.1863,-881765058760.3076,-884543178786.4832,-894650100966.634,-897530175877.4607,-900429079977.426,-903346903405.078,-906283729518.9224,-909239634286.7292,-888463088054.6501,-891246076731.7086,-894045215928.007,-896860457327.3953,-899691738320.4186,-902538981011.5598,-900226032688.0731,-903058174559.2444,-905905167395.7784,-908766823960.1238,-911642934043.501,-914533263008.6832,-917437550253.0992,-920355507588.509,-923286817533.3658,-926231131513.896,-929188067969.8086,-932157210360.4552,-935138105067.1934,-938130259187.6272,-941133138217.3584,-944146163614.8456,-947168710244.9802,-950200103696.998,-953239617472.4154,-956286470038.7832,-959339821745.1914,-962398771595.6714,-965462353876.9004,-968529534636.965,-971599208012.3503,-974670192400.862,-977741226478.8112,-980810965061.5488,-983877974807.3604,-986940729765.7906,-989997606772.7354,-993046880696.1166,-996086719537.6868,-999115179398.5046,-1002130199317.9478,-1005129595998.8092,-1008111058434.1046,-1011072142454.7804,-1014010265221.5608,-1016922699688.8528,-1019806569073.944,-1022658841370.8118,-1025476323954.8136,-1028255658332.3938,-1030993315098.9712,-1033685589178.3422,-1036328595428.56,-1038918264712.372,-1041450340545.252,-1043920376450.8988,-1046323734173.2393,-1048655582915.5544,-1050910899801.828,-1053084471782.9888,-1055170899241.9095,-1057164601586.1652,-1059059825157.1664,-1060850653828.919,-1062531022719.8416,-1064094735497.482,-1065535485819.3264,-1066846883523.8518,-1068022486265.4078,-1069055837375.2456,-1069940510829.8376,-1070670164317.44,-1071238601515.458,-1071639844825.1522,-1071868219957.2164,-1071918453921.8196,-1071785788149.5436,-1071466108654.3647,-1070956095344.1694,-1070253392784.9812,-1069356804926.4022,-1068266516489.534,-1066984343892.477,-1065514018725.1523,-1063861506859.8528,-1062035366262.6816,-1060047146406.7804,-1057911831817.041,-1055648331611.1748,-1053280015827.0295,-1050835297685.1196,-1048348258521.4192,-1175302892560.455,-1171831228824.679,-1168239353638.7856,-1164577458771.4688,-1160906069239.2598,-1157297167615.768,-1153835265999.4104,-1150618340004.7485,-1147758500420.754,-1145382225511.6462,-1143629906035.4268,-1142654360669.1045,-1142617855460.436,-1143687000268.3662,-1146024690918.6096,-1149778012172.5376,-1155060711154.1807,-1161928497981.8882,-1170345045778.271,-1180136177577.9058,-1190929390015.7368,-1202075617695.2676,-1212549961132.5984,-1220827682716.9614,-1224729972646.685,-1221227193449.8596,-1206164484521.9736,-1173800336839.791,-1115800627742.258,-1018455249741.632,-853621313306.8943,-546224308143.5146,149046710687.13464,2116254200015.3667,7753943039698.258,0.0
220.0,-599261493537.0963,-600404790241.698,-601552382413.0624,-602704295228.6902,-603860554075.0264,-605021184549.765,-606186212464.1814,-607355663845.494,-608529564939.2532,-609707942211.7594,-610890822352.512,-612078232276.6831,-613270199127.6241,-614466750279.4001,-615667913339.3519,-616873716150.6902,-618084186795.1162,-619299353595.4728,-620519245118.4253,-621743890177.1702,-622973317834.1729,-624207557403.935,-625446638455.7908,-626690590816.7292,-627939444574.2483,-629193230079.2341,-630451977948.8689,-631715719069.566,-632984484599.932,-634258305973.7534,-635537214903.012,-636821243380.9225,-638110423684.9968,-639404788380.1307,-640704370321.713,-642009202658.7588,-643319318837.0619,-644634752602.3677,-645955538003.5657,-647281709395.898,-648613301444.1868,-649950349126.0725,-651292887735.2712,-652640952884.8359,-653994580510.435,-655353806873.6346,-656718668565.1859,-658089202508.3192,-659465445962.0367,-660847436524.4037,-662235212135.836,-663628811082.3828,-665028271998.9943,-666433633872.7787,-667844936046.2426,-669262218220.5083,-670685520458.5085,-672114883188.1489,-673550347205.4393,-674991953677.5852,-676439744146.0347,-677893760529.4775,-679354045126.7888,-680820640619.9093,-682293590076.6602,-683772936953.4828,-685258725098.0958,-686750998752.0613,-688249802553.2545,-689755181538.2269,-691267181144.4512,-692785847212.4414,-694311225987.7382,-695843364122.7451,-697382308678.4061,-698928107125.7131,-700480807347.0309,-702040457637.2203,-703607106704.5542,-705180803671.4042,-706761598074.6819,-708349539866.0258,-709944679411.7029,-711547067492.2189,-713156755301.6084,-714773794446.3868,-716398236944.145,-718030135221.7545,-719669542113.1705,-721316510856.7952,-722971095092.3811,-724633348857.4446,-726303326583.1528,-727981083089.6638,-729666673580.8721,-731360153638.534,-733061579215.7323,-734771006629.6368,-736488492553.5258,-738214094008.0167,-739947868351.468,-741689873269.4939,-743440166763.5514,-745198807138.5332,-746965852989.323,-748741363186.2402,-750525396859.321,-752318013381.3638,-754119272349.6715,-755929233566.4156,-757747957017.5464,-759575502850.1669,-761411931348.2854,-763257302906.8583,-765111678004.0222,-766975117171.4271,-768847680962.5547,-770729429918.9198,-772620424534.0361,-774520725215.0243,-776430392241.7399,-778349485723.2788,-780278065551.7291,-782216191353.0132,-784163922434.6731,-786121317730.4275,-788088435741.3397,-790065334473.4053,-792052071371.3833,-794048703248.6644,-796055286212.9753,-798071875587.6937,-800098525828.56,-802135290435.529,-804182221859.5288,-806239371403.8512,-808306789119.9066,-810384523697.0527,-812472622346.1963,-814571130676.8514,-816680092567.3274,-818799550027.6965,-820929543055.1849,-823070109481.6053,-825221284812.4406,-827383102057.1631,-829555591550.3605,-831738780763.2233,-833932694104.9148,-836137352713.3491,-838352774234.8561,-840578972592.2109,-842815957740.4724,-845063735410.0575,-847322306836.4547,-849591668475.9602,-851871811706.7859,-854162722514.8793,-856464381163.7637,-858776761847.6777,-861099832327.2828,-871411288122.1096,-873821046812.5906,-876242140923.5359,-878674523893.1963,-881118141005.1321,-883572928908.3501,-894991050026.4575,-897544981191.775,-900110751229.9908,-902688276602.712,-905277462866.3396,-907878204041.4668,-883167749765.8579,-885562794523.6289,-887966158302.5936,-890377626450.5192,-892796968137.9078,-895223935555.9432,-891689355569.22,-894086166942.9448,-896489317406.8649,-898898467530.0311,-901313255845.683,-903733297845.9948,-906158184944.5977,-908587483407.2133,-911020733250.9406,-913457447112.987,-915897109089.922,-918339173548.8173,-920783063912.0442,-923228171417.8616,-925673853859.4092,-928119434305.24,-930564199805.0894,-933007400085.2656,-935448246238.7393,-937885909415.8776,-940319519522.6572,-942748163934.2466,-945170886232.989,-947586684981.1152,-949994512539.9552,-952393273949.0116,-954781825880.0764,-957158975683.5234,-959523480546.1692,-961874046782.5413,-964209329284.1388,-966527931154.3289,-968828403559.9104,-971109245834.1378,-973368905870.1764,-975605780848.6024,-977818218347.6971,-980004517890.9896,-982162932992.8271,-984291673769.7528,-986388910193.2264,-988452776067.816,-990481373828.5148,-992472780261.324,-994425053262.9294,-996336239768.1388,-998204384987.9868,-1000027543117.1392,-1001803789686.5872,-1003531235756.7712,-1005208044167.4342,-1006832448083.7784,-1008402772104.1888,-1009917456223.012,-1011375082972.95,-1012774408105.74,-1014114395207.1622,-1015394254683.442,-1016613487600.824,-1017771934908.9766,-1018869832631.9896,-1019907873668.3988,-1020887276903.9092,-1021809864407.5884,-1022678147554.0197,-1023495422990.2672,-1024265879447.0698,-1024994716477.8406,-1025688276295.8788,-1026354189968.2932,-1027001539312.4248,-1027641035924.4232,-1028285218846.174,-1028948672441.2324,-1029648266096.1174,-1030403417381.9504,-1031236380292.0498,-1032172560099.9912,-1033240856242.312,-1034474034398.8976,-1035909128595.0232,-1037587873649.3474,-1039557167601.8662,-1041869562827.5197,-1044583783318.9886,-1047765264042.1008,-1151950191576.5876,-1154429375275.5056,-1157465302159.6924,-1161158329168.5293,-1165620955050.2146,-1170978765669.36,-1177371333025.6587,-1184953023167.6758,-1193893655042.3306,-1204378936887.129,-1216610589121.407,-1230806043105.5264,-1247197584087.2803,-1266030784616.4714,-1287562051533.2046,-1312055082998.8176,-1339775993959.1619,-1370986797928.8193,-1405936781165.6094,-1444850965668.2075,-1487914107293.8105,-1535247059604.7166,-1586868930348.6829,-1642631383846.2156,-1702096781681.9116,-1764301203276.5854,-1827278179539.2583,-1887077737356.5938,-1935709240307.8748,-1956807646775.7666,-1916795271162.4365,-1749300932868.476,-1343040381295.3125,-628746162179.4875,-66946941230.06519,0.0
219.0,-608309991242.4564,-609411423489.278,-610516629762.0442,-611625629066.7643,-612738440530.2136,-613855083400.6936,-614975577048.7848,-616099940968.0964,-617228194776.0106,-618360358214.4196,-619496451150.4569,-620636493577.2192,-621780505614.483,-622928507509.408,-624080519637.2322,-625236562501.9579,-626396656737.0209,-627560823105.9508,-628729082503.015,-629901455953.8478,-631077964616.0627,-632258629779.8472,-633443472868.5386,-634632515439.1779,-635825779183.0444,-637023285926.1631,-638225057629.79,-639431116390.87,-640641484442.4635,-641856184154.1461,-643075238032.3735,-644298668720.8135,-645526499000.6382,-646758751790.7816,-647995450148.1526,-649236617267.8046,-650482276483.0597,-651732451265.5833,-652987165225.4055,-654246442110.8892,-655510305808.6385,-656778780343.3457,-658051889877.5746,-659329658711.4717,-660612111282.4099,-661899272164.5513,-663191166068.3307,-664487817839.8546,-665789252460.2102,-667095495044.6797,-668406570841.8535,-669722505232.6427,-671043323729.1758,-672369051973.5835,-673699715736.6584,-675035340916.3899,-676375953536.357,-677721579743.9869,-679072245808.6582,-680427978119.649,-681788803183.9208,-683154747623.7264,-684525838174.0383,-685902101679.7837,-687283565092.8784,-688670255469.052,-690062199964.4481,-691459425831.9958,-692861960417.5339,-694269831155.6803,-695683065565.434,-697101691245.4934,-698525735869.2806,-699955227179.6566,-701390192983.3077,-702830661144.796,-704276659580.2518,-705728216250.6888,-707185359154.9308,-708648116322.126,-710116515803.8302,-711590585665.6404,-713070353978.353,-714555848808.6312,-716047098209.151,-717544130208.2043,-719046972798.7363,-720555653926.7826,-722070201479.2906,-723590643271.2812,-725117007032.3326,-726649320392.3478,-728187610866.5742,-729731905839.842,-731282232549.9832,-732838618070.3921,-734401089291.6947,-735969672902.4761,-737544395369.0305,-739125282914.0852,-740712361494.4524,-742305656777.5626,-743905194116.8225,-745510998525.7515,-747123094650.8376,-748741506743.0532,-750366258627.9746,-751997373674.4418,-753634874761.6891,-755278784244.8821,-756929123918.9933,-758585914980.9321,-760249177989.8624,-761918932825.6252,-763595198645.1781,-765277993836.9698,-766967335973.16,-768663241759.586,-770365726983.3842,-772074806458.1597,-773790493966.6042,-775512802200.4493,-777241742697.6416,-778977325776.6238,-780719560467.6,-782468454440.654,-784224013930.5975,-785986243658.4039,-787755146749.0903,-789530724645.9052,-791312977020.6678,-793101901680.1018,-794897494468.008,-796699749163.1053,-798508657372.3721,-800324208419.7107,-802146389229.7533,-803975184206.6226,-805810575107.456,-807652540910.4988,-809501057677.5597,-811356098410.6277,-813217632902.436,-815085627580.7583,-816960045346.2217,-818840845403.4028,-820727983084.9984,-822621409668.8198,-824521072187.3983,-826426913229.9575,-828338870736.5193,-830256877783.9148,-832180862363.4615,-834110747150.0746,-836046449262.5892,-837987880015.0652,-839934944658.8563,-841887542115.2375,-843845564698.3875,-845808897828.5378,-847777419735.1189,-859147321996.1501,-861199408524.587,-863256996341.96,-865319938043.1045,-867388077228.3201,-869461248121.6433,-882054514085.9645,-884222240946.1145,-886395268637.5404,-888573397221.524,-890756415035.4534,-892944098204.5947,-864690948705.5575,-866653778388.691,-868618288432.7684,-870584187063.7947,-872551168888.3771,-874518914460.2268,-869673761618.2289,-871599218033.5382,-873524336164.1216,-875448745482.6573,-877372059972.1741,-879293877759.8892,-881213780765.4448,-883131334366.8978,-885046087088.173,-886957570312.1498,-888865298023.9795,-890768766589.7517,-892667454576.1832,-894560822617.5995,-896448313337.1503,-898329351329.9163,-900203343216.3708,-902069677775.5088,-903927726167.9092,-905776842260.0382,-907616363062.2017,-909445609293.812,-911263886090.9562,-913070483872.7115,-914864679384.2544,-916645736936.5276,-918412909864.1272,-920165442225.1028,-921902570768.6108,-923623527198.77,-925327540765.7032,-927013841217.6028,-928681662150.7668,-930330244797.9012,-931958842298.6324,-933566724500.1328,-935153183340.0204,-936717538868.3256,-938259145970.3236,-939777401857.4248,-941271754399.137,-942741711375.426,-944186850735.552,-945606831956.7474,-947001408603.9677,-948370442200.3224,-949713917526.8364,-951031959479.8484,-952324851624.6674,-953593056595.1049,-954837238500.2412,-956058287512.2072,-957257346821.9257,-958435842163.6992,-959595514124.135,-960738453466.244,-961867139715.544,-962984483271.6234,-964093871325.6956,-965199217882.2554,-966305018200.713,-967416407990.7744,-968539227713.0604,-969680092353.8145,-970846467059.1036,-972046749029.4471,-973290356089.768,-974587822361.5692,-975950901473.8073,-977392677755.6188,-978927685857.43,-980572039246.9172,-982343568022.7212,-984261966482.402,-986348950873.0636,-988628427745.8528,-991126673333.2516,-993872524377.3914,-996897580868.662,-1000236421222.0704,-1003926830546.4412,-1008010042881.2744,-1012530998634.1,-1017538619013.0206,-1023086100106.2136,-1029231230539.499,-1114115872336.5688,-1119902504638.206,-1126440130989.3508,-1133819021098.3022,-1142138150364.0747,-1151505997455.0786,-1162041474717.8208,-1173875044509.0408,-1187150098716.8354,-1202024712902.4287,-1218673934361.1936,-1237292829885.579,-1258100610568.8142,-1281346276015.023,-1307316389691.3577,-1336345825005.6584,-1368832626822.8723,-1405258541966.19,-1446217325612.7192,-1492453699877.0623,-1544916967858.806,-1604835079054.0376,-1673818112930.274,-1754006412578.7717,-1848292218945.1523,-1960675490125.2349,-2096893027855.7822,-2265660692489.332,-2481394335648.226,-2770663625532.117,-3188229014737.2783,-3857117374409.703,-5062473920830.962,-7407715018025.141,-10979020491890.602,0.0
218.0,-611177907639.8248,-612217073791.7781,-613259391959.3801,-614304874324.702,-615353533097.9357,-616405380516.6196,-617460428844.8314,-618518690372.3436,-619580177413.7458,-620644902307.5275,-621712877415.1234,-622784115119.9181,-623858627826.2084,-624936427958.1234,-626017527958.4994,-627101940287.7091,-628189677422.4408,-629280751854.4303,-630375176089.1387,-631472962644.3794,-632574124048.8856,-633678672840.8237,-634786621566.2463,-635897982777.4811,-637012769031.4587,-638130992887.9707,-639252666907.8608,-640377803651.144,-641506415675.0521,-642638515531.9985,-643774115767.4689,-644913228917.8229,-646055867508.0166,-647202044049.2285,-648351771036.3998,-649505060945.6737,-650661926231.7361,-651822379325.0574,-652986432629.0212,-654154098516.9441,-655325389328.9834,-656500317368.9198,-657678894900.8201,-658861134145.5677,-660047047277.265,-661236646419.4907,-662429943641.4176,-663626950953.7795,-664827680304.6842,-666032143575.2649,-667240352575.1643,-668452319037.8489,-669668054615.7397,-670887570875.1589,-672110879291.0822,-673337991241.6925,-674568918002.722,-675803670741.5817,-677042260511.2632,-678284698244.0107,-679530994744.7511,-680781160684.2699,-682035206592.1322,-683293142849.3306,-684554979680.652,-685820727146.7566,-687090395135.9536,-688363993355.6624,-689641531323.5504,-690923018358.3346,-692208463570.2288,-693497875851.0332,-694791263863.8423,-696088636032.3645,-697390000529.834,-698695365267.5029,-700004737882.6951,-701318125726.407,-702635535850.4381,-703956974994.0332,-705282449570.0168,-706611965650.4045,-707945528951.4663,-709283144818.2281,-710624818208.3807,-711970553675.5876,-713320355352.1561,-714674226931.0552,-716032171647.2572,-717394192258.3718,-718760291024.5521,-720130469687.6437,-721504729449.5498,-722883070949.7815,-724265494242.166,-725651998770.6808,-727042583344.3833,-728437246111.4003,-729835984531.946,-731238795350.3352,-732645674565.949,-734056617403.1227,-735471618279.9167,-736890670775.7239,-738313767597.6832,-739740900545.8491,-741172060477.0765,-742607237267.5798,-744046419774.1138,-745489595793.7356,-746936752022.0963,-748387874010.2117,-749842946119.6653,-751301951476.1885,-752764871921.5629,-754231687963.7969,-755702378725.5115,-757176921890.4872,-758655293648.308,-760137468637.044,-761623419883.9177,-763113118743.8817,-764606534836.0608,-766103635977.9775,-767604388117.5165,-769108755262.5449,-770616699408.1396,-772128180461.3468,-773643156163.4076,-775161582009.3938,-776683411165.1808,-778208594381.6919,-779737079906.358,-781268813391.7223,-782803737801.1327,-784341793311.4631,-785882917212.8009,-787427043805.0515,-788974104291.4055,-790524026668.6194,-792076735614.0719,-793632152369.5452,-795190194621.7114,-796750776379.2881,-798313807846.8484,-799879195295.2686,-801446840928.8191,-803016642748.904,-804588494414.4646,-806162285099.0908,-807737899344.877,-809315216913.0992,-810894112631.7828,-812474456240.2762,-814056112230.9437,-815638939688.135,-817222792124.6047,-818807517315.5847,-820392957130.7527,-821978947364.3654,-823565317563.8779,-835834224589.5758,-837499573987.1129,-839165375506.9962,-840831429600.0531,-842497528993.6256,-844163458479.2487,-857745540434.4844,-859500256900.3151,-861254799600.2668,-863008915274.1438,-864762340811.8058,-866514802992.7809,-835353850266.5681,-836877154920.2869,-838397160454.949,-839913575925.259,-841426101913.0912,-842934430484.8643,-836698372388.71,-838153439615.7186,-839603527288.6052,-841048320575.878,-842487497876.4363,-843920731025.7964,-845347685545.8868,-846768020942.7482,-848181391056.7966,-849587444470.7286,-850985824980.5233,-852376172135.4407,-853758121853.3959,-855131307118.5751,-856495358768.6923,-857849906379.8726,-859194579257.737,-860529007543.9312,-861852823448.0104,-863165662615.3568,-864467165642.5553,-865756979752.5061,-867034760642.4172,-868300174518.755,-869552900334.2064,-870792632242.7435,-872019082289.9731,-873231983357.0768,-874431092377.869,-875616193849.7308,-876787103660.4736,-877943673254.5497,-879085794163.4081,-880213402926.2314,-881326486428.7489,-882425087689.3226,-883509312123.0018,-884579334315.7449,-885635405342.5071,-886677860664.3563,-887707128641.155,-888723739697.6938,-889728336182.3481,-890721682958.3557,-891704678768.6816,-892678368415.9886,-893643955799.5076,-894602817850.4639,-895556519407.112,-896506829069.2205,-897455736069.9971,-898405468200.735,-899358510819.7834,-900317626972.6771,-901285878644.1024,-902266649154.7424,-903263666706.5852,-904281029068.8124,-905323229382.561,-906395183046.3812,-907502255624.7616,-908650291699.2628,-909845644555.2568,-911095206566.6188,-912406440105.597,-913787408765.1892,-915246808636.4458,-916793999333.057,-918439034400.476,-920192690687.026,-922066496190.697,-924072755829.0166,-926224574512.5833,-928535876838.7748,-931021422665.4448,-933696817781.6432,-936578518872.6682,-939683831992.6284,-943030903825.9668,-946638705162.886,-950527006262.276,-954716344169.3512,-959227982645.688,-964083866224.3378,-969306571109.6624,-974919257313.1764,-1045423195024.1283,-1050824796888.6282,-1056723924837.6128,-1063156668504.425,-1070160337524.764,-1077773522250.3152,-1086036255477.8855,-1094990330987.4304,-1104679856211.343,-1115152144962.9175,-1126459094002.3074,-1138659237195.058,-1151820737043.1235,-1166025660953.295,-1181376006803.7163,-1198002101403.1602,-1216074215523.8787,-1235818551210.7305,-1257539210992.8784,-1281648434077.103,-1308708402467.859,-1339489443127.276,-1375051631772.6123,-1416859526738.6775,-1466941749370.2158,-1528102994360.9324,-1604167045319.71,-1700114763999.9663,-1821591159277.5273,-1972014475295.565,-2141748582763.0771,-2273057557281.9946,-2158819094296.1138,-1216999745091.9463,1437439627347.358,0.0
217.0,-608146930330.8237,-609106685374.2253,-610068906633.3754,-611033599317.2144,-612000768574.0612,-612970419489.4818,-613942557084.0995,-614917186311.3472,-615894312055.1617,-616873939127.6145,-617856072266.4808,-618840716132.7424,-619827875308.0259,-620817554291.9692,-621809757499.5198,-622804489258.1608,-623801753805.0591,-624801555284.1411,-625803897743.0852,-626808785130.2358,-627816221291.4332,-628826209966.7561,-629838754787.1774,-630853859271.1274,-631871526820.9639,-632891760719.3463,-633914564125.5093,-634939940071.4358,-635967891457.9238,-636998421050.5447,-638031531475.4911,-639067225215.3098,-640105504604.5166,-641146371825.0895,-642189828901.8368,-643235877697.6368,-644284519908.5447,-645335757058.7627,-646389590495.4717,-647446021383.5125,-648505050699.9274,-649566679228.3386,-650630907553.1768,-651697736053.7395,-652767164898.0894,-653839194036.7745,-654913823196.3741,-655991051872.859,-657070879324.7661,-658153304566.177,-659238326359.4978,-660325943208.0328,-661416153348.3457,-662508954742.4031,-663604345069.4939,-664702321717.9158,-665802881776.4238,-666906022025.4336,-668011738927.9723,-669120028620.366,-670230886902.6644,-671344309228.7837,-672460290696.3678,-673578826036.3573,-674699909602.2542,-675823535359.0789,-676949696872.0051,-678078387294.6678,-679209599357.1285,-680343325353.4963,-681479557129.1858,-682618286067.8071,-683759503077.6748,-684903198577.9243,-686049362484.227,-687197984194.0875,-688349052571.7177,-689502555932.4662,-690658482026.8026,-691816818023.8312,-692977550494.3291,-694140665393.2926,-695306148041.9767,-696473983109.4165,-697644154593.4122,-698816645800.9668,-699991439328.1582,-701168517039.4323,-702347860046.2975,-703529448685.4125,-704713262496.0408,-705899280196.8628,-707087479662.1259,-708277837897.114,-709470331012.9214,-710664934200.5116,-711861621704.0435,-713060366793.4463,-714261141736.2266,-715463917768.4844,-716668665065.1259,-717875352709.2478,-719083948660.6799,-720294419723.66,-721506731513.6306,-722720848423.1296,-723936733586.7645,-725154348845.2435,-726373654708.4521,-727594610317.55,-728817173406.0756,-730041300260.04,-731266945676.9889,-732494062924.0226,-733722603694.7516,-734952518065.1804,-736183754448.4963,-737416259548.7614,-738649978313.4844,-739884853885.0713,-741120827551.1427,-742357838693.7074,-743595824737.195,-744834721095.3357,-746074461116.8965,-747314976030.2638,-748556194886.8927,-749798044503.6167,-751040449403.8386,-752283331757.6165,-753526611320.6654,-754770205372.2941,-756014028652.3182,-757257993296.9734,-758502008773.877,-759745981816.0863,-760989816355.3052,-762233413454.3069,-763476671238.6436,-764719484827.7227,-765961746265.3428,-767203344449.792,-768444165063.6195,-769684090503.2158,-770922999808.3309,-772160768591.6935,-773397268968.9045,-774632369488.7887,-775865935064.4158,-777097826905.0203,-778327902449.0682,-779556015298.7449,-780782015156.1644,-782005747761.6255,-783227054834.2677,-784445774015.5206,-785661738815.7563,-786874778564.6154,-788084718365.4889,-789291379054.7017,-790494577165.9731,-803457443758.7228,-804733785381.714,-806006600717.8657,-807275680605.995,-808540810677.5298,-809801771322.186,-824140551683.2201,-825483563861.5825,-826822268758.8868,-828156413716.2876,-829485739658.1072,-830809981062.83,-797547292438.2195,-798651839647.5455,-799749791545.1794,-800840908966.4727,-801924949919.0992,-803001669831.2203,-795328375330.5261,-796340416811.358,-797344589032.2225,-798340671790.3733,-799328445810.0997,-800307693287.8672,-801278198486.7188,-802239748383.3087,-803192133371.1017,-804135148023.4774,-805068591920.6697,-805992270544.6509,-806905996246.2987,-807809589289.3678,-808702878975.9928,-809585704858.6621,-810457918043.7991,-811319382592.2776,-812169977022.4034,-813009595921.0582,-813838151668.8788,-814655576285.4935,-815461823400.9604,-816256870359.6592,-817040720462.9457,-817813405356.9114,-818574987571.5668,-819325563217.6747,-820065264847.3156,-820794264484.0337,-821512776828.0698,-822221062641.7532,-822919432319.5391,-823608249646.4608,-824287935747.8378,-824958973231.9956,-825621910526.3866,-826277366405.8916,-826926034710.158,-827568689244.5387,-828206188856.5112,-828839482676.3092,-829469615506.804,-830097733343.4071,-830725088999.7877,-831353047809.4701,-831983093366.7476,-832616833262.7566,-833256004763.807,-833902480369.0745,-834558273173.3492,-835225541947.4843,-835906595834.3894,-836603898541.54,-837320071891.8878,-838057898573.4054,-838820323903.0615,-839610456393.4293,-840431566879.084,-841287085925.0281,-842180599200.2313,-843115840455.5612,-844096681696.4116,-845127120085.8291,-846211261053.293,-847353297017.1305,-848557481054.2544,-849828094769.0469,-851169409523.2701,-852585640090.3887,-854080889690.2367,-855659085243.0825,-857323901555.539,-859078673013.9823,-860926291213.8696,-862869086794.9481,-864908693582.1558,-867045892948.7347,-869280436119.5596,-871610841915.5841,-874034167198.8303,-876545747002.5634,-879138901008.9667,-881804602645.1052,-884531106574.3132,-887303529715.5457,-947536553709.9899,-950027793598.7153,-952575327656.579,-955154246493.0701,-957733271689.4506,-960273718939.3923,-962728308145.3978,-965039789503.1946,-967139343319.1716,-968944694839.23,-970357861409.3467,-971262414560.548,-971520089470.7003,-970966502109.3152,-969405630781.7053,-966602570044.2919,-962273850690.0519,-956074308510.5198,-947579027411.1353,-936258198240.6572,-921441687425.3694,-902268469037.2876,-877613459963.021,-845980136433.7874,-805340966616.3229,-752899460160.5388,-684743099002.8933,-595383122632.2681,-477343748579.2768,-321658545215.03174,-122647603728.02618,101450554877.19992,238166359566.2058,-96803089312.0166,-1682810118115.3262,0.0
216.0,-599598300109.0422,-600465148816.2865,-601333752359.464,-602204109317.9253,-603076218133.1852,-603950077105.736,-604825684391.7916,-605703037999.9591,-606582135787.8336,-607462975458.5206,-608345554557.0785,-609229870466.8815,-610115920405.901,-611003701422.905,-611893210393.5686,-612784444016.501,-613677398809.1792,-614572071103.7931,-615468457042.9933,-616366552575.5459,-617266353451.8857,-618167855219.5708,-619071053218.6326,-619975942576.8192,-620882518204.7333,-621790774790.8558,-622700706796.4565,-623612308450.3907,-624525573743.7726,-625440496424.5298,-626357069991.8319,-627275287690.3893,-628195142504.6241,-629116627152.7042,-630039734080.4396,-630964455455.0404,-631890783158.7273,-632818708782.1979,-633748223617.9391,-634679318653.3853,-635611984563.9194,-636546211705.7097,-637481990108.3821,-638419309467.52,-639358159136.9945,-640298528121.1107,-641240405066.5751,-642183778254.276,-643128635590.8716,-644074964600.1829,-645022752414.3866,-645971985765.0032,-646922650973.6746,-647874733942.729,-648828220145.5237,-649783094616.5667,-650739341941.4054,-651696946246.2842,-652655891187.5586,-653616159940.864,-654577735190.0386,-655540599115.7823,-656504733384.0588,-657470119134.228,-658436736966.904,-659404566931.5355,-660373588513.698,-661343780622.0963,-662315121575.2689,-663287589087.9873,-664261160257.3472,-665235811548.5406,-666211518780.3073,-667188257110.057,-668166001018.6542,-669144724294.8624,-670124400019.4404,-671105000548.882,-672086497498.7949,-673068861726.9135,-674052063315.7347,-675036071554.7759,-676020854922.4432,-677006381067.5101,-677992616790.1937,-678979528022.8282,-679967079810.125,-680955236289.0193,-681943960668.0914,-682933215206.562,-683922961192.8531,-684913158922.7157,-685903767676.9098,-686894745698.4424,-687886050169.355,-688877637187.0562,-689869461740.1997,-690861477684.1041,-691853637715.71,-692845893348.0796,-693838194884.4307,-694830491391.7103,-695822730673.7079,-696814859243.7101,-697806822296.6976,-698798563681.093,-699790025870.0598,-700781149932.3607,-701771875502.7844,-702762140752.1472,-703751882356.8822,-704741035468.2262,-705729533681.0215,-706717309002.1455,-707704291818.5878,-708690410865.1948,-709675593192.105,-710659764131.8999,-711642847266.4988,-712624764393.8279,-713605435494.3015,-714584778697.1459,-715562710246.6161,-716539144468.1434,-717513993734.4714,-718487168431.8212,-719458576926.1624,-720428125529.6395,-721395718467.228,-722361257843.6985,-723324643610.9655,-724285773535.9113,-725244543168.7817,-726200845812.2517,-727154572491.2775,-728105611923.8481,-729053850492.772,-729999172218.6276,-730941458734.0347,-731880589259.3993,-732816440580.304,-733748887026.73,-734677800454.2991,-735603050227.7511,-736524503206.8788,-737442023735.1561,-738355473631.3195,-739264712184.1713,-740169596150.8969,-741069979759.2073,-741965714713.6295,-742856650206.3088,-743742632932.6797,-744623507112.4183,-745499114516.0858,-746369294497.9219,-747233884035.2507,-748092717775.0148,-748945628087.9669,-749792445131.0817,-750632996918.7919,-764051038760.4275,-764957608954.9456,-765857800273.6898,-766751422863.0773,-767638284451.6589,-768518190452.5759,-783346193790.6505,-784300272548.4205,-785247236068.4443,-786186867538.7438,-787118947472.2509,-788043253850.873,-753573233486.0182,-754298531154.6086,-755015336867.0698,-755723482405.0073,-756422801197.9357,-757113128704.957,-748024555475.1382,-748638006912.6842,-749241936379.0405,-749836213570.6516,-750420713789.48,-750995318552.3552,-751559916236.3618,-752114402761.6223,-752658682312.7931,-753192668100.5747,-753716283164.472,-754229461217.979,-754732147537.275,-755224299894.422,-755705889535.8914,-756176902207.1263,-756637339223.6191,-757087218588.7738,-757526576158.5446,-757955466852.5303,-758373965910.833,-758782170195.5652,-759180199535.3925,-759568198110.9479,-759946335878.2844,-760314810026.813,-760673846467.321,-761023701344.7031,-761364662568.9657,-761697051356.8215,-762021223774.8099,-762337572273.3074,-762646527199.0309,-762948558271.6577,-763244176007.9373,-763533933074.1991,-763818425545.3326,-764098294045.2037,-764374224739.9462,-764646950151.6798,-764917249755.8096,-765185950320.2235,-765453925939.2645,-765722097709.3284,-765991432986.2351,-766262944157.0637,-766537686850.8744,-766816757503.5623,-767101290181.9219,-767392452560.7341,-767691440934.2122,-767999474129.3723,-768317786173.6274,-768647617552.0801,-768990204871.4075,-769346768726.7015,-769718499545.0431,-770106541154.6368,-770511971800.8839,-770935782300.5009,-771378850991.4612,-771841915099.818,-772325538103.9541,-772830072632.1733,-773355618380.169,-773901974480.3376,-774468585694.3196,-775054481732.7504,-775658208930.8792,-776277753424.094,-776910454871.7428,-777552909668.676,-778200862458.7313,-778849084619.0139,-779491238213.2754,-780119723710.0399,-780725509517.5165,-781297941090.7045,-781824527000.52,-782290698899.1135,-782679541741.4944,-782971489893.7349,-783143983822.6062,-783171080854.5134,-783023011925.7871,-782665674206.2839,-835072780575.1218,-834296834055.9805,-833251140515.0295,-831880799881.7587,-830122111278.7842,-827901193001.977,-825132333741.3129,-821716002594.3021,-817536421615.8606,-812458572546.5071,-806324466032.5409,-798948443084.8069,-790111199178.66,-779552113552.787,-766959319020.9578,-751956745417.5552,-734087090268.6338,-712789281094.793,-687368448611.272,-656955664419.2438,-620453625970.4177,-576462999840.6393,-523182193986.90283,-458270992726.4608,-378666217417.78455,-280336634117.06836,-157966848206.62656,-4565454402.253784,189023191430.99408,434905501149.9152,750394816916.4358,1166872792426.824,1762855528548.0044,2752043126002.5293,4196458711812.385,0.0
215.0,-585995154353.725,-586759440264.9716,-587524780952.7096,-588291169149.0823,-589058597388.8212,-589827058005.3997,-590596543127.1093,-591367044673.0579,-592138554349.0911,-592911063643.6307,-593684563823.4323,-594459045929.2584,-595234500771.4672,-596010918925.5106,-596788290727.3474,-597566606268.7631,-598345855392.5964,-599126027687.8737,-599907112484.8435,-600689098849.9159,-601471975580.4993,-602255731199.7338,-603040353951.1249,-603825831793.0637,-604612152393.2446,-605399303122.968,-606187271051.3324,-606976042939.3093,-607765605233.7036,-608555944060.99,-609347045221.0311,-610138894180.6692,-610931476067.1906,-611724775661.6632,-612518777392.1392,-613313465326.7262,-614108823166.5198,-614904834238.3966,-615701481487.6693,-616498747470.5896,-617296614346.7131,-618095063871.1063,-618894077386.4066,-619693635814.7236,-620493719649.3855,-621294308946.5215,-622095383316.4824,-622896921915.0963,-623698903434.751,-624501306095.3086,-625304107634.8425,-626107285300.2003,-626910815837.3802,-627714675481.7303,-628518839947.9572,-629323284419.9491,-630127983540.4039,-630932911400.2654,-631738041527.9603,-632543346878.435,-633348799821.9918,-634154372132.9169,-634960034977.9019,-635765758904.2544,-636571513827.8947,-637377269021.139,-638182993100.2611,-638988654012.8386,-639794219024.8737,-640599654707.689,-641404926924.6022,-642210000817.3647,-643014840792.381,-643819410506.6877,-644623672853.7063,-645427589948.7603,-646231123114.3594,-647034232865.2489,-647836878893.2234,-648639020051.7076,-649440614340.1006,-650241618887.8859,-651041989938.5103,-651841682833.0297,-652640651993.5238,-653438850906.2852,-654236232104.7814,-655032747152.3947,-655828346624.9454,-656622980092.9973,-657416596103.9573,-658209142163.969,-659000564719.6086,-659790809139.3916,-660579819695.094,-661367539542.9014,-662153910704.3928,-662938874047.3693,-663722369266.5386,-664504334864.0746,-665284708130.0536,-666063425122.7946,-666840420649.112,-667615628244.5021,-668388980153.2802,-669160407308.6921,-669929839313.0206,-670697204417.7098,-671462429503.5386,-672225440060.8632,-672986160169.968,-673744512481.5504,-674500418197.3767,-675253797051.1492,-676004567289.6168,-676752645653.9814,-677497947361.6373,-678240386088.2986,-678979873950.5613,-679716321488.9587,-680449637651.5702,-681179729778.2401,-681906503585.482,-682629863152.131,-683349710905.8273,-684065947610.4031,-684778472354.2656,-685487182539.8608,-686191973874.3145,-686892740361.3553,-687589374294.621,-688281766252.4677,-688969805094.3948,-689653377959.2197,-690332370265.1305,-691006665711.7603,-691676146284.4304,-692340692260.7234,-693000182219.5443,-693654493052.8528,-694303499980.2427,-694947076566.5643,-695585094742.7935,-696217424830.3575,-696843935569.1443,-697464494149.4233,-698078966247.9346,-698687216068.388,-699289106386.6567,-699884498600.9358,-700473252787.1633,-701055227760.0112,-701630281139.7659,-702198269425.4263,-702759048074.3755,-703312471588.9761,-703858393610.4679,-704396667020.5557,-704927144051.0857,-705449676402.2266,-705964115369.5813,-719581897406.6178,-720153761648.3384,-720717415575.0988,-721272701747.7235,-721819462571.3665,-722357540467.5925,-737388864072.3813,-737991682510.6981,-738585693901.5267,-739170731038.5309,-739746627062.9673,-740313215692.9335,-705535792841.4131,-705932159088.1544,-706319119806.2996,-706696569852.6792,-707064408144.822,-707422538027.1493,-697039763802.215,-697309455414.3217,-697568710246.2465,-697817455572.8107,-698055625448.2827,-698283161170.4952,-698500011759.5656,-698706134450.6448,-698901495199.9346,-699086069203.0402,-699259841424.5132,-699422807137.208,-699574972469.8257,-699716354960.7123,-699846984115.6783,-699966901967.2313,-700076163632.228,-700174837864.5115,-700263007598.6057,-700340770480.0106,-700408239377.0469,-700465542868.5406,-700512825700.9183,-700550249207.5017,-700577991681.9058,-700596248696.5037,-700605233355.8627,-700605176473.9225,-700596326662.4305,-700578950316.7719,-700553331483.8567,-700519771595.0852,-700478589045.6458,-700430118599.4834,-700374710597.1685,-700312729941.649,-700244554834.3937,-700170575231.7955,-700091190988.8193,-700006809653.7993,-699917843874.9432,-699824708375.533,-699727816450.9546,-699627575936.583,-699524384591.1304,-699418624835.378,-699310657781.2063,-699200816480.5127,-699089398317.9943,-698976656465.8025,-698862790311.8069,-698747934766.6327,-698632148347.7012,-698515399931.3262,-698397554056.4044,-698278354655.4827,-698157407080.9517,-698034158285.8788,-697907875010.545,-697777619817.1112,-697642224806.0693,-697500262839.2178,-697350016084.8324,-697189441691.5106,-697016134387.7426,-696827285794.5597,-696619640228.438,-696389446760.7479,-696132407288.0835,-695843620354.2197,-695517520448.5011,-695147812486.1583,-694727401151.9391,-694248314757.8325,-693701623226.0314,-693077349756.716,-692364375672.7233,-691550337844.9095,-690621517986.873,-689562722958.3586,-688357155024.1733,-686986270769.4075,-685429627060.1868,-683664712048.7721,-681666758738.5662,-679408538034.6309,-725085177747.5459,-722357411262.4934,-719305411602.5842,-715887949790.2144,-712059290924.8794,-707768717022.7692,-702959983503.4025,-697570697172.4819,-691531602415.9612,-684765762155.8093,-677187621847.5874,-668701949922.677,-659202658992.693,-648571532653.4177,-636676918902.8577,-623372512642.489,-608496451789.0234,-591871118607.036,-573304308644.2142,-552592864125.669,-529530555814.3208,-503923055994.0519,-475614394044.0984,-444531312726.4979,-410753889319.9042,-374620408674.6345,-336865079091.80206,-298751853504.1737,-262070770554.71835,-228653448791.94592,-198763214563.5625,-167852532292.10205,-124075763027.32057,-59936710870.056015,-18832757360.03789,0.0
214.0,-567863270835.5337,-568519161588.7301,-569175451425.7697,-569832128362.068,-570489180177.7527,-571146594413.5822,-571804358366.7909,-572462459086.8619,-573120883371.2238,-573779617760.8732,-574438648535.9182,-575097961711.0449,-575757543030.9033,-576417377965.412,-577077451704.9792,-577737749155.6436,-578398254934.1238,-579058953362.7874,-579719828464.5271,-580380863957.5508,-581042043250.0771,-581703349434.9414,-582364765284.107,-583026273243.08,-583687855425.229,-584349493606.0043,-585011169217.0592,-585672863340.2695,-586334556701.6492,-586996229665.1619,-587657862226.4279,-588319434006.3221,-588980924244.464,-589642311792.5968,-590303575107.8545,-590964692245.9159,-591625640854.0433,-592286398164.005,-592946940984.88,-593607245695.7424,-594267288238.2272,-594927044108.9705,-595586488351.9299,-596245595550.5759,-596904339819.9612,-597562694798.6587,-598220633640.5723,-598878129006.6185,-599535153056.2733,-600191677438.9921,-600847673285.4886,-601503111198.8882,-602157961245.7377,-602812192946.8829,-603465775268.2089,-604118676611.2422,-604770864803.6122,-605422307089.3777,-606072970119.211,-606722819940.4419,-607371821986.9651,-608019941069.0038,-608667141362.7375,-609313386399.7854,-609958639056.5553,-610602861543.4517,-611246015393.9454,-611888061453.509,-612528959868.4137,-613168670074.3944,-613807150785.181,-614444359980.8993,-615080254896.3438,-615714792009.1256,-616347927027.6941,-616979614879.2421,-617609809697.4928,-618238464810.3735,-618865532727.583,-619490965128.053,-620114712847.3113,-620736725864.7521,-621356953290.82,-621975343354.111,-622591843388.4021,-623206399819.6141,-623818958152.7172,-624429462958.5856,-625037857860.8179,-625644085522.523,-626248087633.092,-626849804894.9636,-627449177010.3943,-628046142668.251,-628640639530.8374,-629232604220.7712,-629821972307.928,-630408678296.4688,-630992655611.9702,-631573836588.6792,-632152152456.9104,-632727533330.6096,-633299908195.1074,-633869204895.09,-634435350122.8088,-634998269406.5623,-635557887099.4783,-636114126368.6265,-636666909184.4983,-637216156310.8854,-637761787295.1964,-638303720459.2529,-638841872890.5995,-639376160434.3828,-639906497685.832,-640432797983.4,-640954973402.6125,-641472934750.6776,-641986591561.9115,-642495852094.0444,-643000623325.4634,-643500810953.4575,-643996319393.5398,-644487051779.9089,-644972909967.1335,-645453794533.1285,-645929604783.5172,-646400238757.4535,-646865593235.0018,-647325563746.1627,-647780044581.6475,-648228928805.4977,-648672108269.6587,-649109473630.6182,-649540914368.2214,-649966318806.7858,-650385574138.6357,-650798566450.1875,-651205180750.7162,-651605301003.9458,-651998810162.598,-652385590206.0543,-652765522181.2784,-653138486247.1558,-653504361722.4142,-653863027137.2863,-654214360289.0859,-654558238301.8717,-654894537690.3749,-655223134428.3727,-655543904021.6888,-655856721586.0099,-656161461929.7102,-656457999641.8657,-656746209185.6598,-657025964997.3668,-657297141591.1057,-657559613669.5554,-657813256240.8208,-658057944741.6285,-658293555167.0356,-671860275523.4141,-672143135709.822,-672416799114.2408,-672681140508.0344,-672936035781.3126,-673181362116.3059,-688134537112.7266,-688433266165.0035,-688722331862.9966,-689001612202.6396,-689270987230.6045,-689530339272.3915,-655275812045.9591,-655398777342.6216,-655512019478.5317,-655615472194.3809,-655709073547.5564,-655792766164.2408,-644349468276.3143,-644336610541.6425,-644312819471.5958,-644278039841.6143,-644232221607.0396,-644175320128.9138,-644107296395.5669,-644028117238.3418,-643937755539.6165,-643836190431.0632,-643723407479.8667,-643599398860.373,-643464163508.3716,-643317707254.9335,-643160042936.3972,-642991190476.7852,-642811176938.5354,-642620036537.0804,-642417810614.3529,-642204547565.8684,-641980302715.5454,-641745138131.906,-641499122378.758,-641242330192.8676,-640974842080.5094,-640696743824.1284,-640408125889.6422,-640109082724.1814,-639799711933.2927,-639480113325.8203,-639150387813.8279,-638810636154.0549,-638460957516.4834,-638101447864.656,-637732198131.435,-637353292172.9073,-636964804482.182,-636566797643.8323,-636159319508.7983,-635742400068.6356,-635316048007.1254,-634880246906.4727,-634434951084.6239,-633980081039.6733,-633515518476.9435,-633041100894.1473,-632556615700.1316,-632061793843.1115,-631556302925.127,-631039739780.7153,-630511622499.6539,-629971381876.1459,-629418352270.1157,-628851761870.5413,-628270722356.0674,-627674217954.7612,-627061093912.9353,-626430044392.7855,-625779599830.3474,-625108113799.3573,-624413749443.2875,-623694465557.5564,-622948002427.0956,-622171867551.6252,-621363321422.7189,-620519363553.6891,-619636719006.2921,-618711825708.1078,-617740822912.2706,-616719541218.2943,-615643494650.5082,-614507875381.0397,-613307551789.5333,-612037070674.8846,-610690664578.7426,-609262265351.2208,-607745525292.228,-606133847445.2554,-604420426915.0265,-602598305440.5123,-600660441899.6058,-598599801977.1593,-596409470928.9595,-594082794267.7261,-591613552347.1028,-588996176312.1404,-628468558645.3715,-625451567963.5964,-622267848889.029,-618913125629.7744,-615385341063.8846,-611685406170.6504,-607818145998.521,-603793498807.6926,-599628044112.2885,-595346961485.1409,-590986557871.0452,-586597550524.7776,-582249360763.6743,-578035767792.0616,-574082402145.6138,-570556739225.5745,-567681505329.5376,-565752760546.4763,-565164416566.4026,-566441643971.8491,-570286616059.5083,-577641477186.1418,-589775592228.6202,-608407614737.4022,-635879085675.7296,-675408666888.148,-731484022807.1743,-810516289626.5481,-922052727082.054,-1081268093263.4653,-1314464640360.5425,-1671466275823.338,-2251911962475.622,-3238042983545.684,-4430643142364.344,0.0
213.0,-545771307952.50574,-546316592291.89465,-546861691457.1454,-547406590108.0215,-547951272654.5296,-548495723253.0173,-549039925802.2103,-549583863939.1874,-550127521035.292,-550670880191.9806,-551213924236.6062,-551756635718.136,-552298996902.8041,-552840989769.6943,-553382596006.2573,-553923797003.7585,-554464573852.6548,-555004907337.9017,-555544777934.1893,-556084165801.1049,-556623050778.2231,-557161412380.122,-557699229791.3242,-558236481861.1621,-558773147098.5674,-559309203666.7826,-559844629377.9954,-560379401687.8931,-560913497690.1396,-561446894110.769,-561979567302.5018,-562511493238.9767,-563042647508.9023,-563573005310.1244,-564102541443.6106,-564631230307.3508,-565159045890.1729,-565685961765.4733,-566211951084.864,-566736986571.7297,-567261040514.7031,-567784084761.0502,-568306090709.9722,-568827029305.8154,-569346871031.2006,-569865585900.0594,-570383143450.5868,-570899512738.1049,-571414662327.8416,-571928560287.6198,-572441174180.4637,-572952471057.1158,-573462417448.4713,-573970979357.9247,-574478122253.6365,-574983811060.7125,-575488010153.304,-575990683346.6257,-576491793888.8937,-576991304453.1858,-577489177129.2251,-577985373415.0876,-578479854208.8392,-578972579800.098,-579463509861.5315,-579952603440.2861,-580439818949.3535,-580925114158.8767,-581408446187.3976,-581889771493.0541,-582369045864.7236,-582846224413.1221,-583321261561.862,-583794111038.4725,-584264725865.386,-584733058350.8994,-585199060080.1158,-585662681905.8657,-586123873939.6234,-586582585542.4209,-587038765315.7638,-587492361092.5634,-587943319928.0868,-588391588090.9392,-588837111054.0795,-589279833485.891,-589719699241.3047,-590156651352.9929,-590590632022.6453,-591021582612.3346,-591449443635.9891,-591874154750.9824,-592295654749.8564,-592713881552.1907,-593128772196.6342,-593540262833.1177,-593948288715.2603,-594352784192.992,-594753682705.4067,-595150916773.8721,-595544417995.4089,-595934117036.3695,-596319943626.432,-596701826552.9381,-597079693655.5978,-597453471821.5873,-597823086981.0674,-598188464103.1512,-598549527192.3512,-598906199285.5337,-599258402449.4192,-599606057778.6558,-599949085394.5027,-600287404444.1649,-600620933100.809,-600949588564.3063,-601273287062.7379,-601591943854.7144,-601905473232.5388,-602213788526.2732,-602516802108.7491,-602814425401.5684,-603106568882.1501,-603393142091.874,-603674053645.3715,-603949211241.0217,-604218521672.7114,-604481890842.9122,-604739223777.1394,-604990424639.8525,-605235396751.8615,-605474042609.3003,-605706263904.2379,-605931961546.9901,-606151035690.2029,-606363385754.7745,-606568910457.6897,-606767507841.8323,-606959075307.8529,-607143509648.1595,-607320707083.1047,-607490563299.4427,-607652973491.1243,-607807832402.5037,-607955034374.0253,-608094473390.4585,-608226043131.7472,-608349637026.5381,-608465148308.4463,-608572470075.1187,-608671495350.1445,-608762117147.8628,-608844228541.1101,-608917722731.9385,-608982493125.3374,-609038433405.9768,-609085437617.9761,-609123400247.704,-609152216309.5912,-609171781434.9259,-609181991963.5906,-622474730864.3368,-622520607098.5808,-622556975272.9661,-622583734420.1371,-622600784902.1685,-622608028533.9414,-637232490047.4705,-637279924678.1033,-637317432699.4453,-637344922250.8148,-637362303787.7034,-637369490245.0973,-604336465837.954,-604243473291.5156,-604140787949.5195,-604028354453.825,-603906120362.1549,-603774036249.2897,-591602714018.6324,-591372584726.4038,-591131357440.4105,-590878963158.7854,-590615335022.6067,-590340408318.0604,-590054120464.4856,-589756410986.6641,-589447221469.589,-589126495493.8113,-588794178549.3304,-588450217925.8478,-588094562577.0538,-587727162956.4613,-587347970822.1368,-586956939007.5178,-586554021155.3285,-586139171411.4391,-585712344075.3312,-585273493203.6594,-584822572163.2205,-584359533129.4695,-583884326526.5493,-583396900404.6437,-582897199750.3073,-582385165725.2938,-581860734829.2864,-581323837981.8312,-580774399518.7264,-580212336098.0781,-579637555511.2568,-579049955394.0618,-578449421833.5312,-577835827866.0502,-577209031862.7109,-576568875798.2847,-575915183400.7014,-575247758178.6066,-574566381325.4114,-573870809499.2938,-573160772479.874,-572435970703.8167,-571696072683.4381,-570940712314.5687,-570169486082.4951,-569381950177.82,-568577617537.6232,-567755954831.4451,-566916379416.4181,-566058256291.4619,-565180895086.9197,-564283547133.487,-563365402662.8877,-562425588202.6765,-561463164238.934,-560477123233.7054,-559466388099.0426,-558429811246.6946,-557366174352.1943,-556274188994.6202,-555152498359.1257,-553999680218.8535,-552814251446.67,-551594674345.889,-550339365133.5653,-549046704960.8954,-547715053913.84985,-546342768504.57855,-544928223241.9132,-543469836959.22784,-541966104682.1614,-540415635939.9345,-538817200565.3945,-537169783194.48175,-535472647870.3508,-533725414386.9153,-531928148278.49646,-530081466685.7181,-528186662714.1232,-526245851365.3008,-524262140677.964,-522239832390.0156,-520184657248.72656,-518104051087.5133,-516007478994.478,-513906816368.7871,-547717606076.67816,-545329218448.1507,-542961738332.73914,-540637873847.2616,-538385739157.9717,-536239919770.60364,-534242745041.947,-532445811006.44507,-530911805942.07153,-529716702180.67316,-528952390557.5592,-528729848420.78284,-529182947665.18243,-530473024388.7856,-532794343612.93976,-536380595661.6493,-541512545500.9649,-548526905359.16815,-557826384252.1395,-569890633654.4741,-585287366473.145,-604682118900.7639,-628843666374.0056,-658639448733.6106,-695010357597.2576,-738904204305.8623,-791125185584.5183,-852003616080.562,-920652276482.0034,-993202512814.0818,-1058403194284.3661,-1086382716454.2875,-1001319994498.1906,-637241415792.2631,86743909930.90039,0.0
212.0,-520311604211.6631,-520747329233.1168,-521182375823.1245,-521616726745.62976,-522050364523.0881,-522483271433.1057,-522915429505.0332,-523346820516.5146,-523777425989.9882,-524207227189.14233,-524636205115.3255,-525064340503.9055,-525491613820.5855,-525918005257.6681,-526343494730.2737,-526768061872.5087,-527191686033.58594,-527614346273.89294,-528036021361.0154,-528456689765.7045,-528876329657.8003,-529294918902.0988,-529712435054.173,-530128855356.14,-530544156732.3782,-530958315785.1933,-531371308790.432,-531783111693.04553,-532193700102.6004,-532603049288.7373,-533011134176.58,-533417929342.0909,-533823409007.376,-534227547035.9375,-534630316927.8759,-535031691815.0407,-535431644456.1297,-535830147231.7384,-536227172139.35846,-536622690788.3265,-537016674394.7235,-537409093776.225,-537799919346.90295,-538189121111.9791,-538576668662.533,-538962531170.1619,-539346677381.596,-539729075613.2689,-540109693745.8447,-540488499218.702,-540865459024.3784,-541240539702.972,-541613707336.50745,-541984927543.2631,-542354165472.0624,-542721385796.5334,-543086552709.33386,-543449629916.3483,-543810580630.8561,-544169367567.6735,-544525952937.27466,-544880298439.8882,-545232365259.5793,-545582114058.3135,-545929504970.01,-546274497594.5856,-546617050991.9919,-546957123676.251,-547294673609.49207,-547629658195.9948,-547962034276.2398,-548291758120.9752,-548618785425.3005,-548943071302.77423,-549264570279.54926,-549583236288.5422,-549899022663.6427,-550211882133.966,-550521766818.1582,-550828628218.7585,-551132417216.6257,-551433084065.4353,-551730578386.257,-552024849162.2157,-552315844733.2484,-552603512790.9639,-552887800373.6128,-553168653861.1757,-553446018970.586,-553719840751.0869,-553990063579.7396,-554256631157.0935,-554519486503.0242,-554778571952.7554,-555033829153.0756,-555285199058.7603,-555532621929.2136,-555776037325.3411,-556015384106.6699,-556250600428.7286,-556481623740.7,-556708390783.3633,-556930837587.3433,-557148899471.6774,-557362511042.7198,-557571606193.4015,-557776118102.858,-557975979236.4491,-558171121346.1826,-558361475471.5647,-558546971940.8962,-558727540373.0293,-558903109679.6107,-559073608067.8282,-559238963043.6815,-559399101415.7977,-559553949299.8135,-559703432123.3474,-559847474631.577,-559986000893.4517,-560118934308.556,-560246197614.6493,-560367712895.9004,-560483401591.8428,-560593184507.0698,-560696981821.6893,-560794713102.5645,-560886297315.3538,-560971652837.3762,-561050697471.3192,-561123348459.805,-561189522500.8358,-561249135764.1327,-561302103908.3828,-561348342099.4097,-561387765029.2737,-561420286936.318,-561445821626.1617,-561464282493.6483,-561475582545.7483,-561479634425.4172,-561476350436.4022,-561465642568.9866,-561447422526.6643,-561421601753.7222,-561388091463.7052,-561346802668.7429,-561297646209.6938,-561240532787.0745,-561175372992.7155,-561102077342.0944,-561020556307.2775,-560930720350.3943,-560832479957.5623,-560725745673.1625,-560610428134.363,-560486438105.7654,-560353686514.042,-560212084482.4171,-560061543364.8241,-559901974779.5605,-572747442143.1627,-572611162118.7388,-572465621785.2329,-572310735236.5114,-572146417290.6854,-571972583537.9412,-586074545993.3716,-585926467223.452,-585768654789.4257,-585601030288.6763,-585423516760.6228,-585236038753.4404,-553946622286.626,-553695259577.63,-553434512468.9443,-553164315543.4103,-552884604045.4014,-552595313843.8726,-540084829807.4868,-539704818620.3701,-539313978963.0023,-538912214901.2968,-538499429501.49146,-538075524684.8544,-537640401067.6628,-537193957785.5551,-536736092301.3342,-536266700195.29095,-535785674937.0998,-535292907638.3445,-534788286784.72485,-534271697947.0234,-533743023469.91406,-533202142137.75073,-532648928816.5061,-532083254071.1033,-531504983757.4633,-530913978588.6934,-530310093674.9677,-529693178036.80615,-529063074091.6369,-528419617113.75134,-527762634668.00806,-527091946017.9484,-526407361509.3307,-525708681930.4935,-524995697851.4225,-524268188943.9245,-523525923285.92737,-522768656653.6095,-521996131805.85486,-521208077766.424,-520404209110.234,-519584225261.2856,-518747809811.05145,-517894629867.5795,-517024335447.1761,-516136558922.33984,-515230914541.6254,-514306998039.372,-513364386355.721,-512402637490.1341,-511421290514.71,-510419865777.0114,-509397865325.9101,-508354773598.1439,-507290058407.90045,-506203172286.8619,-505093554227.7569,-503960631890.6803,-502803824338.2501,-501622545373.1893,-500416207560.15607,-499184227022.72034,-497926029116.3392,-496641055089.1286,-495328769854.2504,-493988671010.9542,-492620299265.85913,-491223250422.0667,-489797189121.3527,-488341864544.17847,-486857128293.8015,-485342954714.65295,-483799463921.6411,-482226947846.52527,-480625899640.34766,-478997046807.5832,-477341388488.65424,-475660237353.2947,-473955266618.48,-472228562761.8349,-470482684565.0035,-468720729191.74,-466946406082.3821,-465164119529.32855,-463379060885.638,-461597311448.0551,-459825957141.6162,-458073216207.4108,-456348581145.3209,-454662976170.2719,-453028931374.70337,-451460774609.0761,-480300933458.9245,-478504669625.80774,-476806813206.95447,-475230164306.6079,-473800803855.3939,-472548451933.49725,-471506834028.69434,-470714038914.0589,-470212842016.5414,-470050953745.2414,-470281131282.66,-470961062026.18243,-472152883277.453,-473922140412.2179,-476335896940.69684,-479459583923.05237,-483351998429.64417,-488057611008.0198,-493594993084.89343,-499939689771.4789,-506999190723.1853,-514576719315.8066,-522319260221.5978,-529643407246.1188,-535629979668.7586,-538874667661.3564,-537277691505.1594,-527755229754.2821,-505881389986.1444,-465607562074.11633,-399744667292.4225,-303644805185.76654,-188740294424.2459,-112998356675.16626,-193315170647.37598,0.0
211.0,-492082484947.40674,-492412472577.7669,-492741390782.5829,-493069221855.78125,-493395947877.9829,-493721550713.955,-494046012010.0388,-494369313191.5508,-494691435460.1565,-495012359791.2193,-495332066931.1207,-495650537394.55615,-495967751461.804,-496283689175.9663,-496598330340.1868,-496911654514.83936,-497223641014.6924,-497534268906.0462,-497843517003.8458,-498151363868.76666,-498457787804.27625,-498762766853.6692,-499066278797.07965,-499368301148.4651,-499668811152.5705,-499967785781.8646,-500265201733.4541,-500561035425.97485,-500855262996.45935,-501147860297.181,-501438802892.4793,-501728066055.5595,-502015624765.2749,-502301453702.8862,-502585527248.80383,-502867819479.3077,-503148304163.25146,-503426954758.74896,-503703744409.8424,-503978645943.1546,-504251631864.5299,-504522674355.6549,-504791745270.672,-505058816132.7764,-505323858130.8051,-505586842115.81616,-505847738597.65625,-506106517741.5256,-506363149364.53375,-506617602932.2519,-506869847555.2631,-507119851985.70966,-507367584613.843,-507613013464.57263,-507856106194.0213,-508096830086.08496,-508335152048.9999,-508571038611.9207,-508804455921.5086,-509035369738.53394,-509263745434.49664,-509489547988.26215,-509712741982.7223,-509933291601.4755,-510151160625.5372,-510366312430.0767,-510578709981.1873,-510788315832.6906,-510995092122.979,-511199000571.8998,-511400002477.6823,-511598058713.9139,-511793129726.5675,-511985175531.0835,-512174155709.5082,-512360029407.69934,-512542755332.5928,-512722291749.5432,-512898596479.7359,-513071626897.68256,-513241339928.7927,-513407692047.0398,-513570639272.7136,-513730137170.27466,-513886140846.3041,-514038604947.56586,-514187483659.176,-514332730702.889,-514474299335.50806,-514612142347.41705,-514746212061.2487,-514876460330.6881,-515002838539.4169,-515125297600.2087,-515243787954.1727,-515358259570.1624,-515468661944.341,-515574944099.9206,-515677054587.07446,-515774941483.0293,-515868552392.3422,-515957834447.3679,-516042734308.9208,-516123198167.1377,-516199171742.5428,-516270600287.3247,-516337428586.8239,-516399600961.23785,-516457061267.54846,-516509752901.66895,-516557618800.8228,-516600601446.1465,-516638642865.5253,-516671684636.6616,-516699667890.3738,-516722533314.1282,-516740221155.803,-516752671227.6813,-516759822910.6715,-516761615158.7504,-516757986503.6264,-516748875059.6132,-516734218528.7109,-516713954205.88135,-516688018984.5126,-516656349362.0543,-516618881445.8162,-516575550958.9107,-516526293246.3218,-516471043281.08105,-516409735670.5293,-516342304662.6358,-516268684152.3496,-516188807687.95184,-516102608477.3733,-516010019394.4423,-515910972985.0189,-515805401472.97375,-515693236765.95593,-515574410460.90765,-515448853849.2532,-515316497921.7117,-515177273372.656,-515031110603.9494,-514877939728.1758,-514717690571.1812,-514550292673.83,-514375675292.8783,-514193767400.8565,-514004497684.84656,-513807794544.0309,-513603586085.881,-513391800120.8481,-513172364155.4009,-512945205383.2591,-512710250674.6472,-512467426563.3925,-512216659231.6737,-511957874492.2254,-511690997767.7768,-511415954067.5064,-523706517379.8016,-523442654663.1692,-523170283609.3821,-522889328308.8013,-522599712600.7227,-522301360046.0801,-535763626326.9913,-535476666563.7994,-535180601861.4043,-534875356817.12695,-534560856028.2308,-534237024061.4639,-505012635449.2191,-504659287069.2261,-504297217912.1896,-503926345347.2707,-503546585142.95264,-503157851332.7514,-490690937178.525,-490227803943.397,-489754731027.3741,-489271602041.38806,-488778297293.7459,-488274693583.2985,-487760663982.6787,-487236077611.5906,-486700799400.1883,-486154689842.6675,-485597604741.2692,-485029394941.0068,-484449906055.5266,-483858978184.6531,-483256445624.3057,-482642136569.6419,-482015872812.4621,-481377469434.1189,-480726734495.4043,-480063468725.1382,-479387465209.4728,-478698509084.2394,-477996377233.0144,-477280837993.96704,-476551650878.97766,-475808566308.9817,-475051325370.0095,-474279659594.9569,-473493290776.73193,-472691930819.0984,-471875281632.26886,-471043035081.0862,-470194872994.5004,-469330467245.9724,-468449479915.4374,-467551563544.5371,-466636361497.988,-465703508445.1744,-464752630977.37866,-463783348377.4443,-462795273560.1329,-461788014202.9881,-460761174089.1209,-459714354685.01086,-458647156978.141,-457559183601.0463,-456450041270.1436,-455319343569.4909,-454166714111.3759,-452991790107.3307,-451794226384.7378,-450573699885.634,-449329914685.5089,-448062607570.808,-446771554214.3741,-445456575988.0867,-444117547451.3685,-442754404552.8669,-441367153580.3025,-439955880889.9995,-438520763442.7304,-437062080165.8981,-435580224153.4343,-434075715703.6552,-432549216181.2282,-431001542671.7556,-429433683375.59467,-427846813660.5571,-426242312660.0615,-424621780262.9393,-422987054291.9165,-421340227608.0164,-419683664805.4992,-418020018073.7131,-416352241694.9345,-414683604516.5913,-413017699576.75385,-411358449866.5796,-409710108973.7188,-408077255055.4545,-406464776225.2513,-404877844983.2447,-403321878756.6329,-401802482910.0049,-400325371700.0093,-398896261534.3779,-423447476293.03973,-421772408828.44653,-420155230937.2478,-418601483607.7759,-417115850749.1577,-415701706016.038,-414360526350.97546,-413091136205.5027,-411888736574.6291,-410743660567.0906,-409639781694.12866,-408552481852.74994,-407446062672.07214,-406270456363.4862,-404957061041.6869,-403413492623.60706,-401517015453.2571,-399106396221.78485,-395971939152.16943,-391843540688.05945,-386376818681.4757,-379137861822.5408,-369588187684.30286,-357073664008.5515,-340825617509.12244,-319991504528.35583,-293730806449.4075,-261446196477.7846,-223275669793.7588,-181026019191.25824,-139633501925.3949,-108442640621.93274,-98847470106.21045,-110445451542.20557,-95371972727.72168,0.0
210.0,-461672838274.0195,-461903126674.4088,-462132059845.3507,-462359620881.79474,-462585792708.9124,-462810558080.5327,-463033899577.57153,-463255799606.4531,-463476240397.5256,-463695204003.4721,-463912672297.7124,-464128626972.80304,-464343049538.8306,-464555921321.799,-464767223462.0159,-464976936912.4731,-465185042437.22296,-465391520609.754,-465596351811.3632,-465799516229.5258,-466000993856.26526,-466200764486.52014,-466398807716.5142,-466595102942.1234,-466789629357.2459,-466982365952.174,-467173291511.96674,-467362384614.828,-467549623630.4858,-467734986718.5782,-467918451827.04346,-468099996690.5167,-468279598828.7333,-468457235544.9408,-468632883924.3189,-468806520832.4084,-468978122913.5536,-469147666589.3524,-469315128057.1222,-469480483288.3775,-469643708027.3242,-469804777789.3669,-469963667859.63696,-470120353291.5344,-470274808905.2931,-470427009286.5653,-470576928785.0257,-470724541513.0031,-470869821344.1332,-471012741912.0389,-471153276609.0362,-471291398584.8724,-471427080745.491,-471560295751.8295,-471691016018.6515,-471819213713.4125,-471944860755.1618,-472067928813.4849,-472188389307.4821,-472306213404.7908,-472421372020.6506,-472533835817.01263,-472643575201.6953,-472750560327.5894,-472854761091.9121,-472956147135.51227,-473054687842.2318,-473150352338.3201,-473243109491.9055,-473332927912.5285,-473419775950.7316,-473503621697.7159,-473584432985.0586,-473662177384.49896,-473736822207.7904,-473808334506.6222,-473876681072.6135,-473941828437.37866,-474003742872.6666,-474062390390.5773,-474117736743.8533,-474169747426.251,-474218387672.99066,-474263622461.2875,-474305416510.9628,-474343734285.14,-474378539991.0217,-474409797580.75,-474437470752.3524,-474461522950.7706,-474481917368.9725,-474498616949.1488,-474511584383.9924,-474520782118.05927,-474526172349.2098,-474527717030.1309,-474525377869.9339,-474519116335.8279,-474508893654.8655,-474494670815.7581,-474476408570.7565,-474454067437.5914,-474427607701.4717,-474396989417.1344,-474362172410.9367,-474323116282.9901,-474279780409.3213,-474232123944.0582,-474180105821.6289,-474123684758.96106,-474062819257.6769,-473997467606.2651,-473927587882.22095,-473853137954.1384,-473774075483.7377,-473690357927.8134,-473601942540.0832,-473508786372.91736,-473410846278.92926,-473308078912.399,-473200440730.5125,-473087887994.3815,-472970376769.82153,-472847862927.8526,-472720302144.8932,-472587649902.608,-472449861487.3748,-472306891989.3284,-472158696300.938,-472005229115.0719,-471846444922.5023,-471682298008.7939,-471512742450.5242,-471337732110.7758,-471157220633.8353,-470971161439.0357,-470779507713.6703,-470582212404.9034,-470379228210.5986,-470170507568.9834,-469956002647.0596,-469735665327.66974,-469509447195.11786,-469277299519.2482,-469039173237.8666,-468795018937.3968,-468544786831.651,-468288426738.589,-468025888054.9366,-467757119728.5275,-467482070228.225,-467200687511.2759,-466912918987.942,-466618711483.2478,-466318011195.67865,-466010763652.6554,-465696913662.6066,-465376405263.45294,-465049181667.3153,-464715185201.2456,-464374357243.7845,-476074358452.7583,-475734208592.581,-475386785217.75336,-475032024282.63135,-474669860638.64746,-474300227952.8926,-487090530185.1153,-486719725381.168,-486340933035.6815,-485954081033.778,-485559095916.405,-485155902777.4379,-458116074215.2628,-457713976125.2344,-457304318040.64325,-456887008487.3564,-456461952826.1286,-456029053071.3679,-443916355210.0817,-443432161575.6104,-442939682036.70105,-442438801322.7272,-441929399855.3736,-441411353543.4788,-440884533573.2437,-440348806194.3163,-439804032502.3392,-439250068218.66266,-438686763468.0238,-438113962555.1289,-437531503741.2039,-436939219021.7278,-436336933906.72473,-435724467205.1701,-435101630815.25287,-434468229522.45056,-433824060807.593,-433168914667.3406,-432502573449.7597,-431824811707.9728,-431135396075.14624,-430434085164.42737,-429720629497.7725,-428994771467.9883,-428256245338.7005,-427504777287.381,-426740085497.00616,-425961880302.3795,-425169864397.63794,-424363733111.96375,-423543174761.0448,-422707871082.3632,-421857497762.93744,-420991725068.6953,-420110218585.2095,-419212640080.067,-418298648497.6746,-417367901097.7956,-416420054749.5679,-415454767393.1462,-414471699681.4268,-413470516814.5152,-412450890579.6753,-411412501609.4068,-410355041869.9883,-409278217392.2717,-408181751255.6398,-407065386834.7888,-405928891317.2905,-404772059497.63214,-403594717850.5237,-402396728882.5638,-401177995756.73706,-399938467178.48615,-398678142525.0743,-397397077191.38,-396095388114.8751,-394773259429.9984,-393430948187.0806,-392068790052.94,-390687204888.7416,-389286702075.0995,-387867885423.9375,-386431457480.54126,-384978222976.5002,-383509091143.7405,-382025076540.2434,-380527297967.8015,-379016974979.4639,-377495421377.1123,-375964034985.4832,-374424282855.1975,-372877680890.8631,-371325766717.622,-369770064386.765,-368212039274.0923,-366653041239.1421,-365094233784.8484,-363536506581.4247,-361980368291.9027,-360425816157.8574,-358872178273.0879,-357317923895.3812,-355760436533.5755,-376564759124.44476,-374712102843.4588,-372842760903.87494,-370948536960.9308,-369018399568.0542,-367037856143.65826,-364988223262.9582,-362845784065.694,-360580826399.2262,-358156560578.9371,-355527924577.71985,-352640298823.9527,-349428175110.5421,-345813857938.2159,-341706326845.30566,-337000461580.95337,-331576937104.67975,-325303243126.9126,-318036484908.7147,-309628886782.7028,-299937241420.5145,-288837878176.47626,-276248907489.9033,-262161126231.4154,-246677064919.6016,-230052056453.98877,-212717486646.34576,-195236701248.5171,-178088678432.58646,-161098755783.31918,-142334203049.9388,-116780000857.32764,-77378086013.83235,-26854549696.50892,-312970578.85399246,0.0
209.0,-429649482629.7955,-429787740563.381,-429924457953.8474,-430059619716.0665,-430193210648.2712,-430325215431.52655,-430455618629.2121,-430584404686.5162,-430711557929.9412,-430837062566.82166,-430960902684.8568,-431083062251.6556,-431203525114.2968,-431322274998.9038,-431439295510.2359,-431554570131.2957,-431668082222.9526,-431779815023.58594,-431889751648.7456,-431997875090.83167,-432104168218.7949,-432208613777.8573,-432311194389.2559,-432411892550.0055,-432510690632.6893,-432607570885.27,-432702515430.927,-432795506267.9207,-432886525269.4822,-432975554183.72943,-433062574633.6163,-433147568116.9062,-433230516006.1795,-433311399548.8721,-433390199867.3452,-433466897958.98926,-433541474696.364,-433613910827.3715,-433684186975.4689,-433752283639.9152,-433818181196.0623,-433881859895.6796,-433943299867.32574,-434002481116.75854,-434059383527.3901,-434113986860.78674,-434166270757.2122,-434216214736.2221,-434263798197.3013,-434309000420.5548,-434351800567.4459,-434392177681.5877,-434430110689.5866,-434465578401.93945,-434498559513.9853,-434529032606.9145,-434556976148.8336,-434582368495.8898,-434605187893.4523,-434625412477.3571,-434643020275.2109,-434657989207.7586,-434670297090.3131,-434679921634.24976,-434686840448.5661,-434691031041.50616,-434692470822.2533,-434691137102.6878,-434687007099.2137,-434680057934.65466,-434670266640.2152,-434657610157.5141,-434642065340.6866,-434623608958.5537,-434602217696.8629,-434577868160.59607,-434550536876.3484,-434520200294.7728,-434486834793.0941,-434450416677.6893,-434410922186.7323,-434368327492.9053,-434322608706.1709,-434273741876.60815,-434221702997.3045,-434166468007.3082,-434108012794.6326,-434046313199.3136,-433981345016.5146,-433913083999.67706,-433841505863.7117,-433766586288.225,-433688300920.7798,-433606625380.1801,-433521535259.7778,-433433006130.7935,-433341013545.6448,-433245533041.2754,-433146540142.4748,-433044010365.1837,-432937919219.7719,-432828242214.2803,-432714954857.6168,-432598032662.69385,-432477451149.4923,-432353185848.0449,-432225212301.3172,-432093506067.9754,-431958042725.0244,-431818797870.2951,-431675747124.7665,-431528866134.6997,-431378130573.5631,-431223516143.7276,-431064998577.9066,-430902553640.3132,-430736157127.5127,-430565784868.9374,-430391412727.0343,-430213016597.0134,-430030572406.1652,-429844056112.7064,-429653443704.1211,-429458711194.95306,-429259834624.0111,-429056790050.9377,-428849553552.0994,-428638101215.7478,-428422409136.3951,-428202453408.3576,-427978210118.4046,-427749655337.4518,-427516765111.2412,-427279515449.9385,-427037882316.57806,-426791841614.2861,-426541369172.2059,-426286440730.0457,-426027031921.16766,-425763118254.1335,-425494675092.6165,-425221677633.5893,-424944100883.6888,-424661919633.6617,-424375108430.785,-424083641549.156,-423787492957.7404,-423486636286.06445,-423181044787.4348,-422870691299.5623,-422555548202.46747,-422235587373.5383,-421910780139.6104,-421581097225.9338,-421246508701.8908,-420906983923.3271,-420562491471.3493,-420212999087.45245,-419858473604.8273,-419498880875.7038,-419134185694.5831,-430274015422.9858,-429902383755.82666,-429525159353.73615,-429142298404.4428,-428753755664.54565,-428359484357.5237,-440523742413.5119,-440119242116.3041,-439708408298.3825,-439291183179.6466,-438867506966.1357,-438437317716.2845,-413521872564.5844,-413118023569.6992,-412708374250.2721,-412292844932.4706,-411871352365.7129,-411443809544.13617,-399873699827.0456,-399420630823.29663,-398961700876.886,-398496824568.5054,-398025912526.44165,-397548871258.0328,-397065602979.2187,-396576005442.69336,-396079971765.2104,-395577390254.6767,-395068144237.7251,-394552111888.5482,-394029166059.84686,-393499174116.8379,-392961997775.35626,-392417492945.1836,-391865509579.8338,-391305891534.1397,-390738476431.08606,-390163095539.4574,-389579573663.9824,-388987729049.78674,-388387373303.0792,-387778311330.13855,-387160341296.7836,-386533254610.6437,-385896835928.6727,-385250863192.4736,-384595107694.1117,-383929334175.2157,-383253300962.2568,-382566760140.9869,-381869457773.08185,-381161134158.0889,-380441524143.7937,-379710357488.1121,-378967359275.56775,-378212250391.3129,-377444748055.50885,-376664566420.6694,-375871417234.278,-375065010568.6258,-374245055619.3378,-373411261573.46906,-372563338547.3321,-371700998593.3345,-370823956774.06177,-369931932300.57526,-369024649730.4188,-368101840219.0638,-367163242816.4765,-366208605798.083,-365237688016.6101,-364250260258.0317,-363246106581.0806,-362225025615.42896,-361186831788.6072,-360131356445.9214,-359058448820.9435,-357967976806.4301,-356859827466.6632,-355733907221.9931,-354590141624.61066,-353428474631.08154,-352248867261.62024,-351051295518.2313,-349835747413.30493,-348602218936.6757,-347350708762.0814,-346081211462.9456,-344793708971.9269,-343488159978.20496,-342164486910.473,-340822560101.5967,-339462178672.4552,-338083047607.4066,-336684750422.2111,-335266716747.6864,-333828184070.235,-332368152786.16833,-330885333644.6178,-329378086580.2681,-327844349882.0332,-326281558621.56824,-324686551296.9707,-323055463761.6072,-340570131210.7444,-338621641188.82947,-336619374152.76495,-334555737087.6931,-332421627966.9574,-330206213687.4769,-327896698375.714,-325478091927.529,-322932994387.8215,-320241419755.5227,-317380693692.29297,-314325474219.7113,-311047963709.5873,-307518405237.42035,-303705987515.9665,-299580320683.71375,-295113690122.5829,-290284346246.668,-285081142880.03516,-279509893260.0382,-273601871592.74963,-267424961577.51727,-261098084667.3775,-254809844685.8252,-248843057055.5548,-243608462898.71075,-239694051658.3548,-237940607505.42126,-239552376531.91223,-246208726909.22144,-259918710218.70752,-281479208500.9629,-303393986788.0586,-283629898384.26904,-88461674466.45605,0.0
208.0,-396547578099.7111,-396602538145.5317,-396655861844.9154,-396707536633.9943,-396757549888.7562,-396805888925.4951,-396852541001.2839,-396897493314.4779,-396940733005.24304,-396982247156.1132,-397022022792.5767,-397060046883.692,-397096306342.73456,-397130788027.87366,-397163478742.88354,-397194365237.88446,-397223434210.1206,-397250672304.7703,-397276066115.79297,-397299602186.8117,-397321267012.0338,-397341047037.2088,-397358928660.62616,-397374898234.1516,-397388942064.30695,-397401046413.3895,-397411197500.635,-397419381503.4252,-397425584558.5393,-397429792763.4514,-397431992177.6758,-397432168824.15857,-397430308690.71936,-397426397731.5432,-397420421868.7217,-397412366993.8481,-397402218969.66486,-397389963631.765,-397375586790.34894,-397359074232.0376,-397340411721.7441,-397319585004.60016,-397296579807.948,-397271381843.3856,-397243976808.8804,-397214350390.9407,-397182488266.8528,-397148376106.9834,-397111999577.1454,-397073344341.0334,-397032396062.7238,-396989140409.2458,-396943563053.2212,-396895649675.5731,-396845385968.3087,-396792757637.3725,-396737750405.5712,-396680350015.5752,-396620542232.9919,-396558312849.5144,-396493647686.1471,-396426532596.5056,-396356953470.1939,-396284896236.2589,-396210346866.7208,-396133291380.1827,-396053715845.5156,-395971606385.6234,-395886949181.2827,-395799730475.0624,-395709936575.31854,-395617553860.2658,-395522568782.12695,-395424967871.35486,-395324737740.9301,-395221865090.7316,-395116336711.9807,-395008139491.7525,-394897260417.5602,-394783686582.0045,-394667405187.4868,-394548403550.98834,-394426669108.9072,-394302189421.9539,-394174952180.0992,-394044945207.5762,-393912156467.9267,-393776574069.0902,-393638186268.5349,-393496981478.41846,-393352948270.7793,-393206075382.7507,-393056351721.7916,-392903766370.9273,-392748308593.9932,-392589967840.8763,-392428733752.742,-392264596167.2403,-392097545123.68427,-391927570868.18585,-391754663858.7423,-391578814770.2623,-391400014499.5165,-391218254170.0048,-391033525136.7219,-390845818990.8112,-390655127564.0895,-390461442933.42834,-390264757424.9744,-390065063618.1892,-389862354349.6943,-389656622716.8986,-389447862081.3857,-389236066072.0447,-389021228587.9169,-388803343800.7343,-388582406157.1272,-388358410380.4731,-388131351472.35626,-387901224713.612,-387668025664.9242,-387431750166.942,-387192394339.8825,-386949954582.58655,-386704427570.9879,-386455810255.9574,-386204099860.4848,-385949293876.1538,-385691390058.86536,-385430386423.7701,-385166281239.355,-384899073020.6403,-384628760521.435,-384355342725.5961,-384078818837.2403,-383799188269.8477,-383516450634.2031,-383230605725.1105,-382941653506.8215,-382649594097.11145,-382354427749.9376,-382056154836.61127,-381754775825.4136,-381450291259.583,-381142701733.602,-380832007867.7047,-380518210280.5318,-380201309559.8527,-379881306231.2733,-379558200724.8502,-379231993339.5285,-378902684205.318,-378570273243.1241,-378234760122.1485,-377896144214.773,-377554424548.84143,-377209599757.2521,-376861668024.7762,-376510627032.0174,-376156473896.4256,-375799205110.2853,-386457143866.2042,-386089063095.7644,-385717414802.3151,-385342186927.3971,-384963366376.0855,-384580938931.39886,-396221142217.2274,-395824108521.8755,-395422891540.1615,-395017465245.0554,-394607801928.1333,-394193872083.2802,-371205845400.61554,-370836924895.2512,-370464530526.9456,-370088620177.16125,-369709149030.6386,-369326069443.9613,-358345521002.3925,-357960485295.1228,-357572598244.6647,-357181831248.60486,-356788153274.8783,-356391530748.8039,-355991927438.28827,-355589304337.32623,-355183619547.9219,-354774828160.56604,-354362882133.3993,-353947730170.1946,-353529317597.28625,-353107586239.56366,-352682474295.6402,-352253916212.28644,-351821842558.1979,-351386179897.14233,-350946850660.48834,-350503773019.0833,-350056860754.387,-349606023128.716,-349151164754.3655,-348692185461.3,-348228980162.9968,-347761438719.9056,-347289445799.8621,-346812880734.6221,-346331617371.52246,-345845523919.06305,-345354462784.98096,-344858290405.14154,-344356857061.2742,-343850006685.2795,-343337576647.47736,-342819397525.785,-342295292852.39233,-341765078834.04144,-341228564041.5203,-340685549063.44135,-340135826118.79974,-339579178622.1919,-339015380694.9275,-338444196614.5909,-337865380194.90216,-337278674087.02136,-336683808992.7098,-336080502779.0658,-335468459483.8738,-334847368199.989,-334216901826.6564,-333576715675.25665,-332926445916.752,-332265707858.10657,-331594094035.2753,-330911172111.05084,-330216482567.2615,-329509536182.6244,-328789811290.144,-328056750811.4748,-327309759070.36206,-326548198393.3613,-325771385513.8603,-324978587805.2846,-324169019381.72314,-323341837119.5172,-322496136672.2088,-321630948574.30664,-320745234557.3789,-319837884235.92914,-318907712361.4187,-317953456891.8614,-316973778183.02454,-315967259677.0109,-314932410546.6282,-313867670851.46155,-312771419876.10547,-311641988454.8911,-310477676243.0759,-309276775074.178,-308037599749.08514,-306758527836.3327,-305438050325.1311,-304074835262.2418,-302667806816.91925,-301216242546.9044,-315959885554.8261,-314217291243.07153,-312421510202.3544,-310573416210.37006,-308674977287.5538,-306729540610.01917,-304742168495.7019,-302720029850.29803,-300672849708.1193,-298613416337.9982,-296558140104.1802,-294527649872.50757,-292547399803.73193,-290648239852.384,-288866874329.27356,-287246090459.5234,-285834577337.6692,-284686067258.1951,-283857405658.7032,-283404979951.76666,-283378698635.5547,-283812408301.07654,-284709309251.74005,-286020759485.627,-287617410441.9798,-289254515175.6146,-290542867434.83185,-290964721563.118,-290050521963.34033,-288037326091.55237,-287875794607.926,-300896719850.51514,-362241631006.2312,-574604985955.0878,-1323269274682.232,0.0
207.0,-362864059565.0137,-362845009682.81006,-362824301721.7312,-362801925994.5433,-362777872807.6224,-362752132462.2255,-362724695255.7987,-362695551483.3238,-362664691438.7026,-362632105416.1812,-362597783711.81433,-362561716624.97015,-362523894459.8778,-362484307527.2169,-362442946145.752,-362399800644.0097,-362354861362.0031,-362308118653.001,-362259562885.34607,-362209184444.3202,-362156973734.0595,-362102921179.51904,-362047017228.4896,-361989252353.6654,-361929617054.76697,-361868101860.7161,-361804697331.8666,-361739394062.2924,-361672182682.1318,-361603053859.9899,-361531998305.4016,-361459006771.353,-361384070056.8669,-361307179009.6483,-361228324528.7953,-361147497567.57336,-361064689136.2565,-360979890305.03424,-360893092206.9873,-360804286041.1315,-360713463075.533,-360620614650.492,-360525732181.8018,-360428807164.07874,-360329831174.16736,-360228795874.62085,-360125693017.2569,-360020514446.7924,-359913252104.55475,-359803898032.2737,-359692444375.9521,-359578883389.82007,-359463207440.368,-359345409010.4646,-359225480703.5591,-359103415247.9658,-358979205501.2361,-358852844454.6158,-358724325237.58795,-358593641122.50555,-358460785529.31,-358325752030.33887,-358188534355.22394,-358049126395.87494,-357907522211.55817,-357763716034.0604,-357617702272.94635,-357469475520.9044,-357319030559.1836,-357166362363.12115,-357011466107.75946,-356854337173.55273,-356694971152.1652,-356533363852.3553,-356369511305.9502,-356203409773.9075,-356035055752.4644,-355864445979.3702,-355691577440.2066,-355516447374.7896,-355339053283.6514,-355159392934.6061,-354977464369.39,-354793265910.3799,-354606796167.3841,-354418054044.5057,-354227038747.0735,-354033749788.6384,-353838186998.03326,-353640350526.4904,-353440240854.8146,-353237858800.6076,-353033205525.5397,-352826282542.66144,-352617091723.75574,-352405635306.7196,-352191915902.9731,-351975936504.88855,-351757700493.2345,-351537211644.62573,-351314474138.9748,-351089492566.9358,-350862271937.3324,-350632817684.5641,-350401135675.977,-350167232219.197,-349931114069.4065,-349692788436.564,-349452262992.5491,-349209545878.2219,-348964645710.3906,-348717571588.66833,-348468333102.2079,-348216940336.3067,-347963403878.85785,-347707734826.64026,-347449944791.431,-347190045905.9217,-346928050829.42426,-346663972753.34845,-346397825406.4341,-346129623059.7176,-345859380531.2166,-345587113190.30945,-345312836961.7937,-345036568329.5969,-344758324340.1238,-344478122605.2136,-344195981304.68665,-343911919188.45447,-343625955578.17334,-343338110368.4116,-343048404027.3084,-342756857596.69946,-342463492691.67755,-342168331499.5686,-341871396778.2902,-341572711854.06744,-341272300618.4763,-340970187524.7894,-340666397583.5901,-340360956357.6319,-340053889955.90845,-339745225026.90955,-339434988751.0293,-339123208832.1022,-338809913488.032,-338495131440.4905,-338178891903.65125,-337861224571.9358,-337542159606.7382,-337221727622.10614,-336899959669.3474,-336576887220.5371,-336252542150.9005,-335926956720.0468,-335600163552.0294,-335272195614.2109,-334943086194.9114,-334612868879.8201,-334281577527.15063,-344556454557.21814,-344214320671.8655,-343870794567.2949,-343525905503.7791,-343179682766.2394,-342832155626.2036,-354072624313.3313,-353710988288.9795,-353347630790.70337,-352982573972.6096,-352615839619.64966,-352247449091.88824,-330910489457.25073,-330598629075.16614,-330285971125.8056,-329972532754.0473,-329658330372.5137,-329343379612.23773,-318875821240.85706,-318576126567.382,-318276800073.0121,-317977887054.8192,-317679432709.5213,-317381482092.68933,-317084080075.6229,-316787271299.6167,-316491100127.29047,-316195610590.6078,-315900846335.1508,-315606850560.1556,-315313665953.74207,-315021334622.6893,-314729898016.0244,-314439396841.5869,-314149870974.6234,-313861359357.3462,-313573899888.24963,-313287529299.8326,-313002283023.2025,-312718195037.86426,-312435297704.7831,-312153621580.6048,-311873195210.6625,-311594044898.1447,-311316194446.50977,-311039664871.918,-310764474082.11865,-310490636517.8595,-310218162752.49567,-309947059045.05066,-309677326841.52673,-309408962218.7784,-309141955264.7556,-308876289388.3652,-308611940551.64514,-308348876416.33374,-308087055396.3054,-307826425606.70355,-307566923699.9523,-307308473578.17554,-307050984970.9078,-306794351866.3593,-306538450783.90265,-306283138874.93085,-306028251838.7853,-305773601640.12964,-305518974013.96967,-305264125744.5577,-305008781704.7042,-304752631642.6498,-304495326704.67847,-304236475683.2107,-303975640982.29767,-303712334295.40216,-303446011994.2733,-303176070232.79724,-302901839776.1903,-302622580574.07007,-302337476106.17505,-302045627542.1585,-301746047772.5128,-301437655386.7901,-301119268698.6121,-300789599945.2511,-300447249823.77673,-300090702566.9808,-299718321811.7643,-299328347571.8815,-298918894697.5642,-298487953288.51666,-298033391626.26904,-297552962309.36206,-297044312413.0034,-296504998656.6446,-295932508751.4876,-295324290318.4475,-294677789018.635,-293990497825.73553,-293260019694.6717,-292484146244.25714,-291660955471.59326,-290788931947.74084,-289867113397.8025,-288895268026.7736,-301491617210.35486,-300294862129.7658,-299042861490.5889,-297739050446.6523,-296388994294.01825,-295000889925.9507,-293586148087.78345,-292160061278.8803,-290742558917.3959,-289359046171.674,-288041314931.6434,-286828503821.3677,-285768067829.7739,-284916695793.9589,-284341084269.56244,-284118438004.1984,-284336519290.45734,-285093010191.9608,-286493881775.4142,-288650377827.2398,-291674096788.4072,-295669428231.1773,-300722074583.48804,-306881038164.8339,-314127924696.555,-322318363754.5801,-331057758545.95135,-339418691037.04553,-345277008551.63116,-343740020209.6913,-323443357458.1183,-257928410898.87778,-86112809897.74185,327858407498.0841,1302213694097.113,0.0
206.0,-329053818977.4987,-328970182070.1404,-328884921605.74994,-328798030792.8128,-328709502879.1326,-328619331153.69366,-328527508948.5678,-328434029640.86566,-328338886654.7303,-328242073463.3789,-328143583591.1876,-328043410615.82654,-327941548170.4406,-327837989945.87946,-327732729692.97784,-327625761224.88696,-327517078419.4552,-327406675221.6636,-327294545646.11383,-327180683779.57074,-327065083783.55963,-326947739897.0204,-326828646439.01953,-326707797811.5185,-326585188502.2031,-326460813087.3732,-326334666234.89185,-326206742707.19946,-326077037364.3885,-325945545167.34546,-325812261180.95575,-325677180577.37646,-325540298639.3773,-325401610763.7487,-325261112464.78094,-325118799377.8132,-324974667262.8553,-324828712008.28235,-324680929634.60364,-324531316298.3058,-324379868295.7749,-324226582067.29175,-324071454201.11163,-323914481437.6178,-323755660673.55994,-323594988966.3737,-323432463538.58136,-323268081782.2798,-323101841263.7112,-322933739727.92163,-322763775103.5062,-322591945507.4439,-322418249250.0212,-322242684839.84595,-322065250988.9554,-321885946618.0136,-321704770861.6064,-321521723073.6285,-321336802832.7681,-321150009948.0869,-320961344464.7003,-320770806669.5546,-320578397097.3043,-320384116536.29047,-320187966034.6211,-319989946906.3521,-319790060737.7746,-319588309393.8026,-319384695024.46875,-319179220071.5238,-318971887275.1425,-318762699680.73755,-318551660645.8792,-318338773847.32544,-318124043288.1579,-317907473305.0295,-317689068575.52045,-317468834125.60474,-317246775337.2262,-317022897955.9863,-316797208098.9421,-316569712262.5157,-316340417330.5146,-316109330582.26416,-315876459700.8499,-315641812781.4734,-315405398339.9168,-315167225321.12024,-314927303107.8702,-314685641529.5969,-314442250871.28296,-314197141882.4823,-313950325786.4472,-313701814289.3654,-313451619589.7042,-313199754387.6632,-312946231894.73346,-312691065843.36255,-312434270496.725,-312175860658.5977,-311915851683.33765,-311654259485.96387,-311391100552.33844,-311126391949.4511,-310860151335.80023,-310592396971.87463,-310323147730.7307,-310052423108.6675,-309780243235.9955,-309506628887.8999,-309231601495.3972,-308955183156.38385,-308677396646.7739,-308398265431.7309,-308117813676.9853,-307836066260.24243,-307553048782.67816,-307268787580.5228,-306983309736.732,-306696643092.7453,-306408816260.3327,-306119858633.5287,-305829800400.6552,-305538672556.4351,-305246506914.1969,-304953336118.1706,-304659193655.88104,-304364113870.63776,-304068131974.126,-303771284059.1018,-303473607112.19745,-303175139026.83856,-302875918616.2827,-302575985626.78253,-302275380750.8821,-301974145640.8548,-301672322922.29114,-301369956207.8463,-301067090111.1589,-300763770260.95374,-300460043315.3397,-300155956976.3213,-299851560004.5337,-299546902234.22656,-299242034588.5075,-298937009094.8714,-298631878901.03314,-298326698291.09174,-298021522702.0458,-297716408740.6917,-297411414200.9313,-297106598081.5187,-296802020604.28204,-296497743232.8486,-296193828691.9163,-295890340987.1044,-295587345425.4241,-295284908636.4127,-294983098593.97266,-294681984638.9595,-294381637502.56665,-304362022754.3667,-304053884334.8197,-303746399452.152,-303439641170.11743,-303133684005.53174,-302828603954.69904,-313777953038.7995,-313463174242.53094,-313149115443.8543,-312835854540.65015,-312523470972.1664,-312212045749.3565,-292232877117.52,-291982597636.3567,-291734157126.23083,-291487641048.8321,-291243136653.611,-291000733029.0184,-280895123520.10736,-280676564814.67505,-280461301907.8021,-280249455274.3322,-280041147918.0028,-279836505419.1157,-279635655981.1223,-279438730475.7093,-279245862485.90204,-279057188346.6432,-278872847182.2316,-278692980939.9251,-278517734418.92914,-278347255293.8894,-278181694131.9127,-278021204402.0161,-277865942475.78546,-277716067617.88446,-277571741964.90814,-277433130490.9126,-277300400957.77185,-277173723848.3314,-277053272280.10645,-276939221897.06165,-276831750736.7573,-276731039069.8866,-276637269208.9497,-276550625282.50146,-276471292971.08514,-276399459200.6147,-276335311788.59174,-276279039038.144,-276230829274.44293,-276190870317.6055,-276159348885.69824,-276136449920.9559,-276122355831.7781,-276117245642.505,-276121294042.36694,-276134670324.3808,-276157537204.30725,-276190049509.10254,-276232352723.5981,-276284581383.4105,-276346857301.34894,-276419287613.8334,-276501962633.07886,-276594953490.0552,-276698309552.4829,-276812055601.4296,-276936188749.389,-277070675082.129,-277215446006.07074,-277370394282.55115,-277535369730.06775,-277710174575.531,-277894558435.7275,-278088212910.6658,-278290765771.33624,-278501774725.7358,-278720720748.9107,-278947000965.3866,-279179921075.84973,-279418687324.51105,-279662398009.4811,-279910034545.9764,-280160452101.6709,-280412369835.3893,-280664360785.1998,-280914841470.4072,-281162061294.83887,-281404091867.08344,-281638816388.2365,-281863919300.6913,-282076876444.4309,-282274946032.36646,-282455160836.30505,-282614322073.5796,-282748995605.4477,-282855511207.429,-282929965855.34485,-282968232197.2892,-282965973661.4493,-282918667995.74133,-282821641464.2273,-282670116458.3362,-293703207584.50134,-293432735219.5059,-293093575022.08154,-292680529022.6102,-292188758922.15735,-291614014768.4793,-290952928511.2508,-290203388927.1001,-289365018685.3657,-288439779775.6017,-287432740461.008,-286353045761.8822,-285215144711.51575,-284040341893.63416,-282858758895.1749,-281711814513.2671,-280655362975.18884,-279763671469.7088,-279134482045.9689,-278895512565.3381,-279212964993.4204,-280303065211.547,-282448680657.4563,-286025395200.02075,-291546742419.649,-299750302649.4935,-311772966616.0587,-329521218347.34534,-356463099144.7141,-399312576481.6667,-471546271976.1593,-600523207960.8706,-840932431340.0063,-1288678055345.606,-1800748131463.4844,0.0
205.0,-295528161904.0028,-295389180803.75903,-295248648838.66296,-295106561840.3973,-294962915713.6529,-294817706438.3078,-294670930071.6499,-294522582750.6446,-294372660694.2465,-294221160205.7584,-294068077675.23566,-293913409581.93787,-293757152496.8305,-293599303085.1333,-293439858108.9203,-293278814429.7698,-293116169011.46606,-292951918922.7532,-292786061340.1427,-292618593550.7754,-292449512955.3375,-292278817071.03394,-292106503534.6177,-291932570105.4767,-291757014668.7812,-291579835238.68854,-291401029961.6107,-291220597119.54224,-291038535133.45154,-290854842566.7351,-290669518128.7374,-290482560678.3358,-290293969227.5923,-290103742945.4735,-289911881161.63904,-289718383370.2998,-289523249234.14795,-289326478588.3582,-289128071444.66315,-288928027995.50195,-288726348618.24634,-288523033879.50055,-288318084539.4825,-288111501556.48047,-287903286091.3936,-287693439512.35065,-287481963399.41345,-287268859549.3636,-287054129980.57434,-286837776937.9691,-286619802898.06793,-286400210574.12177,-286179002921.33984,-285956183142.2052,-285731754691.8866,-285505721283.743,-285278086894.92444,-285048855772.0707,-284818032437.1078,-284585621693.14545,-284351628630.4764,-284116058632.6782,-283878917382.8211,-283640210869.7803,-283399945394.6589,-283158127577.3176,-282914764363.0183,-282669863029.179,-282423431192.2435,-282175476814.6691,-281926008212.031,-281675034060.24695,-281422563402.926,-281168605658.8392,-280913170629.51666,-280656268506.97406,-280397909881.5683,-280138105749.986,-279876867523.3666,-279614207035.56323,-279350136551.54175,-279084668775.9236,-278817816861.6711,-278549594418.9223,-278280015523.9737,-278009094728.4181,-277736847068.4367,-277463288074.25024,-277188433779.7342,-276912300732.19867,-276634906002.3364,-276356267194.3464,-276076402456.2323,-275795330490.2827,-275513070563.7366,-275229642519.63885,-274945066787.8896,-274659364396.4928,-274372556983.01096,-274084666806.2277,-273795716758.028,-273505730375.4994,-273214731853.2609,-272922746056.02905,-272629798531.4232,-272335915523.0225,-272041123983.6804,-271745451589.1026,-271448926751.7038,-271151578634.7441,-270853437166.7636,-270554533056.3173,-270254897807.02844,-269954563732.96777,-269653563974.37225,-269351932513.7157,-269049704192.1469,-268746914726.3079,-268443600725.5477,-268139799709.55032,-267835550126.39127,-267530891371.0428,-267225863804.34592,-266920508772.4706,-266614868626.88583,-266308986744.8596,-266002907550.51712,-265696676536.4792,-265390340286.1085,-265083946496.39307,-264777544001.49487,-264471182796.99664,-264164914064.8783,-263858790199.2594,-263552864832.94385,-263247192864.80377,-262941830488.04684,-262636835219.40515,-262332265929.2944,-262028182872.9882,-261724647722.858,-261421723601.7302,-261119475117.41324,-260817968398.4557,-260517271131.18936,-260217452598.1249,-259918583717.7605,-259620737085.8754,-259323987018.3767,-259028409595.77423,-258734082709.3593,-258441086109.1696,-258149501453.82056,-257859412362.2913,-257570904467.7537,-257284065473.5364,-256998985211.32144,-256715755701.6687,-256434471216.97363,-256155228346.9589,-255878126066.81024,-265615163884.1544,-265334901466.3459,-265056890349.72467,-264781239507.3834,-264508060703.8264,-264237468582.8805,-274955443742.6615,-274681527825.4888,-274410332202.47308,-274141983656.7065,-273876612384.4838,-273614352109.8948,-254739352008.4405,-254537018629.5196,-254338637282.8125,-254144352782.54745,-253954314063.6876,-253768674327.1488,-243864158958.29263,-243702506526.2361,-243546262124.89847,-243395604396.5709,-243250716809.93225,-243111787801.04373,-242979010916.9916,-242852584961.97693,-242732714145.6186,-242619608233.19427,-242513482697.5064,-242414558872.0113,-242323064104.80405,-242239231912.99512,-242163302136.96176,-242095521093.88815,-242036141729.949,-241985423770.41333,-241943633866.86765,-241911045740.67838,-241887940321.716,-241874605881.2744,-241871338158.0084,-241878440475.60443,-241896223850.7814,-241925007090.0858,-241965116873.81293,-242016887825.23764,-242080662563.17575,-242156791735.73575,-242245634032.9301,-242347556175.6237,-242462932878.0824,-242592146781.1536,-242735588352.86465,-242893655752.94708,-243066754657.5003,-243255298039.6783,-243459705901.9201,-243680404954.84348,-243917828237.468,-244172414672.93164,-244444608553.2918,-244734858946.34985,-245043619016.70175,-245371345252.3578,-245718496587.293,-246085533409.1474,-246472916439.95425,-246881105476.2256,-247310557972.88055,-247761727453.3496,-248235061725.6365,-248731000881.097,-249249975049.1185,-249792401876.63284,-250358683696.33743,-250949204341.49225,-251564325558.00543,-252204382955.998,-252869681432.90472,-253560489988.10016,-254277035834.68768,-255019497697.0329,-255787998162.3652,-256582594930.7475,-257403270779.24805,-258249922022.49768,-259122345212.07516,-260020221770.3732,-260943100199.6146,-261890375442.29352,-262861264894.14023,-263854780483.33032,-264869696128.5745,-265904509772.4591,-266957399053.66385,-268026169531.38477,-269108194207.0053,-270200342902.21777,-271298899851.28903,-272399467652.06003,-273496855502.81485,-274584949442.2093,-275656562125.4308,-276703259539.2157,-286481027835.2628,-287574880761.7992,-288624916152.9938,-289616418336.90283,-290532111685.02136,-291351769077.95844,-292051779640.5883,-292604680739.37195,-292978664801.44104,-293137079696.35895,-293037953173.64417,-292633588397.8007,-291870300484.1925,-290688394885.2624,-289022529362.2403,-286802653572.7294,-283955784006.0288,-280408943274.5389,-276093659063.96765,-270952448138.74603,-264947635057.7063,-258072527200.79315,-250364091528.13266,-241914279181.8094,-232872957106.4101,-223427212948.6983,-213726978885.17377,-203703367074.63037,-192698865570.35748,-178833287780.2879,-158201359919.56354,-124739096389.70593,-73844813740.69391,-16787640540.332237,8270050356.050327,0.0
204.0,-262654930065.56467,-262469462183.8721,-262282537852.8755,-262094155036.09253,-261904311789.46216,-261713006263.54965,-261520236705.79065,-261326001462.7755,-261130298982.5732,-260933127817.09656,-260734486624.5095,-260534374171.6756,-260332789336.6508,-260129731111.21823,-259925198603.46863,-259719191040.4251,-259511707770.7137,-259302748267.2796,-259092312130.15195,-258880399089.2553,-258667009007.27005,-258452141882.54184,-258235797852.04187,-258017977194.3772,-257798680332.853,-257577907838.5881,-257355660433.68225,-257131938994.4392,-256906744554.64355,-256680078308.89395,-256451941615.9936,-256222336002.3966,-255991263165.71536,-255758724978.2856,-255524723490.79227,-255289260935.95703,-255052339732.28857,-254813962487.89505,-254574132004.36243,-254332851280.69705,-254090123517.33585,-253845952120.2228,-253600340704.95645,-253353293101.0039,-253104813355.9896,-252854905740.054,-252603574750.28583,-252350825115.231,-252096661799.475,-251841090008.30496,-251584115192.44888,-251325743052.8957,-251065979545.7979,-250804830887.4544,-250542303559.3815,-250278404313.4676,-250013140177.2169,-249746518459.08224,-249478546753.8888,-249209232948.3513,-248938585226.686,-248666612076.3189,-248393322293.69427,-248118724990.1808,-247842829598.0844,-247565645876.7628,-247287183918.8503,-247007454156.5896,-246726467368.27728,-246444234684.82465,-246160767596.43405,-245876077959.39627,-245590178003.0117,-245303080336.6364,-245014797956.8571,-244725344254.79977,-244434733023.57312,-244142978465.8513,-243850095201.6003,-243556098275.9504,-243261003167.2204,-242964825795.09625,-242667582528.9701,-242369290196.44284,-242069966091.99603,-241769627985.8384,-241468294132.93115,-241165983282.1989,-240862714685.9313,-240558508109.38263,-240253383840.57275,-239947362700.3016,-239640466052.3777,-239332715814.075,-239024134466.81897,-238714745067.1165,-238404571257.73428,-238093637279.1341,-237781967981.18005,-237469588835.1203,-237156525945.8596,-236842806064.5313,-236528456601.37936,-236213505638.9662,-235897981945.7143,-235581914989.8003,-235265334953.4112,-234948272747.38,-234630760026.21704,-234312829203.5497,-233994513467.994,-233675846799.469,-233356863985.9792,-233037600640.8816,-232718093220.6593,-232398379043.2238,-232078496306.7689,-231758484109.2021,-231438382468.1755,-231118232341.7476,-230798075649.70093,-230477955295.54605,-230157915189.2424,-229838000270.6705,-229518256533.8872,-229198731052.2003,-228879472004.1011,-228560528700.0935,-228241951610.4597,-227923792394.00787,-227606103927.8444,-227288940338.22,-226972357032.49707,-226656410732.29297,-226341159507.84857,-226026662813.6833,-225712981525.5936,-225400177979.05508,-225088316009.0953,-224777460991.70355,-224467679886.8461,-224159041283.16263,-223851615444.41824,-223545474357.7913,-223240691784.0797,-222937343309.9125,-222635506402.0547,-222335260463.9012,-222036686894.25537,-221739869148.4928,-221444892802.217,-221151845617.51404,-220860817611.92087,-220571901130.22168,-220285190919.1984,-220000784205.4573,-219718780776.46417,-219439283064.92227,-219162396236.63403,-218888228281.9898,-218616890111.2341,-228107410096.4911,-227837251046.60065,-227570210903.7357,-227306416186.8052,-227045996980.2172,-226789087059.8069,-237266758289.2224,-237012429178.7581,-236761976657.8733,-236515554167.88776,-236273319706.7142,-236035435996.1996,-218091327695.7572,-217908022964.0662,-217729808610.5361,-217556861776.0501,-217389365109.5172,-217227506971.22925,-207413395125.8396,-207269583887.40585,-207132059862.36,-207001026542.8021,-206876693550.5176,-206759276849.70013,-206648998967.07816,-206546089219.67838,-206450783950.4633,-206363326772.09808,-206283968819.1053,-206212969008.68896,-206150594310.5185,-206097120025.78415,-206052830075.85544,-206018017300.8936,-205992983768.80188,-205978041094.91608,-205973510772.8813,-205979724517.18912,-205997024617.8935,-206025764308.0729,-206066308144.64932,-206119032403.2418,-206184325487.78665,-206262588355.7323,-206354234959.69116,-206459692706.51596,-206579402934.8598,-206713821412.38165,-206863418853.86343,-207028681461.6255,-207210111489.7491,-207408227833.74435,-207623566647.44373,-207856681989.03772,-208108146498.31967,-208378552107.3448,-208668510786.8556,-208978655330.9538,-209309640182.6186,-209662142302.7631,-210036862085.5877,-210434524323.00452,-210855879220.8623,-211301703469.58496,-211772801371.6076,-212270006027.64105,-212794180583.2704,-213346219536.66187,-213927050107.15704,-214537633663.20547,-215178967206.3684,-215852084905.8908,-216558059675.50867,-217298004780.56488,-218073075459.00516,-218884470534.20016,-219733433990.5657,-220621256474.3098,-221549276671.0156,-222518882498.7036,-223531512039.03214,-224588654109.7656,-225691848357.8344,-226842684723.3524,-228042802089.7818,-229293885892.7818,-230597664408.62997,-231955903380.61295,-233370398566.31625,-234842965697.63647,-236375427235.50208,-237969595168.98563,-239627248949.25708,-241350107457.35245,-243139793674.68805,-244997790449.08823,-246925385417.8568,-248923602752.4545,-250993118914.0372,-253134159040.5016,-255346369906.1272,-257628664583.5684,-259979032970.3665,-262394311189.62207,-270808878446.4013,-273490742309.201,-276240556435.7758,-279049360618.3137,-281905114594.5704,-284791974742.9822,-287689416719.3268,-290571173170.8281,-293403949970.56805,-296145877901.07404,-298744649421.9319,-301135282275.8161,-303237443703.3237,-304952261962.63354,-306158547647.24475,-306708349589.94604,-306421785416.9645,-305081126333.9209,-302424198424.6554,-298137319091.6604,-291848262723.47064,-283120202098.75665,-271448244096.18793,-256260987558.09402,-236929912194.43375,-212787237414.66193,-183141394873.8803,-147238325221.38733,-103989159073.7338,-50913092928.325226,19282216415.852722,128703419214.6405,340911198705.8887,816617494346.011,1598185479963.4697,0.0
203.0,-230759629381.0265,-230536042631.80875,-230311102257.37985,-230084807733.6788,-229857158633.83344,-229628154630.1237,-229397795495.9744,-229166081107.97952,-228933011447.9564,-228698586605.0323,-228462806777.7625,-228225672276.2801,-227987183524.47903,-227747341062.2304,-227506145547.63184,-227263597759.2913,-227019698598.6452,-226774449092.3112,-226527850394.47745,-226279903789.32663,-226030610693.49744,-225779972658.5819,-225527991373.66177,-225274668667.8809,-225020006513.05817,-224764007026.33823,-224506672472.88245,-224248005268.6,-223988007982.91983,-223726683341.604,-223464034229.60336,-223200063693.95547,-222934774946.72623,-222668171367.99585,-222400256508.8888,-222131034094.6497,-221860508027.7657,-221588682391.13425,-221315561451.2812,-221041149661.6244,-220765451665.78928,-220488472300.9723,-220210216601.35736,-219930689801.58264,-219649897340.2612,-219367844863.5552,-219084538228.80484,-218799983508.21323,-218514186992.588,-218227155195.1417,-217938894855.3504,-217649412942.8735,-217358716661.53528,-217066813453.368,-216773711002.72208,-216479417240.43884,-216183940348.09323,-215887288762.3037,-215589471179.1128,-215290496558.43948,-214990374128.6066,-214689113390.94223,-214386724124.45944,-214083216390.61505,-213778600538.1507,-213472887208.0169,-213166087338.3836,-212858212169.73853,-212549273250.07745,-212239282440.1868,-211928251919.02368,-211616194189.19345,-211303122082.53168,-210989048765.78903,-210673987746.4266,-210357952878.52188,-210040958368.7917,-209723018782.73383,-209404149050.8925,-209084364475.2517,-208763680735.7608,-208442113896.99625,-208119680414.96588,-207796397144.06,-207472281344.1536,-207147350687.8683,-206821623267.99567,-206495117605.0927,-206167852655.25253,-205839847818.0593,-205511122944.7324,-205181698346.4709,-204851594803.0013,-204520833571.3432,-204189436394.7943,-203857425512.15125,-203524823667.17035,-203191654118.2812,-202857940648.5628,-202523707575.99475,-202188979763.9924,-201853782632.24127,-201518142167.84183,-201182084936.77884,-200845638095.7288,-200508829404.22192,-200171687237.1717,-199834240597.7911,-199496519130.91083,-199158553136.71747,-198820373584.9324,-198482012129.4485,-198143501123.44684,-197804873635.01547,-197466163463.2909,-197127405155.14868,-196788634022.4653,-196449886159.98013,-196111198463.7812,-195772608650.447,-195434155276.8712,-195095877760.8022,-194757816402.13123,-194420012404.961,-194082507900.4925,-193745345970.7644,-193408570673.28668,-193072227066.6081,-192736361236.85745,-192401020325.306,-192066252556.9958,-191732107270.4814,-191398634948.7353,-191065887251.27005,-190733917047.5309,-190402778451.616,-190072526858.38248,-189743218981.00183,-189414912890.02737,-189087668054.0406,-188761545381.9474,-188436607266.99548,-188112917632.58832,-187790541979.97577,-187469547437.90103,-187150002814.2909,-186831978650.07547,-186515547275.2325,-186200782867.149,-185887761511.4005,-185576561265.0537,-185267262222.59543,-184959946584.6052,-184654698729.2823,-184351605286.95267,-184050755217.67905,-183752239892.1044,-183456153175.66696,-183162591516.32587,-182871654035.9464,-182583442625.4952,-191767599004.8671,-191482879994.11115,-191201253136.3822,-190922837191.92465,-190647754365.86267,-190376130434.2244,-200534689341.24457,-200268843143.2993,-200006924234.3004,-199749079634.41302,-199495460837.83075,-199246223979.7499,-182158361029.71967,-181956209361.07257,-181759031039.09552,-181566996342.0879,-181380280969.1564,-181199066242.61743,-171452064217.81192,-171280499716.4256,-171114675125.81616,-170954775911.8842,-170800993475.10788,-170653525381.50763,-170512575604.02826,-170378354774.93152,-170251080449.8348,-170130977384.0874,-170018277822.22684,-169913221801.3242,-169816057469.09235,-169727041417.7064,-169646439034.3671,-169574524869.72644,-169511583025.39716,-169457907561.86884,-169413802928.2785,-169379584415.61002,-169355578635.03766,-169342124023.2901,-169339571377.07538,-169348284418.80002,-169368640396.01816,-169401030717.26898,-169445861627.20834,-169503554924.20868,-169574548723.88855,-169659298272.36053,-169758276813.32837,-169871976513.54684,-170000909451.57278,-170145608675.18576,-170306629333.34857,-170484549889.11414,-170679973420.46292,-170893529016.69083,-171125873278.6516,-171377691931.90082,-171649701562.5998,-171942651486.90594,-172257325765.5331,-172594545376.1785,-172955170557.63272,-173340103340.57715,-173750290281.3717,-174186725416.52582,-174650453457.0467,-175142573243.4761,-175664241484.15744,-176216676801.1418,-176801164110.13116,-177419059362.98944,-178071794683.62592,-178760883930.46805,-179487928721.30212,-180254624958.95752,-181062769899.13867,-181914269804.65256,-182811148233.31555,-183755555009.90857,-184749775935.6345,-185796243291.5377,-186897547195.15884,-188056447872.1692,-189275888906.6532,-190559011534.78897,-191909170046.53864,-193329948358.0781,-194825177813.34988,-196398956265.3918,-198055668475.6693,-199800007850.84485,-201636999508.95483,-203572024627.76797,-205610845973.11777,-207759634428.75067,-210024996244.4746,-212414000576.39423,-214934206698.89832,-217593690005.5249,-220401065561.96048,-223365507498.6012,-226496761891.5597,-229805149925.4868,-236411821252.44254,-240169399674.623,-244151229066.6071,-248371131210.90692,-252843398318.01508,-257582615006.8548,-262603391450.68076,-267919975038.9173,-273545696514.3602,-279492191208.7383,-285768315353.02234,-292378649652.4094,-299321444950.1627,-306585814640.9076,-314147911369.43286,-321965736287.1386,-329972111809.60626,-338065197984.6936,-346095747021.93506,-353850083257.23285,-361027619466.52466,-367211730235.6804,-371833411470.68414,-374129410474.225,-373103028410.13806,-367513059291.4331,-355960419706.43665,-337252999382.2737,-311507218820.685,-283138512936.84845,-268600897348.20343,-315739354783.83484,-549764268714.0758,-1276395506646.6765,-3394674689084.6445,0.0
202.0,-200126934973.40323,-199873085979.9245,-199617985347.6092,-199361633414.0928,-199104030605.7917,-198845177439.41003,-198585074523.46487,-198323722559.83093,-198061122345.30103,-197797274773.16788,-197532180834.82205,-197265841621.37,-196998258325.27094,-196729432241.9919,-196459364771.683,-196188057420.87137,-195915511804.17493,-195641729646.0352,-195366712782.47147,-195090463162.85245,-194812982851.6912,-194534274030.4573,-194254338999.41217,-193973180179.46243,-193690800114.03745,-193407201470.98447,-193122387044.48764,-192836359757.0073,-192549122661.24152,-192260678942.1088,-191971031918.7537,-191680185046.5747,-191388141919.27463,-191094906270.934,-190800481978.10727,-190504873061.9431,-190208083690.3284,-189910118180.05527,-189610980999.0146,-189310676768.41165,-189009210265.00983,-188706586423.3965,-188402810338.2786,-188097887266.80023,-187791822630.89133,-187484622019.64053,-187176291191.6968,-186866836077.6996,-186556262782.73703,-186244577588.8348,-185931786957.4732,-185617897532.1362,-185302916140.8921,-184986849799.0041,-184669705711.57724,-184351491276.2348,-184032214085.8329,-183711881931.20844,-183390502803.96405,-183068084899.29025,-182744636618.826,-182420166573.55945,-182094683586.76907,-181768196697.0068,-181440715161.1248,-181112248457.3469,-180782806288.38766,-180452398584.6173,-180121035507.27795,-179788727451.75107,-179455485050.87784,-179121319178.3353,-178786240952.07016,-178450261737.79178,-178113393152.52753,-177775647068.24274,-177437035615.5282,-177097571187.35645,-176757266442.9127,-176416134311.50034,-176074187996.52606,-175731440979.56793,-175387907024.52954,-175043600181.8843,-174698534793.01346,-174352725494.64365,-174006187223.3855,-173658935220.38104,-173310985036.0631,-172962352535.0324,-172613053901.05728,-172263105642.20288,-171912524596.09488,-171561327935.324,-171209533172.999,-170857158168.45447,-170504221133.12024,-170150740636.56073,-169796735612.69324,-169442225366.19156,-169087229579.0856,-168731768317.5659,-168375862039.00122,-168019531599.18353,-167662798259.80573,-167305683696.18787,-166948210005.2613,-166590399713.82364,-166232275787.07794,-165873861637.4682,-165515181133.82745,-165156258610.85086,-164797118878.91077,-164437787234.22998,-164078289469.42856,-163718651884.46313,-163358901297.97656,-162999065059.07736,-162639171059.56848,-162279247746.64594,-161919324136.0908,-161559429825.97467,-161199595010.9041,-160839850496.82828,-160480227716.435,-160120758745.16183,-159761476317.85062,-159402413846.0746,-159043605436.16656,-158685085907.9816,-158326890814.42548,-157969056461.78342,-157611619930.8838,-157254619099.1344,-156898092663.4683,-156542080164.23975,-156186622010.11102,-155831759503.97302,-155477534869.9439,-155123991281.49234,-154771172890.73242,-154419124858.9423,-154067893388.3552,-153717525755.27927,-153368070344.60077,-153019576685.72968,-152672095490.04642,-152325678689.91498,-151980379479.3249,-151636252356.2323,-151293353166.6685,-150951739150.69168,-150611468990.25653,-150272602859.081,-149935202474.59543,-149599331152.0581,-149265053860.9278,-148932437283.58887,-148601549876.5251,-148272461934.04694,-147945245654.67773,-156719220991.0802,-156394679415.45114,-156072323729.69644,-155752239023.9165,-155434512757.37042,-155119234844.0721,-164827684264.87695,-164517287049.55063,-164209739323.37238,-163905146661.10388,-163603617697.14822,-163305264235.05182,-147092203426.38806,-146833143332.63895,-146577678478.4289,-146325931432.54745,-146078028532.13077,-145834100019.2343,-136222851755.72412,-135981375948.66324,-135743771791.18854,-135510164752.4828,-135280684417.21751,-135055464661.95088,-134834643840.91003,-134618364981.80235,-134406775992.35112,-134200029878.3106,-133998284973.78204,-133801705184.71877,-133610460246.58977,-133424725997.25108,-133244684666.16788,-133070525181.23004,-132902443494.51102,-132740642928.4414,-132585334543.99454,-132436737532.6292,-132295079633.8796,-132160597580.66309,-132033537574.55016,-131914155793.4484,-131802718934.37222,-131699504794.20673,-131604802891.643,-131518915133.74677,-131442156530.93854,-131374855964.51158,-131317357011.1942,-131270018829.67577,-131233217114.4841,-131207345123.09811,-131192814782.74536,-131190057883.94402,-131199527368.5366,-131221698720.71236,-131257071470.35995,-131306170819.02106,-131369549399.7607,-131447789183.43137,-131541503545.11668,-131651339505.99944,-131777980167.55818,-131922147356.85435,-132084604503.78796,-132266159773.59692,-132467669480.60773,-132690041812.36632,-132934240896.8505,-133201291249.57278,-133492282642.10835,-133808375439.04332,-134150806456.65842,-134520895403.9972,-134920051975.50116,-135349783674.33965,-135811704457.18542,-136307544304.7861,-136839159838.64102,-137408546122.8258,-138017849812.05853,-138669383833.07733,-139365643817.03253,-140109326536.78543,-140903350645.76685,-141750880065.63922,-142655350429.88782,-143620499061.376,-144650399045.91116,-145749498063.39203,-146922662756.04803,-148175229552.96735,-149513063035.55872,-150942623124.39075,-152471042599.42688,-154106216739.30466,-155856907188.221,-157732862539.52472,-159744958572.7702,-161905361606.50446,-164227719044.44528,-166727381911.25336,-169421665010.15527,-172330151303.44757,-176604699510.59158,-179961814301.8482,-183606184536.1101,-187570146704.73578,-191890804598.1502,-196610835821.16583,-201779439786.2768,-207453450511.87607,-213698640463.47705,-220591244453.74698,-228219734889.92212,-236686880771.856,-246112121657.1809,-256634282309.01797,-268414640339.38416,-281640331358.0291,-296528021916.68365,-313327677198.0391,-332326054021.43964,-353849173327.57587,-378262293369.3253,-405964448880.67865,-437371664273.48456,-472876802326.4885,-512760937672.56995,-557002716925.442,-604869011143.9285,-654026976713.4583,-698586932274.5669,-724711059390.6041,-700611673819.727,-553741917661.158,-121148325663.31686,938981400017.7638,3375159932016.5786,0.0
201.0,-171002053347.27472,-170725321604.7978,-170447434496.32257,-170168392629.24478,-169888196681.17456,-169606847400.85397,-169324345609.08026,-169040692199.63312,-168755888140.20566,-168469934473.33975,-168182832317.36493,-167894582867.34076,-167605187396.00342,-167314647254.71387,-167022963874.41147,-166730138766.56805,-166436173524.14688,-166141069822.56198,-165844829420.64197,-165547454161.5939,-165248945973.97116,-164949306872.6405,-164648538959.75336,-164346644425.7157,-164043625550.161,-163739484702.92288,-163434224345.00833,-163127847029.57202,-162820355402.88956,-162511752205.33167,-162202040272.33694,-161891222535.3845,-161579302022.96576,-161266281861.55515,-160952165276.57828,-160636955593.37994,-160320656238.1892,-160003270739.08246,-159684802726.94427,-159365255936.42502,-159044634206.89612,-158722941483.40128,-158400181817.60532,-158076359368.7377,-157751478404.53394,-157425543302.17102,-157098558549.1994,-156770528744.47003,-156441458599.0562,-156111352937.1709,-155780216697.07782,-155448054931.9974,-155114872811.0077,-154780675619.93756,-154445468762.25607,-154109257759.95334,-153772048254.4168,-153433846007.30026,-153094656901.386,-152754486941.44086,-152413342255.06485,-152071229093.5342,-151728153832.63626,-151384122973.49817,-151039143143.4093,-150693221096.63593,-150346363715.23062,-149998578009.83398,-149649871120.47125,-149300250317.3419,-148949723001.60422,-148598296706.1537,-148245979096.397,-147892777971.0209,-147538701262.75635,-147183757039.1394,-146827953503.26895,-146471298994.56104,-146113801989.5019,-145755471102.39948,-145396315086.1345,-145036342832.9117,-144675563375.01315,-144313985885.5533,-143951619679.23755,-143588474213.12686,-143224559087.4059,-142859884046.16098,-142494458978.16586,-142128293917.67807,-141761399045.24698,-141393784688.53732,-141025461323.16653,-140656439573.56192,-140286730213.83646,-139916344168.68817,-139545292514.3235,-139173586479.40726,-138801237446.0455,-138428256950.7976,-138054656685.72653,-137680448499.48776,-137305644398.45958,-136930256547.92068,-136554297273.27538,-136177779061.33344,-135800714561.64648,-135423116587.90596,-135044998119.40666,-134666372302.58038,-134287252452.60524,-133907652055.09384,-133527584767.86728,-133147064422.81966,-132766105027.87788,-132384720769.06358,-132002926012.66277,-131620735307.50935,-131238163387.38916,-130855225173.57002,-130471935777.46736,-130088310503.44908,-129704364851.79,-129320114521.78116,-128935575415.00424,-128550763638.7757,-128165695509.77304,-127780387557.84828,-127394856530.0394,-127009119394.78748,-126623193346.37068,-126237095809.56178,-125850844444.52182,-125464457151.93793,-125077952078.41646,-124691347622.14116,-124304662438.80891,-123917915447.85075,-123531125838.95326,-123144313078.88847,-122757496918.66637,-122370697401.02036,-121983934868.23926,-121597229970.35716,-121210603673.71529,-120824077269.90746,-120437672385.12402,-120051410989.90717,-119665315409.33188,-119279408333.6273,-118893712829.2527,-118508252350.44427,-118123050751.24872,-117738132298.0572,-117353521682.66124,-116969244035.84366,-116585324941.52531,-116201790451.48598,-115818667100.67842,-115435981923.15826,-115053762468.64902,-123294080890.509,-122910428677.25238,-122527387587.497,-122144989782.87862,-121763268014.3816,-121382255638.42938,-130489084946.42725,-130107830487.18208,-129727469370.20428,-129348039253.78644,-128969578463.8683,-128592126006.211,-113340674573.30469,-112995796740.25798,-112652176024.2965,-112309856770.577,-111968884297.7109,-111629304921.45076,-102287360916.13052,-101946811468.77316,-101607351615.13414,-101269017319.42662,-100931845604.7798,-100595874610.62086,-100261143654.09624,-99927693295.86748,-99595565410.64488,-99264803262.8551,-98935451587.86972,-98607556679.26196,-98281166482.59476,-97956330696.2884,-97633100880.16013,-97311530572.27805,-96991675414.8268,-96673593289.73524,-96357344464.8844,-96042991751.77626,-95730600675.6178,-95420239658.85213,-95111980219.2538,-94805897183.79356,-94502068919.5788,-94200577583.2802,-93901509390.57172,-93604954907.23616,-93311009363.72284,-93019772995.09576,-92731351408.47148,-92445855980.22144,-92163404285.41512,-91884120562.19012,-91608136213.97662,-91335590352.77104,-91066630386.94492,-90801412657.40904,-90540103126.32475,-90282878122.97368,-90029925151.8733,-89781443768.7677,-89537646530.74539,-89298760027.44246,-89065026001.11656,-88836702564.31996,-88614065525.00885,-88397409830.20525,-88187051140.8354,-87983327552.1287,-87786601476.03476,-87597261704.56006,-87415725675.81778,-87242441968.00813,-87077893050.6086,-86922598326.89835,-86777117507.6966,-86642054363.08057,-86518060907.07571,-86405842080.15924,-86306161006.23282,-86219844914.90456,-86147791836.97232,-86090978201.53865,-86050467487.93484,-86027420115.51668,-86023104790.50992,-86038911572.79453,-86076366978.50296,-86137151498.61143,-86223119991.8684,-86336325505.56482,-86479047193.67517,-86653823143.60239,-86863489096.12439,-87111224255.61374,-87400605648.48822,-87735672808.82266,-88121004965.70714,-88561813395.71742,-89064052208.96075,-89634551587.97366,-90281178432.53958,-91013030527.65527,-91840671806.92017,-92776418106.94328,-94384230138.07764,-95512814810.03235,-96792227985.9462,-98244602678.57881,-99896329549.48242,-101779000460.16821,-103930579591.78958,-106396861037.46335,-109233288206.8624,-112507231825.66429,-116300851466.88759,-120714702793.94519,-125872302399.24908,-131925929174.67667,-139064032811.68567,-147520747407.1588,-157588188821.81354,-169632477269.16556,-184114820947.1807,-201619610206.14993,-222892467525.40356,-248892889524.3508,-280869126661.99115,-320468554031.62823,-369907694687.2857,-432248116831.7655,-511870623212.0489,-615340005910.5447,-753074860943.5865,-942744183790.7568,-1216483475466.746,-1636590136728.5012,-2327723427355.473,-3501507133681.2324,-4593787672578.926,0.0
200.0,-143591590327.3826,-143298938737.1773,-143005221511.27246,-142710439065.69348,-142414591862.0252,-142117680407.70218,-141819705256.29166,-141520667007.7672,-141220566308.77182,-140919403852.87238,-140617180380.80307,-140313896680.6975,-140009553588.31064,-139704151987.22742,-139397692809.06046,-139090177033.6339,-138781605689.1543,-138471979852.36737,-138161300648.70093,-137849569252.3918,-137536786886.59814,-137222954823.49455,-136908074384.35152,-136592146939.59608,-136275173908.856,-135957156760.98357,-135638097014.06136,-135317996235.38748,-134996856041.43951,-134674678097.81772,-134351464119.16568,-134027215869.06784,-133701935159.92355,-133375623852.79665,-133048283857.2392,-132719917131.0896,-132390525680.24358,-132060111558.39682,-131728676866.75996,-131396223753.7425,-131062754414.60762,-130728271091.09396,-130392776071.00656,-130056271687.77312,-129718760319.96635,-129380244390.79088,-129040726367.53308,-128700208760.97449,-128358694124.76527,-128016185054.75888,-127672684188.30496,-127328194203.5008,-126982717818.39957,-126636257790.17345,-126288816914.2314,-125940398023.2904,-125591003986.39746,-125240637707.90292,-124889302126.3825,-124537000213.50642,-124183734972.85625,-123829509438.68504,-123474326674.6222,-123118189772.31895,-122761101850.03577,-122403066051.16664,-122044085542.7026,-121684163513.62926,-121323303173.25912,-120961507749.49576,-120598780487.02896,-120235124645.45737,-119870543497.3399,-119505040326.17024,-119138618424.27576,-118771281090.63684,-118403031628.6259,-118033873343.66278,-117663809540.78622,-117292843522.13689,-116920978584.352,-116548218015.8678,-116174565094.12822,-115800023082.69711,-115424595228.27164,-115048284757.59448,-114671094874.2616,-114293028755.42368,-113914089548.37836,-113534280367.04976,-113153604288.35268,-112772064348.43936,-112389663538.82408,-112006404802.3833,-111622291029.22842,-111237325052.4465,-110851509643.70616,-110464847508.72496,-110077341282.5942,-109688993524.9572,-109299806715.0367,-108909783246.50777,-108518925422.21062,-108127235448.7002,-107734715430.62596,-107341367364.93826,-106947193134.9153,-106552194504.00545,-106156373109.47913,-105759730455.88388,-105362267908.29791,-104963986685.37282,-104564887852.16164,-104164972312.7232,-103764240802.49603,-103362693880.43324,-102960331920.89172,-102557155105.26463,-102153163413.3514,-101748356614.4517,-101342734258.17757,-100936295664.96976,-100529039916.31036,-100120965844.61646,-99712072022.8079,-99302356753.53024,-98891818058.02472,-98480453664.62834,-98068260996.88963,-97655237161.2852,-97241378934.52002,-96826682750.3944,-96411144686.21912,-95994760448.76024,-95577525359.69276,-95159434340.54214,-94740481897.09204,-94320662103.23268,-93899968584.22836,-93478394499.37518,-93055932524.02254,-92632574830.93068,-92208313070.932,-91783138352.8661,-91357041222.75316,-90930011642.17238,-90502038965.80624,-90073111918.11372,-89643218569.08908,-89212346309.0651,-88780481822.51419,-88347611060.8002,-87913719213.83105,-87478790680.55826,-87042809038.2699,-86605757010.61829,-86167616434.32004,-85728368224.46687,-85287992338.37766,-84846467737.92319,-84403772350.2475,-91996702393.41696,-91546001729.6209,-91094038385.9314,-90640784812.10188,-90186212057.74344,-89730289712.11253,-98100427472.83426,-97636052454.80316,-97170212560.14336,-96702868091.80396,-96233977361.19196,-95763496596.46172,-81592554468.43906,-81149724524.41594,-80705402822.6832,-80259544812.61649,-79812103804.24034,-79363030869.30191,-70441471213.6446,-69992643697.41553,-69541838578.78491,-69088994305.0537,-68634046930.86714,-68176930029.99768,-67717574603.63566,-67255908985.02583,-66791858740.27406,-66325346565.13581,-65856292177.58181,-65384612205.92072,-64910220072.238335,-64433025870.89234,-63952936241.7757,-63469854238.03662,-62983679187.91073,-62494306550.2866,-62001627763.58757,-61505530087.5074,-61005896437.08876,-60502605208.57716,-59995530096.42005,-59484539900.70941,-58969498324.28772,-58450263758.64476,-57926689057.63421,-57398621297.92499,-56865901524.97084,-56328364483.14338,-55785838328.50825,-55238144322.54342,-54685096504.89557,-54126501343.04034,-53562157356.45427,-52991854712.61922,-52415374791.85234,-51832489717.59174,-51242961848.35634,-50646543227.13805,-50042974983.46475,-49431986682.79012,-48813295617.20784,-48186606030.74852,-47551608271.68352,-46907977863.31598,-46255374483.67865,-45593440843.35483,-44921801449.27478,-44240061240.80261,-43547804082.67326,-42844591097.35194,-42129958817.12408,-41403417133.64265,-40664447019.713776,-39912497994.73597,-39146985301.34599,-38367286756.40778,-37572739234.398224,-36762634735.40052,-35936215983.19106,-35092671491.14871,-34231130024.76356,-33350654379.188194,-32450234378.32891,-31528778988.16712,-30585107421.05269,-29617939089.274597,-28625882244.950443,-27607421118.764656,-26560901341.8955,-25484513403.14364,-24376273856.33732,-23234003951.07054,-22055305312.33841,-20837532241.353912,-19577760150.644035,-18272749581.639828,-16918905183.03048,-15512228954.533009,-14048266985.80438,-12522048847.830715,-10928018730.178251,-9259957370.688164,-7510893807.265354,-5673006012.37051,-4596160130.20393,-2556006597.3532753,-397817759.6141968,1891170560.0284805,4325328726.280018,6920821328.156067,9695804238.379398,12670624485.011047,15868012985.011497,19313254901.00997,23034314972.523514,27061884860.5866,31429305263.2147,36172295842.97846,41328398834.86517,46936004766.53375,53032777112.61716,59653221447.80235,66825046086.09859,74563824507.82208,82865279814.68652,91694245964.24753,100968986077.80734,110539008390.1326,120153707473.09,129417841294.61287,137727528700.6991,144176153194.859,147412407130.07858,145427900212.106,135294888255.33742,113205771544.05475,76720050711.94312,35341660875.293274,23251727633.532997,0.0
199.0,-118063776300.58385,-117761809588.0036,-117458862789.5856,-117154935844.95155,-116850028713.02148,-116544141371.73418,-116237273817.7498,-115929426066.1318,-115620598150.00871,-115310790120.21452,-115000002044.90796,-114688234009.16818,-114375486114.56868,-114061758478.72598,-113747051234.82466,-113431364531.11676,-113114698530.3946,-112797053409.437,-112478429358.42804,-112158826580.34654,-111838245290.3265,-111516685714.98682,-111194148091.73048,-110870632668.01009,-110546139700.56204,-110220669454.60512,-109894222203.00449,-109566798225.39934,-109238397807.29366,-108909021239.1078,-108578668815.19131,-108247340832.7951,-107915037591.00092,-107581759389.60896,-107247506527.98044,-106912279303.83456,-106576078011.99924,-106238902943.11252,-105900754382.2758,-105561632607.65433,-105221537889.02682,-104880470486.27954,-104538430647.84612,-104195418609.08916,-103851434590.62372,-103506478796.58018,-103160551412.80446,-102813652604.995,-102465782516.7732,-102116941267.68686,-101767128951.14334,-101416345632.27164,-101064591345.71072,-100711866093.32178,-100358169841.82317,-100003502520.34448,-99647864017.89915,-99291254180.77144,-98933672809.81664,-98575119657.6712,-98215594425.87114,-97855096761.87546,-97493626255.99104,-97131182438.19817,-96767764774.87212,-96403372665.39792,-96038005438.67693,-95671662349.51918,-95304342574.92096,-94936045210.22224,-94566769265.14206,-94196513659.68608,-93825277219.92587,-93453058673.6422,-93079856645.83124,-92705669654.06854,-92330496103.72614,-91954334283.0393,-91577182358.01746,-91199038367.19484,-90819900216.21667,-90439765672.25478,-90058632358.24774,-89676497746.96092,-89293359154.85962,-88909213735.79016,-88524058474.46268,-88137890179.72968,-87750705477.6534,-87362500804.3558,-86973272398.64323,-86583016294.40009,-86191728312.74246,-85799404053.9245,-85406038888.98969,-85011627951.15872,-84616166126.94386,-84219648046.9823,-83822068076.5787,-83423420305.94624,-83023698540.13696,-82622896288.64989,-82221006754.70657,-81818022824.1825,-81413937054.18127,-81008741661.24074,-80602428509.15688,-80194989096.41199,-79786414543.19386,-79376695577.98979,-78965822523.74213,-78553785283.5469,-78140573325.88094,-77726175669.33914,-77310580866.86406,-76893776989.44803,-76475751609.28967,-76056491782.3832,-75635984030.51859,-75214214322.67111,-74791168055.75717,-74366830034.72998,-73941184451.99174,-73514214866.09482,-73085904179.70436,-72656234616.79189,-72225187699.03186,-71792744221.36813,-71358884226.71666,-70923586979.77126,-70486830939.87497,-70048593732.92027,-69608852122.23763,-69167581978.43167,-68724758248.12222,-68280354921.54368,-67834344998.957344,-67386700455.82546,-66937392206.697525,-66486390067.752686,-66033662717.94356,-65579177658.68141,-65122901172.00123,-64664798277.14267,-64204832685.47813,-63742966753.71831,-63279161435.32038,-62813376230.02228,-62345569131.42079,-61875696572.50943,-61403713369.086975,-60929572660.942856,-60453225850.7236,-59974622540.37496,-59493710465.056,-59010435424.41109,-58524741211.080986,-58036569536.33225,-57545859952.67261,-57052549773.318245,-56556573988.36859,-63424902497.90578,-62913435557.8023,-62398975315.55936,-61881442563.8131,-61360755073.66704,-60836827476.588844,-68383966274.81336,-67842316230.00124,-67297024512.10056,-66747985048.20462,-66195087667.40596,-65638217935.23181,-52661324306.11989,-52129074442.13944,-51592833763.62586,-51052481650.31729,-50507892862.80012,-49958937354.12349,-41575624260.05257,-41031915441.04604,-40483578592.07975,-39930471324.121735,-39372446045.57202,-38809349754.85507,-38241023823.24088,-37667303767.31995,-37088019010.51476,-36502992632.965256,-35912041109.07037,-35314974031.91513,-34711593823.74957,-34101695431.61802,-33485066007.16379,-32861484569.5544,-32230721650.38118,-31592538919.291702,-30946688789.005447,-30292913998.24479,-29630947170.984093,-28960510350.276997,-28281314504.76326,-27593059005.78476,-26895431072.846157,-26188105184.94532,-25470742455.064003,-24742989964.84829,-24004480056.222317,-23254829576.35907,-22493639072.07741,-21720491929.339584,-20934953453.08648,-20136569882.15683,-19324867333.49118,-18499350669.209824,-17659502279.472527,-16804780773.256798,-15934619568.33396,-15048425370.749184,-14145576533.021011,-13225421279.039673,-12287275782.24418,-11330422082.077309,-10354105821.911097,-9357533789.587885,-8339871239.37886,-7300238971.483093,-6237710142.122658,-5151306773.758011,-4039995930.888077,-2902685522.2100906,-1738219684.4862747,-545373697.1785812,677151630.4046402,1930736166.216705,3216847333.551346,4537047748.438469,5893003718.350815,7286494720.245239,8719423994.85373,10193830416.418938,11711901823.432198,13275990027.16095,14888627751.841955,16552547804.533058,18270704825.20405,20046300030.444466,21882809439.298965,23784016159.784065,25754047422.762177,27797417179.8998,29919075239.139263,32124464100.269257,34419584881.898315,36811074008.17735,39306292659.79843,41913431402.42905,44641632903.37449,47501136254.34784,50503447160.24751,53661539162.53191,56990092180.76424,60505776026.870544,64227588236.020615,68177257644.528015,71674937762.80945,76114799866.85614,80860474257.06151,85949422846.91687,91425323090.14655,97339293203.41823,103751386282.17307,110732417445.76364,118366204797.01945,126752326436.22894,136009523632.60243,146279916773.82297,157734249096.442,170578438136.99075,185061803363.2406,201487461379.91315,220225554691.0362,241730234647.53558,266561702522.72772,295415211194.971,329159904182.0939,368892028568.18835,416010024836.6991,472324559088.42224,540227479682.08167,622965997852.4115,725115603903.6698,853447695731.3303,1018613378066.259,1238558127992.955,1545606432428.447,2000860934140.63,2718843983724.0127,3857675877504.42,4672492704550.225,0.0
198.0,-94548108068.71866,-94243105714.84048,-93937208974.95236,-93630417217.37852,-93322729806.07877,-93014146099.9379,-92704665452.03038,-92394287208.85889,-92083010709.5653,-91770835285.1148,-91457760257.45052,-91143784938.6199,-90828908629.87012,-90513130620.71312,-90196450187.95872,-89878866594.71516,-89560379089.35599,-89240986904.4524,-88920689255.67068,-88599485340.6325,-88277374337.73889,-87954355404.9545,-87630427678.5534,-87305590271.82404,-86979842273.73265,-86653182747.54346,-86325610729.39543,-85997125226.83357,-85667725217.29391,-85337409646.54065,-85006177427.05444,-84674027436.37015,-84340958515.36282,-84006969466.48105,-83672059051.9248,-83336225991.76749,-82999468962.02087,-82661786592.6391,-82323177465.46393,-81983640112.10515,-81643173011.75827,-81301774588.95471,-80959443211.24493,-80616177186.81091,-80271974762.00687,-79926834118.82637,-79580753372.29276,-79233730567.77177,-78885763678.20395,-78536850601.25378,-78186989156.37411,-77836177081.78307,-77484412031.35114,-77131691571.39493,-76778013177.37715,-76423374230.50677,-76067772014.23988,-75711203710.67596,-75353666396.84756,-74995157040.90015,-74635672498.15851,-74275209507.07745,-73913764685.0714,-73551334524.22157,-73187915386.85565,-72823503500.99582,-72458094955.67337,-72091685696.1029,-71724271518.71408,-71355848066.03595,-70986410821.42899,-70615955103.66034,-70244476061.31819,-69871968667.0593,-69498427711.68436,-69123847798.03741,-68748223334.72246,-68371548529.63101,-67993817383.27661,-67615023681.92828,-67235160990.537415,-66854222645.45169,-66472201746.90792,-66089091151.29887,-65704883463.20404,-65319571027.17958,-64933145919.29649,-64545599938.4216,-64156924597.23076,-63767111112.94663,-63376150397.79142,-62984033049.14455,-62590749339.39661,-62196289205.48772,-61800642238.121445,-61403797670.64108,-61005744367.559006,-60606470812.72495,-60205965097.12262,-59804214906.28086,-59401207507.28568,-58996929735.37996,-58591367980.135735,-58184508171.18463,-57776335763.48962,-57366835722.14349,-56955992506.675446,-56543790054.849686,-56130211765.9365,-55715240483.437225,-55298858477.24447,-54881047425.21428,-54461788394.131744,-54041061820.04649,-53618847487.95411,-53195124510.80146,-52769871307.78834,-52343065581.94171,-51914684296.933846,-51484703653.11623,-51053099062.7413,-50619845124.33912,-50184915596.21916,-49748283369.06271,-49309920437.57289,-48869797871.14401,-48427885783.515686,-47984153301.37079,-47538568531.83736,-47091098528.85252,-46641709258.3443,-46190365562.18547,-45737031120.87217,-45281668414.87699,-44824238684.62603,-44364701889.04486,-43903016662.61839,-43439140270.90542,-42973028564.44759,-42504635931.00949,-42033915246.082886,-41560817821.58765,-41085293352.69624,-40607289862.708,-40126753645.89508,-39643629208.23746,-39157859205.96433,-38669384381.81168,-38178143498.90447,-37684073272.16668,-37187108297.15935,-36687180976.240326,-36184221441.93839,-35678157477.424126,-35168914433.96024,-34656415145.20635,-34140579838.244926,-33621326041.194977,-33098568487.26817,-32572219015.11844,-32042186465.327843,-38162665170.63827,-37610554222.86764,-37054267105.20515,-36493693840.55762,-35928720643.13887,-35359229779.468544,-42065378126.08749,-41470111358.97255,-40869742527.22598,-40264127559.903625,-39653117369.02784,-39036557665.22489,-27331784234.18741,-26738358339.21525,-26139288803.69194,-25534411639.415497,-24923557132.944984,-24306549631.60809,-16508698441.995293,-15903701043.678,-15292440118.40284,-14674729617.05333,-14050376977.233932,-13419182867.509796,-12780940919.702774,-12135437448.560995,-11482451158.074043,-10821752833.65355,-10153105019.34484,-9476261679.177065,-8790967841.693245,-8096959226.635788,-7393961852.685303,-6681691625.072525,-5959853901.794693,-5228143037.074234,-4486241900.594307,-3733821370.9368734,-2970539801.528389,-2196042457.2670364,-1409960919.8669128,-611912459.7994003,198500627.45298767,1021691723.2974854,1858090628.748024,2708144350.836724,3572317935.830536,4451095352.619347,5344980429.918793,6254497851.238701,7180194211.899506,8122639142.74546,9082426505.606384,10060175666.000816,11056532849.060692,12072172585.197464,13107799252.619362,14164148724.474497,15241990129.120209,16342127732.835213,17465402955.196632,18612696528.35939,19784930812.60548,20983072281.809784,22208134193.898834,23461179462.99833,24743323751.79416,26055738804.705925,27399656044.83393,28776370460.325867,30187244808.8908,31633714172.707157,33117290900.02692,34639569974.44624,36202234858.21044,37807063862.17591,39455937102.31873,41150844111.15335,42893892182.32196,44687315538.218056,46533485424.14591,48434921248.5897,50394302908.17227,52414484458.416245,54498509318.21999,56649627227.93518,58871313219.19049,61167288900.5401,63541546418.325645,65998375518.9722,68542394219.93283,71178583694.9994,73912328099.85529,76749460210.81442,79696313930.25885,82759784934.68997,85947401016.05972,89267404007.5116,92728845607.69669,96341699944.94997,100116996381.0376,104066976878.5934,108205283290.7911,112547181232.23398,118008237286.88448,122858107804.30591,127968163994.76456,133363119094.38211,139071309655.08734,145125407648.09833,151563298044.7839,158429163995.14874,165774832898.35165,173661450772.7306,182161570078.67712,191361758307.76016,201365862024.83798,212299094274.74112,224313152407.7552,237592617029.93646,252362926110.2394,268900248811.9606,287543572171.9003,308709194558.9814,332907446742.8128,360760510009.0528,393017947527.6554,430561383108.5302,474377958700.64703,525455330170.22217,584489567218.9651,651156561368.0691,722375050673.1306,788260430551.8127,822902083327.5294,764301488122.5483,476847889829.00903,-280651089256.859,-1787425884908.7756,0.0
197.0,-73134648868.58415,-72832557407.83609,-72529662331.69798,-72225962515.57684,-71921456812.74759,-71616144053.40479,-71310023043.68762,-71003092564.67809,-70695351371.36981,-70386798191.60938,-70077431725.00739,-69767250641.81952,-69456253581.79652,-69144439153.00204,-68831805930.59874,-68518352455.59992,-68204077233.58765,-67888978733.395004,-67573055385.75323,-67256305581.90102,-66938727672.15631,-66620319964.44928,-66301080722.81517,-65981008165.84639,-65660100465.10272,-65338355743.47829,-65015772073.524734,-64692347475.72852,-64368079916.74248,-64042967307.56917,-63717007501.69542,-63390198293.17679,-63062537414.67029,-62734022535.41464,-62404651259.155815,-62074421122.01686,-61743329590.310974,-61411374058.29538,-61078551845.86527,-60744860196.18536,-60410296273.25857,-60074857159.42847,-59738539852.81572,-59401341264.68459,-59063258216.73956,-58724287438.348526,-58384425563.69133,-58043669128.832535,-57702014568.7133,-57359458214.06419,-57015996288.2332,-56671624903.9285,-56326340059.8732,-55980137637.36901,-55633013396.767136,-55284962973.842926,-54935981876.07186,-54586065478.80456,-54235209021.33645,-53883407602.87083,-53530656178.37056,-53176949554.297005,-52822282384.23037,-52466649164.37033,-52110044228.91234,-51752461745.29537,-51393895709.31879,-51034339940.12238,-50673788075.02753,-50312233564.23351,-49949669665.36591,-49586089437.87122,-49221485737.25433,-48855851209.15348,-48489178283.24639,-48121459166.9847,-47752685839.14986,-47382850043.22414,-47011943280.57317,-46639956803.43178,-46266881607.68816,-45892708425.45979,-45517427717.45354,-45141029665.10458,-44763504162.48515,-44384840807.97739,-44005028895.70104,-43624057406.689125,-43241914999.80264,-42858590002.376495,-42474070400.58602,-42088343829.5275,-41701397563.0004,-41313218502.98304,-40923793168.79146,-40533107685.90936,-40141147774.47971,-39747898737.44541,-39353345448.32784,-38957472338.63055,-38560263384.8549,-38161702095.115456,-37761771495.34015,-37360454115.04239,-36957731972.64784,-36553586560.36406,-36147998828.57327,-35740949169.73482,-35332417401.77827,-34922382750.970245,-34510823834.2365,-34097718640.91931,-33683044513.95213,-33266778130.42881,-32848895481.54789,-32429371851.90838,-32008181798.135704,-31585299126.812424,-31160696871.690567,-30734347270.15841,-30306221738.93737,-29876290848.97949,-29444524299.53808,-29010890891.38212,-28575358499.123817,-28137894042.62661,-27698463457.4622,-27257031664.38218,-26813562537.76768,-26368018873.022484,-25920362352.87043,-25470553512.51773,-25018551703.64024,-24564315057.15232,-24107800444.71553,-23648963438.938995,-23187758272.22749,-22724137794.225742,-22258053427.81077,-21789455123.57863,-21318291312.771408,-20844508858.589447,-20368053005.828568,-19888867328.78431,-19406893677.35836,-18922072121.3043,-18434340892.543297,-17943636325.48291,-17449892795.26349,-16953042653.859695,-16453016163.958351,-15949741430.532158,-15443144330.02604,-14933148437.068192,-14419674948.617584,-13902642605.453545,-13381967610.909576,-12857563546.752518,-12329341286.10164,-11797208903.278618,-11261071580.476334,-16668715331.317368,-16106358240.356644,-15539454292.096428,-14967890660.987106,-14391550958.799149,-13810315116.71106,-19728512391.13481,-19116494141.91108,-18498972828.42757,-17875803736.134888,-17246837628.748016,-16611920603.63124,-6204307246.185928,-5592027369.351952,-4973670052.233276,-4349070775.1901245,-3718059831.425354,-3080462156.9466248,4168562290.3436966,4787981194.84182,5413942992.54747,6046630240.966286,6686231465.428894,7332941376.8053055,7986961098.46376,8648498402.932602,9317767958.747826,9994991587.99404,10680398535.078102,11374225747.297508,12076718167.800278,12788129041.561045,13508720235.03299,14238762570.167236,14978536173.525986,15728330841.252815,16488446420.69922,17259193209.544235,18040892373.28225,18833876381.993523,19638489467.348907,20455088100.839745,21284041494.2624,22125732123.521423,22980556276.851097,23848924628.586533,24731262839.646378,25628012185.90644,26539630215.669117,27466591437.43782,28409388039.20824,29368530640.477844,30344549078.147423,31337993227.447807,32349433858.96042,33379463532.70868,34428697530.1792,35497774824.973206,36587359092.585846,37698139759.55608,38830833091.9105,39986183322.42814,41164963815.76576,42367978269.88844,43596061951.517975,44850082962.43412,46130943532.38681,47439581333.08527,48776970806.16531,50144124496.14988,51542094377.14757,52971973159.29437,54434895557.655945,55932039502.3389,57464627263.79208,59033926461.53311,60641250917.6151,62287961307.815765,63975465553.476685,65705218884.79623,67478723491.74195,69297527661.06464,71163224276.50966,73077448533.45575,75041874687.8733,77058211621.51784,79128196959.20453,81253589418.07124,83436159000.76176,85677674561.78262,87979888175.63681,90344515612.7056,92773212079.28922,95267542195.67032,97828942963.02422,100458678197.25432,103157782573.95567,105926993019.60426,108766664682.2479,111676668098.70558,114656263417.59402,117703946604.63968,120817261406.60368,123992569429.79668,130792408514.22726,134294956712.0095,137852394876.39673,141454404466.62494,145087497192.8961,148734266665.66943,152372465385.81635,155973864726.64948,159502844594.81647,162914645362.6185,166153196425.55185,169148411973.83252,171812813391.23297,174037296557.88977,175685807851.24768,176588620521.1793,176533808468.03046,175256393175.9167,172424492636.73703,167621646211.41373,160324390355.67047,149874299835.9351,135444566345.573,116003962772.32364,90288683933.4551,56812200944.838455,13992053203.290817,-39408811884.62337,-103044703323.46777,-171810471990.90152,-228126495780.74332,-224427965813.7431,-49213396361.27688,509895965674.05927,1806856021945.9504,0.0
196.0,-53873358412.94761,-53579737908.74737,-53285413834.991104,-52990384783.21234,-52694649312.870926,-52398205950.37675,-52101053188.09079,-51803189483.3028,-51504613257.185234,-51205322893.72275,-50905316738.61662,-50604593098.16408,-50303150238.11134,-50000986382.48007,-49698099712.36666,-49394488364.71373,-49090150431.05319,-48785083956.21985,-48479286937.03605,-48172757320.965,-47865493004.73358,-47557491832.92294,-47248751596.5267,-46939270031.475655,-46629044817.12877,-46318073574.7285,-46006353865.82109,-45693883190.64003,-45380658986.45194,-45066678625.86439,-44751939415.09417,-44436438592.1955,-44120173325.247154,-43803140710.4974,-43485337770.46581,-43166761452.00017,-42847408624.28953,-42527276076.82878,-42206360517.33787,-41884658569.63008,-41562166771.43216,-41238881572.15138,-40914799330.59182,-40589916312.61532,-40264228688.74776,-39937732531.72867,-39610423814.0022,-39282298405.14901,-38953352069.25632,-38623580462.2253,-38292979129.01408,-37961543500.814125,-37629268892.159,-37296150497.96281,-36962183390.48716,-36627362516.2346,-36291682692.76569,-35955138605.43916,-35617724804.07123,-35279435699.51339,-34940265560.145195,-34600208508.28116,-34259258516.48685,-33917409403.804787,-33574654831.88468,-33230988301.01708,-32886403146.06729,-32540892532.30571,-32194449451.13314,-31847066715.696632,-31498736956.3938,-31149452616.26082,-30799205946.24272,-30447989000.34033,-30095793630.631927,-29742611482.164192,-29388433987.71092,-29033252362.39225,-28677057598.1532,-28319840458.0954,-27961591470.65799,-27602300923.643806,-27241958858.084183,-26880555061.93988,-26518079063.63089,-26154520125.39128,-25789867236.44242,-25424109105.97975,-25057234155.967285,-24689230513.732925,-24320086004.35893,-23949788142.861443,-23578324126.15148,-23205680824.770702,-22831844774.39554,-22456802167.10109,-22080538842.37828,-21703040277.895,-21324291579.99478,-20944277473.92298,-20562982293.77247,-20180389972.139915,-19796484029.48276,-19411247563.16828,-19024663236.20294,-18636713265.63462,-18247379410.61361,-17856642960.10491,-17464484720.237846,-17070885001.282982,-16675823604.243362,-16279279807.048592,-15881232350.33773,-15481659422.819298,-15080538646.193865,-14677847059.624908,-14273561103.74492,-13867656604.180237,-13460108754.58091,-13050892099.138023,-12639980514.574549,-12227347191.5906,-11812964615.74807,-11396804547.775612,-10978838003.276367,-10559035231.820114,-10137365695.399734,-9713798046.23352,-9288300103.89225,-8860838831.730812,-8431380312.602905,-7999889723.837013,-7566331311.451752,-7130668363.587013,-6692863183.127914,-6252877059.497627,-5810670239.594742,-5366201897.848923,-4919430105.37088,-4470311798.169434,-4018802744.4088745,-3564857510.680268,-3108429427.257103,-2649470552.3095703,-2187931635.045891,-1723762077.7532885,-1256909896.707466,-787321681.9216003,-314942555.7024536,160283870.01615143,638415537.5950165,1119511988.8978424,1603634411.8185885,2090845688.1610107,2581210442.902382,3074795094.8747177,3571667908.897423,4071899049.39402,4575560635.526093,5082726797.878029,5593473736.726685,814270050.0561905,1352067565.0938416,1893909981.376564,2439885739.4217453,2990085687.8349915,3544603148.0173645,-1696543960.189911,-1110154065.7684095,-518984558.0248184,77074476.7423935,678135805.6464386,1284315113.911934,10426848835.100174,11010457933.65178,11599303485.946754,12193510087.833694,12793205615.472689,13398521302.557014,20206136659.67949,20789579199.800182,21378485594.133698,21972991184.324257,22573235144.706543,23179360594.90064,23791514715.672585,24409848868.11811,25034518716.22209,25665684352.83672,26303510429.11413,26948166287.416504,27599826097.71413,28258668997.46481,28924879234.950195,29598646316.02185,30280165154.18245,30969636223.89965,31667265717.00962,32373265702.03106,33087854286.15741,33811255779.64109,34543700862.219284,35285426751.15237,36036677370.364204,36797703520.06957,37568763046.16102,38350121008.49474,39142049847.06335,39944829544.86631,40758747786.09037,41584100107.97999,42421190044.51001,43270329259.67209,44131837667.83097,45006043538.20614,45893283580.07076,46793903004.72473,47708255559.68708,48636703529.84673,49579617699.49374,50537377268.21986,51510369712.59065,52498990584.24384,53503643233.62367,54524738446.89047,55562693981.609215,56617933984.57668,57690888272.54419,58781991453.5671,59891681863.18752,61020400285.55745,62168588424.81993,63336687086.47023,64525134021.873,65734361381.43597,66964792712.93207,68216839430.865326,69490896670.29807,70787338423.82852,72106511843.00925,73448730564.87312,74814266899.7938,76203342687.83482,77616118596.13226,79052681588.56194,80513030249.56665,81997057584.88475,83504530850.92819,85035067879.19072,86588109259.16829,88162885619.02094,89758379092.8403,91373277881.05768,93005922588.99445,94654242758.82872,96315681681.22002,97987107170.64272,99664705495.95024,101343855053.4026,103018975626.65854,104683348163.81029,106328898873.91574,107945940052.92876,109522858326.86136,111045738868.01944,118358800290.38486,120041004956.61908,121627643748.94673,123091725315.52963,124400655145.00153,125515039785.73328,126387220031.20493,126959468567.39864,127161771872.93405,126909096716.05388,126098017617.65193,124602552269.09183,122269016184.51564,118909664952.31676,114294841660.21072,108143288194.8922,100110212741.01556,89772633542.10138,76611443095.45132,59989557584.81807,39125421727.05027,13060976218.433449,-19377211860.96444,-59626117525.68996,-109449500213.16736,-171031116341.45978,-247137051627.3789,-341448921521.2861,-459326778737.2677,-609640769717.0933,-809168687636.94,-1092636774453.6663,-1531790683681.0059,-2236174805378.6377,-2752572462456.4053,0.0
195.0,-36773884717.57474,-36493814305.2334,-36213152100.59207,-35931896691.78075,-35650046633.09031,-35367600444.15738,-35084556609.1348,-34800913575.84699,-34516669754.92972,-34231823518.95482,-33946373201.53892,-33660317096.43618,-33373653456.61481,-33086380493.31708,-32798496375.102264,-32509999226.873024,-32220887128.883827,-31931158115.73197,-31640810175.330864,-31349841247.864723,-31058249224.72485,-30766031947.42693,-30473187206.50944,-30179712740.41192,-29885606234.33421,-29590865319.07467,-29295487569.848274,-28999470505.083862,-28702811585.199654,-28405508211.357628,-28107557724.19532,-27808957402.535667,-27509704462.07337,-27209796054.038727,-26909229263.83717,-26608001109.664604,-26306108541.09883,-26003548437.66485,-25700317607.37561,-25396412785.24612,-25091830631.78117,-24786567731.435814,-24480620591.04883,-24173985638.24743,-23866659219.823265,-23558637600.079803,-23249916959.148994,-22940493391.278107,-22630362903.084976,-22319521411.78189,-22007964743.366623,-21695688630.78071,-21382688712.033783,-21068960528.292946,-20754499521.937737,-20439301034.578056,-20123360305.035706,-19806672467.28828,-19489232548.37422,-19171035466.25857,-18852076027.658524,-18532348925.82778,-18211848738.29802,-17890569924.5784,-17568506823.809853,-17245653652.374207,-16922004501.457855,-16597553334.566795,-16272293984.994064,-15946220153.236862,-15619325404.363068,-15291603165.324951,-14963046722.220385,-14633649217.498154,-14303403647.107697,-13972302857.591087,-13640339543.116112,-13307506242.44838,-12973795335.861862,-12639199041.985458,-12303709414.584463,-11967318339.275032,-11630017530.16983,-11291798526.453636,-10952652688.88633,-10612571196.232162,-10271545041.612823,-9929565028.782389,-9586621768.323029,-9242705673.757805,-8897806957.579956,-8551915627.195969,-8205021480.779816,-7857114103.036636,-7508182860.873711,-7158216898.975632,-6807205135.282074,-6455136256.364853,-6101998712.702873,-5747780713.851639,-5392470223.504631,-5036054954.44474,-4678522363.382187,-4319859645.676926,-3960053729.942375,-3599091272.5279846,-3236958651.877678,-2873641962.7612534,-2509127010.3765182,-2143399304.3184807,-1776444052.41362,-1408246154.4152756,-1038790195.5588456,-668060439.9725113,-296040823.94169617,77285050.97608948,451933924.988266,827922887.2592392,1205269383.259491,1583991222.2745895,1964106585.0767288,2345634031.760376,2728592509.744873,3113001361.945869,3498880335.117012,3886249588.364273,4275129701.833702,4665541685.574326,5057506988.576843,5451047507.988632,5846185598.505875,6242944081.942711,6641346256.976036,7041415909.066879,7443177320.554863,7846655280.925911,8251875097.249107,8658862604.780838,9067644177.731668,9478246740.19162,9890697777.209185,10305025346.016464,10721258087.394753,11139425237.171654,11559556637.83973,11981682750.28788,12405834665.631706,12832044117.130615,13260343492.176338,13690765844.336617,14123344905.43566,14558115097.65033,14995111545.600868,15434370088.410568,15875927291.7072,16319820459.536942,16766087646.1575,17214767667.675552,17665900113.487823,18119525357.48503,18575684568.97092,14309739791.25872,14790476347.227264,15274033456.164543,15760455802.0915,16249788801.174576,16742078601.018724,12032989906.978155,12554607938.376717,13079373785.117205,13607338681.873032,14138554465.97033,14673073553.103058,22632999758.30581,23145038441.674667,23660458967.723816,24179319009.083984,24701676930.61962,25227591761.722244,31739265392.972157,32242970031.934826,32750023755.63897,33260486196.12275,33774417856.030624,34291880092.456337,34812935097.686584,35337645876.549065,35866076220.04387,36398290674.90763,36934354508.7275,37474333670.18764,38018294743.99045,38566304899.95532,39118431835.74924,39674743712.65366,40235309083.716125,40800196813.5738,41369475989.16871,41943215820.50084,42521485530.48338,43104354232.87515,43691890797.16737,44284163699.19141,44881240856.09891,45483189444.22815,46090075698.2318,46701964689.67569,47318920083.1461,47941003867.70471,48568276061.317856,49200794385.64693,49838613908.32532,50481786649.555954,51130361149.541695,51784381992.90616,52443889285.86621,53108918081.48418,53779497747.83975,54455651273.431015,55137394503.51378,55824735300.43385,56517672620.2728,57216195497.318985,57920281926.97314,58629897636.70163,59344994733.54087,60065510215.43024,60791364332.286026,61522458781.21933,62258674718.62982,62999870570.05367,63745879616.594666,64496507334.506905,65251528461.99764,66010683764.56917,66773676467.19122,67540168318.2773,68309775246.80525,69082062569.95796,69856539704.35458,70632654329.27998,71409785945.3053,72187238766.3237,72964233877.33353,73739900584.31335,74513266876.3122,75283248913.5262,76048639448.75067,76808095083.39206,77560122253.4156,78303061835.51376,79035072259.83305,79754111013.31593,80457914417.81354,81143975570.47083,81809520341.61783,82451481338.93723,83066469767.8016,83650745148.65506,84200182895.95686,84710239823.09045,85175917718.20032,85591725242.84186,85951638545.69919,86249061166.61044,93080569123.20122,93494104396.16356,93827833156.14568,94072188262.40076,94216706944.22876,94249978917.16293,94159601692.469,93932147611.44852,93553148857.78752,93007109083.31535,92277553596.82675,91347134692.08194,90197815148.19495,88811161902.45697,87168794200.31027,85253047043.93384,83047932094.86761,80540503904.24332,77722766286.55542,74594272469.09406,71165561074.73651,67462480516.360664,63531193200.09867,59443046213.10652,55297260845.660126,51217126401.93884,47331730072.98187,43730635712.20166,40376802243.31065,36975627594.07548,32857375031.429516,27099579873.548317,19462862365.4242,12908204435.588903,14403722412.6475,0.0
194.0,-21806231567.09968,-21544187539.22377,-21281675327.564804,-21018693804.31905,-20755241813.101746,-20491318168.42804,-20226921655.189484,-19962051028.12639,-19696705011.295418,-19430882297.53388,-19164581547.91905,-18897801391.2241,-18630540423.36998,-18362797206.873184,-18094570270.29059,-17825858107.659866,-17556659177.937088,-17286971904.430557,-17016794674.231829,-16746125837.643349,-16474963707.603577,-16203306559.10868,-15931152628.6325,-15658500113.543327,-15385347171.518875,-15111691919.958832,-14837532435.395935,-14562866752.9049,-14287692865.510254,-14012008723.592585,-13735812234.2938,-13459101260.921867,-13181873622.35437,-12904127092.442469,-12625859399.414225,-12347068225.278276,-12067751205.228302,-11787905927.04766,-11507529930.515892,-11226620706.815926,-10945175697.943512,-10663192296.118423,-10380667843.198423,-10097599630.095688,-9813984896.196594,-9529820828.785286,-9245104562.470856,-8959833178.619469,-8674003704.790787,-8387613114.180298,-8100658325.067123,-7813136200.268326,-7525043546.599998,-7236377114.345779,-6947133596.733276,-6657309629.419144,-6366901789.983017,-6075906597.431625,-5784320511.712723,-5492139933.2406845,-5199361202.433495,-4905980599.262421,-4611994342.814652,-4317398590.870377,-4022189439.494644,-3726362922.644157,-3429915011.7918777,-3132841615.568077,-2835138579.420265,-2536801685.2924194,-2237826651.32473,-1938209131.574585,-1637944715.760437,-1337028929.029274,-1035457231.7490004,-733225019.3271561,-430327622.0570297,-126760304.99256134,177481732.14627838,482403355.0366058,788009494.7824173,1094305147.90905,1401295376.3221512,1708985307.2272873,2017380133.010086,2326485111.073845,2636305563.6340027,2946846877.4656525,3258114503.6033096,3570113956.9903107,3882850816.0747375,4196330722.3508606,4510559379.841766,4825542554.522224,5141286073.67746,5457795825.195244,5775077756.789513,6093137875.149956,6411982245.015884,6731616988.170219,7052048282.349464,7373282360.06707,7695325507.343689,8018184062.34198,8341864413.901489,8666372999.966454,8991716305.904388,9317900862.708311,9644933245.077408,9972820069.37066,10301567991.426931,10631183704.244797,10961673935.51635,11293045445.00608,11625305021.768633,11958459481.197355,12292515661.894302,12627480422.353895,12963360637.450493,13300163194.719933,13637894990.424795,13976562925.39309,14316173900.617508,14656734812.604492,14998252548.459764,15340733980.696615,15684185961.753263,16028615318.203705,16374028844.646942,16720433297.256836,17067835386.976204,17416241772.33542,17765659051.87648,18116093756.16166,18467552339.34468,18820041170.2815,19173566523.1556,19528134567.59277,19883751358.237686,20240422823.763,20598154755.281136,20956952794.12569,21316822418.969643,21677768932.242043,22039797445.807663,22402912865.867523,22767119877.037903,23132422925.56272,23498826201.61196,23866333620.615448,24234948803.57702,24604675056.31497,24975515347.56691,25347472285.895905,25720548095.33117,26094744589.6718,26470063145.378,26846504672.97044,27224069586.85241,27602757773.46572,27982568557.68556,24106559049.45552,24505968306.763588,24906562129.28627,25308334399.83642,25711278038.328667,26115384944.977905,21785995966.6912,22214522933.098305,22644078720.9556,23074648984.007904,23506217848.48021,23938767820.86621,30835959232.61056,31246469132.15801,31657981396.25766,32070479401.907063,32483944773.80785,32898357276.04992,39257357049.4453,39652361810.40613,40048110097.54639,40444579035.54538,40841743780.68596,41239577399.199135,41638050738.34367,42037132289.77496,42436788044.72597,42836981340.49644,43237672697.71096,43638819647.777466,44040376549.93593,44442294397.25711,44844520610.90298,45246998821.92531,45649668639.83075,46052465407.096176,46455319938.76749,46858158246.22578,47260901244.15057,47663464439.65369,48065757602.50037,48467684415.27501,48869142102.28546,49270021035.93932,49670204319.26013,50069567343.14647,50467977316.91528,50865292770.60194,51261363027.43348,51656027644.82869,52049115822.22628,52440445773.99519,52829824065.64189,53217044911.50366,53601889432.10461,53984124869.36054,54363503757.85056,54739763050.4394,55112623196.63488,55481787172.21959,55846939458.90212,56207744973.02207,56563847942.71367,56914870733.417564,57260412622.25072,57600048522.52711,57933327660.70778,58259772209.28722,58578875880.65597,58890102488.86912,59192884488.591606,59486621503.36871,59770678858.91,60044386141.41838,60307035806.31957,60557881869.269424,60796138719.299706,61020980103.7278,61231538346.40956,61426903875.52644,61606125154.98607,61768209135.39681,61912122367.36456,62036792952.66377,62141113549.02371,62223945693.541016,62284125770.15088,62320473020.77054,62331800090.81479,62316926711.75841,62274697261.13488,62204003109.887245,62103810875.80888,61973197959.24935,61811397054.8528,61617851725.1875,61392285606.51982,61134788415.80321,60845922668.65627,60526855934.79513,60179524592.3697,59806836448.417984,59412921334.14617,59003440941.35568,64412065866.31027,64116862428.0904,63826940625.2092,63557047596.663315,63326251669.42972,63159015956.44342,63086532466.13513,63148379969.42476,63394584064.127174,63888176550.48041,64708374078.77684,65954523833.08017,67750997638.0567,70253256264.18613,73655353919.68083,78199210282.55159,84186046023.42752,91990461765.75656,102077749474.62212,115025182759.86993,131548295252.33435,152533659657.26407,179080743504.79977,212557782981.48315,254681991763.77234,307646711636.1388,374346182266.0245,458812434239.2352,567122675445.15,709353294760.414,903817518286.414,1185906992316.8943,1623160979922.302,2305644880824.248,2733140479263.6973,0.0
193.0,-8902624594.521652,-8662350269.034409,-8421740827.928589,-8180795664.022736,-7939514151.525833,-7697895645.872566,-7455939483.564255,-7213644982.016479,-6971011439.413712,-6728038134.57103,-6484724326.803169,-6241069255.8023,-5997072141.523537,-5752732184.079964,-5508048563.646622,-5263020440.374565,-5017646954.315262,-4771927225.355713,-4525860353.164917,-4279445417.152695,-4032681476.4402313,-3785567569.844551,-3538102715.875786,-3290285912.749405,-3042116138.4131927,-2793592350.5893707,-2544713486.8337708,-2295478464.611412,-2045886181.389992,-1795935514.751709,-1545625322.524742,-1294954442.934227,-1043921694.7745744,-792525877.6033783,-540765771.9580154,-288640139.5958176,-36147723.75879669,216712750.5363769,469942576.1811447,723543063.6311646,977515540.5329896,1231861351.321579,1486581856.7862017,1741678433.6046906,1997152473.8442688,2253005384.427185,2509238586.561233,2765853515.1321564,3022851618.057556,3280234355.6006546,3538003199.6422424,3796159632.909348,4054705148.158928,4313641247.315216,4572969440.558334,4832691245.363525,5092808185.487892,5353321789.903427,5614233591.6747055,5875545126.778122,6137257932.86203,6399373547.943871,6661893509.043922,6924819350.751808,7188152603.724213,7451894793.111114,7716047436.907799,7980612044.230309,8245590113.511276,8510983130.613632,8776792566.858719,9043019876.966516,9309666496.904068,9576733841.63935,9844223302.79731,10112136246.213768,10380474009.384468,10649237898.805542,10918429187.200363,11188049110.630323,11458098865.484468,11728579605.343376,11999492437.71418,12270838420.630432,12542618559.11345,12814833801.489296,13087485035.556458,13360573084.599274,13634098703.24122,13908062573.132215,14182465298.46476,14457307401.3115,14732589316.779127,15008311387.971603,15284473860.755089,15561076878.318537,15838120475.52208,16115604573.025848,16393528971.190445,16671893343.741776,16950697231.191856,17229940034.00525,17509621005.503777,17789739244.49832,18070293687.63948,18351283101.474594,18632706074.20279,18914561007.114967,19196846105.70878,19479559370.46498,19762698587.274178,20046261317.49991,20330244887.6656,20614646378.750214,20899462615.079178,21184690152.794533,21470325267.88958,21756363943.79044,22042801858.46884,22329634371.067284,22616856508.018944,22904462948.643105,23192448010.195587,23480805632.35428,23769529361.11792,24058612332.09508,24348047253.161182,24637826386.458,24927941529.71138,25218383996.840004,25509144597.82798,25800213617.833267,26091580795.50092,26383235300.45125,26675165709.91005,26967359984.447136,27259805442.78813,27552488735.663025,27845395818.65326,28138511923.99709,28431821531.312767,28725308337.19493,29018955223.63992,29312744225.252625,29606656495.18593,29900672269.76065,30194770831.71356,30488930472.01673,30783128450.209827,31077340953.18541,31371543052.36192,31665708659.179405,31959810478.847763,32253819962.274723,32547707256.09885,32841441150.74661,33134989026.43241,33428316797.01397,33721388851.61281,34014167993.904987,34306615378.98416,30709759695.980083,31015614722.17321,31320988550.73597,31625830189.41282,31930086415.04858,32233701685.12951,28146432325.124176,28469026512.82373,28790543069.118134,29110912034.76309,29430060480.39538,29747912385.17874,35724917416.81873,36021755861.6544,36317263186.17546,36611360515.98788,36903965592.68097,37194992631.30063,43507678498.080826,43784192001.40593,44058964175.62358,44331904064.30408,44602916818.86678,44871903525.81897,45138761025.90378,45403381724.77035,45665653394.76373,45925458967.41583,46182676316.19957,46437178029.09729,46688831170.51221,46937497032.03989,47183030871.600296,47425281640.41708,47664091697.3152,47899296509.80084,48130724341.3723,48358195924.507904,48581524118.76924,48800513553.4591,49014960254.27614,49224651253.41728,49429364182.594826,49628866848.45592,49822916789.92673,50011260817.04241,50193634530.881424,50369761824.28931,50539354363.16579,50702111048.19261,50857717457.010704,51005845267.01199,51146151659.09712,51278278702.97919,51401852724.878525,51516483658.77171,51621764382.7368,51717270042.37439,51802557363.80988,51877163959.39003,51940607629.90624,51992385668.012085,52031974168.48679,52058827352.13712,52072376911.46785,52072031387.80986,52057175591.41056,52027170078.10597,51981350698.671165,51919028239.81078,51839488179.11452,51741990580.20827,51625770158.89668,51490036556.41255,51333974862.11012,51156746435.20039,50957490083.62361,50735323668.0968,50489346211.02282,50218640603.60933,49922277020.58804,49599317170.78046,49248819533.95155,48869845760.56216,48461468441.91243,48022780494.695175,47552906447.22408,47051015965.921234,46516340021.62357,45948190167.89766,45345981490.17435,44709259888.09929,44037734477.54578,43331316047.68622,42590162687.67536,41814733913.5166,41005854886.666725,40164792631.96178,39293346545.9212,38393955952.81168,37469828034.02815,36525090150.05574,35564971422.70235,34596019484.79213,38057402113.763,37121069477.43559,36193785514.16603,35289360258.68718,34424829985.9534,33621128266.30793,32903899710.698578,32304488242.56662,31861139091.61051,31620462757.19516,31639220293.494537,31986502832.339798,32746394724.05874,34021229461.843414,35935570921.323364,38641079143.21716,42322448297.63423,47204629555.513115,53561559971.84505,61726576717.82952,72104522869.96051,85185052107.706,101555353909.35452,121907360076.00162,147026901477.2655,177734280162.21326,214703385802.23697,257987700541.3238,305853613253.225,352007872301.91797,379219604437.8471,345488317896.1913,158733357606.21454,-344123510733.14215,-1395416949217.339,0.0
192.0,2039248490.754387,2254859759.354706,2470668100.325836,2686673456.165962,2902875776.222656,3119275016.527603,3335871139.6164017,3552664114.3337936,3769653915.6227264,3986840524.2973022,4204223926.798821,4421804114.934242,4639581085.596245,4857554840.464577,5075725385.687607,5294092731.543587,5512656892.0807495,5731417884.735588,5950375729.928307,6169530450.634811,6388882071.93425,6608430620.531349,6828176124.252647,7048118611.515411,7268258110.7686,7488594649.904594,7709128255.641312,7929858952.872253,8150786763.985023,8371911708.146461,8593233800.552376,8814753051.64273,9036469466.27858,9258383042.881777,9480493772.534187,9702801638.036606,9925306612.92476,10148008660.442116,10370907732.466454,10594003768.39051,10817296693.953377,11040786420.022491,11264472841.323318,11488355835.115486,11712435259.813995,11936710953.552902,12161182732.689829,12385850390.249573,12610713694.304377,12835772386.289146,13061026179.24897,13286474756.017237,13512117767.321602,13737954829.815628,13963985524.033531,14190209392.265615,14416625936.351738,14643234615.389786,14870034843.3571,15097025986.64106,15324207361.476524,15551578231.28692,15779137803.925438,16006885228.813606,16234819593.97335,16462939922.949623,16691245171.619553,16919734224.884186,17148405893.240145,17377258909.22563,17606291923.73784,17835503502.21746,18064892120.69522,18294456161.69669,18524193910.000595,18754103548.245483,18984183152.38005,19214430686.95204,19444844000.230644,19675420819.15632,19906158744.113144,20137055243.517456,20368107648.216827,20599313145.693497,20830668774.065475,21062171415.87905,21293817791.685654,21525604453.395973,21757527777.404816,21989583957.47788,22221768997.394287,22454078703.335083,22686508676.011284,22919054302.52182,23151710747.93253,23384472946.567863,23617335593.00518,23850293132.762497,24083339752.66933,24316469370.91005,24549675626.73014,24782951869.793167,25016291149.17746,25249686202.001102,25483129441.66293,25716612945.686447,25950128443.15489,26183667301.7228,26417220514.19131,26650778684.632404,26884332014.04763,27117870285.545982,27351382849.025684,27584858605.34296,27818285989.95177,28051652955.997272,28284946956.8446,28518154928.02577,28751263268.58385,28984257821.797703,29217123855.2638,29449846040.31766,29682408430.77033,29914794440.94012,30146986822.95549,30378967643.30601,30610718258.616764,30842219290.62125,31073450600.307125,31304391261.2075,31535019531.810947,31765312827.061302,31995247688.91845,32224799755.949345,32453943731.918537,32682653353.346523,32910901356.00129,33138659440.291435,33365898235.52313,33592587262.98662,33818694897.83436,34044188329.711544,34269033522.10128,34493195170.34141,34716636658.27289,34939320013.47531,35161205861.04541,35382253375.872635,35602420233.36474,35821662558.57466,36039934873.67845,36257190043.75338,36473379220.80282,36688451785.97357,36902355289.90971,37115035391.18534,37326435792.75752,37536498176.37738,37745162134.89879,37952365102.4182,38158042282.18263,34756203579.019165,34969275099.58423,35180522728.80206,35389866546.97432,35597223823.53728,35802508925.801186,31846842488.291607,32066998203.07328,32284426303.294136,32499023176.53748,32710681754.11055,32919291400.29944,38127993832.303696,38317376237.5273,38503639535.20106,38686668305.12627,38866343242.87206,39042541031.46374,45358791806.599686,45526068684.33504,45689759252.35716,45849733643.06621,46005857483.82667,46157991733.97245,46305992515.76384,46449710939.091255,46588992919.71858,46723678990.85652,46853604107.85576,46978597445.81141,47098482189.86758,47213075318.01962,47322187376.21092,47425622245.53082,47523176901.32761,47614641164.06254,47699797441.74483,47778420463.80566,47850277006.28978,47915125608.27215,47972716279.43358,48022790198.77117,48065079404.45869,48099306474.92405,48125184201.26995,48142415251.23027,48150691824.93506,48149695302.84338,48139095886.30893,48118552231.35748,48087711076.389145,48046206864.6684,47993661362.63271,47929683275.24319,47853867859.81309,47765796539.98813,47665036521.822205,47551140414.18306,47423645856.05376,47282075153.65283,47125934930.693146,46954715795.52751,46767892029.39777,46564921300.50409,46345244409.14591,46108285069.75069,45853449736.19693,45580127477.43263,45287689911.00224,44975491202.67336,44642868140.898834,44289140295.31546,43913610268.82201,43515564052.94189,43094271496.078766,42648986893.82039,42178949709.50401,41683385431.66966,41161506572.575226,40612513808.37421,40035597256.51874,39429937879.020096,38794708990.83448,38129077840.17252,37432207211.07861,36703256977.1368,35941385507.252945,35145750788.46254,34315511084.46911,33449824889.47247,32547849861.456684,31608740323.29936,30631642798.616413,29615688895.682487,28559984658.913982,27463595263.21416,26325523619.33509,25144681072.737576,23919847894.820667,22649620659.89918,21332342844.26435,19966014038.591244,18548171986.94224,17075740199.729584,18709008955.593426,17139180006.478264,15495964276.199337,13771728645.744873,11956765512.200611,10038691043.92918,8001680679.388824,5825500389.562649,3484282332.286396,944981542.3214455,-1834564091.8018532,-4908065404.343815,-8343819912.962967,-12228493873.88306,-16671811451.71379,-21812340365.747513,-27824587374.379036,-34927630979.241356,-43395505693.58427,-53569473688.47911,-65872088034.16262,-80822365244.81192,-99049974015.28345,-121303014057.98158,-148436129107.60715,-181347334652.7147,-220788943579.64957,-266877724875.46045,-317898128088.4954,-367471936743.5867,-398071396389.6408,-366995209276.81055,-180657333390.65836,327969111045.36664,1394107574610.224,0.0
191.0,11151626796.152445,11340615802.122335,11529664729.281334,11718772822.950974,11907939324.664345,12097163471.764908,12286444496.98629,12475781628.012314,12665174087.016195,12854621090.178612,13044121847.18386,13233675560.693275,13423281425.795128,13612938629.43039,13802646349.793203,13992403755.705923,14182210005.96688,14372064248.670998,14561965620.501589,14751913245.99279,14941906236.761711,15131943690.708849,15322024691.186386,15512148306.13301,15702313587.17376,15892519568.68473,16082765266.82064,16273049678.50428,16463371780.37709,16653730527.708832,16844124853.26584,17034553666.135803,17225015850.508347,17415510264.40963,17606035738.389214,17796591074.15863,17987175043.17917,18177786385.19774,18368423806.72893,18559085979.482086,18749771538.73079,18940479081.623924,19131207165.435738,19321954305.75309,19512718974.59874,19703499598.487167,19894294556.412285,20085102177.76417,20275920740.17248,20466748467.2748,20657583526.40712,20848424026.214493,21039268014.17846,21230113474.06025,21420958323.25528,21611800410.057625,21802637510.83108,21993467327.083885,22184287482.4444,22375095519.53441,22565888896.73706,22756664984.856163,22947421063.66347,23138154318.330387,23328861835.740646,23519540600.680744,23710187491.90311,23900799278.05981,24091372613.50117,24281904033.93659,24472389951.95196,24662826652.3809,24853210287.523445,25043536872.20936,25233802278.699883,25424002231.424225,25614132301.54423,25804187901.34376,25994164278.436016,26184056509.78424,26373859495.52906,26563567952.618176,26753176408.230423,26942679192.98997,27132070433.962727,27321344047.429222,27510493731.42721,27699512958.05633,27888394965.5387,28077132750.02715,28265719057.15432,28454146373.314068,28642406916.66777,28830492627.867188,29018395160.485115,29206105871.1454,29393615809.343246,29580915706.94692,29767995967.370983,29954846654.411163,30141457480.732025,30327817795.995754,30513916574.62248,30699742403.17092,30885283467.32849,31070527538.49916,31255461959.97802,31440073632.699497,31624349000.54804,31808274035.21811,31991834220.61026,32175014536.750603,32357799443.220097,32540172862.07888,32722118160.27269,32903618131.50533,33084654977.56343,33265210289.07774,33445265025.704884,33624799495.714497,33803793334.96448,33982225485.2482,34160074171.99629,34337316881.31596,34513930336.34926,34689890472.93338,34865172414.543175,35039750446.497665,35213597989.41183,35386687571.87298,35558990802.322586,35730478340.12355,35901119865.79141,36070884050.36975,36239738523.9279,36407649843.15968,36574583458.06181,36740503677.66928,36905373634.82607,37069155249.96901,37231809193.90119,37393294849.53292,37553570272.56728,37712592151.10674,37870315764.158295,38026694939.0131,38181682007.47899,38335227760.940704,38487281404.226425,38637790508.25743,38786700961.45727,38933956919.89902,39079500756.1684,39223273006.92075,39365212319.11009,39505255394.87146,39643336935.03433,39779389581.24896,39913343856.707405,40045128105.44092,40174668430.17795,36915730311.85574,37047944494.60034,37177556997.1808,37304479725.42546,37428621911.19853,37549890041.5086,33642906112.76878,33777716950.36882,33908892348.874283,34036321554.118763,34159890767.57551,34279483073.47753,38870411581.493576,38973425896.50676,39072390846.49394,39167185079.21266,39257683917.178894,39343759277.44528,45656038980.567154,45738237289.6938,45815954774.76212,45889056871.68896,45957405149.05399,46020857200.597565,46079266535.18222,46132482464.2047,46180349986.45096,46222709670.39072,46259397533.91526,46290244921.53015,46315078379.019,46333719525.60719,46345984923.659164,46351685945.95671,46350628640.61366,46342613593.69548,46327435789.62507,46304884469.46811,46274742987.207535,46236788664.13014,46190792641.4658,46136519731.43433,46073728266.87607,46002169949.65349,45921589698.03601,45831725493.29164,45732308225.72807,45623061540.44128,45503701683.04175,45373937345.638885,45233469513.370255,45081991311.76196,44919187855.19914,44744736096.76849,44558304679.70473,44359553790.62498,44148135014.67197,43923691192.5905,43685856279.63864,43434255206.07047,43168503738.71095,42888208342.86629,42592966043.46236,42282364283.85143,41955980780.16902,41613383368.41278,41254129840.53827,40877767764.76773,40483834283.95729,40071855884.18545,39641348123.66089,39191815309.49922,38722750106.78247,38233633060.47276,37723932006.024506,37193101338.75778,36640581104.96063,36065795869.01085,35468153300.17894,34847042409.774734,34201831353.392025,33531864693.54686,32836459994.19709,32114903589.504093,31366445333.55056,30590292094.0942,29785599700.00679,28951462986.603462,28086903502.84968,27190854346.0971,26262141469.34415,25299460657.91876,24301349190.577564,23266150976.43756,22191973684.178837,21076636041.522305,19917603066.15873,18711906475.56473,17456046889.50059,16145873656.950386,14776437173.412865,13341807360.881954,11834850507.01014,10246954834.178036,10613015267.27557,8896377343.451508,7064546794.497318,5099533693.640228,2979322594.5810013,676928798.6203728,-1840770029.0660057,-4614481253.015339,-7694291332.32122,-11141890767.317377,-15033334710.445824,-19462469576.442184,-24545187714.325073,-30424711617.554855,-37278158229.53426,-45324695394.594696,-54835680549.313095,-66147273277.97647,-79676151292.67123,-95939160102.9484,-115578047447.98254,-139391004397.43344,-168373857468.0162,-203776139318.94455,-247182586067.13647,-300642827271.44244,-366900440138.8271,-449838586516.9124,-555411147420.9061,-693665828387.8429,-883160552857.6062,-1160180258869.202,-1594475190621.6038,-2281675217003.069,-2741595345918.0234,0.0
190.0,18590878039.66674,18752256477.031105,18913564885.96324,19074801888.73941,19235966096.642456,19397056109.46572,19558070514.997986,19719007888.487915,19879866792.0886,20040645774.280296,20201343369.27182,20361958096.37905,20522488459.38049,20682932945.848724,20843290026.45732,21003558154.26221,21163735763.95716,21323821271.10173,21483813071.322063,21643709539.482506,21803509028.82803,21963209870.09592,22122810370.59651,22282308813.26161,22441703455.65896,22600992528.9736,22760174236.953087,22919246754.816647,23078208228.12688,23237056771.622986,23395790468.01438,23554407366.732845,23712905482.643635,23871282794.712044,24029537244.6263,24187666735.37384,24345669129.77068,24503542248.94175,24661283870.7513,24818891728.181347,24976363507.657364,25133696847.318752,25290889335.23324,25447938507.55326,25604841846.612408,25761596778.960663,25918200673.33593,26074650838.57098,26230944521.43291,26387078904.393784,26543051103.33008,26698858165.149246,26854497065.34096,27009964705.45079,27165257910.4744,27320373426.169613,27475307916.28425,27630057959.69691,27784620047.468555,27938990579.80236,28093165862.908413,28247142105.77184,28400915416.82013,28554481800.48788,28707837153.675484,28860977262.098644,29013897796.52593,29166594308.90092,29319062228.34566,29471296857.04215,29623293365.98815,29775046790.624138,29926552026.32719,30077803823.76864,30228796784.131145,30379525354.181355,30529983821.19428,30680166307.72496,30830066766.223087,30979678973.48665,31128996524.94935,31278012828.79781,31426721099.91357,31575114353.634968,31723185399.33397,31870926833.802788,32018331034.44538,32165390152.26771,32312096104.662346,32458440567.980656,32604414969.887848,32750010481.494007,32895218009.25621,33040028186.6444,33184431365.56551,33328417607.53928,33471976674.618813,33615098020.04943,33757770778.659283,33899983756.9737,34041725423.04764,34182983896.00728,34323746935.294792,34464001929.60766,34603735885.52547,34742935415.81598,34881586727.41293,35019675609.05643,35157187418.589386,35294107069.89983,35430419019.501816,35566107252.74548,35701155269.64874,35835546070.33983,35969262140.10393,36102285434.02301,36234597361.20118,36366178768.5652,36497009924.23137,36627070500.43023,36756339555.97792,36884795518.28662,37012416164.9034,37139178604.56894,37265059257.78574,37390033836.88779,37514077325.60069,37637163958.08497,37759267197.451614,37880359713.74202,38000413361.36308,38119399155.96919,38237287250.78162,38354046912.338745,38469646495.66803,38584053418.87262,38697234137.12544,38809154116.064285,38919777804.581055,39029068607.00041,39136988854.64159,39243499776.75998,39348561470.86432,39452132872.40633,39554171723.84117,39654634543.05747,39753476591.17706,39850651839.7247,39946112937.171295,40039811174.853615,40131696452.27487,40221717241.79447,40309820552.7136,40395951894.76765,40480055241.037415,40562072990.29268,40641945928.78587,40719613191.51234,40795012222.9615,40868078737.38023,40938746678.57736,37799792322.77191,37870310948.724304,37938102073.50093,38003089325.78608,38065194347.48497,38124336754.79727,34200931768.77877,34275836913.47681,34347022342.69722,34414393872.92029,34477855288.22252,34537308314.32704,38651430007.6127,38697810130.72415,38740143012.8509,38778328243.63997,38812263340.93125,38841843730.28865,45100113430.315125,45129542378.63408,45154601888.098434,45175182416.17973,45191172029.44832,45202456370.91444,45208918628.34384,45210439503.67372,45206897183.66016,45198167311.8942,45184122962.3324,45164634614.49079,45139570130.459305,45108794733.89786,45072170991.18103,45029558794.8602,44980815349.61778,44925795160.88637,44864350026.30877,44796329030.21084,44721578541.25558,44639942213.44086,44551260990.592026,44455373114.48645,44352114136.73114,44241316934.48741,44122811730.11073,43996426114.73322,43861985075.77596,43719311028.31833,43568223850.19158,43408540920.58115,43240077161.83287,43062645084.04628,42876054831.9108,42680114233.09033,42474628847.2848,42259402014.89366,42034234903.97,41798926553.87869,41553273913.75674,41297071873.510574,41030113284.66727,40752188967.91596,40463087703.632935,40162596201.052986,39850499041.04271,39526578586.61952,39190614854.44249,38842385339.46149,38481664783.73661,38108224879.117096,37721833891.9798,37322256196.5614,36909251701.55512,36482575152.56731,36041975290.72925,35587193845.22249,35117964334.68175,34634010649.40517,34135045382.99908,33620767878.55637,33090861950.71419,32544993241.0202,31982806160.01385,31403920365.415607,30807926721.949,30194382684.81089,29562807045.929115,28912673980.286915,28243406329.236423,27554368059.542507,26844855841.72398,26114089700.21527,25361202702.348213,24585229674.956005,23785094968.79488,22959599334.800213,22107406035.98639,21227026398.93651,20316805114.65758,19374905736.591908,18399297001.55649,17387740826.523277,16337783121.143969,15246748914.91883,14775254194.203716,13673020848.571667,12525403680.277412,11328721587.848675,10079026811.056614,8772153799.190071,7403798108.591736,5969634286.775135,4465483441.8990555,2887542976.029129,1232692602.3435059,-501108019.6100769,-2314314363.9418945,-4205170401.937561,-6168949633.444561,-8197061045.683849,-10276031335.371933,-12386398117.256805,-14501586068.312096,-16586895563.23943,-18598820370.100258,-20485038041.03276,-22185589754.836807,-23635963572.768368,-24772896157.38073,-25543310314.052376,-25914804157.6369,-25879927193.123325,-25431365652.102283,-24456662328.583042,-22473494519.1736,-18202598294.529057,-9521435203.874125,3857664725.0731106,14308124009.193508,0.0
189.0,24530850252.55594,24664582702.144016,24798128166.31629,24931484799.33053,25064650741.965187,25197624121.08133,25330403049.170174,25462985623.88476,25595369927.556053,25727554026.69238,25859535971.46239,25991313795.160545,26122885513.654804,26254249124.816364,26385402607.930088,26516343923.086166,26647071010.55154,26777581790.121098,26907874160.44786,27037945998.351505,27167795158.10485,27297419470.697445,27426816743.07591,27555984757.359768,27684921270.033146,27813624011.11057,27942090683.27668,28070318960.999336,28198306489.614937,28326050884.385345,28453549729.52566,28580800577.20224,28707800946.49969,28834548322.35648,28961040154.46779,29087273856.155296,29213246803.20248,29338956332.65466,29464399741.58303,29589574285.81159,29714477178.60536,29839105589.32028,29963456642.01184,30087527414.00312,30211314934.409992,30334816182.62263,30458028086.742577,30580947521.9732,30703571308.963505,30825896212.103065,30947918937.76708,31069636132.51056,31191044381.20984,31312140205.150085,31432920060.057453,31553380334.07469,31673517345.67801,31793327341.53424,31912806494.29668,32031950900.337666,32150756577.41641,32269219462.280453,32387335408.19897,32505100182.426064,32622509463.592167,32739558839.022247,32856243801.97784,32972559748.82184,33088501976.104134,33204065677.56525,33319245941.056355,33434037745.37387,33548435957.00606,33662435326.789104,33776030486.47105,33889215945.18133,34001986085.80224,34114335161.24188,34226257290.604507,34337746455.256683,34448796494.785904,34559401102.85031,34669553822.91522,34779248043.87537,34888476995.55856,34997233744.10975,35105511187.25052,35213302049.413124,35320598876.74486,35427394031.98016,35533679689.17749,35639447828.31795,35744690229.762146,35849398468.56282,35953563908.62933,36057177696.74132,36160230756.40817,36262713781.57051,36364617230.14172,36465931317.38411,36566646009.11871,36666751014.76345,36766235780.19743,36865089480.44756,36963301012.19406,37060858986.09168,37157751718.90381,37253967225.44421,37349493210.32599,37444317059.51203,37538425831.6648,37631806249.29226,37724444689.68708,37816327175.65488,37907439366.030426,37997766545.97711,38087293617.0688,38176005087.14957,38263885059.97048,38350917224.60041,38437084844.608665,38522370747.01802,38606757311.02612,38690226456.49419,38772759632.20108,38854337803.86345,38934941441.91936,39014550509.07715,39093144447.62868,39170702166.52753,39247202028.2341,39322621835.328674,39396938816.89406,39470129614.67163,39542170268.99348,39613036204.49457,39682702215.61015,39751142451.86356,39818330402.950745,39884238883.62953,39948840018.42093,40012105226.13231,40074005204.21302,40134509912.95374,40193588559.54292,40251209581.99376,40307340632.95895,40361948563.44896,40414999406.47389,40466458360.6297,40516289773.65056,40564457125.953415,40610923014.20055,40655649134.91005,40698596268.14528,40739724261.31813,40778992013.14226,40816357457.77706,40851777549.204765,40885208245.886765,40916604495.74965,37895475815.29547,37925833431.94977,37953922663.53688,37979693434.48556,38003094648.49438,38024074181.05371,34020608036.797363,34063169966.43645,34102642309.44364,34138963207.445595,34172069989.772938,34201899187.38452,37964153761.12569,37985112100.887245,38002814162.80044,38017197581.75523,38028199383.97443,38035756017.32886,44171066602.311005,44180683286.34097,44186873724.222885,44189571958.85945,44188711387.81027,44184224798.42575,44176044406.44914,44164101898.28841,44148328477.1614,44128654913.32951,44105011598.63549,44077328605.57088,44045535751.10094,44009562665.47946,43969338866.28883,43924793837.94263,43875857116.88719,43822458382.73834,43764527555.58542,43701994899.68864,43634791133.788246,43562847548.23151,43486096129.10976,43404469689.57774,43317902008.50619,43226327976.58772,43129683749.98591,43027906911.57552,42920936639.776215,42808713884.92836,42691181553.09948,42568284697.13676,42439970714.70494,42306189552.9576,42166893919.39107,42022039498.32233,41871585172.3089,41715493247.70096,41553729683.37535,41386264321.55199,41213071119.43839,41034128380.29094,40849418982.32086,40658930603.72239,40462655941.96162,40260592925.34674,40052744914.82306,39839120893.90895,39619735644.73738,39394609908.31851,39163770527.42872,38927250571.00433,38685089439.62894,38437332952.728615,38184033419.51242,37925249697.632034,37661047246.12772,37391498182.6422,37116681359.35338,36836682477.85826,36551594270.67859,36261516786.57695,35966557828.97876,35666833612.158875,35362469719.247986,35053602470.571075,34740380841.555725,34422969107.99678,34101550444.73239,33776331764.13402,33447550156.17019,33115481385.81765,32780451020.756397,32442848908.223465,32103147901.54496,31761927962.878025,31419907049.770203,31077980542.625084,30737271404.565403,30399193805.0493,30065533609.396458,29738549969.744835,29421103288.08025,29116816107.465706,28830275083.58276,28567284169.57292,27107813984.04595,26961736802.88549,26871318939.090385,26850667155.336678,26917432979.51149,27093722397.793648,27407237155.595573,27892705998.560432,28593678672.859413,29564773488.729675,30874491533.546,32608738175.723244,34875226531.579834,37808979602.32351,41579199876.397675,46397840316.66991,52530293623.272446,60308726057.23272,70148734457.21588,82570233892.28485,98223858564.92125,117924828132.0889,142697511829.2831,173836494637.96616,212995293549.59967,262325250648.70193,324711875836.4409,404210900752.967,506911239060.78424,642740463905.2247,829383929274.6287,1100774885826.823,1523002908224.7036,2191962440030.7195,2653488539779.623,0.0
188.0,29155813026.61132,29262745011.976776,29369390518.523457,29475747428.97317,29581813614.8753,29687586936.35881,29793065241.87732,29898246367.94661,30003128138.874355,30107708366.4819,30211984849.818,30315955374.8643,30419617714.232285,30522969626.851524,30626008857.64919,30728733137.22017,30831140181.48834,30933227691.357765,31034993352.35472,31136434834.259285,31237549790.727,31338335858.9001,31438790659.00793,31538911793.956577,31638696848.907192,31738143390.843426,31837248968.12612,31936011110.03733,32034427326.31126,32132495106.653137,32230211920.24513,32327575215.2394,32424582418.23772,32521230933.757595,32617518143.684254,32713441406.708656,32808998057.750767,32904185407.368343,32999000741.149982,33093441319.09307,33187504374.96601,33281187115.65398,33374486720.488155,33467400340.55836,33559925098.00845,33652058085.313824,33743796364.54132,33835136966.590683,33926076890.41721,34016613102.23556,34106742534.703857,34196462086.0882,34285768619.40667,34374658961.55272,34463129902.397644,34551178193.87134,34638800549.02132,34725993641.04938,34812754102.32544,34899078523.37807,34984963451.861694,35070405391.49951,35155400801.00192,35239946092.95999,35324037632.71346,35407671737.19308,35490844673.73636,35573552658.87659,35655791857.10498,35737558379.6046,35818848282.9565,35899657567.81697,35979982177.566246,36059817996.927,36139160850.55353,36218006501.59018,36296350650.199,36374188932.05612,36451516916.81655,36528330106.54679,36604623934.12486,36680393761.60753,36755634878.56412,36830342500.3768,36904511766.50688,36978137738.72648,37051215399.31582,37123739649.22542,37195705306.203125,37267107102.88561,37337939684.85434,37408197608.6553,37477875339.78316,37546967250.629074,37615467618.392265,37683370622.95551,37750670344.72428,37817360762.42984,37883435750.89655,37948889078.77287,38013714406.22728,38077905282.608864,38141455144.07301,38204357311.17282,38266604986.41665,38328191251.79285,38389109066.26201,38449351263.21742,38508910547.91599,38567779494.87886,38625950545.26433,38683416004.21411,38740168038.17468,38796198672.194405,38851499787.19997,38906063117.25267,38959880246.78786,39012942607.83923,39065241477.25145,39116767973.8833,39167513055.80485,39217467517.49258,39266621987.024994,39314966923.28435,39362492613.16747,39409189168.811325,39455046524.83803,39500054435.6248,39544202472.60501,39587480021.60671,39629876280.23488,39671380255.30551,39711980760.339096,39751666413.12186,39790425633.34385,39828246640.32389,39865117450.831055,39901025877.01488,39935959524.45469,39969905790.34244,40002851861.81104,40034784714.42384,40065691110.83995,40095557599.672165,40124370514.55524,40152115973.44269,40178779878.15322,40204347914.18607,40228805550.830345,40252138041.590935,40274330424.956406,40295367525.537865,40315233955.60634,40333914117.05989,40351392203.85417,40367652204.93067,40382677907.679535,40396452901.97766,40408960584.84267,40420184165.748215,40430106672.64779,37534850621.60347,37544353059.66059,37552447838.75792,37559118116.2612,37564346999.22392,37568117559.32181,33404036288.68912,33438290492.70484,33470558811.13604,33500817515.04872,33529043144.371,33555212545.26832,37069233338.87057,37091116590.94968,37111033503.89252,37128964894.91001,37144892212.00171,37158797593.07604,43107084499.47468,43124011494.633,43138962863.902695,43151921218.29472,43162870009.61754,43171793607.625656,43178677381.63939,43183507786.858925,43186272455.59835,43186960293.67693,43185561582.21254,43182068085.07091,43176473162.23307,43168771889.3503,43158961183.76782,43147039937.301285,43133009156.063416,43116872107.64061,43098634475.93087,43078304523.95703,43055893264.97816,43031414642.22569,43004885717.59634,42976326869.63687,42945762001.16009,42913218756.832016,42878728751.07274,42842327806.6133,42804056204.05076,42763958942.74172,42722086013.37563,42678492682.56318,42633239789.779045,42586394056.99333,42538028411.32931,42488222321.090576,42437062145.50523,42384641498.55251,42331061627.2581,42276431804.87798,42220869739.43904,42164501998.17268,42107464448.46983,42049902716.10822,41991972661.6719,41933840876.29184,41875685198.12227,41817695251.32127,41760073009.76561,41703033388.30786,41646804865.11608,41591630139.55396,41537766831.20285,41485488227.05314,41435084085.65193,41386861509.17775,41341145897.089874,41298281998.29803,41258635082.8329,41222592258.93604,41190563967.50658,41162985693.18927,41140319940.305626,41123058532.68186,41111725309.58145,41106879305.89903,41109118524.08262,41119084428.62727,41137467322.2431,41165012796.982254,41202529494.91473,41250898462.88311,41311084446.238304,41384149539.49321,41471269700.21821,41573754739.60564,41693072533.02827,41830878351.74543,41989050408.99149,42169732947.99028,42375388485.97136,42608861179.68039,42873453710.28368,43173020619.54292,43512081691.12807,43895959795.0766,40890740205.597755,41366174413.40778,41914416343.79811,42546665065.43183,43276212082.93252,44118880141.48543,45093561151.515434,46222877803.59686,47534000282.431465,49059658419.013336,50839401283.771324,52921171416.81027,55363280550.2041,58236898790.290855,61629200585.577385,65647348392.34906,70423536569.12433,76121356299.6675,82943758198.68561,91142837951.85748,101031451153.20857,112996053532.85077,127508670792.42456,145132441522.4429,166507321163.1925,192284801720.09204,222940322869.05942,258300232821.03516,296408462161.9509,330869589021.9891,344710568218.0799,296670162325.546,94091182043.65097,-439116661616.7695,-1609909451773.6384,0.0
187.0,32653466188.77895,32735206668.76841,32816581284.278297,32897587840.55638,32978224137.718475,33058487970.773384,33138377129.65033,33217889399.22796,33297022559.36561,33375774384.937008,33454142645.865578,33532125107.16323,33609719528.97077,33686923666.601387,33763735270.58709,33840152086.727787,33916171856.143776,33991792315.331223,34067011196.221226,34141826226.24237,34216235128.38716,34290235621.281933,34363825419.26152,34437002232.447815,34509763766.83255,34582107724.36554,34654031803.04693,34725533697.02521,34796611096.700325,34867261688.83232,34937483156.65579,35007273180.0007,35076629435.41917,35145549596.319084,35214031333.10457,35282072313.32361,35349670201.823204,35416822660.9126,35483527350.533905,35549781928.44229,35615584050.393936,35680931370.34418,35745821540.65437,35810252212.30936,35874221035.14502,35937725658.08679,36000763729.39942,36063332896.94821,36125430808.47269,36187055111.87314,36248203455.50957,36308873488.51532,36369062861.12415,36428769225.012695,36487990233.657776,36546723542.71028,36604966810.38526,36662717697.86931,36719973869.74616,36776732994.4407,36832992744.68236,36888750797.988655,36944004837.16974,36998752550.85417,37052991634.03789,37106719788.65597,37159934724.178856,37212634158.23372,37264815817.25216,37316477437.14467,37367616764.00348,37418231554.834496,37468319578.3195,37517878615.61007,37566906461.15344,37615400923.553055,37663359826.46316,37710781009.52072,37757662329.31467,37804001660.39369,37849796896.31566,37895045950.73833,37939746758.553474,37983897277.06708,38027495487.22536,38070539394.890114,38113027032.16365,38154956458.76645,38196325763.46861,38237133065.57732,38277376516.48219,38317054301.26099,38356164640.34728,38394705791.262924,38432676050.41713,38470073754.97504,38506897284.79764,38543145064.45625,38578815565.32372,38613907307.74552,38648418863.293,38682348857.1024,38715695970.30198,38748458942.53121,38780636574.554016,38812227730.97087,38843231343.03232,38873646411.55728,38903472009.96095,38932707287.39467,38961351472.00288,38989403874.3004,39016863890.67537,39043731007.02029,39070004802.49799,39095684953.44509,39120771237.41943,39145263537.39477,39169161846.10969,39192466270.574486,39215177036.742165,39237294494.34938,39258819121.932594,39279751532.02596,39300092476.54703,39319842852.376526,39339003707.13919,39357576245.19213,39375561833.82842,39392962009.70261,39409778485.48608,39426013156.76021,39441668109.15514,39456745625.74305,39471248194.69388,39485178517.20324,39498539515.70145,39511334342.353165,39523566387.85814,39535239290.56282,39546356945.89365,39556923516.12384,39566943440.48366,39576421445.62791,39585362556.47199,39593772107.40835,39601655753.92027,39609019484.601845,39615869633.60314,39622212893.51315,39628056328.69616,39633407389.0995,39638273924.54766,39642664199.54276,39646586908.58754,39650051192.05285,39653066652.60793,39655643372.236496,39657791929.85926,39659523419.588936,39660849469.63987,36900317070.27988,36902666589.71231,36904629835.60289,36906222482.96887,36907460930.71709,36908362326.82638,32469781777.922714,32512298537.40027,32554113405.28818,32595237614.39827,32635683393.90956,32675464012.06454,36019465410.82168,36059508569.49464,36099033175.19649,36138057851.11766,36176602601.06325,36214688871.971085,41933903847.525055,41975220383.262215,42016147163.678665,42056708434.78149,42096930166.99384,42136840140.83382,42176468036.52582,42215845527.73339,42255006379.61031,42293986551.37906,42332824303.65691,42371560310.76323,42410237778.2545,42448902565.948975,42487603316.71737,42526391591.33497,42565322009.70581,42604452398.7919,42643843947.59985,42683561369.6006,42723673072.982445,42764251339.163605,42805372510.01951,42847117184.31087,42889570423.831,42932821969.82704,42976966470.28849,43022103718.7378,43068338905.20163,43115782880.08936,43164552431.75828,43214770578.59628,43266566876.51424,43320077742.7997,43375446797.3495,43432825222.36811,43492372141.68669,43554255020.93401,43618650089.863495,43685742788.21442,43755728236.55935,43828811733.65727,43905209281.895004,43985148142.44743,44068867421.82543,44156618691.48521,44248666642.15987,44345289774.50243,44446781127.515175,44553449046.04039,44665617988.29623,44783629374.01856,44907842473.189,45038635334.53283,45176405751.9136,45321572265.34954,45474575191.54763,45635877676.47539,45805966759.42407,45985354434.08728,46174578687.1455,46374204488.45002,46584824698.759125,46807060850.68053,47041563745.43975,47289013791.65384,47550120991.558136,47825624454.05446,48116291281.14322,48422914633.104416,48746310726.083374,49087314450.879326,49446773220.44616,49825538551.78649,50224454760.431046,50644343986.15611,51085986569.067,51550095545.73345,52037283723.425255,52548021401.35477,53082582322.22788,53640974831.87927,54222854470.31165,54827413278.36725,55453239936.63558,56098143403.35952,51293736176.29741,51867760160.31633,52452139168.05343,53040632296.891624,53624724782.762184,54192983311.78154,54730240376.670944,55216564063.4171,55625959089.10526,55924732068.38959,56069438531.91755,56004310881.772606,55658045131.46728,54939800169.28945,53734237317.72272,51895402385.91594,49239232070.360176,45534461435.17976,40491739734.25552,33750870357.172028,24866366757.998627,13292153996.405302,-1632324240.7270584,-20689134482.61907,-44769340783.966125,-74811764833.81418,-111625563520.09363,-155439437667.5412,-204808615489.3167,-254014249392.5796,-286965259062.0683,-263365675903.21088,-90427347524.72339,417683829459.612,1604279903659.028,0.0
186.0,35208465447.84102,35267237737.33973,35325585559.18447,35383506793.93588,35440999324.91428,35498061038.51611,35554689824.54129,35610883576.53177,35666640192.121414,35721957573.39801,35776833627.27717,35831266265.88914,35885253406.97872,35938792974.31818,35991882898.13457,36044521115.551,36096705571.04294,36148434216.909485,36199705013.76068,36250515931.02058,36300864947.44768,36350750051.67186,36400169242.74978,36449120530.73808,36497601937.28601,36545611496.24704,36593147254.31111,36640207271.65715,36686789622.62742,36732892396.42333,36778513697.82498,36823651647.93292,36868304384.934906,36912470064.89749,36956146862.58293,36999332972.29288,37042026608.73908,37084226007.942856,37125929428.16226,37167135150.85074,37207841481.64525,37248046751.38666,37287749317.17295,37326947563.445694,37365639903.11152,37403824778.69917,37441500663.5536,37478666063.067856,37515319515.95384,37551459595.55374,37587084911.19286,37622194109.574646,37656785876.22054,37690858936.95447,37724412059.43417,37757444054.7309,37789953778.958,37821940134.95098,37853402073.99967,37884338597.63472,37914748759.46928,37944631667.09821,37973986484.056274,38002812431.83638,38031108791.97127,38058874908.17836,38086110188.5714,38112814107.9397,38138986210.0979,38164626110.30708,38189733497.77055,38214308138.20541,38238349876.49288,38261858639.40897,38284834438.43847,38307277372.67373,38329187631.8017,38350565499.18076,38371411355.010605,38391725679.59737,38411509056.71648,38430762177.07692,38449485841.88819,38467680966.53464,38485348584.35829,38502489850.55451,38519106046.18302,38535198582.29726,38550769004.19604,38565818995.799614,38580350384.154594,38594365144.0708,38607865402.893166,38620853445.41275,38633331718.92042,38645302838.40674,38656769591.91205,38667734946.03076,38678202051.57295,38688174249.38902,38697655076.35931,38706648271.554825,38715157782.57213,38723187772.04705,38730742624.35155,38737826952.47865,38744445605.1189,38750603673.9344,38756306501.03359,38761559686.65254,38766369097.046936,38770740872.600174,38774681436.15166,38778197501.55079,38781296082.44141,38783984501.28195,38786270398.60593,38788161742.52789,38789666838.50045,38790794339.32687,38791553255.43452,38791952965.41458,38792003226.83264,38791714187.315605,38791096395.920105,38790160814.786766,38788918831.08639,38787382269.26181,38785563403.571335,38783474970.93782,38781130184.10816,38778542745.12878,38775726859.13933,38772697248.49164,38769469167.19606,38766058415.70005,38762481356.002335,38758754927.10709,38754896660.8201,38750924697.89134,38746857804.50591,38742715389.12613,38738517519.68685,38734284941.146286,38730039093.393074,38725802129.51077,38721596934.40134,38717447143.76668,38713377163.447945,38709412189.12329,38705578226.36038,38701902111.02417,38698411530.035706,38695135042.479706,38692102101.05719,38689343073.8784,38686889266.59175,38684772944.84205,38683027357.05246,38681686757.52273,38680786429.83608,36058551364.59639,36060229951.6042,36062466640.16972,36065302992.00956,36068781778.25559,36072947004.53407,31200758641.00468,31258946479.022667,31317625664.91212,31376833195.52298,31436607379.44168,31496987871.094296,34721216651.68783,34785941165.83263,34851448432.09186,34917782868.23984,34984990473.77326,35053118875.35583,40530253162.39777,40601568382.40209,40673889519.378136,40747268098.850815,40821757558.229485,40897413310.91946,40974292812.56503,41052455629.52371,41131963509.67833,41212880455.70499,41295272800.92437,41379209287.87734,41464761149.77915,41552002195.02153,41641008894.90926,41731860474.836784,41824639009.13136,41919429519.812256,42016320079.54173,42115401919.07187,42216769539.52268,42320520829.86127,42426757189.99061,42535583659.89726,42647109055.35326,42761446110.71645,42878711629.42782,42999026642.86208,43122516578.25017,43249311436.45782,43379545980.47852,43513359935.57042,43650898202.046936,43792311081.81239,43937754519.815,44087390361.6756,44241386628.82892,44399917812.59511,44563165188.66697,44731317153.56135,44904569584.62069,45083126225.1758,45267199096.465385,45457008937.85495,45652785676.7896,45854768929.73367,46063208535.08276,46278365118.64284,46500510691.74432,46729929281.3405,46966917590.50064,47211785686.47959,47464857711.96962,47726472613.12835,47996984875.4278,48276765255.164764,48566201490.45602,48865698970.531136,49175681335.914246,49496590974.372,49828889367.96938,50173057234.82564,50529594394.68675,50899019269.6458,51281867909.5081,51678692404.51915,52090058515.35954,52516542310.12351,52958725548.79696,53417189495.5321,53892506765.30567,54385230721.32375,54895881829.04813,55424930237.373314,55972773691.56854,56539709679.06319,57125900459.23832,57731329321.19172,58355746035.38063,58998598999.14841,59658951001.13579,60335374818.76999,61025823982.833984,61727472951.16321,62436519576.2778,63147941061.443405,57159199312.87557,57678913284.47163,58171797321.962166,58625477620.89349,59024331655.203316,59348690810.64401,59573846613.05122,59668810439.10025,59594763141.55065,59303113789.663536,58733064656.985405,57808551354.233536,56434390970.716255,54491425294.867256,51830388367.45293,48264155286.9116,43557939765.99307,37416898941.655716,29470472770.188034,19252627618.087036,6176976627.712019,-10494529042.473377,-31691136114.522358,-58583944232.97757,-92653351491.9307,-135786338731.88194,-190436221634.8121,-259928645519.24194,-349128142976.4003,-466002293567.3977,-625376406651.0236,-857732108569.2701,-1227608196028.125,-1848245173992.6785,-2434245985603.5767,0.0
185.0,36996828811.3713,37035306789.27901,37073321398.551,37110870680.43672,37147952686.44431,37184565478.90119,37220707131.532,37256375730.05501,37291569372.79651,37326286171.32541,37360524251.10649,37394281752.17471,37427556829.830185,37460347655.35451,37492652416.7496,37524469319.498924,37555796587.35249,37586632463.13575,37616975209.58346,37646823110.1989,37676174470.13965,37705027617.12997,37733380902.40158,37761232701.66233,37788581416.0949,37815425473.38536,37841763328.783264,37867593466.19312,37892914399.29962,37917724672.7259,37942022863.227325,37965807580.92064,37989077470.550095,38011831212.7916,38034067525.59555,38055785165.569855,38076982929.40406,38097659655.33608,38117814224.66177,38137445563.29019,38156552643.34402,38175134484.8076,38193190157.22377,38210718781.44018,38227719531.40721,38244191636.02884,38260134381.06712,38275547111.10337,38290429231.55522,38304780210.75403,38318599582.08149,38331886946.16911,38344641973.16118,38356864405.0433,38368554058.038246,38379710825.0711,38390334678.30533,38400425671.75182,38409983943.95273,38419009720.74248,38427503318.08781,38435465145.00841,38442895706.58163,38449795607.03191,38456165552.90869,38462006356.35376,38467318938.46146,38472104332.73376,38476363688.63244,38480098275.23154,38483309484.97212,38485998837.52203,38488167983.74408,38489818709.77416,38490952941.213455,38491572747.436806,38491680346.02016,38491278107.29075,38490368559.00259,38488954391.14017,38487038460.854416,38484623797.533325,38481713608.01074,38478311281.91763,38474420397.17741,38470044725.650696,38465188238.93212,38459855114.3026,38454049740.84171,38447776725.70289,38441040900.55584,38433847328.19981,38426201309.35184,38418108389.61366,38409574366.621376,38400605297.38209,38391207505.80162,38381387590.40694,38371152432.26869,38360509203.12644,38349465373.72219,38338028722.34625,38326207343.59891,38314009657.37379,38301444418.06532,38288520724.00682,38275248027.1418,38261636142.93354,38247695260.51799,38233435953.102905,38218869188.61854,38204006340.62436,38188859199.47482,38173439983.75003,38157761351.95384,38141836414.48441,38125678745.88129,38109302397.35136,38092721909.57973,38075952325.8271,38059009205.3178,38041908636.922295,38024667253.13597,38007302244.35814,37989831373.4735,37972272990.738,37954646048.97185,37936970119.06093,37919265405.76816,37901552763.85608,37883853714.52042,37866190462.13648,37848585911.316,37831063684.2756,37813648138.51424,37796364384.79807,37779238305.450485,37762296572.943695,37745566668.787766,37729076902.71307,37712856432.13948,37696935281.92663,37681344364.39716,37666115499.62544,37651281435.98094,37636875870.916,37622933471.98662,37609489898.09228,37596581820.91988,37584246946.57733,37572524037.396255,37561452933.8876,37551074576.82695,37541431029.44721,37532565499.71443,37524522362.65915,37517347182.73467,37511086736.17091,37505789033.290375,37501503340.75013,37498280203.671104,35010596623.46044,35011057208.90713,35012756803.64494,35015752909.49305,35020104442.43048,35025871752.111725,29509311647.35049,29581876214.33965,29655838026.225014,29731248222.249336,29808159226.06448,29886624764.64911,33012828305.91769,33098904220.154617,33186709350.29348,33276299905.985504,33367733448.170547,33461068907.230377,38709324726.61741,38805904262.2706,38904479727.21562,39005113649.58462,39107870099.87656,39212814715.69704,39320014726.16863,39429538975.97554,39541457949.00832,39655843791.57762,39772770335.16824,39892313118.71117,40014549410.35482,40139558228.72572,40267420363.67586,40398218396.52408,40532036719.811935,40668961556.60576,40809080979.39603,40952484928.66068,41099265231.1828,41249515618.23606,41403331743.78072,41560811202.84307,41722053550.289024,41887160320.241806,42056235046.43855,42229383283.87393,42406712632.13256,42588332760.87575,42774355438.01944,42964894561.21347,43160066193.31974,43359988602.67616,43564782309.035934,43774570136.178986,43989477272.31116,44209631339.49271,44435162473.47318,44666203415.45417,44902889617.45323,45145359363.10243,45393753905.88056,45648217626.95041,45908898214.94712,46175946870.238914,46449518536.35716,46729772161.46127,47016870992.86427,47310982907.791084,47612280783.66857,47920942911.34572,48237153454.713,48561102960.21299,48892988919.71728,49233016390.16367,49581398673.20593,49938358057.91641,50304126629.29277,50678947144.95858,51063073982.01298,51456774155.50019,51860328409.45157,52274032380.95168,52698197837.26328,53133153985.8103,53579248856.90857,54036850759.7504,54506349813.57199,54988159558.52325,55482718655.03709,55990492687.10987,56511976094.73724,57047694274.94035,57598205910.83684,58164105615.951,58746027018.833534,59344646464.1116,59960687574.14447,60594927005.27235,61248201850.06767,61921419289.16626,62615569291.75842,63331741412.79025,64071147049.148445,64835148909.82683,58931325402.78287,59552195350.371155,60187376001.94266,60838286774.03839,61506850288.79021,62195665408.92892,62908233130.28948,63649249180.868866,64424979856.93793,65243740319.49112,66116496882.66593,67057616030.11297,68085781741.830864,69225097071.8054,70506372216.20421,71968573618.22559,73660357135.06476,75641516666.22708,77984020989.06323,80772041502.16312,84099919752.49895,88066270507.8672,92761187683.66591,98241573174.08711,104486680003.74312,111322002718.14832,118295577869.13368,124490499186.86815,128272730809.16176,127033272008.63094,117151639124.51764,94820239757.8083,59406643364.89454,22785325617.895527,12696103014.290216,0.0
184.0,38181462658.29265,38202608962.0324,38223270358.453,38243445058.523605,38263131288.47923,38282327290.524445,38301031323.55845,38319241663.92182,38336956606.16503,38354174463.84078,38370893570.318565,38387112279.62441,38402828967.30509,38418042031.31749,38432749892.94463,38446950997.7384,38460643816.48981,38473826846.22784,38486498611.24743,38498657664.167336,38510302587.01871,38521431992.36563,38532044524.457664,38542138860.41633,38551713711.4551,38560767824.13542,38569299981.65825,38577309005.19296,38584793755.244415,38591753133.05905,38598186082.07118,38604091589.3907,38609468687.33299,38614316454.99251,38618634019.86083,38622420559.49076,38625675303.20738,38628397533.867615,38630586589.66904,38632241866.01016,38633362817.40243,38633948959.43601,38633999870.80115,38633515195.36504,38632494644.30763,38630937998.316414,38628845109.8423,38626215905.41828,38623050388.04219,38619348639.62544,38615110823.50968,38610337187.05208,38605028064.2827,38599183878.63419,38592805145.74652,38585892476.34857,38578446579.21828,38570468264.22374,38561958445.446754,38552918144.39128,38543348493.27925,38533250738.434906,38522626243.76109,38511476494.308815,38499803099.94298,38487607799.10646,38474892462.68491,38461659097.974686,38447909852.756966,38433647019.47958,38418873039.55055,38403590507.744415,38387802176.72572,38371510961.69125,38354719945.13416,38337432381.73326,38319651703.36985,38301381524.275406,38282625646.31326,38263388064.39681,38243672972.04804,38223484767.09945,38202828057.54183,38181707667.522606,38160128643.496765,38138096260.53433,38115616028.78796,38092693700.12363,38069335274.91881,38045547009.03024,38021335420.93667,37996707299.05874,37971669709.26047,37946230002.53586,37920395822.884125,37894175115.37776,37867576134.42683,37840607452.24342,37813277967.51007,37785596914.25605,37757573870.94516,37729218769.77917,37700541906.22033,37671553948.73709,37642265948.77641,37612689350.96726,37582836003.557785,37552718169.090775,37522348535.321045,37491740226.3774,37460906814.17372,37429862330.07198,37398621276.80053,37367198640.63098,37335609903.81672,37303871057.295616,37271998613.66063,37240009620.3992,37207921673.40585,37175752930.76854,37143522126.83121,37111248586.53478,37078952240.03684,37046653637.612015,37014373964.833405,36982135058.03537,36949959420.05757,36917870236.27029,36885891390.8793,36854047483.50957,36822363846.06509,36790866559.863,36759582473.03797,36728539218.21364,36697765230.43609,36667289765.36371,36637142917.70773,36607355639.91576,36577959761.09015,36548988006.13242,36520474015.1029,36492452362.7841,36464958578.4355,36438029165.72483,36411701622.82123,36386014462.6315,36361007233.16283,36336720537.98924,36313196056.80065,36290476566.0097,36268605959.38952,36247629268.71405,36227592684.3691,36208543575.90086,36190530512.465096,36173603283.13733,36157812917.04239,36143211703.256645,36129853210.43439,36117792306.10545,36107085175.58729,33744308558.40043,33737624212.36413,33732487725.292328,33728961851.469795,33727110755.33241,33727000025.56916,27302364309.05228,27381375911.48394,27462303504.87509,27545201460.0253,27630125202.042423,27717131215.11066,30740223669.495163,30837087170.71148,30936180431.96441,31037559361.915485,31141280775.407013,31247402385.890297,36296480678.70271,36406157125.84255,36518329882.23962,36633058999.03836,36750405433.28127,36870431032.592735,36993198517.26357,37118771459.55807,37247214260.05498,37378592120.82769,37512971015.25739,37650417654.26738,37790999448.755264,37934784467.99377,38081841393.76142,38232239469.95803,38386048447.45108,38543338523.89516,38704180278.25961,38868644599.79663,39036802611.17876,39208725585.53513,39384484857.11653,39564151725.3249,39747797351.84915,39935492650.6631,40127308170.65508,40323313970.68358,40523579486.87965,40728173392.05439,40937163447.11634,41150616344.45808,41368597543.34375,41591171097.41221,41818399474.51325,42050343369.22086,42287061508.51228,42528610451.28478,42775044382.59091,43026414903.7312,43282770819.64374,43544157925.39087,43810618793.9737,44082192568.21268,44358914760.03958,44640817061.26514,44927927170.74404,45220268643.876434,45517860771.598434,45820718497.45695,46128852383.08855,46442268634.47578,46760969203.81121,47084951984.73772,47414211122.25102,47748737462.772446,48088519174.96328,48433542577.94809,48783793220.94803,49139257267.16876,49499923245.47038,49865784246.25604,50236840653.65612,50613103525.04253,50994598751.93562,51381372164.36708,51773495774.8612,52171075399.78912,52574259946.63868,52983252717.86786,53398325158.0889,53819833564.65348,54248239396.32272,54684133955.68443,55128268394.63349,55581590206.41662,56045287632.33472,56520843738.48408,57010102323.36737,57515348320.18148,58039405982.45494,58585758919.07057,59158697013.17465,59763496467.62492,60406640728.82141,61096091928.38607,56289598101.58057,56991493017.21733,57758075890.33227,58604721185.50799,59550550519.21762,60619339554.199585,61840650844.077705,63251251321.73322,64896888998.5119,66834523737.843834,69135132935.77898,71887246188.40512,75201405627.48631,79215803273.12526,84103417105.5266,90081058599.90932,97420863480.58823,106464915757.65717,117643911660.28871,131501078788.798,148723030700.08194,170179983619.87555,196979041395.02145,230536578371.56744,272680169424.98853,325799226902.39087,393081191314.7379,478907149586.1862,589561104896.9529,734587967767.2021,929543120417.0177,1201636836206.8218,1599241163242.9524,2179217786398.7253,2513019927724.7383,0.0
183.0,38908905671.22224,38915825706.81329,38922253711.24252,38928188006.74441,38933626931.82033,38938568841.95448,38943012110.350845,38946955128.69127,38950396307.915146,38953334079.02214,38955766893.897,38957693226.15883,38959111572.0341,38960020451.254585,38960418407.98094,38960304011.75232,38959675858.46288,38958532571.36589,38956872802.10639,38954695231.78212,38951998572.035065,38948781566.17304,38945042990.32289,38940781654.61562,38935996404.40466,38930686121.51803,38924849725.544846,38918486175.15801,38911594469.47306,38904173649.444336,38896222799.29996,38887741048.01593,38878727570.830826,38869181590.80174,38859102380.402855,38848489263.16741,38837341615.374725,38825658867.782684,38813440507.40723,38800686079.35001,38787395188.675865,38773567502.33989,38759202751.16762,38744300731.88724,38728861309.21724,38712884418.00925,38696370065.448524,38679318333.31288,38661729380.29195,38643603444.36791,38624940845.25935,38605741986.929855,38586007360.16284,38565737545.20448,38544933214.47559,38523595135.355606,38501724173.03882,38479321293.46568,38456387566.330574,38432924168.16801,38408932385.51896,38384413618.17959,38359369382.53386,38333801314.97249,38307711175.40003,38281100850.8321,38253972359.08508,38226327852.56041,38198169622.12546,38169500101.093445,38140321869.30499,38110637657.31228,38080450350.67052,38049762994.33696,38018578797.18055,37986901136.605934,37954733563.292336,37922079806.05143,37888943776.80647,37855329575.69453,37821241496.29616,37786684030.99349,37751661876.46092,37716179939.290375,37680243341.75452,37643857427.7106,37607027768.648026,37569760169.88207,37532060676.89797,37493935581.84746,37455391430.20054,37416435027.55725,37377073446.620346,37337314034.33421,37297164419.191696,37256632518.71258,37215726547.09735,37174455023.05877,37132826777.83504,37090850963.38779,37048537060.7877,37005894888.79204,36962934612.616,36919666752.902405,36876102194.8922,36832252197.79944,36788128404.39374,36743742850.79286,36699107976.47018,36654236634.47767,36609142101.889694,36563838090.46922,36518338757.55958,36472658717.204735,36426813051.500565,36380817322.17969,36334687582.43239,36288440388.96555,36242092814.3022,36195662459.3232,36149167466.05307,36102626530.690994,36056058916.88905,36009484469.27789,35962923627.241295,35916397438.939285,35869927575.58064,35823536345.94391,35777246711.14676,35731082299.662125,35685067422.5799,35639227089.111725,35593587022.33686,35548173675.1852,35503014246.65408,35458136698.25423,35413569770.67939,35369343000.693954,35325486738.2308,35282032163.692955,35239011305.44831,35196457057.509285,35154403197.38509,35112884404.09467,35071936276.32707,35031595350.732895,34991899120.33236,34952886053.01932,34914595610.14252,34877068265.14238,34840345522.21835,34804469935.00161,34769485125.20378,34735435801.21146,34702367776.5923,34670327988.47644,34639364515.77317,34609526597.18038,34580864648.93972,34553430282.28793,34527276320.548706,32277363229.7546,32254746936.30637,32233589140.299248,32213948340.76457,32195884323.98417,32179458176.538223,24533052884.083138,24606851607.00061,24682689677.102577,24760616466.85128,24840682117.593994,24922937536.87945,27814667155.11301,27907952507.813484,28003535677.34202,28101464303.998222,28201786499.36695,28304550824.23588,33188140635.768387,33294999107.826096,33404394935.92357,33516377677.61698,33630997214.20273,33748303711.04579,33868347574.11641,33991179402.46466,34116849936.340897,34245410000.651783,34376910443.421265,34511402068.90309,34648935564.9683,34789561424.36696,34933329859.43739,35080290709.80804,35230493342.60951,35383986544.68394,35540818406.246895,35701036195.42563,35864686223.06285,36031813697.14044,36202462566.143616,36376675350.64788,36554492962.376526,36735954509.94074,36921097090.43787,37109955566.051865,37302562324.76816,37498947024.28684,37699136318.196526,37903153563.45487,38111018508.21181,38322746959.01657,38538350426.46249,38757835748.359184,38981204689.57134,39208453517.74487,39439572554.24877,39674545699.810745,39913349934.51568,40155954792.08862,40402321808.69672,40652403946.90494,40906144995.91121,41163478949.795685,41424329366.26632,41688608709.29216,41956217680.12143,42227044542.51904,42500964449.66949,42777838782.12952,43057514508.53847,43339823583.57314,43624582400.95293,43911591323.25393,44200634314.99955,44491478711.0796,44783875159.18777,45077557782.82604,45372244620.73241,45667638409.5978,45963427789.95143,46259289030.46128,46554888384.03777,46849885210.53188,47143936026.060936,47436699668.7538,47727843805.79775,48017053048.02869,48304038987.0872,48588552527.69849,48870398955.55631,49149456261.530045,49425697337.82738,49699216774.18341,49970263115.6091,50239277602.02645,50506940599.60874,50774227160.56904,51042473421.00785,51313455876.15956,51589485973.02378,51873522950.27454,52169308458.63168,52481527243.52177,48666212590.739784,49088086281.69128,49543775783.43317,50042487987.99066,50595499761.24769,51216577397.06728,51922483102.55599,52733589586.000404,53674630359.25193,54775622421.46269,56073010635.96907,57611100890.13312,59443874244.93569,61637309865.1481,64272394949.94866,67449071151.438385,71291466969.3471,75954904005.75159,81635351754.545,88582246275.11743,97115870286.47495,107650751894.94003,120726578322.48126,137047410150.5321,157527187311.85388,183331364491.6227,215883001344.0671,256747142809.9659,307171453432.4641,366725714289.93915,429683426013.0226,476167316121.15094,454424938063.3952,276131056024.4816,21293804019.561066,0.0
182.0,39307256285.74202,39303077101.069664,39298410285.67105,39293254170.64713,39287607099.7236,39281467429.84398,39274833531.77942,39267703790.7561,39260076607.10008,39251950396.90045,39243323592.690765,39234194644.14993,39224562018.82246,39214424202.8587,39203779701.7756,39192627041.23895,39180964767.86644,39168791450.0536,39156105678.82199,39142906068.690735,39129191258.57211,39114959912.69104,39100210721.530365,39084942402.80099,39069153702.4389,39052843395.62897,39036010287.85616,39018653215.98526,39000771049.36966,38982362690.989655,38963427078.62125,38943963186.03609,38923970024.23358,38903446642.70567,38882392130.7347,38860805618.72647,38838686279.57773,38816033330.080246,38792846032.36136,38769123695.36292,38744865676.358444,38720071382.51016,38694740272.46693,38668871858.00335,38642465705.701904,38615521438.67859,38588038738.35311,38560017346.26517,38531457065.937454,38502357764.78662,38472719376.08341,38442541900.96323,38411825410.48803,38380570047.76122,38348776030.09622,38316443651.24049,38283573283.65621,38250165380.85869,38216220479.81406,38181739203.39783,38146722262.91527,38111170460.68561,38075084692.6909,38038465951.29178,38001315328.01114,37963634016.38757,37925423314.89973,37886684629.96419,37847419479.0075,37807629493.61461,37767316422.75563,37726482136.09188,37685128627.36441,37643258017.86527,37600872559.99471,37557974640.90561,37514566786.23717,37470651663.93987,37426232088.19424,37381311023.42448,37335891588.41019,37289977060.49762,37243570879.91286,37196676654.1796,37149298162.64284,37101439361.102005,37053104386.55479,37004297562.05493,36955023401.68612,36905286615.65405,36855092115.50006,36804445019.43827,36753350657.81889,36701814578.72085,36649842553.67563,36597440583.52612,36544614904.422,36491371993.955605,36437718577.44076,36383661634.33695,36329208404.822586,36274366396.520096,36219143391.37511,36163547452.69426,36107586932.34306,36051270478.1083,35994607041.22723,35937605884.086914,35880276588.09747,35822629061.74136,35764673548.802925,35706420636.780945,35647881265.4876,35589066735.83688,35529988718.82597,35470659264.71283,35411090812.39306,35351296198.9793,35291288669.58674,35231081887.32713,35170689943.515564,35110127368.09192,35049409140.26091,34988550699.35346,34927567955.912094,34866477303.00325,34805295627.7596,34744040323.15433,34682729300.01041,34621380999.24692,34560014404.36417,34498649054.17076,34437305055.75276,34376003097.68744,34314764463.50304,34253611045.3844,34192565358.12603,34131650553.332905,34070890433.867306,34010309468.54365,33949932807.06779,33889786295.220253,33829896490.281853,33770290676.6969,33710996881.97239,33652043892.807693,33593461271.4495,33535279372.2669,33477529358.53755,33420243219.4388,33363453787.23239,33307194754.632805,33251500692.346992,33196407066.77065,33141950257.826508,33088167576.92606,33035097285.035767,32982778610.825,32931251768.87192,32880557977.90033,32830739479.01658,30683229945.5544,30635781913.971,30589348562.297768,30543976820.262825,30499714731.21464,30456611469.88236,21231101445.99153,21287279038.670685,21345283517.41783,21405154339.474693,21466931495.345943,21530655507.59225,24244822570.648617,24319724344.375973,24396643135.69379,24475614787.92861,24556675346.29892,24639861037.2733,29384071197.87793,29471968561.60424,29562087236.75208,29654463903.11385,29749135268.636223,29846138030.97744,29945508835.753265,30047284231.209213,30151500619.03084,30258194200.9826,30367400921.03661,30479156402.62566,30593495880.62212,30710454127.61091,30830065373.98704,30952363221.368755,31077380548.7724,31205149410.948,31335700928.22369,31469065167.14998,31605271011.17528,31744346020.51761,31886316280.32764,32031206236.160183,32179038515.688923,32329833735.510777,32483610291.787487,32640384133.37049,32800168515.94249,32962973735.58812,33128806840.07951,33297671316.021225,33469566749.854343,33644488460.558025,33822427101.72068,34003368230.46949,34187291840.558266,34374171856.70527,34563975587.05862,34756663130.4339,34952186734.72277,35150490102.61372,35351507640.48591,35555163646.04649,35761371429.96697,35970032366.43979,36181034867.21988,36394253273.32791,36609546658.172966,36826757535.39334,37045710464.20382,37266210544.46668,37488041793.0533,37710965392.31065,37934717800.56482,38159008713.54202,38383518864.31376,38607897647.8155,38831760554.05373,39054686391.698814,39276214280.70816,39495840388.75495,39713014381.3,39927135548.83144,40137548566.7062,40343538832.63944,40544327313.54649,40739064816.30387,40926825574.97819,41106600018.81045,41277286548.977394,41437682105.65969,41586471247.39472,41722213388.46927,41843327742.65052,41948075397.03388,42034537780.84879,42100590591.33858,42143871980.471146,42161743477.22071,42151241701.45912,42109018393.04181,42031265603.029045,41913622034.682594,41751055431.41049,41537714525.99733,37428336520.14161,37280388130.00205,37069745454.72008,36785638773.748985,36415000621.39862,35941873902.45302,35346656225.39906,34605134408.75422,33687250226.00012,32555522018.280624,31163025881.87832,29450813559.35244,27344610479.665802,24750594822.18034,21550004860.20146,17592254615.251026,12686154179.283997,6588728278.46686,-1008996227.7442167,-10500001296.188831,-22383985671.721848,-37295724031.626724,-56039820643.154045,-79631619617.21799,-109340981754.66815,-146727197804.06018,-193631053590.28326,-252032625832.49014,-323536874911.34753,-407880828327.0259,-498967121246.1948,-575065460169.7708,-578191800875.2106,-396861945100.4926,-50190909765.32898,0.0
181.0,39485144883.96565,39472922347.29347,39460225814.38582,39447053511.21748,39433403668.43542,39419274521.71539,39404664312.12909,39389571286.52181,39373993697.90072,39357929805.83431,39341377876.86294,39324336184.92133,39306803011.77266,39288776647.45452,39270255390.73807,39251237549.59905,39231721441.70262,39211705394.90077,39191187747.74433,39170166850.00799,39148641063.23053,39126608761.26909,39104068330.86896,39081018172.24838,39057456699.69946,39033382342.20494,39008793544.07155,38983688765.58061,38958066483.65546,38931925192.54695,38905263404.53714,38878079650.66121,38850372481.44899,38822140467.6855,38793382201.19175,38764096295.62559,38734281387.30415,38703936136.04696,38673059226.04148,38641649366.73095,38609705293.72528,38577225769.73512,38544209585.53075,38510655560.924805,38476562545.7809,38441929421.04792,38406755099.82044,38371038528.42696,38334778687.545135,38297974593.34601,38260625298.66709,38222729894.2152,38184287509.799965,38145297315.59845,38105758523.45184,38065670388.19492,38025032209.01903,37983843330.86953,37942103145.87814,37899811094.83177,37856966668.678055,37813569410.06864,37769618914.9413,37725114834.14176,37680056875.08618,37634444803.46538,37588278444.99139,37541557687.18815,37494282481.226944,37446452843.80744,37398068859.0863,37349130680.65335,37299638533.55807,37249592716.3859,37198993603.38701,37147841646.65808,37096137378.37897,37043881413.10501,36991074450.11708,36937717275.83014,36883810766.26266,36829355889.56761,36774353708.62721,36718805383.71276,36662712175.211525,36606075446.42212,36548896666.42059,36491177412.99851,36432919375.67566,36374124358.78872,36314794284.65826,36254931196.836365,36194537263.43641,36133614780.54804,36072166175.7392,36010194011.6474,35947700989.663376,35884689953.70913,35821163894.113174,35757125951.58584,35692579421.29712,35627527757.06039,35561974575.624725,35495923661.07916,35429378969.37166,35362344632.946976,35294824965.50596,35226824466.89023,35158347828.096405,35089399936.42284,35019985880.75332,34950110956.98193,34879780673.58314,34809000757.33148,34737777159.17539,34666116060.26995,34594023878.17381,34521507273.21434,34448573155.02742,34375228689.27649,34301481304.55681,34227338699.490646,34152808850.01938,34077900016.899,34002620753.40502,33926979913.253723,33850986658.74692,33774650469.14659,33697981149.2878,33620988838.436462,33543684019.400948,33466077527.904503,33388180562.22808,33310004693.131256,33231561874.061035,33152864451.65703,33073925176.56315,32994757214.55557,32915374157.99617,32835790037.623497,32756019334.69025,32676076993.45922,32595978434.06872,32515739565.778664,32435376800.60969,32354907067.386627,32274347826.198685,32193717083.28989,32113033406.39024,32032315940.50277,31951584424.15769,31870859206.14765,31790161262.757053,31709512215.497906,31628934349.36661,31548450631.63311,31468084731.17651,31387861038.37916,31307804685.59123,31227941568.177856,31148298366.16005,29097472022.06924,29018605754.247784,28940047769.0887,28861828509.140755,28783979331.281136,28706532533.15326,17510386672.339546,17538265873.684288,17567520119.734398,17598176904.585167,17630264107.193695,17663809998.921593,20142554698.955627,20186495637.952347,20231937521.67519,20278904142.621964,20327419434.11488,20377507465.55517,24992777671.905403,25048048019.59719,25104991939.975204,25163634601.39823,25224001253.13383,25286117213.122154,25350007854.587437,25415698591.367977,25483214861.81328,25552582111.08245,25623825771.65428,25696971241.837803,25772043862.04409,25849068888.552124,25928071464.467163,26009076587.534035,26092109074.425594,26177193521.08093,26264354258.61493,26353615304.26448,26445000306.770218,26538532485.519623,26634234562.698856,26732128687.606106,26832236352.18002,26934578296.68226,27039174404.345203,27146043583.65359,27255203636.769463,27366671112.428875,27480461141.440536,27596587252.687904,27715061167.286263,27835892568.2599,27959088842.78549,28084654793.688755,28212592316.47485,28342900037.71739,28475572910.11451,28610601758.938736,28747972773.945194,28887666940.05832,29029659399.307373,29173918735.51576,29320406172.15394,29469074672.50987,29619867929.903225,29772719234.02993,29927550197.64408,30084269325.626232,30242770405.998756,30402930699.578102,30564608901.63319,30727642845.069958,30891846910.188213,31057009100.84866,31222887740.808784,31389207736.87232,31555656347.16021,31721878383.00549,31887470761.434074,32051976311.55769,32214876722.07772,32375584497.965687,32533433771.64569,32687669786.9071,32837436841.42413,32981764435.037872,33119551324.50977,33249547129.621147,33370331068.207123,33480287316.45018,33577576392.37454,33660101841.08283,33725471355.01757,33770951285.347733,33793413283.90224,33789271549.360977,33754408824.64113,33684088889.388817,33572852792.85455,33414395453.57641,33201418481.67848,32925454116.71706,32576653966.661118,32143534714.212204,26135099406.79216,25650928888.936348,25049615437.570507,24310524002.172546,23409201394.34311,22316592487.661743,20998075225.588814,19412267029.568947,17509541243.78141,15230173772.642176,12502015505.613008,9237553386.084192,5330179262.181034,649427231.4813728,-4965137836.70377,-11711801890.800505,-19836912684.870167,-29648161602.00139,-41531916688.03288,-55975899292.54144,-73598905527.67682,-95189822554.83978,-121758977968.37933,-154606150692.59488,-195412087624.89935,-246366110699.52603,-310356813211.7513,-391290512916.1642,-494701043222.5297,-629068934850.5986,-808887364769.1084,-1061811170881.8511,-1443510885130.2632,-2049051940490.7314,-2661581668985.955,0.0
180.0,39531548389.21963,39514200821.72753,39496400762.0374,39478146239.36654,39459435276.54062,39440265890.04182,39420636090.05954,39400543880.54314,39379987259.25743,39358964217.84034,39337472741.86306,39315510810.89293,39293076398.559006,39270167472.61987,39246781995.0347,39222917922.03669,39198573204.20976,39173745786.56757,39148433608.6365,39122634604.54043,39096346703.08982,39069567827.87318,39042295897.35228,39014528824.960434,38986264519.20427,38957500883.76924,38928235817.62824,38898467215.15437,38868192966.237305,38837410956.403175,38806119066.93903,38774315175.02072,38741997153.84537,38709162872.76783,38675810197.44154,38641936989.96384,38607541109.02585,38572620410.06719,38537172745.43525,38501195964.54944,38464687914.07087,38427646438.07659,38390069378.239845,38351954574.01537,38313299862.83048,38274103080.28212,38234362060.33962,38194074635.55383,38153238637.27243,38111851895.862,38069912240.93656,38027417501.59319,37984365506.65483,37940754084.920425,37896581065.42255,37851844277.69341,37806541552.03827,37760670719.81785,37714229613.73933,37667216068.156006,37619627919.37699,37571463005.9858,37522719169.16947,37473394253.05785,37423486105.07397,37372992576.295006,37321911521.82563,37270240801.18278,37217978278.693405,37165121823.90511,37111669312.01052,37057618624.28548,37002967648.5424,36947714279.59892,36891856419.76219,36835391979.33042,36778318877.111404,36720635040.959694,36662338408.33242,36603426926.86543,36543898554.96957,36483751262.44949,36422983031.14464,36361591855.59442,36299575743.72805,36236932717.58079,36173660814.03738,36109758085.60425,36045222601.21202,35980052447.0493,35914245727.42997,35847800565.694885,35780715105.15054,35712987510.04585,35644615966.589424,35575598684.00902,35505933895.65584,35435619860.15543,35364654862.60789,35293037215.84011,35220765261.71229,35147837372.481804,35074251952.22774,35000007438.33873,34925102303.06766,34849535055.15723,34773304241.53932,34696408449.112564,34618846306.60263,34540616486.508736,34461717707.14194,34382148734.75958,34301908385.8012,34220995529.23148,34139409088.99597,34057148046.595383,33974211443.78552,33890598385.408947,33806308042.36595,33721339654.73216,33635692535.03115,33549366071.6696,33462359732.54498,33374673068.833908,33286305718.97237,33197257412.836395,33107527976.13619,33017117335.03344,32926025520.9949,32834252675.89505,32741799057.38051,32648665044.511536,32554851143.694496,32460357994.9216,32365186378.334423,32269337221.12848,32172811604.81707,32075610772.87408,31977736138.775658,31879189294.46228,31779972019.24349,31680086289.169296,31579534286.89229,31478318412.047367,31376441292.17572,31273905794.22237,31170715036.63689,31066872402.109768,30962381550.976395,30857246435.325275,30751471313.845413,30645060767.45184,30538019715.730225,30430353434.24097,30322067572.729027,30213168174.28337,30103661695.49614,29993555027.67132,29882855519.135475,29771570998.7066,29659709800.377422,27706175740.7908,27593356543.336708,27479993325.30353,27366097233.78472,27251680088.09633,27136754414.49569,13557147446.570602,13549440781.044443,13542523064.042778,13536409641.45897,13531116154.998478,13526658560.883692,15707464841.576351,15711783255.607986,15716961897.074982,15723013698.09298,15729951809.501408,15737789619.17858,20215432162.272064,20228519545.13449,20242611576.310738,20257724212.458626,20273873769.56291,20291076950.326645,20309350873.556644,20328713105.639404,20349181694.201138,20370775204.04626,20393512755.46369,20417414064.989277,20442499488.70433,20468790068.145466,20496307578.88938,20525074581.86619,20555114477.438866,20586451562.268658,20619111088.964497,20653119328.487457,20688503635.250366,20725292514.813763,20763515694.03642,20803204193.484985,20844390401.84574,20887108152.01096,20931392798.42579,20977281295.18654,21024812274.266293,21074026123.111877,21124965060.7068,21177673211.01518,21232196672.52362,21288583582.36101,21346884173.21115,21407150820.9224,21469438080.366653,21533802706.692814,21600303658.655987,21669002080.17096,21739961255.628727,21813246533.82061,21888925214.517376,21967066390.8448,22047740739.56157,22131020250.16574,22216977882.4151,22305687140.317047,22397221548.90987,22491654018.18496,22589056076.265938,22689496951.427925,22793042479.675533,22899753811.363937,23009685886.6969,23122885645.829334,23239389934.68408,23359223062.4242,23482393960.73791,23608892888.651047,23738687619.432865,23871719038.24917,24007896070.52168,24147089851.43867,24289127036.733067,24433782143.73126,24580768799.84186,24729729763.235497,24880225567.66305,25031721630.493256,25183573650.56517,25335011110.991924,25485118692.498528,25632815396.418747,25776831174.725544,25915680869.53944,26047635279.25056,26170689196.34728,26282526307.9867,26380480920.356518,26461496569.74667,26522081726.878128,26558262998.942062,26565536501.719284,26538818431.686317,26472396339.44405,17796903507.507122,17619830440.641052,17383356453.787655,17078185187.7576,16694058746.697924,16219765855.517212,15643194191.155645,14951444628.065355,14131030365.424875,13168190337.426826,12049354087.496902,10761804472.683256,9294595046.741394,7639790314.409952,5794108221.750624,3761053147.4717097,1553630306.053903,-802278414.2829547,-3263834624.950822,-5766504216.645042,-8218880583.362763,-10497628927.549232,-12443722038.002314,-13862203535.914001,-14529470475.730764,-14214692748.456688,-12725131617.011427,-9986457882.286356,-6160869619.049675,-1768758461.8877072,2313787328.422421,5227913806.262705,6939929768.025268,8595068029.878714,12155932210.637554,0.0
