,900,897,894,891,888,885,882,879,876,873,870,867,864,861,858,855,852,849,846,843,840,837,834,831,828,825,822,819,816,813,810,807,804,801,798,795,792,789,786,783,780,777,774,771,768,765,762,759,756,753,750,747,744,741,738,735,732,729,726,723,720,717,714,711,708,705,702,699,696,693,690,687,684,681,678,675,672,669,666,663,660,657,654,651,648,645,642,639,636,633,630,627,624,621,618,615,612,609,606,603,600,597,594,591,588,585,582,579,576,573,570,567,564,561,558,555,552,549,546,543,540,537,534,531,528,525,522,519,516,513,510,507,504,501,498,495,492,489,486,483,480,477,474,471,468,465,462,459,456,453,450,447,444,441,438,435,432,429,426,423,420,417,414,411,408,405,402,399,396,393,390,387,384,381,378,375,372,369,366,363,360,357,354,351,348,345,342,339,336,333,330,327,324,321,318,315,312,309,306,303,300,297,294,291,288,285,282,279,276,273,270,267,264,261,258,255,252,249,246,243,240,237,234,231,228,225,222,219,216,213,210,207,204,201,198,195,192,189,186,183,180,177,174,171,168,165,162,159,156,153,150,147,144,141,138,135,132,129,126,123,120,117,114,111,108,105,102,99,96,93,90,87,84,81,78,75,72,69,66,63,60,57,54,51,48,45,42,39,36,33,30,27,24,21,18,15,12,9,6,3,0
30720.0,79721684397.50784,79860191685.40118,79999360613.9458,80139196272.54883,80279703805.49554,80420888412.7234,80562755350.60986,80705309932.77362,80848557530.89064,80992503575.52402,81137153556.96893,81282513026.11282,81428587595.3104,81575382939.2752,81722904795.98642,81871158967.61264,82020151321.45233,82169887790.89102,82320374376.37662,82471617146.41216,82623622238.56683,502752978.8353164,501491597.7423879,500223113.9308474,498947484.8156829,497664667.7069754,496374619.8147977,495077298.254277,493772660.0508301,492460662.14556956,491141261.4008938,489814414.6062545,488480078.4841168,487138209.6961019,485788764.84933424,484431700.5029795,483066973.1749945,481694539.3490769,480314355.4818351,478926378.01017165,477530563.3588892,476126867.9485232,474715248.2034083,473295660.5599784,471868061.4753101,470432407.4359139,468988654.9667725,467536760.64064384,466076681.08761847,464608373.00495064,463131793.1671605,461646898.43641394,460153645.77318954,458651992.24723375,457141895.0488133,455623311.5002688,454096199.06787694,452560515.3740259,451016218.20971173,449463265.5473614,447901615.55398655,446331226.6046802,444752057.29645425,443164066.4624344,441567213.1864093,439961456.8177485,438346756.98669267,436723073.6200216,435090366.957109,433448597.5663735,431797726.362128,430137714.62183654,428468524.00378907,426790116.5651989,425102454.7807269,423405501.56144965,421699220.27426887,419983574.7617768,418258529.3625833,416524048.93211204,414780098.8638742,413026645.1112276,411263654.2096336,409491093.2994126,407708930.14901185,405917133.17879564,404115671.485359,402304514.8663845,400483633.8460402,398652999.7009356,396812584.4866419,394962361.06478226,393102303.13071203,391232385.2417827,389352582.846215,387462872.3125787,385563230.95989764,383653637.0883826,381734070.0108094,379804510.0845455,377864938.7442415,375915338.5351949,373955693.14739573,371985987.4502722,370006207.5281348,368016340.7163441,366016375.63820446,364006302.2425996,361986111.8423817,359955797.1535237,357915352.3350548,355864773.02978003,353804056.4058114,351733201.19891435,349652207.7556872,347561078.07758737,345459815.8658236,343348426.5671208,341226917.4203855,339095297.50427544,336953577.7857068,334801771.1692984,332639892.54779005,330467958.8534409,328285989.11043787,326094004.48832875,323892028.3565079,321680086.33977705,319458206.3750021,317226418.76890016,314984756.2569785,312733254.0636556,310471949.96360016,308200884.3443141,305920100.2699999,303629643.54674876,301329562.78908587,299019909.4879205,296700738.07993776,294372106.01849115,292034073.8460345,289686705.26815784,287330067.2292795,284964229.9900619,282589267.20661163,280205256.01154244,277812277.0969708,275410414.79953474,272999757.18751496,270580396.1501626,268152427.48932594,265715951.01349562,263271070.63437888,260817894.4661286,258356534.92737147,255887108.84617445,253409737.56810546,250924547.06756583,248431668.06257045,245931236.13317224,243423391.84374416,240908280.86934745,238386054.1264248,235856867.9080907,233320884.02429378,230778269.9471645,228229198.96187142,225673850.32334423,223112409.41924152,220545067.9395779,217972024.053449,215393482.59333235,212809655.247477,210220760.76093164,207627025.14580727,205028681.9014127,202425972.24495134,199819145.3535181,197208458.61819646,194594177.91110966,191976577.8663487,189355942.17577383,186732563.90074843,184106745.80095962,181478800.6815571,178849051.7599342,176217833.05358174,173585489.7905408,170952378.8441058,168318869.19354132,165685342.41271484,163052193.1886831,160419829.872419,157788675.06402808,155159166.23497474,152531756.3900174,149906914.77174854,147285127.61084503,144666898.92534867,142052751.3725385,139443227.15720204,136838889.0003796,134240321.1729332,131648130.59859663,129062948.03146848,126485429.31325144,123916256.71588254,121356140.37557349,118805819.82466444,116266065.62809792,113737681.1317414,111221504.3302266,108718409.86243075,106229311.14318886,103755162.64031494,101296962.30649823,98855754.17614582,96432631.13774368,94028737.89281374,91645274.11304477,89283497.80765373,86944728.91350588,84630353.12095091,82341825.94872695,80080677.08162409,77848514.98486763,75647031.80936795,73478008.60206136,71343320.83551717,69244944.27078575,67184961.16707963,65165566.8512803,63189076.65942663,61257933.26120436,59374714.37700549,57542140.89529604,55763085.39578241,54040581.08115655,52377831.11697015,50778218.37539041,49245315.57419416,47782895.79729766,46394943.37740296,45085665.1149154,43859501.80018872,42721139.998405546,41675524.04807912,40727868.21538979,39883668.93754417,39148717.07933001,38529110.11842136,38031264.16725755,37661925.733147144,37428183.114466265,37337477.33050078,37397612.48692618,37616765.48974849,38003495.03964616,38566749.86832605,39315876.221330345,40260624.65062705,41411156.258437485,42778048.63438904,44372301.85438821,46205345.06427175,48289044.35599822,50635712.85875279,53258124.20885213,56169530.82337859,59383688.66935371,62914890.470604196,66778009.49425919,70988556.15942179,75562749.64587733,80517606.36619453,85871046.49988332,91642018.66858879,97850641.17476851,104518356.03178123,111668089.47231069,119324410.32563819,127513676.9640121,136264167.21665,145606199.0628485,155572282.8297298,166197415.5231406,177519765.4250752,189582252.85230213,202435999.78970307,216147442.25951773,230812298.6651854,246581864.88768217,263710510.5581293,282637409.1391811,304117631.3758495,329407880.738073,360464796.3711669,399963993.392229,450151661.8785014,497591786.9796757,0.0
30710.0,78763985099.61543,78898398696.20978,79033442269.29256,79169120542.91035,79305438290.42596,79442400335.18866,79580011551.21596,79718276863.88666,79857201250.6457,79996789741.7211,80137047420.85303,80277979426.03574,80419590950.27151,80561887242.3386,80704873607.57147,80848555408.65541,80992938066.43448,81138027060.73389,81283827931.19635,81430346278.13385,81577587763.39377,528585485.1757122,527341142.5428207,526089444.15357333,524830342.3935813,523563789.46724796,522289737.4016535,521008138.0505915,519718943.0987712,518422104.0661789,517117572.31261134,515805299.0423797,514485235.30918944,513157332.0212023,511821539.946281,510477809.7174233,509126091.8383926,507766336.68954015,506398494.533836,505022515.52310383,503638349.7044679,502245947.02701604,500845257.34868646,499436230.443378,498018816.00829315,496592963.67151934,495158622.99984705,493715743.50684136,492264274.6611613,490804165.89513755,489335366.6136172,487857826.20307255,486371494.0409876,484876319.50552595,483372251.9854828,481859240.89053005,480337235.66176134,478806185.78254056,477266040.7896615,475716750.28482497,474158263.9464395,472590531.54175305,471013502.93931985,469427128.121812,467831357.19918203,466226140.4221807,464611428.196241,462987171.095732,461353319.8785906,459709825.5013411,458056639.13450634,456393712.1784171,454720996.2794323,453038443.34657466,451346005.56858635,449643635.4314177,447931285.7361544,446208909.6173906,444476460.5620568,442733892.42871004,440981159.46729624,439218216.3393894,437445018.1389197,435661520.41339844,433867679.18564355,432063450.9760234,430248792.8252172,428423662.31751037,426588017.6046245,424741817.43009925,422885021.1542307,421017588.7795749,419139480.9770266,417250659.1124856,415351085.27411544,413440722.3002035,411519533.8076401,409587484.22101414,407644538.8023461,405690663.6814614,403725825.8870151,401749993.37818384,399763135.07702327,397765220.9015162,395756221.7993084,393736109.7821519,391704857.961061,389662440.58219576,387608833.0634818,385544012.0319772,383467955.36199963,381380642.21402514,379282053.0743687,377172169.7956607,375050975.6381327,372918455.3117176,370774595.0189924,368619382.4989581,366452807.07168674,364274859.68383837,362085532.9550724,359884821.2253566,357672720.6032028,355449229.0148324,353214346.25430214,350968074.0345921,348710416.03969,346441377.977682,344160967.63486797,341869194.9309317,339566071.97518134,337251613.12388325,334925835.0387194,332588756.7463893,330240399.69938713,327880787.8379827,325509947.6534382,323127908.2524942,320734701.4231602,318330361.7018478,315914926.4418899,313488435.8834834,311050933.22511226,308602464.6964904,306143079.63308716,303672830.5522876,301191773.23125446,298699966.7865571,296197473.75563884,293684360.18020415,291160695.691608,288626553.59833694,286082010.97568667,283527148.7577338,280962051.83172154,278386809.13498616,275801513.75455046,273206263.02953696,270601158.65655327,267986306.79822206,265361818.19503573,262727808.28073996,260084397.30145505,257431710.43877238,254769877.9370745,252099035.235354,249419323.10382387,246730887.7856404,244033881.14407876,241328460.81554645,238614790.3688223,235893039.47097424,233163384.06041956,230426006.52764216,227681095.9041238,224928848.06008324,222169465.91167706,219403159.6383589,216630146.91115937,213850653.13270214,211064911.68984792,208273164.2199213,205475660.89155838,202672660.70129457,199864431.78710368,197051251.76019755,194233408.0564964,191411198.30930227,188584930.7448187,185754924.60230348,182921510.58077437,180085031.3143469,177245841.8784427,174404310.32928926,171560818.279321,168715761.51129574,165869550.6341607,163022611.7839459,160175387.37320623,157328336.8928161,154481937.7702124,151636686.2884889,148793098.57109058,145951711.63721007,143113084.5333763,140277799.54713553,137446463.50916314,134619709.19061008,131798196.80299059,128982615.60843918,126173685.64872825,123372159.60202977,120578824.77703592,117794505.25470424,115020064.18859851,112256406.27551934,109504480.40888193,106765282.52809188,104039858.67799422,101329308.29332075,98634787.72393316,95957514.01755303,93298768.97757033,90659903.51443145,88042342.31000626,85447588.81521872,82877230.6020768,80332945.09203848,77816505.68338671,75329788.30092844,72874778.39185518,70453578.3919802,68068415.68675327,65721651.09142506,63415787.87442416,61153481.347388506,58937549.04430005,56770981.51073569,54656953.722329736,52598837.14905205,50600212.47879434,48664883.00994179,46796888.71805027,45000520.99636611,43280338.06370753,41641181.02614933,40088190.571024716,38626824.26306856,37262874.40318242,36002486.400535256,34852177.598849565,33818856.48822197,32909842.225362897,32132884.378583312,31496182.810395747,31008407.611743093,30678719.009591326,30516787.18637328,30532811.97861457,30737542.466758758,31142296.53325209,31758980.55670896,32600109.532679915,33678828.07321544,35008932.94582075,36604898.075607166,38481903.260426745,40655868.24438757,43143494.26480858,45962315.73128721,49130765.30558449,52668256.30845685,56595287.048516735,60933572.28926556,65706207.55281584,70937872.17244208,76655076.77636223,82886459.99568279,89663137.4043693,97019102.82639998,104991678.18205132,113622003.48070475,122955554.9826651,133042680.7735953,143939157.27868173,155706814.3919013,168414384.0321046,182138961.313529,196968953.0025975,213010363.21295795,230400191.43798974,249334474.989942,270125752.9209145,293318419.58806247,319915352.74730736,351812154.27037936,392611173.8160589,449206641.4736534,535808788.4603317,688687581.3289592,0.0
30700.0,77689786302.5427,77819564503.8128,77949936944.19916,78080907939.60489,78212481849.1037,78344663075.49649,78477456065.877,78610865312.20602,78744895351.8953,78879550768.40042,79014836191.82336,79150756299.52473,79287315816.7457,79424519517.24059,79562372223.91873,79700878809.49791,79840044197.1676,79979873361.26355,80120371327.95322,80261543175.93256,80403394037.13443,555250156.0125096,554027898.512888,552798063.3381423,551560597.958259,550315449.5834098,549062565.1667249,547801891.4072144,546533374.752832,545256961.4036955,543972597.3154576,542680228.20284,541379799.543328,540071256.5810345,538754544.3307325,537429607.5820676,536096390.9039477,534754838.649117,533404894.95892113,532046503.768266,530679608.81077087,529304153.62413144,527920081.5556841,526527335.7681875,525125859.2458211,523715594.800405,522296485.0778495,520868472.56483865,519431499.5957504,517985508.3598238,516530440.90857476,515066239.1634643,513592844.92383415,512110199.8751046,510618245.5972454,509116923.5735289,507606175.1995636,506085941.7926222,504556164.6012651,503016784.8152696,501467743.57586515,499908981.98629165,498340441.1226744,496762062.0452334,495173785.8098277,493575553.4798437,491967306.138435,490348984.9011178,488720530.9287336,487081885.4407814,485432989.72913456,483773785.17213535,482104213.2490939,480424215.55518246,478733733.816742,477032709.90700436,475321085.86224174,473598803.8983468,471865806.42785656,470122036.0774232,468367435.7057419,466601948.4219459,464825517.6044742,463038086.9204211,461239600.3453751,459430002.1837599,457609237.08968025,455777250.0882829,453933986.5976457,452079392.4511966,450213413.9206766,448335997.73965466,446447091.1275978,444546641.8145176,442634598.0661867,440710908.709947,438775523.1611122,436828391.4499753,434869464.2494297,432898692.90321577,430916029.4547956,428921426.6768763,426914838.1015779,424896218.0512657,422865521.67005134,420822704.9559742,418767724.7938714,416700538.9889457,414621106.3010428,412529386.4796462,410425340.2996,408308929.5975683,406180117.3092433,404038867.50731075,401885145.4401823,399718917.5715069,397540151.6204692,395348816.6028881,393144882.87312424,390928322.1668064,388699107.6443938,386457213.9355749,384202617.18452716,381935295.09603727,379655226.98250616,377362393.8118398,375056778.2562467,372738364.74195564,370407139.49986094,368063090.6171174,365706208.0896987,363336483.8759301,360953911.95102036,358558488.3626056,356150211.28732383,353729081.08844614,351295100.3745762,348848274.0594509,346388609.42285883,343916116.1727099,341430806.5082741,338932695.18463206,336421799.5783566,333898139.75447416,331361738.5347297,328812621.5672091,326250817.3973501,323676357.54040575,321089276.5553955,318489612.12061214,315877405.1107447,313252699.67567575,310615543.321039,307965986.990605,305304085.1505871,302629895.8759618,299943480.9389012,297244905.899435,294534240.1984613,291811557.25323594,289076934.55549026,286330453.77233136,283572200.85009736,280802266.1213559,278020744.41524935,275227735.171409,272423342.55768317,269607675.5919411,266780848.26824087,263942979.68767926,261094194.19426173,258234621.51616493,255364396.91280383,252483661.32813784,249592561.5507029,246691250.38089144,243779886.80605403,240858636.18403703,237927670.43584195,234987168.24813375,232037315.28640231,229078304.4196472,226110335.95753193,223133617.90103477,220148366.20772207,217154805.07285038,214153167.22762933,211143694.25607663,208126636.93202668,205102255.57799083,202070820.4477088,199032612.13439503,195987922.00684744,192937052.6757793,189880318.49293327,186818046.08575398,183750574.93062988,180678257.96797696,177601462.26270425,174520569.713904,171435977.81793422,168348100.4894014,165257368.9449377,162164232.6550641,159069160.36987087,155972641.2247211,152875185.93268824,149777328.0709804,146679625.4692024,143582661.70792386,140487047.73670852,137393423.6214779,134302460.43186337,131214862.2800247,128131368.52330199,125052756.1440064,121979842.3206614,118913487.20606148,115854596.92864972,112804126.83489212,109763084.99158457,106732535.96833244,103713604.92181167,100707482.00485334,97715427.12484637,94738775.0774928,91778941.08348349,88837426.75723389,85915826.53840148,83015834.6184676,80139252.39618719,77287996.49718776,74464107.39435881,71669758.6669175,68907266.93708727,66179102.52416822,63487900.85630557,60836474.68046147,58227827.11084992,55665165.555341095,53151916.55799338,50691741.593823135,48288553.84909105,45946536.01665044,43670159.131201595,41464202.4635182,39333774.485810965,37284334.912346125,35321717.810245484,33452155.76518017,31682305.075607896,30019271.937643558,28470639.57109666,27044496.226438522,25749464.003537,24594728.407413423,23590068.566022754,22745888.04279518,22073246.195830822,21583890.070652843,21290286.86990264,21205657.128301233,21344008.843280107,21720172.98136109,22349841.0101884,23249605.410696447,24437004.51988554,25930573.560340375,27749904.34701267,29915716.943147704,32449947.48035501,35375857.46982019,38718171.205514416,42503249.265326455,46759307.58452673,51516692.9843653,56808227.18353884,62669631.88916573,69140047.10404056,76262652.68242443,84085398.64667687,92661842.00483836,102052076.15436195,112323723.65861304,123552946.82205963,135825421.1272517,149237234.34526622,163895764.97546202,179920858.90687644,197447283.42701846,216630974.67051175,237665069.33096313,260819476.5173368,286534998.12845516,315640949.57055163,349846720.21965593,392827718.82873416,452623337.3356879,547912805.2558517,741075200.9896439,0.0
30690.0,76502906487.76096,76627538019.70476,76752724332.38686,76878469296.10126,77004776817.68086,77131650840.9333,77259095347.08215,77387114355.21481,77515711922.73691,77644892145.83281,77774659159.93326,77905017140.18948,78035970301.9541,78167522901.26927,78299679235.36139,78432443643.1437,78565820505.72556,78699814246.92957,78834429333.81583,78969670277.21442,79105541632.26508,582734398.9638228,581539445.0311387,580336726.048882,579126184.7383254,577907763.4807811,576681404.3191857,575447048.9598117,574204638.774116,572954114.8007169,571695417.74752,570428487.99398,569153265.5935172,567869690.2760782,566577701.4508593,565277238.2091851,563968239.3275539,562650643.2708507,561324388.1957321,559989411.9541914,558645652.0973023,557293045.8791512,555931530.2609613,554561041.915412,553181517.2311578,551792892.3175582,550395103.0096138,548988084.8731215,547571773.2100499,546146103.0641444,544711009.2267616,543266426.2429441,541812288.4177382,540348529.8227606,538875084.3030212,537391885.4840074,535898866.7790345,534395961.3968692,532883102.34963477,531360222.4609996,529827254.3746592,528284130.5631151,526730783.3367636,525167144.8532884,523593147.12738043,522008722.0407764,520413801.3526325,518808316.7102382,517192199.66007364,515565381.6592219,513927794.08714485,512279368.2578192,510620035.4322573,508949726.831406,507268373.6494346,505575907.06742495,503872258.2674639,502157358.4471517,500431138.8345304,498693530.7034428,496944465.3893269,495183874.3054569,493411688.9596383,491627840.9713628,489832262.08943325,488024884.21006864,486205639.39549124,484374459.89301294,482531278.15461993,480676026.8570713,478808638.92251754,476929047.53964424,475037186.18535423,473132988.6469954,471216389.0451386,469287321.85692066,467345721.9399542,465391524.5568206,463424665.40014195,461445080.6182596,459452706.8415046,457447481.2090891,455429341.39661133,453398225.6441962,451354072.7852651,449296822.2759564,447226414.22519475,445142789.42542434,443045889.3840108,440935656.3553167,438812033.3734671,436674964.2858009,434524393.7870287,432360267.454095,430182531.7817545,427991134.21887404,425786023.20546293,423567148.2104391,421334459.7701429,419087909.5275991,416827450.2725413,414553035.98219717,412264621.86285186,409962164.3921863,407645621.36240613,405314951.9241612,402970116.63126713,400611077.48623616,398237797.9866191,395850243.1721736,393448379.67286134,391032175.75767815,388601601.38433945,386156628.2498084,383697229.84169406,381223381.4905201,378735060.4228716,376232245.8154377,373714918.84995556,371183062.76906896,368636662.93311644,366075706.87785935,363500184.37316966,360910087.48269105,358305410.62449414,355686150.63274384,353052306.8204032,350403881.0430004,347740877.7634802,345063304.11817753,342371169.9839449,339664488.0464653,336943273.8698045,334207545.9672351,331457325.8733931,328692638.21782327,325913510.7999683,323119974.6656834,320312064.18534523,317489817.1336434,314653274.77115154,311802481.9277831,308937487.0882441,306058342.4796194,303165104.1612271,300257832.1169052,297336590.3499003,294401446.9805529,291452474.346987,288489749.10904574,285513352.3557199,282523369.71636,279519891.4759839,276503012.6950176,273472833.3338537,270429458.38263917,267372997.9967491,264303567.6384483,261221288.22529185,258126286.28586736,255018694.12354505,251898649.98895875,248766298.26201972,245621789.64433473,242465281.36298975,239296937.38674402,236116928.65578994,232925433.32633206,229722637.0313681,226508733.15917364,223283923.15114638,220048416.82080832,216802432.69594055,213546198.38600618,210279950.9772194,207003937.4578329,203718415.17645657,200423652.33648112,197119928.52995786,193807535.31459466,190486776.8378666,187157970.51259577,183821447.7487549,180477554.74667865,177126653.35733426,173769122.01580656,170405356.75470603,167035772.30480766,163660803.2908705,160280905.53129393,156896557.45102718,153508261.61796272,150116546.41394594,146721967.85247904,143325111.5562394,139926594.9086473,136527069.3949157,133127223.14930251,129727783.72667125,126329521.11794287,122933251.03060839,119539838.45715427,116150201.55604854,112765315.87184384,109386218.92295885,106014015.18782988,102649881.5223476,99295073.04382214,95950929.51913992,92618882.29727903,89300461.82890743,85997305.81840983,82711168.0563071,79443927.98265493,76197601.0345658,72974349.83346441,69776496.26997834,66606534.546452284,63467145.238826305,60361210.44099325,57291830.05560741,54262339.29554355,51276327.45969164,48337658.04533762,45450490.25689852,42619301.9670808,39848914.18145743,37144517.05085084,34511697.46767223,31956468.27237177,29485299.084441364,27105148.75901574,24823499.455330074,22648392.28751555,20588464.51223573,18652988.192577094,16851910.265097022,15195893.929327637,13696361.27957344,12365537.11191091,11216493.870733649,10263197.756629735,9520556.110774845,9004466.332991749,8731866.797160566,8720790.518573135,8990422.72731927,9561164.038934946,10454701.622289836,11694091.683533669,13303857.755503118,15310110.746122241,17740698.49351582,20625394.721519977,23996139.7784622,27887348.31105879,32336301.918049514,37383647.53963992,43074024.33247945,49456842.17207235,56587232.327863365,64527183.18198855,73346858.09762669,83126064.55927171,93955798.2603712,105939717.10172383,119195303.73909633,133854354.09433793,150062307.44299585,167975894.52497214,187758862.23927724,209576784.5822337,233595917.23824564,260002262.937293,289087292.73907685,321524719.70121676,359144819.1146718,406837829.685981,476420115.70734155,594214024.4074425,0.0
30680.0,75207616688.51903,75326623994.38843,75446143287.03775,75566177959.436,75686731434.07938,75807807163.29968,75929408629.5765,76051539345.85254,76174202855.85284,76297402734.4076,76421142587.77838,76545426053.98836,76670256803.15591,76795638537.8324,76921574993.34323,77048069938.13306,77175127174.11487,77302750537.02272,77430943896.76845,77559711157.80246,77689056259.47835,611022043.1172755,609859760.2329305,608689562.787893,607511388.97573,606325176.5691898,605130862.9205246,603928384.9619225,602717679.2060565,601498681.7467506,600271328.2597703,599035554.0037366,597791293.8211727,596538482.1396815,595277052.9732617,594006939.923767,592728076.1825085,591440394.5320076,590143827.3479042,588838306.601022,587523763.8595968,586200130.2916725,584867336.6676675,583525313.3631219,582173990.3616197,580813297.2579029,579443163.2611728,578063517.1985915,576674287.5189788,575275402.2967228,573866789.2358974,572448375.6745973,571020088.5894983,569581854.6006438,568133599.9764669,566675250.6390499,565206732.169633,563727969.8143699,562238888.4903462,560739412.7918575,559229466.9969597,557708975.0742939,556177860.6901977,554636047.2161003,553083457.7362173,551520015.0555468,549945641.7081757,548360259.9658995,546763791.8471676,545156159.1263573,543537283.3433871,541907085.8136683,540265487.6384151,538612409.715311,536947772.7495378,535271497.265182,533583503.6170229,531883712.0027044,530172042.4753084,528448414.95632935,526712749.2490586,524964965.0523927,523204981.97506434,521432719.55031157,519648097.2509857,517851034.5051149,516041450.7119223,514219265.2583116,512384397.5358284,510536766.95810235,508676292.97877836,506802895.1099492,504916492.94109046,503017006.15851223,501104354.565329,499178458.1019609,497239236.8671731,495286611.1396555,493320501.40015846,491340828.354187,489347512.95525914,487340476.4287429,485319640.2962699,483284926.4007412,481236256.93192434,479173554.45265466,477096741.9256431,475005742.74090004,472900480.74377954,470780880.26364744,468646866.14318514,466498363.76833045,464335299.0988585,462157598.69961506,459965189.77239835,457758000.1884993,455535958.5219056,453298994.08316517,451047036.95392287,448780018.02212465,446497869.0179,444200522.5501181,441887912.14362264,439559972.2771483,437216638.42191964,434857847.08092856,432483535.82889843,430093643.35293293,427688109.4938395,425266875.2881454,422829883.0107887,420377076.2184875,417908399.7937944,415423799.9898185,412923224.47562563,410406622.38230747,407873944.34971905,405325142.57387984,402760170.8550351,400178984.64637834,397581541.1034227,394967799.13402617,392337719.4490631,389691264.61373943,387028399.0995498,384349089.3368714,381653303.7681973,378941012.9020064,376212189.36726457,373466807.9685692,370704845.74193025,367926282.0111955,365131098.445128,362319279.1151401,359490810.5536978,356645681.8134132,353783884.52683175,350905412.9669502,348010264.1084806,345098437.68989635,342169936.27629673,339224765.3231353,336262933.24085945,333284451.46052474,330289334.5004524,327277600.0340035,324249268.9585713,321204365.46588564,318142917.11375046,315064954.8993552,311970513.3343018,308859630.521527,305732348.2343115,302588711.997595,299428771.17184126,296252579.0397303,293060192.89598525,289851674.1406782,286627088.3764032,283386505.50974035,280129999.8574977,276857650.2582561,273569540.1898162,270265757.89320093,266946396.50395018,263611554.19151035,260261334.3076263,256895845.54472414,253515202.10538858,250119523.88415283,246708936.66294643,243283572.32169124,239843569.06568334,236389071.6715779,232920231.75397518,229437208.05481064,225940166.75798103,222429281.8318832,218904735.40281358,215366718.1624718,211815429.8131419,208251079.55447727,204673886.61620814,201084080.84152195,197481903.32632843,193867607.12014383,190241457.9948827,186603735.28846306,182954732.83080485,179294759.9605255,175624142.64145032,171943224.68891364,168252369.11679545,164551959.61726242,160842402.18631783,157124126.90949753,153397589.92337817,149663275.57001835,145921698.76302797,142173407.58565688,138418986.1431454,134659057.69356078,130894288.08349115,127125389.51727572,123353124.69092178,119578311.32451552,115801827.12976363,112024615.25231701,108247690.23173249,104472144.52530408,100699155.64556375,96929993.96497202,93166031.24519733,89408749.95240024,85659753.42403638,81920776.95687282,78193699.89008597,74480558.7614468,70783561.61859724,67105103.57119542,63447783.67315537,59814423.227161795,56208085.60598612,52632097.68663964,49090072.99390009,45585936.64897311,42123952.2167705,38708750.54117933,35345360.65152213,32039242.814800084,28796323.797062963,25623034.383048266,22526349.185975432,19513828.75899434,16593663.99647826,13774722.787557572,11066598.856949896,8479662.700731069,6025114.499552608,3715038.872399777,1562461.3252232969,-418593.7424110472,-2213043.573676944,-3804686.159256488,-5176137.8036109805,-6308768.834638983,-7182636.819895536,-7776416.1898702085,-8067322.516536295,-8031028.797333121,-7641569.8834887445,-6871229.588594168,-5690402.931115806,-4067423.3124555945,-1968341.128287375,643363.6957727969,3807157.443624437,7565944.041909039,11966704.952893078,17061324.9451949,22907643.591115743,29570769.875062376,37124685.43137628,45654133.25912553,55256731.35403374,66045145.56991601,78148973.2119134,91715681.27377865,106909437.09558737,123905850.56834742,142879348.6584521,163977920.74952948,187277233.09359813,212703432.50153172,239915881.77419847,268164681.2410434,296230259.4884173,322725245.8317847,345944604.5004941,341189807.86716044,0.0
30670.0,73808612155.42001,73921554351.50482,74034962818.47714,74148840446.35754,74263190147.41109,74378014856.32593,74493317530.39255,74609101149.68398,74725368717.23657,74842123259.2312,74959367825.17581,75077105488.08752,75195339344.67633,75314072515.52866,75433308145.29144,75553049402.85693,75673299481.54742,75794061599.30078,75915338998.85573,76037134947.93752,76159452739.44385,640093213.7490116,638969093.3127322,637836949.8424476,636696717.2794751,635548329.0636079,634391718.1321146,633226816.9188309,632053557.3533502,630871870.8603089,629681688.358778,628482940.2617614,627275556.4757986,626059466.4006875,624834598.9293187,623600882.4476349,622358244.8347119,621106613.4629693,619845915.1985154,618576076.4016254,617297022.9273651,616008680.1263558,614710972.8456908,613403825.4300084,612087161.7227174,610760905.0673934,609424978.3093369,608079303.7973089,606723803.385442,605358398.4353346,603983009.8183337,602597557.9180107,601201962.6328363,599796143.3790553,598380019.0937786,596953508.2382818,595516528.8015296,594068998.3039224,592610833.801281,591141951.8890618,589662268.7068217,588171699.9429317,586670160.8395437,585157566.1978259,583633830.3834599,582098867.332421,580552590.5570323,578994913.1523155,577425747.802628,575845006.7886117,574252601.994441,572648444.9153953,571032446.6657459,569404517.9869804,567764569.2563573,566112510.4958094,564448251.3811952,562771701.2519097,561082769.1208639,559381363.6848307,557667393.3351789,555940766.1689878,554201390.000565,552449172.3733599,550684020.5722903,548905841.6364875,547114542.3724658,545310029.3677247,543492209.0047889,541660987.4757003,539816270.7969605,537957964.8249366,536085975.2717384,534200207.72156775,532300567.64755625,530386960.42908907,528459291.36962926,526517465.71504414,524561388.67244345,522590965.4295348,520606101.174501,518606701.1164088,516592670.5061513,514563914.6579337,512520338.97130144,510461848.9537258,508388350.2437404,506299748.6346411,504195950.0987532,502076860.81226397,499942387.1806316,497792435.86456764,495626913.8065983,493445728.2582089,491248786.8075691,489035997.4078411,486807268.4060774,484562508.5726967,482301627.1315526,480024533.790577,477731138.77301556,475421352.8492333,473095087.36910474,470752254.2949719,468392766.23517466,466016536.4781405,463623479.02703583,461213508.6349628,458786540.8407005,456342492.0049801,453881279.34728086,451402820.9831395,448907035.96196306,446393844.3053235,443863167.04573166,441314926.26586616,438749045.13824594,436165447.9653295,433564060.220015,430944808.5865344,428307621.00170755,425652426.69654447,422979156.2381641,420287741.57201517,417578116.064361,414850214.54501665,412103973.3502959,409339330.3661523,406556225.07147634,403754598.58152187,400934393.69143194,398095554.91982913,395238028.55244136,392361762.68572885,389466707.2704824,386552814.1553577,383620037.1303153,380668331.9699349,377697656.476575,374707970.52334666,371699236.09687555,368671417.3398293,365624480.59318537,362558394.43822503,359473129.7382332,356368659.6799041,353244959.8144385,350102008.09834725,346939784.9339633,343758273.20968825,340557458.3400021,337337328.30527955,334097873.69147044,330839087.7297143,327560966.3359815,324263508.1508486,320946714.579541,317610589.83239836,314255140.9659538,310880377.9248369,307486313.58476174,304072963.79689014,300640347.4339055,297188486.43819463,293717405.87257266,290227133.97406507,286717702.21131784,283189145.3462944,279641501.5009948,276074812.2300332,272489122.6000195,268884481.2767961,265260940.62172663,261618556.79836965,257957389.89103255,254277504.03688005,250578967.57346877,246861853.20380035,243126238.18121877,239372204.51675904,235599839.21183592,231809234.51949862,228000488.23783284,224173704.03949615,220328991.84180218,216466468.22227392,212586256.8851042,208688489.18456158,204773304.71203715,200840851.95413488,196891289.03000793,192924784.5170119,188941518.37470293,184941682.97826415,180925484.27359733,176893143.06759194,172844896.46847397,168780999.49266547,164701726.85625833,160607374.97103807,156498264.16698816,152374741.16539782,148237181.82906264,144085994.21867368,139921621.98728812,135744548.1478428,131555299.25196624,127354450.02192298,123142628.48136285,118920521.63468647,114688881.74926293,110448533.29945499,106200380.63643056,101945416.45304793,97684731.11868227,93419522.96470532,89151109.60737702,84880940.4011414,80610610.12164253,76341873.98412803,72076664.10917357,67817107.55368519,63565546.0307937,59324557.447285056,55096979.391405046,50885934.706923336,46694859.2909022,42527532.252262056,38388108.56554499,34281154.348695785,30211684.884660304,26185205.493503124,22207755.34397286,18285954.27031097,14427052.63109696,10638984.211548924,6930422.128787726,3310837.651268661,-209438.21036201715,-3619150.541695565,-6906054.052152157,-10056844.607388347,-13057089.127614796,-15891154.237781167,-18542134.045303375,-20991777.35517794,-23220414.48299563,-25206883.55573675,-26928455.748069704,-28360758.222293913,-29477692.53812179,-30251344.86657968,-30651882.347170234,-30647427.208886176,-30203896.649163038,-29284791.731885314,-27850912.538528025,-25859969.359645545,-23266050.879907817,-20018900.4549886,-16062941.711514354,-11335987.0080868,-5767561.056628466,723214.8387306333,8230190.618350893,16863124.195180178,26750709.22827989,38043042.940182686,50912186.62649763,65548181.775541335,82145480.60667816,100870198.21588948,121789818.71538123,144729889.43040583,168989361.7739558,192787666.0304553,212237879.91745403,219636125.29710883,200839988.97455588,124091697.10799566,0.0
30660.0,72310981341.80804,72417456816.13998,72524350360.08737,72631664341.43596,72739401142.77567,72847563161.54846,72956152810.09415,73065172515.69452,73174624720.61499,73284511882.14407,73394836472.63068,73505600979.51877,73616807905.37947,73728459767.9407,73840559100.11346,73953108450.01578,74066110380.99321,74179567471.63614,74293482315.79384,74407857522.58478,74522695716.40363,669924223.6817147,668843853.557898,667755395.9560952,666658780.8950033,665553937.8121399,664440795.5614731,663319282.4111302,662189326.0411773,661050853.5414774,659903791.4096317,658748065.5490019,657583601.2668247,656410323.2724121,655228155.6754498,654037021.9843936,652836845.1049659,651627547.3387575,650409050.3819387,649181275.3240869,647944142.647125,646697572.2243844,645441483.3197942,644175794.5871959,642900424.0697949,641615289.1997492,640320306.797899,639015393.0736461,637700463.6249815,636375433.4386733,635040216.8906114,633694727.7463226,632338879.1616547,630972583.6836352,629595753.251516,628208299.1980014,626810132.2506669,625401162.5335816,623981299.569125,622550452.2800229,621108528.9915875,619655437.4341859,618191084.7459304,616715377.4756019,615228221.5858133,613729522.4564154,612219184.8881545,610697113.1065869,609163210.7662561,607617380.9551413,606059526.1993818,604489548.4682837,602907349.1796156,601312829.2052057,599705888.876834,598086427.9924418,596454345.8226538,594809541.1176257,593151912.1142231,591481356.5435355,589797771.638738,588101054.1433051,586391100.3195779,584667805.9577059,582931066.3849521,581180776.4753864,579416830.6599598,577639122.9369762,575847546.882962,574041995.6639462,572222362.0471509,570388538.4131075,568540416.7681966,566677888.7576237,564800845.678834,562909178.4953771,561002777.8512197,559081534.0855203,557145337.2478659,555194077.1139821,553227643.2019114,551245924.7886797,549248810.9274387,547236190.4651074,545207952.0604944,543163984.2029293,541104175.2313825,539028413.3540998,536936586.6687315,534828583.1829755,532704290.83572745,530563597.5187402,528406391.0987929,526232559.44037133,524041990.4288569,521834571.9942206,519610192.1352256,517368738.9441265,515110100.6318723,512834165.5537951,510540822.2357914,508229959.4009805,505901465.99683636,503555231.22277987,501191144.55822784,498809095.79108095,496408975.0466416,493990672.81694645,491554079.9904981,489099087.8823807,486625588.2647378,484133473.39759576,481622636.0600101,479092969.5815084,476544367.873808,473976725.46278095,471389937.52063334,468783899.8982729,466158509.15782547,463513662.60527086,460849258.3231551,458165195.20333797,455461372.979741,452737692.26103884,449994054.5632553,447230362.34220666,444446519.0257434,441642429.04573226,438817997.86971754,435973132.03220165,433107739.1654786,430221728.0299533,427315008.5438732,424387491.81240094,421439090.1559458,418469717.1376816,415479287.5901578,412467717.6409241,409434924.73707896,406380827.6686475,403305346.5906939,400208403.0440767,397089919.97474027,393949821.75145054,390788034.1818601,387604484.5268157,384399101.51278424,381171815.34231246,377922557.7023971,374651261.7706791,371357862.2193495,368042295.21667105,364704498.4260249,361344411.002389,357961973.58616585,354557128.29428613,351129818.7085228,347679989.86095965,344207588.21658015,340712561.6529483,337194859.43698186,333654432.1988363,330091231.9029445,326505211.8162865,322896326.4740044,319264531.64250624,315609784.2802609,311932042.4965271,308231265.50832427,304507413.5960194,300760448.0579797,296990331.1648232,293197026.11389875,289380496.9847398,285540708.6963472,281677626.9673097,277791218.2799096,273881449.8495488,269948289.60101503,265991706.15333158,262011668.8151774,258008147.59313586,253981113.21533585,249930537.17339486,245856391.7859451,241758650.28745818,237637286.9465515,233492277.2184871,229323597.93716735,225131227.55257478,220915146.4203445,216675337.15095177,212411785.02690977,208124478.49735737,203813409.76053274,199478575.44584867,195119977.4086508,190737623.6522416,186331529.39341533,181901718.28959912,177448223.84771296,172971091.03711727,168470378.13147342,163946158.8070741,159398524.528173,154827587.25313175,150233482.4987944,145616372.80441952,140976451.6408008,136313947.81486797,131629130.42514539,126922314.42893821,122193866.8880597,117444213.96631435,112673848.7587981,107883340.04040232,103073342.02866831,98244605.26433873,93397988.72152185,88534473.26829436,83655176.60770288,78761369.83838606,73854495.78326353,68936189.24371448,64008299.34515804,59072914.14760199,54132387.70117679,49189369.7313844,44246838.141227126,39308134.51679245,34377002.8184458,29457631.430542946,24554698.727416575,19673422.29104352,14819611.884892225,9999726.247472644,5220933.716531694,491176.6291356087,-4180760.637285799,-8785180.21347493,-13311396.218370795,-17747657.638890684,-22081069.21661204,-26297511.09493199,-30381558.12565139,-34316399.864429384,-38083762.37913236,-41663833.02273157,-45035189.23844364,-48174732.20647448,-51057625.62205768,-53657238.99519014,-55945093.425075054,-57890805.618231624,-59462022.719629794,-60624335.973285735,-61341154.91351643,-61573515.242379904,-61279782.28809169,-60415197.56446934,-58931198.363557935,-56774420.132944584,-53885270.74711886,-50195949.78113815,-45627785.278643996,-40087796.556700945,-33464505.257645458,-25623286.34223646,-16402126.91126123,-5609842.707040697,6968793.37167713,21551597.805215538,38301270.78059831,57188456.48081228,77680562.96540624,98043179.17552164,113790594.9028027,114487346.38115796,79381182.14178663,-9015171.951836169,0.0
30650.0,70720172515.11276,70819821148.11012,70919837617.9907,71020223757.50279,71120981406.71437,71222112412.93202,71323618630.61511,71425501921.28537,71527764153.43155,71630407202.40884,71733432950.33331,71836843285.97089,71940640104.62044,72044825307.99146,72149400804.07556,72254368507.0118,72359730336.9455,72465488219.88058,72571644087.52509,72678199877.12923,72785157531.31656,700487483.069382,699456517.9301486,698417447.6686456,697370198.7638415,696314697.0358336,695250867.6420883,694178635.0737293,693097923.1518774,692008655.0240458,690910753.1605946,689804139.351244,688688734.7016547,687564459.6300721,686431233.8640424,685288976.4372025,684137605.6861446,682977039.2473636,681807194.054285,680627986.3343838,679439331.6063902,678241144.6775936,677033339.6412396,675815829.874037,674588528.0337629,673351346.0569837,672104195.1568868,670846985.8212352,669579627.81044,668302030.1557633,667014101.157654,665715748.3842173,664406878.6698263,663087398.1138817,661757212.0797191,660416225.193675,659064341.34431,657701463.6818035,656327494.6175148,654942335.823722,653545888.2335439,652138052.04105,650718726.7015593,649287810.9321434,647845202.7123317,646390799.285024,644924497.1576245,643446192.1033938,641955779.1630306,640453152.6464885,638938206.1350324,637410832.4835391,635870923.8230585,634318371.5636244,632753066.3973387,631174898.301724,629583756.5433565,627979529.6817832,626362105.5737324,624731371.3776214,623087213.55837,621429517.8925236,619758169.4736993,618073052.7183511,616374051.3718704,614661048.5150235,612933926.5707328,611192567.3112099,609436851.8654449,607666660.7270608,605881873.7625358,604082370.2198038,602268028.7372339,600438727.3529998,598594343.514842,596734754.0902293,594859835.3769219,592969463.1139485,591063512.4929912,589141858.1701963,587204374.2784004,585250934.4397901,583281411.778986,581295678.9365675,579293608.0830256,577275070.9331621,575239938.7609264,573188082.4146912,571119372.3329799,569033678.5606266,566930870.7653883,564810818.2549917,562673389.9946246,560518454.6248631,558345880.4800324,556155535.6069969,553947287.7843764,551721004.5421784,549476553.181844,547213800.7966914,544932614.2927577,542632860.4100181,540314405.7439774,537977116.7676144,535620859.85367,533245501.2972565,530850907.33877105,528436944.1870991,526003478.0430711,523550375.12316775,521077501.6834295,518584724.04355013,516071908.61112857,513538921.9060304,510985630.58484054,508411901.46535593,505817601.5510818,503202598.0556861,500566758.4273647,497909950.3730678,495232041.8825276,492532901.2520379,489812397.1079151,487070398.4295815,484306774.57219696,481521395.2887671,478714130.75164723,475884851.5733613,473033428.8266443,470159734.0636192,467263639.334005,464345017.2022536,461403740.7635102,458439683.65827453,455452720.0856427,452442724.81500906,449409573.19608355,446353141.1670886,443273305.2609887,440169942.609594,437042930.94537985,433892148.6008464,430717474.5052527,427518788.1785263,424295969.72216564,421048899.80693626,417777459.6571444,414481531.03128266,411160996.1988124,407815737.9128696,404445639.3786357,401050584.2171418,397630456.42425257,394185140.32456315,390714520.5199545,387218481.8325302,383696909.2416668,380149687.81489074,376576702.63231426,372977838.7043389,369352980.88235164,365702013.7621332,362024821.5797083,358321288.09936786,354591296.4936083,350834729.21474653,347051467.85798067,343241393.0156944,339404384.12282455,335540319.29314494,331649075.1463586,327730526.6259323,323784546.80766565,319811006.69904643,315809775.02952075,311780718.0318841,307723699.21511304,303638579.1290539,299525215.12152886,295383461.08856726,291213167.218638,287014179.7319627,282786340.61620575,278529487.3601072,274243452.68688875,269928064.289629,265583144.57113868,261208510.39132035,256803972.8254522,252369336.93738943,247904401.57227546,243408959.17404354,238882795.6337552,234325690.17570034,229737415.28914094,225117736.7146846,220466413.49550006,215783198.10494822,211067836.66375524,206320069.2615612,201539630.39960033,196726249.57341912,191879652.0169157,186999559.63165614,182085692.12837464,177137768.4108556,172155508.2360389,167138634.1882286,162086874.00975096,156999963.3353308,151877648.88288522,146719692.1593958,141525873.7470545,136295998.24203497,131029899.92601112,125727449.2590208,120388560.29139745,115013199.10235637,109601393.38334525,104153243.29549018,98668933.74230713,93148748.21122831,87593084.35033017,82002471.45971861,76377590.09016323,70719293.95441821,65028634.36886501,59306887.45410842,53555584.33234054,47776544.565814346,41971913.083645344,36144200.842146784,30296329.455490828,24431680.016913384,18554146.303751558,12668192.519878566,6778915.673652977,892112.6150584519,-4985648.341365814,-10846951.404887855,-16683453.259696543,-22485799.519346863,-28243538.45253277,-33945033.01640841,-39577372.5432497,-45126285.774436265,-50576057.31466478,-55909449.97321823,-61107635.84068689,-66150139.27451593,-71014795.16685659,-75677725.84119281,-80113339.52074999,-84294352.31775573,-88191833.80668616,-91775273.04895729,-95012656.86209056,-97870544.41386387,-100314110.88372996,-102307116.73103547,-103811736.57322091,-104788151.23005794,-105193766.78020385,-104981875.12586969,-104099513.70418164,-102484225.28326473,-100059381.23837729,-96727754.91543186,-92363202.48676428,-86800807.79355946,-79827063.28938758,-71174474.64784795,-60531541.45942819,-47594943.339013845,-32231054.61039424,-14920982.48003769,2045981.230361551,11454624.480037391,-5412907.1755824685,-74710648.78687245,0.0
30640.0,69041958319.72202,69134463310.66426,69227284339.89973,69320422698.86597,69413879678.90433,69507656571.05365,69601754665.83707,69696175253.04097,69790919621.48709,69885989058.7963,69981384851.14497,70077108283.01263,70173160636.92145,70269543193.16702,70366257229.53989,70463304021.03818,70560684839.57028,70658400953.64825,70756453628.07016,70854844123.59308,70953573696.59442,731751429.319354,730775558.9336033,729791615.0927187,728799521.1705196,727799199.8071656,726790572.9039859,725773561.6183336,724748086.3584743,723714066.7784944,722671421.7732563,721620069.473379,720559927.2402632,719490911.6611583,718412938.5442684,717325922.9139127,716229779.0057305,715124420.2619426,714009759.326669,712885708.0413029,711752177.4399519,710609077.7449441,709456318.3624022,708293807.877893,707121454.0521508,705939163.8168874,704746843.2706792,703544397.6749465,702331731.4500258,701108748.1713345,699875350.5656426,698631440.5074388,697376919.0154185,696111686.2490734,694835641.5054058,693548683.2157649,692250708.9428056,690941615.3775855,689621298.3367958,688289652.7601309,686946572.7078105,685591951.3582506,684225681.0058914,682847653.0591855,681457758.0387613,680055885.5757502,678641924.4102983,677215762.3902624,675777286.4700916,674326382.7099092,672862936.2747946,671386831.4342716,669897951.5620093,668396179.1357479,666881395.7374396,665353482.0536325,663812317.8760812,662257782.1026087,660689752.7382152,659108106.8964422,657512720.8009982,655903469.7876565,654280228.3064224,652642869.9239845,650991267.3264506,649325292.3223791,647644815.8461064,645949707.9613807,644239837.8653057,642515073.892602,640775283.52019,639020333.3721001,637250089.2247176,635464416.0123638,633663177.8332227,631846237.9556173,630013458.824633,628164702.0691057,626299828.5089676,624418698.1629589,622521170.2567072,620607103.231183,618676354.7515237,616728781.7162414,614764240.2668015,612782585.7975898,610783672.9662542,608767355.7044282,606733487.2288387,604681920.0527892,602612505.9980215,600525096.2069508,598419541.1552751,596295690.6649487,594153393.9175174,591992499.4678081,589812855.257967,587614308.6318336,585396706.3496463,583159894.6030612,580903719.0304787,578628024.7326553,576332656.2885959,574017457.7716935,571682272.7661133,569326944.3833863,566951315.2791975,564555227.6703382,562138523.3517964,559701043.7139544,557242629.7598605,554763122.1225371,552262361.0822916,549740186.583981,547196438.2541895,544630955.4182723,542043577.1172082,539434142.1242092,536802488.9610209,534148455.91386294,531471881.0489224,528772602.2273384,526050457.1195999,523305283.21926445,520536917.8559169,517745198.2072667,514929961.3102867,512091044.0712833,509228283.27478474,506341515.5911232,503430577.5825852,500495305.70798993,497535536.3255527,494551105.6938786,491541849.9709212,488507605.2107424,485448207.3578753,482363492.23911685,479253295.55253196,476117452.8534596,472955799.537296,469768170.8188157,466554401.7077737,463314326.9805316,460047781.1474233,456754598.41557175,453434612.64684105,450087657.3106096,446713565.4310186,443312169.5283438,439883301.5541113,436426792.81957453,432942473.9171398,429430174.634311,425889723.8597137,422320949.48072654,418723678.27224374,415097735.7760552,411442946.1703261,407759132.1286328,404046114.66798747,400303712.9852711,396531744.28147113,392730023.5731067,388898363.49020034,385036574.06014216,381144462.47677946,377221832.85404754,373268485.9634509,369284218.9546908,365268825.05873775,361222093.2726382,357143808.0253557,353033748.82395226,348891689.87943375,344717399.71160096,340510640.7322943,336271168.8064391,331998732.79038095,327693074.0470387,323353925.93751526,318981013.28888315,314574051.83799976,310132747.65134215,305656796.5210373,301145883.3374502,296599681.43894756,292017851.9397189,287400043.03687525,282745889.29841083,278055010.9340548,273327013.0515344,268561484.9013615,263757999.11390084,258916110.93324745,254035357.4533068,249115256.86246097,244155307.7043327,239154988.1634491,234113755.3860581,229031044.84801668,223906269.78354412,218738820.6907531,213528064.932279,208273346.45202947,202973985.63212872,197629279.3175612,192238501.03988004,186800901.47565788,181315709.18019885,175782131.64244592,170199356.7130317,164566554.46413475,158882879.54725868,153147474.12327743,147359471.44820648,141518000.2081746,135622189.70803976,129671176.03009927,123664109.29236108,117600162.1499263,111478539.698147,105298490.95233297,99059322.09577376,92760411.70558536,86401228.18414003,79981349.64226317,73500486.49853754,66958507.07632357,60355466.49567187,53691639.17015368,46967555.22738361,40184041.17499906,33342265.12891978,26443786.90523851,19490613.24776596,12485258.416151881,5430810.289773345,-1668997.9554949403,-8809710.67375803,-15986067.331243873,-23191915.324986935,-30420118.809666157,-37662464.66840023,-44909567.21250221,-52150773.74087238,-59374073.74183738,-66566015.28548071,-73711633.03310823,-80794393.27177536,-87796162.43733835,-94697206.66301012,-101476230.88319248,-108110466.7719554,-114575819.04523167,-120847079.01112384,-126898212.11995837,-132702721.7661506,-138234083.44598967,-143466229.73631668,-148374044.81852585,-152933793.7962048,-157123361.88778,-160922105.13463688,-164310009.08459568,-167265704.52272522,-169762687.31135872,-171762818.41780284,-173205823.00258625,-173993039.72819966,-173963052.04977924,-172855995.54913288,-170262244.03513396,-165550260.50292706,-157770692.11696568,-145554921.260254,-127144790.72475338,-101319330.97299615,-73195342.73464507,-81883436.30840522,0.0
30630.0,67282398632.10757,67367487920.33536,67452840353.9595,67538456683.30986,67624337651.38201,67710483993.51204,67796896437.041306,67883575700.97228,67970522495.614,68057737522.21745,68145221472.60056,68232975028.76216,68320998862.485245,68409293634.92824,68497859996.20517,68586698584.95316,68675810027.88792,68765194939.34624,68854853920.81532,68944787560.4486,69034996432.56764,763680478.7614012,762765394.4070375,761842319.7928737,760911175.6716342,759971881.9914182,759024357.8891258,758068521.683881,757104290.870462,756131582.1127324,755150311.2370887,754160393.2259088,753161742.2110198,752154271.4671779,751137893.405566,750112519.5673131,749078060.6170316,748034426.3363845,746981525.6176794,745919266.4574907,744847555.9503194,743766300.2822843,742675404.7248595,741574773.6286473,740464310.4172046,739343917.5809124,738213496.6709006,737072948.2930295,735922172.1019313,734761066.7951124,733589530.1071253,732407458.803811,731214748.6766155,730011294.5369865,728796990.2108512,727571728.5331839,726335401.3426611,725087899.4764174,723829112.7648966,722558930.0268118,721277239.0642123,719983926.6576645,718678878.5615537,717361979.4995077,716033113.1599507,714692162.1917887,713339008.2002362,711973531.7427853,710595612.3253243,709205128.3984126,707801957.3537128,706385975.5205901,704957058.1628821,703515079.475847,702059912.5832901,700591429.5348816,699109501.3036666,697613997.7837731,696104787.7883301,694581739.047589,693044718.2072663,691493590.82711,689928221.379689,688348473.2494218,686754208.7318408,685145289.0331036,683521574.2697563,681882923.4687515,680229194.5677284,678560244.4155619,676875928.7731812,675176102.314671,673460618.6286507,671729330.2199419,669982088.5115321,668218743.8468289,666439145.4922197,664643141.6399333,662830579.4112105,661001304.8597856,659155162.9756819,657291997.6893263,655411651.8759794,653513967.3604867,651598784.9223539,649665944.3011416,647715284.2021804,645746642.302613,643759855.2577507,641754758.7077501,639731187.2846029,637688974.6194391,635627953.350133,633547955.1292124,631448810.6320608,629330349.5654025,627192400.6760674,625034791.7600176,622857349.6716337,620659900.3332323,618442268.7448173,616204278.9940336,613945754.2663126,611666516.8551862,609366388.1727471,607045188.7602296,604702738.2986842,602338855.6197195,599953358.7162681,597546064.7533593,595116790.0788409,592665350.2340205,590191559.9641802,587695233.2289122,585176183.212224,582634222.3323607,580069162.2512794,577480813.8837099,574868987.4057364,572233492.2628214,569574137.1771896,566890730.1544912,564183078.489644,561450988.7717662,558694266.8880813,555912718.0266943,553106146.6781114,550274356.6353762,547417150.992688,544534332.1423528,541625701.7699132,538691060.8472946,535730209.6237858,532742947.61467206,529729073.5873186,526688385.5444999,523620680.70473677,520525755.47941995,517403405.44645655,514253425.32017475,511075608.9172016,507869749.118018,504635637.82386494,501373065.90866816,498081823.16562164,494761698.24805677,491412478.60418856,488033950.4053251,484625898.46708715,481188106.16317046,477720355.3311488,474222426.16979176,470694097.12734747,467135144.78019667,463545343.7012657,459924466.31754816,456272282.75604904,452588560.6774288,448873065.0965944,445125558.1894323,441345799.0848527,437533543.64126056,433688544.2065347,429810549.36054236,425899303.6391801,421954547.2388786,417976015.70046306,413963439.57120883,409916544.0438907,405835048.5715565,401718666.45672756,397567104.41365945,393380062.10225505,389157231.63216865,384898297.03560257,380602933.707236,376270807.80969656,371901575.6429475,367494882.97591823,363050364.3386947,358567642.27355677,354046326.54314804,349486013.29405975,344886284.1741338,340246705.40181977,335566826.78597325,330846180.69456387,326084280.9708579,321280621.79578644,316434676.49537235,311545896.29231155,306613709.0010745,301637517.6662086,296616699.14392555,291550602.6275225,286438548.11774516,281279824.83986473,276073689.61002094,270819365.1542967,265516038.38506037,260162858.64035094,254758935.89353734,249303338.94214022,243795093.58665258,238233180.81240588,232616534.99009347,226944042.11349446,221214538.09629393,215426807.15372527,209579580.2991318,203671533.99050117,197701288.96765924,191667409.3271919,185568401.88935512,179402715.91934866,173168743.27445155,166864819.05872506,160489222.87839824,154040180.8037653,147515868.15750134,140914413.26486403,134233902.31834012,127472385.52798712,120627884.74898249,113698402.79974216,106681934.70727849,99576481.14104551,92380064.32207608,85090746.72030026,77706652.87886786,70225994.72921818,62647100.78326726,54968449.60783589,47188707.99911815,39306774.2788592,31321827.125338852,23233380.32673794,15041343.79622966,6746091.110023081,-1651466.2873241901,-10149798.232666373,-18746668.60119635,-27439042.231615424,-36222986.988042474,-45093572.45567316,-54044767.44296712,-63069339.31581372,-72158759.25121006,-81303118.80351642,-90491064.7585305,-99709761.13708693,-108944889.41564599,-118180700.54649776,-127400135.13104665,-136585030.99866515,-145716440.22311088,-154775079.8290071,-163741941.36138847,-172599082.9017243,-181330621.08078033,-189923927.12111625,-198371005.21337754,-206669986.3115784,-214826594.58659738,-222855320.31494248,-230779835.88594818,-238631880.40586996,-246447347.7656877,-254257530.86286992,-262072190.83579344,-269848903.2259504,-277439029.9039482,-284492483.87480026,-290286091.03674585,-293402036.90327215,-291097606.2329547,-278031806.0854671,-243855748.48795655,-171491928.83914742,-65188011.11969361,0.0
30620.0,65447802059.62415,65525249334.4221,65602906239.21529,65680772989.75584,65758849787.505295,65837136819.19817,65915634256.39393,65994342255.017365,66073260954.88655,66152390479.22902,66231730934.1843,66311282408.29424,66391044971.97919,66471018677.00073,66551203555.90999,66631599621.48154,66712206866.13207,66793025261.32388,66874054756.95218,66955295280.71648,67036746737.47499,796235001.5523595,795386360.7558506,794529866.3102992,793665436.8779907,792792990.2503633,791912443.3400437,791023712.1728609,790126711.8798386,789221356.6891631,788307559.9181414,787385233.965133,786454290.3014764,785514639.4633968,784566191.043905,783608853.6846915,782642535.0680075,781667141.9085484,780682579.9453322,779688753.9335802,778685567.6365995,777672923.8176746,776650724.2319613,775618869.6183994,774577259.6916323,773525793.1339507,772464367.5872465,771392879.6450016,770311224.8442905,769219297.6578212,768116991.4860045,767004198.6490588,765880810.3791573,764746716.8126129,763601806.9821172,762445968.8090205,761279089.0956752,760101053.5178301,758911746.617091,757711051.7934444,756498851.2978543,755275026.2249324,754039456.5056866,752792020.9003525,751532596.9913151,750261061.176121,748977288.6605885,747681153.4520185,746372528.3525138,745051284.9524095,743717293.6238194,742370423.514303,741010542.5406643,739637517.3828765,738251213.4781468,736851495.0151228,735438224.9282482,734011264.8922695,732570475.3169026,731115715.3416629,729646842.830863,728163714.368789,726666185.2550521,725154109.5001299,723627339.8210955,722085727.6375439,720529123.0677226,718957374.9248614,717370330.7137243,715767836.6273692,714149737.5441352,712515877.0248533,710866097.3102908,709200239.3188293,707518142.6443855,705819645.5545734,704104584.9891152,702372796.558506,700624114.5429304,698858371.8914392,697075400.2213838,695275029.8181169,693457089.6349535,691621407.2934012,689767809.0836527,687896119.9653487,686006163.5686042,684097762.1953007,682170736.8206413,680224907.0949657,678260091.3458228,676276106.5802956,674272768.4875727,672249891.441762,670207288.5049365,668144771.4304034,666062150.6661918,663959235.3587376,661835833.3567612,659691751.2153233,657526794.2000318,655340766.2913992,653133470.1893117,650904707.3176026,648654277.8286965,646381980.6083022,644087613.2801206,641770972.2105412,639431852.513284,637070048.0539578,634685351.4544864,632277554.0973594,629846446.1296601,627391816.4668174,624913452.7960212,622411141.579248,619884668.0558176,617333816.2444227,614758368.9445441,612158107.737175,609532812.9847634,606882263.8302743,604206238.1952772,601504512.7769384,598776863.0438128,596023063.2302953,593242886.3296134,590436104.0852025,587602486.9803176,584741804.2257185,581853823.7452477,578938312.159116,575995034.7646999,573023755.5146313,570024236.9919543,566996240.3821158,563939525.441514,560853850.4623489,557738972.2334716,554594645.9969232,551420625.3998355,548216662.4413373,544982507.4140952,541717908.8400867,538422613.4001889,535096365.8571241,531738908.9712968,528349983.40900046,524929327.64246583,521476677.8411791,517991767.7538514,514474328.5804086,510924088.8333133,507340774.1874912,503724107.3180929,500073807.7252847,496389591.54519475,492671171.3461015,488918255.9089006,485130549.99081635,481307754.07127213,477449564.0787732,473555671.0975815,469625761.0528891,465659514.3731408,461656605.6280544,457616703.1408276,453539468.57291764,449424556.47970736,445271613.8352625,441080279.5243003,436850183.7993809,432580947.70123214,428272182.44000626,423923488.73515886,419534456.11151737,415104662.14899236,410633671.6832634,406121035.954642,401566291.702188,396968960.20003515,392328546.2327437,387644537.0063814,382916400.9919027,378143586.6972799,373325521.364728,368461609.5892573,363551231.8546895,358593742.98321164,353588470.49446034,348534712.87010586,343431737.71989685,338278779.84514797,333075039.1957301,327819678.7167335,322511822.0811681,317150551.3053104,311734904.2436477,306263871.960813,300736395.97846603,295151365.39576113,289507613.8829212,283803916.54846823,278038986.6819408,272211472.37543887,266319953.02915758,260362935.74822128,254338851.64066094,248246052.02937472,242082804.594391,235847289.46584404,229537595.29279822,223151715.31855816,216687543.4994434,210142870.71131563,203515381.09654158,196802648.613679,190002133.8631472,183111181.27461094,176127016.75595337,169046745.91968763,161867353.02061635,154585700.7586881,147198531.12340605,139702467.48100454,132094018.1329611,124369581.60430557,116525453.95253044,108557838.42256999,100462857.8098849,92236569.93165517,83874986.64452904,75374096.88507557,66729894.2442469,57938409.617339134,48995749.49286413,39898140.45300543,30641980.44917786,21223897.381092668,11640815.43694371,1890029.533420682,-8030711.9886620045,-18123116.524214566,-28388248.70628333,-38826425.25433761,-49437104.86672109,-60218775.77617878,-71168844.79038075,-82283533.19214088,-93557786.8554497,-104985210.43329492,-116558038.59016433,-128267161.08841875,-140102223.18843094,-152051828.35595486,-164103876.69354016,-176246079.71226057,-188466699.7017812,-200755569.32185417,-213105452.7512983,-225513811.3165657,-237985029.68815672,-250533136.20665947,-263185000.5559607,-275983893.83412457,-288993117.2362285,-302299091.9722757,-316012764.25999236,-330267258.67894036,-345208122.90560627,-360969671.27149266,-377625594.3607595,-395091187.22675526,-412930907.3663722,-429969727.7853191,-443469970.2747266,-447273518.0070099,-427284425.27546513,-350125223.3862516,-145195550.0018633,0.0
30610.0,63544686440.65381,63614311738.81053,63684092995.53895,63754029904.62824,63824122138.99942,63894369350.16784,63964771167.69212,64035327198.60974,64106037026.85857,64176900212.68388,64247916292.030975,64319084775.922455,64390405149.81983,64461876872.96977,64533499377.73338,64605272068.89918,64677194322.97842,64749265487.48329,64821484880.18618,64893851788.36107,64966365468.00531,829371321.1610677,828594710.9942126,827810438.7297232,827018421.513207,826218575.5588305,825410816.1400023,824595057.580012,823771213.2426186,822939195.5225961,822098915.8362277,821250284.6117651,820393211.279839,819527604.2638316,818653370.970211,817770417.7788279,816878650.0331755,815977972.0306176,815068287.012583,814149497.1547343,813221503.5571027,812284206.2342024,811337504.1051186,810381294.983576,809415475.5679865,808439941.4314845,807454587.0119405,806459305.6019728,805453989.3389429,804438529.1949499,803412814.966817,802376735.266084,801330177.5089965,800273027.9065027,799205171.454264,798126491.922671,797036871.8468764,795936192.5168536,794824333.9674695,793701174.9685887,792566593.0152051,791420464.31761,790262663.7915964,789093065.0487018,787911540.3865036,786717960.7789592,785512195.8668015,784294113.9479939,783063581.9682462,781820465.5116001,780564628.791085,779295934.6394516,778014244.4999831,776719418.4174008,775411315.0288483,774089791.5549845,772754703.7911654,771405906.0987399,770043251.3964531,768666591.1519647,767275775.3734889,765870652.60156,764451069.9009302,763016872.852601,761567905.5459976,760104010.5712893,758625029.0118606,757130800.4369397,755621162.8943853,754095952.903644,752555005.4488738,750998153.9722452,749425230.3674245,747836064.9732355,746230486.5675157,744608322.3611612,742969397.9923685,741313537.5210781,739640563.423616,737950296.5875487,736242556.3067372,734517160.2766101,732773924.5896435,731012663.7310575,729233190.5747242,727435316.3792946,725618850.7845347,723783601.8078768,721929375.8411871,720055977.6477344,718163210.3593681,716250875.4738994,714318772.852675,712366700.7183447,710394455.652808,708401832.5953355,706388624.8408568,704354624.0383942,702299620.1896462,700223401.6476843,698125755.1157672,696006465.646243,693865316.6395172,691702089.843075,689516565.350523,687308521.600626,685077735.3763115,682823981.803606,680547034.3504692,678246664.8254857,675922643.3763735,673574738.4882591,671202716.9816775,668806344.01023,666385383.0578531,663939595.935627,661468742.7780588,658972582.038763,656450870.4854628,653903363.1942217,651329813.5428175,648729973.20315,646103592.1325876,643450418.5641272,640770198.9952438,638062678.1753021,635327599.0913866,632564702.9523888,629773729.1712008,626954415.3448272,624106497.2322375,621229708.729749,618323781.8437335,615388446.6604102,612423431.3124835,609428461.9423664,606403262.6616926,603347555.5068419,600261060.3901381,597143495.0463891,593994574.9743967,590814013.3730574,587601521.0716267,584356806.4537158,581079575.3745372,577769531.0709076,574426374.0634599,571049802.0505034,567639509.7929127,564195188.9894011,560716528.1414869,557203212.4074109,553654923.4442254,550071339.2372141,546452133.9157509,542796977.5546558,539105535.9600301,535377470.43849957,531612437.5487234,527810088.83394194,523970070.53428036,520092023.2774134,516175581.746138,512220374.3212794,508226022.69827884,504192141.4756905,500118337.71371573,496004210.4607666,491849350.2459497,487653338.5351984,483415747.1486706,479136137.6368578,474814060.61269766,470449055.036828,466040647.45293,461588351.16992635,457091665.387607,452550074.2620562,447963045.907017,443330031.3271306,438650463.2787316,433923755.0536339,429149299.18110305,424326466.0429085,419454602.3961104,414533029.7979154,409561042.9266644,404537907.7927027,399462859.8325736,394335101.8796845,389153802.00426173,383918091.2151202,378627061.01546806,373279760.8046849,367875195.11772764,362412320.6935938,356890043.3640452,351307214.75362736,345662628.7819236,339955017.9589163,334183049.4643953,328345321.0024832,322440356.42264634,316466601.0989779,310422417.06018007,304306077.86350644,298115763.2070497,291849553.27618873,285505422.82181275,279081234.9701761,272574734.7670086,265983542.461837,259305146.54254556,252536896.535053,245675995.58877409,238719492.87542492,231664275.83681887,224507062.32685202,217244392.70401776,209872621.94377095,202387911.85514438,194786223.50340754,187063309.96060246,179214709.5287122,171235739.60636944,163121491.3996786,154866825.7111652,146466370.07836384,137914517.5752911,129205427.63607377,120333029.31033236,111291027.41418272,102072912.0984376,92671972.41567945,83081314.52883333,73293885.26330423,63302501.75932455,53099888.02613771,42678719.22853476,32031674.54021448,21151499.365663707,10031077.646992862,-1336485.186194241,-12957768.324287236,-24838930.836482346,-36985596.74861902,-49402731.41932905,-62094511.81656551,-75064194.82304358,-88313989.74520218,-101844943.90967256,-115656853.78013253,-129748218.62877488,-144116259.70226905,-158757035.32145357,-173665691.76383293,-188836901.41717437,-204265553.82781488,-219947782.00801694,-235882425.46958488,-252073051.96925318,-268530679.6186331,-285277355.1779968,-302350744.18177116,-319809857.99927783,-337741953.8365079,-356270447.66379106,-375563295.42155874,-395840587.32168216,-417378828.9296167,-440507126.902194,-465586406.4928362,-492954918.67456734,-522806694.25188774,-554930861.310797,-588140806.4847646,-618938665.5177205,-637923326.1717906,-617060644.5455823,-452793158.90873206,0.0
30600.0,61579738705.51144,61641408600.48669,61703181082.38197,61765055341.39528,61827030540.746216,61889105816.04874,61951280274.66901,62013552995.06818,62075923026.12972,62138389386.47051,62200951063.73604,62263607013.87822,62326356160.4166,62389197393.68164,62452129570.03978,62515151511.100296,62578262002.90271,62641459795.08505,62704743600.03164,62768112092.00076,62831563906.23076,863041739.6155483,862342638.8034508,861636123.5191772,860922110.0044222,860200513.5153203,859471248.3118359,858734227.6470771,857989363.7565352,857236567.8472546,856475750.0869257,855706819.5929124,854929684.4212084,854144251.5553212,853350426.8950942,852548115.2454598,851737220.3051265,850917644.6552043,850089289.7477674,849252055.8943559,848405842.2544194,847550546.8237004,846686066.4225664,845812296.684282,844929132.0432365,844036465.7231135,843134189.7250178,842222194.815553,841300370.5148576,840368605.0845966,839426785.515918,838474797.5173672,837512525.5027708,836539852.5790868,835556660.5342282,834562829.8248564,833558239.564153,832542767.5095726,831516290.050578,830478682.1963556,829429817.5635288,828369568.3638568,827297805.3919319,826214398.0128747,825119214.1500342,824012120.2726921,822892981.3837788,821761661.0076036,820618021.1776011,819461922.424104,818293223.7621377,817111782.6792473,815917455.1233611,814710095.4906907,813489556.6136761,812255689.7489781,811008344.5655266,809747369.1326202,808472609.9080958,807183911.7265575,805881117.7876827,804564069.6446015,803232607.1923598,801886568.6564673,800525790.5815347,799150107.8200123,797759353.521024,796353359.1193099,794931954.3242794,793494967.1091785,792042223.7003781,790573548.5667851,789088764.4093877,787587692.150928,786070150.9257146,784535958.0695808,782984929.1099825,781416877.7562513,779831615.8899963,778228953.5556636,776608698.9512578,774970658.419219,773314636.4374676,771640435.610616,769947856.6613421,768236698.4219356,766506757.8260086,764757829.900374,762989707.7570919,761202182.5856793,759395043.6454828,757568078.25821,755721071.8006108,753853807.6973174,751966067.4138169,750057630.4495647,748128274.331222,746177774.6060102,744205904.8351676,742212436.5875009,740197139.433008,738159780.9365628,736100126.6516382,734017940.1140513,731912982.8356998,729785014.2982752,727633791.9469088,725459071.1837387,723260605.3613418,721038145.776017,718791441.6608548,716520240.1785665,714224286.414017,711903323.3664078,709557091.9410542,707185330.9406954,704787777.0562644,702364164.8570552,699914226.7801938,697437693.1193416,694934292.012527,692403749.4290141,689845789.1550956,687260132.7786987,684646499.6726732,682004606.9766358,679334169.5772176,676634900.0865669,673906508.8189412,671148703.7651987,668361190.5650125,665543672.4765949,662695850.3437052,659817422.5597157,656908085.028474,653967531.1216928,650995451.6325779,647991534.7253768,644955465.8805215,641886927.835004,638785600.5176004,635651160.9785402,632483283.3131785,629281638.5792063,626045894.7068908,622775716.4018248,619470765.0395947,616130698.5517724,612755171.3025615,609343833.955411,605896333.3288413,602412312.2406845,598891409.3398907,595333258.9249785,591737490.7481647,588103729.8041216,584431596.1022571,580720704.4213216,576970664.0450735,573181078.4776437,569351545.1371514,565481655.0260103,561570992.3762846,557619134.2683097,553625650.2206905,549590101.7496648,545512041.8956583,541391014.7147349,537226554.7324777,533018186.3576579,528765423.2528928,524467767.6592782,520124709.67178804,515735726.462017,511300281.4445983,506817823.38339674,502287785.4332882,497709584.113084,493082618.20483476,488406267.57443285,483679891.90811044,478902829.3590405,474074395.0978846,469193879.76073074,464260547.78740335,459273635.642712,454232349.9126945,449135865.2674184,443983322.2813699,438773825.1018997,433506438.9556065,428180187.4819369,422794049.88263714,417346957.8750427,411837792.43650633,406265380.3265813,400628490.3728616,394925829.50567657,389156038.5261211,383317687.5912069,377409271.39923364,371429204.0578501,365375813.6166698,359247336.2457966,353041910.0412044,346757568.43761104,340392233.2093813,333943707.0400595,327409665.6414932,320787649.40414745,314075054.56129134,307269123.8512203,300366936.66380733,293365398.6604296,286261230.8599166,279050958.1877183,271730897.49121207,264297145.03111333,256745563.46759778,249071768.37025058,241271114.29360253,233338680.47517008,225269256.2309702,217057326.14484215,208697055.173068,200182273.81527042,191506463.53692788,182662742.6686582,173643853.05335748,164442147.76486135,155049580.2816937,145457695.56708384,135657623.58222657,125640075.84373945,115395345.7283032,104913313.32670957,94183455.7545113,83194863.9345578,71936266.97386485,60396065.3574304,48562374.265969634,36423078.380654275,23965899.548457026,11178478.622787535,-1951527.366571784,-15436331.866275132,-29287888.936671495,-43517747.325784266,-58136890.10583055,-73155563.18850923,-88583098.4174465,-104427740.23714072,-120696489.4507671,-137394983.68044013,-154527442.31184793,-172096714.54356074,-190104483.4182663,-208551697.29760438,-227439324.22101548,-246769555.1431759,-266547620.3419351,-286784430.1929683,-307500306.987735,-328730136.48463666,-350530330.3805004,-372988040.47778445,-396233076.12498116,-420452903.2722304,-445910874.84160304,-472967360.5501969,-502102608.3306513,-533938942.31977993,-569258432.8438661,-609010834.7258083,-654305391.6521515,-706376480.9368385,-766495724.4994807,-835664543.5636797,-911742114.2134854,-947891767.3934379,0.0
30590.0,59559774454.936615,59613401846.32268,59667079192.7728,59720805204.61629,59774578559.63953,59828397902.38175,59882261843.415085,59936168958.60782,59990117788.37138,60044106836.889725,60098134571.33132,60152199421.04298,60206299776.72531,60260433989.588974,60314600370.49164,60368797189.05512,60423022672.761765,60477275006.030174,60531552329.26924,60585852737.910255,60640174281.41642,897194589.511163,896578329.627492,895954959.685975,895324395.6714807,894686552.5364821,894041344.1892178,893388683.4817529,892728482.1979365,892060651.0412681,891385099.6226583,890701736.448093,890010468.9062077,889311203.2557522,888603844.6129708,887888296.9388828,887164463.0264673,886432244.4877557,885691541.7408345,884942253.9967514,884184279.2463341,883417514.2469221,882641854.5090027,881857194.2827682,881063426.544585,880260442.9833755,879448133.9869229,878626388.6280899,877795094.6509619,876954138.4569108,876103405.0905855,875242778.2258232,874372140.1514964,873491371.7572827,872600352.5193762,871698960.4861219,870787072.2635994,869864563.0011377,868931306.3767762,867987174.5826689,867032038.3104372,866065766.7364733,865088227.5071969,864099286.7242652,863098808.9297483,862086657.0912634,861062692.587075,860026775.1911666,858978763.058286,857918512.7089617,856845879.0145102,855760715.182015,854662872.7393038,853552201.519916,852428549.6480594,851291763.5235775,850141687.8069149,848978165.4040927,847801037.4516997,846610143.3019018,845405320.5074673,844186404.8068302,842953230.109175,841705628.479566,840443430.1241125,839166463.3751831,837874554.6766704,836567528.5693097,835245207.6760604,833907412.6875536,832553962.3476062,831184673.4388134,829799360.7682211,828397837.1530778,826979913.4066818,825545398.3243177,824094098.6692928,822625819.1590712,821140362.4515185,819637529.1312548,818117117.6961145,816578924.543736,815022743.9582531,813448368.0971243,811855586.9780737,810244188.466167,808613958.261008,806964679.8840659,805296134.6661317,803608101.734901,801900358.0026827,800172678.1542346,798424834.6347207,796656597.6377871,794867735.0937502,793058012.6578984,791227193.698893,789375039.2872589,787501308.1839703,785605756.8291001,783688139.3305366,781748207.4527466,779785710.6055698,777800395.8330274,775792007.8021228,773760288.7916162,771704978.6807454,769625814.9378626,767522532.6089636,765394864.3060682,763242540.1954257,761065287.9854863,758862832.9146223,756634897.7385188,754381202.7172065,752101465.6016686,749795401.6199546,747462723.462746,745103141.2682855,742716362.6066043,740302092.462944,737860033.2202942,735389884.6409367,732891343.8468866,730364105.2991138,727807860.775414,725222299.3467937,722607107.3522174,719961968.3715608,717286563.1965916,714580569.7997928,711843663.3008332,709075515.9304639,706275796.9916109,703444172.8174124,700580306.7259407,697683858.9713111,694754486.6908762,691791843.8481693,688795581.1712462,685765346.0860366,682700782.6443038,679601531.4457638,676467229.553899,673297510.4049578,670092003.7095973,666850335.3465899,663572127.2479665,660256997.2749283,656904559.0838169,653514421.9813623,650086190.7683947,646619465.5711354,643113841.6591139,639568909.2487066,635984253.2912025,632359453.2442284,628694082.8252953,624987709.7461098,621239895.4262282,617450194.6845049,613618155.4066913,609743318.1874073,605825215.9445925,601863373.5044,597857307.1543517,593806524.1624109,589710522.2594619,585568789.082506,581380801.5756786,577146025.3459952,572863913.9704895,568533908.2511847,564155435.4140639,559727908.2479268,555250724.1787283,550723264.2746613,546144892.1769032,541514952.9505779,536832771.85007405,532097652.9924459,527308877.9321513,522465704.1298928,517567363.3078024,512613059.68263775,507601968.0680552,502533231.8363753,497405960.7295588,492219228.5083794,486972070.4279755,481663480.5271317,476292408.7177317,470857757.6598794,465358379.4071702,459793071.8055119,454160574.6277753,448459565.4253536,442688655.07644844,436846383.0095981,430931212.07957643,424941523.071396,418875608.8066371,412731667.8248701,406507797.611371,400201987.34080863,393812110.10506,387335914.591798,380771016.1791007,374114887.40999126,367364847.8096652,360518053.007216,353571483.1229963,346521930.38246983,339365985.91758287,332100025.71747166,324720195.6918517,317222395.8128856,309602263.30493295,301855154.85654444,293976127.83572924,285959920.4981908,277800931.18932074,269493196.5547172,261030368.791398,252405691.99333137,243611977.671129,234641579.5575319,225486367.84861147,216137703.07644296,206586409.86347765,196822750.87330538,186836401.34816378,176616424.71198946,166151249.8203262,155428650.55651683,144435728.60849023,133158900.4130947,121583889.42578626,109695725.06208628,97478749.86199194,84916636.64588314,71992417.65419441,58688527.883246005,44986865.03070223,30868868.623503983,16315620.985829711,1307972.6679791212,-14173305.266592562,-30147340.20059645,-46632947.17841923,-63648388.86837351,-81211109.05244833,-99337445.84168053,-118042335.78950703,-137339027.18666327,-157238830.85028553,-177750950.71626687,-198882455.91317892,-220638482.61288184,-243022790.3001986,-266038846.43357396,-289691679.963915,-313990833.0709277,-338954858.0165199,-364617959.1468419,-391039575.63044566,-418317944.01977915,-446608975.0924941,-476152135.2317468,-507305483.0818616,-540592765.4081503,-576767173.6682109,-616900962.5722823,-662522893.7120267,-715859272.8086499,-780319643.215339,-861591354.2766638,-970461789.2731428,-1132044659.1317415,-1413106821.3399844,0.0
30580.0,57491697606.161705,57537241122.635216,57582783121.63701,57628321862.2249,57673855565.96213,57719382416.15023,57764900557.045135,57810408093.0558,57855903087.92543,57901383563.89458,57946847500.84561,57992292835.42836,58037717460.16631,58083119222.54296,58128495924.06752,58173845319.320175,58219165114.975655,58264452968.80498,58309706488.65465,58354923231.40311,58400100701.89328,931774313.5786946,931246039.6240945,930711017.0878052,930169162.3740815,929620390.81597,929064616.6623251,928501753.0647008,927931712.0641184,927354404.5777059,926769740.3852174,926177628.115428,925577975.2323987,924970688.0216243,924355671.5760524,923732829.781981,923102065.3048315,922463279.5747987,921816372.7723813,921161243.8137853,920497790.3362103,919825908.683011,919145493.8887451,918456439.6640927,917758638.3806663,917051981.0556973,916336357.3366082,915611655.4854696,914877762.3633418,914134563.414503,913381942.6505694,912619782.6344988,911847964.4644911,911066367.7577779,910274870.6343074,909473349.7003284,908661680.0318649,907839735.1580994,907007387.0446525,906164506.076768,905310961.0424054,904446619.1152394,903571345.8375734,902685005.103162,901787459.1399556,900878568.4927597,899958192.0058186,899026186.8053231,898082408.2818472,897126710.0727139,896158944.0443009,895178960.2742776,894186607.0337888,893181730.7695827,892164176.0860823,891133785.7274241,890090400.5594336,889033859.55158,887963999.758883,886880656.3038013,885783662.3580791,884672849.124588,883548045.8191375,882409079.6522818,881255775.811116,880087957.4410658,878905445.6276872,877708059.3784635,876495615.6046209,875267929.1029563,874024812.5376911,872766076.4223465,871491529.1016558,870200976.7335081,868894223.2709404,867571070.4441693,866231317.7426803,864874762.3973708,863501199.3627527,862110421.2992272,860702218.5554208,859276379.1506059,857832688.7571902,856370930.6832993,854890885.8554351,853392332.8012314,851875047.632297,850338804.0271578,848783373.2142928,847208523.9552704,845614022.5279827,843999632.7099836,842365115.7619221,840710230.4110792,839034732.8349998,837338376.6452191,835620912.8710817,833882089.9436471,832121653.6796764,830339347.2656896,828534911.242094,826708083.4873645,824858599.2022691,822986190.894126,821090588.3610754,819171518.6763527,817228706.1725396,815261872.4257723,813270736.2398849,811255013.6304598,809214417.8087534,807148659.1654645,805057445.2543129,802940480.7753773,800797467.5581601,798628104.5443251,796432087.770047,794209110.347929,791958862.448411,789681031.280607,787375301.072489,785041353.0503398,782678865.4173832,780287513.3314915,777866968.8818653,775416901.0645704,772936975.7568085,770426855.6897848,767886200.4200236,765314666.2989829,762711906.4407835,760077570.6878831,757411305.5744832,754712754.287461,751981556.6245942,749217348.9498281,746419764.145309,743588431.5599071,740722976.9539036,737823022.4395123,734888186.4168706,731918083.505108,728912324.4680798,725870516.1343044,722792261.3106215,719677158.689055,716524802.7463065,713334783.6352863,710106687.0680206,706840094.1892477,703534581.4399401,700189720.409951,696805077.6789167,693380214.6444736,689914687.336795,686408046.2183592,682859835.9677924,679269595.2465396,675636856.4470102,671961145.4207704,668241981.1852164,664478875.6070635,660671333.0608534,656818850.0605483,652920914.8621314,648977007.0349722,644986596.9995577,640949145.5289844,636864103.2114346,632730909.8706212,628548993.9409751,624317771.7940817,620036647.0126266,615705009.6077943,611322235.1757742,606887683.9886746,602400700.0147903,597860609.8627639,593266721.6437712,588618323.7453797,583914683.5102578,579155045.812351,574338631.522579,569464635.8554758,564532226.5875164,559540542.1371503,554488689.4957677,549375741.9979787,544200736.9186699,538962672.8833102,533660507.0769137,528293152.2359238,522859473.40603894,517358284.4476878,511788344.2694109,506148352.7678976,500436946.4517694,494652693.72445214,488794089.7995881,482859551.2204515,476847409.95268834,470755907.0174288,464583185.6294404,458327283.8024509,451986126.38110113,445557516.4562303,439039126.1172829,432428486.49264854,425722977.02568084,418919813.9310275,412016037.7728104,405008500.1030873,397893849.0961117,390668514.11109954,383328689.1137553,375870314.8847486,368289059.9418394,360580300.1016537,352739096.60737884,344760172.750247,336637888.91585726,328366215.9916667,319938707.07976705,311348467.4700195,302588122.8434162,293649785.69504195,284525019.9912149,275204804.1074423,265679492.1341775,255938773.68752486,245971632.42397124,235766303.5339849,225310230.58144528,214590022.16705304,203591409.02733338,192299202.33988142,180697254.19399482,168768421.40755492,156494534.13007945,143856370.97203004,130833642.74508715,117404987.28945881,103547978.3028853,89239151.56936401,74454052.50677657,59167309.49780661,43352738.01402384,26983481.050612926,10032191.800053239,-7528735.281189024,-25726878.948093176,-44589445.71253848,-64142860.354243755,-84412290.82279897,-105421110.20143408,-127190305.14844257,-149737850.59416765,-173078086.03949636,-197221151.84198314,-222172577.62622002,-247933164.0493342,-274499370.2213384,-301864521.59125185,-330021300.5076579,-358966192.861781,-388706865.5114831,-419273876.7365244,-450738725.96337014,-483241103.72668535,-517029439.1566256,-552520756.4063205,-590389254.6524042,-631700293.4338176,-678124421.2249271,-732313140.3762107,-798639906.8276031,-884817813.5051703,-1005814966.0707452,-1196558741.0213904,-1595165173.8857288,0.0
30570.0,55382460445.761925,55419923478.91934,55457335076.10306,55494693078.03523,55531995283.66005,55569239449.32811,55606423287.96348,55643544468.21304,55680600613.57771,55717589301.525024,55754508062.58274,55791354379.41306,55828125685.86676,55864819366.01712,55901432753.17281,55937963128.86958,55974407721.83989,56010763706.96029,56047028204.17567,56083198277.40027,56119270933.39441,966721572.3954629,966286203.0720804,965844503.5166498,965396391.2524705,964941782.7015127,964480593.1703913,964012736.8361874,963538126.7321229,963056674.733083,962568291.5409932,962072886.6700406,961570368.4317483,961060643.9198978,960543618.9952998,960019198.2704136,959487285.0938143,958947781.5345085,958400588.366102,957845605.0508087,957282729.7233117,956711859.1744754,956132888.8349006,955545712.7583325,954950223.6049162,954346312.624304,953733869.6386082,953112783.0252116,952482939.6994208,951844225.096978,951196523.1564245,950539716.3013153,949873685.4222889,949198309.8589953,948513467.3818794,947819034.1738186,947114884.8116281,946400892.2474174,945676927.7898183,944942861.0850673,944198560.0979624,943443891.0926826,942678718.6134775,941902905.4652284,941116312.6938853,940318799.5667775,939510223.5528009,938690440.3024938,937859303.627987,937016665.4828461,936162375.9418027,935296283.1803762,934418233.4543922,933528071.0793993,932625638.4099891,931710775.8190242,930783321.6767669,929843112.3299338,928889982.0806589,927923763.1653817,926944285.7336593,925951377.8269098,924944865.3570917,923924572.0853183,922890319.6004181,921841927.2974466,920779212.3561472,919701989.7193742,918610072.0714765,917503269.8166537,916381391.0572859,915244241.5722423,914091624.7951748,912923341.7928066,911739191.2432132,910538969.4141067,909322470.1411321,908089484.8061723,906839802.3156755,905573209.0790086,904289488.9868394,902988423.3895586,901669791.0757419,900333368.2506602,898978928.5148427,897606242.8427,896215079.5612098,894805204.3286669,893376380.1135129,891928367.1732348,890460923.0333495,888973802.4664714,887466757.4714622,885939537.2526771,884391888.1992966,882823553.8647511,881234274.9462451,879623789.2643617,877991831.7427716,876338134.3880217,874662426.2694163,872964433.4989775,871243879.2114809,869500483.544565,867733963.6188974,865944033.5183941,864130404.2704782,862292783.8263619,860430877.0413398,858544385.6550716,856633008.2718369,854696440.3407323,852734374.135795,850746498.7360089,848732500.0051756,846692060.5715995,844624859.8075544,842530573.808486,840408875.3718951,838259433.9758494,836081915.7570682,833875983.4884984,831641296.5563323,829377510.9363616,827084279.1695979,824761250.3370597,822408070.0336187,820024380.340794,817609819.7983761,815164023.3747307,812686622.4356606,810177244.7116455,807635514.2633007,805061051.4448602,802453472.8654928,799812391.3482223,797137415.8862193,794428151.5962106,791684199.6687276,788905157.3148906,786090617.7094104,783240169.929456,780353398.88901,777429885.2683017,774469205.4378785,771470931.3768458,768434630.5847487,765359865.9865551,762246195.8301334,759093173.5755833,755900347.7757254,752667261.9469907,749393454.4299126,746078458.2383358,742721800.896408,739323004.2623352,735881584.3378003,732397051.0618725,728868908.0881157,725296652.5435364,721679774.7678745,718017758.0316364,714310078.2311403,710556203.5587145,706755594.1460173,702907701.6783195,699011968.9773891,695067829.5504425,691074707.1024289,687032015.0086741,682939155.7446961,678795520.2697237,674600487.3601923,670353422.8891587,666053679.0472822,661700593.5006214,657293488.4801553,652831669.7974712,648314425.7806358,643741026.1237624,639110720.6432418,634422737.9330299,629676283.9107454,624870540.2456427,620004662.6587737,615077779.0848429,610088987.6843743,605037354.69384,599921912.1003721,594741655.1265318,589495539.509378,584182478.5567526,578801339.9622295,573350942.3586086,567830051.588123,562237376.6656649,556571565.4093376,550831199.7104459,545014790.4126956,539120771.7678072,533147495.43201405,527093223.9649266,520956123.7890551,514734257.5648487,508425575.9324013,502027908.56704056,495538954.49178433,488956271.5851626,482277265.21813786,475499175.94882184,468619066.19841343,461633805.8262423,454540056.5160999,447334254.8801578,440012594.18079937,432571004.56473124,425005131.6978725,417310313.68391985,409481556.1443307,401513505.3330053,393400419.1554718,385136135.96026963,376714040.969989,368127030.2215643,359367471.8907428,350427164.8849776,341297294.60341537,331968385.7834601,322430252.3821955,312671944.4796174,302681692.24147874,292446847.0453016,281953819.957093,271188017.8523101,260133777.60739338,248774298.9529668,237091576.78308058,225066333.96379155,212677955.9875329,199904429.186495,186722284.65948337,173106550.59405965,159030716.2919281,144466711.9434076,129384909.05916464,113754147.46526694,97541795.90873307,80713854.60645306,63235109.49134511,45069349.43942469,26179659.34710133,6528803.475683391,-13920285.16531068,-35203892.71003348,-57356772.828035414,-80411240.16681558,-104396097.03801936,-129335388.86296445,-155246996.96901482,-182141099.30582952,-210018565.32757652,-238869407.9937529,-268671504.7900158,-299389937.9914669,-330977518.1121434,-363377382.7065159,-396529063.0303471,-430380166.0323238,-464906942.64045125,-500148658.43222845,-536263066.8325004,-573613814.9586295,-612906442.5113341,-655401767.2774401,-703267462.6756785,-760220963.7794222,-832863969.4618418,-933636021.218137,-1087358197.7586026,-1363506125.3379765,0.0
30560.0,53239024413.96373,53268453804.26296,53297783760.18153,53327011740.79575,53356135159.83096,53385151384.8125,53414057736.199234,53442851486.49912,53471529859.366585,53500090028.68117,53528529117.60703,53556844197.63287,53585032287.59192,53613090352.66139,53641015303.34096,53668803994.4099,53696453223.862274,53723959731.819626,53751320199.42073,53778531247.68802,53805589436.36965,1001973380.5924201,1001635568.6016917,1001291900.9371495,1000942296.9581411,1000586674.901851,1000224951.8683437,999857043.8054285,999482865.4933574,999102330.5293472,998715351.3119295,998321839.0251186,997921703.6224167,997514853.8106275,997101197.0335002,996680639.455198,996253085.9435793,995818440.0533061,995376604.0087714,994927478.6868415,994470963.5994254,994006956.8758559,993535355.2450904,993056054.0177338,992568947.0678747,992073926.8147418,991570884.2041763,991059708.689925,990540288.2147467,990012509.1913419,989476256.4830961,988931413.3846447,988377861.6022539,987815481.2340252,987244150.7499177,986663746.9715894,986074145.0520619,985475218.4552112,984866838.9350731,984248876.5149827,983621199.4665337,982983674.2883675,982336165.684789,981678536.544214,981010647.9174497,980332358.9958048,979643527.0890408,978944007.603156,978233654.0180126,977512317.8648057,976779848.7033746,976036094.0993671,975280899.6012484,974514108.7171679,973735562.8916775,972945101.4823158,972142561.7360489,971327778.7655847,970500585.5255512,969660812.7885542,968808289.1211102,967942840.8594646,967064292.0852963,966172464.6013119,965267177.9067407,964348249.172728,963415493.2176366,962468722.4822581,961507747.0049477,960532374.3966718,959542409.8159953,958537655.943996,957517912.9591234,956482978.5120049,955432647.7002032,954366713.0429373,953284964.4557669,952187189.2252519,951073171.9835942,949942694.6832652,948795536.5716264,947631474.1655579,946450281.2260897,945251728.7330539,944035584.8597596,942801614.9476974,941549581.4812872,940279244.0626674,938990359.3865409,937682681.2150785,936355960.3528929,935009944.6220868,933644378.8373785,932259004.7813212,930853561.1796108,929427783.6764956,927981404.8102915,926514153.9890053,925025757.4660726,923515938.3162174,921984416.4114275,920430908.3970578,918855127.6680567,917256784.34532,915635585.2521684,913991233.8909526,912323430.419774,910631871.6293304,908916250.9198602,907176258.2782063,905411580.2549603,903621899.9416952,901806896.9482706,899966247.3801833,898099623.8159573,896206695.2845445,894287127.2427139,892340581.5523983,890366716.4579692,888365186.563402,886335642.8092928,884277732.4496738,882191099.0285926,880075382.3563814,877930218.4855623,875755239.6863203,873550074.4214656,871314347.3207976,869047679.1547873,866749686.8074654,864419983.2484133,862058177.5037282,859663874.6258327,857236675.6619842,854776177.621316,852281973.4402459,849753651.9460564,847190797.8184421,844592991.5487952,841959809.3969924,839290823.3454053,836585601.0498548,833843705.7871883,831064696.3991479,828248127.2321395,825393548.072527,822500504.0769926,819568535.6975064,816597178.6003807,813585963.5788648,810534416.4586718,807442057.9957814,804308403.7658297,801132964.0442953,797915243.6766826,794654741.9377751,791350952.3790171,788003362.6629454,784611454.3835477,781174702.8713131,777692576.9816289,774164538.8650844,770590043.7181152,766968539.5122787,763299466.7003398,759582257.8971508,755816337.5331812,752001121.4783473,748136016.6336076,744220420.4875623,740253720.6350794,736235294.2547023,732164507.5413256,728040715.090322,723863259.2289813,719631469.2907608,715344660.8274654,711002134.7540464,706603176.4202523,702147054.6028624,697633020.4116818,693060306.1018839,688428123.7846321,683735664.0271904,678982094.332974,674166557.4911184,669288169.784231,664346019.0419648,659339162.5269477,654266624.6383882,649127394.4173404,643920422.8361753,638644619.8532021,633298851.21166,627881934.9603974,622392637.6714712,616829670.3276565,611191683.8503437,605477264.235625,599684927.263389,593813112.7410328,587860178.2398739,581824392.2785025,575703926.9031494,569496849.6105877,563201114.5541527,556814552.9681094,550334862.7397828,543759597.0526073,537086152.0164602,530311753.1943852,523433440.92697597,516448054.34735537,509352213.97079784,502142302.7336227,494814445.3460916,487364485.8136992,479787962.97052777,472080083.85739124,464235694.76643306,456249249.7629348,448114776.4845634,439825839.0085756,431375497.5690478,422756264.89962363,413960058.97343266,404978151.91164434,395801114.83688724,386418758.459089,376820069.2010534,366993140.70183414,356925100.58058774,346602032.40588677,336008892.89994645,325129424.5194418,313946063.70136946,302439845.25197256,290590303.5990845,278375371.93541837,265771280.66677898,252752457.06216937,239291428.60284048,225358733.26868278,210922840.91125864,195950090.9760843,180404653.18991208,164248519.46392804,147441537.22729933,129941496.7466318,111704287.75543517,92684143.95963842,72833997.73558867,52105971.60789865,30452037.8563056,7824882.75109458,-15820982.767716706,-40527819.09429896,-66332909.719439745,-93266416.0615632,-121348785.34302437,-150587672.14811856,-180974358.83030742,-212479708.00445348,-245049767.78662694,-278601302.9194323,-313017783.54898393,-348146792.256737,-383800504.21544695,-419761984.51455414,-455801675.41473675,-491710692.0909294,-527360197.388454,-562798259.5929883,-598395250.9306259,-635044979.1871471,-674433375.5239278,-719455932.7288251,-774988513.5071006,-846646929.9007341,-883722011.7043128,0.0
30550.0,51068321927.22826,51089806326.66951,51111145547.50097,51132336706.97398,51153376874.1556,51174263069.061295,51194992261.7704,51215561371.52376,51235967265.803474,51256206759.39411,51276276613.42503,51296173534.39352,51315894173.168144,51335435123.97192,51354792923.34498,51373964049.0862,51392944919.17311,51411731890.66008,51430321258.55362,51448709254.66515,51466892046.4398,1037463271.6701806,1037227364.3720092,1036986131.0146197,1036739493.5213072,1036487372.6821604,1036229688.138294,1035966358.3658943,1035697300.6600602,1035422431.1184578,1035141664.6247704,1034854914.8319572,1034562094.1453037,1034263113.7052783,1033957883.3701808,1033646311.6985927,1033328305.9316168,1033003771.9749153,1032672614.380542,1032334736.3285606,1031990039.6084603,1031638424.6003585,1031279790.2559934,1030914034.0795057,1030541052.1080095,1030160738.8919463,1029772987.4752288,1029377689.3751724,1028974734.5622079,1028564011.4393824,1028145406.8216457,1027718805.9149172,1027284092.2949452,1026841147.8859422,1026389852.9390112,1025930086.0103528,1025461723.9392606,1024984641.8258991,1024498713.0088708,1024003809.0425649,1023499799.6742986,1022986552.8212428,1022463934.5471387,1021931809.0388014,1021390038.5824199,1020838483.5396445,1020277002.3234712,1019705451.3739195,1019123685.1335111,1018531556.0225439,1017928914.4141731,1017315608.609287,1016691484.8111985,1016056387.1001418,1015410157.4075783,1014752635.4903194,1014083658.9044676,1013403062.9791777,1012710680.7902431,1012006343.1335099,1011289878.4981236,1010561113.039614,1009819870.5528181,1009065972.4446514,1008299237.7067275,1007519482.887836,1006726522.066277,1005920166.8220667,1005100226.2090118,1004266506.7266636,1003418812.2921548,1002556944.2119315,1001680701.1533765,1000789879.1163435,999884271.4045993,998963668.5971861,998027858.5197145,997076626.2155846,996109753.917158,995127021.0168788,994128204.0383526,993113076.6074002,992081409.4230857,991032970.2287377,989967523.7829611,988884831.8306658,987784653.0741055,986666743.1439478,985530854.5703844,984376736.7542839,983204135.9384125,982012795.1787192,980802454.3157023,979572849.9458717,978323715.3933109,977054780.6813512,975765772.5043789,974456414.1997658,973126425.7199593,971775523.6047158,970403420.953515,969009827.3981395,967594449.0754473,966156988.6003413,964697145.0389388,963214613.8819594,961709087.0183303,960180252.7090191,958627795.5611024,957051396.5020704,955450732.7543764,953825477.8102267,952175301.4066226,950499869.5006447,948798844.2449803,947071883.963695,945318643.1282341,943538772.3336536,941731918.2750608,939897723.7242622,938035827.5065928,936145864.4779065,934227465.501714,932280257.4264276,930303863.0626813,928297901.1607088,926261986.3877008,924195729.3051273,922098736.3459523,919970609.7916785,917810947.7491645,915619344.1271194,913395388.6122055,911138666.6446435,908848759.3932133,906525243.7295336,904167692.201494,901775673.0056877,899348749.9586883,896886482.4670014,894388425.4954879,891854129.5340614,889283140.5624137,886675000.0125258,884029244.7286823,881345406.9246864,878623014.1379386,875861589.180029,873060650.0834268,870219710.0438586,867338277.357882,864415855.3551539,861451942.3248279,858446031.4354687,855397610.6478238,852306162.6197171,849171164.6022859,845992088.3266943,842768399.880389,839499559.5718832,836185021.782948,832824234.8070178,829416640.672489,825961674.9494781,822458766.5384907,818907337.4392976,815306802.4981806,811656569.1315336,807956037.0236261,804204597.7961597,800401634.6470022,796546521.9552846,792638624.8497663,788677298.7371155,784661888.7864255,780591729.3659883,776466143.4279385,772284441.8360264,768045922.6313165,763749870.2301276,759395554.5480319,754982230.0431225,750509134.6711538,745975488.7444613,741380493.6857917,736723330.6673677,732003159.1245723,727219115.1326396,722370309.6336302,717455826.4997532,712474720.4177548,707426014.5776157,702308698.1471865,697121723.5125932,691864003.2622902,686534406.8904557,681131757.1930647,675654826.3273282,670102331.5022972,664472930.2652669,658765215.3450804,652977709.0096073,647108856.8903863,641157021.2227986,635120473.4449552,628997386.0928783,622785823.9233377,616483734.1889093,610088935.9823879,603599108.5594952,597011778.5399513,590324305.877205,583533868.4765356,576637445.3297184,569631798.0219357,562513450.453126,555278666.6014218,547923426.1407442,540443397.7079875,532833909.597632,525089917.6430757,517205970.0247036,509176168.72485715,500994127.3297626,492652924.858565,484145055.28043807,475462372.3631064,466596029.4810175,457536414.0002059,448273075.85128963,438794649.90428674,429088771.7718289,419141986.69456357,408939651.20853764,398465827.3650193,387703169.37569857,376632802.69960755,365234195.7837781,353485024.9316514,341361033.11914814,328835884.0297705,315881013.1639045,302465478.62663656,288555815.153302,274115896.14213574,259106809.9890046,243486758.93330115,227210991.01471496,210231778.71335155,192498461.52611953,173957574.26853853,154553088.45554286,134226800.9051,112918911.945602,90568845.53064084,67116375.41477615,42503135.53728676,16674609.032163978,-10417291.21931678,-38810917.279829085,-68530701.93277407,-99581922.29841095,-131944225.790986,-165563736.93472397,-200343601.127158,-236132923.30280447,-272714278.3218086,-309790391.33160675,-346971335.77915746,-383764818.5201157,-419573852.3198525,-453707836.15440786,-485412384.6222412,-513912623.7245035,-538424804.3009663,-557983871.7052884,-570718967.17983,-571896408.8447416,-548570078.2833468,-435440466.5659209,0.0
30540.0,48877219525.046745,48890887464.18059,48904367033.97984,48917655052.17424,48930748286.2315,48943643452.486725,48956337215.254974,48968826185.92679,48981106922.04614,48993175926.370544,49005029645.91307,49016664470.9655,49028076734.1025,49039262709.16663,49050218610.23314,49060940590.55458,49071424741.484924,49081667091.38225,49091663604.48987,49101410179.7955,49110902649.867615,1073121491.2858696,1072991492.0649114,1072856749.8100202,1072717189.7404964,1072572735.941586,1072423311.3480506,1072268837.7275138,1072109235.6636033,1071944424.5388684,1071774322.5174814,1071598846.52772,1071417912.244226,1071231434.0700357,1071039325.1183949,1070841497.1943352,1070637860.7760291,1070428324.995909,1070212797.6215603,1069991185.0363727,1069763392.2199659,1069529322.7283692,1069288878.673969,1069041960.7052164,1068788467.9860926,1068528298.1753336,1068261347.4054129,1067987510.2612765,1067706679.7588396,1067418747.3232293,1067123602.766789,1066821134.2668283,1066511228.343129,1066193769.8352013,1065868641.8792892,1065535725.8851297,1065194901.5124576,1064846046.6472641,1064489037.3778043,1064123747.9703515,1063750050.8447056,1063367816.5494504,1062976913.7369602,1062577209.1381592,1062168567.5370314,1061750851.7448862,1061323922.5743737,1060887638.8132582,1060441857.1979449,1059986432.3867697,1059521216.9330405,1059046061.2578475,1058560813.6226315,1058065320.1015195,1057559424.5534298,1057042968.5939466,1056515791.5669634,1055977730.5161145,1055428620.1559745,1054868292.8430474,1054296578.5465422,1053713304.818941,1053118296.7663593,1052511377.0187106,1051892365.6996741,1051261080.3964751,1050617336.1294765,1049960945.321599,1049291717.7675638,1048609460.6029714,1047913978.2732197,1047205072.502276,1046482542.2612936,1045746183.7371054,1044995790.300575,1044231152.4748371,1043452057.9034252,1042658291.3182907,1041849634.5077379,1041025866.2842724,1040186762.4523735,1039332095.7762136,1038461635.9473225,1037575149.5522103,1036672400.0399697,1035753147.6898577,1034817149.5788847,1033864159.549402,1032893928.1767309,1031906202.7368157,1030900727.1739409,1029877242.0685165,1028835484.6049391,1027775188.5395637,1026696084.1687835,1025597898.2972448,1024480354.206212,1023343171.6220937,1022186066.6851606,1021008751.9184539,1019810936.1969249,1018592324.7167999,1017352618.965212,1016091516.6900988,1014808711.8703979,1013503894.6865554,1012176751.4913626,1010826964.781143,1009454213.1673115,1008058171.348318,1006638510.0819991,1005194896.1583483,1003726992.3727407,1002234457.4996035,1000716946.2665696,999174109.3291229,997605593.2457485,996011040.4536059,994390089.2447338,992742373.7428049,991067523.8804309,989365165.3770335,987634919.7172892,985876404.1301404,984089231.5683913,982273010.6888694,980427345.8331661,978551837.0089306,976646079.8717213,974709665.7073883,972742181.4149704,970743209.4900815,968712328.008749,966649110.6116767,964553126.4888744,962423940.3646116,960261112.4826279,958064198.5915354,955832749.9303241,953566313.2138865,951264430.6184518,948926639.7668209,946552473.7132523,944141460.927873,941693125.2804337,939206986.0232277,936682557.7729669,934119350.4913952,931516869.4643644,928874615.27912,926192083.7994621,923468766.1384503,920704148.6282763,917897712.7868713,915048935.2808099,912157287.8839815,909222237.4314945,906243245.7681761,903219769.6910193,900151260.8848163,897037165.8501847,893876925.8230771,890669976.6848152,887415748.8615621,884113667.2120602,880763150.9023522,877363613.2660576,873914461.6486626,870415097.2341268,866864914.8519291,863263302.7625234,859609642.4189479,855903308.2021458,852143667.1272804,848330078.5181098,844461893.6461513,840538455.33109,836559097.4985123,832523144.6906682,828429911.5255518,824278702.0991124,820068809.3248938,815799514.2048554,811470085.0244687,807079776.4645251,802627828.6213092,798113465.9259527,793535895.9528632,788894308.1060729,784187872.1712389,779415736.7197294,774577027.3498702,769670844.748851,764696262.5570853,759652325.0149211,754538044.3694735,749352398.0170286,744094325.353868,738762724.3054732,733356447.5008802,727874298.0554175,722315024.9210861,716677317.7595153,710959801.287537,705161029.0400424,699279476.4888204,693313533.4494236,687261495.7007587,681121555.7339542,674891792.5379882,668570160.3195956,662154476.0438619,655642405.6697052,649031448.9409261,642318922.5786096,635501941.7042785,628577399.3051889,621541943.5334098,614391952.6087623,607123507.0721681,599732359.1104298,592213898.6458595,584563115.8545196,576774559.7451308,568842292.3971581,560759838.421349,552520129.1695924,544115441.1838367,535537328.33695894,526776547.082952,517822974.20137024,508665516.3936924,499292011.0701499,489689117.6584359,479842198.77556753,469735190.63762236,459350462.1475346,448668662.2095732,437668554.9845184,426326843.03983223,414617978.68713874,402513964.26414424,389984142.74661076,376994980.9148426,363509848.40731084,349488797.4459095,334888349.9064799,319661300.85231227,303756550.7947935,287118982.9791235,269689407.14521927,251404597.7735678,232197463.15357733,211997392.15802294,190730838.93236566,168322222.51054776,144695239.51684105,119774714.67940414,93489147.17955887,65774152.47135961,36577050.95751119,5862918.754664421,-26377506.563477993,-60117580.31304419,-95281576.28024763,-131727888.45761114,-169227829.5870573,-207439236.8083225,-245874256.42673486,-283861169.81826746,-320501101.02448916,-354621734.7199663,-384729880.52808344,-408954618.6936408,-424924544.5113248,-429353526.1574313,-416627482.96597064,-374697255.8108008,-276983043.54163873,-106486389.05523044,0.0
30530.0,46672482603.463165,46678500292.78128,46684289237.90885,46689846001.176994,46695167093.33542,46700248972.69296,46705088044.24229,46709680658.76816,46714023111.93909,46718111643.38245,46721942435.74172,46725511613.71655,46728815243.08465,46731849329.705246,46734609818.50393,46737092592.43839,46739293471.44444,46741208211.36236,46742832502.84264,46744161970.23129,46745192170.43359,1108875218.6179652,1108854749.3067613,1108830171.2572558,1108801413.7140212,1108768404.7972364,1108731071.485732,1108689339.5998032,1108643133.7837853,1108592377.4883974,1108536992.952847,1108476901.1866891,1108412021.951451,1108342273.7420018,1108267573.7676835,1108187837.9331896,1108102980.8191879,1108012915.662698,1107917554.3372056,1107816807.3325233,1107710583.734393,1107598791.203819,1107481335.956148,1107358122.7398782,1107229054.8151987,1107094033.932268,1106952960.309215,1106805732.6098704,1106652247.9212232,1106492401.7306056,1106326087.902599,1106153198.65566,1105973624.538471,1105787254.4060087,1105593975.3953304,1105393672.901082,1105186230.550718,1104971530.1794386,1104749451.804846,1104519873.6013122,1104282671.8740597,1104037721.0329614,1103784893.5660522,1103524060.012751,1103255088.9368057,1102977846.8989434,1102692198.4292421,1102398005.9992142,1102095129.993611,1101783428.6819386,1101462758.1896977,1101132972.4693434,1100793923.2709613,1100445460.1126752,1100087430.250773,1099719678.6495662,1099342047.9509778,1098954378.4438608,1098556508.0330586,1098148272.2082021,1097729504.0122476,1097300034.0097687,1096859690.2549925,1096408298.259598,1095945680.9602687,1095471658.6860218,1094986049.1252973,1094488667.2928338,1093979325.4963226,1093457833.3028588,1092923997.5051827,1092377622.0877361,1091818508.1925206,1091246454.0847912,1090661255.1185684,1090062703.7020001,1089450589.2625668,1088824698.212153,1088184813.9119844,1087530716.6374536,1086862183.5428376,1086178988.625921,1085480902.6925428,1084767693.3210788,1084039124.8268652,1083294958.2265964,1082534951.202692,1081758858.0676646,1080966429.7285004,1080157413.6510649,1079331553.8245616,1078488590.726057,1077628261.2850904,1076750298.848392,1075854433.1447322,1074940390.2499177,1074007892.551964,1073056658.7164619,1072086403.6521704,1071096838.4768491,1070087670.4833686,1069058603.1061189,1068009335.8877406,1066939564.4462168,1065848980.4423454,1064737271.5476272,1063604121.4125985,1062449209.6356392,1061272211.732291,1060072799.1051173,1058850639.0141397,1057605394.5478804,1056336724.5950572,1055044283.8169527,1053727722.6205056,1052386687.1321559,1051020819.1724803,1049629756.2316625,1048213131.4458222,1046770573.5742654,1045301706.9776671,1043806151.5972455,1042283522.9349585,1040733432.0347612,1039155485.4649658,1037549285.3017361,1035914429.1137612,1034250509.9481392,1032557116.3175097,1030833832.1884665,1029080236.9712832,1027295905.5109863,1025480408.0797992,1023633310.3709862,1021754173.4941185,1019842553.9717796,1017898003.7377353,1015920070.1365647,1013908295.9247694,1011862219.2733669,1009781373.7719411,1007665288.4341669,1005513487.704763,1003325491.4678628,1001100815.0567508,998838969.2649249,996539460.3584168,994201790.0892992,991825455.7102859,989409949.9903212,986954761.2310313,984459373.2838936,981923265.5679579,979345913.0879161,976726786.4523226,974065351.8916838,971361071.2761631,968613402.1325579,965821797.6601987,962985706.7453582,960104573.9737139,957177839.6403561,954204939.7567604,951185306.0540962,948118365.9821457,945003542.7030485,941840255.0789833,938627917.6527928,935365940.620475,932053729.7943081,928690686.5552638,925276207.7932092,921809685.8332365,918290508.3462639,914718058.2418754,911091713.541111,907410847.2266989,903674827.06794,899883015.4171367,896034768.9741406,892129438.5152066,888166368.5819297,884144897.1255763,880064355.1016055,875924066.0086193,871723345.3653166,867461500.1183481,863137827.9731607,858751616.639045,854302142.9786289,849788672.0509522,845210456.0360518,840566733.0276144,835856725.6787417,831079639.6841638,826234662.0803447,821320959.3427979,816337675.2575499,811283928.541033,806158810.1797054,800961380.4573805,795690665.6344883,790345654.2393253,784925292.9266708,779428481.8538694,773854069.5186186,768200846.9961046,762467541.5057108,756652809.2292829,750755227.2936074,744773284.8194132,738705372.9275105,732549773.5797042,726304647.1174855,719968018.3452566,713537760.9865756,707011580.3216212,700386993.7913897,693661309.328891,686831601.1495662,679894682.7019864,672847076.4454278,665684980.0828205,658404228.8356419,651000253.3013196,643468032.3834589,635802040.7306421,627996190.0605981,620043763.6834924,611937343.4711932,603668728.4494634,595228844.1180527,586607641.5314584,577793985.1029031,568775528.029387,559538574.1810472,550067925.2599704,540346712.0205897,530356208.36734515,520075627.2206419,509481897.18944836,498549419.3344537,487249803.68430656,475551585.7239488,463419923.8673427,450816280.03288436,437698086.95731956,424018407.94056875,409725597.47463924,394762974.88807434,379068528.0090243,362574670.2721334,345208083.1301029,326889686.68261695,307534795.8902987,287053538.6337663,265351636.57571292,242331682.11214113,217895087.11346042,191944934.99138665,164390041.44308794,135150627.2745688,104166137.53728962,71405916.30650759,36883680.59995568,677047.654482007,-37046226.57234371,-75993139.26768708,-115698743.5925203,-155464658.40976346,-194279515.67346203,-230719087.6062314,-262826629.44355,-287976883.3001862,-302714635.4776759,-302457592.69513595,-280503972.13162315,-224375055.66721863,-105978850.62933767,103914259.79147756,0.0
30520.0,44460741972.24133,44459310869.96631,44457613688.29474,44455646779.43651,44453406443.449005,44450888927.40264,44448090424.53148,44445007073.3689,44441634956.86775,44437970101.50461,44434008476.36851,44429745992.2327,44425178500.61026,44420301792.79256,44415111598.87032,44409603586.73724,44403773361.07554,44397616462.32306,44391128365.62187,44384304479.74774,44377140146.02013,1144648815.1557593,1144741079.8648045,1144829918.7702568,1144915265.8613536,1144997054.0233102,1145075215.0199974,1145149679.4763694,1145220376.8606417,1145287235.466217,1145350182.3933525,1145409143.5305686,1145464043.5358,1145514805.8172765,1145561352.5141418,1145603604.476802,1145641481.2470028,1145674901.037627,1145703780.712223,1145728035.7642493,1145747580.2960367,1145762326.997467,1145772187.124364,1145777070.4765983,1145776885.375896,1145771538.6433575,1145760935.5766778,1145744979.9270685,1145723573.8758821,1145696618.010932,1145664011.3025055,1145625651.0790799,1145581433.0027187,1145531251.044164,1145474997.457621,1145412562.7552228,1145343835.6811833,1145268703.1856372,1145187050.3981595,1145098760.6009688,1145003715.2018087,1144901793.7065167,1144792873.6912627,1144676830.774473,1144553538.5884314,1144422868.750558,1144284690.8343644,1144138872.3400922,1143985278.6650229,1143823773.073475,1143654216.6664715,1143476468.351097,1143290384.8095317,1143095820.467767,1142892627.4640105,1142680655.6167765,1142459752.3926609,1142229762.8738115,1141990529.7250926,1141741893.1609464,1141483690.9119477,1141215758.1910784,1140937927.6596894,1140650029.3931956,1140351890.846472,1140043336.818983,1139724189.4196336,1139394268.031358,1139053389.2754488,1138701366.97563,1138338012.121891,1137963132.8340802,1137576534.3252683,1137178018.864897,1136767385.7417135,1136344431.2265067,1135908948.5346553,1135460727.7884963,1134999555.9795299,1134525216.9304698,1134037491.2571566,1133536156.3303409,1133020986.2373626,1132491751.7437317,1131948220.2546287,1131390155.7763522,1130817318.8777134,1130229466.651415,1129626352.675425,1129007726.9743643,1128373335.9809382,1127722922.4974282,1127056225.6572704,1126372980.886747,1125672919.8668125,1124955770.4950893,1124221256.8480542,1123469099.1434479,1122699013.702945,1121910712.9151034,1121103905.1986413,1120278294.9660647,1119433582.5876925,1118569464.3561103,1117685632.4510899,1116781774.9050312,1115857575.5689425,1114912714.0790327,1113946865.8239374,1112959701.9126408,1111950889.1431396,1110920089.97189,1109866962.4841104,1108791160.364973,1107692332.8717566,1106570124.8070107,1105424176.4927936,1104254123.7460465,1103059597.8551693,1101840225.5578594,1100595629.0202925,1099325425.817696,1098029228.9164152,1096706646.6575165,1095357282.7420282,1093980736.217883,1092576601.4686482,1091144468.2041247,1089683921.4529004,1088194541.5569417,1086675904.1683128,1085127580.2481124,1083549136.0677228,1081940133.2124565,1080300128.5877,1078628674.4276576,1076925318.3067784,1075189603.1539736,1073421067.2697229,1071619244.3461692,1069783663.4902966,1067913849.2502993,1066009321.6452389,1064069596.1980786,1062094183.9722116,1060082591.6115603,1058034321.3843496,1055948871.230644,1053825734.8137321,1051664401.5754434,1049464356.7954729,1047225081.6547823,1044946053.303145,1042626744.9308813,1040266625.8448336,1037865161.5486116,1035421813.8271182,1032936040.8353705,1030407297.1915829,1027835034.0744913,1025218699.3248482,1022557737.551002,1019851590.2384439,1017099695.8631749,1014301490.008698,1011456405.4863961,1008563872.4590329,1005623318.567008,1002634169.0569978,999595846.9124832,996507772.9856371,993369366.1299113,990180043.3326077,986939219.8465586,983646309.3199607,980300723.9232252,976901874.4715801,973449170.5419586,969942020.5825106,966379832.0128653,962762011.3129852,959087964.0981929,955357095.177624,951568808.592973,947722507.6340334,943817594.8270233,939853471.8912083,935829539.6587278,931745197.951869,927599845.4113165,923392879.2680194,919123695.0504187,914791686.2176821,910396243.7083874,905936755.3927426,901412605.4148812,896823173.410033,892167833.57939,887445953.6032871,882656893.3707438,877800003.5006156,872874623.6263263,867880080.4125133,862815685.2677628,857680731.7129103,852474492.3590658,847196215.4434588,841845120.8643955,836420395.6488178,830921188.7771802,825346605.2803893,819695699.5122151,813967467.4877841,808160838.1642351,802274663.5231166,796307707.2954881,790258632.1495082,784125985.136422,777908181.1637421,771603484.2338634,765209986.151764,758725582.366435,752147944.5667413,745474489.6028926,738702344.2491202,731828305.2607735,724848794.109276,717759805.7005148,710556850.2956581,703234887.7574987,695788253.1396978,688210572.5204966,680494667.8564621,672632449.4960461,664614794.8480802,656431411.5486158,648070683.3136061,639519496.5093889,630763045.3243612,621784613.2932914,612565328.8238056,603083892.321589,593316272.5324497,583235369.8507359,572810644.6322294,562007709.059314,550787881.9226129,539107706.9205678,526918436.88880855,514165488.9570439,500787879.26177216,486717650.8764912,471879315.5345762,456189339.1519214,439555713.96436286,421877677.4389677,403045661.58169854,382941588.03113914,361439667.45203733,338407920.5526663,313710718.77777636,287212754.4698807,258785006.47175837,228313487.6925434,195711875.5581671,160939577.2931968,124027428.818398,85114141.86465418,44497863.408282876,2708769.2718724012,-39389875.739872694,-80464607.35060501,-118535953.20169795,-150780241.6840614,-173375130.4054923,-181548035.37507498,-170031028.68859673,-133489510.91870272,-62597136.563939214,101627973.00614333,0.0
30510.0,42248462445.34314,42239816625.07721,42230870614.02178,42221620600.040695,42212062719.000496,42202193053.97359,42192007634.42819,42181502435.40434,42170673376.67601,42159516321.89899,42148027077.744255,42136201393.01661,42124034957.75824,42111523402.33703,42098662296.51929,42085447148.52663,42071873404.07674,42057936445.40756,42043631590.28494,42028954090.99324,42013899133.30834,1180364100.001119,1180571850.7025478,1180776904.0607471,1180979199.512006,1181178675.4197645,1181375269.0570881,1181568916.5888762,1181759553.0538025,1181947112.345995,1182131527.1964366,1182312729.1540935,1182490648.5667691,1182665214.5616732,1182836355.025705,1183003996.5854583,1183168064.586926,1183328483.0749173,1183485174.772179,1183638061.0582156,1183787061.9478068,1183932096.0692244,1184073080.6421325,1184209931.4551876,1184342562.8433168,1184470887.664683,1184594817.2773304,1184714261.515507,1184829128.6656647,1184939325.4421287,1185044756.9624405,1185145326.7223673,1185240936.5705757,1185331486.6829698,1185416875.5366907,1185496999.883773,1185571754.7244592,1185641033.2801664,1185704726.9661112,1185762725.3635795,1185814916.1918504,1185861185.279766,1185901416.5369487,1185935491.9246616,1185963291.4263222,1185984693.0176466,1185999572.636447,1186007804.1520686,1186009259.3344696,1186003807.8229396,1185991317.0944664,1185971652.4317415,1185944676.8908076,1185910251.268357,1185868234.0686667,1185818481.4701858,1185760847.2917693,1185695182.958561,1185621337.4675345,1185539157.35268,1185448486.6498573,1185349166.8613083,1185241036.9198327,1185123933.152635,1184997689.2448459,1184862136.2027202,1184717102.316524,1184562413.1231077,1184397891.368177,1184223356.9682708,1184038626.9724467,1183843515.5236912,1183637833.8200502,1183421390.0755084,1183193989.4806051,1182955434.162818,1182705523.1467113,1182444052.313867,1182170814.3626156,1181885598.7675674,1181588191.7389746,1181278376.1819322,1180955931.6554282,1180620634.3312724,1180272256.9529147,1179910568.7941742,1179535335.6178987,1179146319.6345763,1178743279.4609249,1178325970.0784795,1177894142.7922034,1177447545.1891525,1176985921.097219,1176509010.5439804,1176016549.7156932,1175508270.9164524,1174983902.527564,1174443168.9671514,1173885790.6500466,1173311483.9479957,1172719961.150226,1172110930.4244127,1171484095.778096,1170839157.020586,1170175809.72542,1169493745.1934056,1168792650.4163184,1168072208.0412998,1167332096.336024,1166571989.1546836,1165791555.9048672,1164990461.5153928,1164168366.4051666,1163324926.4531393,1162459792.9694338,1161572612.6677325,1160663027.6389933,1159730675.326591,1158775188.502969,1157796195.2478914,1156793318.9284048,1155766178.1805909,1154714386.8932376,1153637554.1935186,1152535284.4348075,1151407177.186742,1150252827.227657,1149071824.5395186,1147863754.3054953,1146628196.910294,1145364727.9434178,1144072918.2054806,1142752333.7177489,1141402535.735055,1140023080.7622604,1138613520.574441,1137173402.2409627,1135702268.1536546,1134199656.059239,1132665099.0962622,1131098125.8366904,1129498260.3324094,1127865022.1668453,1126197926.5119302,1124496484.1906512,1122760201.7454317,1120988581.5125942,1119181121.7031627,1117337316.490279,1115456656.1035075,1113538626.930313,1111582711.6250064,1109588389.2254581,1107555135.277896,1105482421.9700913,1103369718.2732778,1101216490.0931187,1099022200.4300747,1096786309.5495107,1094508275.161901,1092187552.6134858,1089823595.0877447,1087415853.8180485,1084963778.3118615,1082466816.5868602,1079924415.4193273,1077336020.605205,1074701077.2341342,1072019029.9768527,1069289323.3862755,1066511402.2125793,1063684711.732588,1060808698.0937313,1057882808.6728126,1054906492.449795,1051879200.3967383,1048800385.881999,1045669505.0897069,1042486017.4544572,1039249386.1110796,1035959078.3592014,1032614566.1422089,1029215326.5400562,1025760842.2751778,1022250602.2305585,1018684101.9787683,1015060844.3204763,1011380339.8306396,1007642107.4101684,1003845674.8404338,999990579.3374697,996076368.1021187,992102598.8617089,988068840.3980415,983974673.0555654,979819689.2225618,975603493.7769759,971325704.4870872,966985952.355671,962583881.8943994,958119151.3131293,953591432.6062683,949000411.5155776,944345787.3455298,939627272.603604,934844592.4335586,929997483.804831,925085694.4154317,920108981.2592019,915067108.8006948,909959846.6922976,904786966.958154,899548240.5579836,894243433.2306263,888872300.50192,883434581.7239966,877929992.9929464,872358218.7686269,866718901.9937942,861011632.4791312,855235933.2856156,849391244.7953407,843476906.1156005,837492133.4079614,831435994.6731781,825307380.4531451,819104969.8313327,812827191.0220518,806472175.7349485,800037706.3826195,793521155.0646089,786919413.1081345,780228809.7730066,773445018.5331254,766562949.1278453,759576623.3314642,752479032.1168206,745261971.5884645,737915854.732339,730429495.6739016,722789862.7589197,714981796.377722,706987687.055854,698787108.9495847,690356403.5399728,681668208.052707,672690922.9978561,663388113.3017331,653717837.901064,643631903.5385247,633075040.0466878,621983996.9213611,610286564.8590119,597900531.7082154,584732590.7084528,570677230.9956833,555615657.5875108,539414812.4603157,521926602.81406176,502987491.4327111,482418673.4827031,460027163.6645894,435608262.0068494,408950078.7258258,379841114.80261004,348082372.83295226,313506202.427228,276005201.8004092,235576188.5744412,192386713.11523092,146874804.42774856,99895612.48053217,52926876.763961434,8323476.439229846,-30476082.147141695,-59163595.51732278,-74289430.82177615,-78927933.99432874,-93920466.79618394,-142571714.38833237,0.0
30500.0,40041913645.87721,40026316998.49635,40010389416.83423,39994126970.04494,39977525676.13333,39960581501.20767,39943290358.72032,39925648108.69663,39907650556.95093,39889293454.29059,39870572495.706894,39851483319.55312,39832021506.70953,39812182579.734856,39791962002.00418,39771355176.833176,39750357446.58799,39728964091.78108,39707170330.15242,39684971315.73612,39662362137.91168,1215940650.512436,1216266154.716846,1216589731.9822657,1216911327.8703036,1217230886.9116807,1217548352.588665,1217863667.3172302,1218176772.4289334,1218487608.1525183,1218796113.5952256,1219102226.7238233,1219405884.345339,1219707022.0874996,1220005574.3788724,1220301474.4287019,1220594654.2064438,1220885044.420988,1221172574.4995685,1221457172.5663557,1221738765.4207342,1222017278.5152512,1222292635.933241,1222564760.36612,1222833573.090349,1223098993.9440556,1223360941.3033185,1223619332.0581102,1223874081.587889,1224125103.7368457,1224372310.7887952,1224615613.4417114,1224854920.7819076,1225090140.2578478,1225321177.653602,1225547937.0619278,1225770320.8569837,1225988229.6666727,1226201562.3446062,1226410215.9416955,1226614085.6773598,1226813064.9103532,1227007045.1092098,1227195915.8223042,1227379564.6475215,1227557877.2015386,1227730737.0887222,1227898025.8696272,1228059623.0291064,1228215405.9440315,1228365249.850614,1228509027.811338,1228646610.6814952,1228777867.0753303,1228902663.3317919,1229020863.4798903,1229132329.2036655,1229236919.806767,1229334492.176643,1229424900.748345,1229507997.4679503,1229583631.7556028,1229651650.4681783,1229711897.8615735,1229764215.552629,1229808442.4806864,1229844414.868788,1229871966.184519,1229890927.1005054,1229901125.454572,1229902386.2095625,1229894531.4128451,1229877380.1554875,1229850748.5311387,1229814449.5946054,1229768293.3201458,1229712086.5594938,1229645632.9996133,1229568733.1202145,1229481184.1510286,1229382780.0288725,1229273311.3545067,1229152565.3493135,1229020325.8118052,1228876373.073995,1228720483.9576335,1228552431.730352,1228371986.061723,1228178912.9792695,1227972974.824444,1227753930.2086122,1227521533.969065,1227275537.125095,1227015686.8341622,1226741726.3481977,1226453394.9700637,1226150428.0102258,1225832556.743668,1225499508.367095,1225151005.95647,1224786768.4249282,1224406510.4811306,1224009942.588089,1223596770.922539,1223166697.334903,1222719419.3099113,1222254629.9279485,1221772017.827178,1221271267.166537,1220752057.589654,1220214064.1897774,1219656957.4758012,1219080403.33946,1218484063.0237908,1217867593.092955,1217230645.4035237,1216572867.077307,1215893900.4758708,1215193383.176822,1214470947.951995,1213726222.7476707,1212958830.6669328,1212168389.95433,1211354513.982959,1210516811.244132,1209654885.3397822,1208768334.9777699,1207856753.9702551,1206919731.2353313,1205956850.8020868,1204967691.8193083,1203951828.56802,1202908830.478083,1201838262.1490705,1200739683.3756626,1199612649.1778026,1198456709.8358786,1197271410.9311857,1196056293.3919804,1194810893.5453906,1193534743.1755123,1192227369.5880175,1190888295.6815944,1189517040.0266073,1188113116.9513097,1186676036.6360395,1185205305.2157757,1183700424.891499,1182160894.0507987,1180586207.3981943,1178975856.0956695,1177329327.913921,1175646107.3948722,1173925676.0260046,1172167512.4271073,1170371092.5500562,1168535889.8922691,1166661375.7245233,1164747019.3338325,1162792288.2821357,1160796648.6815717,1158759565.4871533,1156680502.8076925,1154558924.2358701,1152394293.1983757,1150186073.3270996,1147933728.8523908,1145636725.019448,1143294528.5289438,1140906608.0030642,1138472434.4781501,1135991481.9252083,1133463227.7996118,1130887153.621344,1128262745.5872052,1125589495.2164562,1122866900.0314174,1120094464.274596,1117271699.6639643,1114398126.188055,1111473272.94259,1108496679.01038,1105467894.3862772,1102386480.9489832,1099252013.481514,1096064080.7421274,1092822286.587508,1089526251.1499376,1086175612.0701494,1082770025.7874312,1079309168.8884416,1075792739.5160081,1072220458.8389604,1068592072.5837533,1064907352.628275,1061166098.6577919,1057368139.8824148,1053513336.8148034,1049601583.106002,1045632807.4363077,1041606975.4568871,1037524091.7764077,1033384201.9852713,1029187394.7079858,1024933803.6717957,1020623609.7768335,1016257043.1496572,1011834385.1580247,1007355970.3600266,1002822188.3551142,998233485.4979855,993590366.4285607,988893395.3621786,984143197.0734832,979340457.4949164,974485923.8360415,969580404.1126928,964624765.9547324,959619934.537558,954566889.4548273,949466660.3174441,944320320.8259897,939128981.019474,933893777.3515116,928615860.1845636,923296378.2222731,917936459.3175063,912537186.9975996,907099571.9362185,901624517.4706697,896112778.1114933,890564909.8143122,884981210.5784197,879361649.698051,873705783.7157817,868012656.807498,862280682.9588003,856507506.8667755,850689840.0116241,844823267.7820947,838902022.8992708,832918719.6576223,826864042.6838267,820726382.9978704,814491413.145991,808141592.0645103,801655589.1392107,795007615.6698872,788166650.6748836,781095546.7416439,773750000.5482966,766077371.9007008,758015334.8736963,749490345.2404565,740415910.2896445,730690651.0408231,720196153.7444978,708794618.7975761,696326332.8713793,682607017.1916448,667425146.1680065,650539393.1726135,631676455.7844825,610529660.2695497,586758976.4748125,559993444.5587677,529837619.0845338,495884638.3186059,457740206.03376365,415064578.4647317,367644206.5098089,315511492.2068808,259138913.45531642,199732887.4538237,139601111.06003904,82310576.57130384,31396638.29358673,-16520442.75982833,-94389766.87990212,-333643539.24517965,0.0
30490.0,37847143177.43686,37824886482.0342,37802271580.87663,37779294469.29855,37755951092.98264,37732237347.27215,37708149076.47312,37683682073.14612,37658832077.38754,37633594776.10025,37607965802.25334,37581940734.13098,37555515094.57016,37528684350.18704,37501443910.592026,37473789127.59299,37445715294.38706,37417217644.74007,37388291352.15424,37358931529.02342,37329133225.77592,1251296126.8688827,1251741137.7238982,1252185029.9566512,1252627755.9012127,1253069266.9133902,1253509513.3532858,1253948444.5675805,1254386008.8715239,1254822153.5306349,1255256824.7421076,1255689967.6159158,1256121526.1556177,1256551443.2388496,1256979660.5975099,1257406118.7976315,1257830757.218927,1258253514.0340214,1258674326.1873507,1259093129.3737295,1259509858.0165887,1259924445.245872,1260336822.8755882,1260746921.3810177,1261154669.8755708,1261559996.0872917,1261962826.3349974,1262363085.504066,1262760697.0218506,1263155582.8327258,1263547663.3727646,1263936857.544032,1264323082.688507,1264706254.5616102,1265086287.3053539,1265463093.4210954,1265836583.7418976,1266206667.4044952,1266573251.8208568,1266936242.649344,1267295543.7654686,1267651057.232235,1268002683.2700748,1268350320.2263649,1268693864.5445323,1269033210.7327375,1269368251.3321362,1269698876.8847208,1270024975.9007373,1270346434.8256767,1270663138.006835,1270974967.6594534,1271281803.8324215,1271583524.3735595,1271880004.8944585,1272171118.7349098,1272456736.9268851,1272736728.1581054,1273010958.7351706,1273279292.5462704,1273541591.0234666,1273797713.1045592,1274047515.1945283,1274290851.1265607,1274527572.1226683,1274757526.7538917,1274980560.9001067,1275196517.7094274,1275405237.557219,1275606558.004725,1275800313.7573123,1275986336.6223485,1276164455.466713,1276334496.173957,1276496281.6011188,1276649631.5352058,1276794362.6493568,1276930288.458692,1277057219.2758787,1277174962.1664033,1277283320.903587,1277382095.923357,1277471084.2787812,1277550079.5943954,1277618872.020347,1277677248.186363,1277724991.155578,1277761880.3782458,1277787691.6453528,1277802197.0421746,1277805164.9017885,1277796359.7585938,1277775542.3018568,1277742469.329321,1277696893.7009265,1277638564.2926726,1277567225.950663,1277482619.445383,1277384481.4262605,1277272544.3765452,1277146536.5685773,1277006182.019485,1276851200.4473825,1276681307.228118,1276496213.3526468,1276295625.385096,1276079245.4215834,1275846771.0498848,1275597895.3100104,1275332306.6557925,1275049688.917558,1274749721.2659903,1274432078.1772747,1274096429.39963,1273742439.9213376,1273369769.9403841,1272978074.8358333,1272567005.141057,1272136206.5189621,1271685319.7393477,1271213980.6585448,1270721820.2014904,1270208464.3464024,1269673534.1122248,1269116645.5490265,1268537409.7315364,1267935432.7560258,1267310315.7407365,1266661654.830083,1265989041.2028549,1265292061.0846715,1264570295.764934,1263823321.618555,1263050710.1327438,1262252027.9391448,1261426836.8516543,1260574693.9102218,1259695151.4310136,1258787757.063278,1257852053.8533168,1256887580.3159518,1255893870.5139258,1254870454.14568,1253816856.6419826,1252732599.2719047,1251617199.2586756,1250470169.9059567,1249291020.7351322,1248079257.6342177,1246834383.019044,1245555896.0073903,1244243292.6067984,1242896065.9168122,1241513706.3464577,1240095701.8478081,1238641538.1665156,1237150699.1102736,1235622666.8361857,1234056922.1581082,1232452944.8750725,1230810214.1219692,1229128208.7437294,1227406407.6943214,1225644290.4619653,1223841337.5220146,1221997030.8190827,1220110854.280054,1218182294.3597229,1216210840.6209111,1214195986.3510225,1212137229.2171013,1210034071.9615898,1207886023.1411188,1205692597.9107738,1203453318.8564692,1201167716.878176,1198835332.1269338,1196455714.9987526,1194028427.1886759,1191553042.8084881,1189029149.571734,1186456350.0499465,1183834263.0041816,1181162524.7962193,1178440790.883999,1175668737.4061403,1172846062.8606317,1169972489.8830674,1167047767.1300483,1164071671.273685,1161044009.1133733,1157964619.8113253,1154833377.2585912,1151650192.5785735,1148415016.7752738,1145127843.533728,1141788712.1802888,1138397710.81051,1134954979.5925033,1131460714.2536106,1127915169.7581513,1124318664.1837587,1120671582.8034575,1116974382.3800728,1113227595.6787276,1109431836.2021377,1105587803.1519542,1101696286.617569,1097758172.9914021,1093774450.6067715,1089746215.5906644,1085674677.9191766,1081561167.6577008,1077407141.3609998,1073214188.5998507,1068984038.5706382,1064718566.7318428,1060419801.3962986,1056089930.1899669,1051731306.2661437,1047346454.1378492,1042938074.959719,1038509051.0531349,1034062449.423391,1029601523.9639552,1025129715.9788363,1020650652.577591,1016168142.4064462,1011686168.0705264,1007208874.4730408,1002740552.1437314,998285614.4462277,993848567.3369532,989433970.0904729,985046385.1001803,980690314.5001961,976370120.9239497,972089929.2049637,967853505.2217649,963664107.3749895,959524305.3416736,955435759.7572446,951398955.3048289,947412878.3155351,943474628.370467,939578951.5100535,935717680.4607439,931879064.7430671,928046970.587878,924199927.2208753,920309992.2467527,916341404.5526814,912248988.3558378,907976266.7724004,903453237.6662894,898593758.6977254,893292482.6952369,887421279.1403002,880825073.3436269,873317032.84859,864673032.3916838,854625337.1538894,842855463.8569474,828986219.2342314,812572992.1284506,793094521.5412304,769943644.0765002,742419074.9908439,709720376.1135448,670950489.987772,625134767.712887,571274694.2051035,508473030.56025076,436201665.8509973,354836140.03208673,266601994.09420943,176740415.21686637,92491723.93030107,8295501.087006569,-157801116.99104774,0.0
30480.0,35669952284.13256,35641350182.741806,35612366140.9234,35582996123.76711,35553236048.80559,35523081785.39506,35492529154.08777,35461573925.99579,35430211822.14652,35398438512.82927,35366249616.93335,35333640701.27699,35300607279.9276,35267144813.51285,35233248708.52249,35198914316.60121,35164136933.83172,35128911800.008804,35093234097.90354,35057098952.517975,35020501430.330055,1286346618.8898482,1286912348.014505,1287477800.288671,1288042935.4280853,1288607712.2332618,1289172088.5723526,1289736021.3637254,1290299466.5582418,1290862379.1212378,1291424713.014202,1291986421.1761441,1292547455.5046542,1293107766.8366406,1293667304.928752,1294226018.4374719,1294783854.8988857,1295340760.708112,1295896681.0983949,1296451560.1198568,1297005340.617903,1297557964.2112737,1298109371.2697396,1298659500.8914416,1299208290.8798604,1299755677.7204208,1300301596.5567195,1300845981.1663806,1301388763.936522,1301929875.838839,1302469246.4042997,1303006803.6974401,1303542474.2902648,1304076183.2357397,1304607854.040884,1305137408.6394434,1305664767.3641539,1306189848.918583,1306712570.3485494,1307232847.0131168,1307750592.5551524,1308265718.871461,1308778136.082471,1309287752.5014892,1309794474.6035054,1310298206.993556,1310798852.3746328,1311296311.5151448,1311790483.215921,1312281264.2767596,1312768549.4625204,1313252231.4687493,1313732200.8868484,1314208346.1687806,1314680553.591302,1315148707.2197442,1315612688.8713155,1316072378.077948,1316527652.048669,1316978385.6315165,1317424451.2749803,1317865718.9889958,1318302056.3054566,1318733328.2382872,1319159397.2430477,1319580123.1760902,1319995363.2532697,1320404972.008202,1320808801.2500918,1321206700.0211208,1321598514.5534103,1321984088.2255666,1322363261.5188076,1322735871.9726927,1323101754.1404524,1323460739.5439396,1323812656.6282022,1324157330.715702,1324494583.9601798,1324824235.3001924,1325146100.412332,1325459991.6641421,1325765718.0667577,1326063085.227272,1326351895.3008711,1326631946.942744,1326903035.259796,1327164951.7621922,1327417484.3147569,1327660417.0882611,1327893530.5106204,1328116601.2180471,1328329402.006184,1328531701.7812605,1328723265.5113053,1328903854.1774688,1329073224.7254846,1329231130.0173302,1329377318.7831311,1329511535.573359,1329633520.711387,1329743010.2464547,1329839735.9071093,1329923425.0551896,1329993800.6404202,1330050581.155694,1330093480.5931165,1330122208.400904,1330136469.4412098,1330135963.948985,1330120387.4919598,1330089430.931859,1330042780.3869479,1329980117.1960418,1329901117.8840754,1329805454.1293883,1329692792.7328362,1329562795.588885,1329415119.658835,1329249416.9463294,1329065334.4753218,1328862514.2706652,1328640593.3415258,1328399203.6678011,1328137972.1897612,1327856520.8011184,1327554466.345769,1327231420.6184356,1326886990.3694756,1326520777.3141155,1326132378.1464043,1325721384.5581806,1325287383.263364,1324829956.0279198,1324348679.7058275,1323843126.281443,1323312862.918637,1322757452.0171175,1322176451.276391,1321569413.767805,1320935888.0151653,1320275418.0844452,1319587543.6831272,1318871800.269754,1318127719.1742864,1317354827.7299259,1316552649.4170666,1315720704.0201004,1314858507.7978346,1313965573.6683297,1313041411.4089983,1312085527.872876,1311097427.2220204,1310076611.1790404,1309022579.2978363,1307934829.2546883,1306812857.1608953,1305656157.8982472,1304464225.4786873,1303236553.4296155,1301972635.206347,1300671964.6333776,1299334036.3761644,1297958346.445279,1296544392.7348847,1295091675.5976112,1293599698.4580643,1292067968.4673133,1290495997.200882,1288883301.402916,1287229403.7793946,1285533833.8434253,1283796128.81587,1282015834.5847864,1280192506.7273676,1278325711.5983493,1276415027.4891007,1274460045.8619149,1272460372.6643128,1270415629.7285314,1268325456.261681,1266189510.4324894,1264007471.0609212,1261779039.4174066,1259503941.1388993,1257181928.269471,1254812781.4336789,1252396312.1515367,1249932365.3045118,1247420821.7626314,1244861601.1834636,1242254664.9944859,1239600019.5711203,1236897719.6235409,1234147871.806225,1231350638.5651295,1228506242.2383244,1225614969.4268985,1222677175.6539936,1219693290.330854,1216663822.0498643,1213589364.225624,1210470601.1061795,1207308314.177585,1204103388.9859574,1200856822.4021006,1197569730.3545878,1194243356.0577924,1190879078.761782,1187478423.0510597,1184043068.7188861,1180574861.243047,1177075822.8875687,1173548164.4525852,1169994297.691325,1166416848.4086912,1162818670.2498264,1159202859.1791058,1155572768.639657,1151932025.3703089,1148284545.840128,1144634553.2396538,1140986594.9416707,1137345560.3116522,1133716698.707602,1130105637.4591389,1126518399.5543838,1122961420.688058,1119441565.2322235,1115966140.57882,1112542909.1661668,1109180097.3348672,1105886399.9556284,1102670979.5249739,1099543458.1253877,1096513900.2830763,1093592784.3157983,1090790959.2290092,1088119583.5712228,1085590041.8754723,1083213833.3646102,1081002426.449544,1078967071.1601472,1077118559.968875,1075466925.4374883,1074021060.666543,1072788245.5701969,1071773558.4338748,1070979147.9187618,1070403335.5114744,1070039512.2099916,1069874785.7867401,1069888326.0382246,1070049344.7334399,1070314634.168517,1070625572.9040782,1070904488.8808178,1071050247.9999225,1070932909.5099372,1070387256.8986447,1069204972.6467758,1067125174.5607564,1063822966.7628802,1058895574.7844046,1051845525.7322685,1042060197.0341924,1028786896.9922478,1011102498.9230505,987876673.8405054,957728387.8370868,918977756.2104185,869602841.0730718,807232241.4660617,729262171.7835445,633338937.6995207,518827165.927915,390706067.7825588,268296657.34335744,196928369.63872373,245115242.4489894,0.0
30470.0,33515874092.141956,33481262002.433823,33446247801.010406,33410827464.454765,33374996924.42445,33338752067.107765,33302088732.673515,33265002714.714478,33227489759.684044,33189545566.326477,33151165785.10068,33112346017.596985,33073081815.947426,33033368682.22928,32993202067.86178,32952577372.996037,32911489945.89796,32869935082.32457,32827908024.89307,32785403962.44324,32742418029.39264,1321007013.211831,1321694106.562769,1322381793.4347205,1323070041.4897938,1323758817.5479827,1324448087.5705068,1325137816.6428554,1325827968.9575305,1326518507.796489,1327209395.513269,1327900593.5148115,1328592062.2429578,1329283761.1556246,1329975648.707655,1330667682.3313339,1331359818.4165645,1332052012.2907119,1332744218.1980886,1333436389.2790985,1334128477.5490148,1334820433.8764043,1335512207.961186,1336203748.3123097,1336895002.2250693,1337585915.758029,1338276433.7095647,1338966499.5940197,1339656055.617454,1340345042.653005,1341033400.2158358,1341721066.4376755,1342407978.0409465,1343094070.312467,1343779277.0767343,1344463530.6687765,1345146761.90657,1345828900.0630212,1346509872.8375006,1347189606.3269389,1347868024.9964566,1348545051.649555,1349220607.397832,1349894611.630244,1350566981.9818945,1351237634.3023546,1351906482.6235042,1352573439.1268954,1353238414.1106353,1353901315.9557853,1354562051.0922608,1355220523.9642563,1355876636.9951644,1356530290.5520036,1357181382.9093463,1357829810.212749,1358475466.441682,1359118243.3719525,1359758030.537627,1360394715.192454,1361028182.2707748,1361658314.347939,1362284991.6002114,1362908091.7641816,1363527490.0956717,1364143059.3281474,1364754669.6306334,1365362188.5651402,1365965481.0436013,1366564409.2843227,1367158832.7679687,1367748608.193061,1368333589.431021,1368913627.4807544,1369488570.4227862,1370058263.3729534,1370622548.435674,1371181264.6567957,1371734247.9760354,1372281331.1790345,1372822343.849029,1373357112.3181643,1373885459.6184623,1374407205.432462,1374922166.0435615,1375430154.2860656,1375930979.4949834,1376424447.455582,1376910360.3527384,1377388516.720105,1377858711.3891304,1378320735.437961,1378774376.1402645,1379219416.914005,1379655637.2702148,1380082812.76181,1380500714.9324799,1380909111.265718,1381307765.1340284,1381696435.748373,1382074878.1079137,1382442842.9501083,1382800076.7012298,1383146321.4273758,1383481314.7860405,1383804789.9783273,1384116475.7018876,1384416096.104663,1384703370.7395387,1384978014.51999,1385239737.6768339,1385488245.7161925,1385723239.3787875,1385944414.6006794,1386151462.4755921,1386344069.2189503,1386521916.133777,1386684679.5786061,1386832030.937574,1386963636.5928493,1387079157.8995955,1387178251.16365,1387260567.6221204,1387325753.427113,1387373449.6328213,1387403292.1862063,1387414911.9215283,1387407934.558987,1387381980.7077584,1387336665.873721,1387271600.4721894,1387186389.8459816,1387080634.289176,1386953929.0769303,1386805864.5017455,1386636025.9166038,1386443993.7854087,1386229343.7411973,1385991646.6526122,1385730468.699163,1385445371.4558165,1385135911.9875035,1384801642.9541678,1384442112.7269962,1384056865.5165408,1383645441.5134537,1383207377.0426183,1382742204.7315147,1382249453.6936715,1381728649.7281609,1381179315.5361032,1380600970.9552402,1379993133.2136893,1379355317.204053,1378687035.7791564,1377987800.0707264,1377257119.8324609,1376494503.808972,1375699460.1322424,1374871496.7472742,1374010121.868794,1373114844.47093,1372185174.8119507,1371220624.9962723,1370220709.5761015,1369184946.195226,1368112856.2776582,1367003965.7639878,1365857805.898545,1364673914.0706427,1363451834.7134223,1362191120.2640767,1360891332.189479,1359552042.0815392,1358172832.8269258,1356753299.856123,1355293052.4771552,1353791715.2996964,1352248929.755721,1350664355.723293,1349037673.2605968,1347368584.4578283,1345656815.415173,1343902118.3556938,1342104273.8826296,1340263093.3913589,1338378421.6470487,1336450139.5398598,1334478167.03053,1332462466.3001304,1330403045.1188662,1328299960.4499807,1326153322.3060603,1323963297.87639,1321730115.945498,1319454071.624571,1317135531.4191363,1314774938.6582334,1312372819.31224,1309929788.2286034,1307446555.8170102,1304923935.2178605,1302362849.9904976,1299764342.3603191,1297129582.066747,1294459875.8570151,1291756677.6738966,1289021599.5886905,1286256423.534194,1283463113.8957486,1280643831.0219347,1277800945.7198462,1274937054.803204,1272054997.7646146,1269157874.6460383,1266249065.1837473,1263332249.3056102,1260411429.0590634,1257490952.0474546,1254575536.4499698,1251670297.6957915,1248780776.855665,1245912970.8030307,1243073364.181296,1240268963.192471,1237507331.1938791,1234796626.0520809,1232145639.154333,1229563835.9151592,1227061397.535351,1224649263.6690407,1222339175.5259712,1220143718.7746155,1218076365.4094005,1216151513.4923635,1214384523.3643165,1212791748.5281844,1211390558.9197156,1210199353.6757617,1209237559.7603774,1208525611.87998,1208084907.9688196,1207937733.103152,1208107142.9427295,1208616795.622387,1209490718.3268743,1210752991.4577818,1212427329.1931052,1214536530.1628613,1217101765.6892753,1220141665.2833643,1223671149.4975882,1227699948.3641891,1232230728.9436693,1237256737.2578616,1242758837.1707025,1248701800.3999429,1255029666.1657724,1261659943.7456307,1268476373.1678421,1275319883.6509554,1281977288.9040651,1288167121.7488542,1293521819.9410677,1297565202.5733743,1299683778.537908,1299089840.1028717,1294773426.4326267,1285438997.8066137,1269421030.3468022,1244571137.0528655,1208109718.6365104,1156444747.4581523,1085003174.0042133,988274227.3892275,860771484.3435044,701200438.5071678,526519615.30481315,410155416.92691827,528087690.2965596,0.0
30460.0,31390154496.57238,31349885495.7463,31309197765.28074,31268087332.683533,31226550183.63956,31184582261.54785,31142179467.054398,31099337657.580208,31056052646.8453,31012320204.38783,30968136055.079098,30923495878.633926,30878395309.11669,30832829934.442955,30786795295.87664,30740286887.52289,30693300155.816654,30645830499.006805,30597873266.63611,30549423759.01699,30500477226.702835,1355191378.707401,1355999895.7514803,1356809900.067181,1357621367.7769542,1358434274.2438674,1359248594.0555918,1360064301.0080838,1360881368.0889666,1361699767.4606082,1362519470.4428856,1363340447.4956326,1364162668.200764,1364986101.2440796,1365810714.3967295,1366636474.496348,1367463347.4278417,1368291298.1038356,1369120290.4447598,1369950287.3585882,1370781250.7202039,1371613141.350407,1372445918.9945397,1373279542.3007398,1374113968.7978046,1374949154.8726718,1375785055.7474961,1376621625.456335,1377458816.8214216,1378296581.42903,1379134869.6049235,1379973630.389379,1380812811.5117826,1381652359.3648005,1382492218.9780955,1383332333.991619,1384172646.628438,1385013097.6671152,1385853626.4136293,1386694170.6728265,1387534666.7194078,1388375049.2684367,1389215251.4453645,1390055204.7555811,1390894839.053463,1391734082.5109365,1392572861.5855374,1393411100.987968,1394248723.6491463,1395085650.6867466,1395921801.371215,1396757093.091281,1397591441.3189268,1398424759.5738463,1399256959.3873668,1400087950.2658372,1400917639.653485,1401745932.8947349,1402572733.1959848,1403397941.586845,1404221456.8808303,1405043175.6355157,1405862992.1121395,1406680798.2346687,1407496483.5483186,1408309935.1775293,1409121037.783401,1409929673.5205925,1410735721.9936764,1411539060.2129657,1412339562.54981,1413137100.691365,1413931543.5948412,1414722757.4412389,1415510605.5885777,1416294948.5246234,1417075643.819128,1417852546.075585,1418625506.8825164,1419394374.7643034,1420158995.1315646,1420919210.2311158,1421674859.0955033,1422425777.4921436,1423171797.8720856,1423912749.3184102,1424648457.4942946,1425378744.59076,1426103429.2741346,1426822326.633253,1427535248.1264205,1428242001.5281851,1428942390.8759327,1429636216.4163601,1430323274.5518522,1431003357.7868118,1431676254.6739764,1432341749.7607872,1432999623.5358405,1433649652.3754902,1434291608.4906487,1434925259.8738565,1435550370.2466762,1436166699.0074859,1436774001.1797466,1437372027.3608103,1437960523.6713705,1438539231.7056262,1439107888.4822612,1439666226.3963337,1440213973.1721883,1440750851.8174894,1441276580.578514,1441790872.896802,1442293437.367323,1442783977.6982884,1443262192.672753,1443727776.1121776,1444180416.8421035,1444619798.6601353,1445045600.3064013,1445457495.4367034,1445855152.598559,1446238235.2103634,1446606401.5439048,1446959304.7104821,1447296592.6508958,1447617908.129581,1447922888.7331924,1448211166.8739426,1448482369.7980385,1448736119.5995567,1448972033.240141,1449189722.5749125,1449388794.3850062,1449568850.417191,1449729487.43103,1449870297.2540898,1449990866.845714,1450090778.3699403,1450169609.2781367,1450226932.4019942,1450262316.0575528,1450275324.1609488,1450265516.3566618,1450232448.1590397,1450175671.1079643,1450094732.939547,1449989177.7728267,1449858546.313476,1449702376.0756018,1449520201.6227977,1449311554.8296645,1449075965.1651063,1448812959.9987965,1448522064.9322758,1448202804.1562839,1447854700.8359735,1447477277.5258262,1447070056.61616,1446632560.8132837,1446164313.6554594,1445664840.0670173,1445133666.9530993,1444570323.8376856,1443974343.5477614,1443345262.946662,1442682623.7198486,1441985973.216624,1441254865.3515198,1440488861.569376,1439687531.8784204,1438850455.9559834,1437977224.3318014,1437067439.6542735,1436120718.0453959,1435136690.5505724,1434115004.68995,1433055326.1184483,1431957340.4022088,1430820754.9198067,1429645300.8971992,1428430735.58613,1427176844.5964696,1425883444.3938086,1424550384.9745731,1423177552.7318876,1421764873.5265477,1420312315.9786108,1418819894.9964428,1417287675.561432,1415715776.788148,1414104376.281384,1412453714.8133285,1410764101.3461368,1409035918.427288,1407269627.9875295,1405465777.5737224,1403625007.0517411,1401748055.817604,1399835770.5583344,1397889113.6076393,1395909171.945418,1393897166.8943505,1391854464.5714197,1389782587.157185,1387683225.0510497,1385558249.986514,1383409729.1867166,1381239940.64723,1379051389.640298,1376846826.542342,1374629266.0947056,1372402008.2162294,1370168660.4952216,1367933162.4978461,1365699812.0396037,1363473293.5764809,1361258708.8822336,1359061610.1879764,1356888035.96949,1354744549.5759814,1352638280.9010887,1350576971.3018897,1348569021.9738684,1346623545.988101,1344750424.189993,1342960365.1450348,1341264969.2941055,1339676797.44599,1338209443.6847506,1336877612.6997077,1335697201.4509275,1334685384.956028,1333860705.816296,1333243166.8805637,1332854326.1601515,1332717392.740316,1332857321.960999,1333300907.5351534,1334076867.5017133,1335215919.9292505,1336750843.0407033,1338716512.8504162,1341149909.4055293,1344090080.1948607,1347578046.09215,1351656631.1625261,1356370192.5613728,1361764220.315021,1367884768.6400485,1374777670.1841688,1382487471.5851,1391056012.31147,1400520547.9248772,1410911292.4482598,1422248220.8042984,1434536929.0849895,1447763294.6645403,1461886605.5015845,1476830731.9527333,1492472785.2173963,1508628528.6814299,1525033556.8305006,1541318889.3970237,1556979075.601861,1571330044.5906034,1583452567.6256433,1592114965.0362997,1595665014.4304395,1591874989.9887276,1577714225.63032,1549010164.000822,1499947286.8904774,1422378964.6454544,1305152095.7419078,1134754423.2279153,903415491.956507,649516837.4434646,574744744.2483702,0.0
30450.0,29297735729.289967,29252177441.02032,29206187313.92446,29159761463.149494,29112895965.522144,29065586859.170525,29017830143.143436,28969621777.027206,28920957680.56012,28871833733.24451,28822245773.956505,28772189600.553677,28721660969.480347,28670655595.37095,28619169150.651382,28567197265.138206,28514735525.636253,28461779475.534374,28408324614.39939,28354366397.56871,28299900235.74124,1388813367.8284132,1389742764.2718341,1390674559.5672758,1391608738.7549517,1392545286.2074974,1393484185.6147556,1394425419.9682722,1395368971.5454874,1396314821.8936224,1397262951.8132536,1398213341.3415701,1399165969.7353122,1400120815.453378,1401077856.1391015,1402037068.6021905,1402998428.800321,1403961911.8203845,1404927491.8593774,1405895142.2049341,1406864835.2154913,1407836542.3000786,1408810233.897737,1409785879.4565506,1410763447.412289,1411742905.166655,1412724219.065133,1413707354.3744264,1414692275.2594848,1415678944.760115,1416667324.767159,1417657375.9982476,1418649057.973117,1419642328.9884768,1420637146.0924315,1421633465.0584514,1422631240.3588743,1423630425.1379418,1424630971.1843688,1425632828.9034247,1426635947.2885342,1427640273.8923845,1428645754.7975388,1429652334.5865421,1430659956.311524,1431668561.463282,1432678089.9398491,1433688480.0145328,1434699668.3034277,1435711589.7323875,1436724177.5034618,1437737363.0607812,1438751076.055897,1439765244.3125632,1440779793.7909613,1441794648.5513582,1442809730.7172012,1443824960.4376378,1444840255.8494642,1445855533.038495,1446870706.0003533,1447885686.600675,1448900384.5347362,1449914707.2864819,1450928560.0869827,1451941845.8722866,1452954465.2406964,1453966316.409448,1454977295.1708078,1455987294.8475788,1456996206.2480266,1458003917.6202207,1459010314.6057982,1460015280.1931505,1461018694.670047,1462020435.5756862,1463020377.652197,1464018392.795587,1465014350.0061495,1466008115.3383417,1466999551.8501358,1467988519.551874,1468974875.3546135,1469958473.018003,1470939163.0976868,1471916792.8922687,1472891206.3898427,1473862244.214121,1474829743.5701773,1475793538.1898289,1476753458.27669,1477709330.45092,1478660977.6936972,1479608219.2914605,1480550870.7799363,1481488743.8880177,1482421646.481501,1483349382.5067658,1484271751.934408,1485188550.7029002,1486099570.6623287,1487004599.5182605,1487903420.7758079,1488795813.6839561,1489681553.180221,1490560409.8357196,1491432149.800723,1492296534.7507913,1493153321.8335686,1494002263.6163416,1494843108.0344663,1495675598.340763,1496499473.0560129,1497314465.920659,1498120305.8478618,1498916716.8780363,1499703418.1350229,1500480123.7840548,1501246542.991676,1502002379.8878016,1502747333.5300965,1503481097.8708754,1504203361.7267442,1504913808.751192,1505612117.4103794,1506297960.9623797,1506971007.440134,1507630919.6384008,1508277355.1050148,1508909966.1367567,1509528399.780188,1510132297.837799,1510721296.8798552,1511295028.262348,1511853118.1514747,1512395187.5551033,1512920852.3617082,1513429723.3872862,1513921406.4307923,1514395502.3386872,1514851607.0791883,1515289311.8268986,1515708203.0584826,1516107862.6601458,1516487868.0476751,1516847792.2998996,1517187204.3064241,1517505668.9306011,1517802747.1887164,1518077996.4464746,1518330970.6338983,1518561220.479859,1518768293.7675133,1518951735.612021,1519111088.7620046,1519245893.9262934,1519355690.1276324,1519440015.0851126,1519498405.6272159,1519530398.1375039,1519535529.0351045,1519513335.2923055,1519463354.9917269,1519385127.9257183,1519278196.2408118,1519142105.1302564,1518976403.5778995,1518780645.1568885,1518554388.8869445,1518297200.1542163,1518008651.698042,1517688324.669241,1517335809.764943,1516950708.4453106,1516532634.237938,1516081214.1361625,1515596090.0979893,1515076920.6528971,1514523382.6243145,1513935172.9762425,1513312010.793132,1512653639.4029012,1511959828.6537697,1511230377.3564913,1510465115.9045064,1509663909.085631,1508826659.1000063,1507953308.8003492,1507043845.1718748,1506098303.070816,1505116769.242104,1504099386.638588,1503046359.066176,1501957956.1814523,1500834518.870728,1499676465.042105,1498484295.8650303,1497258602.494977,1496000073.324366,1494709501.8046756,1493387794.8888805,1492035982.14796,1490655225.620308,1489246830.4584124,1487812256.4433107,1486353130.4440022,1484871259.9064052,1483368647.4644837,1481847506.7750323,1480310279.6873443,1478759654.8695545,1477198588.0250912,1475630323.8453631,1474058419.8586035,1472486772.3498774,1470919644.5435827,1469361697.2575283,1467818022.2567585,1466294178.5559378,1464796231.9411695,1463330798.005644,1461905089.0184686,1460526964.9721982,1459204989.1818838,1457948488.836378,1456767620.9309597,1455673444.0381103,1454677996.3998768,1453794380.8492174,1453036857.0874982,1452420941.8587573,1451963517.5654368,1451682949.861378,1451599214.7309413,1451734035.5118356,1452111030.2352982,1452755869.529926,1453696445.150978,1454963048.9374914,1456588561.6422105,1458608650.5946612,1461061974.5078359,1463990392.8753076,1467439176.265564,1471457212.323824,1476097200.3353481,1481415824.65595,1487473894.004914,1494336429.3242075,1502072677.3547666,1510756019.9043155,1520463739.5161636,1531276590.2947454,1543278107.2253244,1556553567.4356341,1571188491.1716638,1587266537.0671039,1604866603.264979,1624058889.9581132,1644899605.5691333,1667423901.7760391,1691636492.4491425,1717499233.5167227,1744914690.677804,1773704358.6343217,1803579646.5041246,1834102876.68156,1864634109.01227,1894257114.704976,1921673316.1665776,1945043973.0325027,1961744023.6363192,1967956261.739235,1957960683.697907,1922815416.5143964,1847803941.1458757,1707541269.4492784,1458298617.94529,1041846204.5375283,539987502.3090802,0.0
30440.0,27243242616.34904,27192774130.93135,27141864129.36708,27090508848.09175,27038704489.04923,26986447219.400017,26933733171.229263,26880558441.253937,26826919090.52983,26772811144.15818,26718230590.992104,26663173383.342964,26607635436.68675,26551612629.37062,26495100802.319702,26438095758.74432,26380593263.847763,26322589044.53473,26264078789.12063,26205058147.041824,26145522728.567184,1421786631.3736627,1422835745.6703305,1423888182.3915634,1424943935.8908563,1426002999.9543428,1427065367.7865496,1428131031.995865,1429199984.5797043,1430272216.9093783,1431347719.7146451,1432426483.0679574,1433508496.3683858,1434593748.3252125,1435682226.9412048,1436773919.4955454,1437868812.526419,1438966891.8132567,1440068142.3586211,1441172548.3697338,1442280093.2396383,1443390759.527985,1444504528.9414454,1445621382.313733,1446741299.5852432,1447864259.782285,1448990240.9959178,1450119220.3603714,1451251174.0310545,1452386077.1621356,1453523903.8836966,1454664627.2784467,1455808219.3579986,1456954651.0386875,1458103892.1169379,1459255911.2441692,1460410675.9012232,1461568152.37232,1462728305.718534,1463891099.7507668,1465056497.002238,1466224458.7004597,1467394944.7387075,1468567913.6469674,1469743322.562368,1470921127.1990714,1472101281.8176348,1473283739.193822,1474468450.5868692,1475655365.7071924,1476844432.6835303,1478035598.0295217,1479228806.6097026,1480424001.6049304,1481621124.4772115,1482820114.933945,1484020910.8915648,1485223448.4385808,1486427661.7980094,1487633483.2891982,1488840843.2890248,1490049670.1924846,1491259890.372646,1492471428.1399841,1493684205.7010772,1494898143.1166725,1496113158.2591176,1497329166.7691512,1498546082.012052,1499763815.0331545,1500982274.5127168,1502201366.7201533,1503420995.4676285,1504641062.063003,1505861465.2621644,1507082101.2207026,1508302863.4449751,1509523642.7425387,1510744327.171969,1511964801.9920666,1513184949.6104586,1514404649.5316105,1515623778.3042498,1516842209.468221,1518059813.5007772,1519276457.762327,1520492006.4416547,1521706320.5006227,1522919257.618384,1524130672.1351233,1525340414.9953399,1526548333.690718,1527754272.2025893,1528958070.9440289,1530159566.701617,1531358592.5768933,1532554977.9275482,1533748548.3083866,1534939125.4121075,1536126527.0099509,1537310566.892249,1538491054.8089519,1539667796.4101653,1540840593.1867836,1542009242.4112585,1543173537.0786,1544333265.8476572,1545488212.9827807,1546638158.2959394,1547782877.0893893,1548922140.0989804,1550055713.4382203,1551183358.5431924,1552304832.118451,1553419886.0840166,1554528267.5236034,1555629718.6342232,1556723976.677311,1557810773.931539,1558889837.647481,1559960890.004314,1561023648.0687437,1562077823.7563667,1563123123.7956715,1564159249.6949253,1565185897.7121794,1566202758.8286529,1567209518.7257862,1568205857.7662334,1569191450.9791236,1570165968.0499196,1571129073.3152106,1572080425.7628357,1573019679.0377154,1573946481.453818,1574860476.0127153,1575761300.4291914,1576648587.1644206,1577521963.4672399,1578381051.4241016,1579225468.0182977,1580054825.19911,1580868729.961572,1581666784.4375648,1582448585.999034,1583213727.3741467,1583961796.7772665,1584692378.0536857,1585405050.8401172,1586099390.7419934,1586774969.5287209,1587431355.3480783,1588068112.9610684,1588684803.9985647,1589280987.2412457,1589856218.9243639,1590410053.0690162,1590942041.8417075,1591451735.9441085,1591938685.03504,1592402438.186871,1592842544.378652,1593258553.0284917,1593650014.567841,1594016481.060561,1594357506.8698316,1594672649.376229,1594961469.750476,1595223533.784696,1595458412.7862506,1595665684.5385494,1595844934.3335693,1595995756.0811799,1596117753.5007539,1596210541.4009848,1596273747.0542936,1596307011.67272,1596309991.9927344,1596282361.9770246,1596223814.641963,1596134064.0201802,1596012847.2684565,1595859926.931992,1595675093.377092,1595458167.4052777,1595209003.0630105,1594927490.6624358,1594613560.029907,1594267184.000548,1593888382.1787553,1593477224.9863377,1593033838.0219755,1592558406.7578716,1592051181.6018658,1591512483.3559473,1590942709.1050155,1590342338.5729716,1589711940.986811,1589052182.4932888,1588363834.1771255,1587647780.7345183,1586905029.861053,1586136722.4190214,1585344143.4556706,1584528734.1511648,1583692104.7830188,1582836048.8026938,1581962558.1298504,1581073839.780689,1580172333.95891,1579260733.7512202,1578342006.5842083,1577419417.6158695,1576496555.253377,1575577359.008848,1574666149.9273713,1573767663.8462887,1572887087.7721894,1572030099.6923964,1571202912.171183,1570412320.1178536,1569665753.1544461,1568971333.0554044,1568337936.780518,1567775265.6758525,1567293921.4756489,1566905489.8013906,1566622631.9224417,1566459185.6158962,1566430276.0412152,1566552437.6274333,1566843748.056223,1567323975.5116482,1568014740.4548855,1568939693.2666025,1570124709.1769714,1571598101.9675493,1573390857.9727352,1575536891.9203458,1578073326.116721,1581040794.3822334,1584483771.9524045,1588450932.2437737,1592995530.8968074,1598175816.7906442,1604055468.697256,1610704054.8018675,1618197510.3256083,1626618625.766479,1636057534.5913877,1646612184.2589417,1658388767.8301022,1671502084.6108284,1686075786.5901208,1702242452.0086036,1720143407.075607,1739928190.1656032,1761753517.8414226,1785781566.250959,1812177321.484083,1841104673.8253696,1872720827.1211252,1907168456.244727,1944564857.9126182,1984987077.3187976,2028451608.412912,2074886667.9667273,2124094045.8320408,2175695734.679366,2229057042.4596477,2283170578.2933207,2336469169.2151694,2386496898.6127963,2429269333.4925447,2457893162.6095443,2459294870.2115803,2405884125.708828,2233488595.4858127,1786511994.5161495,797027248.7501361,0.0
30430.0,25230971508.126774,25175980363.954384,25120541351.7257,25064650859.46535,25008305244.78548,24951500834.681183,24894233925.32709,24836500781.87535,24778297638.25511,24719620696.97367,24660466128.91947,24600830073.16696,24540708636.78364,24480097894.639385,24418993889.218098,24357392630.43224,24295290095.43987,24232682228.464893,24169564940.62046,24105934109.735752,24041785580.186497,1454025244.0189035,1455192287.8508444,1456363583.5897648,1457539135.2312129,1458718946.311273,1459903019.8934383,1461091358.5552146,1462283964.3744183,1463480838.9151802,1464681983.213657,1465887397.7634187,1467097082.5005357,1468311036.788341,1469529259.4018621,1470751748.5119286,1471978501.668941,1473209515.7862887,1474444787.1234264,1475684311.268588,1476928083.121141,1478176096.8735662,1479428345.9930701,1480684823.2028043,1481945520.4627028,1483210428.9499207,1484479539.0388675,1485752840.2808332,1487030321.3831956,1488311970.188204,1489597773.6513326,1490887717.8191895,1492181787.806989,1493479967.7755623,1494782240.9079115,1496088589.3852966,1497398994.362842,1498713435.9446661,1500031893.1585147,1501354343.9298995,1502680765.0557308,1504011132.1774333,1505345419.7535443,1506683601.031784,1508025648.020583,1509371531.4600723,1510721220.7925189,1512074684.1322026,1513431888.234723,1514792798.4657378,1516157378.7691123,1517525591.6344852,1518897398.0642335,1520272757.5398371,1521651627.987627,1523033965.7439227,1524419725.519536,1525808860.3636482,1527201321.6270494,1528597058.924729,1529996020.097817,1531398151.1748676,1532803396.3324826,1534211697.8552613,1535622996.0950794,1537037229.429692,1538454334.2206466,1539874244.770517,1541296893.2794375,1542722209.8009512,1544150122.197154,1545580556.093141,1547013434.830755,1548448679.4216256,1549886208.4995103,1551325938.2719274,1552767782.4710898,1554211652.3041377,1555657456.4026678,1557105100.7715714,1558554488.7371783,1560005520.8947148,1561458095.0550823,1562912106.1909604,1564367446.3822465,1565824004.7608428,1567281667.454795,1568740317.5318048,1570199834.9421215,1571660096.4608364,1573120975.6295877,1574582342.6977084,1576044064.5628295,1577506004.7109556,1578968023.1560612,1580429976.379209,1581891717.2672405,1583353095.0510607,1584813955.2435594,1586274139.5772057,1587733485.9413533,1589191828.3193169,1590648996.7252443,1592104817.140865,1593559111.4521503,1595011697.3859558,1596462388.446713,1597910993.8532352,1599357318.4757142,1600801162.772996,1602242322.7302089,1603680589.7968469,1605115750.825409,1606547588.0106826,1607975878.829808,1609400395.983228,1610820907.3366537,1612237175.8641899,1613648959.592756,1615056011.5479703,1616458079.7016506,1617854906.92112,1619246230.9204917,1620631784.2141533,1622011294.0726414,1623384482.4811478,1624751066.1008966,1626110756.2336466,1627463258.7895913,1628808274.2589495,1630145497.6875615,1631474618.6568022,1632795321.2681887,1634107284.1330228,1635410180.3674927,1636703677.5936358,1637987437.9466245,1639261118.08884,1640524369.231245,1641776837.1626077,1643018162.2871232,1644247979.6710782,1645465919.0991793,1646671605.141257,1647864657.2300737,1649044689.751027,1650211312.1445785,1651364129.0223043,1652502740.2975202,1653626741.3314853,1654735723.096276,1655829272.3554688,1656906971.8638763,1657968400.5876393,1659013133.946076,1660040744.076785,1661050800.1256113,1662042868.5631638,1663016513.5297325,1663971297.2105489,1664906780.2434835,1665822522.1614294,1666718081.8717537,1667593018.1754174,1668446890.3284967,1669279258.64908,1670089685.1727228,1670877734.35986,1671642973.8588629,1672384975.3286755,1673103315.3252823,1673797576.2565794,1674467347.4105825,1675112226.0622807,1675731818.6648698,1676325742.1315622,1676893625.2146611,1677435109.9891272,1677949853.4484825,1678437529.221512,1678897829.4189682,1679330466.6202362,1679735176.0107865,1680111717.6821713,1680459879.1073422,1680779477.8052166,1681070364.209621,1681332424.75916,1681565585.2260013,1681769814.3032897,1681945127.4726682,1682091591.175461,1682209327.3132696,1682298518.1062088,1682359411.339757,1682392326.034202,1682397658.5740352,1682375889.3383574,1682327589.8775074,1682253430.685706,1682154189.624609,1682030761.0583746,1681884165.7671309,1681715561.7128208,1681526255.739234,1681317716.296801,1681091587.2925365,1680849703.1763983,1680594105.3875978,1680327060.298001,1680051078.805085,1679768937.7439468,1679483703.3070788,1679198756.6820078,1678917822.1409597,1678644997.8436186,1678384789.6443038,1678142148.2286935,1677922509.943306,1677731841.7235253,1677576690.5738587,1677464238.1077518,1677402360.7145667,1677399695.9888585,1677465716.1328924,1677610809.1282578,1677846368.5675747,1678184893.1438236,1678640096.9138675,1679227031.5857728,1679962222.2277713,1680863817.9616935,1681951759.3867927,1683247964.6824129,1684776536.561176,1686563992.4890614,1688639520.8554287,1691035266.064249,1693786645.8260784,1696932704.2555428,1700516504.715791,1704585566.6906478,1709192351.2939105,1714394800.3234022,1720256934.0068195,1726849512.7267866,1734250767.9977257,1742547207.7192523,1751834500.143498,1762218439.9220266,1773815997.846579,1786756453.2052348,1801182603.6946764,1817252042.1038043,1835138480.9205923,1855033094.8519173,1877145836.0260444,1901706656.1880505,1928966543.0886548,1959198242.892915,1992696495.0654151,2029777549.1410842,2070777662.6897287,2116050195.8215618,2165960819.457716,2220880241.055558,2281173714.564174,2347186408.3564496,2419223346.372936,2497521781.7929077,2582211538.398589,2673252221.543126,2770316732.2376237,2872531591.5220337,2977799198.963184,3080816964.2794986,3166787924.228842,3189838001.286617,2990606908.815429,1939920638.5597491,0.0
30420.0,23264881841.37867,23205761093.61223,23146189318.155025,23086163081.35604,23025678923.40596,22964733358.218147,22903322873.312717,22841443929.70361,22779092961.78905,22716266377.245518,22652960556.92514,22589171854.75736,22524896597.6542,22460131085.42003,22394871590.66577,22329114358.727818,22262855607.591606,22196091527.820663,22128818282.49081,22061032007.1302,21992728809.66489,1485444137.8085058,1486726690.6990347,1488014424.608518,1489307353.432326,1490605490.7211175,1491908849.6689906,1493217443.101352,1494531283.462507,1495850382.8029613,1497174752.76643,1498504404.576545,1499839349.0232587,1501179596.448935,1502525156.7341232,1503876039.283009,1505232253.0085287,1506593806.3171608,1507960707.093357,1509332962.6836367,1510710579.880316,1512093564.9048812,1513481923.390981,1514875660.3670554,1516274780.238567,1517679286.7698472,1519089183.0655403,1520504471.5516465,1521925153.9561422,1523351231.2891862,1524782703.8228922,1526219571.0706656,1527661831.7660966,1529109483.8413985,1530562524.4053848,1532020949.720979,1533484755.1822464,1534953935.2909408,1536428483.6325548,1537908392.8518722,1539393654.6280067,1540884259.648923,1542380197.5854268,1543881457.0646262,1545388025.642837,1546899889.7779436,1548417034.801194,1549939444.8884213,1551467103.0306907,1552999991.0043511,1554538089.3404949,1556081377.2938066,1557629832.8108006,1559183432.4974322,1560742151.5860777,1562305963.9018686,1563874841.8283868,1565448756.272688,1567027676.6296673,1568611570.7457478,1570200404.8818855,1571794143.67588,1573392750.103991,1574996185.4418457,1576604409.2246304,1578217379.206562,1579835051.3196292,1581457379.6316018,1583084316.3032906,1584715811.5450687,1586351813.5726268,1587992268.5619843,1589637120.6037169,1591286311.656435,1592939781.4994717,1594597467.684805,1596259305.4881952,1597925227.8595421,1599595165.3724585,1601269046.1730547,1602946795.9279463,1604628337.7714686,1606313592.2521133,1608002477.2781837,1609694908.0626714,1611390797.0673628,1613090053.9461756,1614792585.4877377,1616498295.5572135,1618207085.0373888,1619918851.7690206,1621633490.490477,1623350892.7766645,1625070946.9772727,1626793538.1543453,1628518548.0192122,1630245854.8687794,1631975333.5212286,1633706855.2511387,1635440287.7240627,1637175494.9305892,1638912337.1199324,1640650670.733081,1642390348.3355525,1644131218.5497959,1645873125.9872975,1647615911.1804352,1649359410.5141487,1651103456.1574743,1652847875.9950318,1654592493.5585139,1656337127.9582667,1658081593.8150506,1659825701.1920547,1661569255.5272727,1663312057.5663435,1665053903.2959592,1666794583.8779652,1668533885.5842686,1670271589.732706,1672007472.6239972,1673741305.4799488,1675472854.3830702,1677201880.2177746,1678928138.613354,1680651379.888928,1682371349.000577,1684087785.490891,1685800423.4411664,1687508991.4265246,1689213212.4742064,1690912804.0253549,1692607477.9005828,1694296940.2696686,1695980891.625723,1697659026.764216,1699331034.7672553,1700996598.993547,1702655397.0744963,1704307100.916931,1705951376.712964,1707587884.9575486,1709216280.4743094,1710836212.4502716,1712447324.4801702,1714049254.6210213,1715641635.4577413,1717224094.180603,1718796252.6753922,1720357727.627191,1721908130.638747,1723447068.364508,1724974142.661395,1726488950.7575417,1727991085.440251,1729480135.2645333,1730955684.7836866,1732417314.8034627,1733864602.6614857,1735297122.533698,1736714445.7697494,1738116141.2593508,1739501775.831791,1740870914.6909554,1742223121.8883586,1743557960.8368886,1744874994.8681605,1746173787.8365889,1747453904.773525,1748714912.5950603,1749956380.8673623,1751177882.6337256,1752378995.3078318,1753559301.6380644,1754718390.748127,1755855859.2596116,1756971312.5026412,1758064365.8211942,1759134645.9802918,1760181792.6827984,1761205460.2042606,1762205319.154942,1763181058.3789656,1764132387.0013914,1765059036.6349688,1765960763.7594023,1766837352.2870781,1767688616.3305306,1768514403.1883068,1769314596.5674624,1770089120.0626621,1770837940.913745,1771561074.0657969,1772258586.5580335,1772930602.2705421,1773577307.060727,1774198954.3246207,1774795871.0218039,1775368464.2067077,1775917228.1135805,1776442751.847402,1776945727.738674,1777426960.426269,1777887376.7395933,1778328036.459196,1778750144.043825,1779155061.4218764,1779544321.9563928,1779919645.7053065,1780282956.1128683,1780636398.2840972,1780982359.012151,1781323488.7488317,1781662725.7314134,1782003322.5049248,1782348875.1084223,1782703355.227027,1783071145.6491854,1783457079.4113536,1783866483.060779,1784305224.5221229,1784779766.1162286,1785297223.3504934,1785865430.181241,1786493011.5407043,1787189464.0262313,1787965245.7690768,1788831876.636726,1789802050.0785832,1790889758.1028469,1792110431.0757298,1793481094.2665176,1795020543.3275192,1796749541.2015383,1798691039.2965107,1800870426.1635907,1803315807.3680809,1806058320.760037,1809132491.941573,1812576635.400325,1816433307.54327,1820749818.732823,1825578812.4087195,1830978920.4854136,1837015505.4549117,1843761501.0068326,1851298364.5040991,1859717156.3213675,1869119762.8513985,1879620281.8854258,1891346591.0306213,1904442121.767419,1919067863.5625014,1935404623.9864514,1953655571.8339996,1974049090.5543046,1996841968.5793064,2022322951.1184506,2050816674.536355,2082687999.8093958,2118346756.9235647,2158252910.4135346,2202922164.071189,2252932053.275387,2308928651.4654226,2371634189.338604,2441856235.254008,2520499762.8841047,2608584704.165087,2707273930.8126206,2817920900.301596,2942154064.6436644,3082029518.798139,3240308699.755819,3420954477.808999,3629937722.7432747,3876032306.9096203,4168026234.687293,4480646427.199402,4397231437.96096,0.0
30410.0,21348590270.456093,21285735670.27856,21222429918.326653,21158669782.29316,21094452008.06702,21029773319.69733,20964630419.36184,20899019987.340195,20832938681.992126,20766383139.74076,20699349975.0612,20631835780.47485,20563837126.549324,20495350561.904587,20426372613.225216,20356899785.27929,20286928560.944023,20216455401.23844,20145476745.363422,20073989010.74937,20001988593.11177,1515959540.6940446,1517354548.8803678,1518755660.3978925,1520162899.224933,1521576289.1158147,1522995853.5904236,1524421615.923499,1525853599.1336453,1527291825.9720798,1528736318.9110892,1530187100.1322038,1531644191.5140715,1533107614.6200414,1534577390.685427,1536053540.6044693,1537536084.9169717,1539025043.7946136,1540520437.0269244,1542022284.0069284,1543530603.7164288,1545045414.7109506,1546566735.1043134,1548094582.5528376,1549628974.2391777,1551169926.8557668,1552717456.5878747,1554271579.0962594,1555832309.4994211,1557399662.3554325,1558973651.6433492,1560554290.7441883,1562141592.4214668,1563735568.8012896,1565336231.351983,1566943590.8632596,1568557657.4249084,1570178440.4050026,1571805948.4276154,1573440189.3500288,1575081170.2394347,1576728897.3491166,1578383376.0940936,1580044611.0262377,1581712605.808826,1583387363.1905444,1585068884.9789186,1586757172.0131655,1588452224.1364582,1590154040.1675868,1591862617.8720152,1593577953.9323165,1595300043.9179783,1597028882.2545667,1598764462.1922421,1600506775.7736187,1602255813.800943,1604011565.8025973,1605774019.9989157,1607543163.2672882,1609318981.1065617,1611101457.6007144,1612890575.3817978,1614686315.592138,1616488657.8457818,1618297580.1891832,1620113059.061117,1621935069.2518077,1623763583.8612714,1625598574.2568538,1627440010.0299618,1629287858.9519732,1631142086.9293234,1633002657.9577537,1634869534.0757196,1636742675.3169453,1638622039.6621253,1640507582.989757,1642399259.0261075,1644297019.294299,1646200813.0625196,1648110587.2913415,1650026286.5801556,1651947853.11271,1653875226.6017542,1655808344.2327876,1657747140.6069107,1659691547.6827788,1661641494.7176595,1663596908.2076008,1665557711.8267052,1667523826.3655243,1669495169.6685684,1671471656.570957,1673453198.834195,1675439705.08111,1677431080.7299466,1679427227.9276392,1681428045.482279,1683433428.7947974,1685443269.789879,1687457456.8461337,1689475874.7255538,1691498404.502286,1693524923.4907465,1695555305.1731145,1697589419.12625,1699627130.948069,1701668302.183425,1703712790.2495508,1705760448.3611112,1707811125.454921,1709864666.1144025,1711920910.493844,1713979694.242536,1716040848.4288623,1718104199.4644372,1720169569.0283816,1722236773.9918313,1724305626.3427923,1726375933.1114569,1728447496.296103,1730520112.789707,1732593574.3074207,1734667667.315052,1736742172.9587293,1738816866.9959016,1740891519.7278872,1742965895.9341455,1745039754.8085043,1747112849.897556,1749184929.0414793,1751255734.3175273,1753325001.9864855,1755392462.442368,1757457840.1656873,1759520853.6806233,1761581215.5164595,1763638632.1736565,1765692804.0949945,1767743425.6421854,1769790185.0784643,1771832764.55761,1773870840.1199627,1775904081.6959784,1777932153.1179314,1779954712.1404045,1781971410.4702566,1783981893.8067908,1785985801.8929071,1787982768.578077,1789972421.8940213,1791954384.1440392,1793928272.007018,1795893696.6571782,1797850263.9007459,1799797574.3307574,1801735223.5013435,1803662802.122891,1805579896.2796063,1807486087.6710997,1809380953.879725,1811264068.6655269,1813135002.2908158,1814993321.8764668,1816838591.7922816,1818670374.083839,1820488228.9385061,1822291715.193442,1824080390.8886497,1825853813.8683813,1827611542.434428,1829353136.0551283,1831078156.134201,1832786166.843863,1834476736.0270398,1836149436.1738427,1837803845.4779603,1839439548.9790323,1841056139.7976074,1842653220.4698555,1844230404.3897843,1845787317.3674438,1847323599.3122823,1848838906.0516927,1850332911.2956684,1851805308.75948,1853255814.457426,1854684169.181887,1856090141.183319,1857473529.0682948,1858834164.9343922,1860171917.7625916,1861486697.089913,1862778456.9873397,1864047200.3706653,1865292983.6747744,1866515921.9251125,1867716194.2436914,1868894049.8310769,1870049814.4703155,1871183897.603891,1872296800.0405822,1873389122.3555405,1874461574.0542474,1875514983.5792603,1876550309.2479696,1877568651.220166,1878571264.606133,1879559573.8395433,1880535188.4547973,1881499920.4258692,1882455803.2436087,1883405112.9309855,1884350391.2215195,1885294471.155455,1886240505.3817716,1887191997.4923465,1888152836.758447,1889127336.6898196,1890120277.894192,1891136955.7809532,1892183233.728626,1893265602.422904,1894391246.1724882,1895568117.1256325,1896805018.4439332,1898111697.6442163,1899498951.4978676,1900978744.0837443,1902564339.8304949,1904270453.662424,1906113420.6864944,1908111388.234451,1910284533.5125687,1912655310.6230693,1915248731.3185303,1918092684.5489552,1921218300.6783524,1924660367.205037,1928457803.9423208,1932654206.9333823,1937298471.9208097,1942445510.0082884,1948157070.2873857,1954502686.712381,1961560769.4559803,1969419864.4444473,1978180108.839623,1987954915.0083153,1998872921.1115506,2011080252.9893627,2024743149.6625903,2040051013.699153,2057219958.113521,2076496933.6615305,2098164534.7459178,2122546599.2569857,2150014738.5335493,2180995960.0078273,2215981580.2371707,2255537675.9829574,2300317397.1566563,2351075589.236049,2408686384.4610934,2474164796.6744037,2548694037.9008236,2633661541.517938,2730709068.460242,2841806891.310278,2969371260.759137,3116463577.221734,3287152235.2226152,3487218854.621803,3725645217.443604,4017995233.276044,4394681580.189051,4922535629.217113,5766051133.967205,7387665196.381643,0.0
30400.0,19485367284.9142,19419174590.143906,19352533477.972115,19285440936.65321,19217893937.02078,19149889432.530365,19081424359.30821,19012495636.206223,18943100164.86324,18873234829.772865,18802896498.35825,18732082021.053844,18660788231.394585,18589011946.112625,18516749965.24193,18443999072.23105,18370756034.06436,18297017601.39187,18222780508.668247,18148041474.301125,18072797200.809013,1545489417.1162179,1546993196.7726703,1548503988.7456017,1550021827.201764,1551546746.2096424,1553078779.7305388,1554617961.609406,1556164325.5654235,1557717905.1823187,1559278733.8984084,1560846844.99638,1562422271.5927827,1564005046.627238,1565595202.8513565,1567192772.817353,1568797788.8663576,1570410283.1164167,1572030287.4501681,1573657833.5021946,1575292952.6460402,1576935675.9808881,1578586034.3178878,1580244058.166123,1581909777.7182233,1583583222.8355937,1585264423.0332708,1586953407.464391,1588650204.904253,1590354843.733988,1592067351.923808,1593787757.0158298,1595516086.1064756,1597252365.828426,1598996622.332125,1600748881.2668285,1602509167.7611802,1604277506.403312,1606053921.2204578,1607838435.658064,1609631072.5583978,1611431854.138635,1613240801.9684153,1615057936.9468675,1616883279.2790773,1618716848.4519956,1620558663.2097788,1622408741.528545,1624267100.590533,1626133756.757664,1628008725.5444775,1629892021.5904484,1631783658.6316547,1633683649.4718049,1635592005.9525905,1637508738.9233723,1639433858.2101746,1641367372.5839775,1643309289.7283063,1645259616.2060857,1647218357.425762,1649185517.6066794,1651161099.7436886,1653145105.5709848,1655137535.5251577,1657138388.7074425,1659147662.8451555,1661165354.2523139,1663191457.7894077,1665225966.8223279,1667268873.180433,1669320167.1137383,1671379837.2492197,1673447870.5462208,1675524252.2509458,1677608965.8500323,1679701993.0231893,1681803313.594892,1683912905.485114,1686030744.659101,1688156805.0761604,1690291058.637465,1692433475.132863,1694584022.1866722,1696742665.2024705,1698909367.3068542,1701084089.292171,1703266789.558208,1705457424.0528455,1707655946.2116504,1709862306.8964217,1712076454.332677,1714298334.0460765,1716527888.797786,1718765058.5187716,1721009780.2430384,1723261988.0398037,1725521612.9446135,1727788582.8894045,1730062822.6315205,1732344253.681693,1734632794.230985,1736928359.076725,1739230859.5474362,1741540203.4267743,1743856294.876505,1746179034.3585267,1748508318.5559769,1750844040.293432,1753186088.4562554,1755534347.9091003,1757888699.4136202,1760249019.5454283,1762615180.6103354,1764987050.5599387,1767364492.9065948,1769747366.6378412,1772135526.1303394,1774528821.0633879,1776927096.3321092,1779330191.9603605,1781737943.013481,1784150179.5109558,1786566726.3391042,1788987403.163906,1791412024.344074,1793840398.8445148,1796272330.150305,1798707616.1813278,1801146049.2077453,1803587415.7664611,1806031496.5787513,1808478066.4692826,1810926894.286703,1813377742.8260396,1815830368.753144,1818284522.531442,1820739948.3512535,1823196384.061989,1825653561.10753,1828111204.4651208,1830569032.5881472,1833026757.353168,1835484084.0116136,1837940711.1465945,1840396330.635276,1842850627.6173177,1845303280.4699147,1847753960.7900045,1850202333.384239,1852648056.2673848,1855090780.6698143,1857530151.054861,1859965805.146792,1862397373.9702635,1864824481.9021428,1867246746.7366695,1869663779.7649772,1872075185.8700671,1874480563.6384254,1876879505.4895225,1879271597.824552,1881656421.1958432,1884033550.4984908,1886402555.1858568,1888762999.5107121,1891114442.7939246,1893456439.7227297,1895788540.680777,1898110292.1122963,1900421236.9229426,1902720914.920001,1905008863.2949262,1907284617.1513443,1909547710.0819497,1911797674.7979562,1914034043.8150852,1916256350.200389,1918464128.3845534,1920656915.0447266,1922834250.0633302,1924995677.5687916,1927140747.0646403,1929269014.653995,1931380044.367078,1933473409.6000962,1935548694.6746035,1937605496.5273073,1939643426.541205,1941662112.5300484,1943661200.8892365,1945640358.9275877,1947599277.395908,1949537673.2298665,1951455292.5265577,1953351913.7761755,1955227351.3725042,1957081459.4285533,1958914135.926574,1960725327.2349777,1962515033.0284128,1964283311.651436,1966030285.9710062,1967756149.7683873,1969461174.7271993,1971145718.0812924,1972810230.9940615,1974455267.7497878,1976081495.8479435,1977689707.103075,1979280829.8663478,1980855942.5001717,1982416288.2549353,1983963291.717085,1985498577.020959,1987023988.0434465,1988541610.8312755,1990053798.5460682,1991563199.2531705,1993072786.927395,1994585896.1034074,1996106260.6616337,1997638057.3139,1999185954.4380283,2000755167.009586,2002351518.494111,2003981510.6974268,2005652402.728372,2007372300.4115543,2009150257.7023087,2010996391.907637,2012922014.8125138,2014939782.1584969,2017063864.3313105,2019310141.5974414,2021696427.801375,2024242727.1118412,2026971529.2083468,2029908149.253209,2033081120.1298995,2036522645.782514,2040269126.1084096,2044361765.7908986,2048847281.7775187,2053778726.8922906,2059216450.415535,2065229220.4916525,2071895538.0789676,2079305178.0135016,2087560999.8357775,2096781079.5891585,2107101224.1598878,2118677942.284024,2131691961.5742953,2146352399.4135427,2162901718.063201,2181621621.796271,2202840087.543495,2226939762.184287,2254368011.7824736,2285648974.763114,2321398058.8854795,2362339442.4554706,2409327314.487265,2463371855.474645,2525671394.178522,2597652919.6123996,2681024463.0808535,2777845360.615584,2890625245.0589414,3022472388.279052,3177332759.404542,3360408131.6442223,3578956571.973591,3843985709.20464,4174242982.9675603,4606740858.329168,5228082077.018787,6285307606.891048,8784969046.62488,0.0
30390.0,17678136212.87638,17608998647.98981,17539418064.35686,17469391686.186928,17398916724.611813,17327990377.802147,17256609831.090836,17184772257.104034,17112474815.89959,17039714655.113476,16966488910.114244,16892794704.16591,16818629148.599443,16743989342.993198,16668872375.362667,16593275322.35951,16517195249.480682,16440629211.287434,16363574251.634956,16286027403.912704,16207985691.29588,1573953907.5656543,1575562152.4321768,1577178298.700789,1578802390.7522378,1580434472.998713,1582074589.876578,1583722785.8388653,1585379105.3475335,1587043592.865478,1588716292.8482955,1590397249.7357898,1592086507.9432118,1593784111.852238,1595490105.8016624,1597204534.0778213,1598927440.9047098,1600658870.4338226,1602398866.733675,1604147473.779023,1605904735.43976,1607670695.4694993,1609445397.4938054,1611228884.998102,1613021201.3152199,1614822389.6125965,1616632492.8790996,1618451553.9114902,1620279615.30049,1622116719.4164693,1623962908.3947253,1625818224.1203568,1627682708.2127187,1629556402.0094473,1631439346.550048,1633331582.5590372,1635233150.428622,1637144090.200915,1639064441.5496745,1640994243.7615423,1642933535.7167966,1644882355.8695867,1646840742.2276437,1648808732.331462,1650786363.2329307,1652773671.473418,1654770693.0612717,1656777463.4487517,1658794017.5083623,1660820389.508582,1662856613.0889716,1664902721.2346525,1666958746.2501397,1669024719.7325182,1671100672.5439453,1673186634.783471,1675282635.7581546,1677388703.953473,1679504867.0029993,1681631151.6573396,1683767583.7523148,1685914188.1763682,1688070988.8371923,1690238008.62755,1692415269.3902788,1694602791.8824716,1696800595.738798,1699008699.4339757,1701227120.244352,1703455874.208601,1705694976.0875025,1707944439.322801,1710204275.9951174,1712474496.780909,1714755110.9084446,1717046126.1128006,1719347548.5898404,1721659382.949178,1723981632.1660953,1726314297.53241,1728657378.6062682,1731010873.1608496,1733374777.1319733,1735749084.5645764,1738133787.5580673,1740528876.210523,1742934338.5617223,1745350160.5349994,1747776325.877908,1750212816.1016693,1752659610.4194002,1755116685.683114,1757584016.319463,1760061574.264225,1762549328.8955195,1765047246.9657428,1767555292.5322046,1770073426.886472,1772601608.4823916,1775139792.8628094,1777687932.5849466,1780245977.1444693,1782813872.898207,1785391562.985541,1787978987.2484598,1790576082.1502728,1793182780.6929874,1795799012.333362,1798424702.897625,1801059774.4948812,1803704145.429211,1806357730.1104686,1809020438.9638014,1811692178.3379102,1814372850.4120598,1817062353.1018715,1819760579.9639266,1822467420.099204,1825182758.0553877,1827906473.7280889,1830638442.2610118,1833378533.9451332,1836126614.1169138,1838882543.0556312,1841646175.8798845,1844417362.443319,1847195947.229692,1849981769.2473068,1852774661.9229527,1855574452.9954062,1858380964.4086292,1861194012.2047522,1864013406.416979,1866838950.9625483,1869670443.5358698,1872507675.5020118,1875350431.7907014,1878198490.7909927,1881051624.2468195,1883909597.1536176,1886772167.6562455,1889639086.9484255,1892510099.173971,1895384941.3300529,1898263343.172809,1901145027.1255832,1904029708.1901455,1906917093.8612268,1909806884.044755,1912698770.9801886,1915592439.1673791,1918487565.298424,1921383818.1949916,1924280858.7516465,1927178339.8857422,1930075906.4944544,1932973195.4196203,1935869835.4210427,1938765447.1589935,1941659643.1866987,1944552027.9536133,1947442197.8204067,1950329741.086563,1953214238.031641,1956095260.9712641,1958972374.3289876,1961845134.7253034,1964713091.0850835,1967575784.7649024,1970432749.7017486,1973283512.5847588,1976127593.0517247,1978964503.9122653,1981793751.3996587,1984614835.4535382,1987427250.03576,1990230483.4819984,1993024018.8917482,1995807334.5597095,1998579904.4517004,2001341198.7285414,2004090684.3216472,2006827825.564355,2009552084.8833776,2012262923.5551834,2014959802.532492,2017642183.346597,2020309529.0917315,2022961305.4982977,2025596982.1024566,2028216033.5203052,2030817940.8357205,2033402193.1118708,2035968289.0374844,2038515738.7201414,2041044065.6402125,2043552808.7806075,2046041524.9492316,2048509791.313021,2050957208.164686,2053383401.9458506,2055788028.5531864,2058170776.957528,2060531373.1697323,2062869584.5914855,2065185224.7942557,2067478158.7754345,2069748308.7473283,2071995660.522387,2074220270.5668988,2076422273.8056273,2078601892.2717292,2080759444.709971,2082895357.2572021,2085010175.3424594,2087104576.9705312,2089179387.5777328,2091235596.677686,2093274376.5487497,2095297103.2542357,2097305380.3327582,2099301065.5500493,2101286301.1668866,2103263548.2520213,2105235625.656179,2107205754.365771,2109177608.0757496,2111155370.963492,2113143803.8138828,2115148319.844852,2117175071.8184988,2119231052.3028986,2121324209.282501,2123463579.71138,2125659444.076446,2127923505.6028688,2130269098.4107244,2132711429.7437377,2135267862.367042,2137958244.4063728,2140805295.319883,2143835058.4095583,2147077432.3582268,2150566796.8027086,2154342750.0249877,2158450980.5873246,2162944299.309995,2167883863.5853243,2173340632.879442,2179397102.691967,2186149374.594343,2193709632.708982,2202209112.6930995,2211801668.6570296,2222668067.3463745,2235021168.4228997,2249112186.1132708,2265238272.4942484,2283751718.291588,2305071135.891558,2329695074.740045,2358218626.2550826,2391353711.10394,2429953918.2468877,2475045004.0378985,2527862501.5926337,2589898415.450054,2662959844.264671,2749243909.3066063,2851436234.3616056,2972845815.9066677,3117600479.4687524,3290951403.8604293,3499791482.28636,3753639312.4330163,4066784384.5572762,4463818189.610303,4996557236.792329,5803448090.21779,7333351860.791882,0.0
30380.0,15929474493.794004,15857780374.635435,15785651091.722073,15713084116.823273,15640076912.87086,15566626934.142809,15492731626.45497,15418388427.36131,15343594766.362667,15268348065.12442,15192645737.70343,15116485190.784245,15039863823.92511,14962779029.81404,14885228194.53509,14807208697.845276,14728717913.46241,14649753209.364264,14570311948.09916,14490391487.108604,14409989179.0622,1601275764.023282,1602983557.4564507,1604700114.91295,1606425490.9315486,1608159740.2150946,1609902917.624992,1611655078.1754606,1613416277.0275748,1615186569.4830873,1616966010.9780135,1618754657.0759828,1620552563.4613485,1622359785.9320447,1624176380.3921905,1626002402.8444319,1627837909.3820145,1629682956.1805766,1631537599.4896655,1633401895.6239564,1635275900.9541786,1637159671.8977318,1639053264.9089932,1640956736.4692986,1642870143.0765984,1644793541.2347705,1646726987.4425921,1648670538.182352,1650624249.9081004,1652588179.0335262,1654562381.9194505,1656546914.8609278,1658541834.0739477,1660547195.6817222,1662563055.7005503,1664589470.025258,1666626494.414183,1668674184.4737175,1670732595.6423817,1672801783.1744192,1674881802.122909,1676972707.3223786,1679074553.3709016,1681187394.6116798,1683311285.11408,1685446278.6541338,1687592428.6944666,1689749788.3636599,1691918410.435018,1694098347.304743,1696289650.9694834,1698492373.0032637,1700706564.5337646,1702932276.217941,1705169558.2169747,1707418460.1705308,1709679031.1703138,1711951319.7329001,1714235373.7718334,1716531240.5689743,1718838966.7450674,1721158598.229535,1723490180.2294555,1725833757.197729,1728189372.8003993,1730557069.8831172,1732936890.4367335,1735328875.5619917,1737733065.4333093,1740149499.26163,1742578215.25632,1745019250.5860925,1747472641.338944,1749938422.4810755,1752416627.8147843,1754907289.9352977,1757410440.1865401,1759926108.6157959,1762454323.9272673,1764995113.434481,1767548503.0115435,1770114517.0432105,1772693178.3737576,1775284508.2546117,1777888526.2907476,1780505250.3858056,1783134696.6859126,1785776879.5221906,1788431811.3519197,1791099502.698342,1793779962.089077,1796473195.993127,1799179208.75645,1801898002.536075,1804629577.232745,1807373930.422053,1810131057.2840524,1812900950.5313272,1815683600.3354886,1818478994.2520814,1821287117.1438823,1824107951.1025558,1826941475.3686652,1829787666.2500036,1832646497.0382266,1835517937.9237804,1838401955.909087,1841298514.7199843,1844207574.7153997,1847129092.795236,1850063022.3064568,1853009312.9473627,1855967910.670043,1858938757.5809815,1861921791.8398197,1864916947.5562618,1867924154.685113,1870943338.9194508,1873974421.5819178,1877017319.514143,1880071944.964283,1883138205.472698,1886216003.7557516,1889305237.5877564,1892405799.6810687,1895517577.5643475,1898640453.4589953,1901774304.1537998,1904919000.8778012,1908074409.1714144,1911240388.755833,1914416793.4007583,1917603470.7904856,1920800262.3884077,1924007003.299967,1927223522.1341324,1930449640.8634524,1933685174.6827528,1936929931.8665643,1940183713.625351,1943446313.9606338,1946717519.5191176,1949997109.4459026,1953284855.2369208,1956580520.590712,1959883861.2596648,1963194624.9008763,1966512550.926785,1969837370.3557446,1973168805.6626954,1976506570.6301641,1979850370.1997585,1983199900.3243923,1986554847.821475,1989914890.2273011,1993279695.6529245,1996648922.6417742,2000022220.0293317,2003399226.805175,2006779571.9777367,2010162874.4421308,2013548742.8514242,2016936775.4917674,2020326560.1618094,2023717674.0568457,2027109683.6581864,2030502144.6282523,2033894601.7119472,2037286588.644858,2040677628.0689166,2044067231.4561448,2047454899.041171,2050840119.7632415,2054222371.2184918,2057601119.623286,2060975819.7894979,2064345915.1126392,2067710837.573826,2071070007.756615,2074422834.8798337,2077768716.8475842,2081107040.3177104,2084437180.7900941,2087758502.716257,2091070359.6318765,2094372094.31394,2097663038.9644127,2100942515.4225016,2104209835.4077206,2107464300.796279,2110705203.9334846,2113931827.9852004,2117143447.3317208,2120339328.0078242,2123518728.193218,2126680898.7581217,2129825083.8693826,2132950521.6631835,2136056444.9913306,2139142082.249043,2142206658.2933586,2145249395.4626477,2148269514.7093253,2151266236.859765,2154238784.0176396,2157186381.129557,2160108257.734961,2163003649.925934,2165871802.5468645,2168711971.6690407,2171523427.3812695,2174305456.944773,2177057368.3690133,2179778494.4751043,2182468197.5252666,2185125874.5107784,2187750963.2074456,2190342949.1272497,2192901373.51815,2195425842.5916734,2197916038.19076,2200371730.1493793,2202792790.64187,2205179210.875217,2207531120.5433297,2209848810.540933,2212132759.5284195,2214383665.051032,2216602480.0498323,2218790455.7624493,2220949192.204223,2223080697.651758,2225187458.829174,2227272523.832706,2229339600.2339444,2231393171.291194,2233438633.790764,2235482461.758691,2237532401.1569037,2239597701.741705,2241689393.5607276,2243820617.1520743,2246007018.454722,2248267221.8280835,2250623397.5180173,2253101943.5310736,2255734306.3570395,2258557970.523889,2261617653.8454113,2264966753.76484,2268669100.8277593,2272801088.5608144,2277454265.546324,2282738496.08342,2288785821.520606,2295755186.361117,2303838233.0569534,2313266418.7526474,2324319768.0824895,2337337650.5801835,2352732061.3992558,2371003991.5303974,2392763599.172726,2418755035.9824166,2449886935.6845975,2487269727.3920774,2532261072.1661882,2586520802.9191957,2652076702.659861,2731402109.1911526,2827505174.1665497,2944025991.4648046,3085326394.958517,3256520883.2287073,3463282878.5072837,3710910166.7579517,4001069862.0973907,4321047761.303617,4600671009.029393,4364219012.581158,0.0
30370.0,14241617090.734478,14167747626.407824,14093453091.21222,14018731212.384418,13943579712.4027,13867996309.230652,13791978716.569878,13715524644.121828,13638631797.859035,13561297880.306202,13483520590.83104,13405297625.94551,13326626679.617504,13247505443.593378,13167931607.73167,13087902860.348131,13007416888.572582,12926471378.717842,12845064016.661053,12763192488.23779,12680854479.649197,1627380778.1756077,1629182609.6019077,1630994034.7055926,1632815118.0450854,1634645924.4773448,1636486519.1541736,1638336967.5183358,1640197335.2994769,1642067688.5098405,1643948093.439782,1645838616.6530623,1647739324.9819264,1649650285.521954,1651571565.6266735,1653503232.9019454,1655445355.2000897,1657398000.613768,1659361237.4695983,1661335134.3215096,1663319759.9438155,1665315183.3240066,1667321473.6552544,1669338700.328614,1671366932.924922,1673406241.2063758,1675456695.1077924,1677518364.727532,1679591320.3180804,1681675632.2762823,1683771371.1332073,1685878607.5436525,1687997412.2752626,1690127856.1972566,1692270010.268752,1694423945.5266876,1696589733.07331,1698767444.0632315,1700957149.6900473,1703158921.1724858,1705372829.7400987,1707598946.6184607,1709837343.013882,1712088090.097612,1714351258.9895191,1716626920.7412407,1718915146.3187833,1721216006.5845635,1723529572.2788668,1725855914.0007267,1728195102.1881835,1730547207.0979347,1732912298.7843413,1735290447.077782,1737681721.562338,1740086191.552795,1742503926.0709333,1744934993.8211079,1747379463.1650777,1749837402.0960882,1752308878.2121704,1754793958.6886477,1757292710.2498307,1759805199.1398726,1762331491.092771,1764871651.3014984,1767425744.386232,1769993834.3616664,1772575984.6033833,1775172257.813269,1777782715.9839282,1780407420.3621116,1783046431.411086,1785699808.7719736,1788367611.2239842,1791049896.643561,1793746721.962383,1796458143.1242144,1799184215.0405588,1801924991.5451186,1804680525.3469949,1807450867.9826374,1810236069.7664816,1813036179.740275,1815851245.6210341,1818681313.7476351,1821526429.025963,1824386634.872639,1827261973.1572566,1830152484.1431077,1833058206.4263694,1835979176.8737144,1838915430.5583096,1841867000.6941748,1844833918.5688589,1847816213.4744089,1850813912.6365833,1853827041.1422935,1856855621.8652065,1859899675.389505,1862959219.9317513,1866034271.2608073,1869124842.6158,1872230944.6220608,1875352585.2050314,1878489769.5020719,1881642499.772147,1884810775.3033407,1887994592.3181634,1891193943.8766148,1894408819.776948,1897639206.4541109,1900885086.8758047,1904146440.436137,1907423242.846807,1910715466.0257978,1914023077.9835227,1917346042.7063868,1920684320.037713,1924037865.55601,1927406630.4505098,1930790561.3939514,1934189600.4125695,1937603684.753225,1941032746.7476554,1944476713.6737852,1947935507.6140661,1951409045.3107944,1954897238.0183616,1958399991.352402,1961917205.1357896,1965448773.2414403,1968994583.4318752,1972554517.195507,1976128449.579603,1979716249.0198731,1983317777.1666665,1986932888.7076893,1990561431.1872478,1994203244.8219442,1997858162.3127785,2001526008.6536362,2005206600.9360893,2008899748.1504893,2012605250.9832838,2016322901.6105218,2020052483.4874988,2023793771.134485,2027546529.9184852,2031310515.8309793,2035085475.26158,2038871144.7675464,2042667250.8390965,2046473509.6604366,2050289626.866436,2054115297.2948732,2057950204.734157,2061794021.666422,2065646409.005903,2069507015.8324676,2073375479.120171,2077251423.4607,2081134460.7815397,2085024190.0586913,2088920197.023742,2092822053.8650699,2096729318.9229355,2100641536.3781893,2104558235.9342873,2108478932.4922798,2112403125.818378,2116330300.2036834,2120259924.1156,2124191449.8403955,2128124313.1163087,2132057932.756558,2135991710.2614875,2139925029.4190497,2143857255.8926828,2147787736.7955823,2151715800.250222,2155640754.931867,2159561889.59468,2163478472.5788884,2167389751.297286,2171294951.6991987,2175193277.7098145,2179083910.642614,2182966008.582341,2186838705.735802,2190701111.747404,2194552310.9761796,2198391361.730638,2202217295.457542,2206029115.880334,2209825798.0825763,2213606287.5314555,2217369499.0359645,2221114315.634034,2224839587.4025135,2228544130.1834974,2232226724.2201977,2235886112.6952004,2239521000.1637244,2243130050.8742886,2246711886.9691277,2250265086.556728,2253788181.649099,2257279655.956838,2260737942.5358057,2264161421.2803397,2267548416.2595115,2270897192.895125,2274205954.983019,2277472841.5630326,2280695923.647912,2283873200.8276834,2287002597.7739954,2290081960.6789055,2293109053.6752076,2296081555.300949,2298997055.09028,2301853050.39681,2304646943.585331,2307376039.7643957,2310037545.2772737,2312628567.2241435,2315146114.3563266,2317587099.7667227,2319948345.902829,2322226592.554081,2324418508.618986,2326520708.646101,2328529775.3744254,2330442289.7830496,2332254870.5095253,2333964224.9265447,2335567214.696592,2337060939.278209,2338442841.6655407,2339710841.6428523,2340863503.075347,2341900243.2970247,2342821594.5714555,2343629529.988469,2344327869.1406465,2344922782.6530404,2345423419.314177,2345842685.4260263,2346198213.372248,2346513565.7003784,2346819732.7333393,2347156996.510094,2347577252.505522,2348146904.08659,2348950474.22961,2350095116.0756445,2351716250.048586,2353984612.1823835,2357115067.4683523,2361377624.1099157,2367111178.282025,2374740618.9453974,2384798014.962297,2397948663.2763352,2415022739.419833,2437053047.8973904,2465318703.068142,2501393051.603729,2547190880.9399157,2605002929.001782,2677489924.9771357,2767570254.7249413,2878034847.5181823,3010435315.189508,3161911714.951006,3315789383.998227,3412088387.9904375,3247517397.7424126,2099879985.8793828,0.0
30360.0,12616461900.956371,12540789182.645603,12464703498.50302,12388202835.583311,12311285180.049316,12233948517.468056,12156190833.116253,12078010112.295769,11999404340.65874,11920371504.543291,11840909591.319475,11761016589.746264,11680690490.33945,11599929285.751034,11518730971.160276,11437093544.676653,11355015007.755152,11272493365.624264,11189526627.726734,11106112808.173813,11022249926.21291,1652198199.32111,1654087985.034632,1655988154.7253108,1657898782.7503097,1659819943.9004734,1661751713.3985496,1663694166.8972282,1665647380.4770222,1667611430.6439643,1669586394.3271263,1671572348.8759418,1673569372.057342,1675577542.0526881,1677596937.4544928,1679627637.2629356,1681669720.8821497,1683723268.1162899,1685788359.1653566,1687865074.6207886,1689953495.4607995,1692053703.0454612,1694165779.11152,1696289805.7669458,1698425865.4851937,1700574041.0991828,1702734415.7949717,1704907073.105134,1707092096.9018075,1709289571.3894315,1711499581.097139,1713722210.8708048,1715957545.8647473,1718205671.5330544,1720466673.6205375,1722740638.1533022,1725027651.4289143,1727327800.0061593,1729641170.694381,1731967850.5423853,1734307926.8268955,1736661487.0405524,1739028618.87944,1741409410.2301276,1743803949.1562054,1746212323.8843195,1748634622.7896674,1751070934.3809528,1753521347.2847881,1755985950.229517,1758464832.0284472,1760958081.5624843,1763465787.7621317,1765988039.5888577,1768524926.0158024,1771076536.0078092,1773642958.5007584,1776224282.380191,1778820596.459197,1781431989.4555495,1784058549.9680665,1786700366.4521773,1789357527.1946685,1792030120.287603,1794718233.6013594,1797421954.7568064,1800141371.096554,1802876569.6552818,1805627637.1291046,1808394659.8439567,1811177723.7229707,1813976914.252814,1816792316.448965,1819624014.8199046,1822472093.3301747,1825336635.3623,1828217723.677518,1831115440.375317,1834029866.8517075,1836961083.7562425,1839909170.947712,1842874207.4485135,1845856271.397631,1848855440.002207,1851871789.4876776,1854905395.0464044,1857956330.7847948,1861024669.66886,1864110483.4681644,1867213842.6981382,1870334816.5607016,1873473472.8831582,1876629878.0553312,1879804096.9648619,1882996192.930664,1886206227.6344595,1889434261.0503602,1892680351.3724396,1895944554.9402568,1899226926.1622562,1902527517.4370248,1905846379.0723166,1909183559.201819,1912539103.6995873,1915913056.0920947,1919305457.4678288,1922716346.3844028,1926145758.773077,1929593727.840662,1933060283.9687197,1936545454.610001,1940049264.1820478,1943571733.9578986,1947112881.9538069,1950672722.8139226,1954251267.6918337,1957848524.1289148,1961464495.9293823,1965099183.031992,1968752581.378271,1972424682.7772272,1976115474.7664144,1979824940.4692895,1983553058.4487433,1987299802.556724,1991065141.7798495,1994849040.0808845,1998651456.2360134,2002472343.6677573,2006311650.2734518,2010169318.2491424,2014045283.908797,2017939477.4986842,2021851823.0068038,2025782237.9672272,2029730633.2591913,2033696912.9008152,2037680973.8372755,2041682705.7232676,2045701990.6996083,2049738703.1637688,2053792709.5341809,2057863868.0081074,2061952028.312855,2066057031.4501545,2070178709.4334288,2074316885.0177467,2078471371.4221869,2082641972.0443418,2086828480.16668,2091030678.6544642,2095248339.6448798,2099481224.2270594,2103729082.1125956,2107991651.2961802,2112268657.7059145,2116559814.8428688,2120864823.4093668,2125183370.925498,2129515131.3332715,2133859764.587816,2138216916.2349534,2142586216.9744413,2146967282.208108,2151359711.5720425,2155763088.4519396,2160176979.4805984,2164600934.0165195,2169034483.6024246,2173477141.40243,2177928401.616486,2182387738.8705845,2186854607.5810666,2191328441.2912436,2195808651.9783535,2200294629.328708,2204785739.978657,2209281326.7187996,2213780707.6586165,2218283175.3484077,2222787995.855145,2227294407.788518,2231801621.2730618,2236308816.8618903,2240815144.3871,2245319721.7414293,2249821633.5852203,2254319929.9721713,2258813624.886681,2263301694.6849174,2267783076.4309497,2272256666.1184273,2276721316.767362,2281175836.384532,2285618985.774907,2290049476.1902475,2294465966.799702,2298867061.965716,2303251308.3069677,2307617191.528286,2311963132.9955583,2316287486.031554,2320588531.9063206,2324864475.4932866,2329113440.5595813,2333333464.6561327,2337522493.5699987,2341678375.2980013,2345798853.497139,2349881560.363367,2353924008.886267,2357923584.422748,2361877535.528347,2365782963.97998,2369636813.918971,2373435860.038203,2377176694.73212,2380855714.123248,2384469102.874084,2388012817.688685,2391482569.404392,2394873803.571038,2398181679.4132085,2401401047.07096,2404526423.016607,2407551963.5503516,2410471436.286802,2413278189.558759,2415965119.6858177,2418524636.0850444,2420948624.241774,2423228406.613408,2425354701.6118574,2427317580.905774,2429106425.408109,2430709880.4755588,2432115811.0539484,2433311257.770055,2434282395.311643,2435014494.8738275,2435491893.0071206,2435697969.913619,2435615141.145141,2435224867.814868,2434507691.912035,2433443305.1970763,2432010662.5680785,2430188153.877491,2427953852.1329947,2425285861.0862336,2422162791.7167177,2418564405.4651575,2414472472.783632,2409871909.3117313,2404752269.5863185,2399109700.6631966,2392949486.5753717,2386289350.52309,2379163726.4348254,2371629266.0633044,2363771912.0210233,2355715938.504378,2347635431.885846,2339768733.989443,2332436361.6914954,2326062767.0969286,2321201855.879676,2318565134.6076255,2319049126.5753374,2323754133.1491346,2333977187.096583,2351143058.636405,2376596234.3141413,2411080985.355478,2453486341.256687,2497698589.5812593,2524054511.989239,2474266933.079716,2179361076.283653,1296734800.1929355,0.0
30350.0,11055577014.319157,10978462198.105074,10900948303.278189,10823033577.689669,10744716271.90823,10665994639.560236,10586866937.679628,10507331427.068169,10427386372.66561,10347030043.930807,10266260715.233564,10185076666.257484,10103476182.414433,10021457555.270456,9939019082.98384,9856159070.755337,9772875831.29094,9689167685.277603,9605032961.872017,9520469999.203085,9435477144.888004,1675661138.9336984,1677632247.1433992,1679614484.0576053,1681607933.5293472,1683612679.9800315,1685628808.3996181,1687656404.34666,1689695553.948194,1691746343.8994875,1693808861.4636211,1695883194.4709253,1697969431.3182304,1700067660.96796,1702177972.9470406,1704300457.345624,1706435204.8156152,1708582306.569016,1710741854.376043,1712913940.5630515,1715098658.0102282,1717296100.1490626,1719506360.9595819,1721729534.9673429,1723965717.2401748,1726215003.3846593,1728477489.5423486,1730753272.385699,1733042449.1137283,1735345117.4473677,1737661375.624518,1739991322.3947818,1742335057.0138838,1744692679.2377405,1747064289.3161955,1749449987.9863884,1751849876.465764,1754264056.4446964,1756692630.0787158,1759135699.9803395,1761593369.2104812,1764065741.2694252,1766552920.0873647,1769055010.0144749,1771572115.8105159,1774104342.633953,1776651796.0305653,1779214581.9215472,1781792806.5910678,1784386576.6732879,1786995999.138804,1789621181.2805128,1792262230.6988714,1794919255.286539,1797592363.2123795,1800281662.904809,1802987263.0344548,1805709272.4961379,1808447800.3901067,1811202956.0025597,1813974848.7853847,1816763588.3351235,1819569284.3711238,1822392046.7128577,1825231985.2563856,1828089209.949935,1830963830.7685742,1833855957.6879444,1836765700.6570337,1839693169.569957,1842638474.2367182,1845601724.3529227,1848583029.468399,1851582498.9547257,1854600241.9715948,1857636367.4320123,1860690983.9662733,1863764199.8847013,1866856123.1390889,1869966861.282839,1873096521.4297185,1876245210.2112398,1879413033.7325869,1882600097.5270638,1885806506.5090227,1889032364.925224,1892277776.304577,1895542843.4062345,1898827668.1659634,1902132351.6407769,1905456993.951743,1908801694.2249455,1912166550.5305305,1915551659.8197818,1918957117.8601735,1922383019.16834,1925829456.9409037,1929296522.9831016,1932784307.635128,1936292899.6961694,1939822386.3460097,1943372853.0641851,1946944383.546585,1950537059.6194375,1954150961.1506035,1957786165.9581008,1961442749.7157652,1965120785.85599,1968820345.4694266,1972541497.2015884,1976284307.146233,1980048838.735465,1983835152.626419,1987643306.5844665,1991473355.3628018,1995325350.5783215,1999199340.583679,2003095370.3353987,2007013481.2579284,2010953711.1034958,2014916093.8076725,2018900659.3404546,2022907433.5527883,2026936438.018332,2030987689.870354,2035061201.63358,2039156981.0508378,2043275030.904331,2047415348.8313675,2051577927.1343415,2055762752.584811,2059969806.221434,2064199063.1415756,2068450492.2863665,2072724056.2189736,2077019710.8958526,2081337405.430727,2085677081.851029,2090038674.8465226,2094422111.5098352,2098827311.0685556,2103254184.6086164,2107702634.7885873,2112172555.54454,2116663831.7850928,2121176339.0762448,2125709943.3155599,2130264500.3952594,2134839855.8537455,2139435844.515039,2144052290.1155953,2148689004.917932,2153345789.3104324,2158022431.3926935,2162718706.545703,2167434376.98611,2172169191.3037796,2176922883.9817758,2181695174.897857,2186485768.806498,2191294354.800357,2196120605.75008,2200964177.7211747,2205824709.366654,2210701821.2939973,2215595115.4049025,2220504174.206126,2225428560.0896373,2230367814.5800776,2235321457.5474486,2240288986.382675,2245269875.133557,2250263573.598378,2255269506.3742094,2260287071.8566537,2265315641.187549,2270354557.1467514,2275403132.9838443,2280460651.185164,2285526362.1711698,2290599482.9186807,2295679195.501998,2300764645.546364,2305854940.586585,2310949148.3229604,2316046294.7658854,2321145362.259678,2326245287.375222,2331344958.6600513,2336443214.2332973,2341538839.2117615,2346630562.951914,2351717056.0911794,2356796927.3701215,2361868720.2153387,2366930909.0608068,2371981895.3831186,2377020003.4236274,2382043475.5676556,2387050467.347924,2392039042.035957,2397007164.781459,2401952696.2555423,2406873385.7491107,2411766863.672633,2416630633.3979683,2421462062.3767247,2426258372.4628,2431016629.3592315,2435733731.101162,2440406395.4774837,2445031146.2836776,2449604298.2870603,2454121940.773408,2458579919.530235,2462973817.107112,2467298931.1768274,2471550250.803134,2475722430.4008226,2479809761.15206,2483806139.618881,2487705033.265518,2491499442.575528,2495181859.417425,2498744221.2784047,2502177860.9488816,2505473451.200499,2508620943.957256,2511609503.413215,2514427432.501032,2517062092.0634828,2519499812.0256987,2521725793.8093204,2523724003.172518,2525477052.602747,2526966072.3345404,2528170569.014941,2529068270.9984016,2529634959.2261343,2529844282.639129,2529667557.0989738,2529073546.8592196,2528028227.759861,2526494531.532224,2524432070.932872,2521796845.9157257,2518540931.758671,2514612151.0609674,2509953732.923495,2504503964.5519576,2498195843.166439,2490956739.7013426,2482708090.6583548,2473365141.051714,2462836770.20404,2451025443.9045606,2437827351.984226,2423132810.6956177,2406827035.4752626,2388791422.605873,2368905518.1635895,2347049897.7255187,2323110224.6643553,2296982783.5621142,2268581765.4266663,2237848444.953349,2204762002.1162915,2169350841.792302,2131701373.2202175,2091957458.4286582,2050296644.9370184,2006856547.8350434,1961563304.374213,1913781516.7945964,1861663982.224518,1801042412.585664,1723684099.9687662,1614950743.8655915,1456418449.9596226,1309445440.2519934,0.0
30340.0,9560209661.893686,9482001350.059338,9403409397.73368,9324432311.393532,9245068603.54808,9165316793.11457,9085175405.803888,9004642974.516575,8923718039.749023,8842399150.010544,8760684862.25135,8678573742.3017,8596064365.322496,8513155316.267658,8429845190.358436,8346132593.570097,8262016143.131031,8177494468.034822,8092566209.565392,8007230021.835691,7921484572.34006,1697706958.9251568,1699752238.9206243,1701809340.7785063,1703878357.46418,1705959382.644474,1708052510.6898608,1710157836.6765199,1712275456.3882966,1714405466.3185408,1716547963.6718142,1718703046.3654704,1720870813.0310993,1723051363.015824,1725244796.3834584,1727451213.915501,1729670717.111977,1731903408.1921077,1734149390.09481,1736408766.4790134,1738681641.7237937,1740968120.928307,1743268309.9115257,1745582315.2117643,1747910244.0859876,1750252204.5088906,1752608305.1717494,1754978655.4810247,1757363365.556714,1759762546.2304468,1762176309.0433035,1764604766.2433577,1767048030.7829273,1769506216.3155231,1771979437.1924872,1774467808.4593089,1776971445.8516037,1779490465.790748,1782024985.3791595,1784575122.3951988,1787140995.2876942,1789722723.1700673,1792320425.8140478,1794934223.6429625,1797564237.724593,1800210589.763565,1802873402.0932856,1805552797.6673777,1808248900.0506287,1810961833.409409,1813691722.5015612,1816438692.6657314,1819202869.8101351,1821984380.400723,1824783351.4487405,1827599910.4976592,1830434185.6094537,1833286305.3502026,1836156398.775002,1839044595.4121537,1841951025.2466154,1844875818.7026887,1847819106.625912,1850781020.264139,1853761691.2477784,1856761251.569161,1859779833.5610082,1862817569.8739839,1865874593.4532728,1868951037.5141945,1872047035.51678,1875162721.139309,1878298228.2507582,1881453690.8821363,1884629243.1966538,1887825019.4587173,1891041154.001677,1894277781.1943202,1897535035.406054,1900813050.9707294,1904111962.1490784,1907431903.0897226,1910773007.788683,1914135410.0473688,1917519243.4289918,1920924641.213346,1924351736.3499098,1927800661.4092155,1931271548.5324335,1934764529.3791065,1938279735.0729835,1941817296.1458907,1945377342.4795759,1948960003.2454586,1952565406.8422306,1956193680.8312225,1959844951.8694756,1963519345.6404457,1967216986.7822576,1970937998.8134341,1974682504.05602,1978450623.556013,1982242477.001021,1986058182.6350522,1989897857.170335,1993761615.6960974,1997649571.584176,2001561836.3913713,2005498519.7584352,2009459729.3055804,2013445570.5243945,2017456146.6660442,2021491558.6256406,2025551904.8226454,2029637281.0771642,2033747780.4820259,2037883493.2704532,2042044506.6792285,2046230904.8071532,2050442768.468669,2054680175.0424592,2058943198.314856,2063231908.3178768,2067546371.1616833,2071886648.861289,2076252799.1572835,2080644875.3303707,2085062926.0094924,2089506994.9732955,2093977120.944704,2098473337.3783245,2102995672.2404332,2107544147.7812335,2112118780.2991154,2116719579.8965716,2121346550.2274828,2125999688.2353826,2130678983.8823702,2135384419.8682756,2140115971.3396842,2144873605.588378,2149657281.7387724,2154466950.423851,2159302553.4491115,2164164023.444007,2169051283.5002847,2173964246.7966814,2178902816.2093043,2183866883.907058,2188856330.9313946,2193871026.7596493,2198910828.851142,2203975582.175213,2209065118.7202654,2214179256.9828577,2219317801.435807,2224480541.9741917,2229667253.338067,2234877694.510641,2240111608.0905294,2245368719.6366405,2250648736.9841213,2255951349.5296836,2261276227.4844866,2266623021.0926285,2271991359.8131523,2277380851.463272,2282791081.3203874,2288221611.180223,2293671978.3682356,2299141694.7011647,2304630245.3953824,2310137087.918384,2315661650.779436,2321203332.25512,2326761499.045037,2332335484.8526254,2337924588.885501,2343528074.269296,2349145166.368387,2354775051.006303,2360416872.5779443,2366069732.0449963,2371732684.8051376,2377404738.4246984,2383084850.2234826,2388771924.699361,2394464810.7790227,2400162298.879954,2405863117.767234,2411565931.187095,2417269334.257403,2422971849.5931797,2428671923.1431136,2434367919.7104883,2440058118.129265,2445740706.062998,2451413774.390921,2457075311.1417603,2462723194.931699,2468355187.8582964,2473968927.7969933,2479561920.041149,2485131528.220126,2490674964.422908,2496189278.446767,2501671346.081688,2507117856.331466,2512525297.461339,2517889941.7498283,2523207828.808754,2528474747.32007,2533686215.021129,2538837456.7508016,2543923380.3475018,2548938550.1662216,2553877157.954783,2558732990.7994747,2563499395.8164005,2568169241.227046,2572734873.413923,2577188069.504338,2581519984.976447,2585721095.7211742,2589781133.925242,2593689017.0634847,2597432769.201706,2600999433.71297,2604374976.3991027,2607544177.883239,2610490513.9965496,2613196022.7203956,2615641156.061055,2617804615.0250964,2619663165.6251235,2621191433.574248,2622361675.0179057,2623143520.298173,2623503687.3417716,2623405660.80143,2622809332.5525174,2621670598.54375,2619940906.3118987,2617566746.684416,2614489082.2990413,2610642704.5535436,2605955509.4502926,2600347681.5099044,2593730773.490222,2586006668.0629745,2577066405.884939,2566788862.686228,2555039256.1494923,2541667461.5793324,2526506113.8375154,2509368472.019673,2490046023.2798667,2468305803.6554775,2443887417.5082655,2416499744.307712,2385817333.1125627,2351476502.25683,2313071184.4110875,2270148582.4312215,2222204719.2743783,2168679950.701753,2108954407.5081651,2042343035.6928644,1968089216.9979908,1885354611.1480007,1793200734.7949548,1690555955.0023763,1576166501.6401966,1448568764.593321,1306292085.59883,1149152982.5679371,983785060.7290835,843995252.8301568,856274037.4618033,1326790249.9469194,0.0
30330.0,8131296691.960636,8052329514.833595,7972995456.376581,7893293276.626378,7813221744.642428,7732779638.909432,7651965747.749846,7570778869.746668,7489217814.176382,7407281401.452631,7324968463.580629,7242277844.622702,7159208401.175041,7075759002.856062,6991928532.80653,6907715888.201799,6823119980.776209,6738139737.360271,6652774100.430525,6567022028.672674,6480882497.558001,1718277640.750426,1720389456.0201044,1722513729.0153925,1724650561.3518558,1726800055.4768243,1728962314.673612,1731137443.0656443,1733325545.6205072,1735526728.1539068,1737741097.3335354,1739968760.682835,1742209826.5846639,1744464404.2848415,1746732603.8955948,1749014536.398872,1751310313.6495318,1753620048.378407,1755943854.1952193,1758281845.5913582,1760634137.9425018,1763000847.5110831,1765382091.4485872,1767777987.7976751,1770188655.4941313,1772614214.3686175,1775054785.1482294,1777510489.4578555,1779981449.8213081,1782467789.6622465,1784969633.304858,1787487105.9742978,1790020333.796883,1792569443.80002,1795134563.9118552,1797715822.9606538,1800313350.673871,1802927277.676927,1805557735.4916587,1808204856.5344367,1810868774.1139522,1813549622.4286287,1816247536.5636783,1818962652.4877644,1821695107.0492706,1824445037.9721527,1827212583.8513603,1829997884.1478148,1832801079.1829228,1835622310.1326108,1838461719.0208652,1841319448.7127545,1844195642.9069128,1847090446.1274822,1850004003.715467,1852936461.8195052,1855887967.3860178,1858858668.1487198,1861848712.6174753,1864858250.0664647,1867887430.521645,1870936404.7474732,1874005324.2328734,1877094341.1764193,1880203608.4706984,1883333279.6858315,1886483509.0521297,1889654451.4418392,1892846262.3499537,1896059097.8740666,1899293114.6932154,1902548470.0456915,1905825321.7057872,1909123827.959425,1912444147.5786467,1915786439.7949114,1919150864.2711759,1922537581.0726979,1925946750.6365266,1929378533.7396436,1932833091.4656904,1936310585.1702466,1939811176.4446096,1943335027.0780115,1946882299.0182376,1950453154.3305738,1954047755.155041,1957666263.6618488,1961308842.0050027,1964975652.2740211,1968666856.4436717,1972382616.3216724,1976123093.4942982,1979888449.2697895,1983678844.619523,1987494440.1168394,1991335395.873464,1995201871.4734256,1999094025.9043963,2003012017.4863563,2006956003.7974892,2010926141.597222,2014922586.7462926,2018945494.123756,2022995017.540814,2027071309.6513548,2031174521.8590949,2035304804.2211921,2039462305.3482096,2043647172.3003006,2047859550.4794786,2052099583.5178304,2056367413.161523,2060663179.1504617,2064987019.0934258,2069339068.3385344,2073719459.8388507,2078128324.0129633,2082565788.6003509,2087031978.5113208,2091527015.6713512,2096051018.8595917,2100604103.5413222,2105186381.694122,2109797961.62753,2114438947.7959158,2119109440.604323,2123809536.2069848,2128539326.298249,2133298897.8955781,2138088333.11433,2142907708.9339812,2147757096.955431,2152636563.149032,2157546167.59296,2162485964.2015014,2167456000.442863,2172456317.046016,2177486947.696129,2182547918.718087,2187639248.747564,2192760948.3890886,2197913019.860536,2203095456.623413,2208308242.9982767,2213551353.764611,2218824753.744408,2224128397.3686924,2229462228.2261457,2234826178.5929775,2240220168.943085,2245644107.4375377,2251097889.392311,2256581396.7231665,2262094497.3664722,2267637044.674685,2273208876.7851415,2278809815.9607024,2284439667.900688,2290098221.020438,2295785245.697725,2301500493.484091,2307243696.2790656,2313014565.4650583,2318812791.0005465,2324638040.4690166,2330489958.080915,2336368163.6256266,2342272251.3703127,2348201788.9021387,2354156315.910163,2360135342.9028764,2366138349.8569884,2372164784.792758,2378214062.27072,2384285561.8042417,2390378626.181847,2396492559.6927357,2402626626.248319,2408780047.391976,2414952000.1885085,2421141614.9840136,2427347973.026034,2433570103.932884,2439806983.0000367,2446057528.330282,2452320597.7731056,2458594985.6573267,2464879419.2994814,2471172555.2687016,2477472975.3869367,2483779182.441254,2490089595.5825663,2496402545.382569,2502716268.5177326,2509028902.0459795,2515338477.2380714,2521642912.9217734,2527940008.292327,2534227435.137905,2540502729.4230733,2546763282.167176,2553006329.547611,2559228942.150275,2565428013.2807508,2571600246.2402506,2577742140.4593887,2583849976.3707805,2589919798.8878293,2595947399.3417873,2601928295.711986,2607857710.964813,2613730549.295332,2619541370.040906,2625284359.008647,2630953296.927349,2636541524.699448,2642041905.08877,2647446780.434871,2652747925.9338155,2657936497.9674025,2663002976.897245,2667937103.665389,2672727809.4581923,2677363137.5932045,2681830156.678039,2686114863.9636106,2690202077.668915,2694075316.887949,2697716667.4978075,2701106632.2661834,2704223963.1017623,2707045473.0960894,2709545825.6637387,2711697297.690442,2713469513.1363087,2714829143.0012903,2715739566.9283266,2716160490.9785104,2716047515.241379,2715351643.916496,2714018729.2894244,2711988839.5885563,2709195539.0045004,2705565066.1260915,2701015394.631066,2695455157.1853867,2688782410.057758,2680883211.830271,2671629984.646547,2660879620.5247693,2648471288.189603,2634223887.4349113,2617933087.9919987,2599367878.016967,2578266533.4259777,2554331903.285942,2527225888.387443,2496562970.430298,2461902629.0436835,2422740465.3855186,2378497838.463388,2328509820.8220534,2272011305.9763074,2208121170.681368,2135824542.3876894,2053953496.410611,1961166991.903315,1855931703.9964263,1736506958.6423094,1600940130.4370422,1447086414.4250326,1272688133.4722545,1075615809.099005,854599035.8491294,611559445.0227702,359386891.50611526,147995639.7782271,145097517.61433905,822287879.5281293,0.0
30320.0,6769476407.236922,6690069805.326324,6610314176.352641,6530208526.231756,6449751872.545409,6368943244.962202,6287781685.668316,6206266249.808187,6124396005.935095,6042170036.472123,5959587438.183652,5876647322.657453,5793348816.797832,5709691063.329755,5625673221.314562,5541294466.677081,5456553992.744755,5371451010.798693,5285984750.637166,5200154461.151645,5113959410.91561,1737320132.6269617,1739490397.7293477,1741673693.7208986,1743870130.3292792,1746079818.2403216,1748302869.1042824,1750539395.5420368,1752789511.1512353,1755053330.512398,1757330969.1949468,1759622543.7631764,1761928171.7821543,1764247971.8235471,1766582063.471364,1768930567.327622,1771293605.0179157,1773671299.1968904,1776063773.5536213,1778471152.8168764,1780893562.76027,1783331130.2072968,1785783983.0362353,1788252250.1849194,1790736061.655372,1793235548.5182827,1795750842.917336,1798282078.0733707,1800829388.2883704,1803392908.9492688,1805972776.5315683,1808569128.602757,1811182103.8255181,1813811841.9607234,1816458483.8701885,1819122171.519199,1821803047.9787838,1824501257.4277208,1827216945.1542783,1829950257.5576608,1832701342.1491675,1835470347.553029,1838257423.5069294,1841062720.862182,1843886391.5835562,1846728588.748737,1849589466.5473995,1852469180.2798853,1855367886.3554628,1858285742.2901554,1861222906.7041209,1864179539.3185577,1867155800.9521294,1870151853.516878,1873167860.013611,1876203984.5267427,1879260392.2185612,1882337249.3229065,1885434723.1382318,1888552982.0200255,1891692195.372569,1894852533.640005,1898034168.296686,1901237271.8367825,1904462017.7631192,1907708580.5752008,1910977135.7564204,1914267859.7603838,1917580929.9963574,1920916524.8137672,1924274823.4857478,1927656006.1916738,1931060253.9986694,1934487748.842021,1937938673.5044878,1941413211.5944357,1944911547.5227869,1948433866.478703,1951980354.4039881,1955551197.9661381,1959146584.5300074,1962766702.1280277,1966411739.428934,1970081885.704928,1973777330.7972503,1977498265.08007,1981244879.4226515,1985017365.1497242,1988815913.9999957,1992640718.0827398,1996491969.832376,2000369861.960989,2004274587.4086914,2008206339.2917604,2012165310.8484645,2016151695.3824947,2020165686.2039135,2024207476.5675232,2028277259.6085691,2032375228.2756646,2036501575.2608483,2040656492.9266605,2044840173.2301245,2049052807.6435223,2053294587.0718408,2057565701.766772,2061866341.237122,2066196694.1555085,2070556948.2611961,2074947290.2589312,2079367905.7136161,2083818978.9406667,2088300692.8918939,2092813229.0367231,2097356767.23859,2101931485.6263056,2106537560.460213,2111175165.9929209,2115844474.3244007,2120545655.251238,2125278876.1097836,2130044301.6129913,2134842093.680657,2139672411.2628186,2144535410.1560287,2149431242.812211,2154360058.1397986,2159322001.2968373,2164317213.4757085,2169345831.679147,2174407988.4871554,2179503811.8144646,2184633424.6581,2189796944.834669,2194994484.70688,2200226150.8988667,2205492043.9997973,2210792258.255259,2216126881.2458596,2221495993.552503,2226899668.407679,2232337971.3321795,2237810959.756524,2243318682.626407,2248861179.991393,2254438482.576068,2260050611.3328094,2265697576.9752502,2271379379.4915347,2277096007.636307,2282847438.4003954,2288633636.45706,2294454553.583567,2300310128.056844,2306200284.0218163,2312124930.830991,2318083962.353729,2324077256.253552,2330104673.2317057,2336166056.23511,2342261229.6266513,2348389998.3156834,2354552146.846383,2360747438.441517,2366975613.998911,2373236391.037799,2379529462.591945,2385854496.046236,2392211131.9131837,2398598982.54548,2405017630.7804813,2411466628.51211,2417945495.1853757,2424453716.208251,2430990741.275248,2437555982.596565,2444148813.026117,2450768564.0812564,2457414523.846294,2464085934.7512918,2470781991.2168317,2477501837.154598,2484244563.3127527,2491009204.4539967,2497794736.3531623,2504600072.5998898,2511424061.1906023,2518265480.8924937,2525123037.36052,2531995358.9865966,2538880992.4580975,2545778398.0004826,2552685944.2763534,2559601902.910402,2566524442.6065946,2573451622.8204336,2580381386.94523,2587311554.967017,2594239815.5378623,2601163717.4119024,2608080660.1824512,2614987884.2516527,2621882459.956681,2628761275.7678866,2635621025.464886,2642458194.185745,2649269043.23253,2656049593.5029035,2662795607.4022503,2669502569.073701,2676165662.7640824,2682779749.122044,2689339339.1999235,2695838565.9031243,2702271152.599162,2708630378.5628567,2714909040.8935137,2721099412.4939213,2727193195.648534,2733181470.6785507,2739054639.083516,2744802360.50133,2750413482.7296867,2755875963.9500737,2761176786.178685,2766301858.834304,2771235911.1586237,2775962372.0462112,2780463235.6351957,2784718910.771193,2788708052.1800003,2792407370.862486,2795791420.8496294,2798832359.0167875,2801499674.142242,2803759880.7912965,2805576172.8961916,2806908031.0626616,2807710776.6399455,2807935064.411002,2807526304.3545337,2806424001.252705,2804560998.90952,2801862613.3325305,2798245636.3259964,2793617187.4368305,2787873387.9501114,2780897825.480821,2772559771.446252,2762712106.074569,2751188896.2979016,2737802560.513591,2722340540.3192377,2704561382.39697,2684190113.1221066,2660912763.525485,2634369872.2749357,2604148758.8210554,2569774317.632617,2530698038.2753253,2486284907.512649,2435797804.615452,2378378971.979594,2313028153.6949835,2238577088.794227,2153660302.6753874,2056682699.5998778,1945785565.1614466,1818814660.7674625,1673297853.080202,1506446410.5069242,1315205920.593742,1096404039.3163478,847083183.5403361,565198400.879963,251125396.6115849,-88622256.20079175,-430227505.8406413,-692572552.1222383,-514115551.5435147,0.0
30310.0,5475101595.606265,5395558799.67527,5315685706.323568,5235481557.348536,5154945608.494324,5074077129.883064,4992875406.455315,4911339738.420052,4829469441.714069,4747263848.471406,4664722307.502598,4581844184.784164,4498628863.958445,4415075746.844065,4331184253.957035,4246953825.042936,4162383919.620212,4077474017.534839,3992223619.526572,3906632247.807095,3820699446.6500096,1754786672.2894824,1757006893.246217,1759240650.517621,1761488061.3328068,1763749244.0004263,1766024317.9169497,1768313403.5749278,1770616622.5712419,1772934097.615325,1775265952.5373678,1777612312.296486,1779973302.9888594,1782349051.8558335,1784739687.2919729,1787145338.8530803,1789566137.2641468,1792002214.4272628,1794453703.4294534,1796920738.5504518,1799403455.2704005,1801901990.277471,1804416481.475399,1806947067.9909272,1809493890.1811476,1812057089.640748,1814636809.209129,1817233192.9774194,1819846386.2953508,1822476535.7780013,1825123789.312397,1827788296.0639539,1830470206.4827688,1833169672.3097274,1835886846.58244,1838621883.6409817,1841374939.1334364,1844146170.0212216,1846935734.584197,1849743792.4255319,1852570504.4763346,1855416033.0000067,1858280541.5963438,1861164195.2053404,1864067160.110687,1866989603.9429727,1869931695.6825407,1872893605.6620038,1875875505.5684059,1878877568.4449975,1881899968.6926143,1884942882.070653,1888006485.6976051,1891090958.0511434,1894196478.967738,1897323229.6417794,1900471392.6241868,1903641151.8204815,1906832692.4883015,1910046201.2343314,1913281866.0106258,1916539876.1103017,1919820422.1625578,1923123696.127024,1926449891.287379,1929799202.244225,1933171824.9071918,1936567956.4862149,1939987795.481987,1943431541.6755228,1946899396.116814,1950391561.1125257,1953908240.212718,1957449638.1965244,1961015961.0567732,1964607415.9834778,1968224211.3461938,1971866556.675148,1975534662.6411343,1979228741.0340915,1982949004.7403486,1986695667.718442,1990468944.9734879,1994269052.5300229,1998096207.4032762,2001950627.5687857,2005832531.93033,2009742140.2860615,2013679673.2928169,2017645352.4285114,2021639399.9525259,2025662038.8640516,2029713492.8582678,2033793986.2803009,2037903744.076848,2042042991.7454076,2046211955.280995,2050410861.1202555,2054639936.0828767,2058899407.3101897,2063189502.2008452,2067510448.3434572,2071862473.4460926,2076245805.2624748,2080660671.514783,2085107299.812913,2089585917.5700405,2094096751.9143672,2098640029.5968754,2103215976.8949478,2107824819.511679,2112466782.4707022,2117142090.0063708,2121850965.4490795,2126593631.1055508,2131370308.1338787,2136181216.4131012,2141026574.4071069,2145906599.0226173,2150821505.4610066,2155771507.0637293,2160756815.151049,2165777638.8538294,2170834184.938072,2175926657.6219044,2181055258.3847065,2186220185.7680287,2191421635.1679716,2196659798.618632,2201934864.5662627,2207247017.633727,2212596438.3748183,2217983303.01802,2223407783.199227,2228870045.6829357,2234370252.0714025,2239908558.5012136,2245485115.326702,2251100066.7896214,2256753550.6744213,2262445697.948486,2268176632.38661,2273946470.178991,2279755319.5219345,2285603280.1904697,2291490443.091979,2297416889.799941,2303382692.0667915,2309387911.3148804,2315432598.1044254,2321516791.577304,2327640518.875446,2333803794.5325294,2340006619.8375835,2346248982.16903,2352530854.2975917,2358852193.6563926,2365212941.5764832,2371613022.4858913,2378052343.070159,2384530791.392244,2391048235.9694395,2397604524.8048825,2404199484.370985,2410832918.5419717,2417504607.4725165,2424214306.4191937,2430961744.5012927,2437746623.397218,2444568615.972476,2451427364.834886,2458322480.812357,2465253541.348184,2472220088.808433,2479221628.695528,2486257627.761694,2493327512.0153723,2500430664.613163,2507566423.629204,2514734079.6932225,2521932873.487718,2529161993.093916,2536420571.1751885,2543707681.9856615,2551022338.190559,2558363487.4836426,2565730008.985715,2573120709.4066525,2580534318.9517565,2587969486.9513597,2595424777.190574,2602898662.913768,2610389521.475834,2617895628.609478,2625415152.274643,2632946146.052614,2640486542.0435357,2648034143.221612,2655586615.197482,2663141477.331712,2670696093.1373425,2678247659.9024887,2685793197.4564056,2693329535.9937515,2700853302.862156,2708360908.2072453,2715848529.3570995,2723312093.8142285,2730747260.7076073,2738149400.539692,2745513573.0434475,2752834502.9419045,2760106553.37723,2767323696.747411,2774479482.655753,2781567002.64111,2788578851.3142033,2795507083.477048,2802343166.7471766,2809077929.1452622,2815701501.032523,2822203250.7014976,2828571712.828841,2834794508.889613,2840858258.5068235,2846748480.5651183,2852449482.7498956,2857944237.97935,2863214245.971972,2868239377.930646,2872997702.019915,2877465286.9574585,2881615980.6246805,2885421160.113145,2888849449.0493674,2891866397.363411,2894434117.8659854,2896510873.049354,2898050604.3983045,2899002395.150882,2899309855.8378105,2898910419.9968996,2897734535.1329217,2895704731.185729,2892734545.3698964,2888727278.120526,2883574549.850961,2877154622.085336,2869330439.0049005,2859947336.2084336,2848830352.117904,2835781063.444243,2820573848.8269386,2802951463.396166,2782619780.641363,2759241525.512223,2732428782.909581,2701734017.4072146,2666639282.169162,2626543227.3163266,2580745441.9268703,2528427584.5850234,2468630687.3557653,2400227983.5310903,2321892662.3457923,2232060192.2247043,2128885457.4475331,2010196238.5095794,1873447069.0467834,1715682055.223786,1533522923.1807904,1323209963.3798895,1080735508.8400927,802102984.4234276,483642279.363927,121844396.34544341,-289487426.6300409,-771692074.6664636,-1396267776.5593176,-2322062655.104815,0.0
30300.0,4248253586.674448,4168860791.457893,4089157092.33809,4009141954.990445,3928814860.94773,3848175308.033648,3767222810.804952,3685956901.002535,3604377128.011472,3522483059.330188,3440274281.0490584,3357750398.3383274,3274911035.94585,3191755838.704482,3108284472.0496006,3024496622.54665,2940391998.429108,2855970330.1468472,2771231370.9252787,2686174897.3352795,2600800709.87414,1770635082.8738122,1772896400.8241134,1775171688.147981,1777461068.8967648,1779764668.316594,1782082612.8586612,1784415030.1895218,1786762049.2014108,1789123800.022577,1791500414.027626,1793892023.8478746,1796298763.3817048,1798720767.8049207,1801158173.5811052,1803611118.4719636,1806079741.5476613,1808564183.1971397,1811064585.1384156,1813581090.428857,1816113843.4754186,1818662990.0448537,1821228677.2738795,1823811053.6792884,1826410269.1680195,1829026475.047162,1831659824.0338936,1834310470.265348,1836978569.3084025,1839664278.1693797,1842367755.303649,1845089160.6251345,1847828655.5157073,1850586402.8344507,1853362566.926815,1856157313.6336164,1858970810.2998989,1861803225.7836337,1864654730.4642549,1867525496.2510102,1870415696.591126,1873325506.4777682,1876255102.4577878,1879204662.6392426,1882174366.6986718,1885164395.8881233,1888174933.0419054,1891206162.5830622,1894258270.529542,1897331444.5000565,1900425873.7196045,1903541749.0246491,1906679262.8679228,1909838609.3228517,1913019984.0875669,1916223584.488502,1919449609.483529,1922698259.6646369,1925969737.2601113,1929264246.1362038,1932581991.7982593,1935923181.391278,1939288023.6998906,1942676729.1477046,1946089509.796019,1949526579.3418422,1952988153.1152215,1956474448.0758226,1959985682.8087363,1963522077.5194814,1967083854.0281665,1970671235.7627652,1974284447.7514803,1977923716.6141434,1981589270.5526192,1985281339.34016,1989000154.309679,1992745948.3408854,1996518955.846235,2000319412.7556481,2004147556.4999373,2008003625.9929037,2011887861.6120272,2015800505.177701,2019741799.9309568,2023711990.5096002,2027711322.922707,2031740044.523396,2035798403.9798238,2039886651.244313,2044005037.5205472,2048153815.228738,2052333237.968708,2056543560.4807627,2060785038.6043038,2065057929.2340589,2069362490.2738411,2073698980.587737,2078067659.9486217,2082468788.9838767,2086902629.1182039,2091369442.513428,2095869492.005136,2100403041.0360484,2104970353.5859714,2109571694.0982032,2114207327.4022248,2118877518.6325583,2123582533.1435862,2128322636.4202118,2133098093.984152,2137909171.2957008,2142756133.6507654,2147639246.0729866,2152558773.200718,2157514979.168681,2162508127.4840345,2167538480.896651,2172606301.2633443,2177711849.4057894,2182855384.9618745,2188037166.2301955,2193257450.0074077,2198516491.4181185,2203814543.737016,2209151858.202876,2214528683.8241086,2219945267.1754785,2225401852.185593,2230898679.914783,2236435988.3229113,2242014012.0267053,2247632982.046107,2253293125.539182,2258994665.525042,2264737820.5942516,2270522804.60616,2276349826.3725333,2282219089.326876,2288130791.1787667,2294085123.552512,2300082271.6093926,2306122413.652695,2312205720.714747,2318332356.1250744,2324502475.058758,2330716224.0640516,2336973740.56823,2343275152.360591,2349620577.0514755,2356010121.506118,2362443881.252026,2368921939.858558,2375444368.2872696,2382011224.2114997,2388622551.3035874,2395278378.48802,2401978719.15868,2408723570.358262,2415512911.917802,2422346705.554128,2429224893.9228864,2436147399.6246667,2443114124.161548,2450124946.8412437,2457179723.6257825,2464278285.9215026,2471420439.3068633,2478605962.1943393,2485834604.42241,2493106085.7733502,2500420094.412188,2507776285.241888,2515174278.169413,2522613656.2768955,2530093963.891735,2537614704.5488877,2545175338.8381443,2552775282.1285295,2560413902.1613636,2568090516.5027843,2575804389.8457556,2583554731.15073,2591340690.613189,2599161356.4452305,2607015751.457235,2614902829.4243765,2622821471.2213187,2630770480.706897,2638748580.3388815,2646754406.4969788,2654786504.4901133,2662843323.2217174,2670923209.484079,2679024401.849912,2687145024.126083,2695283078.3307257,2703436437.15103,2711602835.8343406,2719779863.46021,2727964953.535338,2736155373.846926,2744348215.502848,2752540381.0789437,2760728571.784724,2768909273.54852,2777078741.911618,2785232985.607941,2793367748.6910934,2801478491.0540257,2809560367.1677275,2817608202.8440137,2825616469.8032546,2833579257.80038,2841490244.0311537,2849342659.5050545,2857129252.030397,2864842245.410901,2872473294.399719,2880013434.896181,2887453028.8007126,2894781702.863291,2901988280.768733,2909060707.595964,2915985965.6660795,2922749980.6524825,2929337516.6626873,2935732058.8113422,2941915681.583316,2947868901.028535,2953570508.530233,2958997383.537304,2964124282.2399254,2968923598.684126,2973365094.251103,2977415590.7540913,2981038621.608275,2984194034.5821786,2986837538.510757,2988920185.0022783,2990387774.5553803,2991180174.560196,2991230534.31449,2990464379.351062,2988798563.931401,2986140056.36968,2982384526.7305346,2977414700.167267,2971098431.4487543,2963286446.703214,2953809686.630338,2942476170.826092,2929067284.703841,2913333367.874763,2894988454.6414967,2873703982.07629,2849101237.3344994,2820742261.4735284,2788118860.0374956,2750639289.124832,2707612088.543268,2658226422.276109,2601528167.3958645,2536390883.2034025,2461480731.557091,2375214486.333602,2275710117.5868926,2160730344.5190544,2027621503.1575367,1873253812.2971315,1693975500.4646769,1485602144.55036,1243468052.3853478,962538621.244498,637400566.6281283,261160095.59768194,-180721019.45717493,-736121085.6313006,-1577795295.264552,-3329397709.898542,0.0
30290.0,3088757168.047475,3009782893.590011,2930517571.116229,2850960876.4876046,2771112502.9619446,2690972161.6218786,2610539581.811188,2529814511.5795164,2448796718.135048,2367485988.3058524,2285882129.0095043,2203984967.731577,2121794353.0127928,2039310154.945116,1956532265.676933,1873460599.927446,1790095095.5103526,1706435713.866966,1622482440.609111,1538235286.071605,1453694285.874703,1784829039.7154913,1787122277.5443065,1789429841.2604165,1791751860.994224,1794088468.1789794,1796439795.5630143,1798805977.2220345,1801187148.5714688,1803583446.378864,1805995008.7763324,1808421975.2730446,1810864486.767766,1813322685.5614347,1815796715.3697731,1818286721.3359342,1820792850.043182,1823315249.5275943,1825854069.290786,1828409460.3126564,1830981575.064147,1833570567.5200102,1836176593.1715794,1838799809.039545,1841440373.6867201,1844098447.2307959,1846774191.3570836,1849467769.331231,1852179346.0119107,1854909087.8634746,1857657162.968565,1860423741.0406754,1863208993.4366617,1866013093.169178,1868836214.9190466,1871678535.0475512,1874540231.608629,1877421484.3609753,1880322474.7800326,1883243386.069865,1886184403.1749022,1889145712.7915378,1892127503.379591,1895129965.1735914,1898153290.1938949,1901197672.2576084,1904263306.989315,1907350391.8315864,1910459126.055257,1913589710.7694612,1916742348.9314058,1919917245.3558636,1923114606.7243786,1926334641.5941486,1929577560.406589,1932843575.4955409,1936132901.0951028,1939445753.3470855,1942782350.3080413,1946142911.955863,1949527660.19593,1952936818.8667555,1956370613.7451425,1959829272.5507922,1963313024.9503565,1966822102.5608935,1970356738.952704,1973917169.6515188,1977503632.1399937,1981116365.8584924,1984755612.205115,1988421614.534931,1992114618.1583943,1995834870.338881,1999582620.2893262,2003358119.1679072,2007161620.072733,2010993378.035488,2014853650.0139964,2018742694.8836362,2022660773.4275675,2026608148.3257208,2030585084.1424685,2034591847.3129542,2038628706.12799,2042695930.7174706,2046793793.0322437,2050922566.8243513,2055082527.6255846,2059273952.7242804,2063497121.1402643,2067752313.597875,2072039812.496986,2076359901.8819213,2080712867.408199,2085098996.3069832,2089518577.3471606,2093971900.7949343,2098459258.3708253,2102980943.2039812,2107537249.7836466,2112128473.9077234,2116754912.6282358,2121416864.1936154,2126114627.9876475,2130848504.4649298,2135618795.0827157,2140425802.2289636,2145269829.1464412,2150151179.852715,2155070159.0558434,2160027072.06559,2165022224.699966,2170055923.1869016,2175128474.060822,2180240184.053939,2185391359.981986,2190582308.6241946,2195813336.5972443,2201084750.222918,2206396855.389204,2211749957.4045496,2217144360.8449626,2222580369.393656,2228058285.6729,2233578411.0677433,2239141045.5412407,2244746487.440807,2250395033.29531,2256086977.6024857,2261822612.606231,2267602228.0633497,2273426110.9992237,2279294545.4519725,2285207812.2045183,2291166188.50404,2297169947.768225,2303219359.2777205,2309314687.8541183,2315456193.522838,2321644131.1601825,2327878750.1238074,2334160293.865864,2340488999.527942,2346865097.5169926,2353288811.061271,2359760355.745379,2366279939.023355,2372847759.7087665,2379464007.440651,2386128862.1241283,2392842493.34441,2399605059.7528734,2406416708.423789,2413277574.180211,2420187778.8874335,2427147430.712361,2434156623.3469877,2441215435.194133,2448323928.513393,2455482148.5252304,2462690122.470902,2469947858.62586,2477255345.2640476,2484612549.5703807,2492019416.498526,2499475867.5708647,2506981799.617369,2514537083.4498534,2522141562.4678426,2529795051.1920295,2537497333.7210217,2545248162.1067324,2553047254.6434984,2560894294.0655723,2568788925.647292,2576730755.199787,2584719346.9575853,2592754221.3480034,2600834852.635617,2608960666.4335213,2617131037.0723677,2625345284.8174753,2633602672.9234757,2641902404.515069,2650243619.2814517,2658625389.970956,2667046718.671178,2675506532.858585,2684003681.200126,2692536929.0877347,2701104953.884825,2709706339.861889,2718339572.7960677,2727003034.2071047,2735694995.199352,2744413609.8763804,2753156908.2913704,2761922788.8925524,2770709010.418726,2779513183.195011,2788332759.773603,2797165024.8581862,2806007084.4438477,2814855854.0965786,2823708046.287783,2832560156.689369,2841408449.3238955,2850248940.4516926,2859077381.0626144,2867889237.8239713,2876679672.3177876,2885443518.379774,2894175257.328561,2902868990.8468184,2911518411.2449327,2920116768.802742,2928656835.8444815,2937130867.1559515,2945530556.299989,2953846987.3255405,2962070581.2957616,2970191036.980108,2978197264.962595,2986077314.311231,2993818290.829674,3001406265.768506,3008826173.7067914,3016061698.120654,3023095142.9297132,3029907288.048377,3036477226.6604714,3042782181.573712,3048797297.5852566,3054495406.2884927,3059846759.1592813,3064818724.058932,3069375439.4587135,3073477419.699111,3077081103.4126782,3080138335.819914,3082595773.901417,3084394201.391695,3085467738.0497284,3085742924.637206,3085137661.3501387,3083559972.9423404,3080906568.246832,3077061154.9850216,3071892462.3244596,3065251913.183115,3056970875.241816,3046857403.3232017,3034692365.3317714,3020224818.17347,3003166467.500629,2983185003.852808,2959896055.355702,2932853430.543768,2901537240.343876,2865339381.424071,2823545729.328677,2775314225.201327,2719647843.741793,2655361210.081171,2581039416.3155575,2494987441.064026,2395168641.6401534,2279131352.9112515,2143924201.9432178,1986004122.8416193,1801146998.3934593,1584378158.8964858,1329936757.5610323,1031216020.8978812,680228240.2115368,264342295.1198648,-250063413.11877853,-994215307.6914464,-2499301138.7467,0.0
30280.0,1996196198.1614711,1917890831.21876,1839314544.5056944,1760467209.0073822,1681348714.2775636,1601958968.8551817,1522297900.6881957,1442365457.5647993,1362161607.5519,1281686339.4412148,1200939663.2029748,1119921610.447291,1038632234.8934548,957071612.8470364,875239843.6851149,793137050.3495903,710763379.8487453,628119003.7671156,545204118.7838826,462018947.19972825,378563737.4724145,1797338306.0588748,1799654017.6866562,1801984331.4783194,1804329382.8413303,1806689308.585879,1809064246.9390135,1811454337.5588558,1813859721.548921,1816280541.4725158,1818716941.3672273,1821169066.7594993,1823637064.6792896,1826121083.674811,1828621273.8273375,1831137786.7661145,1833670775.683307,1836220395.3490446,1838786802.1265233,1841370153.9871674,1843970610.5258584,1846588332.9762213,1849223484.2259521,1851876228.8322074,1854546733.0370336,1857235164.7828298,1859941693.7278566,1862666491.2617664,1865409730.5211613,1868171586.40517,1870952235.5910397,1873751856.5497327,1876570629.561527,1879408736.731605,1882266362.0056372,1885143691.1853414,1888040911.9440122,1890958213.8420205,1893895788.342258,1896853828.825543,1899832530.6059492,1902832090.946069,1905852709.072195,1908894586.1894062,1911957925.4965453,1915042932.201091,1918149813.5338926,1921278778.7637658,1924430039.211937,1927603808.2663183,1930800301.3955984,1934019736.1631382,1937262332.2406547,1940528311.421667,1943817897.6347082,1947131316.9562616,1950468797.6234207,1953830570.0462406,1957216866.8197691,1960627922.735741,1964063974.7938852,1967525262.2128696,1971012026.4408092,1974524511.165351,1978062962.3232858,1981627628.1096742,1985218758.9864454,1988836607.6904578,1992481429.240965,1996153480.9464822,1999853022.4110003,2003580315.5395188,2007335624.5428677,2011119215.9417667,2014931358.5700984,2018772323.5773365,2022642384.4301126,2026541816.91284,2030470899.127387,2034429911.4917202,2038419136.7374895,2042438859.906487,2046489368.3459377,2050570951.7025492,2054683901.9152818,2058828513.2067573,2063005082.0732586,2067213907.2732368,2071455289.8142686,2075729532.9383907,2080036942.1057222,2084377824.976316,2088752491.3901384,2093161253.3450975,2097604424.9730394,2102082322.5136023,2106595264.2858505,2111143570.6575613,2115727564.0120912,2120347568.712687,2125003911.0641217,2129696919.2715728,2134426923.3965714,2139194255.3099217,2143999248.6414433,2148842238.726401,2153723562.5484653,2158643558.679057,2163602567.212913,2168600929.6996965,2173638989.07149,2178717089.5659804,2183835576.645141,2188994796.909217,2194195098.0058026,2199436828.5337944,2204720337.941987,2210045976.4220796,2215414094.7958446,2220825044.3961873,2226279176.941846,2231776844.4054236,2237318398.8744745,2242904192.405321,2248534576.869287,2254209903.7909966,2259930524.1783934,2265696788.3440933,2271509045.7177005,2277367644.648664,2283272932.199245,2289225253.927159,2295224953.657415,2301272373.242867,2307367852.312945,2313511728.010049,2319704334.7130203,2325946003.747104,2332237063.079773,2338577837.001766,2344968645.7926416,2351409805.3701296,2357901626.9225316,2364444416.523348,2371038474.7273197,2377684096.146989,2384381569.0088463,2391131174.688104,2397933187.221058,2404787872.79395,2411695489.2072124,2418656285.3138795,2425670500.4308877,2432738363.721962,2439860093.550658,2447035896.8020773,2454265968.171689,2461550489.4195976,2468889628.588518,2476283539.183585,2483732359.312046,2491236210.7807775,2498795198.1494045,2506409407.7367105,2514078906.5778685,2521803741.3298736,2529583937.1223955,2537419496.3511043,2545310397.410329,2553256593.3617125,2561258010.535311,2569314547.0593553,2577426071.3146286,2585592420.309186,2593813397.968779,2602088773.3381147,2610418278.6876645,2618801607.520417,2627238412.4725323,2635728303.101451,2644270843.5544786,2652865550.1104183,2661511888.586176,2670209271.599715,2678957055.6799827,2687754538.213746,2696600954.2184024,2705495472.928973,2714437194.1864214,2723425144.613436,2732458273.5625086,2741535448.819842,2750655452.047144,2759816973.941654,2769018609.092985,2778258850.5132365,2787536083.814632,2796848581.0063095,2806194493.8791175,2815571846.9440126,2824978529.8861365,2834412289.492584,2843870721.007401,2853351258.862228,2862851166.725316,2872367526.805126,2881897228.337444,2891436955.176657,2900983172.4024553,2910532111.8425775,2920079756.4001517,2929621823.060425,2939153744.4360166,2948670648.692029,2958167337.671934,2967638263.021949,2977077500.0849695,2986478719.3046727,2995835154.8454666,3005139570.0938463,3014384219.6606274,3023560807.450515,3032660440.304307,3041673576.648587,3050589969.5062914,3059398603.12736,3068087622.389524,3076644253.9927163,3085054718.323416,3093304130.69405,3101376390.4628453,3109254056.3063126,3116918205.6434884,3124348275.890833,3131521884.850254,3138414627.089162,3144999842.6475725,3151248353.7867885,3157128164.757421,3162604118.6868997,3167637504.638227,3172185606.635133,3176201184.937635,3179631878.0281544,3182419511.559051,3184499297.825646,3185798906.0481615,3186237379.723067,3185723872.348813,3184156166.6978655,3181418935.1778765,3177381689.2833915,3171896354.1364174,3164794388.917844,3155883354.6178446,3144942805.642853,3131719349.5663996,3115920677.1341763,3097208308.913775,3075188730.5690746,3049402488.24751,3019310678.327669,2984278076.373465,2943551886.4534116,2896234722.7915187,2841249918.601828,2777296538.773598,2702790499.786487,2615786955.1930614,2513877728.742756,2394056719.930252,2252548057.1889935,2084603111.5383806,1884313925.4538376,1644624721.3950894,1358134332.8490782,1020430441.7721007,639798250.1868055,250236475.39414614,-149290798.3065251,0.0
30270.0,969929756.7096652,892525263.3269961,814870073.4987085,736964237.2143354,658807823.8481479,580400922.5579329,501743642.6900878,422836114.1911874,343678488.0259485,264270936.6018293,184613654.20022488,104706857.41435575,24550785.594005108,-55854298.70298815,-136508109.25225878,-217410335.69746828,-298560643.07776976,-379958671.3482664,-461604034.8930855,-543496322.0313694,-625635094.5158153,1808138935.8980675,1810467457.8983605,1812810774.9293914,1815169026.8205495,1817542354.894695,1819930901.984102,1822334812.4465275,1824754232.1814125,1827189308.6462114,1829640190.8728411,1832107029.4842613,1834589976.7111723,1837089186.408843,1839604814.0740464,1842137016.8621304,1844685953.6041863,1847251784.8243523,1849834672.757207,1852434781.3652961,1855052276.356746,1857687325.2029967,1860340097.1566267,1863010763.2692873,1865699496.4097207,1868406471.2818778,1871131864.4431221,1873875854.3225176,1876638621.239199,1879420347.4208117,1882221217.0220323,1885041416.1431475,1887881132.8486943,1890740557.1861634,1893619881.204739,1896519298.9740977,1899439006.603229,1902379202.2592967,1905340086.1865196,1908321860.7250657,1911324730.329957,1914348901.5899737,1917394583.2465444,1920461986.2126234,1923551323.5915341,1926662810.6957784,1929796665.0657945,1932953106.4886534,1936132357.016686,1939334640.9860284,1942560185.0350575,1945809218.122737,1949081971.546819,1952378678.961917,1955699576.3974254,1959044902.2752597,1962414897.4274192,1965809805.1133409,1969229871.0370247,1972675343.3639262,1976146472.7375758,1979643512.2959251,1983166717.6873782,1986716347.086498,1990292661.2093625,1993895923.3285382,1997526399.2876542,2001184357.515544,2004870069.0399244,2008583807.5005918,2012325849.162091,2016096472.9258366,2019895960.3416457,2023724595.6186483,2027582665.6355412,2031470459.950139,2035388270.8082,2039336393.1514559,2043315124.6248362,2047324765.5828102,2051365619.0948246,2055437990.9497666,2059542189.659416,2063678526.4608254,2067847315.3175702,2072048872.9198167,2076283518.6831417,2080551574.7460425,2084853365.9660633,2089189219.9144912,2093559466.8695078,2097964439.8077717,2102404474.3943133,2106879908.9706755,2111391084.5412164,2115938344.7574806,2120522035.900546,2125142506.86125,2129800109.1181886,2134495196.7134008,2139228126.2255952,2143999256.7408385,2148808949.8205605,2153657569.4667673,2158545482.0843124,2163473056.4401135,2168440663.619155,2173448676.9771237,2178497472.089548,2183587426.69725,2188718920.64795,2193892335.833863,2199108056.1250744,2204366467.2985306,2209667956.96242,2215012914.4757576,2220401730.862921,2225834798.7229533,2231312512.133352,2236835266.5481143,2242403458.6897855,2248017486.4352136,2253677748.6947412,2259384645.2845407,2265138576.791769,2270939944.4322157,2276789149.900123,2282686595.209793,2288632682.5286355,2294627814.0012484,2300672391.564138,2306766816.750635,2312911490.48558,2319106812.869295,2325353182.950362,2331650998.486687,2338000655.6943316,2344402548.983526,2350857070.681298,2357364610.740086,2363925556.431705,2370540292.0259748,2377209198.4533134,2383932652.9505453,2390711028.6891537,2397544694.3851495,2404434013.8897066,2411379345.759666,2418381042.806962,2425439451.6259794,2432554912.0978093,2439727756.870303,2446958310.8127904,2454246890.4442406,2461593803.333623,2468999347.4711237,2476463810.6088204,2483987469.569354,2491570589.521053,2499213423.2178745,2506916210.2024527,2514679175.970471,2522502531.094432,2530386470.3048596,2538331171.526797,2546336794.8694096,2554403481.566324,2562531352.8642726,2570720508.857385,2578971027.2644367,2587282962.146092,2595656342.5591135,2604091171.144258,2612587422.6444473,2621145042.349558,2629763944.4639854,2638444010.3928947,2647185086.942826,2655986984.4320507,2664849474.7057996,2673772289.0511484,2682755116.0060616,2691797599.056667,2700899334.2165036,2710059867.481028,2719278692.1502123,2728555246.0115585,2737888908.375336,2747278996.953192,2756724764.5707016,2766225395.7036514,2775780002.827073,2785387622.565207,2795047211.6295533,2804757642.5311685,2814517699.052129,2824326071.4598317,2834181351.4462833,2844082026.7729597,2854026475.5999436,2864012960.4760656,2874039621.964452,2884104471.875308,2894205386.074922,2904340096.836529,2914506184.6950684,2924701069.7636223,2934922002.464623,2945166053.6235366,2955430103.8665886,2965710832.2571707,2976004704.097618,2986307957.813948,2996616590.8308873,3006926344.3325768,3017232686.7908454,3027530796.1273704,3037815540.358247,3048081456.5489435,3058322727.8841634,3068533158.629996,3078706146.7346005,3088834653.7777586,3098911171.9382,3108927687.5998445,3118875641.1628914,3128745882.561902,3138528621.919216,3148213374.6765976,3157788900.448879,3167243134.7285314,3176563112.436506,3185734882.1594234,3194743409.7324085,3203572469.6158786,3212204522.2683063,3220620575.428553,3228800026.883281,3236720485.8975353,3244357570.018351,3251684673.4081326,3258672702.208999,3265289771.6599956,3271500858.7589655,3277267403.1463656,3282546847.546618,3287292107.479271,3291450957.976805,3294965322.626619,3297770447.2700787,3299793936.9786654,3300954630.2637773,3301161278.5540147,3300310991.3538427,3298287397.54687,3294958460.088731,3290173863.433679,3283761868.276433,3275525493.147311,3265237831.6267276,3252636238.646642,3237415005.170055,3219215963.905927,3197616190.7601657,3172111523.4690065,3142093905.873864,3106819416.41335,3065361996.0151834,3016544994.9887323,2958838327.133092,2890203277.745368,2807861991.8697915,2707974620.085964,2585263202.0180407,2432868275.983969,2243661949.701254,2017660553.4610064,1792430801.1777248,1753608643.860605,2506638009.7237062,0.0
30260.0,9108679.041862965,-67181521.70065498,-143702264.0612254,-220453335.9177113,-297434505.2875147,-374645519.9518273,-452086107.0747042,-529755972.816344,-607654801.9412236,-685782257.4204357,-764137980.0284786,-842721587.9345298,-921532676.287862,-1000570816.7976782,-1079835557.3071375,-1159326421.3615527,-1239042907.7708118,-1318984490.1659503,-1399150616.5497415,-1479540708.8414102,-1560154162.4154222,1817213442.4102292,1819544947.6025329,1821891354.6581907,1824252806.9263678,1826629449.33042,1829021428.385561,1831428892.216674,1833851990.5763125,1836290874.862843,1838745698.1387722,1841216615.1492245,1843703782.3405929,1846207357.8793435,1848727501.6709905,1851264375.3792343,1853818142.4452472,1856388968.1071334,1858977019.4195426,1861582465.273435,1864205476.4160094,1866846225.47078,1869504886.9578075,1872181637.3140826,1874876654.914046,1877590120.0902724,1880322215.1542807,1883073124.41749,1885843034.2123194,1888632132.9134066,1891440610.9589736,1894268660.8723073,1897116477.2833726,1899984256.9505286,1902872198.7823834,1905780503.8597302,1908709375.4576137,1911659019.0674796,1914629642.419421,1917621455.504516,1920634670.5972447,1923669502.2779765,1926726167.4555316,1929804885.3897982,1932905877.7144012,1936029368.4594195,1939175584.0741258,1942344753.4497707,1945537107.9423647,1948752881.3954744,1951992310.1630116,1955255633.1320064,1958543091.7453492,1961854930.0244925,1965191394.5920963,1968552734.6946108,1971939202.2247658,1975351051.7439692,1978788540.5045946,1982251928.472121,1985741478.3471441,1989257455.587206,1992800128.4284422,1996369767.9070253,1999966647.8803701,2003591045.0481029,2007243238.9727418,2010923512.1000893,2014632149.779295,2018369440.282573,2022135674.8245342,2025931147.5811186,2029756155.7080824,2033610999.3590217,2037495981.7028856,2041411408.9409568,2045357590.323257,2049334838.164334,2053343467.8584037,2057383797.8937929,2061456149.8666446,2065560848.4938426,2069698221.6251082,2073868600.2542021,2078072318.529219,2082309713.7618756,2086581126.4357667,2090886900.2135143,2095227381.9427633,2099602921.660943,2104013872.5987358,2108460591.1821861,2112943437.03337,2117462772.9695528,2122018965.000753,2126612382.325636,2131243397.3256397,2135912385.5572524,2140619725.7423353,2145365799.7564156,2150150992.614816,2154975692.4565353,2159840290.52576,2164745181.150896,2169690761.720982,2174677432.659383,2179705597.3946056,2184775662.3281155,2189888036.7989964,2195043133.045315,2200241366.1620164,2205483154.0552096,2210768917.392638,2216099079.550189,2221474066.5542316,2226894307.019601,2232360232.0830073,2237872275.331684,2243430872.727029,2249036462.5230045,2254689485.179081,2260390383.2674356,2266139601.374169,2271937585.994248,2277784785.419886,2283681649.622075,2289628630.1249313,2295626179.8725476,2301674753.08799,2307774805.124098,2313926792.3056955,2320131171.762842,2326388401.2546883,2332698938.983536,2339063243.398643,2345481772.989298,2351954986.0667033,2358483340.5341277,2365067293.6448174,2371707301.747105,2378403820.016134,2385157302.171583,2391968200.1807775,2398836963.9465094,2405764040.9788775,2412749876.050419,2419794910.833794,2426899583.5212126,2434064328.424788,2441289575.5569625,2448575750.1900816,2455923272.394199,2463332556.552123,2470804010.850654,2478338036.746978,2485935028.409057,2493595372.1288743,2501319445.7072864,2509107617.809222,2516960247.287877,2524877682.4765306,2532860260.446499,2540908306.2297425,2549022132.004505,2557202036.242356,2565448302.8148904,2573761200.0582976,2582140979.793914,2590587876.30279,2599102105.252241,2607683862.572247,2616333323.279474,2625050640.246611,2633835942.914604,2642689335.945292,2651610897.8118067,2660600679.324044,2669658702.086363,2678784956.884557,2687979401.9990764,2697241961.441268,2706572523.1093745,2715970936.860825,2725437012.4972734,2734970517.6586595,2744571175.6224732,2754238663.004206,2763972607.3548746,2773772584.6513,2783638116.674698,2793568668.2729526,2803563644.501767,2813622387.639723,2823744174.0720553,2833928211.0377827,2844173633.234579,2854479499.275588,2864844787.992078,2875268394.5756216,2885749126.5531483,2896285699.5879197,2906876733.099103,2917520745.6922245,2928216150.3923354,2938961249.671203,2949754230.259245,2960593157.7322874,2971475970.8624096,2982400475.72128,2993364339.523333,3004365084.1949167,3015400079.6541777,3026466536.784743,3037561500.0844126,3048681839.967785,3059824244.699168,3070985211.929061,3082161039.803968,3093347817.615206,3104541415.947552,3115737476.2831078,3126931400.0093412,3138118336.772957,3149293172.11282,3160450514.295538,3171584680.2663937,3182689680.615909,3193759203.448397,3204786597.023277,3215764851.022601,3226686576.2791905,3237543982.7790675,3248328855.7295537,3259032529.4608335,3269645858.9044304,3280159188.3674836,3290562317.2980695,3300844462.715509,3310994217.962505,3320999507.4257708,3330847536.872237,3340524739.0632625,3350016714.3459754,3359308165.9864497,3368382830.113755,3377223400.2994413,3385811447.0184927,3394127332.543433,3402150122.233172,3409857493.7143793,3417225646.135422,3424229212.513014,3430841179.180553,3437032817.430079,3442773633.472412,3448031343.5050726,3452771880.3366203,3456959435.4415517,3460556533.216246,3463524118.3568087,3465821605.0288844,3467406774.069028,3468235287.2090654,3468259371.4517674,3467424834.891342,3465664871.9839144,3462887867.2843757,3458954215.6149626,3453633398.8066597,3446526227.39251,3436927090.7668095,3423586825.9594646,3404322885.3524637,3375435020.4222465,3331026027.7476187,3263006557.2595806,3165437435.930042,3059358660.631976,3113515784.646917,4201936278.8867106,0.0
30250.0,-887307672.7115662,-962288684.7228346,-1037480301.1731842,-1112882165.1413307,-1188493899.690047,-1264315107.5180433,-1340345370.607493,-1416584249.8669226,-1493031284.7697592,-1569685992.9882743,-1646547870.0230784,-1723616388.8280077,-1800890999.4304476,-1878371128.5471928,-1956056179.195643,-2033945530.3003843,-2112038536.295316,-2190334526.721124,-2268832805.8181133,-2347532652.114525,-2426433318.010295,1824550930.69232,1826875483.3419678,1829214956.6013336,1831569496.3967443,1833939250.2986073,1836324367.5406742,1838724999.039496,1841141297.4140892,1843573417.0057983,1846021513.8983662,1848485745.9382017,1850966272.754858,1853463255.7817113,1855976858.2768438,1858507245.344137,1861054583.9545581,1863619042.9676619,1866200793.153294,1868800007.2134948,1871416859.8046098,1874051527.559604,1876704189.1105742,1879375025.1114688,1882064218.2610028,1884771953.3257756,1887498417.163585,1890243798.74694,1893008289.1867642,1895792081.756297,1898595371.9151852,1901418357.3337576,1904261237.9174943,1907124215.8316765,1910007495.52621,1912911283.7606423,1915835789.6293337,1918781224.5868163,1921747802.473309,1924735739.5403981,1927745254.476874,1930776568.4347258,1933829905.0552692,1936905490.495441,1940003553.4541945,1943124325.1990619,1946268039.5928116,1949434933.1202288,1952625244.9150114,1955839216.7867548,1959077093.2480345,1962339121.541565,1965625551.6674395,1968936636.4104223,1972272631.3672967,1975633794.9742577,1979020388.5343225,1982432676.2447665,1985870925.224555,1989335405.541767,1992826390.2409894,1996344155.370674,1999888980.0104327,2003461146.2982547,2007060939.4576392,2010688647.8246074,2014344562.8745859,2018028979.2491395,2021742194.7825246,2025484510.5280483,2029256230.784205,2033057663.120565,2036889118.4033933,2040750910.8209634,2044643357.90854,2048566780.573008,2052521503.117101,2056507853.263209,2060526162.1767268,2064576764.4888966,2068659998.3191254,2072776205.2967238,2076925730.5820217,2081108922.8868294,2085326134.4941874,2089577721.277368,2093864042.718061,2098185461.9237132,2102542345.6439433,2106935064.2860034,2111363991.929194,2115829506.3381982,2120331988.9752603,2124871825.0111256,2129449403.3346994,2134065116.5613286,2138719361.0396266,2143412536.8567843,2148145047.8422484,2152917301.5697136,2157729709.3573,2162582686.2658567,2167476651.095255,2172412026.3786,2177389238.37421,2182408717.055297,2187470896.097191,2192576212.8619933,2197725108.38054,2202918027.331523,2208155418.0176363,2213437732.338601,2218765425.7608967,2224138957.2840695,2229558789.4034166,2235025388.0688853,2240539222.640007,2246100765.8366694,2251710493.685524,2257368885.4618244,2263076423.6264844,2268833593.758117,2274640884.479821,2280498787.3804803,2286407796.9303007,2292368410.390333,2298381127.715686,2304446451.4521484,2310564886.6259246,2316736940.6261387,2322963123.079805,2329243945.7189083,2335579922.2392325,2341971568.150568,2348419400.617911,2354923938.293236,2361485701.137436,2368105210.2319713,2374782987.5797834,2381519555.8949904,2388315438.3808546,2395171158.49553,2402087239.7050257,2409064205.222838,2416102577.7356615,2423202879.114585,2430365630.1111236,2437591350.0374413,2444880556.430092,2452233764.6965556,2459651487.7438493,2467134235.5884447,2474682514.94671,2482296828.8050528,2489977675.968918,2497725550.5897646,2505540941.6691265,2513424332.538792,2521376200.3161707,2529397015.3338175,2537487240.542101,2545647330.883967,2553877732.6406736,2562178882.7474236,2570551208.077709,2578995124.695219,2587511037.0721035,2596099337.2723646,2604760404.099141,2613494602.2046185,2622302281.1612883,2631183774.493273,2640139398.6664205,2649169452.035872,2658274213.749831,2667453942.608244,2676708875.8751535,2686039228.04352,2695445189.551325,2704926925.44785,2714484574.009115,2724118245.301499,2733828019.6927414,2743613946.3096046,2753476041.441669,2763414286.8909054,2773428628.2668905,2783518973.2277994,2793685189.667593,2803927103.850163,2814244498.49162,2824637110.7923193,2835104630.420783,2845646697.452243,2856262900.265235,2866952773.4003882,2877715795.3865204,2888551386.5400314,2899458906.7447877,2910437653.220937,2921486858.292483,2932605687.165122,2943793235.7276225,2955048528.392072,2966370515.9906635,2977758073.7492294,2989209999.3607016,3000725011.1849575,3012301746.605153,3023938760.5749154,3035634524.3953648,3047387424.7662606,3059195763.161553,3071057755.5863256,3082971532.779724,3094935140.937132,3106946543.034571,3119003620.849459,3131104177.7844796,3143245942.6157427,3155426574.3029714,3167643668.018387,3179894762.5727696,3192177349.4424763,3204488883.630356,3216826796.627619,3229188511.7834673,3241571462.4360213,3253973113.21306,3266390984.9762506,3278822683.959923,3291265935.7478414,3303718624.8421326,3316178840.711846,3328644931.369648,3341115565.7204733,3353589806.1638074,3366067193.2217464,3378547844.32101,3391032569.294807,3403523005.709962,3416021777.7917156,3428532683.545006,3441060915.697296,3453613323.365204,3466198722.9393196,3478828268.6699295,3491515895.9224873,3504278853.1841197,3517138342.801183,3530120295.3129015,3543256308.3636823,3556584788.825685,3570152346.2986107,3584015497.9779415,3598242759.419175,3612917213.346551,3628139669.528222,3644032552.5145745,3660744679.226263,3678457111.1828065,3697390278.2420626,3717812555.0490417,3740050394.5712547,3764499921.21295,3791639438.7270794,3822041391.6124783,3856380520.3,3895431516.2930384,3940043048.01451,3991063140.8619885,4049169195.6936216,4114516688.164515,4186049956.671615,4260191003.8316183,4328394091.700365,4372729616.511766,4359436882.334028,4248963612.7883844,4312357396.277588,0.0
30240.0,-1720534541.7867374,-1794029829.424013,-1867716136.2192984,-1941592977.973352,-2015659850.6120763,-2089916229.869514,-2164361570.9676127,-2238995308.292177,-2313816855.0656376,-2388825603.016224,-2464020922.04368,-2539402159.88161,-2614968641.75631,-2690719670.042248,-2766654523.9141173,-2842772458.995548,-2919072707.0044403,-2995554475.3950405,-3072216946.9966397,-3149059279.649089,-3226080605.835098,1830147193.7708504,1832454806.0150995,1834777268.0696073,1837114727.4616961,1839467333.4210942,1841835236.9006534,1844218590.5973215,1846617548.9733455,1849032268.277708,1851462906.567817,1853909623.7314262,1856372581.5088036,1858851943.5151477,1861347875.2632437,1863860544.1863704,1866390119.6614525,1868936773.0324674,1871500677.6340923,1874082008.8156137,1876680943.9650779,1879297662.5336998,1881932346.060525,1884585178.197335,1887256344.733819,1889946033.6229932,1892654435.0068686,1895381741.2423801,1898128146.9275646,1900893848.9279892,1903679046.4034398,1906483940.8348503,1909308736.0514915,1912153638.2584028,1915018856.0640745,1917904600.5083776,1920811085.0907364,1923738525.7985463,1926687141.1358252,1929657152.1521173,1932648782.471617,1935662258.3225343,1938697808.566689,1941755664.7293248,1944836061.0291557,1947939234.4086204,1951065424.5643542,1954214873.9778686,1957387827.946436,1960584534.6141703,1963805245.003295,1967050213.0456052,1970319695.614099,1973613952.5547829,1976933246.7186413,1980277843.9937596,1983648013.337585,1987044026.8093393,1990466159.6025395,1993914690.077647,1997389899.7948103,2000892073.5467062,2004421499.3914568,2007978468.685613,2011563276.1171844,2015176219.7387133,2018817601.0003636,2022487724.7830124,2026186899.4313316,2029915436.786831,2033673652.2208586,2037461864.6675143,2041280396.656485,2045129574.3457484,2049009727.5541437,2052921189.793775,2056864298.302218,2060839394.0745113,2064846821.894896,2068886930.368276,2072960071.9513588,2077066602.9834678,2081206883.7169538,2085381278.3471982,2089590155.0421643,2093833885.9714377,2098112847.334742,2102427419.3898582,2106777986.479918,2111164937.0600214,2115588663.7231143,2120049563.22509,2124548036.5090506,2129084488.7286599,2133659329.2705507,2138272971.7756996,2142925834.159714,2147618338.6319604,2152350911.7134533,2157123984.253448,2161937991.4446273,2166793372.836829,2171690572.349211,2176630038.280762,2181612223.319074,2186637584.5472617,2191706583.448947,2196819685.91118,2201977362.2251945,2207180087.084878,2212428339.5828357,2217722603.203921,2223063365.8160896,2228451119.658458,2233886361.326394,2239369591.753524,2244901316.1904507,2250482044.1800804,2256112289.529319,2261792570.2770133,2267523408.65793,2273305331.0625706,2279138867.992641,2285024554.011948,2290962927.6925106,2296954531.555668,2302999912.0079303,2309099619.271338,2315254207.3080697,2321464233.7390356,2327730259.756173,2334052850.0281644,2340432572.5992694,2346869998.7809715,2353365703.0361123,2359920262.8551683,2366534258.6243453,2373208273.4851103,2379942893.1847935,2386738705.917886,2393596302.15761,2400516274.477371,2407499217.361644,2414545727.0058584,2421656401.1048393,2428831838.6292977,2436072639.589918,2443379404.7885256,2450752735.555814,2458193233.475108,2465701500.0916295,2473278136.6066747,2480923743.5561647,2488638920.4729714,2496424265.5324197,2504280375.180363,2512207843.743214,2520207263.0193133,2528279221.8509927,2536424305.676712,2544643096.062618,2552936170.2129087,2561304100.458356,2569747453.722374,2578266790.9640145,2586862666.59731,2595535627.886388,2604286214.315816,2613114956.935687,2622022377.680986,2631008988.664836,2640075291.445307,2649221776.2655253,2658448921.266937,2667757191.675676,2677147038.962122,2686618899.9738913,2696173196.0426507,2705810332.0653796,2715530695.5608945,2725334655.702756,2735222562.3299303,2745194744.9369645,2755251511.64579,2765393148.161719,2775619916.7167225,2785932055.003615,2796329775.105434,2806813262.42504,2817382674.6207657,2828038140.554897,2838779759.26281,2849607598.951776,2860521696.0397964,2871522054.2463284,2882608643.7484674,2893781400.4180813,2905040225.15753,2916384983.354053,2927815504.475662,2939331581.8343897,2950932972.5463395,2962619397.721751,2974390542.9228325,2986246058.931965,2998185562.8785534,3010208639.7790728,3022314844.55195,3034503704.5769897,3046774722.878082,3059127382.018161,3071561148.807008,3084075479.9355307,3096669828.6650586,3109343652.716989,3122096423.5272913,3134927637.0520916,3147836826.335328,3160823576.0778155,3173887539.4792085,3187028457.66149,3200246182.024918,3213540699.9362326,3226912164.205099,3240360926.8697643,3253887577.888127,3267492989.417845,3281178366.4709754,3294945304.8475657,3308795857.3921247,3322732609.7808876,3336758767.241209,3350878253.833441,3365095826.1975317,3379417203.9906936,3393849219.629939,3408399990.418223,3423079116.692609,3437897910.3089933,3452869658.5971556,3468009929.916116,3483336928.154646,3498871905.008172,3514639640.6872888,3530669005.957842,3546993621.1833086,3563652631.469425,3580691621.267233,3598163697.087027,3616130773.583602,3634665106.5380254,3653851126.6230736,3673787640.859463,3694590485.061802,3716395731.2425127,3739363580.0289793,3763683101.0722127,3789578025.909086,3817313849.799371,3847206563.8708067,3879633418.4366884,3915046213.4610133,3953987720.6222305,3997111953.82688,4045209096.0914507,4099235901.7073264,4160352194.7749248,4229963402.859619,4309767308.226968,4401799086.989973,4508459351.688605,4632488455.749785,4776799257.926036,4943951311.675893,5134694545.347183,5343939773.827199,5548945753.929785,5671382630.995923,5443074798.416293,3936005627.4959536,0.0
30230.0,-2491944944.127269,-2563796043.301136,-2635819047.348774,-2708013362.2481747,-2780378374.5132565,-2852913450.910879,-2925617938.175453,-2998491162.7208624,-3071532430.350128,-3144741025.9625072,-3218116213.2582703,-3291657234.441048,-3365363309.917897,-3439233637.9970813,-3513267394.583607,-3587463732.872544,-3661821783.040224,-3736340651.933413,-3811019422.756341,-3885857154.755822,-3960852882.904559,1834004771.1202064,1836285460.2303715,1838580837.9537177,1840891052.4160771,1843216253.4917777,1845556592.825694,1847912223.855573,1850283301.8346264,1852669983.854397,1855072428.8679116,1857490797.713101,1859925253.1365094,1862375959.8172867,1864843084.3914628,1867326795.4765189,1869827263.696237,1872344661.7058535,1874879164.2175014,1877430948.0259466,1880000192.0346308,1882587077.2820053,1885191786.9681745,1887814506.4818358,1890455423.4275312,1893114727.653204,1895792611.2780552,1898489268.720726,1901204896.7277734,1903939694.4024713,1906693863.233914,1909467607.1264424,1912261132.4293747,1915074647.9670618,1917908365.06925,1920762497.601767,1923637261.9975138,1926532877.2877839,1929449565.1338854,1932387549.8590918,1935347058.480896,1938328320.7435806,1941331569.1511068,1944357039.000306,1947404968.414387,1950475598.3767467,1953569172.7650912,1956685938.3858564,1959826145.008931,1962990045.4026756,1966177895.3692412,1969389953.7801707,1972626482.6122947,1975887746.983901,1979174015.1911914,1982485558.7450056,1985822652.4078054,1989185574.2309341,1992574605.5921175,1995990031.233213,1999432139.298201,2002901221.37141,2006397572.5159512,2009921491.3123832,2013473279.8975616,2017053244.0036924,2020661692.9975646,2024298939.9199402,2027965301.5251179,2031661098.320622,2035386654.6070259,2039142298.5178921,2042928362.0597942,2046745181.1524353,2050593095.66881,2054472449.47542,2058383590.4725068,2062326870.6342795,2066302646.049126,2070311276.959777,2074353127.803398,2078428567.2515776,2082537968.2502027,2086681708.0591655,2090860168.2918997,2095073734.9546893,2099322798.4857278,2103607753.7938952,2107929000.2972102,2112286941.9609227,2116681987.3351896,2121114549.5923288,2125585046.5635576,2130093900.7752132,2134641539.4843657,2139228394.7138152,2143854903.2863746,2148521506.8584166,2153228651.9526086,2157976789.989771,2162766377.319811,2167597875.251643,2172471750.082049,2177388473.123369,2182348520.7299943,2187352374.323535,2192400520.4166055,2197493450.635137,2202631661.739117,2207815655.64166,2213045939.4263268,2218323025.362566,2223647430.9191794,2229019678.7757115,2234440296.8316135,2239909818.2130933,2245428781.2775025,2250997729.615138,2256617212.0483127,2262287782.6275573,2268010000.6248045,2273784430.5233917,2279611642.004737,2285492209.931495,2291426714.3270555,2297415740.351163,2303459878.271501,2309559723.4310336,2315715876.2109056,2321928941.9886875,2328199531.0917616,2334528258.745609,2340915745.016782,2347362614.7503123,2353869497.501317,2360437027.4605384,2367065843.3735595,2373756588.4534373,2380509910.2864428,2387326460.730668,2394206895.807167,2401151875.5833435,2408162064.048295,2415238128.9797616,2422380741.802401,2429590577.437023,2436868314.140479,2444214633.3358583,2451630219.4326544,2459115759.6365414,2466671943.748455,2474299463.952575,2481999014.5929275,2489771291.938214,2497616993.934564,2505536819.945876,2513531470.4814143,2521601646.9103856,2529748051.1631837,2537971385.4190583,2546272351.7799435,2554651651.9302707,2563109986.7825623,2571648056.108703,2580266558.156802,2588966189.2536345,2597747643.3927045,2606611611.808082,2615558782.534234,2624589839.95216,2633705464.322328,2642906331.3049626,2652193111.4684634,2661566469.786872,2671027065.1275277,2680575549.7302876,2690212568.6799183,2699938759.3736267,2709754750.9859543,2719661163.933718,2729658609.3440423,2739747688.52907,2749928992.471432,2760203101.325214,2770570583.9378214,2781031997.398946,2791587886.6236734,2802238783.9778357,2812985208.9547043,2823827667.9134927,2834766653.8914285,2845802646.5028133,2856936111.9401984,2868167503.0948153,2879497259.8156557,2890925809.329053,2902453566.8434973,2914080936.3675513,2925808311.772303,2937636078.1338234,2949564613.395585,2961594290.395888,2973725479.311033,2985958550.571439,2998293878.3151236,3010731844.451123,3023272843.414672,3035917287.706268,3048665614.318567,3061518292.1681795,3074475830.66449,3087538789.5645013,3100707790.2818875,3113983528.840142,3127366790.684389,3140858467.5943832,3154459576.9730515,3168171283.821227,3181994925.7504745,3195932041.4331727,3209984402.9429417,3224154052.500406,3238443344.2101984,3252854991.4568453,3267392120.721177,3282058332.6876173,3296857771.63852,3311795204.2776484,3326876109.294779,3342106779.1814833,3357494436.039859,3373047363.3978205,3388775056.3643236,3404688392.835289,3420799828.9076986,3437123622.1897864,3453676087.327182,3470475888.82013,3487544377.112495,3504905975.022679,3522588622.9015427,3540624292.4945836,3559049581.419985,3577906402.5318727,3597242785.3209953,3617113810.041868,3637582699.6084414,3658722099.6758213,3680615583.9858923,3703359430.3358383,3727064722.8620424,3751859849.2760706,3777893477.9704065,3805338120.4809947,3834394410.9085016,3865296267.2353168,3898317142.282866,3933777627.3916197,3972054743.9631886,4013593352.5661917,4058920234.4140725,4108661566.8627963,4163564738.6441064,4224525752.924472,4292623874.4325447,4369165723.126295,4455741728.822401,4554298728.983134,4667233368.337738,4797511270.925145,4948814869.988688,5125712769.079216,5333808992.454222,5579720737.71321,5870386485.346055,6210072415.46283,6589461656.104823,6945399672.29529,6993467398.604242,5342686559.029406,0.0
30220.0,-3203052994.1018124,-3273119109.602539,-3343338590.6036263,-3413710750.418031,-3484234883.5461884,-3554910265.4288726,-3625736152.1987495,-3696711780.4299874,-3767836366.886816,-3839109108.270335,-3910529180.964072,-3982095740.778204,-4053807922.6925,-4125664840.59806,-4197665587.037923,-4269809232.946621,-4342094827.388697,-4414521397.296422,-4487087947.206545,-4559793458.99637,-4632636891.619223,1836132969.1939332,1838376815.277233,1840635098.1456542,1842907965.5021868,1845195566.8316312,1847498053.4238143,1849815578.3971047,1852148296.7222333,1854496365.2464223,1856859942.7178276,1859239189.810296,1861634269.1484418,1864045345.333037,1866472584.9667401,1868916156.6801429,1871376231.1581485,1873852981.166691,1876346581.5797837,1878857209.4069185,1881385043.8207946,1883930266.18541,1886493060.0844908,1889073611.3502803,1891672108.0926805,1894288740.7287524,1896923702.0125806,1899577187.0655007,1902249393.4066927,1904940520.9841409,1907650772.20598,1910380351.9721963,1913129467.7067232,1915898329.389904,1918687149.5913472,1921496143.5031567,1924325528.9735527,1927175526.5408816,1930046359.4680114,1932938253.777122,1935851438.2848897,1938786144.63806,1941742607.3494241,1944721063.8341832,1947721754.4467175,1950744922.5177536,1953790814.39192,1956859679.4657204,1959951770.225883,1963067342.2881312,1966206654.4363348,1969369968.6620717,1972557550.204578,1975769667.5911005,1979006592.6776347,1982268600.6900647,1985555970.2656891,1988868983.4951315,1992207925.9646409,1995573086.7987676,1998964758.7034256,2002383238.009321,2005828824.715749,2009301822.534765,2012802538.9357014,2016331285.190045,2019888376.416663,2023474131.6273556,2027088873.7727563,2030732929.788542,2034406630.6419628,2038110311.3786805,2041844311.1698906,2045608973.359739,2049404645.5130007,2053231679.4630265,2057090431.359923,2060981261.7189806,2064904535.4692981,2068860622.0026257,2072849895.222374,2076872733.5928013,2080929520.188337,2085020642.7430346,2089146493.7001266,2093307470.2616582,2097503974.4381843,2101736413.098489,2106005198.0193148,2110310745.935072,2114653478.5874805,2119033822.7751524,2123452210.403032,2127909078.5316982,2132404869.4264789,2136940030.6063375,2141515014.8924956,2146130280.4567435,2150786290.869413,2155483515.1469374,2160222427.79898,2165003508.8750625,2169827244.010644,2174694124.4726033,2179604647.20406,2184559314.8684683,2189558635.892941,2194603124.5107164,2199693300.8027143,2204829690.7381015,2210012826.213793,2215243245.0928273,2220521491.2415004,2225848114.5652246,2231223671.04297,2236648722.7602415,2242123837.940474,2247649590.974759,2253226562.449792,2258855339.173938,2264536514.2013154,2270270686.853772,2276058462.7406373,2281900453.7761383,2287797278.194352,2293749560.5615478,2299757931.7858133,2305823029.123806,2311945496.1844926,2318125982.9297323,2324365145.6715546,2330663647.065976,2337022156.1031847,2343441348.0939603,2349921904.6521373,2356464513.6729364,2363069869.3070345,2369738671.9301405,2376471628.107947,2383269450.556248,2390132858.0960574,2397062575.6035366,2404059333.9545565,2411123869.9637017,2418256926.317551,2425459251.502036,2432731599.723726,2440074730.8248477,2447489410.1919,2454976408.6576734,2462536502.3965864,2470170472.813138,2477879106.4234185,2485663194.7295437,2493523534.0869503,2501460925.5644917,2509476174.7973156,2517570091.832529,2525743490.967689,2533997190.5822325,2542332012.961958,2550748784.116782,2559248333.5920253,2567831494.2735605,2576499102.187264,2585251996.293276,2594091018.2757177,2603017012.3285885,2612030824.9387684,2621133304.6671543,2630325301.929161,2639607668.7760124,2648981258.6784706,2658446926.314899,2668005527.365848,2677657918.317663,2687404956.277961,2697247498.806246,2707186403.7633586,2717222529.1839733,2727356733.176911,2737589873.8586817,2747922809.3263507,2758356397.6766715,2768891497.0792418,2779528965.912526,2790269662.9726143,2801114447.76593,2812064180.89844,2823119724.575505,2834281943.2283134,2845551704.2847815,2856929879.1050215,2868417344.104,2880014982.08677,2891723683.8248105,2903544349.9055157,2915477892.89083,2927525239.8254385,2939687335.139954,2951965144.0000553,2964359656.1589155,2976871890.37725,2989502899.483361,3002253776.1544313,3015125659.5104895,3028119742.623828,3041237281.059432,3054479602.5765615,3067848118.1378665,3081344334.390968,3094969867.808274,3108726460.694467,3122615999.297864,3136640534.292201,3150802303.929869,3165103760.206734,3179547598.4232264,3194136790.577076,3208874623.080846,3223764739.363461,3238811187.9903917,3254018477.0235844,3269391635.4413877,3284936282.5527215,3300658706.4708724,3316565952.8637447,3332665925.372281,3348967499.2915783,3365480650.34458,3382216600.6522846,3399187984.3242245,3416409035.4671626,3433895801.8490324,3451666387.971716,3469741231.915947,3488143421.043184,3506899052.4959917,3526037645.4589047,3545592613.360754,3565601805.6609406,3586108130.619443,3607160272.571116,3628813519.791975,3651130722.1641235,3674183401.6475863,3698053043.218024,3722832599.639174,3748628250.47585,3775561464.461044,3803771425.1526995,3833417893.3302927,3864684596.5498185,3897783257.7133074,3932958401.789292,3970493114.8327365,4010715974.8439484,4054009433.558428,4100820007.491063,4151670743.68362,4207176573.0954504,4268063371.7048664,4335191846.37761,4409587797.359824,4492480958.458257,4585355602.013161,4690017612.758652,4808685083.398823,4944113108.267187,5099768930.494303,5280081465.129338,5490799154.926964,5739498227.525635,6036273890.570887,6394567139.633951,6831764460.455258,7368122134.984013,8018615248.105894,8752083438.260204,9184819660.911884,0.0
30210.0,-3855497502.440377,-3923655004.259068,-3991947996.0060167,-4060375714.982355,-4128937380.538345,-4197632193.8633313,-4266459337.7752414,-4335417976.509106,-4404507255.505361,-4473726301.19743,-4543074220.798989,-4612550102.090847,-4682153013.207566,-4751882002.423928,-4821736097.941255,-4891714307.673718,-4961815619.0348015,-5032038998.723901,-5102383392.513178,-5172847725.03485,-5243430899.568994,1836547843.7444625,1838745047.48632,1840956345.9451938,1843181885.368694,1845421813.8063154,1847676281.1336396,1849945439.0768623,1852229441.2376666,1854528443.118429,1856842602.1477745,1859172077.7064767,1861517031.1537135,1863877625.8536787,1866254027.2025561,1868646402.6558597,1871054921.75614,1873479756.1610699,1875921079.6719038,1878379068.2623272,1880853900.1076832,1883345755.614598,1885854817.4509997,1888381270.576541,1890925302.2734168,1893487102.1776009,1896066862.3104901,1898664777.1109688,1901281043.4678907,1903915860.75299,1906569430.854224,1909241958.2095447,1911933649.8411145,1914644715.3899596,1917375367.1510744,1920125820.1089764,1922896291.9737072,1925687003.2173088,1928498177.1107447,1931330039.7613006,1934182820.150449,1937056750.1721854,1939952064.6718507,1942869001.4854264,1945807801.4793196,1948768708.5906236,1951751969.8678927,1954757835.5123835,1957786558.9198153,1960838396.7226152,1963913608.8326712,1967012458.4845932,1970135212.2794745,1973282140.2291632,1976453515.8010511,1979649615.9633663,1982870721.2309859,1986117115.7117646,1989389087.1533732,1992686926.9906633,1996010930.3935454,1999361396.315383,2002738627.5419073,2006142930.740655,2009574616.5109074,2013033999.4341679,2016521398.125134,2020037135.2831922,2023581537.7444217,2027154936.5341065,2030757666.919753,2034390068.4646068,2038052485.0816681,2041745265.088203,2045468761.260738,2049223330.8905416,2053009335.8395762,2056827142.5969296,2060677122.3356984,2064559650.970327,2068475109.2143993,2072423882.6388614,2076406361.7306652,2080422941.9518366,2084474023.7989357,2088560012.8629181,2092681319.8893657,2096838360.83908,2101031556.9490209,2105261334.793587,2109528126.3461866,2113832369.04113,2118174505.835773,2122554985.2729268,2126974261.5434957,2131432794.549329,2135931049.9662447,2140469499.3072267,2145048619.9857397,2149668895.379156,2154330814.8922524,2159034874.0207415,2163781574.4148226,2168571423.942696,2173404936.7540145,2178282633.3432436,2183205040.612867,2188172691.9364185,2193186127.221286,2198245892.9712467,2203352542.3486753,2208506635.2363963,2213708738.299115,2218959425.0443726,2224259275.8829823,2229608878.188879,2235008826.35833,2240459721.868438,2245962173.334888,2251516796.5688524,2257124214.633008,2262785057.8965797,2268499964.0893545,2274269578.354571,2280094553.300641,2285975549.051596,2291913233.2962055,2297908281.335664,2303961376.129789,2310073208.341634,2316244476.3804345,2322475886.4428177,2328768152.5521555,2335121996.596038,2341538148.3617215,2348017345.5695014,2354560333.9039364,2361167867.0428095,2367840706.6837897,2374579622.5686946,2381385392.505293,2388258802.3865776,2395200646.207468,2402211726.078861,2409292852.239028,2416444843.0622764,2423668525.0649095,2430964732.9084334,2438334309.400043,2445778105.4904146,2453296980.268835,2460891800.9557657,2468563442.8929167,2476312789.530965,2484140732.4150925,2492048171.168537,2500036013.474383,2508105175.0559382,2516256579.655993,2524491159.015412,2532809852.8515286,2541213608.8369164,2549703382.5791783,2558280137.6025205,2566944845.3319645,2575698485.081197,2584542044.045167,2593476517.2987576,2602502907.802929,2611622226.4200544,2620835491.9402742,2630143731.121011,2639547978.7420216,2649049277.6786876,2658648678.9965773,2668347242.0706763,2678146034.7331448,2688046133.453883,2698048623.558764,2708154599.4909334,2718365165.1212783,2728681434.114861,2739104530.3609653,2749635588.475308,2760275754.383985,2771026185.9998713,2781888054.003472,2792862542.7416744,2803950851.259385,2815154194.480904,2826473804.5598326,2837910932.4185677,2849466849.500951,2861142849.7644176,2872940251.9411783,2884860402.1014276,2896904676.5555925,2909074485.136998,2921371274.911322,2933796534.364786,2946351798.1292806,2959038652.309647,2971858740.486232,2984813770.47474,2997905521.935359,3011135854.93439,3024506719.574301,3038020166.8223295,3051678360.683905,3065483591.885257,3079438293.2500935,3093545056.9783363,3107806654.0610967,3122226056.0956516,3136806459.7976832,3151551314.546056,3166464353.338464,3181549627.5852103,3196811546.2239776,3212254919.7017193,3227885009.4418507,3243707583.497147,3259728979.182582,3275956173.5897017,3292396863.0070653,3309059552.4122815,3325953656.363154,3343089612.8019266,3360479011.5015583,3378134739.131332,3396071143.206568,3414304217.520823,3432851812.0467205,3451733870.7436886,3470972701.239091,3490593280.9681334,3510623605.084877,3531095082.313228,3552042985.9185886,3573506968.180021,3595531648.168171,3618167284.333905,3641470545.446113,3665505395.8577986,3690344114.019285,3716068466.710171,3742771065.7713585,3770556939.366007,3799545356.213502,3829871949.1177883,3861691193.830322,3895179311.3449335,3930537676.7743974,3967996836.8923283,4007821262.456238,4050314992.268461,4095828366.0436497,4144766096.1730413,4197596999.9227257,4254865812.0481973,4317207636.881473,4385365800.766276,4460214166.796309,4542785435.32707,4634307679.429427,4736252532.076225,4850400358.64943,4978930950.116528,5124553703.229956,5290700605.799592,5481821737.439866,5703852511.757668,5964977607.52205,6276931118.378503,6657343351.981731,7134417105.476141,7757910216.53789,8631795297.957293,10042847877.14261,13141436228.347128,0.0
30200.0,-4451025950.434711,-4517167781.892811,-4583427965.714108,-4649805679.154912,-4716300082.560967,-4782910319.194984,-4849635515.064317,-4916474778.748746,-4983427201.228754,-5050491855.714013,-5117667797.472429,-5184954063.659734,-5252349673.149677,-5319853626.365097,-5387464905.1096735,-5455182472.400782,-5523005272.303366,-5590932229.764972,-5658962250.452154,-5727094220.588171,-5795327006.792412,1835272143.9769382,1837413084.024684,1839567687.4976516,1841736098.1521463,1843918461.5528302,1846114925.0977194,1848325638.0435426,1850550751.5314639,1852790418.613173,1855044794.2773547,1857314035.476537,1859598301.154317,1861897752.27299,1864212551.8415613,1866542864.9441688,1868888858.7689033,1871250702.6370463,1873628568.0327222,1876022628.6329737,1878433060.338262,1880860041.3034077,1883303751.9689593,1885764375.093021,1888242095.783516,1890737101.5309167,1893249582.2414327,1895779730.2706647,1898327740.4577365,1900893810.159899,1903478139.2876282,1906080930.3402085,1908702388.441813,1911342721.3780894,1914002139.633252,1916680856.4276917,1919379087.7561011,1922097052.4261355,1924834972.0975962,1927593071.3221607,1930371577.583653,1933170721.3388674,1935990736.0589466,1938831858.2713268,1941694327.6022434,1944578386.8198183,1947484281.8777308,1950412261.9594588,1953362579.5231357,1956335490.346981,1959331253.5753527,1962350131.7654037,1965392390.9343476,1968458300.607349,1971548133.8660476,1974662167.397694,1977800681.5449495,1980963960.3562984,1984152291.6371343,1987365967.0014756,1990605281.924354,1993870535.794858,1997162031.9698405,2000480077.8283062,2003824984.8264596,2007197068.5534453,2010596648.7877636,2014024049.5543761,2017479599.182503,2020963630.364105,2024476480.2130742,2028018490.3251133,2031590006.8383274,2035191380.4945107,2038822966.7011409,2042485125.5940928,2046178222.10104,2049902626.0055907,2053658712.012115,2057446859.8112974,2061267454.1463919,2065120884.8801951,2069007547.0627248,2072927840.9996028,2076882172.321166,2080870952.0522494,2084894596.6827052,2088953528.2385955,2093048174.3540964,2097178968.3440862,2101346349.2774205,2105550762.0508914,2109792657.46386,2114072492.2935557,2118390729.371043,2122747837.6578317,2127144292.3231454,2131580574.8218105,2136057172.9727862,2140574581.0382955,2145133299.8035731,2149733836.657193,2154376705.671988,2159062427.686517,2163791530.387101,2168564548.3903866,2173382023.3264227,2178244503.922254,2183152546.085989,2188106712.991342,2193107575.162618,2198155710.560131,2203251704.6660275,2208396150.5704975,2213589649.058355,2218832808.695957,2224126245.918447,2229470585.1172876,2234866458.7280874,2240314507.3186474,2245815379.677267,2251369732.9012246,2256978232.485454,2262641552.411367,2268360375.235812,2274135392.180136,2279967303.2193418,2285856817.1713023,2291804651.7860303,2297811533.8349743,2303878199.20033,2310005392.9643545,2316193869.498666,2322444392.553545,2328757735.3472033,2335134680.6550465,2341576020.89893,2348082558.236427,2354655104.6501145,2361294482.036935,2368001522.297642,2374777067.426401,2381621969.60059,2388537091.2708864,2395523305.2517195,2402581494.8121977,2409712553.767638,2416917386.5718327,2424196908.4102287,2431552045.294212,2438983734.1567235,2446492922.9494524,2454080570.741912,2461747647.8227215,2469495135.803477,2477324027.72563,2485235328.1708736,2493230053.3755608,2501309231.3497887,2509473902.001828,2517725117.2686753,2526063941.253599,2534491450.371659,2543008733.504292,2551616892.164169,2560317040.6717186,2569110306.344816,2577997829.703359,2586980764.6906157,2596060278.913478,2605237553.903977,2614513785.404694,2623890183.680998,2633367973.863382,2642948396.323538,2652632707.0882077,2662422178.295345,2672318098.697578,2682321774.218583,2692434528.568575,2702657703.9258513,2712992661.692069,2723440783.3298535,2734003471.29228,2744682150.054839,2755478267.261761,2766393294.9998264,2777428731.2143908,2788586101.2839456,2799866959.771458,2811272892.3727965,2822805518.0848665,2834466491.618748,2846257506.0859485,2858180295.989228,2870236640.5530496,2882428367.432822,2894757356.8466363,2907225546.1783667,2919834935.1067224,2932587591.3212686,2945485656.8937025,2958531355.3807282,2971726999.7440414,2985075001.183121,2998577878.9880805,3012238271.5327497,3026058948.542738,3040042824.789643,3054192975.3810573,3068512652.836858,3083005306.1657953,3097674602.1829195,3112524449.338374,3127559024.361972,3142782802.066269,3158200588.694278,3173817559.247041,3189639299.2820344,3205671851.736569,3221921769.4020925,3238396173.7569466,3255102820.957864,3272050175.8962984,3289247495.346137,3306704921.3669868,3324433586.284443,3342445730.748719,3360754836.579237,3379375776.3394346,3398324981.8581,3417620634.226741,3437282878.163779,3457334064.0537653,3477799021.4531755,3498705368.415122,3520083861.637378,3541968793.1981936,3564398440.5322504,3587415577.3393545,3611068054.339913,3635409460.229997,3660499874.8880324,3686406728.898103,3713205785.8470654,3740982266.704467,3769832139.0057597,3799863597.6549044,3831198769.098362,3863975676.596481,3898350511.5832353,3934500264.9897323,3972625783.3442345,4012955328.036947,4055748733.1620154,4101302278.9771633,4149954425.9539003,4202092591.2121067,4258161198.8928146,4318671305.255336,4384212198.789563,4455465523.648204,4533222702.571571,4618406797.901045,4712100543.044816,4815583275.470247,4930381222.014214,5058338614.10351,5201722557.7736635,5363384638.264977,5547021401.460966,5757613981.06594,6002207611.440937,6291375502.947432,6642174471.018266,7084707999.335094,7678622323.237528,8561680566.862037,10126392512.41408,13929179903.194641,0.0
30190.0,-4991478934.261464,-5055513944.656681,-5119650967.874298,-5183889136.251167,-5248227566.400863,-5312665359.0784,-5377201599.045851,-5441835354.938892,-5506565679.134532,-5571391607.619922,-5636312159.862538,-5701326338.681648,-5766433130.121347,-5831631503.325137,-5896920410.412231,-5962298786.355694,-6027765548.862514,-6093319598.255809,-6158959817.359147,-6224685071.383263,-6290494207.815273,1832335218.8497565,1834410508.442033,1836498942.582164,1838600661.5037174,1840715807.2412305,1842844523.6558113,1844986956.461116,1847143253.2497258,1849313563.5199103,1851498038.7028005,1853696832.1899676,1855910099.361411,1858137997.6139753,1860380686.3901832,1862638327.2075143,1864911083.688106,1867199121.588918,1869502608.8323345,1871821715.5372324,1874156614.0505116,1876507478.9791017,1878874487.2224429,1881257818.0054545,1883657652.9119954,1886074175.9188302,1888507573.4300933,1890958034.3122716,1893425749.9297156,1895910914.180665,1898413723.5338256,1900934377.0654807,1903473076.49716,1906030026.2338648,1908605433.402861,1911199507.8930483,1913812462.3949118,1916444512.4410644,1919095876.4473906,1921766775.7547944,1924457434.6715658,1927168080.5163708,1929898943.6618674,1932650257.5789738,1935422258.8817782,1938215187.3731072,1941029286.0907593,1943864801.3544183,1946721982.8132472,1949601083.4941754,1952502359.850884,1955426071.8135085,1958372482.8390553,1961341859.9625473,1964334473.8489075,1967350598.8455908,1970390513.035969,1973454498.2934787,1976542840.3365486,1979655828.7843049,1982793757.2130697,1985956923.213665,1989145628.4495227,1992360178.7156157,1995600883.99822,1998868058.5355155,2002162020.8790324,2005483093.955958,2008831605.132308,2012207886.276972,2015612273.8266523,2019045108.851683,2022506737.1227694,2025997509.1786258,2029517780.3945422,2033067911.0518827,2036648266.4085195,2040259216.7702243,2043901137.5630054,2047574409.4064245,2051279418.18788,2055016555.1378808,2058786216.906312,2062588805.6396978,2066424729.059487,2070294400.541341,2074198239.195466,2078136669.94797,2082110123.6232634,2086119037.0275228,2090163853.0332026,2094245020.6646237,2098362995.1846328,2102518238.1823478,2106711217.6619976,2110942408.132856,2115212290.7002895,2119521353.1579123,2123870090.0808702,2128259002.9202523,2132688600.0986376,2137159397.1067898,2141671916.6015038,2146226688.5046136,2150824250.103163,2155465146.1507573,2160149928.9701023,2164879158.5567265,2169653402.683906,2174473237.008808,2179339245.1798396,2184252018.9452395,2189212158.2628913,2194220271.4114037,2199276975.1024394,2204382894.594322,2209538663.80693,2214744925.43789,2220002331.080086,2225311541.340505,2230673225.960434,2236088063.937024,2241556743.646257,2247079962.9673276,2252658429.4084697,2258292860.234264,2263983982.594447,2269732533.6542797,2275539260.726482,2281404921.4048157,2287330283.6993427,2293316126.173411,2299363238.08245,2305472419.5146165,2311644481.53339,2317880246.3221803,2324180547.3310556,2330546229.4256783,2336978149.038577,2343477174.3228574,2350044185.308518,2356680074.0614934,2363385744.845626,2370162114.2877135,2377010111.545888,2383930678.4814973,2390924769.834798,2397993353.4046974,2405137410.2328696,2412357934.7925787,2419655935.1825953,2427032433.3266044,2434488465.178578,2442025080.9345937,2449643345.251691,2457344337.4743342,2465129151.8691974,2472998897.8689938,2480954700.326183,2488997699.777464,2497129052.720042,2505349931.900795,2513661526.6195316,2522065043.0477047,2530561704.5640507,2539152752.108784,2547839444.5581555,2556623059.1213603,2565504891.7619824,2574486257.6464057,2583568491.6218433,2592752948.726962,2602041004.7383227,2611434056.7562585,2620933523.8341455,2630540847.6554527,2640257493.2634296,2650084949.848775,2660024731.6012225,2670078378.631592,2680247457.971551,2690533564.65913,2700938322.918843,2711463387.4462843,2722110444.8080864,2732881214.9693117,2743777452.961691,2754800950.7075377,2765953539.015855,2777237089.7688894,2788653518.319478,2800204786.121754,2811892903.620272,2823719933.4254704,2835687993.806472,2847799262.53576,2860055981.1241484,2872460459.4888678,2885015081.1024747,2897722308.675751,2910584690.433939,2923604867.052482,2936785579.3261933,2950129676.6543884,2963640126.4342203,2977320024.4653635,2991172606.4813776,3005201260.936868,3019409543.194969,3033801191.2770624,3048380143.3561854,3063150557.1975913,3078116831.774702,3093283631.316645,3108655912.075015,3124238952.133072,3140038384.620631,3156060234.7431774,3172310961.084873,3188797501.7028933,3205527325.595904,3222508490.2034035,3239749705.6763744,3257260406.7544947,3275050833.192594,3293132119.8009067,3311516397.3019385,3330216905.363748,3349248119.347827,3368625892.5126014,3388367615.6443634,3408492396.3502903,3429021260.547743,3449977379.025831,3471386322.3454127,3493276347.789781,3515678722.588688,3538628088.22306,3562162871.288431,3586325747.1653337,3611164163.6306887,3636730932.564286,3663084899.081014,3690291698.7784486,3718424615.361663,3747565552.7288795,3777806137.716016,3809248972.156161,3842009055.772517,3876215404.762727,3912012894.836659,3949564362.0458136,3989053000.1248803,4030685099.4287243,4074693180.127348,4121339581.4562845,4170920580.028138,4223771124.3301735,4280270290.9848747,4340847593.639931,4405990312.004442,4476252064.874013,4552262942.456214,4634741668.977824,4724510541.538162,4822514391.160902,4929845742.587315,5047780118.039525,5177828864.503623,5321823716.865132,5482061304.962961,5661565499.655982,5864591080.957182,6097643807.018068,6371659114.42433,6706910381.095586,7144638166.513798,7775605357.09934,8808461484.703669,10671000427.798117,0.0
30180.0,-5478775162.843882,-5540627377.081221,-5602566109.086547,-5664590460.431985,-5726699518.269184,-5788892355.230336,-5851168029.330727,-5913525583.872921,-5975964047.352829,-6038482433.367561,-6101079740.52535,-6163754952.357523,-6226507037.232711,-6289334948.273424,-6352237623.27506,-6415213984.627484,-6478262939.239355,-6541383378.465343,-6604574178.036227,-6667834197.992227,-6731162282.61959,1827772886.096786,1829773428.5492916,1831786511.338236,1833812270.1553962,1835850842.4721339,1837902367.5653882,1839966986.544065,1842044842.3758454,1844136079.9144087,1846240845.9270875,1848359289.122946,1850491560.1813097,1852637811.7807274,1854798198.628403,1856972877.4900742,1859162007.220369,1861365748.793634,1863584265.335247,1865817722.1534169,1868066286.771494,1870330128.9607716,1872609420.7738163,1874904336.5783093,1877215053.0914323,1879541749.4147797,1881884607.0698314,1884243810.033972,1886619544.7770832,1889012000.298707,1891421368.1657968,1893847842.551052,1896291620.2718718,1898752900.8298998,1901231886.4512048,1903728782.1270905,1906243795.655538,1908777137.6833105,1911329021.7487073,1913899664.3249974,1916489284.864535,1919098105.8435564,1921726352.807693,1924374254.4181933,1927042042.4988604,1929729952.0837445,1932438221.4655607,1935167092.244883,1937916809.3801007,1940687621.2381508,1943479779.6460574,1946293539.943268,1949129161.0348094,1951986905.445273,1954867039.3736453,1957769832.7489965,1960695559.287028,1963644496.547515,1966616925.992628,1969613133.0461786,1972633407.153778,1975678041.8439274,1978747334.7900681,1981841587.8735883,1984961107.2478063,1988106203.40295,1991277191.2321436,1994474390.0984104,1997698123.902713,2000948721.1530595,2004226515.034647,2007531843.481123,2010865049.2469163,2014226479.980702,2017616488.2999861,2021035431.8668444,2024483673.4648135,2027961581.0769868,2031469527.9652781,2035007892.7509277,2038577059.4962196,2042177417.7874682,2045809362.8192625,2049473295.4800043,2053169622.438745,2056898756.2333593,2060661115.3600578,2064457124.3642592,2068287213.9328601,2072151820.9878972,2076051388.7816439,2079986366.99315,2083957211.8262582,2087964386.109096,2092008359.3950963,2096089608.0655513,2100208615.4337234,2104365871.8505387,2108561874.811901,2112797129.0676274,2117072146.7320554,2121387447.3963344,2125743558.2424297,2130141014.1588752,2134580357.8582983,2139062139.9967532,2143586919.2948823,2148155262.6609497,2152767745.3157825,2157424950.9196415,2162127471.7010717,2166875908.587762,2171670871.33946,2176512978.682981,2181402858.4493513,2186341147.71314,2191328492.934018,2196365550.100602,2201452984.876631,2206591472.7495365,2211781699.1814613,2217024359.762795,2222320160.3682833,2227669817.3157873,2233074057.527775,2238533618.6956067,2244049249.4467154,2249621709.5147595,2255251769.9128556,2260940213.109984,2266687833.210682,2272495436.1381426,2278363839.8208404,2284293874.382825,2290286382.3378243,2296342218.787306,2302462251.6226892,2308647361.7318482,2314898443.210141,2321216403.576142,2327602163.9923277,2334056659.490942,2340580839.2053103,2347175666.606888,2353842119.7483587,2360581191.513088,2367393889.87133,2374281238.143547,2381244275.2712793,2388284056.096022,2395401651.646605,2402598149.435614,2409874653.76544,2417232286.0446005,2424672185.1150184,2432195507.5910025,2439803428.2107677,2447497140.2013807,2455277855.658082,2463146805.9390655,2471105242.0768604,2479154435.2075624,2487295677.0192885,2495530280.221357,2503859579.035805,2512284929.713053,2520807711.0736246,2529429325.0780854,2538151197.427502,2546974778.1969767,2555901542.5050364,2564932991.221934,2574070651.720195,2583316078.6710715,2592670854.8909354,2602136592.2419844,2611714932.592134,2621407548.8393865,2631216146.006509,2641142462.412456,2651188270.9275756,2661355380.320383,2671645636.7044325,2682060925.094735,2692603171.0840855,2703274342.650773,2714076452.110288,2725011558.22502,2736081768.487321,2747289241.593009,2758636190.124139,2770124883.4619026,2781757650.952754,2793536885.3533273,2805465046.5825224,2817544665.812184,2829778349.931293,2842168786.422414,2854718748.6934342,2867431101.9124713,2880308809.3991423,2893354939.63144,2906572673.9341393,2919965314.922189,2933536295.7809772,2947289190.4747357,2961227724.984967,2975355789.692615,2989677453.030906,3004196976.550833,3018918831.557819,3033847717.496984,3048988582.285466,3064346644.813921,3079927419.865941,3095736745.7339916,3111780814.844063,3128066207.7389545,3144599930.8125505,3161389458.2350836,3178442778.56301,3195768446.5873213,3213375641.0417724,3231274228.8685822,3249474836.824498,3267988931.306046,3286828907.380352,3306008188.1286373,3325541335.5447655,3345444174.382789,3365733930.516967,3386429385.56734,3407551049.755553,3429121355.191501,3451164872.053907,3473708550.4194446,3496781990.817874,3520417746.9473963,3544651664.376816,3569523259.4914207,3595076143.4084163,3621358496.095795,3648423596.4743986,3676330414.8631525,3705144274.735727,3734937591.3822627,3765790695.6949935,3797792751.8954573,3831042778.5540504,3865650782.662091,3901739016.717637,3939443368.6555986,3978914893.811013,4020321496.690904,4063849767.7662125,4109706976.2290573,4158123212.889831,4209353666.946067,4263681004.549117,4321417793.48846,4382908883.435791,4448533600.195092,4518707538.756007,4593883635.403215,4674552054.720873,4761238237.11321,4854498224.503386,4954910166.954653,5063060875.9116125,5179526879.828538,5304851777.546877,5439528387.156981,5584010756.712954,5738816625.927742,5904836904.503632,6083946781.749632,6279125182.897143,6486252616.042351,6618587356.956745,5845796386.278279,0.0
30170.0,-5914897082.047257,-5974504919.362872,-6034184657.535675,-6093935380.454151,-6153756158.974162,-6213646050.854672,-6273604100.695749,-6333629339.87866,-6393720786.508537,-6453877445.359439,-6514098307.822044,-6574382351.854077,-6634728541.933574,-6695135829.015132,-6755603150.489256,-6816129430.144909,-6876713578.135478,-6937354490.948235,-6998051051.37739,-7058802128.50103,-7119606577.661938,1821627264.8010452,1823544307.4685388,1825473203.7789552,1827414083.8834553,1829367079.6773744,1831332324.8263822,1833309954.7930658,1835300106.8639498,1837302920.176946,1839318535.749259,1841347096.5057352,1843388747.307683,1845443634.9821525,1847511908.3517032,1849593718.264647,1851689217.6257873,1853798561.4276698,1855921906.7823272,1858059412.9535584,1860211241.3897247,1862377555.7570908,1864558521.9737105,1866754308.2438626,1868965085.093061,1871191025.4036329,1873432304.4508832,1875689099.9398565,1877961592.0426993,1880249963.436641,1882554399.3425996,1884875087.5644224,1887212218.528776,1889565985.3256946,1891936583.7497938,1894324212.3421748,1896729072.4330084,1899151368.1848357,1901591306.6365778,1904049097.748279,1906524954.4465873,1909019092.6709907,1911531731.4208248,1914063092.8030512,1916613402.080841,1919182887.7229536,1921771781.4539473,1924380318.3052163,1927008736.666885,1929657278.3405569,1932326188.5929537,1935015716.2104383,1937726113.5544524,1940457636.6178784,1943210545.0823402,1945985102.3764648,1948781575.7351158,1951600236.259613,1954441358.9789677,1957305222.9121358,1960192111.131318,1963102310.8263168,1966036113.3699784,1968993814.3847246,1971975713.810207,1974982115.9720979,1978013329.6520333,1981069668.158734,1984151449.4003258,1987258995.9578724,1990392635.1601534,1993552699.1596968,1996739525.0101006,1999953454.7446544,2003194835.456297,2006464019.3789163,2009761363.9700348,2013087231.9948957,2016441991.6119666,2019826016.4599044,2023239685.7459936,2026683384.3360915,2030157502.8461018,2033662437.7350159,2037198591.3995306,2040766372.2703023,2044366194.909829,2047998480.1120265,2051663655.0035088,2055362153.1466122,2059094414.6441927,2062860886.2462413,2066662021.4583378,2070498280.6519845,2074370131.1768599,2078278047.4750304,2082222511.197157,2086204011.3207273,2090223044.2703767,2094280114.0403223,2098375732.3189569,2102510418.6156578,2106684700.389851,2110899113.1823719,2115154200.7491863,2119450515.1975205,2123788617.1244419,2128169075.7579687,2132592469.1007385,2137059384.0763288,2141570416.6782556,2146126172.1217537,2150727264.998367,2155374319.4334583,2160067969.246683,2164808858.115513,2169597639.7419014,2174434978.022155,2179321547.220118,2184258032.1437454,2189245128.3251767,2194283542.2044044,2199373991.3166347,2204517204.4834785,2209713922.0080624,2214964895.8742,2220270889.949755,2225632680.1943245,2231051054.8714046,2236526814.7651744,2242060773.402067,2247653757.2773275,2253306606.086688,2259020172.9634023,2264795324.7208285,2270632942.10077,2276533920.027827,2282499167.869979,2288529609.705702,2294626184.5978527,2300789846.874666,2307021566.4181457,2313322328.960212,2319693136.3869705,2326135007.051473,2332648976.0954084,2339236095.780149,2345897435.8276467,2352634083.7716756,2359447145.3199725,2366337744.7278705,2373307025.1840467,2380356149.209062,2387486299.0674243,2394698677.1939626,2401994506.6353393,2409375031.5076213,2416841517.470884,2424395252.221893,2432037546.0060124,2439769732.1495476,2447593167.613864,2455509233.572697,2463519336.0142107,2471624906.3694572,2479827402.1690655,2488128307.730109,2496529134.8752804,2505031423.6866484,2513636743.2965436,2522346692.718225,2531162901.719312,2540087031.7411613,2549120776.867669,2558265864.8472905,2567524058.1723866,2576897155.220397,2586386991.461746,2595995440.7397885,2605724416.62867,2615575873.8754525,2625551809.9334655,2635654266.5945187,2645885331.7283077,2656247141.138157,2666741880.543111,2677371787.6973796,2688139154.6591825,2699046330.222259,2710095722.524614,2721289801.850519,2732631103.643421,2744122231.7492023,2755765861.9111958,2767564745.5406423,2779521713.788627,2791639681.9483786,2803921654.219768,2816370728.8712673,2828990103.8383884,2841783082.801828,2854753081.7932076,2867903636.3815374,2881238409.4993415,2894761199.973894,2908475951.836268,2922386764.4889975,2936497903.8222146,2950813814.378228,2965339132.6758265,2980078701.818183,2995037587.5223927,3010221095.7244005,3025634791.9306993,3041284522.5078697,3057176438.1229563,3073317019.572213,3089713106.2630777,3106371927.644679,3123301137.9161415,3140508854.3796396,3158003699.8471017,3175794849.555943,3193892083.100695,3212305841.944243,3231047293.135079,3250128399.925832,3269562000.063698,3289361892.605574,3309542934.1997643,3330121145.872163,3351113831.457411,3372539708.924226,3394419055.9576893,3416773871.278192,3439628053.2943373,3463007597.8018293,3486940816.5470476,3511458578.565667,3536594576.2736807,3562385618.317681,3588871951.165963,3616097611.319023,3644110809.806822,3672964350.2804546,3702716081.4440646,3733429383.738028,3765173688.9818563,3798025029.9885583,3832066614.8002768,3867389416.936244,3904092768.569251,3942284937.4127235,3982083659.681868,4023616589.893919,4067021612.1927624,4112446935.3964624,4160050862.1794276,4210001077.2949185,4262473233.668625,4317648517.782518,4375709729.878584,4436835192.53924,4501189458.218652,4568909248.463147,4640082202.276184,4714714632.495343,4792682236.159714,4873653964.776358,4956972918.829771,5041467017.715467,5125141608.212307,5204664380.56388,5274456042.243429,5324936904.620341,5338647929.931467,5279991811.046871,5062535483.839031,4425735762.745439,2414538966.5073366,0.0
30160.0,-6301877187.338678,-6359192640.754607,-6416566277.959109,-6473997177.087137,-6531484404.684584,-6589027015.676827,-6646624053.340001,-6704274549.274955,-6761977523.384221,-6819731983.851902,-6877536927.126714,-6935391337.908316,-6993294189.136894,-7051244441.986377,-7109241045.861169,-7167282938.396707,-7225369045.463843,-7283498281.177382,-7341669547.908645,-7399881736.302476,-7458133725.298684,1813946572.595784,1815771758.9423237,1817608033.1910622,1819455518.981692,1821314341.6487217,1823184628.2475853,1825066507.5811896,1826960110.2269132,1828865568.5640519,1830783016.8017302,1832712591.0072854,1834654429.135123,1836608671.0560694,1838575458.5872102,1840554935.522246,1842547247.662349,1844552542.8475554,1846570970.9886813,1848602684.09979,1850647836.3312018,1852706584.0030744,1854779085.6395545,1856865502.0035121,1858965996.13186,1861080733.371498,1863209881.4158492,1865353610.3420427,1867512092.6487193,1869685503.2944963,1871874019.737094,1874077821.973128,1876297092.5786,1878532016.7500741,1880782782.3465755,1883049579.932208,1885332602.8195128,1887632047.113574,1889948111.7568967,1892280998.5750594,1894630912.3231647,1896998060.7330906,1899382654.56158,1901784907.639151,1904205036.9198806,1906643262.5320454,1909099807.8296547,1911574899.4448853,1914068767.3414423,1916581644.868848,1919113768.8176932,1921665379.4758604,1924236720.685736,1926828039.9024358,1929439588.2530572,1932071620.596984,1934724395.5872555,1937398175.7330277,1940093227.463145,1942809821.1908364,1945548231.3795779,1948308736.6101122,1951091619.6486838,1953897167.5164785,1956725671.5603197,1959577427.5246272,1962452735.6246645,1965351900.6211193,1968275231.8960087,1971223043.5299695,1974195654.3809385,1977193388.1642632,1980216573.5342567,1983265544.1672473,1986340638.8461304,1989442201.5464594,1992570581.5241296,1995726133.4046388,1998909217.274008,2002120198.7713647,2005359449.183228,2008627345.5395422,2011924270.711482,2015250613.5110693,2018606768.792648,2021993137.5562463,2025410127.052862,2028858150.8917365,2032337629.1496267,2035848988.4821405,2039392662.2371783,2042969090.570518,2046578720.5635972,2050222006.3435392,2053899409.2054768,2057611397.7372193,2061358447.9463246,2065141043.3896165,2068959675.3052275,2072814842.7472057,2076707052.7227488,2080636820.3321443,2084604668.9114554,2088611130.1780503,2092656744.3790054,2096742060.4424977,2100867636.1322265,2105034038.2049594,2109241842.5712814,2113491634.4596157,2117784008.5836306,2122119569.3130958,2126498930.848287,2130922717.398059,2135391563.3616486,2139906113.5143511,2144467023.1971545,2149074958.5104566,2153730596.5119877,2158434625.4190536,2163187744.815236,2167990665.8616905,2172844111.5131707,2177748816.7389503,2182705528.748773,2187715007.224016,2192778024.5542297,2197895366.079236,2203067830.336965,2208296229.3172584,2213581388.7218037,2218924148.230466,2224325361.774214,2229785897.8149056,2235306639.632182,2240888485.6177354,2246532349.577258,2252239161.0403457,2258009865.578699,2263845425.132948,2269746818.3484592,2275715040.920504,2281751105.949187,2287856044.3045535,2294030905.0023437,2300276755.5908327,2306594682.549304,2312985791.698663,2319451208.624769,2325992079.1150894,2332609569.609332,2339304867.6647167,2346079182.4366302,2352933745.175444,2359869809.740306,2366888653.130804,2373991576.0374303,2381179903.41186,2388454985.0580997,2395818196.2456694,2403270938.346034,2410814639.4935822,2418450755.27258,2426180769.4315643,2434006194.6268125,2441928573.196598,2449949477.968075,2458070513.0987844,2466293314.954899,2474619553.0285063,2483050930.896372,2491589187.222848,2500236096.809756,2508993471.6963177,2517863162.3124356,2526847058.688898,2535947091.7283344,2545165234.5410976,2554503503.8505387,2563963961.4725585,2573548715.8746605,2583259923.8202176,2593099792.1041036,2603070579.386401,2613174598.131426,2623414216.659976,2633791861.3233666,2644310018.808602,2654971238.5848327,2665778135.502187,2676733392.55505,2687839763.82298,2699100077.603677,2710517239.753752,2722094237.2545366,2733834142.021817,2745740114.980179,2757815410.42467,2770063380.6946983,2782487481.187523,2795091275.7414584,2807878442.4218698,2820852779.746441,2834018213.3898344,2847378803.4120274,2860938752.0591145,2874702412.1904626,2888674296.391656,2902859086.838901,2917261645.9874496,2931887028.164171,2946740492.152874,2961827514.87027,2977153806.240761,2992725325.3895903,3008548298.2863727,3024629236.9847217,3040974960.618762,3057592618.333693,3074489714.3454533,3091674135.34386,3109154180.4745145,3126938594.1569915,3145036602.020587,3163457950.2637234,3182212948.7688866,3201312518.3311696,3220768242.384511,3240592423.634581,3260798146.0298533,3281399342.520804,3302410869.069406,3323848585.3738017,3345729442.76259,3368071579.6840796,3390894425.161582,3414218810.497412,3438067089.3744965,3462463266.3106456,3487433133.1477985,3513004412.882726,3539206909.6355762,3566072662.868466,3593636103.056515,3621934204.8125496,3651006631.8886027,3680895866.412652,3711647312.0240135,3743309357.0586877,3775933379.3595576,3809573668.317301,3844287231.943086,3880133446.528094,3917173492.914828,3955469505.396712,3995083335.046987,4036074796.2994156,4078499220.0004745,4122404071.967188,4167824303.9389935,4214775968.6728716,4263247428.290094,4313187174.263883,4364486790.474587,4416956811.385874,4470291954.62186,4524020087.262303,4577425682.047363,4629432258.926655,4678417142.04524,4721911291.461513,4756097444.532932,4774939668.593706,4768603988.461056,4720426361.937466,4600682262.122534,4352842674.763954,3861988461.7268686,2891267041.685784,1151488028.6230116,0.0
30150.0,-6641785076.405887,-6696772863.987758,-6751806028.794332,-6806883653.933055,-6862004812.394089,-6917168567.049272,-6972373970.6542425,-7027620065.85363,-7082905885.189701,-7138230451.114278,-7193592776.004308,-7248991862.181019,-7304426701.932854,-7359896277.542356,-7415399561.317036,-7470935515.624435,-7526503092.931454,-7582101235.848183,-7637728877.176258,-7693384939.961932,-7749068337.554094,1804784888.803947,1806510308.2280486,1808245974.7624233,1809992004.599988,1811748515.565372,1813515627.140749,1815293460.4921198,1817082138.4960506,1818881785.766875,1820692528.6843722,1822514495.4219246,1824347815.9751728,1826192622.191163,1828049047.7980142,1829917228.4350982,1831797301.6837559,1833689407.098548,1835593686.2390578,1837510282.7022607,1839439342.1554515,1841381012.369772,1843335443.2543144,1845302786.890843,1847283197.569125,1849276831.822891,1851283848.4664395,1853304408.631888,1855338675.8070912,1857386815.8742433,1859448997.149163,1861525390.421286,1863616168.9943788,1865721508.7279816,1867841588.0795953,1869976588.1476395,1872126692.715171,1874292088.2944078,1876472964.1720517,1878669512.4554355,1880881928.1195078,1883110409.054675,1885355156.1155143,1887616373.170376,1889894267.151889,1892189048.1084025,1894500929.2563565,1896830127.0336251,1899176861.1538384,1901541354.6617029,1903923833.98935,1906324529.0137162,1908743673.1149988,1911181503.236182,1913638259.943685,1916114187.4891272,1918609533.872247,1921124550.9050074,1923659494.2768836,1926214623.6213923,1928790202.583859,1931386498.890464,1934003784.4185998,1936642335.2685394,1939302431.83648,1941984358.8889618,1944688405.638703,1947414865.821885,1950164037.776907,1952936224.5246437,1955731733.850258,1958550878.3865652,1961393975.699017,1964261348.3723204,1967153324.098734,1970070235.7680745,1973012421.5594752,1975980225.0349355,1978973995.2346947,1981994086.7744713,1985040859.9446223,1988114680.8112464,1991215921.3192914,1994344959.397693,1997502179.0666203,2000687970.5468416,2003902730.3712852,2007146861.4988327,2010420773.430403,2013724882.3273835,2017059611.1324492,2020425389.6928458,2023822654.8861845,2027251850.7488089,2030713428.606799,2034207847.2096817,2037735572.8669033,2041297079.5871391,2044892849.2205174,2048523371.603815,2052189144.7087202,2055890674.7932138,2059628476.5561898,2063403073.2953541,2067214997.068523,2071064788.8583913,2074952998.7408767,2078880186.0571225,2082846919.589271,2086853777.7401059,2090901348.716672,2094990230.71798,2099121032.1269238,2103294371.7065172,2107510878.800583,2111771193.5390227,2116075967.0478048,2120425861.6638045,2124821551.1546597,2129263720.9437666,2133753068.34061,2138290302.7765617,2142876146.0463433,2147511332.5553236,2152196609.5728416,2156932737.491748,2161720490.0943804,2166560654.825182,2171454033.070187,2176401440.44361,2181403707.0817895,2186461677.9447355,2191576213.125562,2196748188.1680784,2201978494.3928437,2207268039.2319875,2212617746.5731354,2218028557.1127687,2223501428.71939,2229037336.806869,2234637274.718364,2240302254.1212387,2246033305.4134183,2251831478.141633,2257697841.4320655,2263633484.4338717,2269639516.77616,2275717069.038956,2281867293.2387977,2288091363.329532,2294390475.7190523,2300765849.802617,2307218728.513515,2313750378.89188,2320362092.6724463,2327055186.89214,2333831004.5184226,2340690915.0993695,2347636315.4365015,2354668630.2814684,2361789313.05774,2368999846.608523,2376301743.9721885,2383696549.186596,2391185838.123738,2398771219.3562756,2406454335.05755,2414236861.9368315,2422120512.2116146,2430107034.618906,2438198215.467565,2446395879.7338758,2454701892.202682,2463118158.6565394,2471646627.1155105,2480289289.1303716,2489048181.1322184,2497925385.8415837,2506923033.740444,2516043304.6106644,2525288429.1426787,2534660690.6184645,2544162426.6731005,2553796031.1395183,2563563955.981354,2573468713.3191204,2583512877.555303,2593699087.604344,2604030049.233894,2614508537.5241785,2625137399.4527574,2635919556.612519,2646858008.071299,2657955833.382085,2669216195.753468,2680642345.390666,2692237623.018248,2704005463.5964727,2715949400.244072,2728073068.3812876,2740380210.1079965,2752874678.832886,2765560444.1709056,2778441597.127492,2791522355.58953,2804807070.144517,2818300230.251065,2832006470.7856364,2845930578.992251,2860077501.863972,2874452353.9870048,2889060425.8804836,2903907192.8673096,2918998324.513689,2934339694.677422,2949937392.2072277,2965797732.337578,2981927268.825449,2998332806.876928,3015021416.912573,3032000449.2206163,3049277549.546099,3066860675.6614065,3084758114.959094,3102978503.1003222,3121530843.741035,3140424529.3419433,3159669363.0459595,3179275581.5760894,3199253879.065607,3219615431.677523,3240371922.798113,3261535568.4948125,3283119142.8058295,3305136002.2698474,3327600108.8991685,3350526050.5364165,3373929057.1977296,3397825011.5746493,3422230451.3176866,3447162560.0255694,3472639142.975746,3498678582.5038223,3525299766.508975,3552521981.7488375,3580364761.2890196,3608847672.5599585,3637990028.781345,3667810501.829162,3698326608.667008,3729554035.881715,3761505757.177772,3794190886.257555,3827613191.4737105,3861769177.7729087,3896645614.0253305,3932216347.322198,3968438196.4294586,4005245648.4727416,4042543986.9006305,4080200340.0166802,4118031933.543439,4155790517.057109,4193141443.4325294,4229635092.9471507,4264667039.183511,4297421176.778968,4326786287.328048,4351229935.263371,4368601726.526548,4375816052.086707,4368322854.399704,4339193985.093654,4277492277.2820807,4165275099.3998127,3972017481.167141,3644635188.038025,3093903071.9168444,2210841933.583743,1201749947.988764,0.0
30140.0,-6936715282.757226,-6989351981.098198,-7042022161.210535,-7094724920.666172,-7147459348.394232,-7200224524.707725,-7253019521.333695,-7305843401.446794,-7358695219.706541,-7411574022.298279,-7464478846.977976,-7517408723.120981,-7570362671.774856,-7623339705.716435,-7676338829.513167,-7729359039.588965,-7782399324.2945795,-7835458663.982782,-7888536031.088311,-7941630390.212869,-7994740698.215273,1794201885.05023,1795820120.1288183,1797447691.005671,1799084705.5345182,1800731273.12427,1802387504.7643476,1804053513.0504603,1805729412.210849,1807415318.1330023,1809111348.3908472,1810817622.27244,1812534260.8081474,1814261386.7993438,1815999124.847625,1817747601.384552,1819506944.7019372,1821277284.9826822,1823058754.332172,1824851486.8102498,1826655618.463772,1828471287.3597608,1830298633.6191654,1832137799.45124,1833988929.188564,1835852169.3226933,1837727668.5404851,1839615577.7610817,1841516050.1735919,1843429241.2754571,1845355308.9115477,1847294413.3139699,1849246717.1426318,1851212385.5265532,1853191586.1059573,1855184489.075151,1857191267.2262063,1859212095.9934678,1861247153.4988964,1863296620.5982711,1865360680.9282658,1867439520.9544146,1869533330.0199902,1871642300.395814,1873766627.3310096,1875906509.1047328,1878062147.078885,1880233745.75184,1882421512.8132014,1884625659.1996148,1886846399.151652,1889083950.2718036,1891338533.5835776,1893610373.591763,1895899698.3438485,1898206739.4926496,1900531732.360148,1902874916.0025856,1905236533.276832,1907616830.9080563,1910016059.5587277,1912434473.8989828,1914872332.6783793,1917329898.7990732,1919807439.3904507,1922305225.8852417,1924823534.097159,1927362644.3000824,1929922841.3088372,1932504414.5615954,1935107658.2039297,1937732871.17458,1940380357.2929447,1943050425.3483524,1945743389.191155,1948459567.825678,1951199285.505071,1953962871.8281136,1956750661.8380063,1959562996.1232066,1962400220.9203558,1965262688.2193336,1968150755.8705149,1971064787.694261,1974005153.5927105,1976972229.6639154,1979966398.3183975,1982988048.3981647,1986037575.298257,1989115381.0908906,1992221874.6522515,1995357471.7920172,1998522595.3856726,2001717675.509683,2004943149.5796037,2008199462.4912148,2011487066.764726,2014806422.6921685,2018157998.488032,2021542270.443245,2024959723.0825846,2028410849.3256052,2031896150.6511805,2035416137.2657676,2038971328.275474,2042562251.862062,2046189445.4629655,2049853455.955462,2053554839.8451009,2057294163.4585075,2061072003.1407018,2064888945.4570448,2068745587.399965,2072642536.6005874,2076580411.545432,2080559841.7983031,2084581468.2275596,2088645943.2389038,2092753931.013871,2096906107.7541845,2101103161.93218,2105345794.5474617,2109634719.3900099,2113970663.3099368,2118354366.4941037,2122786582.7498293,2127268079.7959146,2131799639.5612326,2136382058.4911256,2141016147.8618925,2145702734.1036134,2150442659.1316223,2155236780.686913,2160085972.6857886,2164991125.579096,2169953146.7213554,2174972960.7501736,2180051509.9762783,2185189754.78459,2190388674.04671,2195649265.5452595,2200972546.4105134,2206359553.5697756,2211811344.2099986,2217328996.254122,2222913608.8516912,2228566302.88428,2234288221.486294,2240080530.581788,2245944419.437874,2251881101.2354317,2257891813.6577806,2263977819.4980283,2270140407.285878,2276380891.934648,2282700615.4093547,2289100947.416698,2295583286.1178684,2302149058.8650947,2308799722.962934,2315536766.4553137,2322361708.939411,2329276102.407474,2336281532.1177573,2343379617.4957924,2350572013.067251,2357860409.4237328,2365246534.222846,2372732153.2240114,2380319071.3614883,2388009133.8561525,2395804227.3676496,2403706281.1885686,2411717268.48238,2419839207.566901,2428074163.245149,2436424248.185468,2444891624.3528996,2453478504.4937973,2462187153.6757565,2471019890.884963,2479979090.6831264,2489067184.9261646,2498286664.546896,2507640081.403948,2517130050.19915,2526759250.46565,2536530428.6290083,2546446400.1434245,2556510051.705288,2566724343.5460625,2577092311.8064933,2587617070.993922,2598301816.524348,2609149827.350628,2620164468.677947,2631349194.7673407,2642707551.8276324,2654243180.9957027,2665959821.4043503,2677861313.336396,2689951601.4627867,2702234738.161534,2714714886.913186,2727396325.7671595,2740283450.871725,2753380780.058605,2766692956.4709578,2780224752.221033,2793981072.060823,2807966957.045554,2822187588.1658278,2836648289.919434,2851354533.788255,2866311941.5790915,2881526288.579459,2897003506.4702034,2912749685.925956,2928771078.821539,2945074099.9471765,2961665328.1171255,2978551506.534719,2995739542.2507896,3013236504.5214787,3031049621.8340683,3049186277.3246465,3067654002.2573357,3086460467.1693983,3105613470.207406,3125120922.083563,3144990826.964469,3165231258.462267,3185850329.724396,3206856156.405728,3228256811.0466323,3250060267.061254,3272274330.1479635,3294906554.4511533,3317964140.2086473,3341453808.8849506,3365381650.8838177,3389752939.8121805,3414571905.8791633,3439841459.293377,3465562852.387398,3491735266.5483985,3518355306.7402654,3545416382.305085,3572907947.6279645,3600814569.883436,3629114783.128162,3657779678.0453963,3686771164.138825,3716039825.401516,3745522270.4890895,3775137852.884178,3804784603.5870256,3834334175.7911882,3863625543.7296157,3892457120.0954585,3920576848.0934715,3947669668.7955623,3973341534.483112,3997098786.954454,4018321164.4780993,4036225797.5866785,4049818043.099642,4057822416.757149,4058582351.582546,4049909426.5295725,4028848114.1668944,3991295678.832793,3931370046.9855657,3840342030.8053627,3704856106.2371855,3504218491.593452,3207617301.831886,2778276609.032788,2217797903.457101,1731488020.6499102,0.0
30130.0,-7188775921.088646,-7239049090.723932,-7289344749.35421,-7339662017.265324,-7390000007.554315,-7440357826.180861,-7490734572.022453,-7541129336.933163,-7591541205.806355,-7641969256.641273,-7692412560.613701,-7742870182.150777,-7793341179.010069,-7843824602.363082,-7894319496.88324,-7944824900.838506,-7995339846.188789,-8045863358.688232,-8096394457.992479,-8146932157.771133,-8197475465.825485,1782262525.0887742,1783766695.9233212,1785279225.760302,1786800213.271814,1788329758.595613,1789867963.3597054,1791414930.7073905,1792970765.3227727,1794535573.4567397,1796109462.9534297,1797692543.2771888,1799284925.5400324,1800886722.529618,1802498048.7377415,1804119020.389371,1805749755.4722233,1807390373.7668953,1809040996.8775682,1810701748.2632864,1812372753.2698326,1814054139.1621995,1815746035.1576886,1817448572.4596324,1819161884.2917542,1820886105.9331932,1822621374.7541952,1824367830.2524862,1826125614.0903416,1827894870.1323764,1829675744.484055,1831468385.5309474,1833272943.9787464,1835089572.8940563,1836918427.7459755,1838759666.4484887,1840613449.4036808,1842479939.5458016,1844359302.386185,1846251706.0590525,1848157321.3682182,1850076321.8347065,1852008883.7453158,1853955186.2021372,1855915411.1730547,1857889743.5432491,1859878371.1677227,1861881484.924873,1863899278.7711387,1865931949.7967267,1867979698.2824762,1870042727.7578483,1872121245.060091,1874215460.3946,1876325587.3964937,1878451843.1934476,1880594448.4697921,1882753627.5319266,1884929608.3750668,1887122622.7513533,1889332906.2393622,1891560698.3150449,1893806242.4241269,1896069786.056007,1898351580.8191805,1900651882.5182393,1902970951.232464,1905309051.3960676,1907666451.8801038,1910043426.0761142,1912440251.981515,1914857212.286802,1917294594.4645877,1919752690.8605366,1922231798.786228,1924732220.6140082,1927254263.8738623,1929798241.352375,1932364471.193814,1934953277.0033967,1937564987.9528015,1940199938.8879573,1942858470.4391944,1945540929.1337953,1948247667.5110207,1950979044.2396555,1953735424.2381687,1956517178.797513,1959324685.7066722,1962158329.3810005,1965018500.9934344,1967905598.6086574,1970820027.3202868,1973762199.3911648,1976732534.3968406,1979731459.3723197,1982759408.962177,1985816825.5741203,1988904159.5360951,1992021869.2570279,1995170421.391315,1998350291.0071578,2001561961.7588334,2004805926.0630398,2008082685.2794073,2011392749.8953056,2014736639.715065,2018114884.0537314,2021528021.9354994,2024976602.296949,2028461184.1952267,2031982337.0213196,2035540640.7185674,2039136686.006578,2042771074.610692,2046444419.4971797,2050157345.1143374,2053910487.6396565,2057704495.2332604,2061540028.2978048,2065417759.745031,2069338375.269189,2073302573.6275454,2077311066.9281988,2081364580.9254367,2085463855.3228784,2089609644.084647,2093802715.754844,2098043853.7855873,2102333856.873899,2106673539.3077314,2111063731.3214521,2115505279.461073,2119999046.9595816,2124545914.122707,2129146778.7254636,2133802556.4198613,2138514181.1541464,2143282605.6039915,2148108801.616026,2152993760.664161,2157938494.319135,2162944034.7317634,2168011435.1303525,2173141770.3328075,2178336137.2739244,2183595655.5484324,2188921467.9703197,2194314741.149059,2199776666.083294,2205308458.772648,2210911360.8482757,2216586640.2228403,2222335591.7606034,2228159537.9683475,2234059829.707862,2240037846.9307575,2246094999.436409,2252232727.6538043,2258452503.448164,2264755830.953166,2271144247.4296513,2277619324.1517067,2284182667.3210487,2290835919.0106187,2297580758.1383495,2304418901.4720488,2311352104.6663785,2318382163.332876,2325510914.144011,2332740235.9722223,2340072051.0648904,2347508326.256194,2355051074.2167177,2362702354.7417192,2370464276.0788326,2378338996.2959895,2386328724.690222,2394435723.237917,2402662308.0870047,2411010851.0913897,2419483781.3877997,2428083587.014998,2436812816.5751276,2445674080.936639,2454670054.977964,2463803479.3707576,2473077162.401081,2482493981.8264413,2492056886.7660456,2501768899.620997,2511633118.020432,2521652716.7887654,2531830949.9282627,2542171152.610078,2552676743.165638,2563351225.06888,2574198188.898195,2585221314.2651353,2596424371.69485,2607811224.4408298,2619385830.213863,2631152242.8020296,2643114613.555082,2655277192.7025695,2667644330.4705935,2680220477.9568977,2693010187.718194,2706018114.016944,2719249012.667215,2732707740.4106455,2746399253.743571,2760328607.105194,2774500950.32371,2788921525.202566,2803595661.112108,2818528769.432447,2833726336.671068,2849193916.0530086,2864937117.351819,2880961594.695318,2897273032.040579,2913877125.966677,2930779565.380435,2947986007.668341,2965502050.7553353,2983333200.4465265,3001484832.328515,3019962147.3903112,3038770120.3863363,3057913439.80151,3077396438.086165,3097223010.600125,3117396521.4335375,3137919693.9477463,3158794483.491594,3180021929.2833443,3201601981.8893585,3223533302.057011,3245813025.846114,3268436490.019098,3291396910.4573894,3314685004.922725,3338288549.7198954,3362191857.670561,3386375162.188907,3410813889.052086,3435477793.550026,3460329935.919818,3485325462.1231666,3510410149.872527,3535518671.062386,3560572511.064968,3585477472.279703,3610120673.368977,3634366936.1472855,3658054428.3581533,3680989401.6343045,3702939828.5994167,3723627699.7570763,3742719687.321336,3759815816.1915264,3774435696.6545653,3786001760.403577,3793818786.009172,3797048775.518045,3794679903.86334,3785487728.3482466,3767985993.7451735,3740363050.108163,3700398103.3026905,3645350120.509333,3571815898.838168,3475581572.4191566,3351612896.6772885,3194776679.2462945,3003338827.046681,2790873504.4566593,2610466519.5992804,2466553023.604045,0.0
30120.0,-7400078165.330641,-7447985477.011267,-7495905171.152414,-7543836397.771826,-7591778301.111233,-7639730019.709477,-7687690686.47948,-7735659428.7888975,-7783635368.544924,-7831617622.283019,-7879605301.259853,-7927597511.550501,-7975593354.149993,-8023591925.079413,-8071592315.49651,-8119593611.811058,-8167594895.805064,-8215595244.757888,-8263593731.576419,-8311589424.930471,-8359581389.393464,1769036735.783834,1770420541.1537023,1771811668.7540667,1773210207.2896442,1774616246.8288426,1776029878.8273869,1777451196.1523983,1778880293.1069305,1780317265.4549768,1781762210.4469626,1783215226.8457186,1784676414.9529629,1786145876.6362908,1787623715.3566842,1789110036.1965609,1790604945.8883595,1792108552.8436885,1793620967.1830347,1795142300.7660587,1796672667.2224815,1798212181.9835713,1799760962.314255,1801319127.3458538,1802886798.1094732,1804464097.570043,1806051150.6610382,1807648084.3198795,1809255027.524044,1810872111.3278942,1812499468.9002361,1814137235.5626311,1815785548.8284736,1817444548.4428556,1819114376.4232237,1820795177.1008675,1822487097.1632345,1824190285.6971037,1825904894.2326374,1827631076.7883244,1829368989.9168372,1831118792.7518241,1832880647.0556622,1834654717.2681804,1836441170.5563898,1838240176.8652327,1840051908.969377,1841876542.5260847,1843714256.1291714,1845565231.364087,1847429652.8641407,1849307708.3678994,1851199588.7777863,1853105488.2199013,1855025604.1051064,1856960137.191386,1858909291.6475308,1860873275.1181633,1862852298.7901425,1864846577.4603803,1866856329.6050994,1868881777.4505773,1870923147.0453901,1872980668.3342261,1875054575.233267,1877145105.7072117,1879252501.8479548,1881377009.9549766,1883518880.6174815,1885678368.7983184,1887855733.919749,1890051239.9510844,1892265155.498253,1894497753.8953424,1896749313.2981656,1899020116.7798963,1901310452.428838,1903620613.4483676,1905950898.259115,1908301610.6034353,1910673059.6522338,1913065560.1141977,1915479432.3475027,1917915002.4740562,1920372602.496344,1922852570.416948,1925355250.3607993,1927880992.7002523,1930430154.1830375,1933003098.063186,1935600194.2349842,1938221819.3700697,1940868357.0577176,1943540197.9484353,1946237739.9009306,1948961388.1325626,1951711555.373365,1954488662.0237336,1957293136.3158913,1960125414.4792233,1962985940.9096022,1965875168.342811,1968793558.0321712,1971741579.9305015,1974719712.876545,1977728444.7859643,1980768272.847056,1983839703.721316,1986943253.7489958,1990079449.1597972,1993248826.2888532,1996451931.7981534,1999689322.903575,2002961567.6076887,2006269244.9385056,2009612945.1943533,2012993270.1950543,2016410833.5396137,2019866260.8706014,2023360190.1454425,2026893271.9148216,2030466169.6084282,2034079559.8282728,2037734132.6497958,2041430591.9310346,2045169655.630086,2048952056.131135,2052778540.57932,2056649871.2247124,2060566825.7757134,2064530197.762157,2068540796.9084353,2072599449.5169826,2076706998.8624296,2080864305.5968063,2085072248.1661198,2089331723.2387033,2093643646.1457107,2098008951.334151,2102428592.8328915,2106903544.7320187,2111434801.6760416,2116023379.371353,2120670315.1084323,2125376668.2992704,2130143521.0305095,2134971978.6328146,2139863170.266994,2144818249.5274167,2149838395.0632772,2154924811.2182827,2160078728.689331,2165301405.2047944,2170594126.2229958,2175958205.651519,2181394986.5879602,2186905842.082775,2192492175.9248614,2198155423.4505243,2203897052.37648,2209718563.657556,2215621492.3697267,2221607408.619138,2227677918.477738,2233834664.9461527,2240079328.9443607,2246413630.330767,2252839328.950181,2259358225.7111692,2265972163.6932373,2272683029.2841597,2279492753.347758,2286403312.4222975,2293416729.9495597,2300535077.534546,2307760476.235573,2315095097.8843727,2322541166.4355907,2330100959.3448424,2337776808.9742126,2345571104.0237684,2353486290.9872985,2361524875.630085,2369689424.486042,2377982566.371017,2386406993.908455,2394965465.0629377,2403660804.676307,2412495906.00023,2421473732.2180066,2430597317.947354,2439869770.714526,2449294272.3887525,2458874080.5642614,2468612529.875354,2478513033.2278237,2488579082.9277105,2498814251.68562,2509222193.471881,2519806644.194331,2530571422.1666923,2541520428.3311343,2552657646.193697,2563987141.425679,2575513061.0778413,2587239632.347172,2599171160.8279767,2611312028.1699862,2623666689.055956,2636239667.3996935,2649035551.652332,2662058989.089884,2675314678.9383383,2688807364.173548,2702541821.8116055,2716522851.480951,2730755262.0396514,2745243855.9697194,2759993411.244361,2775008660.323116,2790294265.8831005,2805854792.841264,2821694676.1615148,2837818183.870805,2854229374.6281114,2870932049.0983043,2887929694.277085,2905225419.7912297,2922821885.057554,2940721216.021219,2958924910.0051517,2977433726.9831457,2996247565.3339224,3015365319.8356986,3034784719.312603,3054502140.9362507,3074512397.7063804,3094808495.070086,3115381351.9729896,3136219480.8478007,3157308620.111652,3178631311.6340513,3200166414.316882,3221888543.353675,3243767422.856311,3265767137.29186,3287845264.487693,3309951869.7538567,3332028336.8389406,3354006006.8673615,3375804590.9798465,3397330315.988769,3418473754.849862,3439107285.061463,3459082108.2334876,3478224753.1853766,3496332973.5009284,3513170939.489875,3528463615.9171085,3541890214.2018375,3553076617.348515,3561586708.6304307,3566912610.045202,3568463986.800245,3565556857.114122,3557402864.0509543,3543100900.8984914,3521634672.256513,3491882868.134145,3452654423.8587537,3402772544.3772726,3341253710.277007,3267675162.2284136,3182927167.022053,3090773099.11735,3001118517.028416,2936670652.856734,2944161298.6685586,3095079776.6977973,3346272734.6500726,0.0
30110.0,-7572726570.850058,-7618274940.785025,-7663826449.493395,-7709380282.540043,-7754935621.067372,-7800491641.886938,-7846047517.574829,-7891602416.570957,-7937155503.282384,-7982705938.190674,-8028252877.96349,-8073795475.570419,-8119332880.40322,-8164864238.400521,-8210388692.177114,-8255905381.157938,-8301413441.716842,-8346912007.320286,-8392400208.675988,-8437877173.886735,-8483342028.609434,1754599051.3584852,1755856806.4101086,1757120792.8861802,1758391088.801326,1759667773.4201074,1760950927.2794635,1762240632.2115932,1763536971.367288,1764840029.2397342,1766149891.6887755,1767466645.965669,1768790380.7383277,1770121186.117067,1771459153.6808696,1772804376.5041733,1774156949.1841927,1775516967.8687992,1776884530.284954,1778259735.767718,1779642685.2898502,1781033481.492,1782432228.7135208,1783839033.0238974,1785254002.2548296,1786677246.0329576,1788108875.8132608,1789549004.9131463,1790997748.54723,1792455223.8628352,1793921549.9762287,1795396848.0095978,1796881241.128798,1798374854.5818815,1799877815.7384272,1801390254.129693,1802912301.4895992,1804444091.7965758,1805985761.3162882,1807537448.6452508,1809099294.7553706,1810671443.0394242,1812254039.357496,1813847232.0844052,1815451172.1581342,1817066013.1292946,1818691911.2116394,1820329025.333665,1821977517.191312,1823637551.3018036,1825309295.0586348,1826992918.787756,1828688595.8049703,1830396502.4745717,1832116818.2692575,1833849725.8313513,1835595411.0353558,1837354063.0518796,1839125874.412962,1840911041.078839,1842709762.5061781,1844522241.717823,1846348685.3740811,1848189303.845597,1850044311.2878482,1851913925.7173035,1853798369.0892844,1855697867.3775802,1857612650.6558456,1859542953.1808405,1861489013.4775527,1863451074.426249,1865429383.3515077,1867424192.1132815,1869435757.200042,1871464339.824061,1873510206.0188844,1875573626.739051,1877654877.9621222,1879754240.7930727,1881872001.571114,1884008451.9790132,1886163889.1549587,1888338615.8070652,1890532940.3305678,1892747176.9277794,1894981645.7309005,1897236672.9277394,1899512590.8904269,1901809738.3072186,1904128460.3174472,1906469108.6497326,1908832041.7635214,1911217624.9940572,1913626230.7008758,1916058238.4199185,1918514035.019369,1920994014.8593113,1923498579.9553266,1926028140.146127,1928583113.2653527,1931163925.317641,1933771010.659093,1936404812.1822634,1939065781.5058055,1941754379.1688995,1944471074.830613,1947216347.4743187,1949990685.617344,1952794587.5259762,1955628561.4360015,1958493125.7789345,1961388809.4141042,1964316151.8667731,1967275703.57247,1970268026.1277204,1973293692.5473647,1976353287.5286784,1979447407.722465,1982576662.0113783,1985741671.7956529,1988943071.286501,1992181507.807384,1995457642.103421,1998772148.6591718,2002125716.0250583,2005519047.1526885,2008952859.7393532,2012427886.5820014,2015944875.940956,2019504591.913699,2023107814.8190267,2026755341.5918996,2030447986.1893227,2034186580.0075977,2037971972.3112922,2041805030.6743085,2045686641.43341,2049617710.1545918,2053599162.112706,2057631942.78473,2061717018.3571095,2065855376.2476006,2070048025.6420364,2074295998.0465016,2078600347.8553278,2082962152.9354177,2087382515.2273533,2091862561.3637776,2096403443.3055446,2101006338.996134,2105672453.0348396,2110403017.3692217,2115199292.0073519,2120062565.7503498,2124994156.9457107,2129995414.26193,2135067717.4849248,2140212478.3367085,2145431141.3168042,2150725184.566827,2156096120.7586493,2161545498.006534,2167074900.8035827,2172685950.9827824,2178380308.702896,2184159673.4593697,2190025785.1203384,2195980424.987742,2202025416.8834305,2208162628.2600493,2214393971.3363,2220721404.2560744,2227146932.2707086,2233672608.9434347,2240300537.374835,2247032871.4478354,2253871817.090459,2260819633.5541897,2267878634.7053857,2275051190.326733,2282339727.4251776,2289746731.542201,2297274748.061616,2304926383.5093017,2312704306.8384485,2320611250.692895,2328650012.6400576,2336823456.3637333,2345134512.8056464,2353586181.2430573,2362181530.288009,2370923698.7917857,2379815896.6359386,2388861405.3887434,2398063578.8031187,2407425843.128878,2416951697.2086267,2426644712.322599,2436508531.743252,2446546869.9553375,2456763511.49151,2467162309.327102,2477747182.7705293,2488522114.7776494,2499491148.609338,2510658383.7412624,2522027970.9233317,2533604106.2733054,2545391024.2744503,2557392989.5307064,2569614287.1142573,2582059211.3195987,2594732052.614601,2607637082.5526495,2620778536.379938,2634160593.0383506,2647787352.2262025,2661662808.1361485,2675790819.440941,2690175075.0427647,2704819055.0397143,2719725986.292607,2734898791.8955626,2750340033.7634726,2766051847.446846,2782035868.1681743,2798293146.9415717,2814824055.4869223,2831628178.4783683,2848704191.4715266,2866049722.6308255,2883661196.1235485,2901533654.7556124,2919660559.0902114,2938033559.9073715,2956642240.4224396,2975473824.175439,2994512843.9201226,3013740766.1691008,3033135565.274574,3052671240.0260305,3072317264.706616,3092037965.3457947,3111791810.5113487,3131530604.369342,3151198567.8749504,3170731291.8076572,3190054542.901166,3209082901.5199575,3227718206.1982784,3245847776.9188027,3263342385.372867,3280053936.8422737,3295812825.221621,3310424920.880624,3323668152.0034685,3335288646.2700787,3344996415.6193504,3352460599.805902,3357304347.232607,3359099525.7849503,3357361659.2002673,3351545839.6925087,3341044985.794295,3325192889.6524153,3303276374.953253,3274564187.7537136,3238366113.6170425,3194146406.6290035,3141735034.0333276,3081716364.0142236,3016142579.7690244,2949843931.6957407,2892822529.538805,2864502762.8030157,2900595958.006081,3061160440.420452,3429694559.225205,4110144797.481702,0.0
30100.0,-7708810243.38207,-7752014984.708075,-7795214454.644521,-7838407878.960132,-7881594480.280154,-7924773478.193105,-7967944089.36142,-8011105527.6358385,-8054257004.173867,-8097397727.562203,-8140526903.943319,-8183643737.146244,-8226747428.821656,-8269837178.581381,-8312912184.142352,-8355971641.475145,-8399014744.95722,-8442040687.530905,-8485048660.86623,-8528037855.52874,-8571007461.152381,1739028233.1869934,1740154903.4128227,1741286666.5588744,1742423589.2958994,1743565739.4198132,1744713185.8727326,1745865998.7644446,1747024249.3943112,1748188010.2736251,1749357355.1484265,1750532359.0227826,1751713098.1825535,1752899650.2196467,1754092094.0567684,1755290509.9726965,1756494979.628067,1757705586.0917094,1758922413.8675196,1760145548.9219005,1761375078.7117712,1762611092.2131739,1763853679.9504628,1765102934.026129,1766358948.1512337,1767621817.6765008,1768891639.6240568,1770168512.7198462,1771452537.4267387,1772743815.9783366,1774042452.4135082,1775348552.6116533,1776662224.3287294,1777983577.2340488,1779312722.947867,1780649775.0797784,1781994849.2679489,1783348063.2191882,1784709536.7498956,1786079391.827898,1787457752.6151917,1788844745.5116231,1790240499.1995246,1791645144.6893215,1793058815.3661516,1794481647.0375009,1795913777.981896,1797355348.9986699,1798806503.458834,1800267387.3570733,1801738149.364909,1803218940.8850324,1804709916.1068707,1806211232.0633826,1807723048.689138,1809245528.879702,1810778838.552362,1812323146.708223,1813878625.4957163,1815445450.275543,1817023799.687109,1818613855.7164633,1820215803.7658033,1821829832.7245636,1823456135.0421495,1825094906.8023398,1826746347.799414,1828410661.6160424,1830088055.7029831,1831778741.4606366,1833482934.3225067,1835200853.8406081,1836932723.7728856,1838678772.172689,1840439231.4803507,1842214338.6169424,1844004335.0802393,1845809467.0429835,1847629985.4534738,1849466146.1385725,1851318209.9091737,1853186442.6682105,1855071115.5212643,1856972504.889845,1858890892.6274223,1860826566.1382744,1862779818.4992292,1864750948.5843902,1866740261.1929088,1868748067.1799138,1870774683.5906453,1872820433.7979336,1874885647.6430626,1876970661.5801528,1879075818.8241384,1881201469.502451,1883347970.810509,1885515687.1711164,1887704990.3978927,1889916259.8628414,1892149882.668164,1894406253.822469,1896685776.4214673,1898988861.8333135,1901315929.8887024,1903667409.0758767,1906043736.7406745,1908445359.2917712,1910872732.4112685,1913326321.270772,1915806600.753143,1918314055.6800642,1920849181.0456119,1923412482.2559977,1926004475.375674,1928625687.379981,1931276656.4145324,1933957932.0615504,1936670075.6133404,1939413660.3531294,1942189271.8434956,1944997508.222589,1947838980.5084147,1950714312.9113808,1953624143.1554058,1956569122.8077817,1959549917.6181262,1962567207.8666313,1965621688.7219398,1968714070.608902,1971845079.5865293,1975015457.73644,1978225963.5621178,1981477372.3993015,1984770476.8378277,1988106087.155281,1991485031.7627926,1994908157.663337,1998376330.9228983,2001890437.1548755,2005451382.0181055,2009060091.7288976,2012717513.5874612,2016424616.5191374,2020182391.630845,2023991852.7831326,2027854037.178278,2031770005.9648383,2035740844.8590636,2039767664.7836268,2043851602.5240479,2047993821.4032612,2052195511.9747214,2056457892.7344527,2060782210.8524346,2065169742.923698,2069621795.739499,2074139707.078893,2078724846.5210252,2083378616.2784176,2088102452.051474,2092897823.9044087,2097766237.162716,2102709233.3322632,2107728391.0399985,2112825326.996182,2118001696.9779496,2123259196.8339133,2128599563.5093591,2134024576.0914574,2139536056.8737478,2145135872.4389393,2150825934.7588654,2156608202.310194,2162484681.204179,2168457426.3284507,2174528542.4984756,2180700185.6158977,2186974563.830513,2193353938.7021494,2199840626.358078,2206436998.6409745,2213145484.241701,2219968569.81032,2226908801.037867,2233968783.7003055,2241151184.6549487,2248458732.7782946,2255894219.8327184,2263460501.247842,2271160496.8004613,2278997191.174883,2286973634.3831143,2295092942.0217285,2303358295.339267,2311772941.0846834,2320340191.103686,2329063421.645534,2337946072.338284,2346991644.7851353,2356203700.728688,2365585859.7232785,2375141796.248209,2384875236.1863084,2394789952.5830207,2404889760.590727,2415178511.4913282,2425660085.676957,2436338384.45397,2447217320.5188704,2458300806.936234,2469592744.427963,2481097006.759861,2492817423.9853573,2504757763.2768364,2516921707.0421333,2529312827.9867635,2541934560.740998,2554790169.624382,2567882712.068054,2581214997.15665,2594789538.685862,2608608502.057908,2622673644.2545037,2636986246.034031,2651547035.3955317,2666356101.2354307,2681412795.991944,2696715625.925496,2712262127.5190744,2728048728.298342,2744070590.1653013,2760321433.108695,2776793336.896576,2793476518.068448,2810359079.2230353,2827426727.2393036,2844662456.6695013,2862046194.0995064,2879554398.7799673,2897159614.2875447,2914829965.375376,2932528593.5128503,2950213023.89476,2967834455.919544,2985336968.298978,3002656629.077119,3019720499.9229074,3036445523.1525693,3052737279.092439,3068488600.707178,3083578032.0530753,3097868117.335352,3111203508.5858197,3123408882.9454284,3134286666.408183,3143614571.5956407,3151142975.894979,3156592198.4503202,3159649788.974309,3159968033.1354218,3157162033.6737413,3150808986.3324475,3140449708.4597936,3125594221.7496905,3105734457.3867598,3080369323.415141,3049051123.2899823,3011468837.296465,2967595209.922874,2917944716.5658402,2864024848.1298037,2809124080.2067876,2759678696.900537,2727595128.1092205,2733988635.454727,2814476414.2949553,3024915719.441999,3450353075.1204557,4307297024.355603,0.0
30090.0,-7810394848.9733715,-7851278845.843083,-7892149960.438691,-7933007462.288599,-7973850618.969441,-8014678696.224873,-8055490958.088098,-8096286667.008092,-8137065083.979762,-8177825468.677959,-8218567079.595503,-8259289174.185309,-8299991009.00662,-8340671839.875519,-8381330922.019697,-8421967510.237679,-8462580859.062448,-8503170222.929703,-8543734856.350679,-8584274014.0897455,-8624786951.34679,1722406867.5493357,1723398098.8373678,1724393243.5298345,1725392356.374164,1726395493.1080232,1727402710.478754,1728414066.2632065,1729429619.2880096,1730449429.450259,1731473557.7386527,1732502066.2550752,1733535018.2366424,1734572478.0782192,1735614511.3554208,1736661184.8481054,1737712566.5643737,1738768725.7650874,1739829732.9889143,1740895660.0779178,1741966580.2036998,1743042567.894112,1744123699.060545,1745210051.0258212,1746301702.5526824,1747398733.872917,1748501226.717111,1749609264.3450642,1750722931.5768654,1751842314.8246639,1752967502.1251287,1754098583.1726396,1755235649.353208,1756378793.7791476,1757528111.3245246,1758683698.6613948,1759845654.2968485,1761014078.610889,1762189073.8951576,1763370744.3925307,1764559196.3376105,1765754537.9981246,1766956879.717268,1768166333.957003,1769383015.3423376,1770607040.7066178,1771838529.1378527,1773077602.0260925,1774324383.1118972,1775578998.5359154,1776841576.8896039,1778112249.2671142,1779391149.3183813,1780678413.3034372,1781974180.1479876,1783278591.5002792,1784591791.7892902,1785913928.2842822,1787245151.155745,1788585613.5377688,1789935471.591886,1791294884.5724132,1792664014.893338,1794043028.1967883,1795432093.4231257,1796831382.8827047,1798241072.3293438,1799661341.0355449,1801092371.8695235,1802534351.374079,1803987469.8473625,1805451921.4255972,1806927904.167792,1808415620.14251,1809915275.5167406,1811427080.6469417,1812951250.1722922,1814488003.110236,1816037562.9543605,1817600157.7746866,1819176020.320424,1820765388.125268,1822368503.6153042,1823985614.219585,1825616972.483467,1827262836.184771,1828923468.4528441,1830599137.8906102,1832290118.6996913,1833996690.8086755,1835719140.0046308,1837457758.0679474,1839212842.9106035,1840984698.7179554,1842773636.0941398,1844579972.2112074,1846404030.9620717,1848246143.1173985,1850106646.4865437,1851985886.0826447,1853884214.292,1855801991.047846,1857739584.0086641,1859697368.7411451,1861675728.9079473,1863675056.4603858,1865695751.8361895,1867738224.1624851,1869802891.4641473,1871890180.8776782,1874000528.8707714,1876134381.467733,1878292194.4809232,1880474433.7484019,1882681575.377952,1884914105.9976726,1887172523.0133288,1889457334.8726695,1891769061.3368943,1894108233.759503,1896475395.372733,1898871101.5818014,1901295920.267195,1903750432.095231,1906235230.8371367,1908750923.6969004,1911298131.648134,1913877489.7802327,1916489647.654084,1919135269.6675975,1921815035.4313722,1924529640.1547441,1927279795.0425513,1930066227.7028992,1932889682.5662458,1935750921.3161163,1938650723.331787,1941589886.1432476,1944569225.8987896,1947589577.845564,1950651796.8234513,1953756757.7725854,1956905356.2549005,1960098508.9900403,1963337154.4060128,1966622253.204912,1969954788.9441075,1973335768.633222,1976766223.3472722,1980247208.8563025,1983779806.2718785,1987365122.7107239,1991004291.9758632,1994698475.255538,1998448861.840185,2002256669.8577328,2006123147.0274394,2010049571.432466,2014037252.3113315,2018087530.8683562,2022201781.1031544,2026381410.6591454,2030627861.6910176,2034942611.7509673,2039327174.6934586,2043783101.5981307,2048311981.7103689,2052915443.3989034,2057595155.1296444,2062352826.454801,2067190209.016094,2072109097.5606847,2077111330.968149,2082198793.286554,2087373414.7753708,2092637172.9525614,2097992093.6428077,2103440252.0233424,2108983773.6633322,2114624835.552201,2120365667.1115785,2126208551.1848564,2132155824.9974859,2138209881.0802395,2144373168.1465938,2150648191.9142475,2157037515.8594785,2163543761.8915796,2170169610.932963,2176917803.3887234,2183791139.4873834,2190792479.4722285,2197924743.620119,2205190912.061758,2212594024.374198,2220137178.912773,2227823531.845613,2235656295.84942,2243638738.42013,2251774179.7464805,2260065990.0881925,2268517586.5934463,2277132429.482443,2285914017.515068,2294865882.6507797,2303991583.797869,2313294699.5369124,2322778819.689444,2332447535.587517,2342304428.882578,2352353058.712842,2362596947.026871,2373039561.8370013,2383684298.149444,2394534456.2878838,2405593217.293932,2416863615.0504293,2428348504.7318993,2440050527.1399775,2451972068.4298325,2464115214.6758947,2476481700.660992,2489072852.2015996,2501889521.2425847,2514932012.8668146,2528200003.2674913,2541692447.623192,2555407476.6964107,2569342280.8451223,2583492979.992483,2597854477.941494,2612420299.2484884,2627182406.6810236,2642130997.081757,2657254273.2400994,2672538189.1382265,2687966165.6883965,2703518773.8163514,2719173381.47386,2734903760.8868337,2750679652.070497,2766466278.379119,2782223809.6179357,2797906768.0466256,2813463372.471294,2828834815.5879407,2843954469.849036,2858747017.436424,2873127500.5205383,2887000288.9823637,2900257964.330826,2912780120.893196,2924432088.8220654,2935063588.5417943,2944507333.693916,2952577610.580097,2959068878.337693,2963754458.4745827,2966385419.5504713,2966689820.2586317,2964372564.371475,2959116264.656956,2950583744.6144676,2938423185.117923,2922277546.614569,2901800934.151987,2876686307.2269917,2846711852.6092267,2811818249.1300893,2772237301.707757,2728706134.101981,2682823366.596515,2637637837.7570157,2598606574.7996187,2575101763.8467216,2582629883.9960117,2645765026.485837,2801998297.4901905,3112939988.325716,3722521146.023921,0.0
30080.0,-7879515451.613389,-7918108361.419949,-7956681539.147111,-7995234300.606551,-8033765960.752718,-8072275833.810532,-8110763233.406664,-8149227472.704334,-8187667864.541902,-8226083721.575092,-8264474356.423094,-8302839081.818493,-8341177210.761159,-8379488056.676132,-8417770933.575574,-8456025156.224857,-8494250040.312892,-8532444902.626696,-8570609061.230321,-8608741835.648188,-8646842547.052937,1704820943.89003,1705673088.4528987,1706527932.8843625,1707385519.5082622,1708245891.4945748,1709109092.8770428,1709975168.5711899,1710844164.3927338,1711716127.0764115,1712591104.2952125,1713469144.6800513,1714350297.8398683,1715234614.3821783,1716122145.934085,1717012945.1637561,1717907065.8023875,1718804562.666651,1719705491.6816533,1720609909.9044092,1721517875.5478415,1722429448.0053263,1723344687.875789,1724263656.9893725,1725186418.4336853,1726113036.5806491,1727043577.1139493,1727978107.057124,1728916694.8022823,1729859410.1394885,1730806324.286816,1731757509.9210885,1732713041.209337,1733672993.8409717,1734637445.0607018,1735606473.7022178,1736580160.2226493,1737558586.7378268,1738541837.0583613,1739529996.726566,1740523153.0542367,1741521395.1613178,1742524814.0154736,1743533502.4725885,1744547555.3182163,1745567069.3100135,1746592143.221162,1747622877.8848305,1748659376.2396817,1749701743.3764617,1750750086.585699,1751804515.406535,1752865141.6767278,1753932079.5838444,1755005445.7176816,1756085359.1239533,1757171941.3592556,1758265316.5473711,1759365611.4369206,1760472955.460422,1761587480.7947717,1762709322.4232018,1763838618.1987433,1764975508.9092393,1766120138.343946,1767272653.3617654,1768433203.9611573,1769601943.3517644,1770779028.027808,1771964617.8432965,1773158876.0890918,1774361969.5718923,1775574068.6951752,1776795347.5421588,1778025983.960833,1779266159.651116,1780516060.254201,1781775875.444142,1783045799.0217488,1784326029.0108469,1785616767.7569783,1786918222.0285954,1788230603.1208298,1789554126.9618983,1790889014.2222269,1792235490.426359,1793593786.067731,1794964136.7263956,1796346783.1897752,1797741971.5765224,1799149953.4635832,1800570986.0165532,1802005332.1234114,1803453260.531735,1804915045.9894862,1806390969.3894804,1807881317.9176283,1809386385.2050743,1810906471.4843261,1812441883.7495012,1813992935.9207997,1815559949.0133274,1817143251.3103964,1818743178.5414224,1820360074.064561,1821994289.0542123,1823646182.693534,1825316122.3721077,1827004483.8889132,1828711651.6607463,1830438018.9362597,1832183988.0157673,1833949970.4769964,1835736387.4069433,1837543669.6400232,1839372258.0026805,1841222603.5646598,1843095167.8971193,1844990423.3377872,1846908853.2633662,1848850952.3693879,1850817226.9577317,1852808195.2320383,1854824387.6012182,1856866346.9913206,1858934629.1659598,1861029803.0555758,1863152451.095756,1865303169.5748801,1867482568.991343,1869691274.4206285,1871929925.892498,1874199178.7785726,1876499704.1905866,1878832189.3896108,1881197338.2065167,1883595871.4739976,1886028527.4704323,1888496062.3758993,1890999250.7406466,1893538885.9663246,1896115780.8002954,1898730767.843317,1901384700.0709283,1904078451.3688288,1906812917.08256,1909589014.5818007,1912407683.83955,1915269888.0265021,1918176614.1208737,1921128873.5339599,1924127702.7516513,1927174163.9921477,1930269345.8800707,1933414364.1371589,1936610362.2896762,1939858512.392662,1943160015.7710838,1946516103.7779074,1949928038.5690558,1953397113.8951573,1956924655.9098997,1960512023.994751,1964160611.5996861,1967871847.0994678,1971647194.664901,1975488155.14836,1979396266.982699,1983373107.0925345,1987420291.816632,1991539477.839973,1995732363.1337774,2000000687.9015055,2004346235.5285604,2008770833.533039,2013276354.514503,2017864717.0973063,2022537886.864515,2027297877.2779102,2032146750.578957,2037086618.6649208,2042119643.9335685,2047248040.0889893,2052474072.9001753,2057800060.902862,2063228376.0339746,2068761444.1866703,2074401745.6724792,2080151815.5753617,2086014243.9806619,2091991676.0598173,2098086811.9894063,2104302406.68047,2110641269.2911935,2117106262.492762,2123700301.4546127,2130426352.5112753,2137287431.4684916,2144286601.501275,2151426970.590985,2158711688.4422364,2166143942.813464,2173726955.187214,2181463975.697518,2189358277.2220426,2197413148.5358834,2205631886.41184,2214017786.5385637,2222574133.113016,2231304186.946967,2240211171.908721,2249298259.5005136,2258568551.349061,2268025059.361065,2277670683.26705,2287508185.245243,2297540161.2821083,2307769008.8871984,2318196890.73684,2328825693.773433,2339656983.234406,2350691951.026663,2361931357.7983127,2373375467.9890747,2385023977.063607,2396875930.0477605,2408929630.395946,2421182538.118348,2433631155.9893427,2446270902.5432825,2459095970.441241,2472099168.6627855,2485271746.841795,2498603199.9262424,2512081051.2015386,2525690611.5788865,2539414712.919298,2553233413.0470657,2567123670.0126853,2581058983.106203,2595008998.113299,2608939074.368017,2622809811.31402,2636576532.5734253,2650188725.9814243,2663589438.7298284,2676714627.7422876,2689492466.765853,2701842613.519031,2713675442.728186,2724891254.19471,2735379469.4016643,2745017835.900802,2753671666.2314863,2761193147.9721117,2767420774.4895954,2772178963.1414576,2775277950.7205234,2776514087.2537804,2775670692.6307044,2772519701.8424726,2766824413.268809,2758343785.589646,2746838926.945294,2732082724.1256742,2713874031.808181,2692058577.096518,2666559869.5525723,2637425114.5881195,2604893559.8833513,2569497782.99844,2532211279.933401,2494655404.786639,2459368313.3138127,2430108149.14213,2412124201.993486,2412439897.101322,2440991596.3112807,2513578971.36168,2618527863.2963576,0.0
30070.0,-7918170158.358633,-7954507646.746972,-7990819273.098766,-8027104401.07797,-8063362394.481369,-8099592617.372189,-8135794434.217105,-8171967210.026578,-8208110310.498729,-8244223102.16664,-8280304952.549267,-8316355230.305946,-8352373305.394552,-8388358549.233428,-8424310334.867037,-8460228037.135488,-8496111032.847934,-8531958700.95993,-8567770422.754759,-8603545582.02884,-8639283565.281235,1686359416.2285128,1687069554.2504418,1687781151.8334336,1688494238.4609451,1689208844.3103461,1689925000.2685552,1690642737.9480522,1691362089.7032514,1692083088.6472573,1692805768.669011,1693530164.4508345,1694256311.4863808,1694984246.099005,1695714005.4605649,1696445627.610658,1697179151.4763122,1697914616.892133,1698652064.6209297,1699391536.3748226,1700133074.836846,1700876723.6830635,1701622527.605202,1702370532.333823,1703120784.6620414,1703873332.4698071,1704628224.7487595,1705385511.6276774,1706145244.3985338,1706907475.543167,1707672258.7605972,1708439648.9949858,1709209702.4642735,1709982476.6894999,1710758030.5248263,1711536424.1882887,1712317719.2932782,1713101978.880797,1713889267.4524758,1714679651.0044096,1715473197.0617967,1716269974.7144303,1717070054.6530478,1717873509.206565,1718680412.3802192,1719490839.894651,1720304869.2259274,1721122579.646564,1721944052.2675378,1722769370.0813458,1723598618.0061173,1724431882.9308157,1725269253.76156,1726110821.4690876,1726956679.137399,1727806922.013612,1728661647.5590472,1729520955.5015967,1730384947.889393,1731253729.1458247,1732127406.125926,1733006088.1741836,1733889887.183798,1734778917.6574297,1735673296.7694874,1736573144.4299784,1737478583.3499877,1738389739.108805,1739306740.2227626,1740229718.2158234,1741158807.6919694,1742094146.4094326,1743035875.3568313,1743984138.8312485,1744939084.5183246,1745900863.5743976,1746869630.7107673,1747845544.2801278,1748828766.3652375,1749819462.869882,1750817803.6121974,1751823962.4204187,1752838117.231115,1753860450.1899948,1754891147.755336,1755930400.8041277,1756978404.7409859,1758035359.609938,1759101470.2091417,1760176946.208627,1761262002.2711432,1762356858.176206,1763461738.9474244,1764576874.9832065,1765702502.190937,1766838862.1247299,1767986202.1268432,1769144775.472882,1770314841.520878,1771496665.8643584,1772690520.48953,1773896683.9366837,1775115441.465935,1776347085.2274451,1777591914.4362247,1778850235.5516677,1780122362.4619436,1781408616.6733894,1782709327.5050368,1784024832.2884307,1785355476.5728831,1786701614.3363166,1788063608.2018611,1789441829.6603594,1790836659.2989593,1792248487.035957,1793677712.3620658,1795124744.5883055,1796590003.1006784,1798073917.6218445,1799576928.4799702,1801099486.8849728,1802642055.2123406,1804205107.2947698,1805789128.721804,1807394617.1477132,1809022082.6078339,1810672047.8435993,1812345048.6364899,1814041634.15115,1815762367.2879095,1817507825.0449586,1819278598.890424,1821075295.1446075,1822898535.3726473,1824748956.787846,1826627212.6659544,1828533972.770657,1830469923.7905433,1832435769.7878103,1834432232.6589925,1836460052.6079693,1838519988.6315184,1840612819.0176752,1842739341.857173,1844900375.5681882,1847096759.4346662,1849329354.15844,1851599042.4253812,1853906729.485782,1856253343.7491822,1858639837.393789,1861067186.990665,1863536394.1428032,1866048486.1391835,1868604516.6238654,1871205566.2801538,1873852743.5297954,1876547185.247136,1879290057.4880996,1882082556.2337794,1884925908.1483653,1887821371.351027,1890770236.2013044,1893773826.0974002,1896833498.2867026,1899950644.687676,1903126692.7221298,1906363106.156695,1909661385.9521313,1913023071.1188827,1916449739.5770323,1919943009.018566,1923504537.7694933,1927136025.6490867,1930839214.82307,1934615890.6471868,1938467882.4970798,1942397064.579892,1946405356.7223911,1950494725.129756,1954667183.1084366,1958924791.7456355,1963269660.5370708,1967703947.9536407,1972229861.9364495,1976849660.3083885,1981565651.0890536,1986380192.698162,1991295694.0308952,1996314614.3866105,2001439463.2301679,2006672799.762687,2012017232.2758124,2017475417.2605474,2023050058.238329,2028743904.2782707,2034559748.1602912,2040500424.139211,2046568805.2596822,2052767800.1660645,2059100349.3448958,2065569420.7304935,2072178004.596207,2078929107.64502,2085825746.2033353,2092870938.410825,2100067695.2870443,2107419010.5420094,2114927848.9828908,2122597133.3523614,2130429729.415608,2138428429.092581,2146595931.409389,2154934821.017648,2163447544.00293,2172136380.6728787,2181003414.981924,2190050500.212465,2199279220.4918404,2208690847.679874,2218286293.113264,2228066053.640255,2238030151.3217487,2248178066.1132402,2258508660.775616,2269020097.1921716,2279709743.194451,2290574068.9212213,2301608531.6540546,2312807447.9907665,2324163852.136378,2335669339.0126867,2347313890.8156285,2359085685.588828,2370970886.338346,2382953409.1954517,2395014669.151707,2407133301.956963,2419284860.90305,2431441487.435532,2443571554.8701186,2455639284.973721,2467604337.845294,2479421376.4524746,2491039608.412479,2502402309.231524,2513446333.3356833,2524101621.958158,2534290720.437827,2543928321.902176,2552920859.851625,2561166179.0546756,2568553322.644438,2574962483.6197767,2580265181.310168,2584324737.884865,2586997146.5994735,2588132441.7173114,2587576698.7436914,2585174810.2900763,2580774192.705502,2574229572.4455986,2565408961.934525,2554200830.388766,2540522244.7573013,2524327281.258366,2505614054.294128,2484426802.7105165,2460845645.47458,2434948902.379813,2406717394.73932,2375819888.1771097,2341163798.309614,2300012078.564107,2246405856.6210113,2168823952.3039255,2047742358.8607225,1850457972.2614214,1472095354.9306068,0.0
30060.0,-7928314545.675777,-7962437558.142349,-7996529255.065174,-8030589048.659406,-8064616352.153675,-8098610579.926887,-8132571147.648139,-8166497472.419722,-8200388972.923376,-8234245069.569726,-8268065184.65102,-8301848742.497146,-8335595169.635044,-8369303894.951501,-8402974349.859388,-8436605968.467383,-8470198187.753218,-8503750447.740526,-8537262191.679245,-8570732866.229713,-8604161921.65045,1667113750.4533398,1667679707.3234138,1668245864.1306407,1668812237.1884243,1669378843.3448637,1669945699.9962485,1670512825.1008866,1671080237.1932685,1671647955.3985791,1672215999.447569,1672784389.6917849,1673353147.1191833,1673922293.3701208,1674491850.7537384,1675061842.2647579,1675632291.6006813,1676203223.179426,1676774662.1573858,1677346634.447947,1677919166.7404602,1678492286.5196779,1679066022.085683,1679640402.5743043,1680215457.9780462,1680791219.1675336,1681367717.913495,1681944986.909292,1682523059.7940106,1683101971.176134,1683681756.6577997,1684262452.859672,1684844097.4464352,1685426729.1529214,1686010387.8109052,1686595114.3765647,1687180950.958634,1687767940.8472695,1688356128.5436444,1688945559.7902837,1689536281.6021786,1690128342.2986782,1690721791.536196,1691316680.341743,1691913061.1473174,1692510987.8251667,1693110515.7239423,1693711701.705792,1694314604.184383,1694919283.1639063,1695525800.27908,1696134218.8361702,1696744603.8550766,1697357022.1124878,1697971542.186157,1698588234.5003104,1699207171.372231,1699828427.0600467,1700452077.8117495,1701078201.9154897,1701706879.7511704,1702338193.8433812,1702972228.9157124,1703609071.9464762,1704248812.2258863,1704891541.4147272,1705537353.6045535,1706186345.3794732,1706838615.8795383,1707494266.8658097,1708153402.7871218,1708816130.848608,1709482561.0820336,1710152806.417977,1710826982.759924,1711505209.060314,1712187607.3986075,1712874303.0614192,1713565424.624778,1714261104.038575,1714961476.7132576,1715666681.608839,1716376861.3262773,1717092162.2012968,1717812734.4007232,1718538732.0213976,1719270313.19174,1720007640.1760468,1720750879.4815876,1721500201.9685879,1722255782.9631715,1723017802.3733613,1723786444.8082008,1724561899.7001076,1725344361.4305348,1726134029.4590447,1726931108.455879,1727735808.4381337,1728548344.9096425,1729368939.0046594,1730197817.6354644,1731035213.6439931,1731881365.957609,1732736519.7491283,1733600926.6012273,1734474844.6753469,1735358538.885227,1736252281.075199,1737156350.2033663,1738071032.52982,1738996621.8100183,1739933419.4934874,1740881734.9279797,1741841885.5692534,1742814197.1966195,1743799004.134428,1744796649.4796402,1745807485.3356779,1746831873.052703,1747870183.4745078,1748922797.1922126,1749990104.8049242,1751072507.1875756,1752170415.766118,1753284252.8002732,1754414451.6740408,1755561457.1941655,1756725725.896778,1757907726.3624148,1759107939.5396314,1760326859.0774345,1761564991.6667504,1762822857.3911486,1764100990.087057,1765399937.7136934,1766720262.7329354,1768062542.4993768,1769427369.6607893,1770815352.5692208,1772227115.7029757,1773663300.099689,1775124563.8007362,1776611582.307192,1778125049.0475621,1779665675.857508,1781234193.4717505,1782831352.0283728,1784457921.585691,1786114692.651878,1787802476.7274847,1789522106.8610096,1791274438.2176347,1793060348.66122,1794880739.3496227,1796736535.3433847,1798628686.2277877,1800558166.7482297,1802525977.45885,1804533145.3842564,1806580724.6941617,1808669797.390668,1810801474.0078626,1812976894.3233085,1815197228.0809073,1817463675.7245295,1819777469.1416647,1822139872.4162312,1824552182.5895252,1827015730.4281406,1829531881.1974802,1832102035.4393163,1834727629.7515826,1837410137.5683646,1840151069.9377508,1842951976.2949028,1845814445.2273452,1848740105.2290792,1851730625.4397237,1854787716.3643422,1857913130.569149,1861108663.3476286,1864376153.3509755,1867717483.176012,1871134579.9029107,1874629415.5741525,1878204007.6051242,1881860419.115629,1885600759.170348,1889427182.914881,1893341891.5924401,1897347132.4245834,1901445198.3374295,1905638427.5126777,1909929202.7404277,1914319950.5481293,1918813140.077109,1923411281.6748853,1928116925.16789,1932932657.775206,1937861101.6195428,1942904910.7867298,1948066767.8795505,1953349380.0057056,1958755474.132975,1964287791.7371905,1969949082.6604052,1975742098.0875008,1981669582.539339,1987734264.7694054,1993938847.4384747,2000285995.4282072,2006778322.6394439,2013418377.1043825,2020208624.2235029,2027151427.9179606,2034249029.466132,2041503523.7687862,2048916832.7609816,2056490675.6599798,2064226535.7072732,2072125623.0290036,2080188833.202671,2088416701.0790746,2096809349.3669524,2105366431.444032,2114087067.8125088,2122969775.5697708,2132012390.217379,2141211979.083844,2150564745.5911484,2160065923.55324,2169709660.659441,2179488890.270509,2189395190.6442447,2199418630.7171974,2209547601.606486,2219768633.0707536,2230066194.294008,2240422478.5460086,2250817171.547445,2261227203.751669,2271626487.277795,2281985638.930065,2292271691.662093,2302447798.0488687,2312472930.88326,2322301588.0000615,2331883510.947573,2341163430.2875476,2350080854.237015,2358569922.2064204,2366559350.6725082,2373972505.861941,2380727645.9586926,2386738384.8938026,2391914439.8773093,2396162734.859056,2399388940.3846817,2401499533.7074146,2402404455.8645124,2402020414.741562,2400274817.5174165,2397110182.1176763,2392488623.0799026,2386395541.5440497,2378840812.6089897,2369854274.6377616,2359469682.139221,2347686582.1038785,2334391174.589459,2319202165.7900634,2301180712.5184226,2278296242.836219,2246460538.063838,2197823590.32788,2117894812.4347706,1981059183.7515998,1744542562.0278108,1341658964.045187,665992004.9355018,0.0
30050.0,-7911856835.460549,-7943810908.522198,-7975728844.218592,-8007610103.23395,-8039454148.034764,-8071260443.007181,-8103028454.597233,-8134757651.453901,-8166447504.575081,-8198097487.456463,-8229707076.243361,-8261275749.885532,-8292802990.294992,-8324288282.506901,-8355731114.843504,-8387130979.08119,-8418487370.620672,-8449799788.660367,-8481067736.372904,-8512290721.084916,-8543468254.460041,1647177460.2980433,1647597819.3291352,1648017106.967963,1648435326.1183238,1648852480.0537229,1649268572.4285762,1649683607.289703,1650097589.0881314,1650510522.6912014,1650922413.3950026,1651333266.937123,1651743089.5097518,1652151887.77311,1652559668.869248,1652966440.4361997,1653372210.6225157,1653776988.1021724,1654180782.0898814,1654583602.356799,1654985459.24665,1655386363.69228,1655786327.2326427,1656185362.0302343,1656583480.8889914,1656980697.2726622,1657377025.3236601,1657772479.8824167,1658167076.5072498,1658560831.494754,1658953761.9007337,1659345885.5616848,1659737221.1168556,1660127788.0308836,1660517606.6170337,1660906698.0610604,1661295084.4456947,1661682788.7757862,1662069835.0041082,1662456248.0578623,1662842053.865867,1663227279.3864906,1663611952.6363149,1663996102.7195678,1664379759.8583398,1664762955.4236102,1665145721.9670928,1665528093.253943,1665910104.2963314,1666291791.3879197,1666673192.1392586,1667054345.5141327,1667435291.866882,1667816072.9807205,1668196732.107088,1668577314.0060556,1668957864.987821,1669338432.9553137,1669719067.447955,1670099819.6865888,1670480742.6196337,1670861890.9704697,1671243321.2861092,1671625091.987187,1672007263.4192946,1672389897.9057086,1672773059.8015459,1673156815.5493863,1673541233.7364054,1673926385.1530557,1674312342.853344,1674699182.2167478,1675086981.0118134,1675475819.4614909,1675865780.3102436,1676256948.8929944,1676649413.2059445,1677043263.9793377,1677438594.7522023,1677835501.94915,1678234084.9592628,1678634446.217152,1679036691.2862372,1679440928.944304,1679847271.2714183,1680255833.7402515,1680666735.30889,1681080098.5161963,1681496049.579798,1681914718.4967742,1682336239.1471167,1682760749.400044,1683188391.223254,1683619310.7951822,1684053658.620377,1684491589.6480458,1684933263.393897,1685378844.0653381,1685828500.6901484,1686282407.2487092,1686740742.8099005,1687203691.6707597,1687671443.5000129,1688144193.4855857,1688622142.486203,1689105497.1871924,1689594470.2606103,1690089280.5298088,1690590153.1385689,1691097319.72492,1691611018.599786,1692131494.9305794,1692659000.9298847,1693193796.049375,1693736147.1790953,1694286328.8522627,1694844623.4557352,1695411321.4462953,1695986721.5729182,1696571131.1051588,1697164866.0678535,1697768251.482273,1698381621.6139104,1699005320.2270832,1699639700.8465037,1700285127.026022,1700941972.624702,1701610622.0904312,1702291470.7512422,1702984925.1145356,1703691403.1744077,1704411334.727259,1705145161.695897,1705893338.462322,1706656332.2093894,1707434623.2715611,1708228705.4949355,1709039086.6067545,1709866288.594589,1710710848.0954041,1711573316.7946763,1712454261.8357885,1713354266.2398524,1714273929.3361592,1715213867.2034364,1716174713.122057,1717157118.0373807,1718161751.0343556,1719189299.8235254,1720240471.238551,1721315991.7453527,1722416607.9629567,1723543087.1960926,1724696217.9795947,1725876810.6345901,1727085697.8364587,1728323735.194497,1729591801.8431783,1730890801.0448494,1732221660.8036675,1733585334.4905062,1734982801.4785001,1736415067.788825,1737883166.7462254,1739388159.6437206,1740931136.415796,1742513216.319296,1744135548.621104,1745799313.2915416,1747505721.702277,1749256017.3273566,1751051476.4457812,1752893408.8438296,1754783158.5151093,1756722104.3560297,1758711660.854138,1760753278.7663841,1762848445.7840886,1764998687.1809137,1767205566.439783,1769470685.8541331,1771795687.0983992,1774182251.7619896,1776632101.8403938,1779147000.1762974,1781728750.8427706,1784379199.4597266,1787100233.4338028,1789893782.1107693,1792761816.828293,1795706350.8555794,1798729439.2048872,1801833178.2982633,1805019705.4710083,1808291198.2913504,1811649873.673542,1815097986.759142,1818637829.5384266,1822271729.1808898,1826002046.0403676,1829831171.2966323,1833761524.1911476,1837795548.8101346,1841935710.363087,1846184490.8992786,1850544384.398717,1855017891.167232,1859607511.457964,1864315738.2333019,1869145048.972378,1874097896.4193242,1879176698.1566887,1884383824.8765783,1889721587.2091844,1895192220.9542744,1900797870.5459282,1906540570.564302,1912422225.090294,1918444584.6798673,1924609220.7143164,1930917496.8610291,1937370537.356482,1943969191.799393,1950713996.117463,1957605129.346418,1964642365.83552,1971825022.4703345,1979151900.482101,1986621221.395087,1994230556.6505113,2001976750.4402597,2009855835.288732,2017862939.9404922,2025992189.1497922,2034236595.0316963,2042587939.7311945,2051036649.306154,2059571658.914583,2068180269.661797,2076847997.81789,2085558417.5842555,2094292999.1990666,2103030944.9618447,2111749026.7703962,2120421430.0528536,2129019610.6069272,2137512172.9026988,2145864780.9508572,2154040115.9812274,2161997899.018816,2169695001.083583,2177085669.2506795,2184121903.2068954,2190754024.125971,2196931485.3361473,2202603981.641572,2207722919.8521442,2212243314.422675,2216126164.3705854,2219341342.570908,2221870971.889704,2223713150.102251,2224885675.8028374,2225429050.3622513,2225407367.316535,2224904548.0657725,2224011397.3323026,2222795547.5783253,2221240540.9708643,2219130366.5723133,2215838872.8937583,2209954859.8125205,2198625574.8493123,2176421445.6758204,2133393422.5728717,2051778308.293902,1900470447.2353172,1626285058.0980744,1146686525.715819,396591779.31009287,0.0
30040.0,-7870653784.761934,-7900488398.892109,-7930282640.122009,-7960036016.833774,-7989748039.848297,-8019418222.560934,-8049046081.079709,-8078631134.366038,-8108172904.378079,-8137670916.2166,-8167124698.273514,-8196533782.382988,-8225897703.975244,-8255216002.233014,-8284488220.250659,-8313713905.1960335,-8342892608.475045,-8372023885.89897,-8401107297.854502,-8430142409.476596,-8459128790.824071,1626645634.8423915,1626919745.406377,1627191509.2570677,1627460915.741539,1627727954.4070873,1627992615.010015,1628254887.5246599,1628514762.1527011,1628772229.332726,1629027279.7500796,1629279904.3470023,1629530094.3330529,1629777841.1958444,1630023136.712082,1630265972.9589229,1630506342.3256624,1630744237.5257607,1630979651.6092098,1631212577.9752612,1631443010.3855157,1631670942.977388,1631896370.2779648,1632119287.218247,1632339689.1478128,1632557571.849889,1632772931.5568604,1632985764.9662187,1633196069.256964,1633403842.1064794,1633609081.7078836,1633811786.787873,1634011956.6250823,1634209591.0689535,1634404690.5591521,1634597256.14553,1634787289.5086563,1634974792.9809294,1635159769.5682878,1635342222.9725409,1635522157.6143272,1635699578.6567247,1635874492.029531,1636046904.4542308,1636216823.46967,1636384257.4584563,1636549215.6741023,1636711708.2689474,1636871746.3228579,1637029341.872744,1637184507.9429138,1637337258.5762756,1637487608.8664339,1637635574.9906855,1637781174.243949,1637924425.0736537,1638065347.1156142,1638203961.2309184,1638340289.5438557,1638474355.480921,1638606183.8109148,1638735800.6861832,1638863233.685014,1638988511.8552399,1639111665.7590613,1639232727.5191529,1639351730.8660538,1639468711.18691,1639583705.5755868,1639696752.8842015,1639807893.7761078,1639917170.7803817,1640024628.3478448,1640130312.9086707,1640234272.9316196,1640336558.984948,1640437223.7990391,1640536322.3308036,1640633911.8299024,1640730051.9068391,1640824804.6029778,1640918234.4625435,1641010408.6066532,1641101396.809444,1641191271.5763514,1641280108.224604,1641367984.9659855,1641454982.9919477,1641541186.5611234,1641626683.0893104,1641711563.2420063,1641795921.029553,1641879853.9049692,1641963462.8645546,1642046852.5513265,1642130131.361382,1642213411.5532682,1642296809.3604302,1642380445.1068425,1642464443.3258939,1642548932.8826327,1642634047.0994525,1642719923.885324,1642806705.8686616,1642894540.5339344,1642983580.3621192,1643073982.9751003,1643165911.284129,1643259533.6424456,1643355024.0021925,1643452562.0757115,1643552333.5013683,1643654530.014007,1643759349.620173,1643866996.778216,1643977682.5834239,1644091624.9582977,1644209048.8481193,1644330186.4219384,1644455277.2791357,1644584568.6616812,1644718315.672264,1644856781.4984117,1645000237.6427746,1645148964.1597161,1645303249.8983676,1645463392.75231,1645629699.9160347,1645802488.1483543,1645982084.042923,1646168824.3060293,1646363056.0418336,1646565137.045219,1646775436.1024141,1646994333.2995687,1647222220.339443,1647459500.866386,1647706590.7997625,1647963918.6759996,1648231925.9994204,1648511067.6020157,1648801812.0123253,1649104641.8335686,1649420054.1311865,1649748560.8299296,1650090689.1206238,1650446981.8767557,1650817998.0809786,1651204313.2616494,1651606519.9395006,1652025228.0845068,1652461065.5830252,1652914678.7152414,1653386732.6429408,1653877911.9076226,1654388920.9388957,1654920484.5731263,1655473348.5822325,1656048280.2124877,1656646068.7331786,1657267525.9948897,1657913486.9971426,1658584810.4650722,1659282379.4347377,1660007101.846628,1660759911.1467965,1661541766.8950276,1662353655.3793015,1663196590.235734,1664071613.0730581,1664979794.1005745,1665922232.7583601,1666900058.3483748,1667914430.66492,1668966540.6227348,1670057610.8807726,1671188896.459515,1672361685.34938,1673577299.1075304,1674837093.4400759,1676142458.7663076,1677494820.7612462,1678895640.8723602,1680346416.8058584,1681848682.9774685,1683404010.922044,1685014009.6557496,1686680325.9839036,1688404644.7468085,1690188688.9950948,1692034220.0852222,1693943037.6847754,1695916979.6761274,1697957921.9458377,1700067778.0458698,1702248498.7112086,1704502071.2169676,1706830518.5562272,1709235898.418019,1711720301.942698,1714285852.2296906,1716934702.5700183,1719669034.3732688,1722491054.7555974,1725402993.7520423,1728407101.112774,1731505642.6389318,1734700896.0093737,1737995146.044921,1741390679.3515937,1744889778.2787519,1748494714.1220772,1752207739.4948678,1756031079.7841995,1759966923.6010933,1764017412.1259954,1768184627.2425818,1772470578.34423,1776877187.6885371,1781406274.1661026,1786059535.3405633,1790838527.6078796,1795744644.3142903,1800779091.664649,1805942862.2465289,1811236705.9911149,1816661098.390469,1822216205.793186,1827901847.6082776,1833717455.2619898,1839662027.776441,1845734083.8752654,1851931610.5733666,1858252008.2798665,1864692032.5408957,1871247732.6789672,1877914387.7567897,1884686440.5164006,1891557430.2324817,1898519925.788142,1905565460.7525394,1912684472.8369887,1919866250.8601055,1927098893.2993264,1934369283.6898777,1941663089.6047833,1948964793.7713299,1956257768.1191478,1963524404.2872956,1970746317.418082,1977904644.0000782,1984980459.1293507,1991955343.8106744,1998812138.6689029,2005535926.306318,2012115289.7401814,2018543897.3982067,2024822463.3480115,2030961120.0643756,2036982211.9481063,2042923457.1299136,2048841309.4045286,2054814142.1678667,2060944506.4434576,2067359076.7048295,2074203811.7005875,2081630028.7964106,2089764042.6857824,2098647990.3390872,2108131255.3900275,2117678661.3161106,2126040432.852274,2130694957.2577667,2126918469.7234902,2106228284.4567912,2053702356.4246044,1943062788.6927688,1727200267.8523865,1324247997.2980208,663179574.5297136,0.0
30030.0,-7806507249.646242,-7834275225.440103,-7861999133.708631,-7889678529.164501,-7917312969.504915,-7944902015.543551,-7972445231.344708,-7999942184.359631,-8027392445.565096,-8054795589.60422,-8082151194.929527,-8109458843.948269,-8136718123.17001,-8163928623.35651,-8191089939.673884,-8218201671.847046,-8245263424.316471,-8272274806.397279,-8299235432.440562,-8326144921.997113,-8353002899.983388,1605614460.4083886,1605742441.4498177,1605866804.228969,1605987524.4831183,1606104577.9771073,1606217940.509599,1606327587.9195418,1606433496.0928624,1606535640.9693756,1606633998.5499427,1606728544.9038515,1606819256.176463,1606906108.5970976,1606989078.4871948,1607068142.268736,1607143276.472946,1607214457.7492855,1607281662.8747318,1607344868.7633655,1607404052.4762664,1607459191.2317352,1607510262.415838,1607557243.5932968,1607600112.518727,1607638847.1482348,1607673425.651381,1607703826.423535,1607730028.0986109,1607752009.5622106,1607769749.9651866,1607783228.7376225,1607792425.6032603,1607797320.5943782,1607797894.0671322,1607794126.7173765,1607785999.5969777,1607773494.130638,1607756592.1332347,1607735275.8277001,1607709527.8634536,1607679331.3354015,1607644669.8035192,1607605527.3130407,1607561888.4152615,1607513738.1889813,1607461062.262601,1607403846.836895,1607342078.7084756,1607275745.2939765,1607204834.6549609,1607129335.5235972,1607049237.3291018,1606964530.2249913,1606875205.1171496,1606781253.692748,1606682668.4500327,1606579442.7290127,1606471570.7430682,1606359047.6115046,1606241869.393091,1606120033.1205974,1605993536.8363638,1605862379.6289399,1605726561.6708128,1605586084.25726,1605440949.8463676,1605291162.100229,1605136725.9273777,1604977647.5264733,1604813934.431295,1604645595.5570593,1604472641.2481115,1604295083.3270354,1604112935.1452074,1603926211.6348524,1603734929.3626263,1603539106.5847888,1603338763.3039963,1603133921.3277683,1602924604.3286736,1602710837.9062862,1602492649.6509573,1602270069.209464,1602043128.3525755,1601811861.044602,1601576303.5149775,1601336494.331932,1601092474.4783235,1600844287.42967,1600591979.2344675,1600335598.5968373,1600075196.9615839,1599810828.6017187,1599542550.7085323,1599270423.4842682,1598994510.2374887,1598714877.4811962,1598431595.033792,1598144736.1229439,1597854377.4924536,1597560599.5121994,1597263486.291237,1596963125.7941508,1596659609.9607356,1596353034.8291156,1596043500.662372,1595731112.078786,1595415978.1857965,1595098212.7177694,1594777934.1776724,1594455265.982769,1594130336.6144328,1593803279.7721908,1593474234.5321069,1593143345.5096164,1592810763.026925,1592476643.2850962,1592141148.5409343,1591804447.2887955,1591466714.4474463,1591128131.5520868,1590788886.951682,1590449176.0117106,1590109201.3224847,1589769172.9131482,1589429308.4715092,1589089833.5698314,1588750981.8967197,1588412995.495247,1588076125.0074563,1587740629.9253736,1587406778.848682,1587074849.7491899,1586745130.2422369,1586417917.8651817,1586093520.363106,1585772255.9818778,1585454453.768713,1585140453.8803663,1584830607.8990886,1584525279.1564882,1584224843.0654092,1583929687.4599638,1583640212.9438336,1583356833.2469478,1583079975.5906549,1582810081.0614815,1582547604.9935699,1582293017.3598773,1582046803.1722188,1581809462.890187,1581581512.8390326,1581363485.6365001,1581155930.6286664,1580959414.3347554,1580774520.9009213,1580601852.5629508,1580442030.1178088,1580295693.4039412,1580163501.790205,1580046134.6732593,1579944291.9832327,1579858694.6974297,1579790085.3617907,1579739228.6197963,1579706911.7484217,1579693945.2007298,1579701163.1545854,1579729424.066947,1579779611.2331,1579852633.3501062,1579949425.0836816,1580070947.6375988,1580218189.3246224,1580392166.1378613,1580593922.321307,1580824530.938202,1581085094.435721,1581376745.2043045,1581700646.1298196,1582057991.1365194,1582450005.718598,1582877947.4579046,1583343106.5251517,1583846806.1617036,1584390403.1387496,1584975288.190374,1585602886.4167182,1586274657.6530704,1586992096.8003564,1587756734.1121058,1588570135.4325027,1589433902.379704,1590349672.4680624,1591319119.1623807,1592343951.8567116,1593425915.7696261,1594566791.7471747,1595768395.9640763,1597032579.5128944,1598361227.8701735,1599756260.227642,1601219628.6756997,1602753317.2254612,1604359340.6546721,1606039743.1617627,1607796596.811307,1609631999.7530808,1611548074.1958692,1613546964.11616,1615630832.6808653,1617801859.3623264,1620062236.7231102,1622414166.847505,1624859857.396309,1627401517.2615283,1630041351.7980995,1632781557.610805,1635624316.876433,1638571791.1840806,1641626114.880612,1644789387.914009,1648063668.1750805,1651450963.3482702,1654953222.2957337,1658572326.0162334,1662310078.2426934,1666168195.7706647,1670148298.6459098,1674251900.3846738,1678480398.457156,1682835065.3359787,1687317040.500466,1691927323.898364,1696666771.5044768,1701536093.7866638,1706535858.1016107,1711666496.3050327,1716928319.1852162,1722321539.7290695,1727846307.7235012,1733502758.8029346,1739291081.8013692,1745211609.1851761,1751264936.4666665,1757452077.8706675,1763774667.1948302,1770235214.8219976,1776837434.2640157,1783586654.4903183,1790490337.653251,1797558725.6567626,1804805643.236378,1812249489.5864687,1819914454.5779552,1827831998.2810724,1836042632.072743,1844598032.9519727,1853563504.4551544,1863020758.6994157,1873070919.4683688,1883837510.9571247,1895468960.20231,1908139738.1790051,1922048592.54924,1937411227.3323612,1954443031.5176716,1973324734.6698298,1994139785.830303,2016766419.630055,2040699482.9752386,2064766641.4637177,2086687181.0825336,2102380029.3986726,2104775911.7527885,2081305945.631478,2007091703.047591,1823202342.7308567,1377892183.7297387,0.0
30020.0,-7721161380.869337,-7746918319.216915,-7772627991.551352,-7798289997.044403,-7823903938.290666,-7849469421.433996,-7874986056.295804,-7900453456.505181,-7925871239.630989,-7951239027.315733,-7976556445.411437,-8001823124.11729,-8027038698.119268,-8052202806.73161,-8077315094.040171,-8102375209.047677,-8127382805.820847,-8152337543.639409,-8177239087.146951,-8202087106.503656,-8226881277.540882,1584180739.72714,1584163478.6490965,1584141339.2916589,1584114283.8241436,1584082274.2689757,1584045272.5053275,1584003240.272938,1583956139.1761014,1583903930.687836,1583846576.154243,1583784036.799054,1583716273.7283797,1583643247.9356613,1583564920.3068337,1583481251.6257052,1583392202.5795662,1583297733.7650204,1583197805.6940653,1583092378.8004103,1582981413.446054,1582864869.928121,1582742708.4859679,1582614889.3085701,1582481372.5421903,1582342118.2983508,1582197086.662102,1582046237.7006092,1581889531.4720645,1581726928.0349283,1581558387.4575202,1581383869.827957,1581203335.2644649,1581016743.9260602,1580824056.023623,1580625231.8313682,1580420231.6987305,1580209016.062671,1579991545.4604251,1579767780.542697,1579537682.0873199,1579301211.0133977,1579058328.3959336,1578808995.4809716,1578553173.7012563,1578290824.6924386,1578021910.3098266,1577746392.645716,1577464234.0473065,1577175397.135223,1576879844.822665,1576577540.3351967,1576268447.2311997,1575952529.4230092,1575629751.1987522,1575300077.244909,1574963472.6696205,1574619903.0267644,1574269334.340815,1573911733.1325266,1573547066.4454455,1573175301.8732884,1572796407.5882106,1572410352.3699841,1572017105.636119,1571616637.472955,1571208918.667746,1570793920.7417772,1570371615.9845335,1569941977.4889598,1569504979.1878383,1569060595.8913164,1568608803.3256278,1568149578.1730244,1567682898.1129708,1567208741.8646302,1566727089.2306762,1566237921.142481,1565741219.7066996,1565236968.2533162,1564725151.3851707,1564205755.0290225,1563678766.4881916,1563144174.4968193,1562601969.275803,1562052142.5904403,1561494687.809844,1560929599.9681668,1560356875.8277001,1559776513.9438841,1559188514.7322972,1558592880.5376718,1557989615.7049942,1557378726.6527534,1556760221.9483893,1556134112.3860087,1555500411.066427,1554859133.4796042,1554210297.5895367,1553553923.9216764,1552890035.6529412,1552218658.704397,1551539821.8366656,1550853556.748155,1550159898.1761708,1549458884.0009875,1548750555.3529732,1548034956.7228267,1547312136.0750244,1546582144.9645572,1545845038.6570444,1545100876.2523062,1544349720.8114877,1543591639.4878314,1542826703.66118,1542054989.0763104,1541276575.9851918,1540491549.293269,1539699998.7098675,1538902018.9028175,1538097709.6574123,1537287176.0397842,1536470528.5648224,1535647883.368731,1534819362.386331,1533985093.5332274,1533145210.8929377,1532299854.9091034,1531449172.582893,1530593317.6757092,1529732450.9173183,1528866740.2195065,1527996360.8953888,1527121495.8844829,1526242335.9836574,1525359080.0840776,1524471935.414255,1523581117.7893267,1522686851.8666658,1521789371.407943,1520888919.5477464,1519985749.0688756,1519080122.6844106,1518172313.3266613,1517262604.443112,1516351290.2994404,1515438676.2897336,1514525079.2539682,1513610827.802861,1512696262.6501713,1511781736.9525297,1510867616.6568632,1509954280.8555105,1509042122.1490378,1508131547.0168703,1507222976.195738,1506316845.0659955,1505413604.045843,1504513718.9934702,1503617671.617122,1502725959.8931086,1501839098.4917214,1500957619.2110655,1500082071.4187412,1499213022.501356,1498351058.3217998,1497496783.684211,1496650822.80655,1495813819.8006988,1494986439.1599593,1494169366.2538486,1493363307.8300495,1492568992.5233884,1491787171.3716772,1491018618.3382754,1490264130.8412046,1489524530.288659,1488800662.620741,1488093398.8572626,1487403635.6514876,1486732295.8496456,1486080329.056139,1485448712.2043505,1484838450.1330028,1484250576.1681046,1483686152.7105305,1483146271.829414,1482632055.8615835,1482144658.0174346,1481685262.9937303,1481255087.5940168,1480855381.3575416,1480487427.1977963,1480152542.052076,1479852077.5437968,1479587420.6596923,1479359994.4444518,1479171258.7159019,1479022710.8044434,1478915886.321148,1478852359.9597716,1478833746.3388636,1478861700.8912625,1478937920.8095484,1479064146.0574694,1479242160.459043,1479473792.8790157,1479760918.5105352,1480105460.2885299,1480509390.4502048,1480974732.2674823,1481503561.9801323,1482098010.9628193,1482760268.164474,1483492582.8643365,1484297267.7958298,1485176702.6972938,1486133338.3576224,1487169701.2352352,1488288398.7407544,1489492125.2875152,1490783669.2298675,1492165920.8274755,1493641881.3948457,1495214673.8195696,1496887554.660779,1498663928.071642,1500547361.827097,1502541605.781312,1504650613.1293738,1506878564.9058266,1509229898.2199702,1511709338.8061142,1514321938.5579317,1517073118.8220701,1519968720.349748,1523015060.9494345,1526219002.0526652,1529588025.603092,1533130322.9114814,1536854897.3933032,1540771683.4286606,1544891683.9666603,1549227129.949665,1553791665.172077,1558600560.8311722,1563670964.7960799,1569022191.541965,1574676059.8020763,1580657286.3193378,1586993945.6766336,1593718008.1023693,1600865969.4406638,1608479590.197576,1616606763.7683985,1625302537.626539,1634630315.3560243,1644663271.757143,1655486017.4518974,1667196552.7115684,1679908551.3225121,1693754012.1174588,1708886305.283616,1725483618.8590622,1743752774.5211005,1763933332.090679,1786301856.6590314,1811176243.6979334,1838920261.5867074,1869949414.7515883,1904741858.096263,1943864542.5164247,1988039166.1980078,2038301494.6824937,2096357099.313558,2165287879.390804,2250635009.4451704,2360297243.7960615,2489013364.50317,2470598464.096114,0.0
30010.0,-7616300407.055195,-7640104173.478513,-7663857927.873145,-7687561311.584323,-7711213969.715718,-7734815551.248813,-7758365709.163861,-7781864100.562369,-7805310386.791121,-7828704233.567732,-7852045311.10774,-7875333294.253207,-7898567862.602821,-7921748700.643524,-7944875497.883614,-7967947948.987314,-7990965753.91085,-8013928618.039936,-8036836252.328712,-8059688373.440106,-8082484703.887586,1562441411.2394733,1562280558.1866765,1562113586.071674,1561940443.6327162,1561761079.2862906,1561575441.1280982,1561383476.9341576,1561185134.162035,1560980359.9521973,1560769101.129518,1560551304.204907,1560326915.3771033,1560095880.5346029,1559858145.2577581,1559613654.8210328,1559362354.1954212,1559104188.0510519,1558839100.7599626,1558567036.399063,1558287938.753296,1558001751.3189878,1557708417.3074148,1557407879.6485746,1557100080.9951842,1556784963.7269018,1556462469.9547825,1556132541.5259848,1555795120.0287175,1555450146.797456,1555097562.918422,1554737309.235339,1554369326.3554795,1553993554.6560042,1553609934.2906053,1553218405.1964707,1552818907.1015666,1552411379.5322647,1551995761.8213065,1551571993.1161408,1551140012.3876114,1550699758.4390466,1550251169.91573,1549794185.3147814,1549328742.9954617,1548854781.189904,1548372238.0142977,1547881051.4805298,1547381159.5083044,1546872499.9377515,1546355010.542543,1545828629.043528,1545293293.1229138,1544748940.4389915,1544195508.6414428,1543632935.3872347,1543061158.3571205,1542480115.2727726,1541889743.9145572,1541289982.139981,1540680767.9028225,1540062039.2729723,1539433734.4570017,1538795791.8194902,1538148149.905117,1537490747.4615645,1536823523.4632366,1536146417.1358259,1535459367.9817557,1534762315.8065267,1534055200.7459786,1533337963.294521,1532610544.3343353,1531872885.1655962,1531124927.5377347,1530366613.6817708,1529597886.3437562,1528818688.8193552,1528028964.9895868,1527228659.357789,1526417717.0878067,1525596084.0434692,1524763706.8293757,1523920532.8330336,1523066510.268387,1522201588.2207778,1521325716.6933782,1520438846.6551373,1519540930.0902822,1518631920.0494254,1517711770.7023141,1516780437.3922741,1515837876.6923935,1514884046.4634962,1513918905.9139533,1512942415.661381,1511954537.796286,1510955235.947702,1509944475.3508735,1508922222.9170475,1507888447.30543,1506843118.997353,1505786210.37273,1504717695.7888477,1503637551.6615593,1502545756.5489445,1501442291.2374954,1500327138.8309066,1499200284.841513,1498061717.2844715,1496911426.774739,1495749406.6269138,1494575652.9580317,1493390164.7933676,1492192944.175335,1490983996.2755477,1489763329.5101268,1488530955.658327,1487286889.9845648,1486031151.363924,1484763762.4112306,1483484749.6137645,1482194143.4677024,1480891978.6183736,1479578294.004413,1478253133.0058975,1476916543.5965545,1475568578.5001307,1474209295.3510027,1472838756.8591325,1471457030.9794466,1470064191.0857282,1468660316.1491249,1467245490.9213521,1465819806.1226897,1464383358.6348562,1462936251.698873,1461478595.1179814,1460010505.4657304,1458532106.299321,1457043528.3782883,1455544909.888633,1454036396.672487,1452518142.4633994,1450990309.1273503,1449453066.90958,1447906594.6873214,1446351080.2285447,1444786720.4567955,1443213721.7222307,1441632300.0789533,1440042681.5687304,1438445102.5112197,1436839809.8007815,1435227061.2100048,1433607125.7000504,1431980283.737931,1430346827.6208434,1428707061.8076966,1427061303.2579575,1425409881.777988,1423753140.3750093,1422091435.6188962,1420425138.0119796,1418754632.3670833,1417080318.1940346,1415402610.0949178,1413721938.1683762,1412038748.4233048,1410353503.2023177,1408666681.6154354,1406978779.9844837,1405290312.2987819,1403601810.6827555,1401913825.876223,1400226927.728191,1398541705.705118,1396858769.4147532,1395178749.1467874,1393502296.4317565,1391830084.619821,1390162809.4812799,1388501189.8309398,1386845968.1787443,1385197911.4094229,1383557811.4942765,1381926486.2386532,1380304780.069169,1378693564.8652487,1377093740.8402178,1375506237.4778466,1373932014.5310612,1372372063.0904326,1370827406.7310517,1369299102.7475424,1367788243.4882665,1366295957.8011954,1364823412.6055682,1363371814.6053042,1361942412.162182,1360536497.349138,1359155408.2066636,1357800531.228206,1356473304.1038055,1355175218.7549226,1353907824.6975765,1352672732.775647,1351471619.3114228,1350306230.7264795,1349178388.692516,1348089995.8793573,1347043042.375611,1346039612.8668919,1345081894.6670384,1344172186.7095232,1343312909.6194334,1342506617.0011835,1341756008.0935943,1341063941.962429,1340433453.4210665,1339867770.8929505,1339370336.455096,1338944828.3303747,1338595186.1280875,1338325639.1674514,1338140738.2577307,1338045391.3518836,1338044903.5383449,1338145021.8881297,1338351985.7322323,1338672583.0076272,1339114213.3793292,1339684958.9211984,1340393663.2196183,1341250019.851919,1342264671.2853494,1343449319.3422298,1344816848.4822004,1346381463.262414,1348158841.4499686,1350166304.3765495,1352423006.2412817,1354950144.1822388,1357771191.0478392,1360912152.904699,1364401853.4174948,1368272247.3303556,1372558765.3733985,1377300693.0246744,1382541585.7016625,1388329723.1826599,1394718606.4457216,1401767500.7948916,1409542030.3424373,1418114830.9972463,1427566272.6702886,1437985267.4204435,1449470190.3116546,1462129956.42172,1476085324.9771025,1491470546.9923398,1508435547.7224312,1527148959.259079,1547802524.8939285,1570617742.295052,1595856195.6648574,1623836020.7835064,1654958658.3538198,1689753033.4164963,1728949563.3242705,1773605831.418314,1825322992.41644,1886624254.918119,1961629485.8652663,2057287574.3752637,2185698968.973426,2368622604.224701,2646037928.5346766,3087010381.34098,3727822881.9946737,0.0
30000.0,-7493546959.874338,-7515457212.625504,-7537315117.674331,-7559120355.926217,-7580872612.283793,-7602571575.758098,-7624216939.580992,-7645808401.318767,-7667345662.986986,-7688828431.166474,-7710256417.120522,-7731629336.913211,-7752946911.528915,-7774208866.99292,-7795414934.493147,-7816564850.502962,-7837658356.905068,-7858695201.116448,-7879675136.214295,-7900597921.062979,-7921463320.44197,1540493071.3619516,1540191028.9571097,1539881653.5335186,1539564880.6296883,1539240645.2885013,1538908882.0554922,1538569524.977198,1538222507.5995924,1537867762.9665956,1537505223.6186714,1537134821.5915115,1536756488.4148176,1536370155.1111693,1535975752.1950068,1535573209.6717033,1535162457.0367625,1534743423.2751155,1534316036.8605509,1533880225.7552538,1533435917.4094877,1532983038.7614002,1532521516.2369719,1532051275.750113,1531572242.7029047,1531084341.9860015,1530587497.9791956,1530081634.552148,1529566675.065299,1529042542.3709562,1528509158.8145752,1527966446.2362363,1527414325.9723206,1526852718.8574018,1526281545.2263565,1525700724.9166973,1525110177.2711446,1524509821.1404428,1523899574.886425,1523279356.3853436,1522649083.0314662,1522008671.7409608,1521358038.9560606,1520697100.649539,1520025772.3294897,1519343969.0444274,1518651605.388731,1517948595.508419,1517234853.1072898,1516510291.4534287,1515774823.3860922,1515028361.3229897,1514270817.2679753,1513502102.8191514,1512722129.1774163,1511930807.1554565,1511128047.187203,1510313759.3377707,1509487853.3138878,1508650238.4748428,1507800823.8439517,1506939518.1205802,1506066229.6927204,1505180866.6501522,1504283336.7982023,1503373547.672125,1502451406.5521195,1501516820.479003,1500569696.270567,1499609940.5386338,1498637459.7068279,1497652160.0291083,1496653947.6090503,1495642728.419928,1494618408.3256183,1493580893.1023304,1492530088.4612167,1491465900.0718668,1490388233.586726,1489296994.6664581,1488192089.0062838,1487073422.3633294,1485940900.5849972,1484794429.6384149,1483633915.640971,1482459264.8919826,1481270383.9055226,1480067179.4444401,1478849558.555613,1477617428.60646,1476370697.3227549,1475109272.8277764,1473833063.6828308,1472541978.9291916,1471235928.1314833,1469914821.4225664,1468578569.5499432,1467227083.9237516,1465860276.6663673,1464478060.6636674,1463080349.6180043,1461667058.102925,1460238101.619691,1458793396.6556406,1457332860.7444417,1455856412.5282893,1454363971.822088,1452855459.6796815,1451330798.4621706,1449789911.9083755,1448232725.207498,1446659165.0740364,1445069159.8250005,1443462639.4594998,1441839535.740737,1440199782.2804897,1438543314.6261153,1436870070.350158,1435179989.142594,1433473012.9058058,1431749085.8523152,1430008154.605357,1428250168.3023467,1426475078.701312,1424682840.2903433,1422873410.40013,1421046749.319656,1419202820.4151034,1417341590.2520554,1415463028.7210233,1413567109.1664264,1411653808.5190253,1409723107.4319377,1407774990.4202588,1405809446.0043888,1403826466.8571281,1401826049.9546058,1399808196.731129,1397772913.2380185,1395720210.30651,1393650103.7148042,1391562614.3593354,1389457768.4303582,1387335597.59192,1385196139.1663227,1383039436.323161,1380865538.2730308,1378674500.4660215,1376466384.7950845,1374241259.8044105,1371999200.9029245,1369740290.5830379,1367464618.644804,1365172282.4256175,1362863387.0356467,1360538045.5991704,1358196379.5020285,1355838518.645405,1353464601.7062085,1351074776.4043076,1348669199.776946,1346248038.4606779,1343811468.9812036,1341359678.0515532,1338892862.8790972,1336411231.4819276,1333915003.0152423,1331404408.10841,1328879689.2135153,1326341100.9662588,1323788910.5602129,1321223398.1355624,1318644857.1835926,1316053594.9683743,1313449932.9672427,1310834207.3319175,1308206769.3723135,1305567986.0653706,1302918240.591516,1300257932.9017284,1297587480.3185236,1294907318.1746137,1292217900.4934764,1289519700.7165809,1286813212.4826384,1284098950.4649038,1281377451.2733037,1278649274.4290242,1275915003.4201307,1273175246.8478556,1270430639.6743689,1267681844.58421,1264929553.473011,1262174489.078846,1259417406.7734003,1256659096.5322444,1253900385.1058486,1251142138.4155927,1248385264.2019582,1245630714.9553618,1242879491.1637735,1240132644.9153183,1237391283.8986783,1234656575.8491833,1231929753.494197,1229212120.0577545,1226505055.391512,1223810022.8069687,1221128576.6927366,1218462371.0104527,1215813168.7738507,1213182852.6276543,1210573436.6564665,1207987079.5688372,1205426099.418309,1202892990.041707,1200390439.4153552,1197921350.1524591,1195488862.389841,1193096379.3396554,1190747595.8119202,1188446530.0468507,1186197559.2322357,1184005459.120708,1181875448.2047637,1179813236.9540308,1177825082.669483,1175917850.5631251,1174099081.7289515,1172377068.7313561,1170760939.6002913,1169260751.0873966,1167887592.1031585,1166653698.320213,1165572578.9902573,1164659157.0789087,1163929923.870616,1163403109.2299263,1163098868.7200634,1163039488.767661,1163249611.0144591,1163756476.9018564,1164590193.379061,1165784020.3947697,1167374680.5081856,1169402690.5186033,1171912714.444601,1174953936.4672883,1178580451.5779922,1182851670.6458974,1187832735.4826517,1193594938.3203943,1200216139.1226594,1207781173.6591096,1216382245.9055204,1226119301.1300266,1237100382.7687025,1249441989.8389947,1263269477.096538,1278717585.512075,1295931269.278369,1315067119.4240367,1336295909.3817647,1359807164.0973744,1385817279.5967731,1414583755.9756489,1446429819.599825,1481786537.540428,1521264189.399076,1565772353.3660393,1616720913.8221982,1676355665.5320282,1748319760.519604,1838603325.90075,1957195492.2403593,2121126554.8845668,2360628575.3429804,2733439272.97619,3364922588.779183,4594556664.875571,0.0
29990.0,-7354460895.219162,-7374538656.244488,-7394562103.991625,-7414530956.066832,-7434444934.222587,-7454303764.459638,-7474107177.129959,-7493854907.04058,-7513546693.558328,-7533182280.715402,-7552761417.315804,-7572283857.042568,-7591749358.565815,-7611157685.651548,-7630508607.271216,-7649801897.711988,-7669037336.687726,-7688214709.450644,-7707333806.903544,-7726394425.712719,-7745396368.421379,1518431502.4994862,1517991411.119192,1517542807.0191119,1517085612.862427,1516619750.6452372,1516145141.6921444,1515661706.651841,1515169365.492736,1514668037.4986112,1514157641.2642999,1513638094.691412,1513109314.9840882,1512571218.6447945,1512023721.4701664,1511466738.5468924,1510900184.2476478,1510323972.2270856,1509738015.417877,1509142226.0268195,1508536515.5309973,1507920794.6740205,1507294973.462325,1506658961.1615553,1506012666.2930193,1505355996.6302314,1504688859.1955442,1504011160.2568672,1503322805.3244853,1502623699.1479828,1501913745.7132692,1501192848.2397234,1500460909.1774466,1499717830.2046492,1498963512.22516,1498197855.3660731,1497420758.975535,1496632121.6206825,1495831841.085727,1495019814.3702128,1494195937.6874301,1493360106.4630113,1492512215.3337092,1491652158.1463594,1490779827.957051,1489895117.030495,1488997916.8396108,1488088118.0653374,1487165610.5966742,1486230283.5309649,1485282025.1744318,1484320723.0429697,1483346263.8632133,1482358533.5738847,1481357417.3274279,1480342799.4919531,1479314563.6534913,1478272592.6185718,1477216768.417142,1476146972.3058345,1475063084.7715948,1473964985.5356863,1472852553.5580812,1471725667.0422616,1470584203.4404206,1469428039.4591143,1468257051.0653405,1467071113.4930944,1465870101.250387,1464653888.1267653,1463422347.201337,1462175350.8513246,1460912770.7611585,1459634477.9321353,1458340342.6926534,1457030234.7090476,1455704022.9970407,1454361575.933833,1453002761.2708476,1451627446.1471565,1450235497.1036034,1448826780.097648,1447401160.518953,1445958503.2057395,1444498672.4619274,1443021532.0750895,1441526945.3352458,1440014775.054516,1438484883.5876613,1436937132.8535347,1435371384.35748,1433787499.214687,1432185338.1745462,1430564761.6460235,1428925629.7240906,1427267802.2172246,1425591138.6760273,1423895498.4229794,1422180740.5833654,1420446724.1174004,1418693307.8535929,1416920350.5233686,1415127710.7970004,1413315247.3208613,1411482818.7560554,1409630283.8184376,1407757501.3200777,1405864330.2121923,1403950629.629582,1402016258.9366195,1400061077.7748067,1398084946.1119583,1396087724.2930393,1394069273.0926912,1392029453.7694962,1389968128.1220074,1387885158.546597,1385780408.097145,1383653740.5466242,1381505020.4506161,1379334113.212799,1377140885.152449,1374925203.5739937,1372686936.8386703,1370425954.4383159,1368142127.0713508,1365835326.7209802,1363505426.7356749,1361152301.9119663,1358775828.5796018,1356375884.689115,1353952349.9018493,1351505105.6824884,1349034035.394145,1346539024.3960485,1344019960.1439068,1341476732.2929735,1338909232.8038917,1336317356.0513697,1333700998.9357584,1331060060.9975846,1328394444.5351253,1325704054.7250874,1322988799.7464828,1320248590.9077802,1317483342.7774277,1314692973.3178582,1311877404.023085,1309036560.0599978,1306170370.4135296,1303278768.0358126,1300361689.9994962,1297419077.65544,1294450876.7949493,1291457037.8168125,1288437515.899394,1285392271.1780674,1282321268.9283204,1279224479.7548954,1276101879.7873769,1272953450.8826945,1269779180.8350527,1266579063.5938838,1263353099.4904811,1260101295.4740496,1256823665.3580306,1253520230.0776172,1250191017.9595504,1246836065.00537,1243455415.1894758,1240049120.7735238,1236617242.6388395,1233159850.6387796,1229677023.9732015,1226168851.587452,1222635432.5986018,1219076876.7519855,1215493304.911481,1211884849.58738,1208251655.5061784,1204593880.2271407,1200911694.811082,1197205284.547463,1193474849.7466545,1189720606.605017,1185942788.151403,1182141645.2846787,1178317447.9130425,1174470486.2071903,1170601071.9808073,1166709540.213472,1162796250.7328517,1158861590.0750449,1154905973.544165,1150929847.4947374,1146933691.8632412,1142918022.9782243,1138883396.681839,1134830411.7994938,1130759713.9985747,1126672000.0819485,1122568022.7672248,1118448596.008685,1114314600.925301,1110166992.4055548,1106006806.4678812,1101835168.4645343,1097653302.2266674,1093462540.2595077,1089264335.1087723,1085060272.0331106,1080852083.1324158,1076641663.0985084,1072431086.7731422,1068222628.7185574,1064018785.0282238,1059822297.6300437,1055636181.3612896,1051463754.1242411,1047308670.4638165,1043174958.9438423,1039067063.7369521,1034989890.8846322,1030948859.7287095,1026949960.0635221,1022999815.6091619,1019105754.4602032,1015275887.2208891,1011519193.5963442,1007845618.2690148,1004266176.9491373,1000793073.5458941,997439829.4598162,994221426.0440302,991154461.3183041,988257322.0405691,985550372.2393773,983056159.2796353,980799638.4628319,978808417.0393331,977113018.3187317,975747166.2856996,974748090.7405653,974156852.4587202,974018687.1693263,974383366.2558944,975305570.9401393,976845275.2870015,979068131.6282897,982045849.924967,985856560.1846602,990585144.3916614,996323521.6686826,1003170867.9355369,1011233749.8367043,1020626153.3804574,1031469392.6393343,1043891896.5074291,1058028897.734567,1074022097.913055,1092019470.6281698,1112175518.4923306,1134652560.383045,1159624061.0907776,1187281736.5529497,1217849349.366971,1251608028.846611,1288941040.2767818,1330410852.1495883,1376889104.6786523,1429772156.1295173,1491333596.4747987,1565294729.1196148,1657744937.7658045,1778648774.2840881,1944451980.2864528,2183196449.9244094,2547147059.239907,3156773529.8930783,4435245508.55262,0.0
29980.0,-7200538564.531112,-7218845831.983294,-7237097152.60046,-7255292277.660659,-7273430962.6550865,-7291512967.380318,-7309538056.031158,-7327505997.294072,-7345416564.441201,-7363269535.424932,-7381064692.972984,-7398801824.683984,-7416480723.123527,-7434101185.920669,-7451663015.86484,-7469166021.003122,-7486610014.737887,-7503994815.924742,-7521320248.970745,-7538586143.932876,-7555792336.616685,1496351209.5187378,1495776928.2246616,1495192995.9808023,1494599322.9903915,1493995818.621956,1493382391.4022052,1492758949.0088847,1492125398.2636158,1491481645.1247048,1490827594.6799316,1490163151.1393204,1489488217.8278878,1488802697.17838,1488106490.7239857,1487399499.0910437,1486681621.991735,1485952758.2167656,1485212805.6280377,1484461661.1513257,1483699220.7689362,1482925379.512375,1482140031.4550123,1481343069.704752,1480534386.3967068,1479713872.6858838,1478881418.7398775,1478036913.7315836,1477180245.831926,1476311302.2026036,1475429968.9888637,1474536131.312302,1473629673.2636914,1472710477.8958464,1471778427.2165258,1470833402.181375,1469875282.6869159,1468903947.5635867,1467919274.5688338,1466921140.3802648,1465909420.5888593,1464883989.6922586,1463844721.0881119,1462791487.0675142,1461724158.8085213,1460642606.3697505,1459546698.6840808,1458436303.5524468,1457311287.6377451,1456171516.4588423,1455016854.3847098,1453847164.628679,1452662309.242827,1451462149.1125019,1450246543.9509897,1449015352.2943387,1447768431.4963388,1446505637.7236712,1445226825.951231,1443931849.9576373,1442620562.3209317,1441292814.4144795,1439948456.4030821,1438587337.2393038,1437209304.6600318,1435814205.1832716,1434401884.1051924,1432972185.4974284,1431524952.2046492,1430060025.8424132,1428577246.7953055,1427076454.2153852,1425557486.0209363,1424020178.895553,1422464368.2875614,1420889888.4097817,1419296572.239666,1417684251.519803,1416052756.7588146,1414401917.2326572,1412731560.9863322,1411041514.83604,1409331604.3717651,1407601653.960331,1405851486.7489269,1404080924.669127,1402289788.441411,1400477897.5802155,1398645070.399514,1396791124.0189629,1394915874.3706112,1393019136.2062018,1391100723.1050806,1389160447.4827325,1387198120.599952,1385213552.5726829,1383206552.3825312,1381176927.8879786,1379124485.8363113,1377049031.876287,1374950370.57155,1372828305.414836,1370682638.8429496,1368513172.252581,1366319706.0169342,1364102039.5032299,1361859971.0910673,1359593298.1916988,1357301817.2682028,1354985323.8566103,1352643612.5879827,1350276477.2114692,1347883710.618367,1345465104.8672037,1343020451.2098613,1340549540.1187687,1338052161.3151789,1335528103.7985506,1332977155.8770666,1330399105.1993012,1327793738.7870603,1325160843.0694182,1322500203.9179726,1319811606.6833448,1317094836.2329376,1314349676.9899855,1311575912.973916,1308773327.8420453,1305941704.9326382,1303080827.309354,1300190477.8071067,1297270439.0793705,1294320493.6469564,1291340423.9482956,1288330012.391263,1285289041.4065704,1282217293.5027807,1279114551.3229735,1275980597.703121,1272815215.7322075,1269618188.8141692,1266389300.7317004,1263128335.7120085,1259835078.4945767,1256509314.401044,1253150829.4072802,1249759410.2177744,1246334844.342458,1242876920.1760998,1239385427.080427,1235860155.469154,1232300896.8961122,1228707444.1467073,1225079591.3329647,1221417133.992439,1217719869.191321,1213987595.6321115,1210220113.7662673,1206417225.9122949,1202578736.379827,1198704451.600262,1194794180.264661,1190847733.4696467,1186864924.8721657,1182845570.8540854,1178789490.6977,1174696506.7733755,1170566444.74071,1166399133.7647483,1162194406.7489924,1157952100.5871592,1153672056.435875,1149354120.0107596,1144998141.9086652,1140603977.959158,1136171489.6087017,1131700544.3414288,1127191016.1408525,1122642785.9973705,1118055742.4670167,1113429782.2875576,1108764811.0587316,1104060743.9942663,1099317506.754173,1094535036.3668513,1089713282.2516139,1084852207.353515,1079951789.403725,1075012022.3202589,1070032917.7655542,1065014506.879322,1059956842.207227,1054859999.8482938,1049724081.8466,1044549218.8557327,1039335573.1077368,1034083341.7219399,1028792760.3930259,1023464107.5022517,1018097708.7006502,1012693942.0186181,1007253243.562401,1001776113.864836,996263124.9652579,990714928.3018708,985132263.5091926,979515968.2234826,973866989.0104623,968186393.5422958,962475384.1647027,956735313.0105504,950967698.8332341,945174245.7519355,939356864.1214967,933517693.7622936,927659129.8104589,921783851.4760321,915894854.026445,909995484.3452811,904089480.4515569,898181015.4031179,892274746.0490594,886375867.1405379,880490171.3568046,874624115.8537261,868784895.9951559,862980526.9829117,857219934.158154,851513052.8048052,845870938.3429496,840305887.8554056,834831573.9413142,829463191.933999,824217621.55233,819113604.0705426,814171936.0844393,809415680.9139367,804870398.6027728,800564395.3428864,796528992.9473897,792798818.7022617,789412115.5183387,786411071.7520397,783842169.3295318,781756547.8520331,780210381.1297498,779265261.0319337,778988581.5887299,779453913.8733815,780741359.2732731,782937865.2873724,786137483.9717345,790441548.6854185,795958740.1126863,802805008.1700768,811103313.3236427,820983150.7822654,832579826.9989784,846033474.9663244,861487831.3384364,879088868.2396535,898983498.1252806,921318787.3023915,946242480.1914415,973906242.7360327,1004474020.2195355,1038139485.757894,1075159044.7853768,1115910695.1280222,1160994775.8331375,1211400845.412393,1268775900.6450734,1335842199.061632,1417025426.1944747,1519361856.6630003,1653765385.7185247,1836862010.7020547,2094549323.8536713,2475085650.8443236,3132529921.7905655,0.0
29970.0,-7033212491.175574,-7049811891.801718,-7066354008.351901,-7082838622.647092,-7099265520.714524,-7115634492.869686,-7131945333.798676,-7148197842.640834,-7164391823.071713,-7180527083.386282,-7196603436.582359,-7212620700.444279,-7228578697.626688,-7244477255.738516,-7260316207.427023,-7276095390.461941,-7291814647.81961,-7307473827.767158,-7323072783.946577,-7338611375.45875,-7354089466.947335,1474344967.3114715,1473641050.5810645,1472926393.0943546,1472200893.0981607,1471464447.8421633,1470716953.5691519,1469958305.5051887,1469188397.8496988,1468407123.765485,1467614375.368667,1466810043.7185438,1465994018.8073862,1465166189.550148,1464326443.774107,1463474668.2084355,1462610748.4736915,1461734569.0712419,1460846013.3726103,1459944963.6087632,1459031300.8593102,1458104905.0416481,1457165654.9000309,1456213427.9945698,1455248100.6901724,1454269548.1454096,1453277644.3013213,1452272261.8701577,1451253272.3240557,1450220545.8836572,1449173951.5066664,1448113356.8763456,1447038628.389959,1445949631.1471562,1444846228.9383006,1443728284.232755,1442595658.1671016,1441448210.5333266,1440285799.7669506,1439108282.9351153,1437915515.7246299,1436707352.429971,1435483645.9412549,1434244247.732159,1432989007.8478258,1431717774.8927226,1430430396.0184815,1429126716.9117093,1427806581.7817771,1426469833.3485892,1425116312.8303373,1423745859.9312363,1422358312.829257,1420953508.1638472,1419531281.0236537,1418091464.934236,1416633891.8458002,1415158392.120922,1413664794.5222983,1412152926.2005072,1410622612.6817868,1409073677.8558455,1407505943.9636977,1405919231.5855327,1404313359.6286254,1402688145.3152905,1401043404.1708825,1399378950.0118537,1397694594.933869,1395990149.299984,1394265421.7289002,1392520219.083285,1390754346.4581833,1388967607.1695118,1387159802.742648,1385330732.9011173,1383480195.5553908,1381607986.7917905,1379713900.8615139,1377797730.169787,1375859265.2651486,1373898294.8288713,1371914605.664531,1369907982.6877294,1367878208.9159734,1365825065.4587262,1363748331.50763,1361647784.3269076,1359523199.243965,1357374349.640171,1355201006.94186,1353002940.6115375,1350779918.1392982,1348531705.0344858,1346258064.8175738,1343958759.012292,1341633547.138005,1339282186.7023406,1336904433.1940894,1334500040.0763674,1332068758.7800646,1329610338.6975718,1327124527.1768072,1324611069.5155344,1322069708.955995,1319500186.6798456,1316902241.8034203,1314275611.3733156,1311620030.3623092,1308935231.6656137,1306220946.0974755,1303476902.388123,1300702827.1810675,1297898445.0307648,1295063478.40064,1292197647.661482,1289300671.0902138,1286372264.8690333,1283412143.0849462,1280420017.7296772,1277395598.699977,1274338593.7983186,1271248708.7339976,1268125647.1246295,1264969110.4980588,1261778798.294677,1258554407.8701603,1255295634.4986272,1252002171.3762293,1248673709.625174,1245309938.2982025,1241910544.3835108,1238475212.8101554,1235003626.4539292,1231495466.1437438,1227950410.668534,1224368136.784699,1220748319.224123,1217090630.7028015,1213394741.9301066,1209660321.618741,1205887036.4954429,1202074551.312488,1198222528.8600652,1194330629.9796212,1190398513.5782506,1186425836.6442595,1182412254.264022,1178357419.6402822,1174260984.112063,1170122597.1763911,1165941906.5120406,1161718558.005572,1157452195.779928,1153142462.2259474,1148788998.0371416,1144391442.2481835,1139949432.2775764,1135462603.9750526,1130930591.6743236,1126353028.251882,1121729545.1926363,1117059772.6632788,1112343339.594383,1107579873.7723703,1102769001.9426017,1097910349.9250515,1093003542.7441378,1088048204.7745438,1083043959.9050384,1077990431.7225735,1072887243.719203,1067734019.5246748,1062530383.1678934,1057275959.3708221,1051970373.8788273,1046613253.8319297,1041204228.1819667,1035742928.1612436,1030228987.8089049,1024662044.5619957,1019041739.9189721,1013367720.1843402,1007639637.3040729,1001857149.802607,996019923.8334259,990127634.356621,984179966.4583642,978176616.8289077,972117295.4176292,966001727.2857383,959829654.6795913,953600839.3501499,947315065.1470151,940972140.9186368,934571903.7538826,928114222.6040561,921599002.3288423,915026188.2145269,908395771.0181587,901707792.5973529,894962352.1919978,888159613.4314579,881299812.1489947,874383265.0940642,867410379.6431148,860381664.6204559,853297742.3529129,846159362.0953729,838967414.9790708,831722950.6507907,824427195.789016,817081574.7028301,809687732.2409587,802247559.2621038,794763220.9436629,787237188.234322,779672272.7868986,772071665.7414359,764438980.76495,756778301.7935708,749094235.9650695,741391972.2750403,733677346.5380857,725956913.2861819,718238025.2895868,710528921.4406962,702838823.7974548,695178044.6392438,687558104.443128,679991861.7401478,672493655.8573892,665079463.5885458,657767070.8594289,650576260.4597507,643529016.891598,636649749.329324,629965533.5838902,623506373.8028502,617305484.3973799,611399592.3481022,605829259.5744922,600639224.4248505,595878760.5140208,591602050.0542936,587868567.4313532,584743467.0005772,582297966.8367448,580609717.3682948,579763140.3630642,579849719.5008228,580968218.6734078,583224798.1327736,586732991.669471,591613500.2964882,597993749.8340397,606007152.1699479,615792004.3640443,627489958.9239373,641244007.1857979,657195943.549626,675483333.943736,696236117.4006684,719573156.3853817,745599367.451202,774404579.9254776,806066087.0299492,840658101.4493567,878273144.9418929,919062849.3057039,963308428.8438573,1011532750.9583069,1064661616.9457887,1124217012.5023882,1192438145.5067756,1271960208.614867,1363887289.98531,1460416503.2178774,1515487065.0138524,1291895179.6040618,0.0
29960.0,-6853851408.016324,-6868805887.463227,-6883702008.727803,-6898539581.008424,-6913318417.63762,-6928038336.153641,-6942699158.372141,-6957300710.457894,-6971842822.996575,-6986325331.066506,-7000748074.310421,-7015110897.007124,-7029413648.143069,-7043656181.483812,-7057838355.645272,-7071960034.164795,-7086021085.57197,-7100021383.459152,-7113960806.551634,-7127839238.777469,-7141656569.336844,1452503381.9769862,1451675052.4050994,1450834947.335852,1449982953.6477914,1449118957.0664358,1448242842.1519463,1447354492.2866695,1446453789.6625593,1445540615.2684612,1444614848.8772807,1443676369.0330098,1442725053.0376337,1441760776.9379008,1440783415.5119603,1439792842.2558703,1438788929.3699734,1437771547.74513,1436740566.948826,1435695855.211143,1434637279.4105818,1433564705.0597653,1432477996.2909884,1431377015.8416376,1430261625.039467,1429131683.7877374,1427987050.5502126,1426827582.336014,1425653134.6843324,1424463561.6490002,1423258715.7829194,1422038448.1223388,1420802608.1710026,1419551043.8841333,1418283601.652289,1417000126.2850597,1415700460.9946272,1414384447.379172,1413051925.4061377,1411702733.3953433,1410336708.0019515,1408953684.1992857,1407553495.2615001,1406135972.7461014,1404700946.4763203,1403248244.523332,1401777693.1883337,1400289116.984461,1398782338.618568,1397257178.972846,1395713457.086298,1394150990.1360626,1392569593.4185843,1390969080.3306398,1389349262.3502064,1387709949.017184,1386050947.9139702,1384372064.6458788,1382673102.8214104,1380953864.0323777,1379214147.8338716,1377453751.7240872,1375672471.1239944,1373870099.3568583,1372046427.6276152,1370201245.0020936,1368334338.3860924,1366445492.5043023,1364534489.879087,1362601110.809108,1360645133.3478076,1358666333.2817369,1356664484.1087408,1354639357.015992,1352590720.8578782,1350518342.133739,1348421984.9654543,1346301411.0748887,1344156379.7611806,1341986647.877886,1339791969.809974,1337572097.4506671,1335326780.1781409,1333055764.8320622,1330758795.6899815,1328435614.4435725,1326085960.1747155,1323709569.3314316,1321306175.7036538,1318875510.3988438,1316417301.8174548,1313931275.628223,1311417154.7433035,1308874659.29324,1306303506.6017635,1303703411.1604242,1301074084.6030424,1298415235.6799936,1295726570.2322986,1293007791.165542,1290258598.4235895,1287478688.962119,1284667756.72195,1281825492.6021633,1278951584.4330194,1276045716.9486504,1273107571.7595313,1270136827.3247237,1267133158.9238718,1264096238.6289597,1261025735.2758088,1257921314.435307,1254782638.3843713,1251609366.0766165,1248401153.1127348,1245157651.7105658,1241878510.6748478,1238563375.3666453,1235211887.6724212,1231823685.9727712,1228398405.1107764,1224935676.3599825,1221435127.391984,1217896382.2436006,1214319061.2836323,1210702781.179184,1207047154.8615441,1203351791.4916074,1199616296.4248223,1195840271.1756723,1192023313.3816597,1188165016.7668,1184264971.10462,1180322762.1806512,1176337971.7544222,1172310177.5209594,1168238953.0717945,1164123867.8554993,1159964487.1377676,1155760371.9610558,1151511079.1038394,1147216161.0395017,1142875165.894923,1138487637.408827,1134053114.8899622,1129571133.1752067,1125041222.587707,1120462908.8951795,1115835713.2685165,1111159152.2408783,1106432737.6674669,1101655976.6862125,1096828371.679651,1091949420.2382784,1087018615.1257615,1082035444.2463768,1076999390.61516,1071909932.3312702,1066766542.5551677,1061568689.4902668,1056315836.3698348,1051007441.4499761,1045642958.0096767,1040221834.3590028,1034743513.8566637,1029207434.9383322,1023613031.1572652,1017959731.2389671,1012246959.151844,1006474134.1960344,1000640671.1128778,994745980.2177515,988789467.5593469,982770535.1088254,976688580.9826784,970542999.7035731,964333182.5039768,958058517.6778771,951718390.9865706,945312186.1251307,938839285.2569706,932299069.6247352,925690920.2466917,919014218.7088511,912268348.0641934,905452693.8516507,898566645.2489475,891609596.3749475,884580947.7589506,877480107.9962959,870306495.6118093,863059541.1550151,855738689.5537107,848343402.7554181,840873162.6895182,833327474.5864944,825705870.6946856,818007914.439453,810233205.0745335,802381382.880823,794452134.9738777,786445201.7880515,778360384.3126339,770197552.1634465,761956652.5824125,753637720.4675732,745240889.5469942,736766404.8221588,728214636.4197944,719586095.0057993,710881448.9311566,702101543.2974918,693247421.149514,684320347.0229887,675321833.1003609,666253668.2517923,657117950.2673346,647917121.6164007,638654009.1037405,629331867.8268402,619954429.8782617,610525958.2777884,601051306.6635243,591535985.3180553,581986234.1554179,572409103.3464475,562812542.3137798,553205497.8825197,543598022.4275162,534001392.9118207,524428241.7615924,514892700.5679323,505410557.6428811,495999430.48093784,486678954.1838807,477470986.8885652,468399833.1864129,459492486.42857325,450778890.6587783,442292222.68940973,434069194.51389724,426150375.8032284,418580535.6323221,411409001.78150046,404690034.9068962,398483213.50684345,392853823.849169,387873246.7684249,383619330.3721094,380176734.06374943,377637224.7206239,376099900.14114136,375671307.74746954,376465417.69479156,378603398.6550504,382213131.22037804,387428377.6786748,394387507.3883474,403231653.63798535,414102150.22117674,427137063.4489213,442466597.27564883,460207104.47972655,480453383.0257815,503268868.4456955,528673238.03561795,556626793.3757453,587010723.0159743,619601829.8627536,654039218.3507347,689777985.0239893,726019040.3490934,761588811.4989291,794699730.7490003,822396423.548884,839107691.0555148,832499524.0771141,770491685.2165402,553286349.6486392,-225070234.17189425,0.0
29950.0,-6663760614.030682,-6677133162.887814,-6690446512.018739,-6703700494.853087,-6716894948.826024,-6730029715.439437,-6743104640.322966,-6756119573.294875,-6769074368.42274,-6781968884.0839,-6794802983.02565,-6807576532.425129,-6820289403.948879,-6832941473.812038,-6845532622.837102,-6858062736.512245,-6870531705.049148,-6882939423.440289,-6895285791.515638,-6907570713.998742,-6919794100.562117,1430914468.0367575,1429967585.2054129,1429007953.4876149,1428035449.0621805,1427049946.806827,1426051320.283377,1425039441.72277,1424014182.0099134,1422975410.6683433,1421922995.8447115,1420856804.293089,1419776701.3590853,1418682550.9637802,1417574215.5874672,1416451556.2532074,1415314432.5101914,1414162702.416903,1412996222.5240889,1411814847.8575294,1410618431.9006047,1409406826.57666,1408179882.2311656,1406937447.6136644,1405679369.859514,1404405494.4714148,1403115665.3007169,1401809724.528521,1400487512.6465476,1399148868.4377928,1397793628.9569519,1396421629.5106218,1395032703.6372726,1393626683.0869794,1392203397.8009324,1390762675.890696,1389304343.6172373,1387828225.3697085,1386334143.6439826,1384821919.0209408,1383291370.1445117,1381742313.6994557,1380174564.3888893,1378587934.911555,1376982235.9388242,1375357276.0914376,1373712861.915978,1372048797.8610659,1370364886.2532861,1368660927.2728353,1366936718.9288871,1365192057.0346732,1363426735.182277,1361640544.7171369,1359833274.7122548,1358004711.9421027,1356154640.8562362,1354282843.5525923,1352389099.750485,1350473186.7632868,1348534879.47079,1346573950.2912495,1344590169.153103,1342583303.4663556,1340553118.0936327,1338499375.320901,1336421834.827836,1334320253.657853,1332194386.1877732,1330043984.0971491,1327868796.3372078,1325668569.0994449,1323443045.7838306,1321191966.9666495,1318915070.3679433,1316612090.818575,1314282760.2268865,1311926807.5449579,1309543958.734458,1307133936.7320724,1304696461.4145153,1302231249.5631032,1299738014.827894,1297216467.6913795,1294666315.431718,1292087262.085511,1289479008.410098,1286841251.8453798,1284173686.4751441,1281476002.9878907,1278747888.6371453,1275989027.2012544,1273199098.94264,1270377780.566516,1267524745.1790433,1264639662.2449157,1261722197.5443616,1258772013.1295538,1255788767.2804043,1252772114.4597282,1249721705.2677817,1246637186.3961265,1243518200.5808342,1240364386.5549862,1237175379.0004804,1233950808.499098,1230690301.4828289,1227393480.1834316,1224059962.5812035,1220689362.3529422,1217281288.8190804,1213835346.8899596,1210351137.011236,1206828255.1083758,1203266292.5302293,1199664835.9916503,1196023467.515137,1192341764.37147,1188619299.0193095,1184855639.0437393,1181050347.0937135,1177202980.8183897,1173313092.8023064,1169380230.499391,1165403936.165751,1161383746.7912326,1157319194.0297122,1153209804.1280954,1149055097.8539846,1144854590.4220054,1140607791.4187524,1136314204.7263358,1131973328.4445066,1127584654.8113441,1123147670.1224766,1118661854.6488473,1114126682.5529847,1109541621.8038068,1104906134.089939,1100219674.7315636,1095481692.5908172,1090691629.9807699,1085848922.5730066,1080952999.3038812,1076003282.2794871,1070999186.6794317,1065940120.6595162,1060825485.2534246,1055654674.27357,1050427074.2112553,1045142064.1363497,1039799015.5966992,1034397292.5175396,1028936251.1011992,1023415239.7274675,1017833598.8549988,1012190660.9242363,1006485750.2623487,1000718182.990808,994887266.9362516,988992301.545408,983032577.804956,977007378.1672745,970915976.4832017,964757637.9430339,958531619.0271612,952237167.4679053,945873522.2243085,939439913.4718652,932935562.6093731,926359682.2854022,919711476.4471252,912990140.4145998,906194860.9839587,899324816.5633407,892379177.3458738,885357105.5244756,878257755.5538223,871080274.4654166,863823802.2423749,856487472.2612957,849070411.8093927,841571742.6860174,833990581.8986907,826326042.4648988,818577234.3321791,810743265.4303744,802823242.8715017,794816274.3143747,786721469.5129898,778537942.0697998,770264811.4172965,761901205.0538808,753446261.0628548,744899130.9464759,736258982.810525,727525004.9386408,718696409.7999554,709772438.5382503,700752365.9960442,691635506.3327732,682421219.3025757,673108917.2641782,663698073.0031396,654188228.4552389,644579004.4292105,634870111.4373986,625061361.7543834,615152682.8361747,605144132.2464554,595035914.2515893,584828398.2628188,574522139.322439,564117900.850841,553616679.8933053,543019735.1294737,532328617.93462384,521545206.8103963,510671745.5336049,499710885.4052815,488665732.0183328,477539897.00111187,466337555.2359477,455063508.0960973,443723253.2917296,432323061.9650295,420870063.72617024,409372340.3750589,397839029.10783166,386280436.06086624,374708161.09734184,363135234.79014766,351576268.59773856,340047619.263242,328567568.4873821,317156518.9273641,305837207.54970443,294634937.30623645,283577827.9979514,272697087.02628684,262027300.48774743,251606744.72180086,241477717.94395286,231686890.94766033,222285674.99148625,213330603.83900738,204883725.40774345,197012996.50518823,189792671.5486536,183303672.80175674,177633925.2766028,172878633.7283377,169140471.67552543,166529642.5205586,165163759.78709424,165167476.05388832,166671766.63650316,169812741.93377283,174729817.8476295,181563011.07223502,190449036.4871404,201515753.56351075,214874315.816657,230608087.3518024,248756948.50329617,269294931.2720976,292098067.29290414,316897682.0759447,343211798.7625561,370243313.49022,396727357.31090975,420700275.78204036,439145458.50560886,447436471.7074294,438410379.71723706,400640786.9984896,314625242.21521723,142845642.44105652,-199242646.81086212,-943407971.6718829,0.0
29940.0,-6464182609.856789,-6476036023.098403,-6487829599.70388,-6499563194.256023,-6511236665.166758,-6522849874.728086,-6534402689.162737,-6545894978.674426,-6557326617.497749,-6568697483.947641,-6580007460.468354,-6591256433.681969,-6602444294.436322,-6613570937.852408,-6624636263.371109,-6635640174.799309,-6646582580.355282,-6657463392.713348,-6668282529.047723,-6679039911.075544,-6689735465.099009,1409663243.9648407,1408604269.702611,1407531640.4055147,1406445222.2966983,1405344880.1592007,1404230477.318795,1403101875.6266022,1401958935.4414866,1400801515.6122222,1399629473.4594288,1398442664.7572775,1397240943.7149549,1396024162.9578896,1394792173.5087376,1393544824.7681198,1392281964.4951081,1391003438.7874596,1389709092.061595,1388398767.0323136,1387072304.6922493,1385729544.2910523,1384370323.3143053,1382994477.4621608,1381601840.6277027,1380192244.875019,1378765520.4169958,1377321495.5928116,1375859996.8451436,1374380848.6970687,1372883873.728668,1371368892.5533156,1369835723.7936583,1368284184.0572803,1366714087.9120464,1365125247.8611119,1363517474.3176131,1361890575.5790126,1360244357.8011093,1358578624.971701,1356893178.8838935,1355187819.1090636,1353462342.9694457,1351716545.5103672,1349950219.472099,1348163155.261338,1346355140.9223018,1344525962.1074307,1342675402.0477018,1340803241.522537,1338909258.8293033,1336993229.7524,1335054927.5319264,1333094122.8319209,1331110583.7081668,1329104075.5755544,1327074361.1750014,1325021200.539911,1322944350.9621716,1320843566.9576833,1318718600.2314084,1316569199.641935,1314395111.1655447,1312196077.8597791,1309971839.8264925,1307722134.1743872,1305446694.981018,1303145253.254255,1300817536.8932018,1298463270.6485553,1296082176.0823932,1293673971.5273871,1291238372.0454211,1288775089.3856158,1286283831.9417362,1283764304.708976,1281216209.24011,1278639243.6009912,1276033102.3253992,1273397476.369201,1270732053.0638344,1268036516.0690868,1265310545.3251598,1262553817.0039995,1259766003.459885,1256946773.1792586,1254095790.7297664,1251212716.7085185,1248297207.689529,1245348916.170329,1242367490.5177295,1239352574.9127204,1236303809.2944798,1233220829.3034756,1230103266.2236416,1226950746.9236023,1223762893.7969224,1220539324.7013671,1217279652.8971336,1213983486.9840484,1210650430.8376887,1207280083.5444083,1203872039.3352408,1200425887.5186534,1196941212.412118,1193417593.272471,1189854604.2250369,1186251814.1914768,1182608786.8163295,1178925080.3922155,1175200247.7836719,1171433836.3495703,1167625387.8640957,1163774438.4362404,1159880518.4277763,1155943152.3696666,1151961858.876878,1147936150.5615525,1143865533.944487,1139749509.3649004,1135587570.8884177,1131379206.2132487,1127123896.574505,1122821116.6466148,1118470334.4437883,1114071011.2184923,1109622601.3578825,1105124552.2781558,1100576304.3167686,1095977290.6224928,1091326937.0432506,1086624662.0116904,1081869876.428484,1077061983.5432744,1072200378.8332725,1067284449.8794503,1062313576.2403152,1057287129.3232429,1052204472.2533495,1047064959.7398915,1041867937.9402046,1036612744.3211725,1031298707.5182538,1025925147.1920925,1020491373.8827543,1014996688.8616459,1009440383.9811958,1003821741.522382,998140034.0402316,992394524.2074242,986584464.6561728,980709097.8185819,974767655.7657158,968759360.0456414,962683421.5207857,956539040.2049499,950325405.1004233,944041694.0356658,937687073.5041167,931260698.5047662,924761712.3851976,918189246.6879036,911542421.000812,904820342.8130368,898022107.3770294,891146797.5784448,884193483.8151839,877161223.8872802,870049062.8994792,862856033.1785815,855581154.2078822,848223432.5812966,840781861.9800704,833255423.1753155,825643084.0599715,817943799.7142243,810156512.5088452,802280152.2514522,794313636.3812289,786255870.2182708,778105747.2744191,769862149.6331968,761523948.4073133,753090004.2831233,744559168.1624796,735930281.9135408,727202179.2433789,718373686.7066042,709443624.8658098,700410809.6213062,691274053.7295382,682032168.5316585,672683965.9160343,663228260.5410384,653663872.347273,643989629.3915261,634204371.0381744,624306951.5475721,614296244.1051788,604171145.339781,593930580.384337,583573508.5385814,573098929.5987911,562505890.9269835,551793495.339385,540960909.9023919,530007375.73341674,518932218.91415864,507734862.634995,496414840.7014142,484971812.54693013,473405579.91165817,461716105.3619955,449903532.8446393,437968210.48761404,425910715.8823285,413731884.10391253,401432838.75246155,389015026.3254191,376480254.26135194,363830733.0278505,351069122.6614748,338198584.2055316,325222836.532178,312146219.0788644,298973761.07547075,285711257.8875028,272365355.1522325,258943641.43831503,245454750.21464783,231908471.97037113,218315877.38381565,204689452.49245942,191043246.8666978,177393035.8347922,163756497.84141737,150153408.04333973,136605849.2470485,123138441.26712704,109778589.72078276,96556755.16031891,83506743.26446593,70666016.53886843,58076027.586209,45782573.457782745,33836169.838145494,22292442.77103579,11212534.210517943,663515.7415266633,-9281197.829163134,-18541446.92194581,-27029954.54159373,-34652006.260988235,-41305216.089794934,-46879424.895468175,-51256797.08273691,-54312208.5639773,-55914058.71451563,-55925697.22012937,-54207743.10218847,-50621702.69825709,-45035489.319812536,-37331746.19824314,-27420333.178681552,-15257045.08534211,-871722.2833644748,15589401.71501723,33799691.30506435,53155116.61220513,72627205.81586006,90540728.71065547,104240191.31036139,109597054.58130902,100300157.45273608,66874491.03503526,-4599313.595546156,-134021482.81223717,-348438874.81684446,-673967062.2766378,-1023906257.2695775,0.0
29930.0,-6256297974.49458,-6266694641.881006,-6277031015.057735,-6287306966.792177,-6297522373.46508,-6307677115.111658,-6317771075.4622135,-6327804141.982231,-6337776205.911918,-6347687162.305131,-6357536910.067692,-6367325351.995008,-6377052394.809009,-6386717949.19431,-6396321929.833612,-6405864255.442251,-6415344848.801895,-6424763636.793305,-6434120550.428161,-6443415524.879854,-6452648499.513255,1388831348.1747878,1387667308.449758,1386488780.233735,1385295620.6083193,1384087685.0861938,1382864827.591749,1381626900.4414449,1380373754.3239007,1379105238.2797165,1377821199.6810102,1376521484.2106755,1375205935.8413582,1373874396.8141322,1372526707.6168919,1371162706.9624314,1369782231.766236,1368385117.1239486,1366971196.2885327,1365540300.6471128,1364092259.697494,1362626901.0243478,1361144050.2750683,1359643531.13529,1358125165.3040566,1356588772.4686468,1355034170.2790349,1353461174.3220012,1351869598.094869,1350259252.9788673,1348629948.212123,1346981490.862258,1345313685.7986026,1343626335.664009,1341919240.8462627,1340192199.449076,1338445007.2626755,1336677457.7339592,1334889341.9362185,1333080448.5384324,1331250563.7741053,1329399471.409659,1327526952.7123585,1325632786.417776,1323716748.6967702,1321778613.1219876,1319818150.633868,1317835129.5061448,1315829315.310844,1313800470.882757,1311748356.2833867,1309672728.764357,1307573342.7302742,1305449949.701035,1303302298.2735617,1301130134.0829682,1298933199.7631307,1296711234.9066668,1294463976.0243027,1292191156.5036218,1289892506.5671782,1287567753.229973,1285216620.2562685,1282838828.1157415,1280434093.938947,1278002131.4720988,1275542651.0311363,1273055359.4550738,1270539960.0586128,1267996152.584009,1265423633.1521716,1262822094.2129865,1260191224.4948454,1257530708.9533603,1254840228.7192566,1252119461.0454159,1249368079.2530656,1246585752.6770787,1243772146.6103876,1240926922.2474718,1238049736.6269162,1235140242.5730062,1232198088.6363575,1229222919.033535,1226214373.5856636,1223172087.6559887,1220095692.0863776,1216984813.132727,1213839072.3992636,1210658086.7717,1207441468.3492289,1204188824.3753297,1200899757.1673484,1197573864.0448377,1194210737.2566211,1190809963.9065447,1187371125.8778977,1183893799.7564647,1180377556.7521715,1176821962.6192975,1173226577.5752215,1169590956.2176583,1165914647.4403503,1162197194.3471851,1158438134.1646886,1154636998.15286,1150793311.5143032,1146906593.301625,1142976356.32303,1139002107.0461023,1134983345.4996972,1130919565.1739125,1126810252.9180927,1122654888.8368015,1118452946.1837323,1114203891.2534864,1109907183.2711806,1105562274.2798216,1101168609.0253913,1096725624.839598,1092232751.5202196,1087689411.209,1083095018.2670202,1078448979.1475027,1073750692.2659779,1068999547.8677554,1064194927.8926405,1059336205.8368363,1054422746.6119657,1049453906.4011613,1044429032.5121568,1039347463.2273223,1034208527.6505977,1029011545.5512471,1023755827.2044041,1018440673.2283473,1013065374.4184577,1007629211.5778198,1002131455.3444303,996571366.0149808,990948193.3651818,985261176.4666308,979509543.5001886,973692511.5658948,967809286.4894103,961859062.6250315,955841022.655312,949754337.3873454,943598165.5458001,937371653.5627981,931073935.3647606,924704132.1563855,918261352.201926,911744690.6040041,905153229.0802014,898486035.7377459,891742164.8466341,884920656.6115925,878020536.9433608,871040817.229802,863980494.1074852,856838549.2343974,849613949.0646007,842305644.6257029,834912571.3001635,827433648.6115538,819867780.0170592,812213852.7076415,804470737.4174796,796637288.2444795,788712342.4838688,780694720.4771276,772583225.4787612,764376643.5437291,756073743.4386313,747673276.5801592,739173977.0046513,730574561.3730825,721873729.0162616,713070162.0255451,704162525.3949904,695149467.2214719,686029618.9700526,676801595.8126388,667463997.0488764,658015406.6191609,648454393.7207316,638779513.5389798,628989308.107411,619082307.3111197,609057030.0502279,598911985.5814834,588645675.0581356,578256593.290332,567743230.7506284,557104075.851794,546337617.5269284,535442348.14508194,524416766.799019,513259383.0055944,501968720.8634381,490543323.71728146,478981759.38338846,467282625.9961906,455444558.5424532,443466236.1561352,431346390.25464153,419083813.6054811,406677370.4214541,394126007.59253025,381428767.1736624,368584800.25984824,355593382.39315534,342453930.6610221,329166022.66124296,315729417.5266543,302144079.22188365,288410202.3456606,274528240.69539803,260498938.87604308,246323367.26290065,232002960.65833765,217539561.01519763,202935464.63556552,188193474.29251873,173316956.76469862,158309906.3193078,143177014.72852588,127923748.4575702,112556433.71971834,97082350.15476143,81509833.95234478,65848391.3105073,50108823.191977024,34303362.41603625,18445824.20103395,2551771.350637436,-13361304.64621222,-29273785.258806586,-45163707.89394927,-61006528.752249,-76774864.07363605,-92438208.28918457,-107962627.65200162,-123310428.05096936,-138439795.95287156,-153304411.82243943,-167853036.0116583,-182029068.10033178,-195770082.17406118,-209007342.78879702,-221665309.76031446,-233661144.98659062,-244904242.09984434,-255295811.13123333,-264728567.50938654,-273086600.60813606,-280245536.3421056,-286073168.15097797,-290430822.2383534,-293175863.42676884,-294165964.33718276,-293266094.55056095,-290359702.5954232,-285366361.42609406,-278269378.56955135,-269158760.1991518,-258297786.60780656,-246225735.12886536,-233915458.444975,-223012855.8434716,-216194886.84349304,-217688862.22378486,-233981512.30033052,-274660499.9427131,-353026204.9135739,-485163869.22188354,-683081146.1005325,-922987962.1261513,-959474499.5959882,0.0
29920.0,-6041226447.920225,-6050228172.869345,-6059169302.651875,-6068049725.394951,-6076869332.592078,-6085628019.134901,-6094325683.344334,-6102962227.001035,-6111537555.375166,-6120051577.255429,-6128504204.977321,-6136895354.4506,-6145224945.185873,-6153492900.3203335,-6161699146.642565,-6169843614.61636,-6177926238.403568,-6185946955.885883,-6193905708.685524,-6201802442.184806,-6209637105.544519,1368496677.4488318,1367235121.159696,1365958320.5942612,1364666124.5707188,1363358380.220795,1362034932.9683309,1360695626.507554,1359340302.7810366,1357968801.9573398,1356580962.4083323,1355176620.6861856,1353755611.5000315,1352317767.692286,1350862920.2146273,1349390898.103623,1347901528.4560044,1346394636.4035783,1344870045.087773,1343327575.6338086,1341767047.124491,1340188276.5736156,1338591078.8989842,1336975266.8950183,1335340651.2049696,1333687040.2927148,1332014240.414135,1330322055.5880647,1328610287.5668073,1326878735.806212,1325127197.4352965,1323355467.2254167,1321563337.5589702,1319750598.397627,1317917037.250078,1316062439.1392944,1314186586.5692894,1312289259.4913728,1310370235.2698858,1308429288.647417,1306466191.709478,1304480713.8486357,1302472621.7280936,1300441679.2447057,1298387647.4914155,1296310284.719112,1294209346.2978916,1292084584.677706,1289935749.348402,1287762586.7991245,1285564840.4770832,1283342250.7456617,1281094554.8418646,1278821486.833086,1276522777.5731876,1274198154.6578681,1271847342.3793244,1269470061.6801715,1267066030.1066217,1264634961.7609076,1262176567.2529194,1259690553.6510653,1257176624.4323125,1254634479.4314206,1252063814.7893233,1249464322.9006665,1246835692.3604662,1244177607.9098828,1241489750.38108,1238771796.6411655,1236023419.5351791,1233244287.828121,1230434066.1459882,1227592414.9158137,1224718990.3046713,1221813444.1576328,1218875423.9346576,1215904572.6463833,1212900528.7888048,1209862926.2768035,1206791394.3765175,1203685557.6365142,1200545035.8177483,1197369443.8222718,1194158391.620673,1190911484.1782126,1187628321.379628,1184308497.952583,1180951603.3897166,1177557221.8692746,1174124932.1742876,1170654307.6102498,1167144915.9212832,1163596319.204737,1160008073.8241973,1156379730.32085,1152710833.3231902,1149000921.4550035,1145249527.2416062,1141456177.014282,1137620390.8128932,1133741682.2865982,1129819558.5926507,1125853520.2932215,1121843061.2502034,1117787668.517939,1113686822.2338316,1109539995.506787,1105346654.3034198,1101106257.3319876,1096818255.9239864,1092482093.9133499,1088097207.513199,1083663025.1900802,1079178967.5356226,1074644447.1355684,1070058868.4360951,1065421627.6073724,1060732112.4042834,1055989702.0242504,1051193766.9620823,1046343668.8617798,1041438760.3652327,1036478384.9577227,1031461876.8101702,1026388560.6180445,1021257751.4368606,1016068754.5141948,1010820865.118132,1005513368.362077,1000145539.0258478,994716641.3729815,989225928.9641685,983672644.4667506,978056019.4602029,972375274.2375325,966629617.602521,960818246.6627525,954940346.6183602,948995090.5464298,942981639.1810122,936899140.6887058,930746730.4397446,924523530.7745866,918228650.7659609,911861185.9763727,905420218.2110515,898904815.2663727,892314030.6737627,885646903.4391466,878902457.7779965,872079702.8460686,865177632.4659443,858195224.8495052,851131442.3165281,843985231.009592,836755520.6055517,829441224.0238521,822041237.132041,814554438.4488473,806979688.8452935,799315831.2443494,791561690.3197143,783716072.1944153,775777764.1399649,767745534.2769612,759618131.2780937,751394284.0746558,743072701.56781,734652072.3459749,726131064.4099084,717508324.9072124,708782479.8781992,699952134.0153084,691015870.4384634,681972250.4890821,672819813.545718,663557076.8646792,654182535.4493008,644694661.951991,635091906.6135983,625372697.2451308,615535439.2574452,605578515.7450638,595500287.6309873,585299093.880082,574973251.7894106,564521057.3647726,553940785.7936984,543230692.0261917,532389011.47571325,521413960.8541846,510303739.1562408,499056528.8094954,487670497.0093702,476143797.25889295,464474571.13601416,452660950.3132655,440701058.8571744,428593015.8375944,416334938.28025556,403924944.49917966,391361157.8493946,378641710.9444495,365764750.3878131,352728442.0721795,339530977.10625,326170578.4345634,312645508.22266906,298954076.087229,285094648.2587751,271065657.77375466,256865615.80231774,242493124.22920287,227946889.61699772,213225738.69430602,198328635.5259447,183254700.5384183,168003231.5917865,152573727.30875492,136965912.8937366,121179768.69883382,105215561.82066405,89073881.04182398,72755675.46411836,56262297.21774137,39595548.672061205,22757734.6199255,5751719.959305644,-11419006.54567027,-28750261.77675891,-46237090.32536352,-63873678.30331385,-81653258.00162542,-99568002.39126325,-117608908.3385905,-135765667.27018034,-154026521.86488724,-172378107.172799,-190805274.35858357,-209290895.0381317,-227815643.92060602,-246357757.18201637,-264892763.68266135,-283393185.8042817,-301828206.3347877,-320163297.490793,-338359807.8794161,-356374503.02585995,-374159055.13980085,-391659478.2348616,-408815505.82872856,-425559910.6752498,-441817770.004033,-457505686.64825666,-472530987.9148828,-486790942.7229271,-500172067.4966816,-512549638.91088223,-523787606.7169367,-533739217.8409937,-542248847.430812,-549155820.1240577,-554301451.7876127,-557541234.3683203,-558765154.5412487,-557930774.3890746,-555116188.9702786,-550603689.1441548,-545010332.0108924,-539488898.4058315,-536031023.6890863,-537908548.7637391,-550270229.1670353,-580805172.3641968,-639993336.1340526,-739222032.7869514,-881684385.235752,-1034366407.9646366,-1055810095.7976584,0.0
29910.0,-5820028187.048984,-5827696031.486824,-5835303116.188563,-5842849341.987232,-5850334612.811743,-5857758835.70991,-5865121920.870744,-5872423781.645925,-5879664334.570504,-5886843499.382755,-5893961199.043135,-5901017359.752341,-5908011910.96842,-5914944785.422886,-5921815919.135805,-5928625251.42985,-5935372724.943203,-5942058285.641358,-5948681882.827721,-5955243469.152977,-5961743000.623201,1348733049.6301432,1347382004.5786111,1346015041.6093352,1344632002.2127044,1343232726.0873253,1341817051.1167405,1340384813.3457932,1338935846.9566548,1337469984.2444792,1335987055.5927033,1334486889.44798,1332969312.2947264,1331434148.629298,1329881220.9337718,1328310349.649332,1326721353.1492553,1325114047.7114844,1323488247.4907923,1321843764.4905121,1320180408.5338452,1318497987.234725,1316796305.968237,1315075167.8405836,1313334373.6585882,1311573721.898727,1309793008.6756814,1307992027.7104058,1306170570.2976956,1304328425.2732546,1302465378.980244,1300581215.2353096,1298675715.2940776,1296748657.8161025,1294799818.82927,1292828971.6936307,1290835887.0646634,1288820332.8559551,1286782074.2012842,1284720873.4161005,1282636489.9583862,1280528680.3888915,1278397198.3307269,1276241794.4283042,1274062216.3056118,1271858208.5238166,1269629512.5381713,1267375866.6542158,1265097005.9832735,1262792662.3972013,1260462564.4824064,1258106437.4930964,1255724003.3037603,1253314980.3608558,1250879083.6336951,1248416024.564506,1245925511.017659,1243407247.228038,1240860933.7485445,1238286267.3967042,1235682941.2003806,1233050644.3425486,1230389062.1051369,1227697875.8119023,1224976762.7703187,1222225396.2124698,1219443445.2349145,1216630574.7375033,1213786445.3611383,1210910713.4244332,1208003030.8592696,1205063045.1452115,1202090399.2427638,1199084731.525447,1196045675.7106595,1192972860.7893043,1189865910.9541574,1186724445.526939,1183548078.884073,1180336420.3810985,1177089074.275701,1173805639.64934,1170485710.3274367,1167128874.798098,1163734716.1293237,1160302811.884691,1156832734.0374591,1153324048.8830693,1149776316.950003,1146189092.9089532,1142561925.480285,1138894357.339727,1135185925.0222692,1131436158.824218,1127644582.703366,1123810714.177232,1119934064.2193298,1116014137.1534173,1112050430.5456731,1108042435.0947616,1103989634.5197303,1099891505.4456856,1095747517.2872014,1091557132.1293986,1087319804.6066473,1083034981.7788272,1078702103.0050898,1074320599.8150713,1069889895.7774743,1065409406.3659803,1060878538.8224057,1056296692.0170509,1051663256.3061628,1046977613.3864527,1042239136.1465876,1037447188.5155878,1032601125.3080585,1027700292.0661701,1022744024.8983207,1017731650.314393,1012662485.0575294,1007535835.9323417,1002350999.6294671,997107262.5463934,991803900.6044593,986440179.0619446,981015352.3231605,975528663.7434479,969979345.4299976,964366618.0383873,958689690.5647601,952947760.1335349,947140011.7805612,941265618.231626,935323739.6762153,929313523.5364358,923234104.231009,917084602.9342409,910864127.3298838,904571771.3597897,898206614.9672885,891767723.8351966,885254149.1183792,878664927.170798,871999079.2669713,865255611.3177918,858433513.5806448,851531760.3637754,844549309.7248864,837485103.1639272,830338065.3100654,823107103.6028538,815791107.967604,808388950.4850017,800899485.0550365,793321547.0553093,785653952.9938446,777895500.156526,770044966.2493348,762101109.0355973,754062665.9684737,745928353.8189931,737696868.2999594,729366883.6861229,720937052.4310783,712406004.7813945,703772348.3885779,695034667.9195399,686191524.6663296,677241456.1559991,668182975.76156,659014572.3151401,649734709.7245471,640341826.5946108,630834335.854842,621210624.3951002,611469052.7111683,601607954.5623543,591625636.6434536,581520378.2736732,571290431.1053979,560934018.8559959,550449337.066181,539834552.8888395,529087804.91262615,518207203.0250902,507190828.32057285,496036733.0586602,484742940.67957485,473307445.88351744,461728214.78169763,450003185.12755495,438130266.6375423,426107341.41175973,413932264.46576273,401602864.3860037,389116944.1225704,376472281.9342762,363666632.5026171,350697728.23275185,337563280.76146424,324260982.69402057,310788509.5940257,297143522.2527445,283323669.26700276,269326589.95767486,255149917.66395003,240791283.45211673,226248320.28151333,211518667.67457545,196599976.94278693,181489917.0255878,166186181.00527012,150686493.3675121,134988618.0845704,119090367.60645461,102989612.85471344,86684294.32395387,70172434.40803981,53452151.081383586,36521673.08098841,19379356.752307057,2023704.7419970036,-15546613.25648725,-33332737.47203529,-51335592.47667658,-69555858.75940847,-87993941.11284292,-106649933.44388306,-125523579.56249797,-144614229.4353304,-163920790.31123078,-183441672.03139818,-203174725.72447157,-223117174.95305204,-243265538.21826935,-263615541.5376563,-284162019.58252025,-304898803.58625746,-325818593.9057417,-346912814.7232087,-368171447.9035617,-389582842.45764035,-411133495.38997173,-432807798.91315603,-454587748.07343984,-476452601.7383362,-498378488.63771343,-520337948.72581154,-542299398.5648248,-564226507.7775223,-586077471.9927746,-607804166.3254707,-629351162.6580167,-650654594.4361506,-671640855.3545113,-692225124.7855704,-712309725.6293371,-731782343.3986553,-750514174.9837171,-768358141.2219415,-785147403.8686252,-800694597.4381993,-814792454.2997555,-827216920.3167964,-837734509.1255574,-846116649.3790863,-852165328.8758614,-855756714.2458812,-856913028.020311,-855918292.4193416,-853500878.1796033,-851113737.0533866,-851343034.456551,-858431164.7064365,-878678835.219796,-919691157.9453969,-985480284.6549244,-1067772322.5270677,-1225729130.9902847,0.0
29900.0,-5593705165.22759,-5600099317.965381,-5606432664.9306965,-5612705117.20042,-5618916588.660475,-5625066996.020796,-5631156258.829462,-5637184299.485958,-5643151043.253571,-5649056418.270842,-5654900355.562081,-5660682789.046885,-5666403655.548618,-5672062894.801877,-5677660449.458798,-5683196265.094303,-5688670290.210122,-5694082476.237645,-5699432777.539516,-5704721151.4099455,-5709947558.073698,1329609892.2235036,1328177818.5675893,1326729239.435328,1325263989.9753785,1323781903.4523861,1322282811.2220407,1320766542.7057474,1319232925.3649206,1317681784.674874,1316112944.0983157,1314526225.058438,1312921446.9115887,1311298426.9195223,1309656980.2212198,1307996919.8042734,1306318056.47583,1304620198.8330736,1302903153.2332501,1301166723.7632287,1299410712.2085779,1297634918.022157,1295839138.2922153,1294023167.709986,1292186798.5367622,1290329820.5704575,1288452021.1116278,1286553184.9289563,1284633094.2241802,1282691528.5964606,1280728265.0061748,1278743077.738129,1276735738.3641727,1274706015.7052104,1272653675.792596,1270578481.8288932,1268480194.148002,1266358570.1746314,1264213364.3831012,1262044328.255471,1259851210.2389765,1257633755.7027617,1255391706.8938928,1253124802.8926392,1250832779.567011,1248515369.5265331,1246172302.0752442,1243803303.1639075,1241408095.3414104,1238986397.705348,1236537925.8517609,1234062391.8240213,1231559504.0608492,1229028967.3434346,1226470482.7416515,1223883747.5593488,1221268455.278695,1218624295.5035572,1215950953.9018984,1213248112.14717,1210515447.8586793,1207752634.5409105,1204959341.5217807,1202135233.8898065,1199279972.4301505,1196393213.5595467,1193474609.2600522,1190523807.0116227,1187540449.723481,1184524175.6642404,1181474618.3907814,1178391406.6758292,1175274164.434221,1172122510.6478307,1168936059.2891161,1165714419.2432673,1162457194.228922,1159163982.7174108,1155834377.8505177,1152467967.356698,1149064333.4657414,1145623052.8218312,1142143696.3949795,1138625829.3907833,1135069011.1584756,1131472795.097236,1127836728.5607076,1124160352.7596984,1120443202.663008,1116684806.8963504,1112884687.6393223,1109042360.5203726,1105157334.5097296,1101229111.8102405,1097257187.746068,1093241050.6492019,1089180181.7437272,1085074055.0278082,1080922137.1533227,1076723887.3030941,1072478757.0656778,1068186190.3076193,1063845623.0431529,1059456483.3012605,1055018190.9900308,1050530157.7582663,1045991786.8542597,1041402472.9816775,1036761602.1524849,1032068551.5368346,1027322689.3098553,1022523374.4952563,1017669956.8056834,1012761776.4797373,1007798164.1155808,1002778440.5010556,997701916.440217,992567892.5762126,987375659.2104017,982124496.1176467,976813672.3576653,971442446.0823642,966010064.3390522,960515762.869436,954958765.9043084,949338285.9538072,943653523.5931703,937903667.2438552,932087892.9499367,926205364.1496569,920255231.442038,914236632.3484232,908148691.0688506,901990518.233136,895761210.6465514,889459851.0299809,883085507.7544357,876637234.5698135,870114070.3277746,863515038.6986184,856839147.8820422,850085390.3116617,843252742.3531647,836340163.9959962,829346598.5384376,822270972.265977,815112194.1228558,807869155.3766701,800540729.2759326,793125770.7004786,785623115.8046241,778031581.6529773,770349965.8488183,762577046.1549639,754711580.1070391,746752304.6191077,738697935.581591,730547167.4514364,722298672.8345172,713951102.0602417,705503082.748368,696953219.3680621,688300092.7892243,679542259.8261455,670678252.7736065,661706578.9354901,652625720.1461008,643434132.2843177,634130244.7808454,624712460.1187613,615179153.3276978,605528671.4719732,595759333.1330695,585869427.8869095,575857215.776427,565720926.7800162,555458760.2764833,545068884.5072404,534549436.036524,523898519.21053296,513114205.61647993,502194533.5426335,491137507.44056726,479941097.39092374,468603238.5741579,457121830.74785274,445494737.73234016,433719786.9065353,421794768.7160728,409717436.1959858,397485504.5104114,385096650.5119843,372548512.32383144,359838688.94731534,346964739.8989433,333924184.8801479,320714503.4839325,307333134.94273734,293777477.9222031,280044890.365918,266132689.3966499,252038151.28001934,237758511.45707405,223290964.65278113,208632665.06805336,193780726.6636479,178732223.5449726,163484190.45779604,148033623.40575045,132377480.4017443,116512682.36663598,100436114.19011676,84144625.97052014,67635034.45241785,50904124.68340254,33948651.914514065,16765343.77240634,-649097.264179349,-18297991.04571259,-36184676.546417356,-54312508.21953368,-72684851.85090244,-91305079.83639216,-110176565.79382432,-129302678.40173459,-148686774.33471072,-168332190.13721263,-188242232.84339154,-208420169.10795736,-228869212.56071794,-249592509.03265464,-270593119.2214175,-291873998.26536155,-313437971.5733175,-335287706.10681075,-357425676.1257846,-379854122.17995274,-402575001.8457333,-425589930.3611789,-448900108.8835387,-472506237.56809354,-496408410.0205977,-520605984.8827919,-545097429.3387574,-569880128.1414585,-594950150.3079512,-620301963.8650596,-645928086.8824837,-671818660.4358991,-697960926.0188482,-724338586.1822416,-750931022.7343651,-777712341.5967455,-804650207.3122727,-831704423.2071041,-858825205.346892,-885951089.8392789,-913006404.028379,-939898223.2746643,-966512727.2724059,-992710864.7412634,-1018323235.1551396,-1043144104.4355502,-1066924493.5798603,-1089364323.5852041,-1110103681.754624,-1128713422.733942,-1144685595.0868182,-1157424734.1167955,-1166242221.1780756,-1170358476.490556,-1168923591.2957785,-1161080354.4451044,-1146123567.400344,-1123872899.0144858,-1095491770.2549148,-1065112245.6663452,-1042570020.8408061,-1050800297.1918325,-1228140942.3335013,0.0
29890.0,-5363202688.197254,-5368382354.455402,-5373501271.821157,-5378559359.359688,-5383556538.648553,-5388492733.785377,-5393367871.394582,-5398181880.63327,-5402934693.1961,-5407626243.319235,-5412256467.78327,-5416825305.915118,-5421332699.588841,-5425778593.225366,-5430162933.791081,-5434485670.795261,-5438746756.28628,-5442946144.846604,-5447083793.586506,-5451159662.136466,-5455173712.638241,1311191958.3672605,1309687699.8692398,1308166437.7994883,1306628001.9940724,1305072220.3266454,1303498918.6820557,1301907920.9295545,1300299048.8955727,1298672122.3360846,1297026958.9085307,1295363374.1433032,1293681181.414782,1291980191.9119124,1290260214.6083202,1288521056.2319489,1286762521.2342193,1284984411.7586958,1283186527.6092494,1281368666.2177176,1279530622.6110399,1277672189.3778658,1275793156.6346269,1273893311.9910579,1271972440.515164,1270030324.6976082,1268066744.415533,1266081476.89578,1264074296.6775153,1262044975.5742347,1259993282.6351535,1257918984.1059475,1255821843.3888562,1253701621.0021164,1251558074.5387287,1249390958.6245298,1247200024.8755698,1244985021.8547742,1242745695.0278766,1240481786.7186103,1238193036.0631444,1235879178.9637465,1233539948.0416617,1231175072.5891862,1228784278.5209258,1226367288.3242185,1223923821.0087075,1221453592.0550454,1218956313.362713,1216431693.1969397,1213879436.1346953,1211299243.009746,1208690810.8567533,1206053832.8543952,1203387998.2674806,1200692992.3880563,1197968496.475469,1195214187.6953666,1192429739.057615,1189614819.3531148,1186769093.0894864,1183892220.4256003,1180983857.1049387,1178043654.3877535,1175071258.9819927,1172066312.9729857,1169028453.7518446,1165957313.9425597,1162852521.3277662,1159713698.773142,1156540464.1504254,1153332430.2590036,1150089204.746055,1146810390.0252042,1143495583.1936715,1140144375.9478626,1136756354.497389,1133331099.4774632,1129868185.8596497,1126367182.8609228,1122827653.851004,1119249156.2579339,1115631241.4718413,1111973454.7468753,1108275335.101246,1104536415.215345,1100756221.3278968,1096934273.1300972,1093070083.657691,1089163159.1809468,1085212999.0924802,1081219095.7928712,1077180934.5740335,1073097993.5002791,1068969743.2870287,1064795647.1771072,1060575160.814578,1056307732.1160525,1051992801.1394217,1047629799.9499407,1043218152.4836203,1038757274.4078422,1034246572.9791579,1029685446.8981787,1025073286.1615168,1020409471.910678,1015693376.2778629,1010924362.228587,1006101783.4010452,1001224983.9421529,996293298.3401775,991306051.2538826,986262557.3381006,981162121.0656509,976004036.545517,970787587.3371902,965512046.2610949,960176675.204995,954780724.9262915,949323434.85011,943804032.8630828,938221735.1027126,932575745.7422245,926865256.7707919,921089447.7690282,915247485.6796277,909338524.5730463,903361705.4081036,897316155.7873744,891200989.7072625,885015307.3026183,878758194.5857732,872428723.1798676,866025950.046316,859548917.2062962,852996651.4561069,846368164.0762442,839662450.5340668,832878490.1798811,826015245.9363047,819071663.980737,812046673.420797,804939185.9625387,797748095.5712934,790472278.1249608,783110591.0595714,775661873.006946,768124943.4242617,760498602.2153422,752781629.3434756,744972784.4355636,737070806.3774054,729074412.8999007,720982300.1559649,712793142.2879381,704505590.9852623,696118275.032199,687629799.8453423,679038747.0006906,670343673.750017,661543112.5262771,652635570.4377824,643619528.7508483,634493442.3606279,625255739.2498163,615904819.9348933,606439056.8995748,596856794.0150913,587156345.9469265,577335997.5475866,567394003.2349793,557328586.3559225,547137938.5342818,536820219.0031867,526373553.9207415,515796035.6685807,505085722.132573,494240635.9649,483258763.82667875,472138055.610181,460876423.63964593,449471741.8495404,437921844.9390156,426224527.5011633,414377543.1255215,402378603.47209835,390225377.3149882,377915489.5534115,365446520.18779415,352816003.2581646,340021425.74186665,327060226.4072109,313929794.6192728,300627469.09361875,287150536.5932003,273496230.5631208,259661729.69732946,245644156.43059433,231440575.3483408,217047991.50604433,202463348.64893723,187683527.32170254,172705342.85667628,157525543.22778577,142140806.7560501,126547739.65093565,110742873.37018943,94722661.77899224,78483478.08731967,62021611.542355776,45333263.85063183,28414545.302255273,11261470.567278385,-6130045.868160725,-23764194.66067624,-41645277.00044811,-59777710.473180056,-78166035.4341054,-96814921.93628955,-115729177.25610018,-134913754.05835664,-154373759.24200976,-174114463.50375366,-194141311.6511904,-214459933.68831253,-235076156.68330193,-255996017.41070193,-277225775.7357062,-298771928.67560226,-320641225.0303481,-342840680.4179773,-365377592.4776219,-388259555.9093212,-411494476.90003526,-435090586.33303463,-459056450.98505473,-483400981.6721548,-508133436.9989943,-533263420.9816607,-558800872.3324835,-584756042.592782,-611139459.547047,-637961871.413441,-665234166.1354369,-692967258.6418397,-721171937.1269141,-749858657.1409096,-779037269.4629006,-808716664.2122569,-838904309.2631111,-869605655.5277989,-900823374.7709374,-932556386.9112782,-964798622.735869,-997537453.8715352,-1030751703.7338727,-1064409129.5886084,-1098463234.7678752,-1132849228.4673927,-1167478893.8888488,-1202234046.9218464,-1236958156.5793662,-1271445538.905142,-1305427303.513412,-1338552889.5393496,-1370365522.519988,-1400269184.6471508,-1427483638.891278,-1450982642.464573,-1469408880.9257681,-1480958157.9069433,-1483227743.7468534,-1473037830.9102497,-1446284558.4108434,-1398033939.293887,-1323490428.5382473,-1221539974.9449494,-1104358648.204155,-1012785109.7912914,-1002613810.7835128,0.0
29880.0,-5129411002.191521,-5133434311.99224,-5137397019.164142,-5141299048.720682,-5145140327.887158,-5148920786.101828,-5152640355.016126,-5156298968.493922,-5159896562.609806,-5163433075.646383,-5166908448.090536,-5170322622.628629,-5173675544.140621,-5176967159.693074,-5180197418.5310135,-5183366272.068596,-5186473673.878588,-5189519579.680602,-5192503947.328054,-5195426736.793831,-5198287910.154597,1293539071.449263,1291971804.8439124,1290387128.83611,1288784869.0138133,1287164848.9386053,1285526890.1181026,1283870811.977912,1282196431.8331563,1280503564.8595397,1278792024.0639496,1277061620.254599,1275312162.0106795,1273543455.6515336,1271755305.2053306,1269947512.377235,1268119876.5170603,1266272194.5864043,1264404261.1252403,1262515868.2179732,1260606805.4589372,1258676859.9173281,1256725816.101565,1254753455.9230585,1252759558.65939,1250743900.9168735,1248706256.592504,1246646396.8352728,1244564090.0068307,1242459101.6415074,1240331194.4056516,1238180128.056291,1236005659.399099,1233807542.2456522,1231585527.369961,1229339362.4642692,1227068792.0940943,1224773557.6525126,1222453397.313652,1220108045.9853942,1217737235.2612624,1215340693.3714828,1212918145.1331968,1210469311.8998163,1207993911.509493,1205491658.2326984,1202962262.7188847,1200405431.9422107,1197820869.146319,1195208273.7881408,1192567341.4807086,1189897763.9349544,1187199228.9004815,1184471420.1052814,1181714017.1943698,1178926695.6673317,1176109126.814745,1173260977.6534605,1170381910.860713,1167471584.7070456,1164529652.9880111,1161555764.9546423,1158549565.2426424,1155510693.80029,1152438785.815017,1149333471.6386418,1146194376.71122,1143021121.4834878,1139813321.3378708,1136570586.5080202,1133292521.9968529,1129978727.4930573,1126628797.2860317,1123242320.1792302,1119818879.4018674,1116358052.5189595,1112859411.3396573,1109322521.8238358,1105746943.9869044,1102132231.8027985,1098477933.1051083,1094783589.4863064,1091048736.195036,1087272902.0314114,1083455609.2402866,1079596373.402451,1075694703.3237023,1071750100.9217525,1067762061.1109154,1063730071.6845235,1059653613.1950338,1055532158.8317565,1051365174.296163,1047152117.6747137,1042892439.3091525,1038585581.6642042,1034230979.1926236,1029828058.1975346,1025376236.6919847,1020874924.2556715,1016323521.8887638,1011721421.8627434,1007068007.5682226,1002362653.3596401,997604724.3967851,992793576.4830561,987928555.9004005,983008999.2408378,978034233.2344996,973003574.5740955,967916329.7357327,962771794.7959895,957569255.2451696,952307985.7966317,946987250.1921155,941606301.0029615,936164379.4271264,930660715.0819043,925094525.792231,919465017.3744941,913771383.4157119,908012805.0479941,902188450.7181544,896297475.9523647,890339023.1157359,884312221.1666875,878216185.4059922,872050017.2203639,865812803.820447,859503617.9730731,853121517.7276509,846665546.1365281,840134730.969191,833528084.4201282,826844602.8102217,820083266.2814736,813243038.4849228,806322866.261555,799321679.3160416,792238389.8831018,785071892.3863055,777821063.0891097,770484759.7379154,763061821.1969305,755551067.0746086,747951297.341427,740261291.9387577,732479810.3785704,724605591.3336995,716637352.2183924,708573788.7588321,700413574.5533376,692155360.6218963,683797774.9446883,675339421.9892325,666778882.2257655,658114711.6304344,649345441.1758678,640469576.3086534,631485596.4132133,622391954.2615561,613187075.4483039,603869357.8104026,594437170.8308177,584888855.025528,575222721.3130016,565437050.3653439,555530091.9401745,545500064.192255,535345152.963768,525063511.05207944,514653257.45367086,504112476.5828486,493439217.46366024,482631492.89333117,471687278.57534117,460604512.22009563,449381092.6109287,438014878.63293684,426503688.26190305,414845297.5102774,403037439.3268541,391077802.4464551,378964030.1854986,366693719.17894715,354264418.05359435,341673626.0321336,328918791.4618528,315997310.2611232,302906524.276114,289643719.5393408,276206124.4207367,262590907.660936,248795176.27531946,234815973.31612515,220650275.4785719,206294990.53538156,191746954.58241218,177002929.07625794,162059597.64258552,146913562.63171756,131561341.39546674,115999362.25645846,100223960.1381622,84231371.82051581,68017730.78240132,51579061.58823758,34911273.77163768,18010155.16437131,871364.6137143373,-16509575.974162698,-34137290.333136916,-52016557.35308063,-70152321.49425519,-88549704.18877351,-107214016.32521331,-126150771.92027795,-145365703.08935297,-164864776.4358858,-184654210.98736262,-204740497.81330997,-225130421.46757615,-245831083.40296948,-266849927.5105232,-288194767.93751013,-309873819.3370222,-331895729.69629323,-354269615.8796226,-377005102.0028943,-400112360.7281579,-423602157.52558684,-447485897.8930172,-471775677.44563633,-496484334.6848585,-521625506.11908805,-547213683.2313468,-573264270.5589814,-599793643.8554578,-626819206.9268392,-654359445.255019,-682433973.90975,-711063576.4787843,-740270230.7681259,-770077115.7893113,-800508592.989824,-831590152.7092323,-863348314.3449605,-895810465.5409766,-929004621.6775703,-962959081.7843896,-997701950.3774706,-1033260486.1647043,-1069660227.4250504,-1106923829.2377028,-1145069528.3304753,-1184109125.278252,-1224045338.4093604,-1264868335.0801456,-1306551178.0035877,-1349043828.1053193,-1392265207.3430572,-1436092624.3637497,-1480347571.1862829,-1524776462.1225863,-1569024233.9705987,-1612597750.3746285,-1654814495.6632516,-1694729889.6568027,-1731033450.2825203,-1761899792.1584215,-1784775372.6731362,-1796078065.20593,-1790791933.6334636,-1761979858.7762609,-1700392466.633062,-1594864784.32626,-1435715486.942806,-1226851094.4699118,-1008964588.5067207,-752850579.7020326,0.0
29870.0,-4893166972.474139,-4896090905.747997,-4898954460.42584,-4901757565.649097,-4904500152.471755,-4907182153.855784,-4909803504.665607,-4912364141.66164,-4914864003.492822,-4917303030.688177,-4919681165.647322,-4921998352.629932,-4924254537.744118,-4926449668.933699,-4928583695.964339,-4930656570.408536,-4932668245.629387,-4934618676.763185,-4936507820.700727,-4938335636.067372,-4940102083.201797,1276705899.444346,1275085082.2624927,1273446544.3186789,1271790108.044579,1270115593.7964764,1268422819.8266935,1266711602.2545693,1264981755.0369613,1263233089.9382815,1261465416.5000396,1259678542.009901,1257872271.4702349,1256046407.5661554,1254200750.633041,1252335098.6235192,1250449247.0739152,1248542989.070146,1246616115.21305,1244668413.583152,1242699669.7048376,1240709666.509937,1238698184.3006983,1236665000.7121515,1234609890.673836,1232532626.370889,1230432977.2044806,1228310709.751583,1226165587.7240577,1223997371.927054,1221805820.2166991,1219590687.4570682,1217351725.4764204,1215088683.0226898,1212801305.7182088,1210489336.0136566,1208152513.1412117,1205790573.0668995,1203403248.4421082,1200990268.554268,1198551359.276672,1196086243.017418,1193594638.667458,1191076261.54774,1188530823.3554149,1185958032.1090994,1183357592.0931685,1180729203.801062,1178072563.877583,1175387365.0601707,1172673296.1191213,1169930041.7967374,1167157282.7453918,1164354695.4644709,1161521952.2361777,1158658721.06018,1155764665.58707,1152839445.050611,1149882714.1987545,1146894123.2233887,1143873317.688808,1140819938.458859,1137733621.62275,1134613998.4194903,1131460695.1609237,1128273333.1533396,1125051528.6176221,1121794892.6079078,1118503030.92872,1115175544.050553,1111812027.0238636,1108412069.39144,1104975255.0991182,1101501162.4048018,1097989363.7857535,1094439425.8441186,1090850909.2106466,1087223368.4465656,1083556351.943574,1079849401.821903,1076102053.826419,1072313837.2207062,1068484274.6791005,1064612882.176624,1060699168.8767668,1056742637.0170803,1052742781.7925289,1048699091.2365463,1044611046.0997497,1040478119.7262638,1036299777.9275887,1032075478.853971,1027804672.8632118,1023486802.3868625,1019121301.7937433,1014707597.2507218,1010245106.5807059,1005733239.1177623,1001171395.5593244,996558967.8153939,991895338.8546988,987179882.5477073,982411963.5064536,977590936.9210801,972716148.3930407,967786933.7648692,962802618.9464487,957762519.7376958,952665941.647572,947512179.7093455,942300518.292013,937030230.9077867,931700580.0155643,926310816.8202767,920860181.0680292,915347900.83692,909773192.3234555,904135259.6244335,898433294.514206,892666476.2171998,886833971.175583,880934932.8119618,874968501.2869837,868933803.2517246,862829951.5947347,856656045.1835982,850411168.6008855,844094391.8743505,837704770.2012218,831241343.6664472,824703136.9547292,818089159.0561883,811398402.9654976,804629845.3742992,797782446.3567358,790855149.0479056,783846879.3150388,776756545.421207,769583037.6813376,762325228.1103234,754981970.0629884,747552097.8656744,740034426.4391836,732427750.9128209,724730846.2292463,716942466.7398401,709061345.7902764,701086195.2959638,693015705.3070047,684848543.5623062,676583355.0324322,668218761.4507954,659753360.8327202,651185726.9818993,642514408.9837407,633737930.6850324,624854790.15935,615863459.1575506,606762382.5426786,597549977.708526,588224633.9810511,578784712.0017844,569228543.092264,559554428.5984806,549760639.2142258,539845414.2820963,529806961.07086015,519643454.027704,509353034.00380224,498933807.4514525,488383845.59089404,477701183.54471624,466883819.43756676,455929713.4586663,444836786.88435346,433602921.05763185,422225956.3213772,410703690.90152895,399033879.7362091,387214233.2462973,375242416.0425395,363116045.5637443,350832690.6400665,338389869.9747406,325785050.5369499,313015645.8577301,300079014.21996796,286972456.7326003,273693215.27810085,260238470.3211496,246605338.56513596,232790870.4417094,218792047.41703618,204605779.09668952,190228900.1091857,175658166.74606508,160890253.3340847,145921748.31250834,130749149.9856481,115368861.91765141,99777187.93311125,83970326.6832453,67944365.73320782,51695275.121539414,35218900.33765781,18510954.657806575,1567010.773812592,-15617508.357635498,-33047339.524673343,-50727390.216290355,-68662750.6206119,-86858706.77063358,-105320754.95261204,-124054617.5031153,-143066260.13233,-162361910.92356026,-181948081.1720444,-201831588.24004042,-222019580.61968076,-242519565.41017056,-263339438.43130434,-284487517.2108818,-305972577.0989522,-327803890.776556,-349991271.4402096,-372545119.95492864,-395476476.27729905,-418797075.45462584,-442519408.5049567,-466656788.47383577,-491223421.94437176,-516234486.24445033,-541706212.5445509,-567655974.9666525,-594102385.7225825,-621065396.1608938,-648566403.4147388,-676628362.0964174,-705275900.161166,-734535437.6428334,-764435306.4213426,-795005868.4831935,-826279629.2392535,-858291341.3140466,-891078092.7470287,-924679371.6561705,-959137096.9860725,-994495601.8346946,-1030801551.8073227,-1068103775.588647,-1106452978.0489159,-1145901297.1458414,-1186501653.8608973,-1228306828.2946682,-1271368173.229629,-1315733846.6099687,-1361446403.0569928,-1408539526.6622188,-1457033605.3169198,-1506929729.397669,-1558201527.6014068,-1610784004.1304646,-1664558174.7300375,-1719329753.9780266,-1774799330.7157476,-1830520242.5026693,-1885838511.5398731,-1939806417.6122916,-1991057101.7697282,-2037621405.1996312,-2076659283.2656856,-2104066418.3791215,-2113904502.0596054,-2097603498.9712942,-2042944488.2648392,-1933129436.3495922,-1747417514.9371068,-1469014689.7584429,-1116515072.3596392,-736673022.5172069,0.0
29860.0,-4655255813.147213,-4657136139.538849,-4658956379.2694845,-4660716464.007548,-4662416327.040558,-4664055903.265627,-4665635129.179048,-4667153942.864931,-4668612283.982891,-4670010093.754721,-4671347314.950086,-4672623891.871164,-4673839770.336247,-4674994897.662245,-4676089222.646107,-4677122695.54511,-4678095268.055996,-4679006893.292942,-4679857525.764328,-4680647121.348287,-4681375637.267002,1260741759.8516364,1259077077.0410345,1257394458.1803017,1255693723.655832,1253974691.7448983,1252237178.5863688,1250480998.1509457,1248705962.210917,1246911880.3094172,1245098559.7291894,1243265805.4608283,1241413420.170511,1239541204.1671875,1237648955.369238,1235736469.2705727,1233803538.9061763,1231849954.8170717,1229875505.0147085,1227879974.9447517,1225863147.450265,1223824802.7342796,1221764718.321729,1219682669.0207458,1217578426.8833015,1215451761.1651826,1213302438.2852836,1211130221.7842093,1208934872.2821698,1206716147.4361548,1204473801.8963742,1202207587.2619493,1199917252.035839,1197602541.5789907,1195263198.0636935,1192898960.4261212,1190509564.3180542,1188094742.0577514,1185654222.5799708,1183187731.3851054,1180694990.487431,1178175718.3624406,1175629629.893244,1173056436.3160257,1170455845.1645284,1167827560.2135472,1165171281.4214246,1162486704.8715038,1159773522.7125416,1157031423.0980496,1154260090.1245356,1151459203.7686362,1148628439.8231056,1145767469.8316483,1142875961.0225587,1139953576.241153,1136999973.8809688,1134014807.8136954,1130997727.3178241,1127948377.005978,1124866396.7509017,1121751421.6100812,1118603081.7489636,1115421002.3627498,1112204803.596724,1108954100.4650993,1105668502.7683392,1102347615.0089242,1098991036.3055377,1095598360.3056245,1092169175.0962985,1088703063.113563,1085199601.0497992,1081658359.759493,1078078904.1631665,1074460793.149462,1070803579.4753486,1067106809.6644142,1063370023.9031873,1059592755.9354639,1055774532.9545784,1051914875.4935881,1048013297.3133199,1044069305.2882298,1040082399.2900342,1036052072.0690575,1031977809.1332518,1027859088.6248313,1023695381.194478,1019486149.8730551,1015230849.940778,1010928928.7937903,1006579825.8080792,1002182972.2006763,997737790.8880886,993243696.3418801,988700094.4413677,984106382.3233399,979461948.22875,974766171.3463037,970018421.6528888,965218059.7507472,960364436.7013487,955456893.855866,950494762.6821887,945477364.5883906,940404010.7425681,935274001.8889798,930086628.1603827,924841168.8864906,919536892.3984659,914173055.8293431,908748904.910301,903263673.7626755,897716584.6856202,892106847.9393152,886433661.5236068,880696210.951983,874893669.0207574,869025195.5733702,863089937.2596574,857087027.2899896,851015585.1841453,844874716.5147824,838663512.6453892,832381050.4625534,826026392.1024241,819598584.6712065,813096659.9595358,806519634.1505713,799866507.5216403,793136264.1392602,786327871.5473542,779440280.4484738,772472424.3778282,765423219.3699143,758291563.6175308,751076337.1229504,743776401.3410096,736390598.8138653,728917752.79715,721356666.8772618,713706124.5794728,705964888.9665557,698131702.2276033,690205285.2566726,682184337.2208992,674067535.1176642,665853533.3204045,657540963.1126035,649128432.2094755,640614524.2668236,631997798.3765088,623276788.5479288,614450003.1748499,605515924.4868951,596473007.9849337,587319681.8595326,578054346.3916001,568675373.3342496,559181105.2748195,549569854.9759318,539839904.6943249,529989505.4761142,520016876.427006,509920203.95583296,499697640.98966265,489347306.1585344,478867282.94771016,468255618.8151201,457510324.2714547,446629371.9201198,435610695.4539703,424452188.60547507,413151704.046583,401707052.2342396,390116000.19705,378376270.25816274,366485538.6889385,354441434.2873951,342241536.87486106,329883375.70352334,317364427.76687443,304682116.0041848,291833807.38925624,278816810.8926648,265628375.30562127,252265686.9123013,238725866.99619573,225005969.16445124,211102976.47257274,197013798.32998687,182735267.1649418,168264134.82498485,153597068.68679065,138730647.44636393,123661356.55765551,108385583.28429383,92899611.32548815,77199614.97312224,61281652.752611816,45141660.495239556,28775443.784267902,12178669.711275876,-4653142.12738353,-21724629.47116357,-39040598.15795523,-56606033.90230602,-74426115.19211149,-92506227.41691196,-110851978.35201204,-129469215.13484156,-148364042.88312793,-167542845.11875325,-187012306.17667603,-206779435.79496598,-226851596.0999756,-247236531.21989143,-267942399.78044176,-288977810.5582701,-310351861.5904531,-332074183.0626401,-354154984.32314116,-376605105.39581054,-399436073.3902638,-422660164.23336905,-446290470.1704347,-470340973.5070265,-494826627.08186185,-519763441.976094,-545168582.9725701,-571060472.2778884,-597458902.0068903,-624385155.899703,-651862140.6902294,-679914527.465552,-708568903.2396172,-737853932.8011113,-767800530.6709962,-798442042.7023119,-829814436.4512092,-861956498.9148575,-894910039.5316072,-928720095.4226948,-963435134.6589022,-999107251.7751478,-1035792347.7176416,-1073550283.739671,-1112444995.2554255,-1152544547.0316503,-1193921104.9483933,-1236650791.3382475,-1280813379.8334918,-1326491770.5918307,-1373771166.119511,-1422737839.3206306,-1473477345.4422884,-1526071973.2010727,-1580597150.0715284,-1637116401.3132277,-1695674295.0485048,-1756286561.3089442,-1818926213.1338217,-1883503964.0642185,-1949840438.80724,-2017626472.709237,-2086365970.8911457,-2155292996.6295185,-2223250402.1318474,-2288510427.250998,-2348506573.093702,-2399427648.3250556,-2435593539.1674294,-2448477638.8144965,-2425146746.3892198,-2345753633.4958563,-2179763922.2023706,-1883027944.2756076,-1420677896.5900924,-991116547.7886466,0.0
29850.0,-4416412851.4415245,-4417304082.950874,-4418135579.342989,-4418907273.427577,-4419619099.349569,-4420270992.575521,-4420862889.879117,-4421394729.325735,-4421866450.256117,-4422277993.269063,-4422629300.203158,-4422920314.117502,-4423150979.271442,-4423321241.103258,-4423431046.207812,-4423480342.313119,-4423469078.255828,-4423397203.955593,-4423264670.388319,-4423071429.558249,-4422817434.46888,1245690455.9080162,1243991765.597984,1242275021.0077147,1240540041.600191,1238786644.7110624,1237014645.5188978,1235223857.0149474,1233414089.9724088,1231585152.915189,1229736852.0861516,1227868991.4148374,1225981372.4846547,1224073794.4995205,1222146054.249948,1220197946.0785708,1218229261.845089,1216239790.8906245,1214229320.0014863,1212197633.372314,1210144512.5686119,1208069736.4886365,1205973081.3246481,1203854320.5234976,1201713224.746541,1199549561.828876,1197363096.7378726,1195153591.5309937,1192920805.3128955,1190664494.1917806,1188384411.2349987,1186080306.423881,1183751926.607785,1181399015.4573436,1179021313.4168935,1176618557.656073,1174190482.020575,1171736816.9820237,1169257289.5869782,1166751623.4050312,1164219538.4759853,1161660751.256096,1159074974.5633564,1156461917.521805,1153821285.504839,1151152780.0775099,1148456098.9377851,1145730935.8567474,1142976980.6177192,1140193918.9542832,1137381432.4871786,1134539198.660049,1131666890.6740246,1128764177.4211035,1125830723.4163156,1122866188.7286415,1119870228.9106622,1116842494.9269078,1113782633.0808895,1110690284.940769,1107565087.263659,1104406671.91851,1101214665.8075557,1097988690.7862988,1094728363.5819888,1091433295.7105768,1088103093.3920984,1084737357.464472,1081335683.2956572,1077897660.6941547,1074422873.8178077,1070910901.0808612,1067361315.0592598,1063773682.3941237,1060147563.6933852,1056482513.431531,1052778079.8474221,1049033804.8401375,1045249223.8628104,1041423865.8144073,1037557252.9294081,1033648900.6653416,1029698317.5881307,1025705005.2552013,1021668458.0962973,1017588163.29197,1013463600.6496718,1009294242.4774181,1005079553.4549538,1000818990.5023746,996512002.6461482,992158030.8824768,987756508.0379411,983306858.627373,978808498.7088904,974260835.736027,969663268.4069055,965015186.5103843,960315970.7691005,955564992.6793538,950761614.3477591,945905188.3245864,940995057.4337252,936030554.5991912,931011002.6681011,925935714.2300336,920803991.4326962,915615125.7938151,910368398.0091598,905063077.756615,899698423.4962151,894273682.2660353,888788089.473859,883240868.6845088,877631231.402752,871958376.8516712,866221491.7463869,860419750.063036,854552312.802875,848618327.7514082,842616929.2324021,836547237.8566717,830408360.2655075,824199388.8686031,817919401.5763532,811567461.526366,805142616.8040497,798643900.1571146,792070328.7038249,785420903.6348339,778694609.9084259,771890415.9389813,765007273.2784733,758044116.2907821,750999861.8186382,743873408.8429488,736663638.1342846,729369411.8962817,721989573.400695,714522946.6138177,706968335.8139999,699324525.1999334,691590278.4893817,683764338.5080152,675845426.7679629,667832243.0356985,659723464.8888192,651517747.2612858,643213721.9766058,634809997.2684655,626305157.2882218,617697761.5986633,608986344.6533822,600169415.2610354,591245456.0337517,582212922.8188392,573070244.1128992,563815820.4573708,554448023.814444,544965196.9221926,535365652.6276611,525647673.1965467,515809509.5979728,505849380.76272905,495765472.8131939,485555938.262982,475218895.1842018,464752426.3399575,454154578.2795669,443423360.3936602,432556743.92609817,421552660.9393164,410409003.2293954,399123621.1867645,387694322.5980675,376118871.38426214,364394986.2695205,352520339.3749855,340492554.73080623,328309206.69923365,315967818.30082285,303465859.4349767,290800744.98518556,277969832.79832816,264970421.5263072,251799748.3171306,238454986.34117413,224933242.13695282,211231552.75910372,197346882.70948362,183276120.63038385,169016075.7366349,154563473.96105158,139914953.78500706,125067061.723028,110016247.42714131,94758858.3731305,79291134.08702898,63609199.865867436,47709059.94201058,31586590.03522414,15237529.230902672,-1342528.8833703399,-18158145.89766252,-35214049.15826124,-52515143.33561325,-70066523.08142334,-87873486.88474643,-105941552.24787289,-124276472.3148877,-142884254.098921,-161771178.46853983,-180943822.06943798,-200409081.37472832,-220174199.07580996,-240246793.04605126,-260634888.1315559,-281346951.0470762,-302391928.6808695,-323779290.13998413,-345519072.89718485,-367621933.4325219,-390099202.79634935,-412962947.5564811,-436226036.6298425,-459902214.5383791,-484006181.6697366,-508553682.16491044,-533561600.09702075,-559048064.6468098,-585032565.0201482,-611536075.8894176,-638581194.1719183,-666192287.9821161,-694395658.6069704,-723219716.3507382,-752695171.0716895,-782855238.1810336,-813735860.7846186,-845375948.5085196,-877817633.344662,-911106542.5614178,-945292088.3195499,-980427773.079922,-1016571509.1380935,-1053785949.6080835,-1092138826.8160534,-1131703292.23602,-1172558249.640895,-1214788669.827327,-1258485870.786597,-1303747741.0921872,-1350678875.9281104,-1399390583.6923077,-1450000705.1855197,-1502633165.173647,-1557417144.8821197,-1614485719.7908552,-1673973744.1491215,-1736014673.3737075,-1800735885.2635317,-1868251871.8589258,-1938654397.3454044,-2011998310.2939298,-2088281093.4888208,-2167413324.623845,-2249175829.941294,-2333157136.156987,-2418661307.626832,-2504570310.709681,-2589134408.6428742,-2669643691.9326415,-2741891645.360616,-2799247422.6117177,-2830928518.8364296,-2818505474.1622214,-2728321343.748109,-2495362779.691019,-2005968891.4682117,-1354959368.7601907,0.0
29840.0,-4177325311.9172826,-4177280666.670029,-4177176690.565879,-4177013316.378029,-4176790477.943788,-4176508110.147636,-4176166148.903424,-4175764531.1356936,-4175303194.760116,-4174782078.663024,-4174201122.68003,-4173560267.573704,-4172859455.010294,-4172098627.535486,-4171277728.5491858,-4170396702.279275,-4169455493.754378,-4168454048.7755847,-4167392313.887116,-4166270236.345933,-4165087764.090268,1231590144.550901,1229867423.3091197,1228126626.985939,1226367575.245331,1224590085.6213193,1222793973.4880252,1220979052.0292182,1219145132.2073646,1217292022.7321625,1215419530.0285559,1213527458.2042155,1211615609.0164802,1209683781.8387425,1207731773.626273,1205759378.8814685,1203766389.6185222,1201752595.3274875,1199717782.9377422,1197661736.7808316,1195584238.552677,1193485067.2751434,1191363999.256954,1189220808.0539284,1187055264.4285448,1184867136.3088074,1182656188.7463975,1180422183.8741143,1178164880.8625653,1175884035.8761134,1173579402.028059,1171250729.335032,1168897764.6705947,1166520251.7180312,1164117930.922301,1161690539.441158,1159237811.0953941,1156759476.3182178,1154255262.1037202,1151724891.9544394,1149168085.8279815,1146584560.082693,1143974027.4223623,1141336196.8399289,1138670773.5601783,1135977458.9814088,1133255950.6160455,1130505942.0301752,1127727122.7819884,1124919178.3591056,1122081790.1147537,1119214635.2027855,1116317386.5115047,1113389712.596283,1110431277.6109316,1107441741.2378163,1104420758.6166768,1101367980.2721338,1098283052.0398486,1095165614.9913132,1092015305.3572407,1088831754.4495206,1085614588.5817256,1082363428.98812,1079077891.7411456,1075757587.667368,1072402122.2618232,1069011095.6007552,1065584102.2526978,1062120731.1878715,1058620565.6858525,1055083183.2414955,1051508155.4690452,1047895048.004426,1044243420.4056536,1040552826.0513369,1036822812.0372264,1033052919.0707687,1029242681.3636246,1025391626.5221109,1021499275.4355093,1017565142.1622195,1013588733.8136858,1009569550.4360676,1005507084.8895953,1001400822.725566,997250242.0609322,993054813.4504231,988813999.7561524,984527256.0146548,980194029.3013017,975813758.5920274,971385874.6223232,966909799.7434287,962384947.7756655,957810723.858845,953186524.2996972,948511736.4162433,943785738.3790575,939007899.0493367,934177577.8137226,929294124.415791,924356878.7841471,919365170.8570385,914318320.403428,909215636.8404225,904056419.0469966,898839955.1739228,893565522.4498172,888232386.9832175,882839803.5606048,877387015.4402745,871873254.1419556,866297739.2320943,860659678.1046852,854958265.7575556,849192684.563996,843362104.0396194,837465680.6043389,831502557.3393508,825471863.7389902,819372715.4573414,813204214.049468,806965446.7071276,800655485.988831,794273389.5440949,787818199.8317429,781288943.8320856,774684632.7528229,768004261.7284887,761246809.513257,754411238.1669213,747496492.7338463,740501500.9146795,733425172.7306025,726266400.1798939,719024056.8865465,711696997.740689,704284058.5305331,696784055.565545,689195785.2905464,681518023.8903991,673749526.8849235,665889028.7136838,657935242.3102212,649886858.6653135,641742546.3787988,633500951.1994566,625160695.5524198,616720378.0535387,608178573.01007,599533829.9070281,590784672.8784623,581929600.1628821,572967083.5419711,563895567.7616674,554713469.9346118,545419178.9228529,536011054.6996433,526487427.6890138,516846598.0817209,507086835.1260314,497206376.3916476,487203427.00494605,477076158.85352933,466822709.7578615,456441182.60761654,445929644.4600787,435286125.5977174,424508618.5417662,413595077.01833427,402543414.8732396,391351504.93137896,380017177.79604006,368538220.58311486,356912375.584669,345137338.8557671,333210758.7178669,321130234.1714114,308893313.2095123,296497491.02382636,283940208.0928081,271218848.1415474,258330735.9613288,245273135.0758219,232043245.23951828,218638199.75257444,205055062.57458207,191290825.21808416,177342403.40063176,163206633.4321003,148880268.31155276,134359973.50538474,119642322.37557864,104723791.2237308,89600753.91304511,74269476.02662289,58726108.516154945,42966680.79046506,26987093.188199818,10783108.773342073,-5649655.61403203,-22315739.126154482,-39219847.577061534,-56366865.10341847,-73761866.91599715,-91410133.25115782,-109317164.64267415,-127488698.64634061,-145930728.16305292,-164649521.52060878,-183651644.49045944,-202943984.4331211,-222533776.7851379,-242428634.1214714,-262636578.05012888,-283166074.220948,-304026070.7578183,-325226040.4534931,-346776027.0986797,-368686696.35247767,-390969391.5997033,-413636195.28230584,-436699996.23724306,-460174563.6219287,-484074628.06090397,-508415970.70385635,-533215520.9456042,-558491463.6231816,-584263356.573807,-610552259.5099368,-637380875.2437891,-664773704.3729732,-692757214.6206765,-721360026.1070567,-750613113.9117771,-780550029.3688151,-811207141.6111331,-842623900.9506279,-874843125.7328026,-907911314.3388656,-941878984.0107347,-976801038.133884,-1012737163.5110564,-1049752258.9724547,-1087916896.3613007,-1127307814.4613662,-1168008445.7307394,-1210109474.68394,-1253709425.2968185,-1298915272.7189548,-1345843071.6176999,-1394618589.2950547,-1445377925.815509,-1498268095.0538082,-1553447528.814045,-1611086449.5614164,-1671367033.820385,-1734483255.0467956,-1800640247.6686473,-1870052967.1314235,-1942943825.695836,-2019538847.9950929,-2100061695.294091,-2184724623.762245,-2273715021.2612643,-2367175521.9392138,-2465174658.02062,-2567663212.92783,-2674408070.1853113,-2784888440.1251163,-2898123935.637672,-3012367049.328697,-3124498533.6371555,-3228710840.49828,-3313343447.6248302,-3352558074.7788196,-3282629441.7881546,-2931636633.994504,-1900635057.8505516,0.0
29830.0,-3938634108.043796,-3937705483.644144,-3936717979.7058153,-3935671527.985712,-3934566061.0489945,-3933401512.24952,-3932177815.7094746,-3930894906.2981935,-3929552719.61014,-3928151191.9420633,-3926690260.269276,-3925169862.22108,-3923589936.0553055,-3921950420.6319575,-3920251255.385959,-3918492380.2989583,-3916673735.8702326,-3914795263.086625,-3912856903.39153,-3910858598.652917,-3908800291.1303616,1218473236.4004877,1216736524.329768,1214981813.5625749,1213208925.0824845,1211417677.7560492,1209607888.3029022,1207779371.2653542,1205931938.9774947,1204065401.5337753,1202179566.7570677,1200274240.1661906,1198349224.942892,1196404321.8982725,1194439329.4386513,1192454043.5308485,1190448257.6668859,1188421762.8280835,1186374347.448554,1184305797.3780656,1182215895.84428,1180104423.4143367,1177971157.955787,1175815874.596845,1173638345.6859648,1171438340.7507133,1169215626.4559321,1166969966.5611742,1164701121.8774009,1162408850.2229226,1160092906.3785727,1157753042.0420923,1155389005.7817178,1153000542.9889517,1150587395.8304994,1148149303.1993592,1145686000.6650426,1143197220.4229174,1140682691.2426388,1138142138.415677,1135575283.7018905,1132981845.2751553,1130361537.668013,1127714071.7153234,1125039154.4969041,1122336489.2791297,1119605775.4554799,1116846708.486003,1114058979.8356814,1111242276.9116771,1108396282.999427,1105520677.1975687,1102615134.351678,1099679324.9867866,1096712915.2386546,1093715566.7837782,1090686936.7681031,1087626677.7344172,1084534437.5483937,1081409859.3232622,1078252581.343072,1075062236.9845247,1071838454.6373448,1068580857.6231563,1065289064.1128323,1061962687.0422971,1058601334.0267333,1055204607.2731717,1051772103.4914244,1048303413.8033316,1044798123.6502815,1041255812.6989735,1037676054.7453802,1034058417.6168777,1030402463.0725036,1026707746.7013007,1022973817.8187088,1019200219.3609638,1015386487.7774659,1011532152.9210593,1007636737.9362032,1003699759.1449666,999720725.9308178,995699140.6201527,991634498.3615146,987526287.0024648,983373986.9640427,979177071.1127754,974935004.6301765,970647244.8796827,966313241.2709794,961932435.1216534,957504259.5161152,953028139.1617396,948503490.2421582,943929720.2676454,939306227.9225383,934632402.90962,929907625.7914096,925131267.828284,920302690.813369,915421246.9041269,910486278.4505694,905497117.8200208,900453087.2183616,895353498.5076649,890197653.0201566,884984841.3684142,879714343.2517164,874385427.2584645,868997350.6645851,863549359.2278148,858040686.9777942,852470556.0018461,846838176.226368,841142745.1937152,835383447.8344781,829559456.2350471,823669929.400342,817714013.0116057,811690839.1791213,805599526.1897476,799439178.2491263,793208885.2184378,786907722.3455606,780534749.9904823,774089013.3448229,767569542.1452996,760975350.3809676,754305435.9940705,747558780.5743078,740734349.0463306,733831089.350266,726847932.1150528,719783790.324363,712637558.9748785,705408114.7266592,698094315.5453453,690695000.3359098,683208988.5676507,675635079.8901075,667972053.739566,660218668.9357662,652373663.268442,644435753.073254,636403632.7966748,628275974.5493369,620051427.6473271,611728618.1408466,603306148.3296556,594782596.2646196,586156515.2346636,577426433.2383586,568590852.4393071,559648248.604422,550597070.5241138,541435739.4133259,532162648.2922414,522776161.3454006,513274613.2578566,503656308.52684635,493919520.7473485,484062491.8697269,474083431.4274935,463980515.73306113,453751887.0391194,443395652.66308504,432909884.0718063,422292615.9234434,411541845.0631445,400655529.46883595,389631587.1430444,378467894.9463216,367162287.367377,355712555.2245618,344116444.29282147,332371653.8496473,320475835.13293844,308426589.70297146,296221467.6999033,283857965.9874069,271333526.17206526,258645532.48716563,245791309.52836913,232768119.82750034,219573161.24932453,206203564.19466925,192656388.5915786,178928620.65436107,165017169.38837075,150918862.81613332,136630443.8979857,122148566.11771369,107469788.70066762,92590571.42861414,77507269.01194876,62216124.97593957,46713265.013314605,30994689.750688374,15056266.871044517,-1106277.471351862,-17497368.01363921,-34121590.60173708,-50983703.347290576,-68088648.81760871,-85441567.36145782,-103047811.68393636,-120912962.79507363,-139042847.46937305,-157443557.36733925,-176121469.98525643,-195083271.6162424,-214335982.5240121,-233886984.55109572,-253744051.40555245,-273915381.8947634,-294409636.401929,-315235976.9305637,-336404111.07501864,-357924340.3109807,-379807613.0394746,-402065582.8614254,-424710672.60770226,-447756144.70226383,-471216178.4940217,-495105955.2568283,-519441751.6272937,-544241042.3274965,-569522613.1048983,-595306684.9157279,-621615050.4816544,-648471224.4638965,-675900608.6249841,-703930673.4877977,-732591158.1554761,-761914290.1262044,-791935027.125499,-822691323.187617,-854224421.4493628,-886579176.3766005,-919804408.4289027,-953953294.4841914,-989083797.6961603,-1025259140.8460667,-1062548327.6805792,-1101026717.2016907,-1140776656.3958902,-1181888177.4594114,-1224459766.19459,-1268599208.9177384,-1314424525.927875,-1362065000.3333635,-1411662311.81561,-1463371785.727178,-1517363768.7946527,-1573825143.6822398,-1632960995.9099224,-1694996448.4064946,-1760178681.9004202,-1828779164.5169916,-1901096123.3634868,-1977457308.058049,-2058223127.0509827,-2143790291.9446902,-2234596198.042845,-2331124423.064487,-2433911967.8488617,-2543559214.6655207,-2660744014.1042695,-2786241623.698961,-2920951634.2887163,-3065929066.1226106,-3222402066.540842,-3391710795.7182198,-3574951631.3505187,-3771621461.7204247,-3974794884.4298015,-4152723225.31525,-4163033239.4843526,-3193961142.8276763,0.0
29820.0,-3700935630.4825535,-3699173585.559179,-3697353154.8872,-3695474268.413511,-3693536856.654532,-3691540850.674732,-3689486182.064371,-3687372782.916513,-3685200585.8032703,-3682969523.751277,-3680679530.216381,-3678330539.057538,-3675922484.509917,-3673455301.157186,-3670928923.90298,-3668343287.941541,-3665698328.727527,-3662993981.944957,-3660230183.4753175,-3657406869.3648014,-3654523975.7906656,1206366327.8302531,1204625673.8500345,1202867193.894355,1201090711.371008,1199296047.5990453,1197483021.7791862,1195651450.9637296,1193801150.025968,1191931931.6290908,1190043606.194563,1188135981.8699796,1186208864.4963744,1184262057.5749776,1182295362.233418,1180308577.1913426,1178301498.7254627,1176273920.6339993,1174225634.2005246,1172156428.1571832,1170066088.647287,1167954399.1872663,1165821140.6279645,1163666091.1152668,1161489026.050051,1159289718.0474389,1157067936.8953457,1154823449.5123043,1152556019.9045577,1150265409.1223981,1147951375.2157426,1145613673.1889293,1143252054.954721,1140866269.287489,1138456061.7755814,1136021174.7728395,1133561347.3492572,1131076315.2407618,1128565810.7980993,1126029562.9348114,1123467297.0742717,1120878735.0957847,1118263595.279702,1115621592.2515628,1112952436.925219,1110255836.4449294,1107531494.1264148,1104779109.3968284,1101998377.7336483,1099188990.6024432,1096350635.393512,1093482995.3573499,1090585749.538948,1087658572.7108712,1084701135.3051088,1081713103.3436658,1078694138.3678792,1075643897.3664103,1072562032.7019147,1069448192.0363424,1066302018.2548447,1063123149.388268,1059911218.5341892,1056665853.7764851,1053386678.1033765,1050073309.3239477,1046725359.9830835,1043342437.2748067,1039924142.9539762,1036470073.246316,1032979818.7567368,1029452964.3759172,1025889089.1851075,1022287766.359123,1018648563.0674809,1014971040.3736534,1011254753.1323872,1007499249.8850582,1003704072.7530155,999868757.3288732,995992832.5657113,992075820.6641359,988117236.9571598,984116589.7928599,980073380.4147497,975987102.8398457,971857243.734354,967683282.2869434,963464690.0795482,959200930.9556482,954891460.8859801,950535727.831619,946133171.604373,941683223.7244475,937185307.2753108,932638836.7556974,928043217.9287039,923397847.6679087,918702113.8004438,913955394.9469676,909157060.358469,904306469.7498267,899402973.1300681,894445910.6292439,889434612.3218586,884368398.0467658,879246577.2234714,874068448.6647482,868833300.3854952,863540409.4077482,858189041.5617635,852778451.2830861,847307881.4055073,841776562.9498255,836183714.9083135,830528544.0247813,824810244.5701609,819027998.1134719,813180973.2880859,807268325.5531667,801289196.9501688,795242715.8542752,789127996.7206471,782944139.8253514,776690231.0008413,770365341.3658266,763968527.0494071,757498828.9092953,750955272.2439798,744336866.4986411,737642604.9646629,730871464.4725261,724022405.0779028,717094369.74073,710086283.9970467,702997055.6233575,695825574.2932646,688570711.2261183,681231318.8273892,673806230.3204654,666294259.3695592,658694199.6933715,651004824.6691518,643224886.9267528,635353117.932271,627388227.5607983,619328903.6578125,611173811.5886738,602921593.7756467,594570869.2218587,586120233.0214965,577568255.8555542,568913483.4723241,560154436.1518074,551289608.1531065,542317467.1438112,533236453.6102984,524044980.2477405,514741431.3285664,505324162.0479419,495791497.84476066,486141733.6964657,476373133.38588166,466483928.73805994,456472318.82496965,446336469.13564533,436074510.7091898,425684539.227784,415164614.06658095,404512757.2970725,393726952.64017564,382805144.36495024,371745236.12844414,360545089.75173575,349202523.9267762,337715312.8481008,326081184.76289433,314297820.4322914,302362851.49606454,290273858.73210627,278028370.2012658,265623859.2671724,253057742.4796659,240327377.30932167,227430059.71935174,214363021.55977643,201123427.76730323,187708373.35267678,174114880.15550488,160339893.34453237,146380277.63919088,132232813.22582895,117894191.33939588,103361009.4784391,88629766.21806672,73696855.58201906,58558560.931103766,43211048.320973754,27650359.277537882,11872402.93310827,-4127052.5393223166,-20352389.262533724,-36808149.83808994,-53499048.45930207,-70429983.0460059,-87606048.50221413,-105032551.20798731,-122715024.86805409,-140659247.8522091,-158871262.176183,-177357394.28682297,-196124277.83215857,-215178878.61535233,-234528521.95198286,-254180922.6726495,-274144218.0378647,-294427003.85985005,-315038374.15649027,-335987964.69664395,-357286000.8337332,-378943350.0663816,-400971579.8114749,-423383020.9268374,-446190837.57853216,-469409104.1123527,-493052889.6612038,-517138351.3009293,-541682836.6578492,-566704996.9732884,-592224911.74531,-618264226.1977882,-644846302.9739937,-671996389.6189272,-699741803.6049436,-728112136.8725276,-757139482.1074002,-786858683.2617749,-817307613.1587085,-848527481.4022424,-880563176.2628219,-913463644.7297721,-947282315.5361907,-982077570.6858892,-1017913271.8716112,-1054859349.1999462,-1092992460.8712037,-1132396733.9542446,-1173164598.2156136,-1215397727.2011364,-1259208103.5513945,-1304719229.0323157,-1352067504.2205765,-1401403808.5454001,-1452895318.953734,-1506727615.5692132,-1563107136.4509728,-1622264062.5737517,-1684455740.951852,-1749970792.2581627,-1819134105.2766356,-1892313003.2771156,-1969924991.26608,-2052447680.5015721,-2140431772.9145312,-2234518428.645267,-2335463022.394191,-2444168357.426035,-2561732070.184447,-2689515574.5605526,-2829246023.7173805,-2983169308.0037613,-3154282508.350705,-3346690834.012697,-3566160619.980503,-3820980789.2405195,-4123287873.854692,-4490848066.217682,-4946855094.927446,-5489175697.181833,-5649027142.274326,0.0
29810.0,-3464783523.06723,-3462237265.776288,-3459633155.333493,-3456971119.254574,-3454251085.4045405,-3451472981.974868,-3448636737.460015,-3445742280.633254,-3442789540.521818,-3439778446.3813567,-3436708927.6696844,-3433580914.019824,-3430394335.2123394,-3427149121.1469426,-3423845201.8133764,-3420482507.261566,-3417060967.5710354,-3413580512.8195686,-3410041073.051139,-3406442578.2430725,-3402784958.272464,1195290164.9957223,1193555572.6475558,1191803421.9348722,1190033539.7722597,1188245751.0288787,1186439878.499422,1184615742.8746002,1182773162.7111266,1180911954.4012046,1179031932.1415014,1177132907.9015992,1175214691.3919165,1173277090.0310855,1171319908.9127772,1169342950.771964,1167346015.9506109,1165328902.3627765,1163291405.4591222,1161233318.1908112,1159154430.972792,1157054531.6464424,1154933405.441579,1152790834.9378057,1150626600.02519,1148440477.8642662,1146232242.8453302,1144001666.5470397,1141748517.6942794,1139472562.115295,1137173562.6980746,1134851279.345961,1132505468.932486,1130135885.2554057,1127742278.989921,1125324397.6410737,1122881985.4952912,1120414783.5710764,1117922529.5688083,1115404957.819657,1112861799.233574,1110292781.2463558,1107697627.7657535,1105076059.11661,1102427791.9850113,1099752539.3614235,1097050010.482802,1094319910.7736483,1091561941.785996,1088775801.1383026,1085961182.4532247,1083117775.2942553,1080245265.1011999,1077343333.1244712,1074411656.3581686,1071449907.4719291,1068457754.7415195,1065434861.9781461,1062380888.456451,1059295488.8411766,1056178313.1124635,1053029006.4897622,1049847209.3543165,1046632557.1702108,1043384680.4039305,1040103204.4424167,1036787749.5095866,1033437930.5812811,1030053357.298607,1026633633.8796544,1023178359.0295365,1019687125.8487338,1016159521.7396991,1012595128.3116915,1008993521.2838035,1005354270.3861374,1001676939.2591083,997961085.3508162,994206259.8124635,990412007.3917708,986577866.3243465,982703368.22298,978788037.9648042,974831393.576288,970832946.1160164,966792199.5552101,962708650.6559405,958581788.8469872,954411096.0972991,950196046.7870015,945936107.575901,941630737.2694409,937279386.6820463,932881498.4978132,928436507.1284864,923943838.5686553,919402910.248137,914813130.8814645,910173900.3144275,905484609.3676103,900744639.6768566,895953363.530601,891110143.7039983,886214333.2897825,881265275.5258024,876262303.619127,871204740.5666928,866091898.9723833,860923080.8604826,855697577.4854189,850414669.1377158,845073624.9460762,839673702.6755016,834214148.5213686,828694196.8993692,823113070.2312169,817469978.7260317,811764120.1572938,805994679.6352667,800160829.3747892,794261728.4583147,788296522.5940852,782264343.8693302,776164310.4983504,769995526.5653698,763757081.7620108,757448051.1192548,751067494.7337439,744614457.4882605,738087968.766223,731487042.160033,724810675.1730859,718057848.9152546,711227527.7916479,704318659.1844288,697330173.1274682,690260981.9735878,683109980.0541468,675876043.3306924,668558029.0383873,661154775.3209058,653665100.8564645,646087804.474636,638421664.7635583,630665439.6671437,622817866.071832,614877659.3824236,606843513.0864851,598714098.3067602,590488063.3410125,582164033.1886356,573740609.0633439,565216367.8911861,556589861.7930547,547859617.5508134,539024136.0560564,530081891.74046606,521031331.9866067,511870876.51792157,502598916.7665597,493213815.21756697,483713904.72781193,474097487.8178908,464362835.9350824,454508188.68525994,444531753.0314411,434431702.45649266,424206176.0872197,413853277.77684915,403371075.14261717,392757598.554861,382010840.07368153,371128752.32886153,360109247.3383156,348950195.25990605,337649423.0709421,326204713.1691619,314613801.88838184,302874377.9213498,290984080.64161515,278940498.3154402,266741166.19390672,254383564.47442517,241865116.11978692,229183184.52177322,216335070.99504638,203318012.08568317,190129176.6771412,176765662.87483,163224494.64855164,149502618.21008545,135596898.10094392,121504112.96287799,107220950.96100432,92744004.82646424,78069766.482252,63194621.21225989,48114841.32960865,32826579.296008855,17325860.239049196,1608573.809063077,-14329534.688637555,-30492873.956799507,-46886017.24223852,-63513713.83039892,-80380901.59262723,-97492720.6899181,-114854528.54739118,-132471916.225469,-150350726.3266072,-168497072.59072578,-186917361.34836948,-205618315.01816443,-224606997.85469347,-243890844.17459714,-263477689.31286418,-283375803.588176,-303593929.58619183,-324141323.10321355,-345027798.130164,-366263776.2989198,-387860341.26024354,-409829298.51570374,-432183241.2858842,-454935623.06482893,-478100837.5873276,-501694307.022617,-525732579.3070732,-550233435.6414509,-575216009.3075243,-600700917.1074164,-626710404.899796,-653268508.9046309,-680401234.6770301,-708136755.9170433,-736505635.5931953,-765541072.2219784,-795279174.5743675,-825759268.5871948,-857024240.8586044,-889120923.8238832,-922100528.5669193,-956019132.2570524,-990938228.4537342,-1026925350.0474782,-1064054776.4768656,-1102408339.1725569,-1142076342.0560927,-1183158617.5334995,-1225765743.0022469,-1270020448.7539024,-1316059255.7490351,-1364034391.6947782,-1414116047.0679612,-1466495050.4968731,-1521386067.1370163,-1579031457.140277,-1639705978.1636086,-1703722582.2877142,-1771439653.0533543,-1843270166.7395382,-1919693465.1618679,-2001270628.5430403,-2088664888.3676047,-2182669203.5099626,-2284244169.702959,-2394571058.200015,-2515127349.29378,-2647796284.096022,-2795028900.4283457,-2960089115.1611714,-3147434709.2315235,-3363331182.235471,-3616890452.3855696,-3921951436.0481873,-4300808856.140296,-4792506776.017272,-5473983869.4544525,-6523935746.846021,-8477290304.359415,0.0
29800.0,-3230690438.9639287,-3227407821.359008,-3224067919.119921,-3220670656.868152,-3217215959.37348,-3213703751.53043,-3210133958.3340926,-3206506504.8553777,-3202821316.2156224,-3199078317.5606136,-3195277434.033986,-3191418590.7499943,-3187501712.765677,-3183526725.052378,-3179493552.466653,-3175402119.720526,-3171252351.3511357,-3167044171.6897173,-3162777504.8299727,-3158452274.595777,-3154068404.508259,1185259639.4975266,1183541013.6059325,1181805189.8236513,1180051999.6248176,1178281272.4960217,1176492835.9080772,1174686515.2873163,1172862133.986405,1171019513.2546668,1169158472.2079146,1167278827.7977638,1165380394.7804406,1163462985.68505,1161526410.7813153,1159570478.0467658,1157594993.1333666,1155599759.3335762,1153584577.5458305,1151549246.239429,1149493561.41882,1147417316.587274,1145320302.7099257,1143202308.17618,1141063118.7614696,1138902517.5883422,1136720285.0868793,1134516198.9544153,1132290034.1145635,1130041562.6755183,1127770553.887627,1125476774.100218,1123159986.7176692,1120819952.1546962,1118456427.7908597,1116069167.9242547,1113657923.7243881,1111222443.1842146,1108762471.0713139,1106277748.8782048,1103768014.7717612,1101233003.5417285,1098672446.5483112,1096086071.6688216,1093473603.24336,1090834762.0195236,1088169265.0961075,1085476825.8657856,1082757153.9567556,1080009955.1733193,1077234931.4353824,1074431780.7168422,1071600196.9828603,1068739870.1259806,1065850485.9010725,1062931725.8590823,1059983267.2795653,1057004783.1019717,1053995941.8556633,1050956407.5886382,1047885839.7949343,1044783893.3406811,1041650218.3887858,1038484460.3222096,1035286259.6658185,1032055252.006773,1028791067.9134316,1025493332.8527367,1022161667.1060444,1018795685.6833881,1015394998.2361166,1011959208.967896,1008487916.5440321,1004980713.9990815,1001437188.6427186,997856921.9638183,994239489.5327283,990584460.9016799,986891399.5033147,983159862.5472848,979389400.9148746,975579559.0516279,971729874.8579166,967839879.5774354,963909097.683548,959937046.7634704,955923237.4002364,951867173.0523962,947768349.9314141,943626256.8766999,939440375.2282556,935210178.6968547,930935133.2317326,926614696.8857225,922248319.6777933,917835443.4529248,913375501.7392833,908867919.602629,904312113.4979067,899707491.1179544,895053451.2392845,890349383.5648614,885594668.5638262,880788677.3081013,875930771.3058099,871020302.3314458,866056612.2527239,861039032.8540478,855966885.6565115,850839481.7343836,845656121.5279684,840416094.6527992,835118679.7050612,829763144.0631735,824348743.6854436,818874722.9037058,813340314.2128606,807744738.0562129,802087202.606519,796366903.5426512,790583023.8217564,784734733.4468267,778821189.2295537,772841534.548357,766794899.1014742,760680398.6549692,754497134.7855506,748244194.6180418,741920650.5573761,735525560.014956,729057965.1292175,722516892.4802423,715901352.798232,709210340.6656591,702442834.2129033,695597794.8071606,688674166.7344003,681670876.8741409,674586834.3667898,667420930.273278,660172037.2267038,652839009.0756841,645420680.5190783,637915866.7317412,630323362.980913,622641944.2328593,614870364.7493083,607007357.6732185,599051634.6033688,591001885.15722,582856776.5214539,574614952.98954,566275035.4856474,557835621.0741254,549295282.4537475,540652567.4358231,531905998.40520704,523054071.76315135,514095257.35085917,505027997.8524926,495850708.17626786,486561774.8121663,477159555.1646421,467642376.8585629,458008537.0164694,448256301.5050435,438383904.148512,428389545.90646213,418271394.0133562,408027581.0767396,397656204.13088894,387155323.64232284,376522962.4632685,365757104.7288127,354855694.6930674,343816635.49922496,332637787.87790704,321316968.7676886,309851949.85107183,298240455.9985644,286480163.612836,274568698.8641031,262503635.80712825,250282494.36922383,237902738.19768935,225361772.35397172,212656940.84063908,199785523.9458884,186744735.38888368,173531719.24755406,160143546.64875478,146577212.1987104,132829630.12954396,118897630.135322,104777952.86847144,90467245.06456578,75962054.26035845,61258823.06647372,46353882.95238167,31243447.497093886,15923605.054397285,390310.7763532996,-15360622.06682223,-31333531.53858775,-47532917.334582865,-63963452.010344446,-80629993.2291649,-97537597.13036597,-114691532.9285348,-132097298.8657802,-149760639.65178025,-167687565.54059654,-185884373.20902413,-204357668.61891073,-223114392.06558454,-242161845.63662076,-261507723.32995325,-281160144.1081511,-301127688.1970274,-321419436.9720743,-342045016.8161868,-363014647.3774179,-384339194.706913,-406030229.8157339,-428100093.2561285,-450561966.4092724,-473429950.24934405,-496719152.45482564,-520445783.8546078,-544627265.3315189,-569282346.4628272,-594431237.3599967,-620095755.3836484,-646299488.660237,-673067978.6217389,-700428924.1378088,-728412410.2223871,-757051164.7874677,-786380847.5026157,-816440375.5213336,-847272291.6810721,-878923181.8065665,-911444148.9893166,-944891354.234546,-979326634.732642,-1014818213.3179684,-1051441515.5472128,-1089280114.4255614,-1128426827.3520174,-1168984995.6435304,-1211069984.4412522,-1254810950.468978,-1300352937.7989063,-1347859378.6071696,-1397515098.473867,-1449529956.4050834,-1504143291.7700915,-1561629408.638283,-1622304409.7523112,-1686534808.23498,-1754748511.0011606,-1827449007.686884,-1905233949.1711898,-1988819816.6687202,-2079075154.1389437,-2177066005.1968784,-2284118996.178439,-2401910346.890113,-2532593712.8165975,-2678987607.4207697,-2844857204.8693895,-3035352205.3983746,-3257717916.385375,-3522521091.5358906,-3845937611.35322,-4254483866.3962183,-4796196804.017,-5572388932.987396,-6857703016.693562,-9849888497.988453,0.0
29790.0,-2999129770.806447,-2995157288.122352,-2991128123.006492,-2987042196.86594,-2982899431.0747404,-2978699746.950081,-2974443065.727961,-2970129308.5383306,-2965758396.37969,-2961330250.093188,-2956844790.336168,-2952301937.5551934,-2947701611.958558,-2943043733.4882326,-2938328221.791312,-2933554996.1909127,-2928723975.656549,-2923835078.773974,-2918888223.7144938,-2913883328.203754,-2908820309.490005,1176283815.1656034,1174590909.6755219,1172881257.0429206,1171154694.316907,1169411056.6309357,1167650177.175609,1165871887.171021,1164076015.838644,1162262390.3727343,1160430835.9112675,1158581175.5063782,1156713230.0943046,1154826818.4648213,1152921757.230157,1150997860.7933846,1149054941.3162718,1147092808.6865807,1145111270.4848175,1143110131.9504025,1141089195.947267,1139048262.928854,1136987130.902517,1134905595.393307,1132803449.4071288,1130680483.393259,1128536485.2062163,1126371240.066964,1124184530.5234368,1121976136.4103794,1119745834.8084803,1117493400.002787,1115218603.4403949,1112921213.6873827,1110600996.3849983,1108257714.205058,1105891126.8045685,1103500990.7795312,1101087059.617931,1098649083.6518888,1096186810.0089564,1093699982.562543,1091188341.8814507,1088651625.1785073,1086089566.258276,1083501895.4638176,1080888339.6225011,1078248621.9908283,1075582462.198261,1072889576.1900313,1070169676.1689124,1067422470.5359304,1064647663.829992,1061844956.6664202,1059014045.6743536,1056154623.4330094,1053266378.4067749,1050348994.8791053,1047402152.8852086,1044425528.1434886,1041418791.9857273,1038381611.2859714,1035313648.3881106,1032214561.0321116,1029084002.2788825,1025921620.4337463,1022727058.9684887,1019499956.4419563,1016239946.419173,1012946657.3889515,1009619712.6799599,1006258730.3752248,1002863323.2250276,999433098.5581727,995967658.1915905,992466598.3382375,988929509.5132743,985355976.4384656,981745577.9447918,978097886.8732128,974412469.9735702,970688887.8015685,966926694.6138177,963125438.2608874,959284660.0783305,955403894.7756494,951482670.3231523,947520507.8366609,943516921.4600322,939471418.2454412,935383498.0313938,931252653.3184112,927078369.1423496,922860122.9453044,918597384.4440553,914289615.4959922,909936269.9624913,905536793.5696723,901090623.7664952,896597189.5801431,892055911.4686322,887466201.1705999,882827461.5522125,878139086.4511287,873400460.5174772,868610959.051763,863769947.8396654,858876782.9836512,853930810.7313368,848931367.3005412,843877778.7009605,838769360.5523822,833605417.8993881,828385245.0224528,823108125.245374,817773330.7389481,812380122.3208216,806927749.2514229,801415449.0258913,795842447.1619306,790207956.9834638,784511179.4000231,778751302.6817623,772927502.2299895,767038940.3431168,761084765.9779081,755064114.505919,748976107.4649986,742819852.3057288,736594442.1326636,730298955.4402368,723932455.8431787,717493991.8012954,710982596.3384385,704397286.7554979,697737064.3372306,691000914.0527266,684187804.2493113,677296686.3396602,670326494.4818861,663276145.2523552,656144537.3109628,648930551.0585717,641633048.2863201,634250871.8164568,626782845.1343538,619227772.0113151,611584436.1177698,603851600.6264042,596028007.804755,588112378.596752,580103412.1926439,571999785.5867078,563800153.1220831,555503146.0220268,547107371.906812,538611414.29544,530013832.0912537,521313159.0504677,512507903.232547,503596546.43125665,494577543.58512557,485449322.1659287,476210281.54369134,466858792.3265718,457393195.6738307,447811802.5799377,438112893.1276916,428294715.70803064,418355486.203997,408293387.1360984,398106566.76604515,387793138.1555697,377351178.1767267,366778726.4697485,356073784.3441621,345234313.61846715,334258235.3932615,323143428.7522059,311887729.38469166,300488928.1235378,288944769.3903717,277252949.54070944,265411115.09995395,253416860.88075864,241267727.97125596,228961201.58269593,216494708.7439378,203865615.82907066,191071225.9031116,178108775.86933142,164975433.40015745,151668293.63191706,138184375.60176682,124520618.40307806,110673877.03328522,96640917.90565231,82418413.99368557,68002939.57382569,53390964.52872822,38578848.16970855,23562832.53283149,8339035.0985990465,-7096559.11982134,-22748106.18044907,-38619912.57518116,-54716445.4249509,-71042343.58855051,-87602429.774791,-104401723.75713158,-121445456.80042589,-138739087.42122757,-156288318.61635596,-174099116.70921087,-192177731.98007882,-210530721.26548257,-229164972.73291886,-248087733.0614177,-267306637.28575432,-286829741.59323865,-306665559.3975583,-326823101.0547799,-347311917.63317186,-368142149.202101,-389324578.1669976,-410870688.2487491,-432792729.78866243,-455103792.1562979,-477817884.1496388,-500950023.4081436,-524516336.0129364,-548534167.6291223,-573022207.7583055,-598000628.9214873,-623491242.891511,-649517676.4500175,-676105569.568633,-703282799.4227041,-731079734.2571287,-759529521.8608536,-788668418.2988849,-818536163.6349392,-849176412.7015028,-880637230.5970994,-912971664.591025,-946238406.5948064,-980502563.4500697,-1015836556.1601546,-1052321174.0922965,-1090046816.41467,-1129114961.0377736,-1169639911.6914341,-1211750887.3019807,-1255594535.674161,-1301337977.2248735,-1349172516.4183612,-1399318201.8329115,-1452029475.06321,-1507602230.5954835,-1566382723.0741172,-1628778919.1983316,-1695275119.8060427,-1766451004.8180144,-1843006727.040631,-1925796373.6075187,-2015873142.3393335,-2114551135.912779,-2223491089.7635098,-2344821223.649183,-2481310917.0438194,-2636626497.466511,-2815720499.604561,-3025450964.0806093,-3275627213.7679524,-3580917554.7635593,-3964685481.0823507,-4467744268.887402,-5172303238.964164,-6288385459.457871,-8610238282.6231,0.0
29780.0,-2770537349.7503486,-2765920143.774441,-2761246889.549257,-2756517505.0748973,-2751731908.156695,-2746890016.3815813,-2741991747.0940003,-2737037017.371383,-2732025743.9991827,-2726957843.4454603,-2721833231.83504,-2716651824.9232154,-2711413538.06903,-2706118286.208104,-2700765983.8250494,-2695356544.925435,-2689889883.007342,-2684365911.032475,-2678784541.3968754,-2673145685.901192,-2667449255.7205663,1168365985.2696018,1166708352.5693314,1165034510.6222649,1163344303.0234823,1161637571.537615,1159914156.0729012,1158173894.6548011,1156416623.3991766,1154642176.4850197,1152850386.1267245,1151041082.545892,1149214093.94266,1147369246.4665496,1145506364.1868174,1143625269.062304,1141725780.9107766,1139807717.3777378,1137870893.904714,1135915123.696995,1133940217.6908228,1131945984.520018,1129932230.4820304,1127898759.5034049,1125845373.1046534,1123771870.364515,1121678047.8836007,1119563699.7474022,1117428617.4886608,1115272590.0490808,1113095403.7403674,1110896842.2045898,1108676686.3738463,1106434714.4292216,1104170701.7590206,1101884420.9162655,1099575641.5754445,1097244130.4884937,1094889651.4399967,1092511965.2015922,1090110829.4855683,1087685998.8976312,1085237224.8888278,1082764255.7066133,1080266836.34504,1077744708.4940488,1075197610.4878595,1072625277.2524214,1070027440.2519219,1067403827.4343307,1064754163.1759582,1062078168.2250057,1059375559.6441002,1056646050.7517784,1053889351.0629085,1051105166.2280307,1048293197.9715854,1045453144.0290163,1042584698.0827267,1039687549.696853,1036761384.2508563,1033805882.8718834,1030820722.3658886,1027805575.1474905,1024760109.1685324,1021683987.8453283,1018576869.9845656,1015438409.7078328,1012268256.3747597,1009066054.5047263,1005831443.6971225,1002564058.5501317,999263528.5779994,995929478.1267672,992561526.2884407,989159286.813554,985722368.0221083,982250372.7128465,978742898.0708383,975199535.573335,971619870.8938632,968003483.8045319,964349948.0765022,960658831.378601,956929695.1740247,953162094.6151204,949355578.4361756,945509688.8442163,941623961.4077337,937697924.9433362,933731101.4002666,929723005.7427436,925673145.830094,921581022.2946348,917446128.4172468,913267950.0006118,909045965.2400627,904779644.5919981,900468450.6398165,896111837.957326,891709252.9695773,887260133.8110678,882763910.1812756,878220003.1974607,873627825.244693,868986779.8230388,864296261.3918635,859555655.2111905,854764337.180057,849921673.6718065,845027021.3662667,840079727.0787394,835079127.5857488,830024549.4474783,824915308.8268318,819750711.3050472,814530051.6938033,809252613.8437266,803917670.4492483,798524482.8497167,793072300.8266921,787560362.3973441,781987893.6038594,776354108.2987801,770658207.9261807,764899381.2985734,759076804.3694695,753189640.0014687,747237037.7297845,741218133.5210812,735132049.5275184,728977893.8358654,722754760.2115635,716461727.8375962,710097861.048023,703662209.0560284,697153805.6763146,690571669.0416782,683914801.3135831,677182188.3865376,670372799.5860684,663485587.360081,656519486.9633601,649473416.134972,642346274.7682867,635136944.573358,627844288.7313213,620467151.5405056,613004358.0538898,605454713.7075264,597817003.9395115,590089993.7990675,582272427.5452492,574363028.2347519,566360497.2982669,558263514.1047697,550070735.5130824,541780795.409997,533392304.234184,524903848.485047,516313990.2156085,507621266.5084369,498824188.9335409,489921242.9870521,480910887.50944155,471791554.0818596,462561646.39912766,453219539.6177071,443763579.6769004,434192082.59130955,424503333.7124648,414695586.9573089,404767064.00103235,394715953.43153197,384540409.8625177,374238553.0020203,363808466.6727698,353248197.7805946,342555755.22664005,331729108.75882596,320766187.75755477,309664879.9502244,298423030.04860574,287038438.30260843,275508858.96336657,263831998.6479326,252005514.59715396,240027012.81755695,227894046.0971882,215604111.8844691,203154650.0180848,190543040.29482552,177766599.8610917,164822580.41242075,151708165.183935,138420465.7130012,124956518.35361369,111313280.52005209,97487626.63522223,83476343.75671475,69276126.8509562,54883573.6829724,40295179.286022455,25507329.97179386,10516296.837894648,-4681771.2750630975,-20090855.429422766,-35715074.89764601,-51558696.19497284,-67626142.9088803,-83922006.4043501,-100451057.49280405,-117218259.16247007,-134228780.47917604,-151488011.7793625,-169001581.2916082,-186775373.33957618,-204815548.29824096,-223128564.49705333,-241721202.28872114,-260600590.5311788,-279774235.763726,-299250054.3970153,-319036408.281592,-339142144.0721418,-359576636.86587346,-380349838.66524,-401472332.29947984,-422955391.53862864,-444811048.2506943,-467052167.5910916,-489692532.37746644,-512746937.9980568,-536231299.4339385,-560162772.2527906,-584559889.7637889,-609442718.9215109,-634833038.0460645,-660754540.0049263,-687233065.201794,-714296869.5672189,-741976933.7804221,-770307321.2162976,-799325593.6634514,-829073295.7713583,-859596521.5519621,-890946579.2061499,-923180774.2292262,-956363335.3839091,-990566513.9960463,-1025871894.503861,-1062371963.7836571,-1100171999.171957,-1139392351.2451718,-1180171218.5934057,-1222668039.8148499,-1267067665.232163,-1313585520.8348856,-1362474044.5026844,-1414030766.4407992,-1468608531.53734,-1526628534.6378336,-1588597080.0018175,-1655127311.6298335,-1726967633.1042962,-1805039206.2333198,-1890485883.5897489,-1984741347.4996674,-2089620365.543663,-2207444419.5118713,-2341217465.2720566,-2494877131.3489017,-2673664107.0729036,-2884685274.055133,-3137806680.453803,-3447109701.95321,-3833202723.6279974,-4325846955.512269,-4954510525.08476,-5502372721.1537075,0.0
29770.0,-2545313109.383727,-2540094975.2043304,-2534821457.659606,-2529492471.2624617,-2524107930.1885285,-2518667748.2530737,-2513171838.8875346,-2507620115.1156974,-2502012489.52952,-2496348874.2645893,-2490629180.975225,-2484853320.809242,-2479021204.3823533,-2473132741.7522383,-2467187842.3922734,-2461186415.164925,-2455128368.294814,-2449013609.341465,-2442842045.171737,-2436613581.9319344,-2430328125.0196385,1161503759.2859738,1159890701.31006,1158262055.4925933,1156617672.894515,1154957402.8440402,1153281092.9121668,1151588588.887775,1149879734.7523127,1148154372.6540608,1146412342.8819618,1144653483.8390179,1142877632.0152328,1141084621.960104,1139274286.2546496,1137446455.4829588,1135600958.2032676,1133737620.9185345,1131856268.0465212,1129956721.8893633,1128038802.6026187,1126102328.1637874,1124147114.340293,1122172974.6569114,1120179720.3626425,1118167160.397006,1116135101.35576,1114083347.4560204,1112011700.500782,1109919959.8428173,1107807922.3479528,1105675382.3576956,1103522131.6512203,1101347959.4066787,1099152652.1618392,1096935993.7740312,1094697765.3793843,1092437745.3513532,1090155709.2585082,1087851429.8215787,1085524676.8697357,1083175217.296105,1080802815.0124793,1078407230.9032357,1075988222.7784247,1073545545.3260245,1071078950.0633439,1068588185.2875496,1066072996.0253131,1063533123.9815506,1060968307.4872413,1058378281.446307,1055762777.2815342,1053121522.8795214,1050454242.5346267,1047760656.8919075,1045040482.8890235,1042293433.6970837,1039519218.6604233,1036717543.2352808,1033888108.9273654,1031030613.2282792,1028144749.5507863,1025230207.1628935,1022286671.1207323,1019313822.2002096,1016311336.8274059,1013278887.0076994,1010216140.2535906,1007122759.511199,1003998403.0854099,1000842724.5636485,997655372.7382443,994435991.5273705,991184219.8945286,987899691.7665408,984582035.9500363,981230876.0463939,977845830.3651109,974426511.8355765,970972527.917208,967483480.5079305,963958965.8509605,960398574.4398661,956801890.9218655,953168493.9993424,949497956.3295288,945789844.4223373,942043718.5362937,938259132.5725474,934435633.966913,930572763.5799118,926670055.584779,922727037.3533919,918743229.340085,914718144.9633113,910651290.4851135,906542164.8883579,902390259.751699,898195059.1222217,893956039.3857315,889672669.1346364,885344409.0333896,880970711.681431,876551021.4736085,872084774.4579947,867571398.191092,863010311.5903487,858400924.7839484,853742638.9578233,849034846.1998363,844276929.3410801,839468261.7942426,834608207.3889804,829696120.2042494,824731344.3975275,819713214.0308795,814641052.8937991,809514174.3227656,804331881.0174582,799093464.8535544,793798206.6920519,788445376.1850433,783034231.5778713,777564019.5075959,772033974.7976873,766443320.2488769,760791266.4260851,755077011.441326,749299740.7325237,743458626.8381264,737552829.1674466,731581493.7666014,725543753.0799685,719438725.707042,713265516.154572,707023214.5838647,700710896.5531228,694327622.7546897,687872438.7470467,681344374.6814249,674742445.0228715,668065648.2655877,661312966.642379,654483365.8280034,647575794.6362383,640589184.7104243,633522450.2072678,626374487.4736476,619144174.7161607,611830371.663111,604431919.2186458,596947639.1087036,589376333.5184073,581716784.720536,573967754.6946462,566127984.736409,558196195.05667,550171084.3697214,542051329.4702197,533835584.7981445,525522481.9911433,517110629.42354846,508598611.73130053,499984989.32195044,491268297.8688328,482447047.7884432,473519723.69995666,464484783.8657502,455340659.6116836,446085754.72579587,436718444.8339699,427237076.75096995,417639967.80515563,407925405.1350082,398091644.9554614,388136911.79185,378059397.6791166,367857261.32370377,357528627.22534794,347071584.7557664,336484187.19094217,325764450.6934811,314910353.24115306,303919833.4974636,292790789.61969304,281521077.99948424,270108511.9306282,258550860.1982224,246845845.5829003,234991143.27325666,222984379.1790141,210823128.13680458,198504911.99973926,186027197.60114017,173387394.5819489,160582853.07037994,147610861.20133778,134468642.46195462,121153352.84834692,107662077.81723484,93991829.01454154,80139540.76128483,66102066.275140405,51876173.60385074,37458541.244179145,22845753.417317152,8034294.968527913,-6979454.144792944,-22199224.816485018,-37628865.25092918,-53272347.968069255,-69133777.41005856,-85217398.21239027,-101527604.21052757,-118068948.26236829,-134846152.97781175,-151864122.45933554,-169127955.172337,-186642958.08128238,-204414662.2080447,-222448839.79275087,-240751523.26555058,-259329026.27102494,-278187967.02627134,-297335294.34027505,-316778316.67754745,-336524734.7147558,-356582677.9174259,-376960745.75723803,-397668054.3020432,-418714289.0442779,-440109764.9934205,-461865495.25014323,-483993269.5104668,-506505744.22598875,-529416546.48100793,-552740394.0517874,-576493234.6025156,-600692407.5657499,-625356832.9760327,-650507232.4032661,-676166388.2043201,-702359448.6237023,-729114287.8855424,-756461932.4042449,-784437066.6949117,-813078635.6088369,-842430563.3107713,-872542614.155695,-903471426.5762793,-935281758.599577,-968047993.1181427,-1001855963.1279069,-1036805172.5708646,-1073011508.1725111,-1110610563.022789,-1149761725.265387,-1190653227.2369876,-1233508404.3723683,-1278593482.382372,-1326227299.3794324,-1376793480.8115463,-1430755722.8476584,-1488677005.5425382,-1551243745.5911417,-1619296088.8722591,-1693865677.1352096,-1776222155.0658498,-1867929055.1147277,-1970907613.9736383,-2087501214.0927472,-2220517098.064277,-2373176687.977003,-2548768966.10388,-2749345931.4652514,-2971072941.5166383,-3186014256.6122046,-3254237914.776933,-2338294506.597234,0.0
29760.0,-2323822711.2885404,-2318046106.8143506,-2312214813.614192,-2306328742.73106,-2300387804.7467217,-2294391909.759469,-2288340967.361583,-2282234886.616518,-2276073576.035796,-2269856943.555635,-2263584896.5132966,-2257257341.623179,-2250874184.9526443,-2244435331.8975887,-2237940687.1577744,-2231390154.7119174,-2224783637.79254,-2218121038.860602,-2211402259.5799146,-2204627200.7913504,-2197795762.48684,1155689178.1873415,1154129699.5775747,1152555333.9221058,1150965940.610324,1149361377.4082322,1147741500.435599,1146106164.1427333,1144455221.2868738,1142788522.9081857,1141105918.3053546,1139407255.0107746,1137692378.7653246,1135961133.492711,1134213361.2733912,1132448902.3180478,1130667594.9406242,1128869275.5308964,1127053778.5265837,1125220936.384986,1123370579.5541391,1121502536.4434772,1119616633.3939943,1117712694.6478982,1115790542.3177392,1113849996.3550177,1111890874.51824,1109912992.3404346,1107916163.0961041,1105900197.7675986,1103864905.0109248,1101810091.1209397,1099735559.9959567,1097641113.1017282,1095526549.4347994,1093391665.4852264,1091236255.198639,1089060109.9376397,1086863018.4425254,1084644766.7913187,1082405138.3590965,1080143913.7766006,1077860870.8881166,1075555784.7086139,1073228427.3801153,1070878568.1273068,1068505973.2123504,1066110405.8888952,1063691626.3552693,1061249391.706842,1058783455.8875296,1056293569.6404381,1053779480.4576211,1051240932.52894,1048677666.6900039,1046089420.369178,1043475927.5336387,1040836918.634454,1038172120.5506829,1035481256.5324583,1032764046.1430502,1030020205.1998758,1027249445.7144485,1024451475.8312378,1021625999.7654213,1018772717.73951,1015891325.9188247,1012981516.3457983,1010042976.8730888,1007075391.0954746,1004078438.2805109,1001051793.2979257,997995126.5477297,994908103.8870182,991790386.5554388,988641631.099298,985461489.2942903,982249608.0668116,979005629.4138408,975729190.3213583,972419922.6812768,969077453.2068542,965701403.3465652,962291389.1963987,958847021.4105544,955367905.1105115,951853639.7924365,948303819.2329006,944718031.3928809,941095858.3200085,937436876.0490324,933740654.5004743,930006757.3774307,926234742.0605053,922424159.5008187,918574554.1110795,914685463.6546701,910756419.1327235,906786944.6691432,902776557.3935394,898724767.3220481,894631077.2359806,890494982.5582901,886315971.2277895,882093523.5711123,877827112.172349,873516201.7403398,869160248.973578,864758702.4226754,860311002.3503628,855816580.5889703,851274860.3953564,846685256.303231,842047173.9728447,837360010.0379796,832623151.950213,827835977.8204043,822997856.2573519,818108146.2035798,813166196.7682047,808171347.0568285,803122925.9984143,798020252.1690909,792862633.6128306,787649367.6589525,782379740.7363948,777053028.1846981,771668494.061646,766225390.9475011,760722959.7457788,755160429.4804989,749537017.0898423,743851927.2161609,738104351.9922612,732293470.8238977,726418450.1684031,720478443.3093781,714472590.1273671,708400016.8664343,702259835.8965566,696051145.4717538,689773029.483849,683424557.2117792,677004783.066345,670512746.3302977,663947470.893656,657307964.9841299,650593220.892534,643802214.6930605,636933905.9582746,629987237.4686823,622961134.9167318,615854506.6050739,608666243.138914,601395217.1122742,594040282.7879766,586600275.7711312,579074012.6759193,571460290.7854425,563757887.7043748,555965561.004174,548082047.8605572,540106064.682952,532036306.7355945,523871447.74994576,515610139.5280615,507251011.5365311,498792670.49057406,490233699.9278647,481572659.7716188,472808085.8824461,463938489.5984558,454962357.2630442,445878149.7397902,436684301.9138233,427379222.1790006,417961291.91019696,408428864.919958,398780266.8987405,389013794.8378949,379127716.4345355,369120269.47735995,358989661.21245575,348734067.6880754,338351633.0773087,327840468.9775247,317198653.6854162,306424231.4464065,295515211.6771412,284469568.15971434,273285238.2062277,261960121.79222238,250492080.65745312,238878937.37241286,227118474.36894646,215208432.9332137,203146512.1591745,190930367.8606943,178557611.44023207,166025808.71198744,153332478.67720422,140475092.24918002,127451070.9253068,114257785.40321352,100892554.13777663,87352641.83532642,73635257.8809398,59737554.69403429,45656626.00675225,31389505.05861573,16933162.699734583,2284505.3933638483,-12559626.89334914,-27602462.92384,-42847302.56825577,-58297519.34119195,-73956563.12552933,-89827963.11236238,-105915330.99382162,-122222364.45397662,-138752851.01329958,-155510672.2948083,-172499808.79545602,-189724345.26524347,-207188476.81967545,-224896515.93929595,-242852900.5444386,-261062203.3751234,-279529142.95687795,-298258596.49513745,-317255615.1159111,-336525441.9616672,-356073533.76198006,-375905586.6327728,-396027567.0208108,-416445748.9075898,-437166758.6263066,-458197628.9361254,-479545864.35048795,-501219520.1440456,-523227297.9823015,-545578661.7491462,-568283977.914588,-591354685.7179645,-614803503.5773292,-638644679.51806,-662894295.0974135,-687570634.3524786,-712694631.795883,-738290416.5208646,-764385973.1646348,-791013944.9414009,-818212609.3293388,-846027063.4149975,-874510663.4777801,-903726772.186223,-933750876.6866974,-964673151.5289512,-996601550.9164861,-1029665523.4021966,-1064020445.4596179,-1099852862.0915775,-1137386591.5206296,-1176889676.8334637,-1218682013.7739952,-1263143183.877377,-1310719450.1829257,-1361927784.6218224,-1417352697.608533,-1477627485.709804,-1543382983.2916481,-1615128594.149244,-1692989002.0056188,-1776120740.961411,-1861377234.6396303,-1940068898.5576124,-1989358058.6653209,-1946225191.8655927,-1614749586.447341,-321922008.26784885,0.0
29750.0,-2106399129.7755527,-2100105187.5130336,-2093757280.2243128,-2087355315.5830112,-2080899200.6952207,-2074388842.0783503,-2067824145.639746,-2061205016.6551185,-2054531359.74674,-2047803078.8614728,-2041020077.2485747,-2034182257.4373477,-2027289521.2145956,-2020341769.6019049,-2013338902.832792,-2006280820.3296592,-1999167420.680644,-1991998601.6163104,-1984774259.9862275,-1977494291.7354312,-1970158591.8807817,1150908857.0640788,1149411620.6486318,1147900272.807682,1146374682.0586863,1144834715.415685,1143280238.3682742,1141711114.8602264,1140127207.2677565,1138528376.3774333,1136914481.3637216,1135285379.766149,1133640927.4660957,1131980978.6631956,1130305385.8513432,1128613999.7942955,1126906669.5008721,1125183242.1997256,1123443563.3137007,1121687476.4337533,1119914823.292427,1118125443.7368834,1116319175.7014747,1114495855.17985,1112655316.1965854,1110797390.778328,1108921908.924454,1107028698.577215,1105117585.591381,1103188393.7033534,1101240944.4997566,1099275057.3854783,1097290549.5511665,1095287235.940156,1093264929.2148333,1091223439.722405,1089162575.4600837,1087082142.0396607,1084981942.651465,1082861778.0276918,1080721446.4050908,1078560743.4870033,1076379462.4047306,1074177393.6782308,1071954325.1761172,1069710042.0749604,1067444326.8178704,1065156959.0723467,1062847715.6873903,1060516370.64985,1058162695.0400027,1055786456.9863434,1053387421.6195745,1050965351.0257804,1048520004.1987661,1046051136.991551,1043558502.0669975,1041041848.847563,1038500923.4641527,1035935468.7040601,1033345223.9579775,1030729925.1660628,1028089304.763036,1025423091.6222961,1022731010.9990368,1020012784.4723442,1017268129.8862514,1014496761.2897428,1011698388.8756742,1008872718.9186027,1006019453.7114954,1003138291.5013025,1000228926.4233747,997291048.4346964,994324343.2459252,991328492.2522047,988303172.4627352,985248056.4290762,982162812.172164,979047103.1080127,975900587.9720799,972722920.7422798,969513750.5606016,966272721.6533341,962999473.2498437,959693639.4999077,956354849.3895559,952982726.6554112,949576889.6974878,946136951.4904379,942662519.4932024,939153195.5570545,935608575.8319947,932028250.6714838,928411804.5354753,924758815.8917193,921068857.1153196,917341494.3865021,913576287.586576,909772790.1920482,905930549.166875,902049104.8528047,898127990.8577964,894166733.9424706,890164853.9045782,886121863.4614342,882037268.1303084,877910566.1067226,873741248.1406384,869528797.4104931,865272689.3950536,860972391.7430636,856627364.1406428,852237058.17641,847800917.2043,843318376.2040361,838788861.6392336,834211791.3130933,829586574.2216585,824912610.4046023,820189290.7935104,815415997.0576284,810592101.4470414,805716966.6332569,800789945.5471509,795810381.2142545,790777606.5873463,785690944.3763163,780549706.8752759,775353195.7868783,770100702.0438255,764791505.6275282,759424875.3838898,754000068.8361877,748516331.9950294,742972899.1653446,737368992.750401,731703823.0528123,725976588.0725195,720186473.3017163,714332651.5167079,708414282.5666779,702430513.1593504,696380476.6435314,690263292.7885152,684078067.5603508,677823892.8949599,671499846.4681004,665104991.462181,658638376.3299291,652099034.5549207,645485984.4089859,638798228.7065178,632034754.5557017,625194533.1067034,618276519.2968663,611279651.592956,604202851.730523,597045024.4504635,589805057.232848,582481820.0281438,575074164.9859257,567580926.1812363,560000919.3387319,552332941.5548203,544575771.0179763,536728166.7274915,528788868.2109214,520756595.24054694,512630047.5491925,504407904.54581153,496088825.0312879,487671446.9149654,479154386.9324876,470536240.36559963,461815580.7646574,452990959.67467046,444060906.3658246,435023927.56953555,425878507.22122276,416623106.21114874,407256162.14481115,397776089.11458564,388181277.48449826,378470093.69025826,368640880.056914,358691954.6367947,348621611.0707069,338428118.47571266,328109721.36319375,317664639.5913501,307091068.356747,296387178.23006445,285551115.2417768,274581001.0241436,263474933.01659995,252230984.7424153,240847206.16535798,229321624.1360356,217652242.9386297,205837044.94985878,193873991.42324233,181761023.41308808,169496062.85406116,157077013.81378585,144501763.93760347,131768186.10646348,118874140.33082329,105817475.90555921,92596033.85300323,79207649.68359613,65650156.50596014,51921388.52069508,38019184.93468267,23941394.3351866,9685879.565464199,-4749476.854062945,-19366766.712942556,-34168049.45821905,-49155344.85314071,-64330624.897195965,-79695804.957858,-95252734.0657839,-111003184.32809141,-126948839.41911891,-143091282.1152405,-159431980.85051483,-175972275.2839569,-192713360.88787413,-209656272.59117395,-226801867.54310015,-244150807.1031629,-261703538.21385896,-279460274.3766403,-297420976.53098744,-315585334.2348888,-333952747.66615087,-352522311.112609,-371292798.8006176,-390262654.1316592,-409429983.66367465,-428792557.49505526,-448347818.09443253,-468092900.0783206,-488024663.981707,-508139747.7033924,-528434640.0458449,-548905781.6110187,-569549699.2521644,-590363181.2930344,-611343501.7572191,-632488702.7999176,-653797945.2215598,-675271937.0580328,-696913449.2713736,-718727924.6655333,-740724179.9627826,-762915189.3124269,-785318916.8741841,-807959130.9572835,-830866073.6177689,-854076763.3806175,-877634551.8641334,-901587299.9488897,-925983123.1924095,-950861972.7447891,-976240179.1829414,-1002083148.4226146,-1028258002.5688988,-1054451782.5287504,-1080029095.4121568,-1103779703.729636,-1123457620.194741,-1134905960.0888405,-1130315662.4338193,-1094576470.4974139,-997217560.2606132,-774037868.2191496,-291730896.40529525,560986035.4299673,0.0
29740.0,-1893344193.9355235,-1886572734.593235,-1879748062.470772,-1872870082.0427248,-1865938697.126428,-1858953810.862085,-1851915325.6927192,-1844823143.3440096,-1837677164.8039763,-1830477290.302548,-1823223419.2910087,-1815915450.4213345,-1808553281.5254369,-1801136809.5942988,-1793665930.7570462,-1786140540.259943,-1778560532.4453096,-1770925800.73042,-1763236237.5863326,-1755491734.5167089,-1747692182.036612,1147144153.743789,1145717438.5748475,1144277457.447679,1142824088.7393734,1141357209.4531505,1139876695.1992922,1138382420.1757658,1136874257.1485298,1135352077.4315119,1133815750.8662615,1132265145.8012629,1130700129.0709066,1129120565.974117,1127526320.2526157,1125917254.0688314,1124293227.9834394,1122654100.932524,1120999730.204361,1119329971.4158103,1117644678.4883144,1115943703.6234872,1114226897.2782998,1112494108.1398416,1110745183.099658,1108979967.2276516,1107198303.7455416,1105400033.9998727,1103584997.4345672,1101753031.5630019,1099903971.9396176,1098037652.1310382,1096153903.686696,1094252556.1089537,1092333436.8227153,1090396371.144511,1088441182.2510543,1086467691.1472511,1084475716.6336625,1082465075.2734032,1080435581.3584626,1078387046.8754501,1076319281.4707403,1074232092.415012,1072125284.5671754,1069998660.3376669,1067852019.6511053,1065685159.9082966,1063497875.9475734,1061289960.0054619,1059061201.6766536,1056811387.8732824,1054540302.7834852,1052247727.8292325,1049933441.6234219,1047597219.9262137,1045238835.6006019,1042858058.5671974,1040454655.7582213,1038028391.0706823,1035579025.3187284,1033106316.1851573,1030610018.1720738,1028089882.5506718,1025545657.3101287,1022977087.1055975,1020383913.2052791,1017765873.4365584,1015122702.1311834,1012454130.0694809,1009759884.4235778,1007039688.6996224,1004293262.6789806,1001520322.3583919,998720579.889067,995893743.5147064,993039517.5084245,990157602.1085565,987247693.4533353,984309483.5144058,981342660.0291755,978346906.4319651,975321901.7839447,972267320.7018448,969182833.2853959,966068105.0435094,962922796.8191519,959746564.7129025,956539060.0051763,953299929.0770744,950028813.3298669,946725349.1030588,943389167.5910294,940019894.7582314,936617151.2529075,933180552.3193165,929709707.7084448,926204221.5871729,922663692.4458835,919087713.0044796,915475870.1167964,911827744.673383,908142911.5026251,904420939.2701945,900661390.3767965,896863820.8541943,893027780.259487,889152811.5676246,885238451.0621223,881284228.2239776,877289665.6187396,873254278.7817314,869177576.1013964,865059058.7007446,860898220.3168852,856694547.1786242,852447517.8821067,848156603.2644882,843821266.2756157,839440961.8477044,835015136.7629956,830543229.5193775,826024670.1939604,821458880.3045952,816845272.6693224,812183251.2637422,807472211.0763117,802711537.9615421,797900608.4911209,793038789.8029346,788125439.4480166,783159905.2354084,778141525.0749589,773069626.8180612,767943528.0963553,762762536.1584111,757525947.7044158,752233048.7189071,746883114.3015788,741475408.4962014,736009184.1177163,730483682.5775542,724898133.7072402,719251755.5803697,713543754.3330266,707773323.9827521,701939646.2461578,696041890.3553151,690079212.873042,684050757.5072523,677955654.9245201,671793022.563055,665561964.4452926,659261570.9903296,652890918.8264602,646449070.6041014,639935074.8094125,633347965.5789684,626686762.5158644,619950470.507686,613138079.546814,606248564.5535864,599280885.2029058,592233985.7549164,585106794.8904729,577898225.5521784,570607174.7918588,563232523.6254184,555773136.8961586,548227863.1476979,540595534.5078034,532874966.5845573,525064958.37643015,517164292.1980003,509171733.6232593,501086031.44860977,492905917.67792684,484630107.5322639,476257299.4870862,467786175.3402008,459215400.31388736,450543623.1951035,441769476.518058,432891576.79386204,423908524.7925077,414818905.8829347,405621290.4375768,396314234.30843043,386896279.38243556,377365954.2247759,367721774.81958616,357962245.4185657,348085859.5090724,338091100.9144863,327976445.0409398,317740360.28599715,307381309.626434,296897752.4040782,286288146.33057207,275550949.7340822,264684624.0733012,253687636.7466889,242558464.22767338,231295595.5596786,219897536.2481786,208362812.5907095,196689976.48980662,184877610.79824722,172924335.25079334,160828813.04187155,148589758.11434326,136205943.23068,123676208.9046064,110999473.27851154,98174743.03980592,85201125.47783308,72077841.79207143,58804241.77211193,45379819.98033394,31804233.57936348,18077321.958194047,4199128.323418349,-9830076.56480968,-24009768.318596125,-38339140.30200113,-52817072.24172379,-67442095.83049703,-82212357.06924586,-97125575.0781638,-112178997.09108274,-127369349.33188462,-142692783.45664293,-158144818.2307865,-173720276.09728816,-189413214.27976543,-205216850.05380318,-221123479.8106789,-237124391.52987814,-253209770.26973638,-269368596.27787894,-285588535.3126871,-301855820.74968594,-318155127.01616,-334469433.8432202,-350779880.7307483,-367065610.8626945,-383303603.44992787,-399468493.05818784,-415532373.8124834,-431464585.325737,-447231475.5813222,-462796133.5096643,-478118080.19249165,-493152901.83382,-507851798.8455492,-522161012.0882336,-536021067.19324183,-549365747.5109026,-562120660.3414297,-574201191.7555792,-585509540.3665226,-595930361.2617625,-605324309.1658736,-613518399.7870142,-620291538.771865,-625352682.9924397,-628307706.2766596,-628608809.3118944,-625476647.1457905,-617779139.0312995,-603840027.0089633,-581130392.0599957,-545759015.661842,-491606594.2457339,-408819873.5306883,-281195726.520678,-82057544.76643133,228695346.4264382,676142310.0152032,968050686.6169177,0.0
29730.0,-1684930085.6694078,-1677719633.2296343,-1670456748.409134,-1663141332.7111018,-1655773286.907116,-1648352511.018649,-1640878904.2984896,-1633352365.2121005,-1625772791.4188914,-1618140079.7534502,-1610454126.2067084,-1602714825.9070745,-1594922073.1015394,-1587075761.1367407,-1579175782.4400563,-1571222028.5006566,-1563214389.8506007,-1555152756.045936,-1547037015.647858,-1538867056.2038977,-1530642764.229188,1144371361.941565,1143023024.1106505,1141662330.2864094,1140289169.36461,1138903429.0051324,1137504995.6150002,1136093754.331138,1134669589.0028443,1133232382.1739805,1131782015.064871,1130318367.5539029,1128841318.1588273,1127350744.0177538,1125846520.8698282,1124328523.0355954,1122796623.397037,1121250693.37728,1119690602.9199648,1118116220.468276,1116527412.9436226,1114924045.7239594,1113305982.6217558,1111673085.8615854,1110025216.0573502,1108362232.1891143,1106683991.5795588,1104990349.8700297,1103281160.9961915,1101556277.163266,1099815548.8208528,1098058824.6373243,1096285951.4737906,1094496774.3576148,1092691136.4554875,1090868879.0460372,1089029841.4919791,1087173861.2117813,1085300773.650858,1083410412.2522616,1081502608.426877,1079577191.5231056,1077633988.796029,1075672825.3760407,1073693524.2369437,1071695906.1634943,1069679789.7183907,1067644991.2086911,1065591324.6516513,1063518601.7399738,1061426631.8064587,1059315221.7880368,1057184176.1891874,1055033297.0447187,1052862383.8819022,1050671233.6819544,1048459640.8408455,1046227397.1294327,1043974291.6528969,1041700110.8094769,1039404638.2484856,1037087654.8275971,1034748938.5693885,1032388264.6171309,1030005405.1898047,1027600129.5363368,1025172203.8890406,1022721391.4162471,1020247452.174107,1017750143.0575607,1015229217.7504532,1012684426.6747795,1010115516.9390526,1007522232.2857699,1004904313.0379726,1002261496.0448719,999593514.6265397,996900098.5176337,994180973.8101552,991435862.8952109,988664484.4037738,985866553.146418,983041780.0520201,980189872.1053989,977310532.2838898,974403459.492827,971468348.4999223,968504889.8685228,965512769.8897291,962491670.5133588,959441269.277734,956361239.2382853,953251248.8949411,950110962.1183016,946940038.0745661,943738131.1492031,940504890.869349,937239961.8249125,933942983.5883745,930613590.6332555,927251412.2512565,923856072.4680268,920427189.9575733,916964377.9552749,913467244.1694953,909935390.6917813,906368413.9056234,902765904.3937817,899127446.844144,895452619.9541198,891740996.3335516,887992142.4061322,884205618.309323,880380977.7927595,876517768.1151406,872615529.9395902,868673797.2274969,864692097.1308106,860669949.8828145,856606868.6873575,852502359.6065563,848355921.4469686,844167045.6442473,839935216.1462822,835659909.2948436,831340593.7057378,826976730.1475043,822567771.4186646,818113162.2235589,813612339.0468004,809064730.0263729,804469754.825434,799826824.5028481,795135341.3825238,790394698.9215969,785604281.5775468,780763464.6743093,775871614.2674742,770928087.0086727,765932230.0092485,760883380.7033403,755780866.7105062,750624005.6980352,745412105.2431047,740144462.6949711,734820365.0373842,729439088.7514459,723999899.6791565,718502052.8879075,712944792.5362264,707327351.741077,701648952.447088,695908805.2980866,690106109.5113761,684240052.7552192,678309811.0300592,672314548.5540307,666253417.6534078,660125558.6586618,653930099.8068922,647666157.1514653,641332834.4797683,634929223.2400888,628454402.4787173,621907438.788492,615287386.2701132,608593286.5076963,601824168.560167,594979048.9702725,588056931.7931522,581056808.6466016,573977658.7853837,566818449.2021661,559578134.7579321,552255658.344971,544849951.0859084,537359932.5725245,529784511.1485418,522122584.24092793,514373038.74475574,506534751.4671465,498606589.63637716,490587411.48285496,482476066.89931005,474271398.188337,465972240.9061817,457577424.81261,449085774.9376516,440496112.7771286,431807257.63004416,423018028.09225273,414127243.72226644,405133726.89666516,396036304.87432253,386833812.09059775,377525092.7047981,368109003.4265182,358584416.6490857,348950223.92114794,339205339.79058754,329348706.05836105,319379296.48365235,309296121.98588157,299098236.39367694,288784742.7959366,278354800.5556337,267807633.05307186,257142536.23198104,246358888.02914372,235456158.77630287,224433922.67193303,213291870.4301479,202029823.22468773,190647748.05761105,179145774.69518086,167524214.3275148,155783580.12407047,143924609.8740468,131948290.91945128,119855887.60912097,107648971.52455112,95329454.75318989,82899626.51220785,70362193.45580044,57720324.03234957,44977697.29437407,32138556.60485901,19207768.72851851,6190888.846660353,-6905767.909870677,-20075047.752593413,-33308871.62477348,-46598139.88132513,-59932627.36188935,-73300867.85608838,-86690026.84051466,-100085761.2278374,-113472064.70495076,-126831097.04297951,-140142995.52883607,-153385666.38483787,-166534553.69446957,-179562382.91835433,-192438875.5368641,-205130430.65593097,-217599768.50713456,-229805529.5872807,-241701821.6118227,-253237704.35268277,-264356599.58477724,-274995609.47792,-285084721.41417074,-294545869.7701422,-303291814.792151,-311224784.0245409,-318234800.96132815,-324197595.9576806,-328971951.9832749,-332396276.6923205,-334284103.9482629,-334418099.72058547,-332541960.429958,-328349318.4991623,-321468368.45217586,-311440334.8493409,-297689026.0087946,-279477410.49213314,-255845194.8731984,-225518429.04731563,-186777695.95477083,-137264695.172647,-73697097.28511289,8551688.282114059,116062138.87346819,258196435.50906438,447943240.740132,701344469.6611321,1028006582.6103332,1377358980.9215417,1429491667.5305538,0.0
29720.0,-1481400792.798519,-1473788590.7580988,-1466124764.5686245,-1458409213.035328,-1450641834.1715088,-1442822525.1815224,-1434951182.443736,-1427027701.4934735,-1419051977.005934,-1411023902.7791426,-1402943371.7168736,-1394810275.8116183,-1386624506.127591,-1378385952.7837424,-1370094504.936875,-1361750050.764785,-1353352477.4495018,-1344901671.1606176,-1336397517.0387225,-1327839899.1789465,-1319228700.6146567,1142561927.3535328,1141299363.7813702,1140025412.9977436,1138739974.9997866,1137442948.6939855,1136134231.8814201,1134813721.242758,1133481312.3230171,1132136899.5160744,1130780376.0489306,1129411633.965716,1128030564.1114416,1126637056.1154797,1125230998.374784,1123812278.036831,1122380780.9822824,1120936391.8073704,1119478993.805986,1118008468.9514809,1116524697.878168,1115027559.8625138,1113516932.8040285,1111992693.2058356,1110454716.15492,1108902875.3020532,1107337042.8413815,1105757089.4896777,1104162884.4652505,1102554295.466497,1100931188.650101,1099293428.6088688,1097640878.3491936,1095973399.2681413,1094290851.1301546,1092593092.0433657,1090879978.4355109,1089151365.0294406,1087407104.8182194,1085647049.0398028,1083871047.1512873,1082078946.8027325,1080270593.8105307,1078445832.1303353,1076604503.829524,1074746449.059202,1072871506.0257243,1070979510.961739,1069070298.0967381,1067143699.6271077,1065199545.685669,1063237664.3106995,1061257881.414432,1059260020.7510133,1057243903.8839145,1055209350.1527941,1053156176.6397878,1051084198.1352291,1048993227.1027832,1046883073.6439865,1044753545.4621804,1042604447.8258305,1040435583.5312225,1038246752.864517,1036037753.56316,1033808380.7766376,1031558427.0265567,1029287682.1660501,1026995933.3384887,1024682964.9354906,1022348558.5542154,1019992492.9539356,1017614544.0118678,1015214484.6782539,1012792084.9306864,1010347111.7276514,1007879328.9612955,1005388497.4093874,1002874374.6864765,1000336715.1942217,997775270.070893,995189787.1400198,992580010.8581839,989945682.2619388,987286538.9138416,984602314.8475943,981892740.5122681,979157542.7156084,976396444.5664089,973609165.4159311,970795420.798373,967954922.3703568,965087377.8494434,962192490.9516419,959269961.3279214,956319484.4996969,953340751.793288,950333450.2733399,947297262.6751909,944231867.3361783,941136938.1258757,938012144.375247,934857150.8047189,931671617.4511458,928455199.5936807,925207547.6785312,921928307.2425971,918617118.8359894,915273617.9434229,911897434.904482,908488194.832752,905045517.5338252,901569017.4221752,898058303.4369073,894512978.9563806,890932641.7117212,887316883.699227,883665291.0916709,879977444.1485262,876252917.1251204,872491278.1807423,868692089.2857214,864854906.1275035,860979278.0157591,857064747.7865484,853110851.705586,849117119.3706523,845083073.6131887,841008230.3991463,836892098.7291296,832734180.5379233,828533970.5934631,824290956.3953422,820004618.0729355,815674428.2832649,811299852.1086949,806880346.9546016,802415362.4471444,797904340.3312995,793346714.369314,788741910.2397766,784089345.437497,779388429.1744231,774638562.2818432,769839137.1141285,764989537.4543343,760089138.4219564,755137306.3832175,750133398.864266,745076764.4677079,739966742.7929449,734802664.3608311,729583850.5432036,724309613.4979025,718979256.1099571,713592071.9396685,708147345.1783999,702644350.612954,697082353.5995102,691460610.0481782,685778366.4193305,680034859.7329825,674229317.592623,668360958.2250057,662428990.5375915,656432614.1954615,650371019.7197179,644243388.6095636,638048893.4904857,631786698.2911739,625455958.4520847,619055821.1688184,612585425.6738029,606043903.5601016,599430379.1515378,592743969.9237303,585983786.9810877,579148935.595293,572238515.811349,565251623.1278427,558187349.2587509,551044782.9847991,543823011.1031964,536521119.48540235,529138194.2535608,521673323.0872456,514125596.6733418,506494110.3130963,498777965.7018225,490976272.8981956,483088152.5018039,475112738.05942607,467049178.72254866,458896642.1808588,450654317.8988965,442321420.68574864,433897194.63062865,425380917.4404604,416771905.2191612,408069517.7322888,399273164.2050668,390382309.70658505,381396482.1782682,372315280.1705106,363138381.3577761,353865551.9095397,344496656.80219847,335031671.16569513,325470692.76801884,315813955.7512195,306061845.7440822,296214916.48932004,286273908.1372231,276239767.37323344,266113669.5641021,255897043.1263376,245591596.34172958,235199346.86813763,224722654.21969432,214164255.51946586,203527304.85973328,192815416.64088327,182032713.29993272,171183877.8844316,160274211.97769654,149309699.53769115,138297077.2753982,127243912.27025722,116158687.60157284,105050896.86721596,93931148.56645404,82811281.44461542,71704492.03640626,60625475.80553806,49590583.46529355,38617994.28306927,27727908.428757265,16942760.73051772,6287458.563144755,-4210352.972167537,-14519994.894138217,-24607422.893737823,-34434855.490318514,-43960355.72154035,-53137359.08952024,-61914138.96563715,-70233198.7261064,-78030577.41721874,-85235052.55187029,-91767219.46922772,-97538421.20404193,-102449495.53524971,-106389296.15160105,-109232931.7560899,-110839649.12528673,-111050261.80278414,-109683992.63367698,-106534552.04721272,-101365209.62565789,-93902526.61020985,-83828291.01109678,-70769019.92177638,-54282144.37121083,-33837641.15745206,-8793383.426818699,21638205.34000618,58435554.0466204,102830026.20497572,156390894.91310522,221141161.03145266,299713282.19969827,395551922.76464045,513158519.34108937,658328347.9592892,838190016.4388808,1060414728.607878,1329551463.921845,1634107802.3698277,1909750354.6031418,2032430253.9256132,0.0
29710.0,-1282973516.7198896,-1274995545.254716,-1266966785.414141,-1258887133.6142435,-1250756485.4315548,-1242574735.5875463,-1234341777.9331467,-1226057505.4332948,-1217721810.151518,-1209334583.2345948,-1200895714.897247,-1192405094.4069283,-1183862610.0687006,-1175268149.2101874,-1166621598.1666632,-1157922842.2662425,-1149171765.815227,-1140368252.0835762,-1131512183.2905655,-1122603440.5906043,-1113641904.0592513,1141682684.9988372,1140512800.3732042,1139332550.1658034,1138141845.9783034,1136940598.4729948,1135728717.360328,1134506111.3862395,1133272688.319284,1132028354.9375622,1130773017.0154347,1129506579.3100357,1128228945.547561,1126940018.4093397,1125639699.5176895,1124327889.4215362,1123004487.581807,1121669392.3565893,1120322500.9860487,1118963709.5771055,1117592913.0878615,1116210005.311779,1114814878.8615966,1113407425.1529927,1111987534.3879771,1110555095.5380144,1109109996.3268747,1107652123.2131994,1106181361.37279,1104697594.6806002,1103200705.6924357,1101690575.6263566,1100167084.3437715,1098630110.3302212,1097079530.675849,1095515221.0555468,1093937055.7087755,1092344907.4190526,1090738647.4931,1089118145.73965,1087483270.447896,1085833888.365593,1084169864.6767893,1082491062.9791923,1080797345.2611604,1079088571.8783088,1077364601.529729,1075625291.2338157,1073870496.3036857,1072100070.3221962,1070313865.1165397,1068511730.7324209,1066693515.4078023,1064859065.5462134,1063008225.6896133,1061140838.4908049,1059256744.6853857,1057355783.0632365,1055437790.4395292,1053502601.6252587,1051550049.397277,1049579964.4678372,1047592175.4536235,1045586508.8442694,1043562788.970357,1041520837.9708745,1039460475.7601485,1037381519.9942136,1035283786.0366362,1033167086.9237688,1031031233.329428,1028876033.5289942,1026701293.3629177,1024506816.1996272,1022292402.8978227,1020057851.768159,1017802958.5342968,1015527516.293318,1013231315.4755019,1010914143.8034401,1008575786.2504973,1006216024.9985932,1003834639.3953109,1001431405.9103129,999006098.0910616,996558486.5178344,994088338.7580211,991595419.319705,989079489.6045098,986540307.859708,983977629.1295817,981391205.206038,978780784.5784527,976146112.3827527,973486930.349726,970802976.7525449,968093986.3535101,965359690.3500013,962599816.3196269,959814088.164585,957002226.0552094,954163946.3727165,951298961.6511428,948406980.5184691,945487707.636942,942540843.6425829,939566085.0838883,936563124.3597308,933531649.6564586,930471344.8842044,927381889.6124048,924262959.0045478,921114223.7521542,917935350.0080049,914725999.3186399,911485828.5561292,908214489.849154,904911630.5134156,901576892.98139,898209914.7314779,894810328.2165623,891377760.7920287,887911834.6432849,884412166.7128251,880878368.6268969,877310046.6218253,873706801.4700626,870068228.406033,866393917.0518571,862683451.3430334,858936409.4541862,855152363.724978,851330880.5863044,847471520.4869046,843573837.8205181,839637380.8537568,835661691.654848,831646306.0234439,827590753.4216965,823494556.9068173,819357233.0653754,815178291.9495922,810957237.0159267,806693565.0662724,802386766.1921082,798036323.7219998,793641714.1728442,789202407.2053425,784717865.5841696,780187545.1434095,775610894.7578326,770987356.3206798,766316364.7286509,761597347.8748819,756829726.6507558,752012914.9574728,747146319.7283999,742229340.9632924,737261371.775611,732241798.4542513,727170000.5411323,722045350.9262191,716867215.9617181,711634955.5973189,706347923.5385654,701005467.4306009,695606929.0697664,690151644.6457472,684638945.0172377,679068156.0243375,673438598.841243,667749590.3730882,662000443.7011801,656190468.581278,650318971.9999776,644385258.7947817,638388632.3439302,632328395.332674,626203850.603284,620014302.0968088,613759055.8953407,607437421.3743964,601048712.475943,594592249.1136061,588067358.7226938,581473377.9689251,574809654.631041,568075549.673974,561270439.5308731,554393718.6140141,547444802.0766177,540423128.8497043,533328164.9804846,526159407.30135566,518916387.46143687,511598676.3556794,504205888.9900517,496737689.8250638,489193798.64408255,481573996.99746674,473878135.27860385,466106140.4935078,458258024.7917754,450333894.8334558,442333962.0738747,434258554.0566776,426108126.8144747,417883278.486518,409584764.2739624,401213512.8655621,392770644.48028046,384257490.688368,375675616.1892201,367026842.74287283,358313275.472669,349537331.7795708,340701773.13416237,331809740.040929,322864790.5012347,313870942.3370469,304832719.77738965,295755204.75428796,286644093.4053857,277505758.33715993,268347317.26684877,259176708.73376927,250002775.65320385,240835357.579794,231685392.65457717,222565030.33241308,213487756.1275556,204468529.77759123,195523938.41409189,186672366.5468078,177934184.92315745,169331960.62342176,160890691.1035809,152638065.3133958,144604755.5113721,136824743.98844153,129335689.6210902,122179340.03098412,115401996.16870153,109055037.41118416,103195516.82747336,97886838.20505641,93199528.84454142,89212125.16165873,86012191.96579604,83697501.15746763,82377401.82975027,82174421.80965208,83226151.12656432,85687471.54744378,89733214.25876486,95561351.47952548,103396859.26359391,113496430.71625987,126154274.99312781,141709312.72153452,160554179.46328896,183146584.07500836,210023749.0061223,241820897.0278568,279295055.24087495,323355826.43106395,375105207.8791948,435888924.73618644,507361812.008947,591568797.5935761,691039186.1542671,808880769.9608738,948831089.4899869,1115150557.9034696,1312067974.3002174,1542093404.289402,1801758265.4049604,2073052611.5993586,2319496543.969389,2588608133.8733277,0.0
29700.0,-1089840034.3768775,-1081531028.2288797,-1073172096.7292228,-1064763134.2397268,-1056304034.2463664,-1047794689.345256,-1039234991.2287048,-1030624830.6713644,-1021964097.5164272,-1013252680.661968,-1004490468.0473632,-995677346.6398454,-986813202.4211892,-977897920.3745269,-968931384.4713528,-959913477.658662,-950844081.8462968,-941723077.8944776,-932550345.601551,-923325763.6919632,-914049209.8044716,1141696116.0215871,1140625293.0323489,1139545172.7254364,1138455678.728209,1137356733.8847017,1136248260.2455118,1135130179.0575252,1134002410.7534897,1132864874.941418,1131717490.3938348,1130560175.036852,1129392845.9390717,1128215419.300323,1127027810.4402144,1125829933.7865124,1124621702.8633382,1123403030.2791739,1122173827.7146866,1120934005.910355,1119683474.6539073,1118422142.767552,1117149918.0950162,1115866707.4883718,1114572416.7946584,1113266950.842287,1111950213.427236,1110622107.29902,1109282534.1464407,1107931394.5831068,1106568588.1327286,1105194013.214168,1103807567.1262605,1102409146.032386,1100998644.9447966,1099575957.7086942,1098140976.9860454,1096693594.239149,1095233699.7139282,1093761182.422957,1092275930.1282194,1090777829.3235848,1089266765.2170024,1087742621.7124116,1086205281.391357,1084654625.49431,1083090533.901688,1081512885.1145694,1079921556.2350922,1078316422.9465437,1076697359.4931226,1075064238.6593795,1073416931.7493219,1071755308.5651858,1070079237.3858614,1068388584.9449731,1066683216.408609,1064962995.3526845,1063227783.7399504,1061477441.8966246,1059711828.4886504,1057930800.4975768,1056134213.1960456,1054321920.1228931,1052493773.0578458,1050649621.9958198,1048789315.1208038,1046912698.7793281,1045019617.4535129,1043109913.7336898,1041183428.2905821,1039239999.847059,1037279465.1494296,1035301658.9382969,1033306413.9189501,1031293560.7312908,1029262927.919299,1027214341.9000155,1025147626.93205,1023062605.0836018,1020959096.1999913,1018836917.8706903,1016695885.395859,1014535811.7523673,1012356507.5593095,1010157781.0430061,1007939438.0014763,1005701281.7683944,1003443113.1765115,1001164730.520547,998865929.5195453,996546503.2786901,994206242.2505819,991844934.1959656,989462364.1439221,987058314.3515013,984632564.2628195,982184890.467602,979715066.6591828,977222863.5919563,974708049.038293,972170387.7449064,969609641.3886948,967025568.5320435,964417924.5776104,961786461.722595,959130928.9124964,956451071.7943804,953746632.6696591,951017350.4464033,948262960.5912013,945483195.0805777,942677782.3520045,939846447.2545121,936988910.9989407,934104891.1078486,931194101.3651171,928256251.7652862,925291048.4626534,922298193.720192,919277385.8583243,916228319.2036073,913150684.0373919,910044166.5445153,906908448.7620997,903743208.5285305,900548119.4327033,897322850.7636298,894067067.4605067,890780430.0633522,887462594.6643419,884113212.8599645,880731931.7041595,877318393.6625766,873872236.5681459,870393093.5781398,866880593.132939,863334358.916722,859754009.8203319,856139159.9065864,852489418.3783207,848804389.5494932,845083672.8196939,841326862.6524404,837533548.557682,833703315.0789509,829835741.7856766,825930403.2711818,821986869.1569598,818004704.1038753,813983467.8309772,809922715.142703,805821995.9652935,801680855.3933275,797498833.7473762,793275466.6438473,789010285.0782005,784702815.5228235,780352580.0409659,775959096.4182711,771521878.3135636,767040435.4307318,762514273.7136867,757942895.5665685,753325800.1015829,748662483.4170532,743952438.908516,739195157.6159523,734390128.6105299,729536839.4245459,724634776.5285923,719683425.8603519,714682273.4098303,709630805.8662838,704528511.3325887,699374880.1133332,694169405.5834987,688911585.145246,683600921.2810144,678236922.7119201,672819105.6712887,667346995.3040569,661820127.203837,656238049.1004996,650600322.7123842,644906525.7785631,639156254.2880703,633349124.9245837,627484777.7468483,621562879.1270385,615583124.9714011,609545244.2498368,603449002.8636692,597294207.8836415,591080712.193297,584808419.5763017,578477290.2900027,572087347.1716598,565638682.3283054,559131464.4661938,552565946.9213017,545942476.4584277,539261502.9130994,532523589.7579129,525729425.6830712,518879837.289895,511975803.0060565,505018468.3422918,498009162.62257427,490949417.3332438,483840986.2516207,476685867.5312751,469486327.9396726,462244929.4645478,454964558.528313,447648458.07548183,440300262.8267276,432924038.0252583,425524322.03713095,418106173.2074731,410675221.4199562,403237724.8579814,395800632.52380073,388371653.1370794,380959331.10850555,373573130.36822605,366223526.92484623,358922111.14028454,351681700.8313353,344516466.4529484,337442069.7843552,330475817.7310616,323636833.07821393,316946244.2894895,310427396.7475367,304106088.18535703,298010831.47331816,292173148.41627675,286627898.7951757,281413649.57679945,276573090.03796786,272153499.53638905,268207275.84691346,264792533.4163403,261973782.63150966,259822703.31961024,258419028.3022514,257851556.0280105,258219315.26827994,259632909.77837306,262216076.95699328,266107502.21180516,271462940.3794596,278457707.6948627,287289623.14353,298182497.4285395,311390292.318302,327202104.12749726,345948164.0690452,368007096.9115423,393814739.44297105,423874892.7508927,458772466.5693551,499189564.8065759,545925143.7398973,599918911.0385066,662280039.2581527,734320850.7233297,817594469.2587183,913932596.5036107,1025473009.8803656,1154651649.6011534,1304101903.9253502,1476335782.3725758,1672951113.0553968,1892921755.6132677,2129625187.7619917,2368979371.2317986,2607290497.201976,2939787038.8103228,0.0
29690.0,-902168014.5673066,-893561481.4898814,-884905913.0156603,-876201201.8049972,-867447239.6160502,-858643917.2922409,-849791124.7497897,-840888750.9653845,-831936683.9639604,-822934810.8066369,-813883017.5787752,-804781189.378212,-795629210.3036706,-786426963.4433275,-777174330.8636068,-767871193.5981557,-758517431.637061,-749112923.9162896,-739657548.3073852,-730151181.6074226,-720593699.529246,1142560622.0840657,1141594695.0797436,1140620579.2436574,1139638210.5662186,1138647524.414067,1137648455.5223536,1136640937.9869082,1135624905.2562912,1134600290.123727,1133567024.7189147,1132525040.499718,1131474268.2437286,1130414638.0397043,1129346079.2788756,1128268520.646124,1127181890.111025,1126086114.9187586,1124981121.5808766,1123866835.8659372,1122743182.7899904,1121610086.6069245,1120467470.7986622,1119315258.0652084,1118153370.3145483,1116981728.652388,1115800253.371742,1114608863.9423566,1113407478.999978,1112196016.335452,1110974392.883656,1109742524.7122653,1108500327.0103416,1107247714.076754,1105984599.308414,1104710895.1883347,1103426513.2735057,1102131364.18258,1100825357.583375,1099508402.1801765,1098180405.7008505,1096841274.883758,1095490915.4644628,1094129232.162242,1092756128.6663837,1091371507.6222744,1089975270.6172767,1088567318.1663823,1087147549.6976545,1085715863.5374365,1084272156.8953402,1082816325.8490012,1081348265.3286023,1079867869.1011565,1078375029.754553,1076869638.6813586,1075351586.062369,1073820760.8499117,1072277050.750898,1070720342.2096089,1069150520.3902274,1067567469.159104,1065971071.0667498,1064361207.3295679,1062737757.8112981,1061100601.004193,1059449614.0099052,1057784672.5200939,1056105650.7967421,1054412421.6521789,1052704856.4288111,1050982824.978554,1049246195.6419604,1047494835.2270466,1045728608.9878103,1043947380.6024371,1042151012.1511979,1040339364.0940232,1038512295.247766,1036669662.7631407,1034811322.1013397,1032937127.010325,1031046929.500793,1029140579.8218119,1027217926.4361259,1025278815.9951334,1023323093.3135293,1021350601.3436172,1019361181.1492898,1017354671.879673,1015330910.7424468,1013289732.9768238,1011230971.8262116,1009154458.5105383,1007060022.1982608,1004947489.9780475,1002816686.8301494,1000667435.5974545,998499556.956241,996312869.3866242,994107189.1427201,991882330.2225187,989638104.3374852,987374320.8819005,985090786.9019487,982787307.0645707,980463683.6260912,978119716.4006515,975755202.7284443,973369937.4437962,970963712.8431036,968536318.652655,966087541.9963654,963617167.3634592,961124976.5761282,958610748.7572078,956074260.2979122,953515284.8256721,950933593.1721214,948328953.3413007,945701130.4781171,943049886.8371389,940374981.7517968,937676171.6040561,934953209.7946594,932205846.7140238,929433829.7138904,926636903.0798448,923814808.0048196,920967282.5637137,918094061.6892654,915194877.1493396,912269457.5257931,909317528.1951011,906338811.3109461,903333025.7889869,900299887.2940378,897239108.2299268,894150397.732296,891033461.6646718,887888002.6181116,884713719.9148083,881510309.6160357,878277464.5348651,875014874.2541187,871722225.1500697,868399200.4224381,865045480.131284,861660741.2414548,858244657.6753007,854796900.3744266,851317137.3713366,847805033.8718841,844260252.3495321,840682452.6525196,837071292.1251132,833426425.744256,829747506.2730075,826034184.4323306,822286109.0928862,818502927.4886756,814684285.4545114,810829827.689497,806939198.0488702,803012039.8668035,799047996.3129587,795046710.7858787,791007827.3465463,786930991.1957779,782815849.1994066,778662050.4656229,774469246.9791988,770237094.2977589,765965252.3157607,761653386.1023251,757301166.8196528,752908272.7293653,748474390.2947865,743999215.3879234,739482454.6107099,734923826.7409592,730323064.3144457,725679915.3555906,720994145.2703855,716265538.9164655,711493902.8666232,706679067.8835976,701820891.6256202,696919261.6040583,691974098.4164854,686985359.2807242,681953041.8978146,676877188.6745412,671757891.3390322,666595295.9861826,661389608.5931461,656141101.0490334,650850117.7472041,645517082.7932111,640142507.886661,634727000.9408807,629271275.5106024,623776161.1047717,618242614.4692104,612671731.9323272,607064762.9163682,601423124.7270426,595748418.745766,590042448.1614598,584307237.3928835,578545053.3681126,572758428.8451388,566950187.9769129,561123474.3457215,555281781.715863,549428987.7804875,543569391.2086303,537707752.332239,531849337.85095257,525999969.97511315,520166080.4756254,514354770.16363823,508573874.38456035,502832035.1806616,497138780.8557798,491504613.7659006,485941107.26241225,480461012.8326392,475078378.6174418,469808680.64098245,464668968.26678276,459678025.60106266,454856550.80393857,450227355.54739726,445815587.1830929,441648976.56158286,437758114.88791335,434176763.5191175,430942201.2222391,428095614.13556945,425682534.53313416,423753335.51062286,422363789.9231362,421575703.35213304,421457632.6104345,422085703.37064886,423544542.9975687,425928347.66814864,429342106.4809869,433903009.61891013,439742072.8838431,447006017.246243,455859449.6351892,466487400.2440803,479098282.3354499,493927353.0430176,511240768.0147043,531340338.6921734,554569117.8811748,581317955.4702533,612033178.6075474,647225553.5542371,687480669.2683028,733470826.62626,785968388.1554487,845860279.9871922,914162828.3948026,992035149.2371955,1080787495.1954353,1181877546.2734344,1296881153.065612,1427411805.489223,1574940535.4985943,1740429757.647429,1923647065.885641,2122053674.4392529,2329728143.506287,2539753795.9396534,2763162192.7349076,3067464161.723372,0.0
29680.0,-720102288.82184,-711230528.450441,-702310649.203047,-693342542.4021187,-684326098.4502265,-675261206.8188775,-666147756.0374674,-656985633.6823918,-647774726.3662896,-638514919.7274853,-629206098.4195752,-619848146.1012264,-610440945.4261699,-600984378.0333947,-591478324.5375893,-581922664.5197966,-572317276.5183433,-562662038.0200112,-552956825.4515071,-543201514.1712108,-533395978.46123695,1144230815.4171321,1143375047.5820537,1142512233.0570462,1141642320.44803,1140765257.8989296,1139880993.086371,1138989473.2143133,1138090645.0086002,1137184454.7114382,1136270848.0757961,1135349770.3597264,1134421166.320609,1133484980.209313,1132541155.7642732,1131589636.205491,1130630364.2284465,1129663281.9979203,1128688331.1417398,1127705452.744427,1126714587.3407612,1125715674.909254,1124708654.8655233,1123693466.0555825,1122670046.749033,1121638334.6321573,1120598266.8009167,1119549779.7538502,1118492809.384873,1117427290.9759736,1116353159.1898048,1115270348.062175,1114178790.9944298,1113078420.745725,1111969169.425194,1110850968.4840028,1109723748.7072916,1108587440.2060053,1107441972.4086068,1106287274.0526733,1105123273.1763773,1103949897.1098447,1102767072.4663904,1101574725.1336362,1100372780.2644997,1099161162.2680564,1097939794.8002782,1096708600.7546403,1095467502.2525947,1094216420.6339173,1092955276.4469147,1091683989.4384995,1090402478.544128,1089110661.8775966,1087808456.7207022,1086495779.5127554,1085172545.8399572,1083838670.424627,1082494067.114283,1081138648.8705785,1079772327.75809,1078395014.932949,1077006620.6313312,1075607054.157785,1074196223.873409,1072774037.1838775,1071340400.5273045,1069895219.3619536,1068438398.1537893,1066969840.3638673,1065489448.4355696,1063997123.7816746,1062492766.7712679,1060976276.7164909,1059447551.8591322,1057906489.357048,1056352985.2704307,1054786934.5479078,1053208231.0124851,1051616767.3473248,1050012435.081367,1048395124.5747898,1046764725.0043125,1045121124.3483441,1043464209.3719712,1041793865.6118042,1040109977.3606637,1038412427.6521251,1036701098.24492,1034975869.6071954,1033236620.900639,1031483229.9644735,1029715573.2993263,1027933526.0509765,1026136961.9939971,1024325753.5152795,1022499771.5974755,1020658885.8023379,1018802964.2539916,1016931873.622134,1015045479.1051812,1013143644.4133711,1011226231.751841,1009293101.8036909,1007344113.7130555,1005379125.0681992,1003397991.884656,1001400568.5884383,999386707.9993396,997356261.3143559,995309078.0912511,993245006.2323155,991163891.968327,989065579.8427732,986949912.6963665,984816731.6518985,982665876.0994841,980497183.6822433,978310490.2824878,976105630.0084631,973882435.1817257,971640736.3252194,969380362.152138,967101139.5556613,964802893.5996497,962485447.5104192,960148622.669688,957792238.60883,955416113.0045627,953020061.6762148,950603898.5847222,948167435.8335339,945710483.6716022,943232850.4986571,940734342.8729868,938214765.5219593,935673921.3555313,933111611.4830402,930527635.233561,927921790.1801734,925293872.1684835,922643675.3497974,919970992.2193568,917275613.6601031,914557328.9924651,911815926.0307072,909051191.1464282,906262909.3398482,903450864.319584,900614838.5916528,897754613.5585417,894869969.6292279,891960686.3411143,889026542.4949502,886067316.30387,883082785.5578096,880072727.8046582,877036920.5496147,873975141.4743679,870887168.6778492,867772780.9404566,864631758.0138314,861463880.9384372,858268932.3914046,855046697.067322,851796962.0948626,848519517.4924551,845214156.66642,841880676.9553592,838518880.2248845,835128573.5171578,831709569.760113,828261688.5416528,824784756.954617,821278610.5188061,817743094.1869471,814178063.4420757,810583385.4945171,806958940.5873588,803304623.4201465,799620344.7013928,795906032.8414712,792161635.7985204,788387123.0911291,784582487.9928602,780747749.9250156,776882957.0656122,772988189.1941326,769063560.7934896,765109224.4325857,761125374.4550586,757112251.0021727,753070144.4004533,748999399.9475286,744900423.1327952,740773685.3330106,736619730.0267068,732439179.5755212,728232742.6251514,724001222.1837071,719745524.4408467,715466668.3972118,711165796.3805194,706844185.5321416,702503260.3563168,698144606.4333185,693769985.4080434,689381351.3767585,684980868.8072207,680570932.141249,676154187.244249,671733554.8833346,667312256.4348385,662893842.0433152,658482221.4780189,654081697.9595242,649697005.2590744,645333348.4068546,640996448.3831533,636692591.2089466,632428681.9004592,628212303.8065563,624051783.9093016,619956264.7378206,615935783.6249316,612001360.1263953,608165092.5258365,604440264.4664116,600841462.8856032,597384708.5849383,594087600.9453249,590969478.5050749,588051597.3561976,585357329.5908532,582912384.3505368,580745054.4034964,578886491.6104059,577371015.1455553,576236456.933916,575524549.4589629,575281361.9106836,575557791.5993512,576410118.6840575,577900633.5853148,580098348.0024639,583079802.2780256,586929983.9855329,591743375.1109576,597625148.0971702,604692534.3684878,613076392.7775879,622923009.7224138,634396167.4171515,647679521.8303019,662979336.8341347,680527625.6030385,700585753.309585,723448555.1055602,749449017.625419,778963556.5799882,812417890.6496061,850293452.0929098,893134170.294711,941553289.1986825,996239591.366503,1057961934.9136977,1127570263.354774,1205990067.1181698,1294205428.2231379,1393222945.8513415,1504004653.2716007,1627352359.7339375,1763719900.686561,1912930130.051428,2073805497.9348094,2243869583.10828,2419773408.422956,2600190017.053687,2792063395.9400873,3014150503.893116,0.0
29670.0,-543766077.260325,-534660200.3002466,-525507147.1257442,-516306808.0897179,-507059072.6148568,-497763829.1837398,-488420965.3291011,-479030367.62426215,-469591921.6737348,-460105512.1040292,-450571022.5546417,-440988335.6692702,-431357333.0872462,-421677895.4351923,-411949902.318946,-402173232.3157189,-392347762.9665475,-382473370.7690103,-372549931.1702653,-362577318.560373,-352555406.26596755,1146657822.5420966,1145916886.6677036,1145170073.2280254,1144417343.6116302,1143658658.9078119,1142893979.9037108,1142123267.0814006,1141346480.6149366,1140563580.3673778,1139774525.8877697,1138979276.4080973,1138177790.8401964,1137370027.772639,1136555945.467578,1135735501.8575559,1134908654.542279,1134075360.7853582,1133235577.511005,1132389261.3006992,1131536368.3898149,1130676854.6642087,1129810675.65677,1128937786.543935,1128058142.1421614,1127171696.9043584,1126278404.9162881,1125378219.8929167,1124471095.1747336,1123556983.7240248,1122635838.1211088,1121707610.5605307,1120772252.8472157,1119829716.3925807,1118879952.2106042,1117922910.913856,1116958542.7094798,1115986797.3951442,1115007624.3549366,1114020972.5552285,1113026790.540487,1112025026.429052,1111015627.9088628,1109998542.2331479,1108973716.216068,1107941096.2283146,1106900628.1926723,1105852257.5795248,1104795929.402332,1103731588.2130551,1102659178.0975406,1101578642.6708593,1100489925.0726082,1099392967.9621642,1098287713.5138948,1097174103.4123359,1096052078.8473113,1094921580.5090284,1093782548.5831234,1092634922.7456646,1091478642.158124,1090313645.4623,1089139870.7752109,1087957255.683944,1086765737.2404711,1085565251.9564285,1084355735.797861,1083137124.179933,1081909351.961609,1080672353.4402986,1079426062.3464797,1078170411.83829,1076905334.4960892,1075630762.3170063,1074346626.7094593,1073052858.4876554,1071749387.8660799,1070436144.4539655,1069113057.2497551,1067780054.6355528,1066437064.3715757,1065084013.5906022,1063720828.7924232,1062347435.8383074,1060963759.9454665,1059569725.6815567,1058165256.9591867,1056750277.0304637,1055324708.4815748,1053888473.2274088,1052441492.506229,1050983686.8744037,1049514976.201205,1048035279.6636795,1046544515.7416117,1045042602.2125782,1043529456.1471119,1042004993.903992,1040469131.1256613,1038921782.7337949,1037362862.9250426,1035792285.1669385,1034209962.1940241,1032615806.0041819,1031009727.8552209,1029391638.2617142,1027761446.9921409,1026119063.0663288,1024464394.7532563,1022797349.5692241,1021117834.2764355,1019425754.8820319,1017721016.6376092,1016003524.0392634,1014273180.8282136,1012529889.9920528,1010773553.7666745,1009004073.6389344,1007221350.3501245,1005425283.9003,1003615773.5535632,1001792717.8443604,999956014.5848927,998105560.8737295,996241253.1057203,994362986.9833272,992470657.529484,990564159.1021163,988643385.4104625,986708229.5333469,984758583.9395587,982794340.5105314,980815390.5654955,978821624.8893297,976812933.7633159,974789206.9990671,972750333.975867,970696203.6817299,968626704.7584784,966541725.5511788,964441154.1623105,962324878.5110509,960192786.3981179,958044765.5766379,955880703.8295352,953700489.0540104,951504009.3536912,949291153.1391118,947061809.2372248,944815867.0107061,942553216.4878905,940273748.5042315,937977354.8562711,935663928.4691803,933333363.5790224,930985555.9310037,928620402.9950649,926237804.2002997,923837661.1898073,921419878.0977361,918984361.8504068,916531022.4935921,914059773.5481979,911570532.3967822,909063220.7035706,906537764.8708602,903994096.534943,901432153.1049691,898851878.3484588,896253223.0275123,893636145.5901047,891000612.9212474,888346601.1592294,885674096.5825952,882983096.5740206,880273610.6678091,877545661.6883,874799286.9871633,872034539.7882185,869251490.6492425,866450229.0510316,863630865.1249146,860793531.5309407,857938385.5000281,855065611.0545914,852175421.4234492,849268061.6682761,846343811.5403953,843402988.5884528,840445951.5393745,837473103.9770579,834484898.3455168,831481840.3056369,828464493.4774274,825433484.6026025,822389509.1655737,819333337.5145354,816265821.5282053,813187901.8781476,810100615.9413062,807005106.4226472,803902630.7535372,800794571.3378631,797682446.7248945,794567923.7956558,791452831.0581278,788339173.1561009,785229146.7070131,782125157.5957533,779029839.8643947,775946076.3522028,772877021.2563201,769826124.8014162,766797160.2265488,763794253.3198203,760821914.756408,757885075.5235795,754989125.7477885,752139957.2743642,749344010.390224,746608325.12506,743940597.6173855,741349242.0894954,738843459.0407852,736433310.3432614,734129802.0076413,731944975.4850168,729892008.4792455,727985326.371414,726240725.5023057,724675509.7248102,723308641.829083,722160911.663073,721255123.0245104,720616301.6930903,720271927.3098431,720252192.202066,720590290.705174,721322743.0575808,722489758.5522828,724135643.3321931,726309259.0294552,729064539.387448,732461073.084048,736564762.2118956,741448567.2801253,747193351.1920749,753888836.4258282,761634691.5846171,770541765.5511007,780733489.5895767,792347469.7410375,805537293.4883386,820474575.5073358,837351266.6849431,856382247.408845,877808218.760673,901898891.1335921,928956445.0765932,959319197.9909811,993365343.8863052,1031516528.6647534,1074240861.0752454,1122054711.6142595,1175522278.7384055,1235251350.403602,1301882893.2442398,1376070996.8358102,1458448270.897303,1549570210.9754663,1649831034.6128426,1759345208.4358678,1877799004.3145964,2004308355.2564785,2137400258.3562229,2275398109.2561474,2417636333.977324,2565900931.5475216,2717286859.875919,2830374748.6926966,0.0
29660.0,-373262169.9782429,-363952117.6221717,-354595857.359736,-345193278.942299,-335744271.1868883,-326248721.96745527,-316706518.20632404,-307117545.865821,-297481689.9400889,-287798834.4471234,-278068862.4210072,-268291655.90437743,-258467095.94113523,-248595062.5693836,-238675434.81465447,-228708090.6833749,-218692907.1566406,-208629760.1842667,-198518524.6791743,-188359074.51206303,-178151282.50644815,1149789599.6415067,1149167562.5399055,1148540837.246119,1147909398.0134354,1147273218.9582977,1146632274.059811,1145986537.1592658,1145335981.9596581,1144680582.0252283,1144020310.7810023,1143355141.5123436,1142685047.3645136,1142010001.3422434,1141329976.3093147,1140644944.9881523,1139954879.9594264,1139259753.6616685,1138559538.3908992,1137854206.3002682,1137143729.3997073,1136428079.5556023,1135707228.4904704,1134981147.782662,1134249808.8660746,1133513183.0298822,1132771241.4182868,1132023955.0302794,1131271294.7194314,1130513231.193698,1129749735.0152411,1128980776.6002808,1128206326.2189615,1127426353.9952455,1126640829.9068325,1125849723.7850962,1125053005.3150556,1124250644.0353708,1123442609.3383625,1122628870.4700687,1121809396.5303235,1120984156.4728775,1120153119.1055381,1119316253.090357,1118473526.9438457,1117624909.0372295,1116770367.5967398,1115909870.7039466,1115043386.2961328,1114170882.1667097,1113292325.9656796,1112407685.2001424,1111516927.2348516,1110620019.2928185,1109716928.4559739,1108807621.6658719,1107892065.7244647,1106970227.2949235,1106042072.902525,1105107568.9355984,1104166681.6465418,1103219377.1528988,1102265621.4385118,1101305380.3547456,1100338619.6217866,1099365304.8300197,1098385401.4414895,1097398874.7914464,1096405690.0899777,1095405812.4237337,1094399206.7577484,1093385837.9373603,1092365670.690234,1091338669.6284943,1090304799.2509673,1089264023.94554,1088216307.9916432,1087161615.5628574,1086099910.7296555,1085031157.4622755,1083955319.633746,1082872361.0230517,1081782245.3184633,1080684936.1210263,1079580396.9482162,1078468591.2377825,1077349482.3517675,1076223033.5807223,1075089208.148136,1073947969.2150605,1072799279.884975,1071643103.2088729,1070479402.1906025,1069308139.792458,1068129278.9410443,1066942782.5334256,1065748613.4435722,1064546734.529118,1063337108.6384535,1062119698.6181607,1060894467.3208187,1059661377.6131936,1058420392.3848344,1057171474.5571035,1055914587.0926566,1054649693.005405,1053376755.3709878,1052095737.3377826,1050806602.1384814,1049509313.1022768,1048203833.6676841,1046890127.3960509,1045568157.9857812,1044237889.2873342,1042899285.3190382,1041552310.283776,1040196928.586595,1038833104.8533069,1037460803.9501383,1036079991.0045097,1034690631.427011,1033292690.9346592,1031886135.5755327,1030470931.7548614,1029047046.2627017,1027614446.3032781,1026173099.5261333,1024722974.0592083,1023264038.5439962,1021796262.1729115,1020319614.7290541,1018834066.6285304,1017339588.9655343,1015836153.5603887,1014323733.010766,1012802300.7463524,1011271831.087185,1009732299.305976,1008183681.6947112,1006625955.6358649,1005059099.6785905,1003483093.6202719,1001897918.5938654,1000303557.1614819,998699993.4147158,997087213.0822439,995465203.6452916,993833954.4615874,992193456.8984933,990543704.4760528,988884693.0207609,987216420.8309299,985538888.8545911,983852100.8809645,982156063.7466063,980450787.5574377,978736285.9279706,977012576.2391449,975279679.9163214,973537622.7290996,971786435.1147776,970026152.5274241,968256815.8146956,966478471.6247251,964691172.8455946,962894979.080132,961089957.1589991,959276181.6952952,957453735.6841763,955622711.1512959,953783209.8541983,951935344.0411438,950079237.2722608,948215025.3082936,946342857.0727266,944462895.6935319,942575319.6313354,940680323.9014052,938778121.3974857,936868944.3262315,934953045.7617317,933030701.3304766,931102211.0380056,929167901.2494775,927228126.8374879,925283273.5116322,923333760.3455967,921380042.5189775,919422614.2925551,917462012.2374328,915498818.7402766,913533665.8089108,911567239.2047065,909600282.930622,907633604.1063652,905668078.2650555,903704655.1089238,901744364.7650546,899788324.5860133,897837746.5443807,895893945.2748471,893958346.8225963,892032498.1623183,890118077.5583686,888216905.8434205,886330958.7004951,884462380.0416088,882613496.5855185,880786833.7473003,878985132.9638956,877211370.5923783,875468778.5318466,873760866.735482,872091447.7968972,870464663.8144554,868885015.7591847,867357395.5964903,865887121.4394548,864479976.0425472,863142248.9794801,861880782.8883644,860703024.2117636,859617078.9096045,858631773.6798645,857756723.2866383,857002404.6686177,856380238.5845978,855902679.6477903,855583315.7092764,855436977.6748842,855479860.9814323,855729660.1203368,856205717.7820989,856929190.4076674,857923232.176094,859213199.7367518,860826880.3136368,862794746.1745154,865150238.8747642,867930087.1609901,871174662.9591546,874928380.481771,879240144.1734334,884163851.9756372,889758961.2285321,896091125.4296994,903232911.0176231,911264604.3018341,920275119.5566996,930363020.023949,941637663.9599423,954220487.653462,968246436.1256171,983865549.3972104,1001244706.8604003,1020569523.0678642,1042046373.1546333,1065904502.1974436,1092398135.8005288,1121808452.8443103,1154445196.680573,1190647575.3750553,1230783917.1707392,1275249280.3451755,1324459836.968332,1378842324.549205,1438816164.3188112,1504765001.1627717,1576993586.4198356,1655665619.0618038,1740719772.1568513,1831768022.481172,1928000025.9337337,2028164114.118497,2130789292.74301,2234939252.715238,2341675378.9205065,2454579295.7789397,2568611046.700866,2599835014.404615,0.0
29650.0,-208674064.6371957,-199188628.1418016,-189657977.1258385,-180082001.10274184,-170460588.6525799,-160793627.41435862,-151081004.07850742,-141322604.37956142,-131518313.0890398,-121668014.00854534,-111771589.96308316,-101828922.79460698,-91839893.35582107,-81804381.50421438,-71722266.09639072,-61593424.9826436,-51417735.001833975,-41195071.97656292,-30925310.708665077,-20608324.9750064,-10243987.523632586,1153571257.533595,1153071568.1161528,1152568393.377992,1152061720.4350657,1151551536.4273777,1151037828.5208454,1150520583.9092054,1149999789.8159683,1149475433.4964192,1148947502.2396736,1148415983.3707771,1147880864.2528617,1147342132.2893538,1146799774.9262388,1146253779.6543758,1145704134.0118785,1145150825.5865448,1144593842.0183525,1144033171.0020163,1143468800.289603,1142900717.693217,1142328911.0877447,1141753368.413673,1141174077.6799712,1140591026.9670482,1140004204.4297776,1139413598.3005998,1138819196.8926985,1138220988.6032546,1137618961.916782,1137013105.4085405,1136403407.7480342,1135789857.7025983,1135172444.1410658,1134551156.037532,1133925982.4752047,1133296912.6503487,1132663935.8763328,1132027041.5877643,1131386219.3447356,1130741458.8371654,1130092749.8892508,1129440082.464026,1128783446.6680317,1128122832.7560985,1127458231.1362493,1126789632.3747153,1126117027.2010822,1125440406.5135524,1124759761.3843465,1124075083.0652256,1123386362.9931571,1122693592.7961142,1121996764.2990181,1121295869.5298264,1120590900.725769,1119881850.339737,1119168711.046832,1118451475.751068,1117730137.5922456,1117004689.9529905,1116275126.4659684,1115541441.0212743,1114803627.7740061,1114061681.1520252,1113315595.8639078,1112565366.9070973,1111810989.5762486,1111052459.4717946,1110289772.5087154,1109522924.925527,1108751913.293501,1107976734.5261092,1107197385.8887095,1106413865.008473,1105626169.8845649,1104834298.898581,1104038250.8252504,1103238024.8434126,1102433620.5472732,1101625037.9579506,1100812277.5353215,1099995340.1901717,1099174227.2966614,1098348940.7051249,1097519482.7551956,1096685856.289285,1095848064.66642,1095006111.7764478,1094160002.054625,1093309740.496597,1092455332.6737967,1091596784.7492528,1090734103.4938476,1089867296.3030224,1088996371.2139506,1088121336.9232078,1087242202.8049388,1086358978.929554,1085471676.0829759,1084580305.786444,1083684880.316923,1082785412.7281199,1081881916.8721423,1080974407.4218302,1080062899.8937888,1079147410.672144,1078227957.0330708,1077304557.170116,1076377230.2203603,1075445996.2914596,1074510876.4896061,1073571892.9484577,1072629068.8590865,1071682428.500995,1070731997.274264,1069777801.7328813,1068819869.6193321,1067858229.9005094,1066892912.8050216,1065923949.8619819,1064951373.9413635,1063975219.2960157,1062995521.6054403,1062012318.0214326,1061025647.2157142,1060035549.4296722,1059042066.526341,1058045242.0447805,1057045121.2570027,1056041751.2276071,1055035180.8763273,1054025461.043666,1053012644.5598466,1051996786.3173008,1050977943.3469425,1049956174.8985038,1048931542.5252094,1047904110.1731179,1046873944.2754508,1045841113.8522938,1044805690.6160489,1043767749.0830767,1042727366.691989,1041684623.9290832,1040639604.4614775,1039592395.2785152,1038543086.8420864,1037491773.2465355,1036438552.3889251,1035383526.1504277,1034326800.5897427,1033268486.1494653,1032208697.8764379,1031147555.6571769,1030085184.46959,1029021714.6522615,1027957282.1927243,1026892029.0362321,1025826103.4166842,1024759660.2114857,1023692861.3222779,1022625876.0836407,1021558881.70203,1020492063.727419,1019425616.5603119,1018359743.9970145,1017294659.8163104,1016230588.4109265,1015167765.4674872,1014106438.6989374,1013046868.6337826,1011989329.4668317,1010934109.9765421,1009881514.5144954,1008831864.0729958,1007785497.4372995,1006742772.4295281,1005704067.2519261,1004669781.9377735,1003640339.9189845,1002616189.7201703,1001597806.7898233,1000585695.4801602,999580391.1881789,998582462.6715631,997592514.554254,996611190.0377845,995639173.8359083,994677195.3515506,993726032.1168109,992786513.5185738,991859524.8342577,990946011.6044601,990046984.3716073,989163523.816363,988296786.3264087,987448010.0353588,986618521.3730286,985809742.1720562,985023197.3800788,984260523.4312183,983523477.3357155,982813946.5521184,982133959.7125834,981485698.2786546,980871509.2124182,980293918.7562467,979755647.423616,979259626.3137298,978809014.8741052,978407220.2479788,978057918.3575636,977765076.8899888,977532980.3704445,977366257.5268223,977269911.1723161,977249350.8573424,977310428.5700839,977459477.7964238,977703356.2855053,978049492.9070896,978505939.0320588,979081424.9184362,979785421.6430138,980628209.184089,981620951.3348857,982775778.2112586,984105877.2125635,985625593.4026799,987350540.4007678,989297723.0103356,991485672.9726114,993934599.4082658,996666555.7124529,999705624.8943341,1003078125.6057256,1006812841.3862197,1010941275.9650826,1015497937.8033724,1020520657.430891,1026050941.526644,1032134368.0983484,1038821027.51911,1046166014.5497088,1054229976.7696202,1063079724.9922898,1072788911.1506815,1083438778.6597807,1095118989.1763334,1107928527.665926,1121976684.2941718,1137384106.2191737,1154283903.9238563,1172822783.9247286,1193162160.5832431,1215479171.5673823,1239967480.3725157,1266837689.7706978,1296317104.6038954,1328648460.8024166,1364087066.5861735,1402895565.0979273,1445335207.4598312,1491652108.3430347,1542056450.6488342,1596692081.6726766,1655593626.7095819,1718628733.2955267,1785425770.4956937,1855295395.0362847,1927174293.4531908,1999662375.8756518,2071302990.0596027,2141349046.8512092,2211171841.585242,2285467511.5239897,2368564888.6062217,2411989930.2091346,0.0
29640.0,-50067061.03327721,-40433901.39738238,-30756545.05905503,-21034881.649702847,-11268799.872467635,-1458187.49541232,8397068.655097187,18297082.700809777,28241969.717811227,38231845.74252519,48266827.77749127,58347033.79691157,68472582.75195053,78643594.57579371,88860190.18843013,99122491.50116336,109430621.42085302,119784703.85385242,130184863.7096258,140631226.90408227,151123920.3625502,1157945394.1964667,1157570875.2153609,1157194080.562256,1156815010.1311264,1156433663.9981887,1156050042.426049,1155664145.8679326,1155275974.9720018,1154885530.5857558,1154492813.7605255,1154097825.7560549,1153700568.045179,1153301042.318595,1152899250.4897285,1152495194.6997027,1152088877.3224056,1151680300.9696612,1151269468.4965053,1150856383.0065725,1150441047.8575873,1150023466.6669712,1149603643.3175642,1149181581.9634614,1148757287.035973,1148330763.249699,1147902015.6087387,1147471049.4130166,1147037870.2647471,1146602484.0750284,1146164897.0705686,1145725115.8005588,1145283147.143679,1144838998.3152535,1144392676.874552,1143944190.7322426,1143493548.1579971,1143040757.7882557,1142585828.6341524,1142128770.0895991,1141669591.9395463,1141208304.3684096,1140744917.9686697,1140279443.7496548,1139811893.1465077,1139342278.0293305,1138870610.7125294,1138396903.9643505,1137921171.0166109,1137443425.5746422,1136963681.8274326,1136481954.4579864,1135998258.6538985,1135512610.1181524,1135025025.0801418,1134535520.3069272,1134044113.114725,1133550821.3806446,1133055663.5546634,1132558658.6718664,1132059826.3649313,1131559186.876888,1131056761.0741408,1130552570.459772,1130046637.1871226,1129538984.073666,1129029634.6151733,1128518613.000182,1128005944.1247714,1127491653.6076567,1126975767.8056018,1126458313.8291671,1125939319.5587895,1125418813.6612144,1124896825.6062756,1124373385.684042,1123848525.022333,1123322275.604612,1122794670.2882745,1122265742.8233244,1121735527.8714705,1121204061.025629,1120671378.8298647,1120137518.7997625,1119602519.4432561,1119066420.2819135,1118529261.872699,1117991085.8302195,1117451934.8494725,1116911852.729102,1116370884.3951838,1115829075.9255533,1115286474.574683,1114743128.7991362,1114199088.2836103,1113654403.9675777,1113109128.0725594,1112563314.1300335,1112017017.010007,1111470292.9502733,1110923199.5863695,1110375795.9822628,1109828142.661788,1109280301.6408584,1108732336.4604867,1108184312.2206295,1107636295.6148965,1107088354.9661531,1106540560.2630467,1105992983.1974974,1105445697.2031817,1104898777.495063,1104352301.1099975,1103806346.948466,1103260995.8174853,1102716330.4747348,1102172435.6739745,1101629398.2117898,1101087306.9757428,1100546252.9939861,1100006329.4864163,1099467631.9174342,1098930258.0504074,1098394308.0039055,1097859884.3098156,1097327091.973428,1096796038.5356057,1096266834.137149,1095739591.5854833,1095214426.4238002,1094691457.002792,1094170804.5551436,1093652593.272937,1093136950.3881536,1092624006.256459,1092113894.4444892,1091606751.8208497,1091102718.6510694,1090601938.6967804,1090104559.3193843,1089610731.588519,1089120610.3956494,1088634354.573131,1088152127.0191224,1087674094.8287604,1087200429.4320362,1086731306.7388499,1086266907.2917528,1085807416.4269438,1085353024.4441063,1084903926.785747,1084460324.2267265,1084022423.0747411,1083590435.3825805,1083164579.1730309,1082745078.6773915,1082332164.5886297,1081926074.3302913,1081527052.3423674,1081135350.3854306,1080751227.8644414,1080374952.1737447,1080006799.064914,1079647053.0392122,1079296007.7666008,1078953966.5333707,1078621242.720654,1078298160.3162394,1077985054.4623327,1077682272.0420961,1077390172.3080542,1077109127.5556858,1076839523.845805,1076581761.7796247,1076336257.3307157,1076103442.7384057,1075883767.4675658,1075677699.240104,1075485725.143936,1075308352.8256855,1075146111.7738647,1074999554.6998549,1074869259.0246024,1074755828.479609,1074659894.8314912,1074582119.740175,1074523196.7616088,1074483853.5068002,1074464853.969964,1074467001.039646,1074491139.2078404,1074538157.4934206,1074608992.597549,1074704632.3102605,1074826119.1890638,1074974554.5321581,1075151102.6708748,1075356995.6080415,1075593538.0313244,1075862112.7331674,1076164186.4717245,1076501316.3102777,1076875156.475977,1077287465.7824652,1077740115.664988,1078235098.881106,1078774538.9350364,1079360700.2891076,1079995999.4318318,1080683016.8787549,1081424510.1896148,1082223428.0935156,1083082925.8228755,1084006381.7670352,1084997415.5675807,1086059907.789969,1087198021.3199787,1088416224.649056,1089719317.2300575,1091112457.1043108,1092601191.0227532,1094191487.308278,1095889771.7338536,1097702966.7216294,1099638534.202783,1101704522.5164506,1103909617.7695618,1106263200.127994,1108775405.5640323,1111457193.6461306,1114320422.0251455,1117377928.3472028,1120643620.4077218,1124132575.4545214,1127861149.6505487,1131847098.8188972,1136109711.713912,1140669957.191419,1145550646.786372,1150776614.3440917,1156374914.4861784,1162375041.8154798,1168809172.8634753,1175712432.8389285,1183123189.2214303,1191083374.117908,1199638837.008171,1208839728.9675624,1218740918.5586288,1229402438.1721387,1240889957.4506717,1253275277.2386467,1266636832.8445718,1281060188.6833613,1296638496.772335,1313472877.960329,1331672665.636736,1351355424.9030628,1372646622.9716916,1395678775.1296842,1420589820.0718987,1447520382.5827856,1476609453.0526628,1507987844.3042803,1541768570.5693338,1578033032.3424962,1616811605.3370962,1658056990.6263585,1701608661.3910065,1747147341.2566378,1794140534.780609,1841785463.8610282,1888967698.6928797,1934278051.1956062,1976175104.6886072,2013455942.941641,2046340164.7372937,2079050756.5289247,2128429347.937867,2256856329.2774267,0.0
29630.0,102510686.4990728,112265018.80151546,122062506.277693,131903258.8324996,141787387.2907566,151715003.40328747,161686219.85278767,171701150.2595144,181759909.1867656,191862612.1461532,202009375.60265863,212200316.9794565,222435554.66250575,232715208.00490215,243039397.3309582,253408243.9400445,263821870.11013967,274280399.10110915,284783955.1576807,295332663.512123,305926650.38662064,1162852432.7935555,1162605276.219921,1162357053.751638,1162107777.8956451,1161857461.4954736,1161606117.7375937,1161353760.157889,1161100402.6482475,1160846059.4632788,1160590745.2271574,1160334474.9405959,1160077263.9879494,1159819128.1444528,1159560083.5836003,1159300146.8846595,1159039335.0403302,1158777665.464549,1158515156.0004425,1158251824.928432,1157987690.9744906,1157722773.3185632,1157457091.6031384,1157190665.9419942,1156923516.9291048,1156655665.64772,1156387133.6796188,1156117943.1145394,1155848116.5597925,1155577677.1500568,1155306648.5573683,1155035055.0012925,1154762921.259304,1154490272.6773582,1154217135.1806717,1153943535.2847095,1153669500.1063833,1153395057.3754709,1153120235.446255,1152845063.3093839,1152569570.6039703,1152293787.6299193,1152017745.3604994,1151741475.4551558,1151465010.2725747,1151188382.8840053,1150911627.0868347,1150634777.4184365,1150357869.1702838,1150080938.402341,1149804021.9577389,1149527157.4777315,1149250383.4169555,1148973739.0589814,1148697264.5321712,1148421000.8258548,1148144989.8068142,1147869274.2361007,1147593897.7861788,1147318905.0584118,1147044341.6008887,1146770253.9266055,1146496689.5320065,1146223696.9158912,1145951325.5986955,1145679626.1421556,1145408650.1693645,1145138450.38522,1144869080.597286,1144600595.7370658,1144333051.8817003,1144066506.2760956,1143801017.3554945,1143536644.7685022,1143273449.4005654,1143011493.397925,1142750840.1920538,1142491554.524574,1142233702.472688,1141977351.4751112,1141722570.3585336,1141469429.364613,1141218000.1775174,1140968355.952023,1140720571.3421829,1140474722.530583,1140230887.258189,1139989144.8548105,1139749576.270184,1139512264.1056979,1139277292.646771,1139044747.8958993,1138814717.6063924,1138587291.3168056,1138362560.3860996,1138140618.0295293,1137921559.355298,1137705481.4019763,1137492483.1767287,1137282665.694346,1137076132.0171227,1136872987.2955964,1136673338.8101666,1136477296.0136306,1136284970.574653,1136096476.422198,1135911929.7909586,1135731449.2678034,1135555155.8392866,1135383172.940237,1135215626.50348,1135052645.0107143,1134894359.544594,1134740903.8420525,1134592414.3489091,1134449030.2758138,1134310893.6555772,1134178149.4019277,1134050945.3697662,1133929432.416973,1133813764.4678276,1133704098.5781057,1133600595.0019393,1133503417.2604978,1133412732.2125885,1133328710.1272504,1133251524.7584467,1133181353.4219446,1133118377.0745013,1133062780.395457,1133014751.870871,1132974483.880324,1132942172.7865279,1132918019.0279,1132902227.2142606,1132895006.2258253,1132896569.3156822,1132907134.2159626,1132926923.2479048,1132956163.4360633,1132995086.6268928,1133043929.6120024,1133102934.256338,1133172347.6316357,1133252422.1554592,1133343415.7361937,1133445591.9243834,1133559220.0708287,1133684575.4918976,1133821939.6425395,1133971600.297518,1134133851.741431,1134308994.968131,1134497337.890188,1134699195.559118,1134914890.3971186,1135144752.44115,1135389119.6002283,1135648337.926897,1135922761.90389,1136212754.7471025,1136518688.7260532,1136840945.5031304,1137179916.4929874,1137536003.2436097,1137909617.8406222,1138301183.3366044,1138711134.2072473,1139139916.8363872,1139587990.0320683,1140055825.57597,1140543908.8087137,1141052739.2537646,1141582831.2828321,1142134714.8259265,1142708936.1294549,1143306058.566,1143926663.4997241,1144571351.2116184,1145240741.8891733,1145935476.6853735,1146656218.8523273,1147403654.9552147,1148178496.1727145,1148981479.690536,1149813370.1951756,1150674961.4755983,1151567078.1411347,1152490577.464521,1153446351.3597088,1154435328.5048394,1155458476.6215715,1156516804.9228382,1157611366.742071,1158743262.357954,1159913642.029871,1161123709.2604644,1162374724.302987,1163668007.9325922,1165004945.5022526,1166386991.305666,1167815673.2713778,1169292598.0143147,1170819456.2731462,1172398028.764242,1174030192.4856322,1175717927.5072026,1177463324.2865152,1179268591.553034,1181136064.8073459,1183068215.4860623,1185067660.8476722,1187137174.6395898,1189279698.612208,1191498354.9518096,1193796459.7109568,1196177537.3223383,1198645336.2903135,1201203846.163374,1203857315.9007833,1206610273.7576575,1209467548.8249006,1212434294.373841,1215516013.1700912,1218718584.9373405,1222048296.1694481,1225511872.5084133,1229116513.9266617,1232869932.9744563,1236780396.3771393,1240856770.292043,1245108569.5609167,1249546011.3200922,1254180073.356358,1259022557.6203954,1264086159.3298304,1269384542.107698,1274932419.6059039,1280745644.0518854,1286841302.123195,1293237818.4896338,1299955067.252835,1307014491.341306,1314439229.6610854,1322254251.426403,1330486496.5578933,1339165020.280411,1348321139.0008082,1357988573.0950773,1368203580.2464087,1379005070.2682955,1390434688.6783996,1402536851.3411736,1415358705.85391,1428949986.4706607,1443362717.5450373,1458650704.8414693,1474868733.5116076,1492071364.716371,1510311188.2262125,1529636344.1334498,1550087071.3934913,1571690973.0911424,1594456608.2247438,1618364930.2942472,1643358002.0651045,1669324340.0404084,1696080210.0358446,1723346248.0751176,1750718959.1639342,1777636937.0398507,1803341845.948215,1826833703.9099245,1846818140.1347046,1861644498.9698486,1869279307.503122,1867682886.7341526,1857634407.2417758,1858029822.1358857,2007708309.7571135,0.0
29620.0,249027157.92123172,258877203.19176465,268769339.1927055,278703675.0315078,288680320.7247443,298699387.2035742,308760986.3190448,318865230.84718925,329012234.4939466,339202111.8998677,349434978.6446268,359710951.251312,370030147.19048655,380392684.8840344,390798683.7087464,401248263.99968135,411741547.05325216,422278655.1300602,432859711.45745087,443484840.2317872,454154166.6204335,1168230963.1705487,1168112729.159316,1167994632.6253557,1167876698.4458385,1167758951.9839551,1167641419.0973737,1167524126.1468503,1167407100.0049949,1167290368.065199,1167173958.2507215,1167057899.023944,1166942219.3957903,1166826948.9353192,1166712117.779495,1166597756.643131,1166483896.829018,1166370570.2382395,1166257809.3806715,1166145647.3856795,1166034118.0130086,1165923255.6638741,1165813095.3922582,1165703672.9164128,1165595024.630574,1165487187.6168947,1165380199.6575952,1165274099.247342,1165168925.60585,1165064718.6907225,1164961519.2105317,1164859368.6381328,1164758309.224235,1164658384.0112205,1164559636.847218,1164462112.400446,1164365856.1738143,1164270914.5198052,1164177334.6556284,1164085164.6786628,1163994453.5821798,1163905251.271371,1163817608.579668,1163731577.285372,1163647210.1285927,1163564560.8285115,1163483684.1009579,1163404635.6763275,1163327472.31783,1163252251.8400857,1163179033.1280649,1163107876.1563942,1163038842.0090175,1162971992.8992345,1162907392.1901155,1162845104.4152994,1162785195.3001893,1162727731.783545,1162672782.0394871,1162620415.4999163,1162570702.8773575,1162523716.188235,1162479528.7765954,1162438215.3382716,1162399851.9455132,1162364516.0720787,1162332286.6188097,1162303243.9396882,1162277469.8683884,1162255047.7453375,1162236062.4452877,1162220600.405417,1162208749.65396,1162200599.8393934,1162196242.2601695,1162195769.8950207,1162199277.4338434,1162206861.3091726,1162218619.7282577,1162234652.705747,1162255062.097009,1162279951.6320822,1162309426.9502802,1162343595.6354628,1162382567.2519784,1162426453.3813074,1162475367.659401,1162529425.8147473,1162588745.707169,1162653447.367367,1162723653.0372396,1162799487.2109718,1162881076.6769311,1162968550.5603719,1163062040.3669772,1163161680.0272458,1163267605.9417543,1163379957.0273025,1163498874.7639654,1163624503.243082,1163756989.2161849,1163896482.144906,1164043134.2518735,1164197100.5726337,1164358539.0086079,1164527610.381122,1164704478.4865315,1164889310.1524644,1165082275.295227,1165283546.9783754,1165493301.4725196,1165711718.3163607,1165938980.3790133,1166175273.9236534,1166420788.6725116,1166675717.873276,1166940258.366924,1167214610.6570444,1167498978.9806893,1167793571.3808103,1168098599.7803245,1168414280.0578742,1168740832.1253333,1169078480.0071287,1169427451.9214323,1169787980.3633156,1170160302.189913,1170544658.7076964,1170941295.7619395,1171350463.828452,1171772418.1076996,1172207418.6213949,1172655730.311675,1173117623.1429868,1173593372.2067983,1174083257.8292735,1174587565.6820517,1175106586.8962855,1175640618.1800995,1176189961.939643,1176754926.403929,1177335825.7536538,1177932980.254217,1178546716.3931665,1179177367.0223205,1179825271.5048277,1180490775.8674495,1181174232.958366,1181876002.6108406,1182596451.8130698,1183335954.884628,1184094893.6598668,1184873657.6787436,1185672644.3854966,1186492259.3357012,1187332916.4122095,1188195038.0505588,1189079055.474451,1189985408.941963,1190914548.0031824,1191866931.7700267,1192843029.1990488,1193843319.3880897,1194868291.8877017,1195918447.0283399,1196994296.2643728,1198096362.5360513,1199225180.6506479,1200381297.6840734,1201565273.4043472,1202777680.7184248,1204019106.143959,1205290150.307705,1206591428.4723759,1207923571.0939028,1209287224.4111507,1210683051.0703287,1212111730.7864358,1213573961.0442712,1215070457.8416934,1216601956.4779954,1218169212.3904505,1219773002.0422795,1221414123.8655007,1223093399.2623658,1224811673.6692905,1226569817.6874657,1228368728.2845857,1230209330.0724196,1232092576.6652277,1234019452.1243606,1235990972.4946883,1238008187.438862,1240072181.9757648,1242184078.3298984,1244345037.8988664,1246556263.3465068,1248819000.8297,1251134542.3673446,1253504228.3604603,1255929450.2729151,1258411653.4828,1260952340.3150465,1263553073.2664547,1266215478.4349318,1268941249.1653683,1271732149.9252508,1274590020.423784,1277516779.9890296,1280514432.2182736,1283585069.917592,1286730880.347342,1289954150.791052,1293257274.465944,1296642756.7940316,1300113222.0534391,1303671420.430172,1307320235.4911022,1311062692.0992765,1314901964.7928052,1318841386.6484716,1322884458.6506486,1327034859.5851057,1331296456.4755373,1335673315.578041,1340169713.9449332,1344790151.5639668,1349539364.0716136,1354422336.029125,1359444314.7367089,1364610824.543453,1369927681.5872874,1375401008.8686752,1381037251.521825,1386843192.0952916,1392825965.5865726,1398993073.888175,1405352399.1902456,1411912215.7398186,1418681199.1700735,1425668432.3727884,1432883406.5786178,1440336015.9135911,1448036543.1920965,1455995634.055577,1464224255.7329516,1472733635.6340337,1481535173.6288772,1490640320.1368845,1500060409.9545107,1509806438.9738915,1519888767.4484754,1530316729.0852334,1541098119.8064592,1552238533.3390703,1563740502.6799018,1575602396.8295748,1587817010.988925,1600369775.9208531,1613236499.0877016,1626380537.9082842,1639749296.6337695,1653269937.2314224,1666844207.8818235,1680342329.2168493,1693595947.9385097,1706390273.3730965,1718455630.9653387,1729458691.019559,1738993235.9099727,1746568662.2619548,1751589464.367629,1753306499.490958,1750693915.0597296,1742160478.0311,1724980564.3410115,1694585124.8645954,1645411638.6538115,1581176832.2048378,1581997081.3943753,0.0
29610.0,389465496.5790876,399386866.16074646,409349239.98129886,419352726.0301951,429397433.19336617,439483471.2582445,449610950.9186311,459779983.7793698,469990682.3608663,480243160.1034007,490537531.3712637,500873911.4566864,511252416.5835636,521673163.9109739,532136271.53647065,542641858.4991564,553190044.782517,563780951.3170203,574414699.9824594,585091413.610054,595811215.9842703,1174018084.8256917,1174029704.194656,1174042651.6281652,1174056964.0564878,1174072679.0394127,1174089834.7767034,1174108470.1187282,1174128624.5772865,1174150338.3366225,1174173652.2646332,1174198607.9242752,1174225247.5851767,1174253614.2354524,1174283751.593727,1174315704.1213794,1174349517.0349953,1174385236.319052,1174422908.7388217,1174462581.853507,1174504304.0296178,1174548124.454577,1174594093.1505797,1174642260.9886937,1174692679.703221,1174745401.9063091,1174800481.102831,1174857971.7055326,1174917929.0504498,1174980409.4126093,1175045470.0220063,1175113169.0798786,1175183565.7752683,1175256720.3018882,1175332693.8752925,1175411548.7503564,1175493348.2390795,1175578156.7287037,1175666039.70017,1175757063.7469034,1175851296.593945,1175948807.117431,1176049665.3644233,1176153942.5731113,1176261711.193372,1176373044.9077125,1176488018.6525927,1176606708.6401381,1176729192.380253,1176855548.703133,1176985857.7821946,1177120201.1574237,1177258661.7591507,1177401323.932266,1177548273.4608734,1177699597.5934014,1177855385.068175,1178015726.139456,1178180712.603961,1178350437.8278682,1178524996.7743218,1178704486.0314412,1178889003.8408446,1179078650.1266975,1179273526.5252993,1179473736.415208,1179679384.9479268,1179890579.07915,1180107427.600587,1180330041.1723692,1180558532.3560615,1180793015.6482706,1181033607.5148792,1181280426.4259129,1181533592.8910406,1181793229.4957383,1182059460.938112,1182332414.0664,1182612217.9171712,1182899003.7542183,1183192905.1081724,1183494057.8168495,1183802600.0663326,1184118672.4328144,1184442417.9252138,1184773982.0285695,1185113512.7482398,1185461160.6549127,1185817078.930444,1186181423.4145415,1186554352.6523123,1186936027.9426794,1187326613.3876953,1187726275.9427636,1188135185.4677868,1188553514.779258,1188981439.703314,1189419139.1297688,1189866795.067144,1190324592.69872,1190792720.4396238,1191271369.9949734,1191760736.4191036,1192261018.1758902,1192772417.2001977,1193295138.9604712,1193829392.5224962,1194375390.6143553,1194933349.692595,1195503490.009643,1196086035.6824923,1196681214.7626808,1197289259.3076026,1197910405.4531689,1198544893.487862,1199192967.9282024,1199854877.5956707,1200530875.6951184,1201221219.8946967,1201926172.4073524,1202646000.0739176,1203380974.4478521,1204131371.8816555,1204897473.615027,1205679565.8647914,1206477939.9166625,1207292892.218879,1208124724.4777842,1208973743.7554023,1209840262.5690618,1210724598.9931505,1211627076.763057,1212548025.3813741,1213487780.2264366,1214446682.6632957,1215425080.157174,1216423326.3895397,1217441781.3768554,1218480811.5921295,1219540790.0893726,1220622096.631055,1221725117.818716,1222850247.2268302,1223997885.5400763,1225168440.6941545,1226362328.0203001,1227579970.3936634,1228821798.3857174,1230088250.420894,1231379772.9376202,1232696820.5539854,1234039856.2382338,1235409351.4843347,1236805786.4928565,1238229650.3574243,1239681441.257011,1241161666.6543841,1242670843.5009787,1244209498.4485533,1245778168.067954,1247377399.0753489,1249007748.566315,1250669784.258188,1252364084.7410734,1254091239.7379854,1255851850.374561,1257646529.4588418,1259475901.7716286,1261340604.3679402,1263241286.890129,1265178611.8932233,1267153255.183099,1269165906.168086,1271217268.2246575,1273308059.0778415,1275439011.1970356,1277610872.2078998,1279824405.32103,1282080389.778094,1284379621.316163,1286722912.650909,1289111093.979376,1291545013.5030007,1294025537.9715235,1296553553.2484143,1299129964.8983836,1301755698.797474,1304431701.7661798,1307158942.2259352,1309938410.8791766,1312771121.413096,1315658111.2269769,1318600442.1828637,1321599201.3790474,1324655501.9455838,1327770483.8607655,1330945314.7870665,1334181190.924673,1337479337.8802018,1340841011.5476398,1344267498.9978778,1347760119.3724275,1351320224.7760806,1354949201.1621988,1358648469.2032244,1362419485.137655,1366263741.5831912,1370182768.304071,1374178132.9185708,1378251441.530398,1382404339.265069,1386638510.689374,1390955680.088575,1395357611.5720196,1399846108.9732995,1404423015.5058157,1409090213.1285462,1413849621.5697932,1418703196.9485602,1423652929.9237533,1428700843.2904382,1433848988.929547,1439099444.0024896,1444454306.2645369,1449915688.3502703,1455485710.8600638,1461166494.047919,1466960147.877004,1472868760.1688983,1478894382.5245802,1485039013.6378765,1491304579.5535305,1497692910.3398664,1504205712.547102,1510844536.7032948,1517610738.9560726,1524505435.794272,1531529450.5727947,1538683250.308091,1545966870.900722,1553379828.5633247,1560921014.7721057,1568588571.499971,1576379742.8081317,1584290698.0451694,1592316320.8984275,1600449957.3281705,1608683113.9523332,1617005096.6982634,1625402577.4576852,1633859074.0378308,1642354325.876707,1650863544.7968142,1659356516.5803688,1667796525.5316825,1676139070.7860923,1684330340.5344307,1692305409.5824,1699986128.4261622,1707278680.9391007,1714070806.8806927,1720228720.7709374,1725593818.770002,1729979361.3979182,1733167465.3594928,1734906942.7698705,1734912784.5075746,1732868337.42495,1728431273.6300578,1721243752.3179336,1710944401.5113492,1697171867.1398678,1679530291.9810395,1657444236.4800448,1629747347.1671433,1593722957.8671947,1543243908.7321415,1466030056.795567,1340555540.7191305,1100838719.9975882,0.0
29600.0,523823077.5179577,533792434.10319126,543801687.3199357,553850943.7329267,563940310.789445,574069896.8240427,584239811.063112,594450163.6293073,604701065.5457989,614992628.7403572,625324966.0492859,635698191.2211511,646112418.9203441,656567764.7304623,667064345.1574697,677602277.6326911,688181680.5155734,698802673.0962546,709465375.5978985,720169909.1788192,730916395.9343641,1180149749.3994918,1180291529.5286496,1180435809.3388433,1180582637.4256716,1180732063.1508944,1180884136.6547508,1181038908.8684866,1181196431.527103,1181356757.1823215,1181519939.215778,1181686031.8524425,1181855090.1742747,1182027170.1341138,1182202328.5698166,1182380623.2186353,1182562112.73185,1182746856.6896565,1182934915.6163144,1183126350.9955606,1183321225.2862933,1183519601.9385316,1183721545.4096537,1183927121.1809225,1184136395.7743032,1184349436.7695754,1184566312.8217463,1184787093.678773,1185011850.1995978,1185240654.3725033,1185473579.3337896,1185710699.386785,1185952090.0211937,1186197827.9327855,1186447991.043434,1186702658.5215173,1186961910.8026726,1187225829.6109273,1187494497.9802027,1187768000.276203,1188046422.2186928,1188329850.9041734,1188618374.8289633,1188912083.912695,1189211069.5222213,1189515424.4959643,1189825243.168684,1190140621.396705,1190461656.5835834,1190788447.706241,1191121095.3415635,1191459701.693479,1191804370.6205177,1192155207.6638715,1192512320.0759509,1192875816.84946,1193245808.7469907,1193622408.3311472,1194005729.9952116,1194395889.9943657,1194793006.477461,1195197199.5193748,1195608591.1539335,1196027305.4074342,1196453468.332767,1196887208.044149,1197328654.7524817,1197777940.801344,1198235200.7036252,1198700571.1788268,1199174191.1910176,1199656201.9874837,1200146747.1380572,1200645972.5751624,1201154026.6345649,1201671060.0968642,1202197226.2297127,1202732680.830802,1203277582.2716086,1203832091.5419238,1204396372.295176,1204970590.89456,1205554916.4599912,1206149520.9158883,1206754579.0398114,1207370268.5119617,1207996769.9655561,1208634267.0381017,1209282946.4235706,1209942997.9255016,1210614614.5110402,1211297992.3659296,1211993330.950476,1212700833.0564952,1213420704.8652594,1214153156.006471,1214898399.6182601,1215656652.408242,1216428134.7156365,1217213070.574482,1218011687.7779438,1218824217.9437532,1219650896.5807755,1220491963.1567485,1221347661.1671884,1222218238.2054932,1223103946.0342655,1224005040.6578627,1224921782.3962076,1225854435.9598696,1226803270.5264397,1227768559.8182273,1228750582.1812844,1229749620.6657948,1230765963.1078422,1231799902.2125766,1232851735.6388116,1233921766.0850637,1235010301.3770654,1236117654.5567765,1237244143.9729097,1238390093.3730042,1239555831.9970682,1240741694.6728177,1241948021.9125357,1243175160.0115817,1244423461.1485791,1245693283.487302,1246984991.2803025,1248298954.974292,1249635551.317323,1250995163.4677818,1252378181.105248,1253785000.5432255,1255216024.843802,1256671663.934246,1258152334.725592,1259658461.2332458,1261190474.6996257,1262748813.7189023,1264333924.3638442,1265946260.314825,1267586282.99101,1269254461.683766,1270951273.6923327,1272677204.4617708,1274432747.723239,1276218405.6366217,1278034688.935536,1279882117.0747507,1281761218.3800368,1283672530.200479,1285616599.0632613,1287593980.8309379,1289605240.861207,1291650954.1691883,1293731705.5921865,1295848089.9569452,1298000712.2493565,1300190187.786591,1302417142.3916051,1304682212.5699499,1306986045.6888044,1309329300.1581326,1311712645.6138182,1314136763.1026452,1316602345.2689047,1319110096.54243,1321660733.3277774,1324254984.1942432,1326893590.066351,1329577304.4143755,1332306893.4444194,1335083136.287445,1337906825.186629,1340778765.6822488,1343699776.7932446,1346670691.1944468,1349692355.3883357,1352765629.8700092,1355891389.283898,1359070522.5705202,1362303933.101367,1365592538.7997403,1368937272.2450922,1372339080.7580585,1375798926.4630609,1379317786.3249083,1382896652.1553826,1386536530.5853024,1390238442.996942,1394003425.4110932,1397832528.3222933,1401726816.4749591,1405687368.572274,1409715276.9086323,1413811646.9153423,1417977596.6080136,1422214255.9226305,1426522765.925715,1430904277.882213,1435359952.162733,1439890956.9694986,1444498466.857897,1449183661.0276382,1453947721.3543794,1458791830.1290932,1463717167.4684222,1468724908.3547401,1473816219.2595356,1478992254.2979436,1484254150.8557665,1489603024.622923,1495039963.9589462,1500566023.5066519,1506182216.9593673,1511889508.8748558,1517688805.4151359,1523580943.8754714,1529566680.8475986,1535646678.8414118,1541821491.165366,1548091544.8383234,1554457121.273835,1560918334.441155,1567475106.1648936,1574127138.1759384,1580873880.4691277,1587714495.4564612,1594647817.326909,1601672305.9328723,1608785994.4167864,1615986429.6661916,1623270604.5384433,1630634880.6228316,1638074900.1034384,1645585485.0445058,1653160522.1346486,1660792830.5885873,1668474010.5056953,1676194268.5123124,1683942216.9567516,1691704642.267824,1699466237.3134663,1707209291.6890483,1714913332.807987,1722554709.4453828,1730106107.9878144,1737535990.0681887,1744807938.5297868,1751879896.8138142,1758703284.9933693,1765221973.9537814,1771371097.9341474,1777075685.271137,1782249088.476149,1786791198.902175,1790586440.0088913,1793501549.311102,1795383186.4924912,1796055449.6919014,1795317451.8586075,1792941215.5835953,1788670302.4211495,1782219817.9307842,1773278740.114054,1761515903.1782508,1746591374.5266867,1728175197.5594785,1705975015.347766,1679771670.9371085,1649454578.0664191,1615030010.3564916,1576531588.3580446,1533663853.5708623,1484794565.8544388,1424438912.5289683,1337271312.9632175,1182729549.9163766,811443826.6647818,0.0
29590.0,652110613.9579566,662105651.9609401,672139458.8651333,682212139.5179198,692323799.634426,702474545.8020837,712664485.4850547,722893727.0285139,733162379.6628134,743470553.5074815,753818359.5750871,764205909.7749536,774633316.9167066,785100694.7136767,795608157.7861159,806155821.6642699,816743802.7912519,827372218.5257623,838041187.144597,848750827.8449904,859501260.7467542,1186561100.7857313,1186832734.8226855,1187108015.2292814,1187387001.8122668,1187669755.2734756,1187956337.2238696,1188246810.1978228,1188541237.6676428,1188839684.0583467,1189142214.7626827,1189448896.1564136,1189759795.6138566,1190074981.5236945,1190394523.305054,1190718491.42386,1191046957.4094746,1191379993.8716178,1191717674.5175803,1192060074.1697376,1192407268.7833571,1192759335.4647238,1193116352.4895685,1193478399.3218222,1193845556.6326928,1194217906.3200715,1194595531.5282779,1194978516.6681452,1195366947.4374576,1195760910.8417404,1196160495.215412,1196565790.2433093,1196976886.9825804,1197393877.884964,1197816856.8194573,1198245919.095383,1198681161.4858491,1199122682.2516336,1199570581.1654725,1200024959.536787,1200485920.236833,1200953567.7242978,1201428008.0713425,1201909348.9901056,1202397699.8596644,1202893171.753481,1203395877.4673185,1203905931.5476563,1204423450.320602,1204948551.9213114,1205481356.3239276,1206021985.3720443,1206570562.8097079,1207127214.3129644,1207692067.5219584,1208265252.0736036,1208846899.6348202,1209437143.9363666,1210036120.807255,1210643968.2097852,1211260826.2751832,1211886837.3398767,1212522145.9824,1213166899.060951,1213821245.7516131,1214485337.5872374,1215159328.4970183,1215843374.8467593,1216537635.47984,1217242271.7589104,1217957447.6083107,1218683329.5572295,1219420086.7836242,1220167891.1589065,1220926917.2934005,1221697342.5826068,1222479347.2542605,1223273114.4162123,1224078830.1051474,1224896683.3361375,1225726866.1530643,1226569573.6799068,1227425004.1729186,1228293359.0737083,1229174843.0632262,1230069664.1166885,1230978033.5594382,1231900166.1237645,1232836280.0066936,1233786596.9287674,1234751342.1938202,1235730744.7497714,1236725037.2504478,1237734456.1184537,1238759241.609094,1239799637.8753808,1240855893.0341203,1241928259.233112,1243016992.7194617,1244122353.9090314,1245244607.4570348,1246384022.3298042,1247540871.877728,1248715433.909385,1249907990.7668877,1251118829.4024446,1252348241.456163,1253596523.3350978,1254863976.2935734,1256150906.5147696,1257457625.1936147,1258784448.6209722,1260131698.2691486,1261499700.8787308,1262888788.5467637,1264299298.8162842,1265731574.767209,1267185965.1086059,1268662824.272344,1270162512.508132,1271685395.979961,1273231846.8639476,1274802243.447594,1276396970.2304578,1278016418.0262475,1279660984.0663328,1281331072.1046815,1283027092.5242105,1284749462.4445596,1286498605.8312685,1288274953.606366,1290078943.7603424,1291911021.465503,1293771639.1906939,1295661256.8173547,1297580341.756905,1299529369.0694141,1301508821.5835323,1303519190.017644,1305560973.1022017,1307634677.703182,1309740818.946624,1311879920.3441708,1314052513.9195504,1316259140.3359134,1318500349.0239348,1320776698.3105793,1323088755.5484114,1325437097.2453272,1327822309.194559,1330244986.6047952,1332705734.2302341,1335205166.5003765,1337743907.6493268,1340322591.8443654,1342941863.313512,1345602376.4717734,1348304796.0457392,1351049797.196148,1353838065.6380088,1356670297.7578115,1359547200.727304,1362469492.6132865,1365437902.4827645,1368453170.5027828,1371516048.0341458,1374627297.7181756,1377787693.5555413,1380998020.976116,1384259076.898681,1387571669.779181,1390936619.6460981,1394354758.1213486,1397826928.4249425,1401353985.3614545,1404936795.2861397,1408576236.0483134,1412273196.9093256,1416028578.4322183,1419843292.3397882,1423718261.337488,1427654418.8971503,1431652708.9971457,1435714085.8140666,1439839513.360548,1444029965.0632045,1448286423.2740686,1452609878.7081587,1457001329.7990382,1461461781.9633403,1465992246.7642517,1470593740.9628887,1475267285.4452574,1480013904.0112193,1484834622.010338,1489730464.8078935,1494702456.0624847,1499751615.7946463,1504878958.223617,1510085489.3468983,1515372204.2344499,1520740084.006235,1526190092.4583716,1531723172.299242,1537340240.9526238,1543042185.8800225,1548829859.3690116,1554704072.7283204,1560665589.823615,1566715119.8803391,1572853309.471401,1579080733.597941,1585397885.760562,1591805166.9062867,1598302873.122728,1604891181.9354742,1611570137.047143,1618339631.3366687,1625199387.914818,1632148939.0063224,1639187602.3997927,1646314455.1733377,1653528304.3657923,1660827654.2199912,1668210669.5747094,1675675134.9247174,1683218408.602634,1690837371.460579,1698528369.3422546,1706287148.5352125,1714108783.276296,1721987594.2480364,1729917056.8468513,1737889697.821759,1745896978.6705754,1753929163.9343936,1761975172.2447093,1770022407.6445096,1778056568.3174055,1786061429.4092937,1794018596.106011,1801907222.5282586,1809703691.3119993,1817381247.9492002,1824909583.06277,1832254354.7770422,1839376642.2242925,1846232320.0132284,1852771342.2106092,1858936923.1152534,1864664600.9435332,1869881169.675374,1874503464.012825,1878436983.1179285,1881574341.1909945,1883793538.028929,1884956051.9582233,1884904773.1638038,1883461820.6284823,1880426325.2574868,1875572321.8184855,1868646982.184332,1859369554.3918152,1847431562.3561888,1832499089.3079958,1814218334.7107663,1792226113.2338824,1766167541.9020505,1735723749.9536963,1700652774.815762,1660846177.131374,1616400601.1950102,1567693271.661621,1515422069.002032,1460492154.9904003,1403401656.2863255,1342081267.364142,1265089632.1351929,1132150906.6890118,835687196.1816039,0.0
29580.0,774351300.8374629,784350726.8500434,794387774.9586397,804462548.0145881,814575149.7216194,824725684.6403809,834914258.1928387,845140976.6665716,855405947.2189538,865709277.8812214,876051077.5624157,886431456.0532035,896850524.029574,907308393.0564076,917805175.5909048,928340984.985884,938915935.4929428,949530142.2654724,960183721.361525,970876789.746533,981609465.295882,1193186811.0324135,1193587390.2707615,1193992731.94483,1194402906.556539,1194817985.6233337,1195238041.6938043,1195663148.3635657,1196093380.2914066,1196528813.2157066,1196969523.971132,1197415590.5056138,1197867091.8976064,1198324108.3736439,1198786721.326189,1199255013.3317873,1199729068.1695228,1200208970.8397956,1200694807.5834076,1201186665.90098,1201684634.572699,1202188803.678396,1202699264.6179688,1203216110.1321566,1203739434.3236628,1204269332.6786418,1204805902.0885527,1205349240.872388,1205899448.7992787,1206456627.1114936,1207020878.5478249,1207592307.3673804,1208171019.3737845,1208757121.9397917,1209350724.0323255,1209951936.2379475,1210560870.788766,1211177641.5887868,1211802364.240728,1212435156.073282,1213076136.1688638,1213725425.391823,1214383146.4171605,1215049423.7597198,1215724383.8039062,1216408154.8338962,1217100867.0643892,1217802652.6718774,1218513645.8264656,1219233982.7242324,1219963801.620161,1220703242.8616314,1221452448.9224985,1222211564.4377565,1222980736.2387993,1223760113.3893027,1224549847.2217119,1225350091.3743734,1226161001.8292997,1226982736.9505906,1227815457.523518,1228659326.7942874,1229514510.510477,1230381176.9621885,1231259497.0238938,1232149644.197013,1233051794.653217,1233966127.2784815,1234892823.7178938,1235832068.421231,1236784048.68932,1237748954.721191,1238726979.6620364,1239718319.6519945,1240723173.8757584,1241741744.613038,1242774237.2898743,1243820860.530829,1244881826.2120595,1245957349.5152893,1247047648.9826934,1248152946.5727057,1249273467.716772,1250409441.3770454,1251561100.105054,1252728680.101352,1253912421.2761543,1255112567.3109858,1256329365.7213504,1257563067.9204307,1258813929.2838395,1260082209.2154307,1261368171.2141862,1262672082.9421878,1263994216.2936947,1265334847.4653351,1266694257.0274162,1268072729.9963865,1269470555.9084425,1270888028.8942983,1272325447.755136,1273783116.0397406,1275261342.1228287,1276760439.2845986,1278280725.7914796,1279822524.978127,1281386165.3306448,1282971980.5710554,1284580309.7430208,1286211497.2988253,1287865893.1876175,1289543852.9449308,1291245737.7834625,1292971914.6851447,1294722756.4944768,1296498642.0131445,1298299956.095904,1300127089.7477458,1301980440.222312,1303860411.1215832,1305767412.4968033,1307701860.9506419,1309664179.7405825,1311654798.8835056,1313674155.2614596,1315722692.728589,1317800862.219187,1319909121.856857,1322047937.0647233,1324217780.6766727,1326419133.0495627,1328652482.176358,1330918323.8001254,1333217161.5288296,1335549506.9508572,1337915879.7511792,1340316807.8280795,1342752827.4103334,1345224483.17473,1347732328.3638349,1350276924.9038303,1352858843.5223126,1355478663.8658657,1358136974.6172457,1360834373.6119728,1363571467.9541144,1366348874.1310296,1369167218.12681,1372027135.534124,1374929271.6641688,1377874281.6543708,1380862830.5734606,1383895593.5235128,1386973255.7384963,1390096512.6788263,1393266070.1213937,1396482644.2444465,1399746961.706697,1403059759.7199051,1406421786.1141777,1409833799.3950965,1413296568.791741,1416810874.294561,1420377506.6819618,1423997267.5343552,1427670969.234292,1431399434.9511962,1435183498.609027,1439024004.8350863,1442921808.8879585,1446877776.5624297,1450892784.0689867,1454967717.8852718,1459103474.5766184,1463300960.5825045,1467561091.9654567,1471884794.1185913,1476273001.4276102,1480726656.8826451,1485246711.634917,1489834124.492629,1494489861.3500226,1499214894.5428689,1504010202.1230304,1508876767.0439703,1513815576.248307,1518827619.6475732,1523913888.983408,1529075376.5582628,1534313073.8225582,1539627969.803854,1545021049.362175,1550493291.2539806,1556045665.9855044,1561679133.4342,1567394640.2148461,1573193116.7644427,1579075474.1173468,1585042600.339125,1591095356.5843093,1597234572.7395759,1603461042.60982,1609775518.6000767,1616178705.8412328,1622671255.7018886,1629253758.6225119,1635926736.2010987,1642690632.45184,1649545804.1496203,1656492510.163589,1663530899.6721787,1670660999.1399007,1677882697.9226522,1685195732.3530538,1692599668.1401985,1700093880.898934,1707677534.6020687,1715349557.7243896,1723108616.8196647,1730953087.2404902,1738881020.6752887,1746890109.1365185,1754977644.9883091,1763140476.5497003,1771374958.7502496,1779676898.2470632,1788041492.334946,1796463260.8928137,1804935970.508185,1813452549.8053174,1822004994.8692002,1830584263.5044131,1839180156.8917778,1847781187.0033138,1856374427.9031162,1864945348.7941127,1873477626.3629324,1881952933.6219487,1890350702.042714,1898647853.3122592,1906818496.5164378,1914833585.9566998,1922660534.1332064,1930262773.6751695,1937599261.1697736,1944623914.9411292,1951284977.8782392,1957524295.438857,1963276498.0218635,1968468076.0967748,1973016335.9511094,1976828223.8868804,1979799007.5014448,1981810804.821805,1982730956.2542892,1982410241.6240647,1980680956.542428,1977354881.1501126,1972221203.0677722,1965044499.5601678,1955562947.6885304,1943487024.210796,1928499091.0728798,1910254453.7110767,1888384749.897684,1862504905.729896,1832225421.679333,1797172478.6095943,1757019356.9653955,1711534055.4375157,1660649947.10705,1604568995.0709019,1543910124.752058,1479915110.3639379,1414700851.4333346,1351412799.772581,1293557978.6956866,1240777222.5109582,1174225019.2828026,1066543297.5781726,0.0
29570.0,890579994.3119234,900563507.6598588,910583478.3212352,920640006.886172,930733194.7815098,940863144.2753946,951029958.4817864,961233741.3648596,971474597.7433574,981752633.2948152,992067954.5597228,1002420668.9455848,1012810884.730883,1023238711.0689524,1033704257.991752,1044207636.413536,1054748958.1344236,1065328335.8438736,1075945883.1240344,1086601714.453004,1097295945.2079732,1199961410.27839,1200489439.5586116,1201023311.316645,1201563106.1767807,1202108905.8901079,1202660793.351554,1203218852.6171994,1203783168.9218872,1204353828.6971169,1204930919.5892398,1205514530.4779599,1206104751.4951336,1206701674.0438912,1207305390.8180702,1207915995.821982,1208533584.390498,1209158253.2094793,1209790100.3365474,1210429225.222199,1211075728.7312796,1211729713.1648154,1212391282.2822118,1213060541.3238244,1213737597.0339165,1214422557.6839921,1215115533.0965326,1215816634.669128,1216525975.3990178,1217243669.9080472,1217969834.4680424,1218704587.0266213,1219448047.2334328,1220200336.4668498,1220961577.8611069,1221731896.3339043,1222511418.6144762,1223300273.2721398,1224098590.745325,1224906503.3711014,1225724145.4152052,1226551653.102577,1227389164.648422,1228236820.2897935,1229094762.3177214,1229963135.1098797,1230842085.1638174,1231731761.1307538,1232632313.8499446,1233543896.3836424,1234466664.0526452,1235400774.4724538,1236346387.5900452,1237303665.7212732,1238272773.5889003,1239253878.3612902,1240247149.6917398,1241252759.7584999,1242270883.3054616,1243301697.6835432,1244345382.892777,1245402121.6251094,1246472099.30793,1247555504.1483383,1248652527.178157,1249763362.2997105,1250888206.3323777,1252027259.059927,1253180723.2786565,1254348804.8463368,1255531712.7319834,1256729659.0664659,1257942859.1939602,1259171531.7242696,1260415898.5860152,1261676185.0807147,1262952619.9377668,1264245435.3703418,1265554867.132204,1266881154.5754719,1268224540.7093346,1269585272.2597275,1270963599.7299955,1272359777.4625423,1273774063.7014887,1275206720.6563456,1276658014.566725,1278128215.7680848,1279617598.7585394,1281126442.2667358,1282655029.3208086,1284203647.3184311,1285772588.0979736,1287362148.0107744,1288972627.9945369,1290604333.6478763,1292257575.3060005,1293932668.1175609,1295629932.1226692,1297349692.3320897,1299092278.8076203,1300858026.743664,1302647276.5500045,1304460373.935785,1306297669.994702,1308159521.2914097,1310046289.9491496,1311958343.7386003,1313896056.1679394,1315859806.5741432,1317849980.2154882,1319866968.3652751,1321911168.4067676,1323982983.929318,1326082824.8256953,1328211107.3905883,1330368254.420272,1332554695.3134265,1334770866.1730723,1337017209.9096172,1339294176.3449721,1341602222.3177166,1343941811.789268,1346313415.9510226,1348717513.3324194,1351154589.909881,1353625139.216567,1356129662.4528916,1358668668.597721,1361242674.520188,1363852205.092029,1366497793.3003576,1369179980.3607666,1371899315.8306496,1374656357.7226205,1377451672.6178808,1380285835.779408,1383159431.2647796,1386073052.0384684,1389027300.0834007,1392022786.5115774,1395060131.673505,1398139965.266199,1401262926.4394593,1404429663.9001322,1407640836.0140047,1410897110.9049819,1414199166.5511363,1417547690.8772051,1420943381.843052,1424386947.52758,1427879106.2075346,1431420586.4305646,1435012127.0818992,1438654477.4438677,1442348397.247503,1446094656.7153256,1449894036.594374,1453747328.1784346,1457655333.3183486,1461618864.4191442,1465638744.422668,1469715806.7742157,1473850895.3715937,1478044864.4948165,1482298578.7145665,1486612912.777297,1490988751.464714,1495426989.4251482,1499928530.974078,1504494289.8608537,1509125188.9983652,1513822160.1521006,1518586143.584726,1523418087.6519437,1528318948.3449934,1533289688.7747204,1538331278.5916843,1543444693.3362174,1548630913.7118187,1553890924.7746046,1559225715.0308676,1564636275.4340353,1570123598.2714963,1575688675.9308362,1581332499.5340524,1587056057.4271765,1592860333.5115702,1598746305.4017987,1604714942.3935301,1610767203.2233086,1616904033.600265,1623126363.487882,1629435104.111765,1635831144.6670253,1642315348.6962185,1648888550.1059275,1655551548.78686,1662305105.7988212,1669149938.0779867,1676086712.6196065,1683116040.0844793,1690238467.7722132,1697454471.8984287,1704764449.1065264,1712168707.1373768,1719667454.5722268,1727260789.555166,1734948687.3914752,1742730986.907042,1750607375.441606,1758577372.3346987,1766640310.7475953,1774795317.647243,1783041291.7585912,1791376879.2699406,1799800447.0513206,1808310053.118329,1816903414.042743,1825577868.9761844,1834330339.9135637,1843157287.778353,1852054663.8611715,1861017856.0859632,1870041629.5131316,1879120060.4153748,1888246463.1783128,1897413309.1828983,1906612136.718361,1915833450.8512154,1925066612.0354586,1934299712.089038,1943519435.979297,1952710907.6521769,1961857517.9031172,1970940732.0180461,1979939874.6063654,1988831888.7002623,1997591065.801326,2006188743.1121845,2014592963.693681,2022768094.7342072,2030674398.506244,2038267549.917988,2045498093.8522096,2052310834.7347252,2058644150.0167854,2064429218.5316002,2069589154.0615191,2074038034.0301626,2077679813.1636443,2080407112.468028,2082099875.2665884,2082623884.7899208,2081829142.5690374,2079548114.571763,2075593863.9476573,2069758107.2284436,2061809257.4112768,2051490556.0711308,2038518452.441442,2022581467.1900115,2003339892.2402291,1980426839.8022184,1953451385.6428373,1922004888.9165359,1885672075.3119185,1844049257.9576597,1796773373.920162,1743567816.6563506,1684315362.4935012,1619176912.68691,1548791323.4456062,1474622791.3044274,1399573443.543612,1329028417.2947378,1272383580.8497877,1244100784.1143403,1259787594.65941,1328390859.496234,0.0
29560.0,1000842426.0819027,1010790699.495982,1020774248.6051311,1030793171.4859794,1040847567.0359946,1050937534.9782444,1061063175.8660913,1071224591.0878294,1081421882.871277,1091655154.288299,1101924509.2592788,1112230052.5575266,1122571889.8136263,1132950127.5197294,1143364873.0337763,1153816234.5836637,1164304321.2713466,1174829243.0768788,1185391110.8623822,1195990036.3759594,1206626132.2555432,1206819609.0576677,1207473025.0241897,1208133322.4062014,1208800591.326003,1209474923.1342168,1210156410.4280758,1210845147.0700092,1211541228.2065372,1212244750.287472,1212955811.0854318,1213674509.71568,1214400946.656284,1215135223.7686152,1215877444.3181772,1216627712.9957795,1217386135.9390671,1218152820.754396,1218927876.5390766,1219711413.9039862,1220503544.9965491,1221304383.5241065,1222114044.777665,1222932645.6560504,1223760304.6904507,1224597142.0693777,1225443279.6640375,1226298841.054129,1227163951.5540657,1228038738.2396414,1228923329.975139,1229817857.4408894,1230722453.161296,1231637251.533324,1232562388.8554668,1233498003.3571987,1234444235.2289252,1235401226.6524205,1236369121.8317978,1237348067.024975,1238338210.575691,1239339702.946038,1240352696.7495596,1241377346.7848883,1242413810.0699592,1243462245.8767912,1244522815.7668605,1245595683.6270566,1246681015.7062552,1247778980.6524963,1248889749.5507884,1250013495.9615524,1251150395.9597092,1252300628.1744132,1253464373.8294716,1254641816.7844262,1255833143.5763276,1257038543.4622169,1258258208.4623075,1259492333.4038987,1260741115.9660172,1262004756.7248125,1263283459.1996999,1264577429.900285,1265886878.37406,1267212017.254897,1268553062.3123538,1269910232.5017884,1271283750.0153093,1272673840.333571,1274080732.2784228,1275504658.0664234,1276945853.3632455,1278404557.3389657,1279881012.724261,1281375465.8675365,1282888166.7929683,1284419369.259506,1285969330.8208215,1287538312.8862395,1289126580.7826426,1290734403.8173733,1292362055.3421516,1294009812.8180017,1295677957.8812218,1297366776.4103923,1299076558.5944486,1300807599.0018094,1302560196.650603,1304334655.079968,1306131282.4224677,1307950391.47761,1309792299.7864962,1311657329.7075973,1313545808.4936738,1315458068.3698435,1317394446.612812,1319355285.6312623,1321340933.047421,1323351741.7798023,1325388070.1271284,1327450281.85344,1329538746.2744,1331653838.3447814,1333795938.747144,1335965433.9817119,1338162716.4574258,1340388184.5841856,1342642242.8662665,1344925301.9969068,1347237778.9540517,1349580097.097245,1351952686.2656484,1354355982.877185,1356790430.0287597,1359256477.5975652,1361754582.3434174,1364285208.0121124,1366848825.4397504,1369445912.658004,1372076955.0002728,1374742445.2086859,1377442883.541892,1380178777.8835707,1382950643.851614,1385759004.9078844,1388604392.4684777,1391487346.0143971,1394408413.2025442,1397368149.976906,1400367120.6798275,1403405898.1632335,1406485063.8996608,1409605208.0929327,1412766929.788318,1415970836.981969,1419217546.7294552,1422507685.2531433,1425841888.048199,1429220799.986939,1432645075.4212368,1436115378.282675,1439632382.1800954,1443196770.4941738,1446809236.4686108,1450470483.2974997,1454181224.2083845,1457942182.5404847,1461754091.8175192,1465617695.814499,1469533748.617836,1473503014.6780033,1477526268.8539786,1481604296.448577,1485737893.2337534,1489927865.4648306,1494175029.8825438,1498480213.7016912,1502844254.5850585,1507268000.6011992,1511752310.16449,1516298051.9557745,1520906104.82174,1525577357.6510177,1530312709.2248127,1535113068.039685,1539979352.0998788,1544912488.6763892,1549913414.0296674,1554983073.092637,1560122419.1103556,1565332413.2323523,1570614024.0533109,1575968227.097361,1581396004.240863,1586898343.0680337,1592476236.1533277,1598130680.263885,1603862675.474767,1609673224.189035,1615563330.0540056,1621533996.7642136,1627586226.7407532,1633721019.6756966,1639939370.9292858,1646242269.766387,1652630697.4175096,1659105624.9482713,1665668010.9196975,1672318798.820091,1679058914.247377,1685889261.8188517,1692810721.783038,1699824146.305964,1706930355.4015105,1714130132.4725509,1721424219.4263833,1728813311.324415,1736298050.5221422,1743879020.251132,1751556737.5899773,1759331645.7658992,1767204105.7228656,1775174386.8856308,1783242657.0419846,1791408971.2575822,1799673259.728951,1808035314.4705384,1816494774.7208564,1825051110.9407444,1833703607.2633815,1842451342.240795,1851293167.7149496,1860227685.6229818,1869253222.5253906,1878367801.622823,1887569112.0011382,1896854474.8153596,1906220806.0904908,1915664575.7805734,1925181762.6861765,1934767804.7842357,1944417544.471992,1954125168.168063,1963884139.6473775,1973687126.4119332,1983525918.314835,1993391337.5595975,2003273139.0887473,2013159900.2536676,2023038898.5195174,2032895975.8028848,2042715387.8632576,2052479636.9698381,2062169285.8401368,2071762750.5929563,2081236070.173099,2090562649.3850865,2099712972.3157666,2108654282.5281453,2117350225.9698157,2125760452.0581915,2133840167.883744,2141539639.9160705,2148803637.016283,2155570807.969308,2161772986.178461,2167334413.6527004,2172170876.025252,2176188740.158587,2179283886.0407968,2181340525.338993,2182229900.393023,2181808859.947832,2179918312.0014763,2176381560.422579,2171002541.3251777,2163563988.7405324,2153825578.4626365,2141522126.2015343,2126361954.3132548,2108025594.6197486,2086165069.568914,2060404100.5489924,2030339748.7293317,1995546234.8763773,1955582080.0213175,1910002405.9450376,1858379551.6044111,1800337794.8856952,1735613443.7787051,1664163209.479259,1586368829.209546,1503439947.8739562,1418233489.541723,1336954210.602485,1272689424.2543159,1252376993.069571,1326641178.322585,1532878011.053714,0.0
29550.0,1105194451.4179318,1115089111.8328245,1125017850.669213,1134980763.250069,1144977945.7031646,1155009494.966084,1165075508.7911987,1175176085.7506208,1185311325.2411296,1195481327.4890726,1205686193.555236,1215926025.3396964,1226200925.5866427,1236510997.8891811,1246856346.6940954,1257237077.3066137,1267653295.895131,1278105109.495917,1288592626.0177965,1299115954.2468238,1309675203.850921,1213696611.398264,1214472803.4322069,1215256869.9803572,1216048909.9926195,1216849023.7384977,1217657312.8264632,1218473880.2236392,1219298830.2758021,1220132268.727703,1220974302.7437286,1221825040.9288838,1222684593.3501282,1223553071.5580492,1224430588.6088908,1225317259.0869484,1226213199.1273158,1227118526.4390144,1228033360.3284934,1228957821.7235205,1229892033.1974545,1230836118.993928,1231790205.0519204,1232754419.0312536,1233728890.338503,1234713750.1533284,1235709131.4552505,1236715169.0508537,1237731999.6014466,1238759761.6511755,1239798595.6556005,1240848644.010744,1241910051.0826182,1242982963.2372422,1244067528.8711529,1245163898.4424183,1246272224.5021713,1247392661.7266583,1248525366.9498186,1249670499.1964085,1250828219.715669,1251998692.0155535,1253182081.8975232,1254378557.4919147,1255588289.2939036,1256811450.2000518,1258048215.5454698,1259298763.141594,1260563273.3145833,1261841928.9443617,1263134915.5043027,1264442421.1015694,1265764636.5181246,1267101755.2524245,1268453973.5617929,1269821490.5055056,1271204507.9885776,1272603230.8062856,1274017866.689411,1275448626.3502424,1276895723.5293303,1278359375.0430079,1279839800.8317006,1281337224.0090246,1282851870.9116955,1284383971.150247,1285933757.660587,1287501466.7563934,1289087338.182362,1290691615.168326,1292314544.4842505,1293956376.496122,1295617365.222739,1297297768.393424,1298997847.50666,1300717867.8896701,1302458098.7589557,1304218813.2817926,1306000288.638716,1307802806.086987,1309626651.025069,1311472113.058117,1313339486.0644965,1315229068.2633321,1317141162.283119,1319076075.2313864,1321034118.7654347,1323015609.164161,1325020867.400965,1327050219.2177753,1329103995.2001688,1331182530.8536258,1333286166.6809046,1335415248.2605593,1337570126.326596,1339751156.8492846,1341958701.1171231,1344193125.8199575,1346454803.1332781,1348744110.8036687,1351061432.2354307,1353407156.5783758,1355781678.8167782,1358185399.8595018,1360618726.6312747,1363082072.1651282,1365575855.6959703,1368100502.7553084,1370656445.2670774,1373244121.6445894,1375863976.8885705,1378516462.6862636,1381202037.5115805,1383921166.7262762,1386674322.682104,1389461984.8239384,1392284639.7937996,1395142781.5357575,1398036911.4016652,1400967538.2576444,1403935178.5913043,1406940356.6195838,1409983604.3971817,1413065461.925463,1416186477.2617798,1419347206.6290896,1422548214.5257754,1425790073.835548,1429073365.9373007,1432398680.8147829,1435766617.165934,1439177782.5117102,1442632793.3042302,1446132275.0340414,1449676862.3362799,1453267199.0955036,1456903938.5489368,1460587743.3878527,1464319285.856782,1468099247.850238,1471928321.0065875,1475807206.7986789,1479736616.6208286,1483717271.8716748,1487749904.032445,1491835254.7400596,1495974075.8545196,1500167129.5199242,1504415188.2184465,1508719034.816509,1513079462.6023607,1517497275.314167,1521973287.1576786,1526508322.812419,1531103217.4252965,1535758816.590403,1540475976.3136964,1545255562.9611206,1550098453.1886148,1555005533.852328,1559977701.897192,1565015864.2218878,1570120937.5180252,1575293848.0812025,1580535531.5914004,1585846932.8599446,1591229005.5400348,1596682711.797576,1602209021.938777,1607808913.9906552,1613483373.2302752,1619233391.6581535,1625059967.4109108,1630964104.1077697,1636946810.125068,1643009097.7924142,1649151982.5035748,1655376481.7345572,1661683613.9606903,1668074397.463785,1674549849.0196579,1681110982.4554262,1687758807.0650668,1694494325.870645,1701318533.7155607,1708232415.174845,1715236942.2662647,1722333071.9444404,1729521743.3586366,1736803874.8530457,1744180360.686491,1751652067.446314,1759219830.1288984,1766884447.8567019,1774646679.1988695,1782507237.0594025,1790466783.0934603,1798525921.6086574,1806685192.9040837,1814945065.995276,1823305930.6683798,1831768088.8012493,1840331744.8831887,1848996995.6583273,1857763818.8102837,1866632060.5975652,1875601422.3401575,1884671445.6477473,1893841496.268964,1903110746.4287374,1912478155.5072477,1921942448.8988428,1931502094.8724275,1941155279.2361827,1950899877.588601,1960733424.9146311,1970653082.259844,1980655600.1866212,1990737278.6841195,2000893923.1676354,2011120796.1626863,2021412564.2238607,2031763239.587903,2042166116.0036864,2052613698.1181068,2063097623.725442,2073608578.1075335,2084136199.6021495,2094668975.4357312,2105194126.7432995,2115697481.5708702,2126163334.512927,2136574291.4773548,2146911097.8910608,2157152448.4593,2167274776.368423,2177252019.5735736,2187055361.5378437,2196652943.4861193,2206009544.9043636,2215086228.6532216,2223839946.674821,2232223101.856515,2240183061.180706,2247661614.845353,2254594375.599577,2260910112.1243916,2266530009.9302826,2271366852.983265,2275324119.166754,2278294982.81484,2280161218.014117,2280791997.296319,2280042581.896856,2277752902.138818,2273746029.9642644,2267826550.4653373,2259778845.8012934,2249365313.5035,2236324552.3097115,2220369562.9012356,2201186029.151498,2178430769.5592704,2151730482.632556,2120680964.1617212,2084847072.556139,2043763916.9725518,1996940171.474303,1943865371.577541,1884025191.5566547,1816933528.470077,1742201136.5508783,1659685496.5191298,1569824859.3829057,1474400731.3924003,1378333115.1449602,1294060134.9763126,1252365083.8264217,1325891598.769417,1630877006.4586105,0.0
29540.0,1203701329.7483528,1213524939.2405632,1223381415.440493,1233270850.6885264,1243193338.1136198,1253148971.6386304,1263137845.98564,1273160056.6812892,1283215700.0621142,1293304873.279887,1303427674.3069642,1313584201.94165,1323774555.8135574,1333998836.389001,1344257144.976375,1354549583.7315784,1364876255.6634345,1375237264.6391404,1385632715.3897376,1396062713.5156024,1406527365.491968,1220528417.2445378,1221424250.8791833,1222328901.9208589,1223242477.43633,1224165085.8925908,1225096837.1771498,1226037842.618624,1226988215.0076716,1227948068.6182585,1228917519.2292607,1229896684.1464205,1230885682.2246497,1231884633.89069,1232893661.1661458,1233912887.6908774,1234942438.746779,1235982441.2819371,1237033023.9351802,1238094317.0610218,1239166452.7550118,1240249564.8794959,1241343789.089789,1242449262.8607805,1243566125.5139627,1244694518.2449064,1245834584.151176,1246986468.2606997,1248150317.5606086,1249326281.0265338,1250514509.652389,1251715156.4806376,1252928376.6330478,1254154327.341959,1255393167.9820492,1256645060.102627,1257910167.4604492,1259188656.0530753,1260480694.152768,1261786452.3409452,1263106103.5431995,1264439823.0648892,1265787788.62731,1267150180.4044602,1268527181.0604095,1269918975.7872734,1271325752.34382,1272747701.0946937,1274185015.0502932,1275637889.9072998,1277106524.0898614,1278591118.7914555,1280091878.0174398,1281609008.628289,1283142720.3835433,1284693225.9864755,1286260741.1294782,1287845484.5402052,1289447678.0284457,1291067546.5337758,1292705318.1739788,1294361224.2942498,1296035499.5172002,1297728381.7936726,1299440112.4543746,1301170936.2623482,1302921101.4662843,1304690859.854697,1306480466.810961,1308290181.3692422,1310120266.2713096,1311970988.0242684,1313842616.9591978,1315735427.290728,1317649697.1775606,1319585708.7839382,1321543748.3420863,1323524106.2156363,1325527076.964029,1327552959.4079335,1329602056.6956706,1331674676.370666,1333771130.4399407,1335891735.443643,1338036812.5256445,1340206687.505198,1342401690.9496813,1344622158.2484183,1346868429.687602,1349140850.526324,1351439771.073707,1353765546.767167,1356118538.2517986,1358499111.4608872,1360907637.6975656,1363344493.7176082,1365810061.8133686,1368304729.8988652,1370828891.5960135,1373382946.3220062,1375967299.377835,1378582362.0379598,1381228551.6411088,1383906291.6822135,1386616011.9054618,1389358148.3984642,1392133143.6875181,1394941446.83395,1397783513.53153,1400659806.2049198,1403570794.1091502,1406516953.4300785,1409498767.3858194,1412516726.329091,1415571327.850448,1418663076.8823647,1421792485.8041034,1424960074.5473208,1428166370.7023587,1431411909.6251454,1434697234.5446265,1438022896.6706712,1441389455.3023314,1444797477.9363828,1448247540.3760302,1451740226.83966,1455276130.0695183,1458855851.4401739,1462480001.0666072,1466149197.9117758,1469864069.8934603,1473625253.9902084,1477433396.3461528,1481289152.3744824,1485193186.8593109,1489146174.0556626,1493148797.7872984,1497201751.5420392,1501305738.564247,1505461471.9440942,1509669674.7031953,1513931079.8761625,1518246430.5876105,1522616480.124074,1527041992.0002844,1531523740.019185,1536062508.3250241,1540659091.4488013,1545314294.3452928,1550028932.4208095,1554803831.5507705,1559639828.0861042,1564537768.8474028,1569498511.1056728,1574522922.5484076,1579611881.229647,1584766275.5025113,1589987003.932643,1595274975.1908066,1600631107.9227684,1606056330.5944314,1611551581.3100173,1617117807.6009078,1622755966.182559,1628467022.676682,1634251951.2956588,1640111734.4858832,1646047362.5264716,1652059833.0794532,1658150150.687254,1664319326.212906,1670568376.21804,1676898322.2733102,1683310190.195412,1689805009.2043912,1696383810.9943812,1703047628.7103226,1709797495.8225827,1716634444.8906925,1723559506.206664,1730573706.307511,1737678066.345722,1744873600.3054287,1752161313.0509484,1759542198.1932242,1767017235.758401,1774587389.6413844,1782253604.8257294,1790016804.3495226,1797877885.9951267,1805837718.6786888,1813897138.5131025,1822056944.5158079,1830317893.9301631,1838680697.126313,1847146012.0443606,1855714438.1392303,1864386509.782862,1873162689.0753052,1882043358.011698,1891028809.9472501,1900119240.2968192,1909314736.3997273,1918615266.4738376,1928020667.575663,1937530632.475251,1947144695.3457584,1956862216.1578853,1966682363.6585596,1976604096.8013673,1986626144.4830368,1996746983.4257724,2006964814.0290241,2017277533.9964645,2027682709.524074,2038177543.8132496,2048758842.6484146,2059422976.7514572,2070165840.5951295,2080982807.324007,2091868679.3941936,2102817634.501386,2113823166.3205914,2124878019.5291483,2135974118.527229,2147102489.205857,2158253173.04112,2169415132.7136717,2180576148.3640423,2191722703.4956656,2202839859.427935,2213911117.0798254,2224918264.7295613,2235841210.246371,2246657796.125192,2257343595.473509,2267871686.8998528,2278212406.0356603,2288333071.1852274,2298197680.342764,2307766576.541664,2316996078.2105618,2325838070.9065924,2334239556.4825335,2342142155.427598,2349481557.809726,2356186917.9512534,2362180187.702883,2367375382.9584174,2371677777.8909397,2374983021.3045206,2377176169.4927416,2378130630.069898,2377707011.3586764,2375751871.9950366,2372096365.2788234,2366554772.1535664,2358922915.0280976,2348976441.129155,2336468957.425453,2321129987.518939,2302662701.6701827,2280741341.050975,2255008212.9942746,2225070073.642251,2190493642.3701315,2150799930.212845,2105457075.9208078,2053871630.4793363,1995379103.482651,1929237004.0336862,1854629795.4754376,1770710756.4725552,1676745978.8771267,1572535652.2531586,1459609615.311974,1344694937.8405378,1250115543.1025026,1244709275.9983494,1530999538.54546,0.0
29530.0,1296437036.6799662,1306173073.5549178,1315940752.22898,1325740161.841358,1335571392.3033051,1345434534.303828,1355329679.3154116,1365256919.5997784,1375216348.2136922,1385208059.014783,1395232146.6674302,1405288706.64868,1415377835.2542045,1425499629.6043217,1435654187.650052,1445841608.1792378,1456061990.822719,1466315436.0605776,1476602045.228418,1486921920.5237532,1497275165.0124362,1227252112.840892,1228263955.4561977,1229285504.1846948,1230316873.4647627,1231358179.204704,1232409538.8037558,1233471071.1734257,1234542896.7591698,1235625137.5624173,1236717917.1629317,1237821360.7415414,1238935595.1032197,1240060748.700537,1241196951.6574836,1242344335.7936723,1243503034.6489267,1244673183.5082624,1245854919.427264,1247048381.2578704,1248253709.6745708,1249471047.2010207,1250700538.237082,1251942329.0863,1253196567.983816,1254463405.1247332,1255742992.6929357,1257035484.8903682,1258341037.9667904,1259659810.2500079,1260991962.176592,1262337656.323091,1263697057.4377456,1265070332.4727192,1266457650.6168437,1267859183.3288927,1269275104.3713987,1270705589.8450103,1272150818.223404,1273610970.3887668,1275086229.6678433,1276576781.8685737,1278082815.3173146,1279604520.8966765,1281142092.083952,1282695724.9901874,1284265618.399869,1285851973.8112593,1287454995.4773824,1289074890.4476738,1290711868.6102989,1292366142.7351577,1294037928.517583,1295727444.622743,1297434912.7307577,1299160557.582547,1300904607.0264115,1302667292.065364,1304448846.9052234,1306249509.0034785,1308069519.1189346,1309909121.3621576,1311768563.2467237,1313648095.741284,1315547973.3224669,1317468454.0286136,1319409799.5143745,1321372275.106169,1323356149.8585205,1325361696.611286,1327389192.0477824,1329438916.7538292,1331511155.2777152,1333606196.191103,1335724332.1508837,1337865859.9619868,1340031080.6411698,1342220299.4817848,1344433826.1195414,1346671974.5992808,1348935063.4427538,1351223415.717441,1353537359.1063995,1355877225.9791613,1358243353.4636881,1360636083.5193946,1363055763.0112407,1365502743.784915,1367977382.7431026,1370480041.9228587,1373011088.574078,1375570895.2390814,1378159839.83332,1380778305.7271917,1383426681.8289864,1386105362.6689582,1388814748.4845133,1391555245.3065434,1394327265.0468595,1397131225.5867708,1399967550.866764,1402836670.9773037,1405739022.250728,1408675047.354246,1411645195.384005,1414649921.9602337,1417689689.3234286,1420764966.4315717,1423876229.0583491,1427023959.892357,1430208648.637255,1433430792.1128285,1436690894.3569455,1439989466.7283351,1443327028.01017,1446704104.514377,1450121230.1866357,1453578946.7119944,1457077803.6210349,1460618358.3965058,1464201176.580351,1467826831.8810265,1471495906.2810159,1475208990.1444302,1478966682.32457,1482769590.2713163,1486618330.1382203,1490513526.889117,1494455814.4040987,1498445835.5846815,1502484242.457931,1506571696.2793565,1510708867.6343293,1514896436.5377598,1519135092.5317671,1523425534.7810278,1527768472.1654887,1532164623.3700795,1536614716.9710374,1541119491.518448,1545679695.6145287,1550296087.9871762,1554969437.5582595,1559700523.5060725,1564490135.3213391,1569339072.8560996,1574248146.3647566,1579218176.5364983,1584249994.518253,1589344441.927266,1594502370.8523088,1599724643.8424468,1605012133.8822155,1610365724.3519635,1615786308.9719903,1621274791.7290459,1626832086.7835863,1632459118.3560982,1638156820.5906365,1643926137.3935726,1649768022.2454083,1655683437.9833014,1661673356.5517907,1667738758.7189705,1673880633.7551804,1680099979.0709794,1686397799.8109698,1692775108.3997006,1699232924.035612,1705772272.1286168,1712394183.676571,1719099694.575485,1725889844.8579066,1732765677.8534262,1739728239.264782,1746778576.1524646,1753917735.8201609,1761146764.5926974,1768466706.4774852,1775878601.6996772,1783383485.100435,1790982384.3868144,1798676318.2207842,1806466294.1338568,1814353306.2526221,1822338332.8192554,1830422333.48967,1838606246.3905153,1846890984.914586,1855277434.2324445,1863766447.496105,1872358841.7085748,1881055393.2306652,1889856832.894067,1898763840.6868591,1907777039.9746835,1916896991.217505,1926124185.1383085,1935459035.2961555,1944901870.0117235,1954452923.5887582,1964112326.7696939,1973880096.3580518,1983756123.9340239,1993740163.5828152,2003831818.5478578,2014030526.7127755,2024335544.8069162,2034745931.2193608,2045260527.2953126,2055877936.976736,2066596504.635822,2077414290.9351923,2088329046.53257,2099338183.42985,2110438743.7467506,2121627365.6775281,2132900246.3651679,2144253101.4009461,2155681120.627871,2167178919.894101,2178740488.3665595,2190359130.9753265,2202027405.5155506,2213737053.8852587,2225478926.883916,2237242901.937633,2249017793.0518107,2260791252.2203436,2272549661.441612,2284278014.4049096,2295959786.815948,2307576794.226228,2319109036.117814,2330534524.8719,2341829098.116205,2352966212.802592,2363916719.212094,2374648612.920445,2385126762.583284,2395312611.217839,2405163848.4677696,2414634051.1419463,2423672289.1172724,2432222693.49185,2440223983.6676455,2447608949.829488,2454303887.0628176,2460227977.1021814,2465292613.3981705,2469400664.783768,2472445672.4283156,2474310973.8516016,2474868746.3115597,2473978959.5292954,2471488223.93599,2467228514.5933156,2461015741.4068437,2452648121.3616376,2441904285.5188417,2428541018.4303293,2412290474.7261295,2392856638.816208,2369910677.7143884,2343084668.7456555,2311962943.2719107,2276069948.816498,2234853063.1212974,2187658156.97238,2133694859.6593416,2071987422.1544268,2001305962.4880452,1920072694.2329082,1826242944.1729193,1717190086.4343224,1589754142.1897712,1441173987.2844205,1274115251.7121115,1121075418.0521295,1173803577.0279665,0.0
29520.0,1383483606.3300362,1393116446.3670523,1402779691.3720784,1412473427.073974,1422197739.9566927,1431952717.2653923,1441738447.01258,1451555017.9843478,1461402519.746663,1471281042.6517174,1481190677.8443673,1491131517.268641,1501103653.6743195,1511107180.6236236,1521142192.4979537,1531208784.5047555,1541307052.6844604,1551437093.9175415,1561599005.9316542,1571792887.3089108,1582018837.493251,1233806147.8287137,1234929896.4122849,1236064182.0492659,1237209125.7758424,1238364850.1566634,1239531479.3064096,1240709138.9116876,1241897956.253276,1243098060.2287161,1244309581.3752518,1245532651.8931355,1246767405.6692963,1248013978.3013804,1249272507.122168,1250543131.224379,1251825991.4858606,1253121230.5951807,1254428993.0776215,1255749425.3215823,1257082675.6054,1258428894.1245973,1259788233.019552,1261160846.403622,1262546890.3916965,1263946523.1292145,1265359904.8216386,1266787197.7643924,1268228566.3732836,1269684177.215402,1271154199.0405152,1272638802.8129597,1274138161.7440422,1275652451.3249574,1277181849.3602293,1278726536.001686,1280286693.7829797,1281862507.6546504,1283454165.0197573,1285061855.770074,1286685772.3228638,1288326109.6582434,1289983065.3571372,1291656839.6398473,1293347635.4052324,1295055658.2705169,1296781116.6117306,1298524221.6047995,1300285187.2672896,1302064230.5008194,1303861571.134145,1305677431.9669352,1307512038.8142436,1309365620.5516903,1311238409.1613593,1313130639.7784312,1315042550.7385519,1316974383.625957,1318926383.322358,1320898798.0566041,1322891879.4551294,1324905882.593197,1326941066.0469532,1328997691.9463012,1331076026.0286078,1333176337.6932528,1335298900.0570326,1337443990.0104322,1339611888.2747748,1341802879.4602637,1344017252.1249201,1346255298.834442,1348517316.2229788,1350803605.0548525,1353114470.2872133,1355450221.1336675,1357811171.1288638,1360197638.1940675,1362609944.7037206,1365048417.55301,1367513388.2264378,1370005192.8674235,1372524172.348934,1375070672.3451483,1377645043.4041836,1380247641.0218678,1382878825.7165859,1385538963.1051948,1388228423.980021,1390947584.3869421,1393696825.7045624,1396476534.7244816,1399287103.7326667,1402128930.5919218,1405002418.8254676,1407907977.7016218,1410846022.319584,1413816973.6963265,1416821258.854578,1419859310.911907,1422931569.1708882,1426038479.2103488,1429180492.9776845,1432358068.882229,1435571671.8896618,1438821773.6174421,1442108852.431243,1445433393.5423653,1448795889.1061034,1452196838.32103,1455636747.5291765,1459116130.317056,1462635507.6175003,1466195407.812256,1469796366.8352904,1473438928.2767491,1477123643.487505,1480851071.684222,1484621780.0548646,1488436343.8645668,1492295346.5617647,1496199379.8844955,1500149043.9667592,1504144947.444805,1508187707.5632377,1512277950.2807806,1516416310.375546,1520603431.5496578,1524839966.5330193,1529126577.1860569,1533463934.6011963,1537852719.2028682,1542293620.845759,1546787338.911057,1551334582.4003928,1555936070.0271418,1560592530.3047597,1565304701.6317575,1570073332.3729224,1574899180.9363465,1579783015.845772,1584725615.8077688,1589727769.7731576,1594790276.992104,1599913947.0622308,1605099599.9690387,1610348066.1178973,1615660186.3567817,1621036811.9888756,1626478804.7740889,1631987036.9184778,1637562391.0504353,1643205760.18248,1648918047.657339,1654700167.076933,1660553042.2127612,1666477606.8960655,1672474804.8860085,1678545589.7139835,1684690924.5020075,1690911781.7529926,1697209143.1105032,1703583999.0854447,1710037348.7468822,1716570199.3740027,1723183566.06598,1729878471.306227,1736655944.4772706,1743517021.3221521,1750462743.347945,1757494157.16661,1764612313.7680488,1771818267.7197695,1779113076.2871523,1786497798.467797,1793973493.932927,1801541221.8682144,1809202039.7058234,1816957001.7387466,1824807157.6078084,1832753550.6509109,1840797216.1032474,1848939179.1362605,1857180452.7221408,1865522035.3095427,1873964908.2950153,1882510033.2733607,1891158349.0487134,1899910768.3866315,1908768174.4858081,1917731417.1462433,1926801308.6087132,1935978619.0382888,1945264071.6222901,1954658337.2505717,1964162028.74325,1973775694.5880067,1983499812.1458151,1993334780.2803683,2003280911.362616,2013338422.5975184,2023507426.615565,2033787921.2664394,2044179778.5467634,2054682732.587728,2065296366.621863,2076020098.8408763,2086853167.0486388,2097794612.0046692,2108843259.3439689,2119997699.9486618,2131256268.6354883,2142617021.0106692,2154077708.329986,2165635750.186887,2177288204.834949,2189031736.9330072,2200862582.481426,2212776510.696337,2224768782.544915,2236834105.6386957,2248966585.1535487,2261159670.4136796,2273406096.7431254,2285697822.150968,2298025958.3761053,2310380695.7733426,2322751221.474759,2335125630.2085304,2347490827.1013474,2359832421.730342,2372134612.625715,2384380061.35608,2396549755.2551146,2408622857.7702866,2420576545.3328567,2432385829.5631285,2444023363.536816,2455459230.747918,2466660715.311446,2477592051.8561864,2488214153.4639473,2498484315.916627,2508355896.41458,2517777964.824525,2526694925.394753,2535046106.724643,2542765317.569714,2549780365.761384,2556012537.0572567,2561376030.010364,2565777341.79678,2569114598.129904,2571276817.5536075,2572143096.0030193,2571581690.744756,2569448972.4678707,2565588198.6434975,2559828037.7450166,2551980738.7832484,2541839788.407055,2529176820.5671983,2513737429.679026,2495235369.764438,2473344372.2691207,2447686441.303685,2417814915.3371024,2383189691.8862863,2343140557.5280437,2296812076.6242504,2243078998.24164,2180412611.11301,2106661630.6539607,2018677049.1153593,1911640488.1759956,1777816954.219754,1604236461.1871858,1369074296.372881,1043501924.279814,666307182.2745023,0.0
29510.0,1464930502.8601406,1474445400.7228866,1483989456.0965648,1493562751.099131,1503165368.5860474,1512797392.1568055,1522458906.1615336,1532149995.707692,1541870746.666879,1551621245.6817143,1561401580.172852,1571211838.346074,1581052109.1995192,1590922482.5310204,1600823048.94556,1610753899.862862,1620715127.525111,1630706825.0048156,1640729086.2128077,1650782005.9063957,1660865679.6976826,1240130597.9273455,1241361708.6821527,1242604126.4989357,1243857978.2152727,1245123392.2444847,1246400498.597582,1247689428.9055445,1248990316.4419503,1250303296.1459498,1251628504.6456017,1252966080.2815628,1254316163.1311502,1255678895.0327744,1257054419.610755,1258442882.3005185,1259844430.3741908,1261259212.9665868,1262687381.1016078,1264129087.7190473,1265584487.7018185,1267053737.903603,1268536997.1769412,1270034426.4017498,1271546188.5142949,1273072448.536619,1274613373.6064255,1276169133.007434,1277739898.200213,1279325842.8534997,1280927142.8760056,1282543976.44873,1284176524.057775,1285824968.5276859,1287489495.0553083,1289170291.2441826,1290867547.139484,1292581455.2635062,1294312210.651714,1296060010.889355,1297825056.1486564,1299607549.2266073,1301407695.5833344,1303225703.3810885,1305061783.5238419,1306916149.697512,1308789018.4108243,1310680609.0368109,1312591143.854972,1314520848.0941014,1316469949.9757822,1318438680.758569,1320427274.7828743,1322435969.516549,1324465005.6011858,1326514626.899156,1328585080.5413713,1330676616.9758103,1332789490.01679,1334923956.8950257,1337080278.3084555,1339258718.473876,1341459545.1793664,1343683029.837542,1345929447.5396302,1348199077.1103816,1350492201.1638365,1352809106.159951,1355150082.4620967,1357515424.3954427,1359905430.3062327,1362320402.6219711,1364760647.9125254,1367226476.952154,1369718204.7824826,1372236150.7764163,1374780638.703029,1377351996.7934084,1379950557.807498,1382576659.1019154,1385230642.698783,1387912855.3555639,1390623648.635918,1393363378.9815862,1396132407.7853143,1398931101.4648125,1401759831.5377793,1404618974.6979675,1407508912.8923268,1410430033.399211,1413382728.9076557,1416367397.5977376,1419384443.2220137,1422434275.1880388,1425517308.641966,1428633964.5532348,1431784669.8003302,1434969857.2576246,1438189965.8832896,1441445440.8082747,1444736733.42634,1448064301.4851413,1451428609.1783433,1454830127.238762,1458269333.032502,1461746710.6540816,1465262751.0225224,1468817951.9783683,1472412818.3816175,1476047862.2105246,1479723602.6612456,1483440566.2482748,1487199286.9056423,1491000306.0888078,1494844172.8772035,1498731444.0773706,1502662684.3266044,1506638466.1970599,1510659370.3002105,1514725985.3916001,1518838908.4757674,1522998744.9112465,1527206108.5155466,1531461621.669949,1535765915.4240246,1540119629.5997016,1544523412.8947275,1548977922.9853592,1553483826.6280813,1558041799.7601602,1562652527.5988052,1567316704.7386992,1572035035.24764,1576808232.7600102,1581637020.5677803,1586522131.7087011,1591464309.0513487,1596464305.376631,1601522883.4553342,1606640816.1212864,1611818886.3396282,1617057887.2696908,1622358622.321911,1627721905.2081807,1633148559.9849768,1638639421.0885677,1644195333.3615327,1649817152.0697846,1655505742.9091992,1661261982.0009077,1667086755.8742292,1672980961.4361217,1678945505.9259713,1684981306.8544319,1691089291.9249244,1697270398.9362993,1703525575.6650698,1709855779.7254484,1716261978.4053512,1722745148.4763288,1729306275.9752562,1735946355.9554505,1742666392.2046752,1749467396.9273226,1756350390.387829,1763316400.5121775,1770366462.4440563,1777501618.052016,1784722915.3836565,1792031408.0625598,1799428154.623388,1806914217.7801394,1814490663.6222434,1822158560.7326756,1829918979.2218916,1837772989.6708267,1845721661.9757175,1853766064.0869112,1861907260.633205,1870146311.422607,1878484269.809649,1886922180.9186585,1895461079.7114656,1904101988.887196,1912845916.600728,1921693853.9853811,1930646772.464193,1939705620.8329225,1948871322.0965188,1958144770.039352,1967526825.5078778,1977018312.3826835,1986620013.2149813,1996332664.50059,2006156951.5622063,2016093503.0083923,2026142884.7351143,2036305593.4327872,2046582049.5588012,2056972589.7320728,2067477458.5026512,2078096799.4453866,2088830645.5224721,2099678908.6549723,2110641368.438459,2121717659.9323528,2132907260.4466326,2144209475.243086,2155623422.0612435,2167148014.371466,2178781943.2493463,2190523657.7565455,2202371343.7033606,2214322900.657651,2226375917.0531816,2238527643.2378798,2250774962.2889147,2263114358.406739,2275541882.6843495,2288053116.030762,2300643129.0091767,2313306438.3303394,2326036959.7201343,2338827956.8575244,2351671986.0544133,2364560836.32295,2377485464.4482236,2390435924.655183,2403401292.428238,2416369582.0103583,2429327657.07592,2442261134.0384197,2455154277.420752,2467989886.6827965,2480749173.869002,2493411631.4084606,2505954889.3722816,2518354561.469027,2530584079.039171,2542614512.2948155,2554414378.0413156,2565949433.112332,2577182452.7469535,2588072993.132039,2598577137.316275,2608647223.6595097,2618231555.8874445,2627274093.6392593,2635714122.064424,2643485898.4541454,2650518272.9461045,2656734278.8153663,2662050685.460047,2666377503.46842,2669617425.4740515,2671665177.936946,2672406746.1832685,2671718416.042673,2669465547.414216,2665500953.9605756,2659662702.8610363,2651771060.23072,2641624177.963649,2628991925.4430923,2613606981.004482,2595151856.169216,2573239829.0201836,2547386621.667315,2516967697.527423,2481152514.053611,2438800328.1093917,2388288666.970759,2327217261.6959496,2251867719.5314236,2156153030.7638006,2029425992.646869,1851548553.689526,1581075858.1670485,1127411043.2158895,300500504.54521835,0.0
29500.0,1540874020.1182003,1550257090.9368434,1559668062.501943,1569107013.1278503,1578574021.8479676,1588069168.4216938,1597592533.3414812,1607144197.8400009,1616724243.8974502,1626332754.248973,1635969812.3922188,1645635502.5950365,1655329909.9033208,1665053120.1489987,1674805219.9581673,1684586296.7594151,1694396438.7922814,1704235735.115914,1714104275.6178904,1724002151.023239,1733929452.9036496,1246167412.191963,1247500931.7657478,1248846464.7351341,1250204142.9260259,1251574099.7760637,1252956470.3567805,1254351391.396091,1255759001.301124,1257179440.1814086,1258612849.872409,1260059373.9594226,1261519157.8018448,1262992348.5578022,1264479095.209172,1265979548.5869749,1267493861.3971667,1269022188.2468252,1270564685.6707387,1272121512.1584063,1273692828.1814542,1275278796.2214773,1276879580.798304,1278495348.4987142,1280126268.00558,1281772510.127478,1283434247.8287485,1285111656.2600257,1286804912.7892404,1288514197.0331073,1290239690.889094,1291981578.5679002,1293740046.6264248,1295515284.001267,1297307482.0427275,1299116834.5493553,1300943537.8030279,1302787790.6045756,1304649794.309964,1306529752.8670413,1308427872.8528569,1310344363.5115652,1312279436.792917,1314233307.3913555,1316206192.785717,1318198313.279559,1320209892.042108,1322241155.1498566,1324292331.6287978,1326363653.4973269,1328455355.8098073,1330567676.700818,1332700857.4300847,1334855142.428117,1337030779.3425474,1339228019.0852003,1341447115.87988,1343688327.3109086,1345951914.3724134,1348238141.5183735,1350547276.7134469,1352879591.4845738,1355235360.9733853,1357614863.9894054,1360018383.0640857,1362446204.505653,1364898618.454809,1367375918.9412713,1369878403.9411843,1372406375.4353917,1374960139.4686034,1377540006.2094462,1380146290.0114315,1382779309.4748242,1385439387.5094483,1388126851.398426,1390842032.8628604,1393585268.127479,1396356897.987242,1399157267.8749254,1401986727.9296908,1404845633.06665,1407734343.0474308,1410653222.55175,1413602641.2500174,1416582973.87695,1419594600.306231,1422637905.6261988,1425713280.216587,1428821119.8263097,1431961825.6522968,1435135804.4193923,1438343468.4613059,1441585235.8026235,1444861530.2418766,1448172781.4356751,1451519424.983887,1454901902.5158772,1458320661.7777886,1461776156.7208629,1465268847.5907912,1468799201.0180867,1472367690.1094606,1475974794.540192,1479621000.6474636,1483306801.5246658,1487032697.1166139,1490799194.3156798,1494606807.058795,1498456056.4252903,1502347470.735549,1506281585.65041,1510258944.2712965,1514280097.2410107,1518345602.8451307,1522456027.1139708,1526611943.9250054,1530813935.1057174,1535062590.536762,1539358508.255374,1543702294.558916,1548094564.1084664,1552535940.032323,1557027054.0293102,1561568546.4717488,1566161066.5079389,1570805272.1639998,1575501830.444896,1580251417.4344563,1585054718.3941922,1589912427.860682,1594825249.7413037,1599793897.4080389,1604819093.789089,1609901571.457991,1615042072.7199152,1620241349.6948028,1625500164.3969543,1630819288.8106675,1636199504.9614983,1641641604.9826558,1647146391.1760302,1652714676.067315,1658347282.4546149,1664045043.4499183,1669808802.5127413,1675639413.4752119,1681537740.5577943,1687504658.3748007,1693541051.9287682,1699647816.5927234,1705825858.0792377,1712076092.3951664,1718399445.7808003,1724796854.632124,1731269265.4047458,1737817634.4979525,1744442928.1172488,1751146122.1135888,1757928201.7973943,1764790161.725289,1771733005.4573426,1778757745.282436,1785865401.9091783,1793057004.1196313,1800333588.382852,1807696198.4250824,1815145884.7531364,1822683704.1272964,1830310718.9797392,1838027996.7742283,1845836609.3024454,1853737631.9120457,1861732142.6610775,1869821221.3930578,1878005948.7265294,1886287404.9524605,1894666668.8323529,1903144816.289363,1911722918.9841762,1920402042.766721,1929183245.9941366,1938067577.7046955,1947056075.6365416,1956149764.07932,1965349651.5457933,1974656728.2495959,1984071963.374183,1993596302.1169045,2003230662.4908564,2012975931.8658895,2022832963.228635,2032802571.139913,2042885527.3661914,2053082556.1599374,2063394329.1617887,2073821459.8953326,2084364497.8230264,2095023921.9293623,2105800133.7946892,2116693450.120317,2127704094.6624265,2138832189.5289958,2150077745.790408,2161440653.3505626,2172920670.0211554,2184517409.737377,2196230329.848478,2208058717.411493,2220001674.4109187,2232058101.8212214,2244226682.422657,2256505862.274185,2268893830.739921,2281388498.9579296,2293987476.631878,2306688047.0174356,2319487139.966069,2332381302.879201,2345366669.4155784,2358438925.7841616,2371593274.4438457,2384824395.0202084,2398126402.238038,2411492800.657029,2424916435.986796,2438389442.74652,2451903188.024526,2465448211.084009,2479014158.5538487,2492589714.938114,2506162528.1754894,2519719129.9810476,2533244850.7085223,2546723728.482507,2560138412.368042,2573470059.370796,2586698225.0959454,2599800747.9385276,2612753626.7334104,2625530891.858596,2638104469.8602858,2650444041.7482476,2662516895.189321,2674287770.893736,2685718703.525071,2696768857.4407854,2707394357.4419756,2717548114.4109974,2727179645.144697,2736234884.7031493,2744655987.9772863,2752381114.627497,2759344187.619764,2765474609.657407,2770696912.977538,2774930304.971265,2778088053.066373,2780076624.655293,2780794457.7632637,2780130180.068409,2777960009.498899,2774143946.199001,2768520182.94651,2760896885.6517687,2751040069.420513,2738655613.681105,2723362322.681096,2704650951.5139885,2681820475.555373,2653875865.3947043,2619357432.786596,2576041561.653781,2520384288.972727,2446413448.302547,2343336153.138269,2189833581.708878,1938693245.1916673,1469214553.8444967,423216722.7590169,0.0
