,900,897,894,891,888,885,882,879,876,873,870,867,864,861,858,855,852,849,846,843,840,837,834,831,828,825,822,819,816,813,810,807,804,801,798,795,792,789,786,783,780,777,774,771,768,765,762,759,756,753,750,747,744,741,738,735,732,729,726,723,720,717,714,711,708,705,702,699,696,693,690,687,684,681,678,675,672,669,666,663,660,657,654,651,648,645,642,639,636,633,630,627,624,621,618,615,612,609,606,603,600,597,594,591,588,585,582,579,576,573,570,567,564,561,558,555,552,549,546,543,540,537,534,531,528,525,522,519,516,513,510,507,504,501,498,495,492,489,486,483,480,477,474,471,468,465,462,459,456,453,450,447,444,441,438,435,432,429,426,423,420,417,414,411,408,405,402,399,396,393,390,387,384,381,378,375,372,369,366,363,360,357,354,351,348,345,342,339,336,333,330,327,324,321,318,315,312,309,306,303,300,297,294,291,288,285,282,279,276,273,270,267,264,261,258,255,252,249,246,243,240,237,234,231,228,225,222,219,216,213,210,207,204,201,198,195,192,189,186,183,180,177,174,171,168,165,162,159,156,153,150,147,144,141,138,135,132,129,126,123,120,117,114,111,108,105,102,99,96,93,90,87,84,81,78,75,72,69,66,63,60,57,54,51,48,45,42,39,36,33,30,27,24,21,18,15,12,9,6,3,0
772.5,-76978290687706.05,-77304251505033.31,-77632971084327.28,-77964447286546.03,-78298677328902.4,-78635657770713.34,-78975384499131.88,-79317852714766.44,-79663056917192.19,-80010990890360.12,-80361647687909.25,-80715019618388.44,-81071098230393.16,-81429874297625.9,-81791337803885.28,-82155477927991.81,-82522283028660.17,-82891740629323.6,-83263837402921.53,-83638559156657.6,-84015890816740.27,-84395816413113.34,-84778319064190.53,-85163380961601.86,-85550983354965.81,-85941106536699.55,-86333729826878.62,-86728831558161.27,-87126389060790.23,-87526378647687.42,-87928775599656.94,-88333554150711.08,-88740687473537.78,-89150147665126.31,-89561905732567.69,-89975931579051.72,-90392193990077.05,-90810660619896.69,-91231297978219.44,-91654071417189.0,-92078945118663.77,-92505882081820.72,-92934844111108.69,-93365791804575.23,-93798684542594.66,-94233480477023.5,-94670136520812.08,-95108608338102.31,-95548850334840.12,-95990815649935.4,-96434456147001.1,-96879722406705.36,-97326563719770.44,-97774928080654.88,-98224762181955.06,-98676011409564.98,-99128619838632.05,-99582530230350.4,-100037684029632.95,-100494021363704.77,-100951481041661.28,-101410000555038.6,-101869516079440.56,-102329962477270.48,-102791273301618.95,-103253380801356.12,-103716215927480.84,-104179708340781.1,-104643786420859.38,-105108377276579.23,-105573406757990.94,-106038799469794.22,-106504478786400.4,-106970366868652.72,-107436384682270.23,-107902452018079.48,-108368487514098.36,-108834408679541.7,-109300131920816.05,-109765572569573.12,-110230644912894.69,-110695262225682.1,-111159336805321.98,-111622780008706.31,-112085502291682.6,-112547413251011.3,-113008421668911.0,-113468435560270.69,-113927362222610.78,-114385108288875.56,-114841579783140.84,-115296682179319.52,-115750320462953.52,-116202399196174.78,-116652822585924.34,-117101494555516.95,-117548318819637.56,-117993198962859.88,-118436038521775.48,-118876741070821.92,-119315210311898.98,-119751350167863.6,-120185064879989.6,-120616259109484.44,-121044838043148.31,-121470707503263.95,-121893774061804.77,-122313945159045.05,-122731129226659.31,-123145235815391.52,-123556175727376.64,-123963861153193.84,-124368205813730.12,-124769125106926.88,-125166536259484.31,-125560358483591.7,-125950513138751.3,-126336923898756.9,-126719516923888.23,-127098221038374.31,-127472967913176.88,-127843692254139.8,-128210331995543.84,-128572828499102.52,-128931126758426.78,-129285175608980.8,-129634927943545.66,-129980340933196.84,-130321376253797.34,-130658000317997.84,-130990184512727.6,-131317905442150.22,-131641145176047.6,-131959891503588.34,-132274138192422.42,-132583885253033.72,-132889139208272.78,-133189913367974.22,-133486228108557.06,-133778111157485.28,-134065597882457.94,-134348731585179.28,-134627563799545.1,-134902154594066.05,-135172572878330.08,-135438896713291.05,-135701213625149.12,-135959620922574.06,-136214226016998.31,-136465146745689.12,-136712511697289.72,-136956460539491.58,-137197144348485.6,-137434725939808.84,-137669380200186.0,-137901294419934.56,-138130668625480.42,-138357715911502.95,-138582662772200.0,-138805749431135.69,-139027230169105.5,-139247373649419.0,-139466463239972.69,-139684797331449.16,-139902689650946.78,-140120469570306.66,-140338482408366.02,-140557089726328.95,-140776669615403.56,-140997616975811.2,-141220343786227.2,-141445279362665.62,-141672870605766.22,-141903582235390.8,-142137897011374.56,-142376315939215.78,-142619358459421.75,-142867562619153.0,-143121485224732.25,-143381701973496.5,-143648807563379.5,-143923415778509.2,-144206159548996.1,-144497690982962.6,-144798681368736.3,-145109821144978.34,-145431819836358.5,-145765405952212.97,-146111326845418.47,-146470348528509.72,-146843255443815.8,-147230850184138.0,-147633953160191.44,-148053402210715.62,-148490052150799.94,-148944774253577.84,-149418455660010.44,-149911998711001.94,-150426320195563.2,-150962350508160.03,-151521032707751.2,-152103321470317.12,-152710181925922.0,-153342588370515.6,-154001522841766.44,-154687973547228.3,-155402933132058.62,-156147396772338.72,-156922360078777.06,-157728816794207.28,-158567756266824.44,-159440160679523.6,-160347002014017.97,-161289238726624.3,-162267812110698.7,-163283642318707.88,-164337624014825.8,-165430621626760.5,-166563464163275.44,-167736939561562.88,-168951788526321.62,-170208697820082.75,-171508292962087.62,-172851130290907.8,-174237688344060.2,-175668358506227.28,-177143434876437.62,-178663103303834.4,-180227429541638.53,-181836346469785.88,-183489640338759.6,-185186935990633.6,-186927681018676.28,-188711128834498.7,-190536320622189.1,-192402066172866.1,-194306923611390.25,-196249178050594.75,-198226819238527.7,-200237518302305.9,-202278603739984.9,-204347036871545.2,-206439387034201.9,-208551806898938.2,-210680008398195.7,-212819239893622.1,-214964265383144.6,-217109346755115.7,-219248230351759.03,-221374139414256.9,-223479774358949.03,-225557323291863.7,-227598485723259.3,-229594513113961.0,-231536270693159.7,-233414325958538.2,-235219070433327.25,-236940882643879.5,-238570341931440.0,-240098504660852.53,-241517256674799.7,-242819758498916.1,-255364372285098.1,-256015007392534.88,-256501893174413.44,-256822083631926.4,-256977884650196.7,-239589085764381.25,-232532111806331.38,-224942751081029.0,-216878717350420.1,-208428325463082.7,-115935558988350.56,-94273526963403.52,-70890989390918.81,-45864918873495.31,-19351820783699.64,8387352518194.547,-305074637473712.4,-288748147645012.2,-271954921720158.4,-255418177396571.6,-240176147138355.88,-370270262482241.25,-347154711725290.7,-325900162451007.25,-309417879054045.06,-301818036560450.44,-372600013587971.6,-340755265109236.5,-326300552215289.5,-343657446441055.06,-411990242667521.7,1182712952097392.2,1189003167758215.8,1001407877136432.0,572039358553123.5,139831824112603.31,1001413590353262.0,5346849867611477.0,0.0
772.0,-76175047062947.05,-76471136615959.31,-76770478439724.53,-77073083593866.72,-77378962608063.2,-77688125465649.58,-78000581586976.08,-78316339812513.97,-78635408385717.02,-78957794935635.4,-79283506459287.9,-79612549303791.89,-79944929148255.12,-80280650985431.36,-80619719103143.48,-80962137065477.36,-81307907693750.94,-81657033047262.1,-82009514403820.06,-82365352240066.72,-82724546211591.72,-83087095132848.45,-83452996956877.16,-83822248754842.67,-84194846695392.62,-84570786023846.94,-84950061041224.66,-85332665083119.22,-85718590498430.45,-86107828627964.81,-86500369782915.3,-86896203223231.36,-87295317135892.4,-87697698613098.4,-88103333630390.4,-88512207024716.56,-88924302472459.66,-89339602467440.97,-89758088298919.8,-90179740029605.28,-90604536473700.05,-91032455174996.52,-91463472385046.1,-91897563041422.78,-92334700746106.86,-92774857744010.06,-93218004901668.6,-93664111686132.52,-94113146144075.5,-94565074881157.16,-95019863041667.02,-95477474288481.84,-95937870783368.28,-96401013167667.88,-96866860543396.72,-97335370454799.56,-97806498870396.34,-98280200165561.02,-98756427105675.31,-99235130829900.14,-99716260835610.48,-100199764963541.0,-100685589383689.56,-101173678582030.86,-101663975348091.84,-102156420763442.14,-102650954191157.69,-103147513266313.95,-103646033887569.38,-104146450209901.0,-104648694638558.06,-105152697824296.69,-105658388659968.12,-106165694278527.84,-106674540052541.16,-107184849595258.94,-107696544763341.16,-108209545661309.44,-108723770647809.8,-109239136343769.72,-109755557642538.64,-110272947722099.2,-110791218059443.69,-111310278447206.88,-111830037012656.34,-112350400239136.4,-112871272990069.34,-113392558535618.8,-113914158582121.05,-114435973304395.23,-114957901381044.31,-115479840032860.44,-116001685064453.52,-116523330909221.38,-117044670677783.42,-117565596210003.3,-118085998130726.56,-118605765909361.3,-119124787923435.64,-119642951526262.28,-120160143118847.84,-120676248226183.31,-121191151578054.88,-121704737194516.72,-122216888476167.48,-122727488299375.34,-123236419116596.86,-123743563061936.14,-124248802062092.48,-124752017952843.88,-125253092601217.72,-125751908033494.95,-126248346569200.94,-126742290961230.62,-127233624542256.6,-127722231377571.34,-128207996424508.6,-128690805698591.98,-129170546446554.72,-129647107326373.84,-130120378594459.1,-130590252300133.48,-131056622487541.16,-131519385405111.8,-131978439722708.95,-132433686756583.62,-132885030702249.6,-133332378875391.48,-133775641960909.78,-134214734270199.14,-134649574006752.0,-135080083540165.44,-135506189688626.44,-135927824009936.95,-136344923101129.84,-136757428906717.6,-137165289035602.38,-137568457086660.84,-137966892983008.62,-138360563314927.72,-138749441691430.06,-139133509100412.22,-139512754277334.64,-139887174082347.1,-140256773885755.9,-140621567961711.66,-140981579889970.56,-141336842965564.84,-141687400616186.8,-142033306827069.25,-142374626573120.4,-142711436258036.44,-143043824160094.25,-143371890884287.75,-143695749820446.62,-144015527606938.56,-144331364599520.94,-144643415344876.4,-144951849058323.53,-145256850105156.8,-145558618485032.78,-145857370318769.7,-146153338336891.2,-146446772369193.2,-146737939834570.72,-147027126230286.34,-147314635619815.3,-147600791118346.16,-147885935374960.06,-148170431050455.34,-148454661289719.4,-148739030187492.03,-149023963246289.62,-149309907825198.34,-149597333578161.8,-149886732880316.94,-150178621240846.5,-150473537700726.44,-150772045213658.38,-151074731008370.44,-151382206930366.88,-151695109761088.03,-152014101512319.3,-152339869693548.2,-152673127549825.4,-153014614267518.38,-153365095145173.72,-153725361726507.78,-154096231892329.78,-154478549907967.5,-154873186422500.44,-155281038415817.3,-155703029089190.62,-156140107694701.7,-156593249298449.94,-157063454472034.5,-157551748906297.3,-158059182940762.3,-158586831001585.44,-159135790940134.7,-159707183263550.28,-160302150247765.75,-160921854922510.3,-161567479916734.6,-162240226151703.72,-162941311367661.9,-163671968468487.38,-164433443667094.3,-165226994412505.6,-166053887077465.38,-166915394383199.75,-167812792535418.16,-168747358042867.97,-169720364186678.88,-170733077105345.84,-171786751456456.06,-172882625612153.25,-174021916340810.75,-175205812922424.0,-176435470639799.84,-177712003581684.72,-179036476687493.5,-180409896956244.53,-181833203734652.72,-183307257991017.7,-184832830472586.9,-186410588634395.8,-188041082217213.3,-189724727341117.9,-191461788969408.4,-193252361585022.56,-195096347908453.88,-196993435472362.6,-198943070853803.2,-200944431350358.16,-202996393871712.7,-205097500803597.03,-207245922586961.44,-209439416742235.3,-211675283057257.6,-213950314648802.25,-216260744602745.44,-218602187898270.1,-220969578329026.62,-223357100151254.7,-225758114218661.2,-228165078410276.75,-230569462225582.25,-232961655517237.5,-235330871463732.0,-237665044062233.3,-239950720658377.44,-242172950340402.47,-244315169429380.8,-246359085819488.9,-248284564592047.6,-250069518181034.88,-251689805450351.47,-253119145408161.5,-254329052995478.16,-255288806520902.7,-255965458959421.88,-276845631833309.5,-276855840327974.1,-276464537333613.38,-275623597495541.0,-274283246229929.1,-290490526908469.9,-281562265648314.0,-271364562315498.1,-259824283796685.25,-246882048946165.8,-170100274522810.44,-148263669925106.53,-123916162911510.5,-96943592598759.06,-67281745903580.76,-34940009803123.727,-367030600213355.25,-341773712019210.94,-312850102796889.9,-280305636948138.03,-244420373004202.1,-420825503745242.4,-375860802052251.4,-324808287019256.9,-268852452419937.44,-210331603459935.5,-392536415309627.7,-300211752230647.3,-202209227267853.8,-108448994788435.23,-35318489339236.06,835944635226441.8,997389089752995.8,1060236665430244.0,974091881716781.8,943745012368223.6,2278466019588342.5,9441496154695110.0,0.0
771.5,-76095458221357.89,-76343348813194.28,-76594779854676.23,-76849776760332.25,-77108364616541.27,-77370568164810.9,-77636411784691.12,-77905919476316.12,-78179114842574.12,-78456021070900.47,-78736660914692.53,-79021056674342.38,-79309230177885.61,-79601202761264.1,-79896995248200.2,-80196627929681.17,-80500120543052.27,-80807492250716.84,-81118761618442.95,-81433946593276.23,-81753064481057.8,-82076131923547.53,-82403164875155.19,-82734178579276.72,-83069187544239.03,-83408205518856.14,-83751245467596.42,-84098319545364.33,-84449439071901.67,-84804614505808.42,-85163855418191.95,-85527170465944.7,-85894567364660.27,-86266052861190.45,-86641632705852.28,-87021311624291.44,-87405093289010.98,-87792980290574.25,-88184974108490.84,-88581075081799.08,-88981282379352.3,-89385593969825.72,-89794006591455.39,-90206515721523.05,-90623115545604.1,-91043798926594.36,-91468557373533.86,-91897381010245.84,-92330258543812.88,-92767177232909.28,-93208122856014.8,-93653079679533.22,-94102030425839.95,-94554956241289.31,-95011836664205.69,-95472649592893.48,-95937371253694.72,-96405976169128.86,-96878437126151.5,-97354725144568.23,-97834809445642.8,-98318657420941.8,-98806234601459.8,-99297504627067.31,-99792429216334.16,-100290968136774.0,-100793079175564.3,-101298718110796.88,-101807838683314.84,-102320392569196.5,-102836329352950.02,-103355596501480.77,-103878139338903.05,-104403901022264.3,-104932822518257.23,-105464842580996.23,-105999897730937.72,-106537922235028.23,-107078848088166.77,-107622604996071.22,-108169120359641.05,-108718319260915.66,-109270124450726.52,-109824456338148.02,-110381232981855.88,-110940370083503.72,-111501780983234.16,-112065376657443.6,-112631065718926.05,-113198754419521.36,-113768346655403.12,-114339743975139.42,-114912845590669.92,-115487548391343.16,-116063746961162.9,-116641333599399.72,-117220198344724.4,-117800229003026.05,-118381311179085.7,-118963328312273.66,-119546161716449.56,-120129690624247.05,-120713792235927.9,-121298341772997.05,-121883212536773.88,-122468275972118.12,-123053401736517.02,-123638457774740.31,-124223310399276.8,-124807824376769.2,-125391863020670.08,-125975288290341.08,-126557960896829.16,-127139740415546.9,-127720485406098.31,-128300053539486.88,-128878301732949.16,-129455086292659.16,-130030263064551.34,-130603687593512.94,-131175215291196.66,-131744701612707.6,-132312002242418.77,-132876973289170.2,-133439471491108.16,-133999354430416.58,-134556480758198.98,-135110710429759.6,-135661904950536.88,-136209927632936.12,-136754643864306.72,-137295921386302.52,-137833630585862.23,-138367644798039.48,-138897840620902.8,-139424098242723.98,-139946301781658.28,-140464339638114.4,-140978104860000.03,-141487495521016.0,-141992415112159.38,-142492772946582.84,-142988484577937.88,-143479472232316.5,-143965665253884.84,-144447000564281.34,-144923423135832.34,-145394886478612.5,-145861353141353.8,-146322795226176.88,-146779194917094.1,-147230545022198.97,-147676849529424.8,-148118124175722.06,-148554397029465.06,-148985709085861.5,-149412114875093.44,-149833683082879.78,-150250497183100.94,-150662656082076.94,-151070274774044.2,-151473485007316.72,-151872435960567.7,-152267294928602.0,-152658248016936.3,-153045500844432.0,-153429279253164.5,-153809830024639.03,-154187421601392.53,-154562344812941.53,-154934913604959.5,-155305465770482.56,-155674363681855.06,-156041995022036.94,-156408773513799.3,-156775139645236.9,-157141561389920.56,-157508534919904.53,-157876585309691.47,-158246267229134.94,-158618165623132.03,-158992896375828.75,-159371106956912.75,-159753477047420.47,-160140719142323.06,-160533579126978.6,-160932836824356.44,-161339306509733.9,-161753837389345.7,-162177314039231.44,-162610656800260.44,-163054822125029.5,-163510802872012.75,-163979628541988.06,-164462365451384.94,-164960116836754.94,-165474022884093.34,-166005260676192.94,-166555044050608.4,-167124623360127.88,-167715285126881.38,-168328351580353.6,-168965180068592.53,-169627162330809.38,-170315723618319.34,-171032321649374.3,-171778445381849.97,-172555613585958.88,-173365373197139.3,-174209297426978.5,-175088983607448.78,-176006050740821.3,-176962136724325.97,-177958895214925.22,-178997992095384.56,-180081101498110.94,-181209901337943.7,-182386068299108.8,-183611272214865.03,-184887169770840.0,-186215397454624.56,-187597563664725.7,-189035239881379.2,-190529950789858.25,-192083163233622.56,-193696273859817.38,-195370595303033.25,-197107340734719.44,-198907606584982.53,-200772353220456.16,-202702383336264.75,-204698317791525.28,-206760568586036.44,-208889308640472.1,-211084438003151.5,-213345546062919.12,-215671869299436.62,-218062244048805.3,-220515053703471.7,-223028169700366.1,-225598885579721.7,-228223843318631.7,-230898951057753.7,-233619291246445.7,-236379018130938.4,-239171243402116.97,-241987908704669.47,-244819643588844.7,-247655607361712.03,-250483313169444.4,-253288432520002.0,-256054578342725.3,-258763064586277.7,-261392640290901.8,-263919196051125.7,-266315440832532.0,-268550547249941.44,-270589763692699.9,-272393992146126.03,-273919331272447.7,-275116585365123.03,-275930741287320.0,-306221046317797.2,-306526104966642.1,-306281210968316.6,-305396748383230.5,-303773387847531.5,-360739191499545.1,-352452052867085.25,-342345833657421.94,-330206817486579.6,-315809600980298.8,-265336028286580.53,-247453116108230.25,-226488658284867.7,-202077888243842.44,-173844839328619.25,-141414611816744.7,-467453008812016.8,-438984385235062.8,-403936844607247.0,-361491338096975.25,-310879032179369.8,-525697665003137.7,-467371343925452.6,-394655091267997.9,-306080822435233.3,-200826499847516.3,-505428548682832.9,-364773515069210.9,-190800788085636.1,15754486413140.312,247966196335200.1,545223235592359.6,957366694626356.2,1409403932198293.2,1804349189952680.0,2119966954457436.0,3310350427100963.0,1.187198327923677e+16,0.0
771.0,-77328445111119.25,-77510566376753.97,-77696221790875.48,-77885450583483.06,-78078291937502.69,-78274784974214.75,-78474968738240.33,-78678882182074.97,-78886564150166.94,-79098053362525.75,-79313388397860.1,-79532607676231.08,-79755749441217.1,-79982851741581.44,-80213952412433.83,-80449089055880.0,-80688299021150.77,-80931619384203.58,-81179086926789.1,-81430738114975.72,-81686609077125.38,-81946735581312.19,-82211153012180.44,-82479896347231.92,-82753000132538.17,-83030498457872.62,-83312424931252.98,-83598812652894.5,-83889694188562.62,-84185101542323.86,-84485066128690.3,-84789618744151.8,-85098789538093.77,-85412607983096.6,-85731102844613.67,-86054302150027.14,-86382233157076.42,-86714922321662.34,-87052395265023.8,-87394676740286.62,-87741790598386.44,-88093759753367.47,-88450606147058.0,-88812350713125.66,-89179013340517.88,-89550612836290.69,-89927166887832.05,-90308692024486.28,-90695203578588.56,-91086715645915.1,-91483241045563.98,-91884791279273.14,-92291376490190.6,-92703005421110.88,-93119685372191.48,-93541422158168.12,-93968220065085.48,-94400081806564.56,-94837008479628.12,-95278999520107.48,-95726052657656.6,-96178163870400.28,-96635327339247.3,-97097535401897.72,-97564778506581.0,-98037045165558.6,-98514321908431.94,-98996593235295.12,-99483841569777.23,-99976047212020.48,-100473188291644.22,-100975240720745.78,-101482178146995.62,-101993971906884.02,-102510590979182.22,-103032001938683.52,-103558168910292.9,-104089053523538.72,-104624614867583.88,-105164809446815.02,-105709591137097.22,-106258911142782.48,-106812717954564.66,-107370957308280.62,-107933572144761.14,-108500502570835.72,-109071685821609.6,-109647056224127.52,-110226545162548.16,-110810081044960.14,-111397589271972.44,-111988992207220.28,-112584209149934.12,-113183156309724.0,-113785746783736.62,-114391890536354.6,-115001494381606.48,-115614461968468.5,-116230693769244.16,-116850087071215.0,-117472535971760.94,-118097931377161.88,-118726161005292.58,-119357109392436.64,-119990657904448.2,-120626684752502.72,-121265065013682.44,-121905670656652.14,-122548370572688.72,-123193030612336.92,-123839513627970.86,-124487679522549.84,-125137385304867.95,-125788485151599.58,-126440830476459.22,-127094270006795.28,-127748649867952.06,-128403813675737.64,-129059602637346.48,-129715855661095.28,-130372409475333.6,-131029098756903.48,-131685756269529.28,-132342213012523.62,-132998298380206.5,-133653840332436.77,-134308665576668.6,-134962599761943.5,-135615467685240.77,-136267093510610.78,-136917301001522.2,-137565913766855.4,-138212755520981.52,-138857650358365.8,-139500423043137.52,-140140899314067.48,-140778906205398.53,-141414272383966.66,-142046828503054.3,-142676407573409.72,-143302845351863.88,-143925980747969.6,-144545656249077.88,-145161718364261.28,-145774018087480.25,-146382411380374.5,-146986759675052.3,-147586930397226.44,-148182797510033.66,-148774242078848.2,-149361152857381.6,-149943426895329.38,-150520970167801.22,-151093698226739.6,-151661536874493.94,-152224422859685.97,-152782304595456.3,-153335142900142.47,-153882911760391.2,-154425599116653.75,-154963207670966.44,-155495755716850.53,-156023277991115.2,-156545826547270.8,-157063471650198.03,-157576302691638.94,-158084429125999.75,-158587981425870.4,-159087112056580.25,-159581996469014.03,-160072834109814.56,-160559849447999.56,-161043293016907.12,-161523442470273.94,-162000603651132.4,-162475111672084.72,-162947332005386.16,-163417661581131.34,-163886529891693.06,-164354400100418.94,-164821770152429.28,-165289173885202.06,-165757182136453.06,-166226403846648.2,-166697487153288.88,-167171120473917.4,-167648033574578.97,-168128998620258.06,-168614831203567.0,-169106391347724.8,-169604584479587.84,-170110362368216.3,-170624724024150.06,-171148716554233.6,-171683435966472.72,-172230027919004.0,-172789688406829.25,-173363664379487.25,-173953254282300.78,-174559808513249.25,-175184729786853.1,-175829473395713.7,-176495547359513.56,-177184512450337.7,-177897982082098.94,-178637622050633.03,-179405150109637.88,-180202335366047.5,-181030997476618.25,-181893005625438.0,-182790277259694.4,-183724776558331.44,-184698512605111.1,-185713537234039.12,-186771942511038.0,-187875857811074.2,-189027446444602.8,-190228901781064.1,-191482442810161.7,-192790309073628.28,-194154754891024.4,-195578042792629.88,-197062436060520.16,-198610190265250.25,-200223543669961.28,-201904706355930.03,-203655847903267.3,-205479083437327.8,-207376457824999.7,-209349927774969.7,-211401341561786.75,-213532416054507.2,-215744710686214.4,-218039597950024.1,-220418229949433.7,-222881500465056.03,-225430001924765.6,-228063976578759.84,-230783261083513.1,-233587223587375.03,-236474692283671.6,-239443874252378.25,-242492263246238.25,-245616534888674.3,-248812427535782.7,-252074606809430.84,-255396511528934.47,-258770178450488.62,-262186042861563.2,-265632711666591.88,-269096705135002.9,-272562162957378.25,-276010509664936.8,-279420073806926.8,-282765654546463.44,-286018028526665.06,-289143388978010.25,-292102708092363.0,-294851012694935.5,-297336562229862.75,-299499917082026.06,-301272884354482.06,-341783063333505.25,-343390542071870.6,-344431139883322.06,-344786789671005.0,-344322081803267.8,-445302828732529.9,-440533800197794.3,-433742179871415.6,-424596109469617.06,-412722667686247.8,-388664116482769.6,-378527296257490.06,-365149267513403.0,-347920997631435.25,-326144520986168.1,-299025867808558.6,-601827283766616.8,-577725855924016.9,-545146780779847.9,-502386915202804.6,-447522641679087.4,-684621476475721.2,-626325937474530.0,-546856647226671.9,-441550553919781.75,-305338952048477.6,-721367103956095.0,-557557959915950.4,-332983140245117.8,-34757796634039.125,347831314182401.5,234021889009705.03,889840065535596.8,1761213586804908.0,2757296806348288.0,3616851141244969.5,4402290318846740.0,1.2616607575532176e+16,0.0
770.5,-80569728218454.25,-80671685902796.1,-80776799003917.53,-80885117859192.75,-80996693093160.38,-81111575607804.23,-81229816572381.31,-81351467412786.06,-81476579800439.5,-81605205640690.44,-81737397060716.88,-81873206396916.47,-82012686181771.28,-82155889130177.34,-82302868125222.55,-82453676203404.5,-82608366539270.4,-82766992429469.75,-82929607276205.73,-83096264570070.17,-83267017872250.69,-83441920796095.06,-83621026988021.8,-83804390107758.88,-83992063807900.86,-84184101712769.31,-84380557396562.03,-84581484360778.17,-84786936010905.81,-84996965632355.92,-85211626365633.28,-85430971180725.34,-85655052850700.31,-85883923924498.22,-86117636698901.48,-86356243189674.47,-86599795101854.6,-86848343799187.34,-87101940272688.25,-87360635108322.19,-87624478453785.78,-87893519984384.28,-88167808867988.6,-88447393729063.45,-88732322611754.92,-89022642942028.94,-89318401488849.94,-89619644324391.6,-89926416783270.97,-90238763420799.02,-90556727970240.72,-90880353299078.8,-91209681364274.95,-91544753166526.05,-91885608703511.31,-92232286922128.2,-92584825669716.44,-92943261644270.2,-93307630343639.77,-93677966013726.23,-94054301595673.12,-94436668672060.52,-94825097412110.28,-95219616515910.78,-95620253157673.0,-96027032928029.88,-96439979775396.44,-96859115946405.95,-97284461925441.66,-97716036373289.1,-98153856064931.0,-98597935826512.28,-99048288471507.12,-99504924736120.56,-99967853213960.23,-100437080290019.52,-100912610074013.88,-101394444333119.4,-101882582424161.06,-102377021225308.44,-102877755067336.44,-103384775664514.0,-103898072045190.52,-104417630482149.34,-104943434422810.64,-105475464419362.16,-106013698058908.95,-106558109893736.78,-107108671371785.9,-107665350767445.52,-108228113112779.64,-108796920129303.52,-109371730160438.08,-109952498104775.6,-110539175350297.88,-111131709709695.84,-111730045356948.95,-112334122765326.44,-112943878646990.48,-113559245894378.48,-114180153523561.6,-114806526619780.31,-115438286285366.78,-116075349590282.69,-116717629525499.2,-117365034959466.4,-118017470597929.0,-118674836947351.66,-119337030282235.34,-120003942616617.02,-120675461680052.64,-121351470898404.52,-122031849379760.58,-122716471905829.02,-123405208929167.84,-124097926576617.64,-124794486659327.58,-125494746689770.94,-126198559906169.34,-126905775304754.8,-127616237680316.69,-128329787675493.69,-129046261839291.34,-129765492695316.94,-130487308820239.77,-131211534933006.88,-131937991995351.95,-132666497324158.1,-133396864716247.4,-134128904586188.16,-134862424117726.23,-135597227429462.02,-136333115755410.14,-137069887641095.94,-137807339155854.36,-138545264122013.92,-139283454361660.48,-140021699961690.05,-140759789557870.72,-141497510638646.75,-142234649869426.12,-142970993438106.56,-143706327422599.66,-144440438181118.44,-145173112766007.5,-145904139361887.2,-146633307748896.38,-147360409791810.22,-148085239955815.6,-148807595849714.25,-149527278797326.38,-150244094437851.94,-150957853355937.88,-151668371742184.97,-152375472084809.03,-153078983893152.28,-153778744453710.28,-154474599619319.78,-155166404632109.75,-155854024980789.25,-156537337292797.38,-157216230261797.84,-157890605610947.0,-158560379092305.44,-159225481522703.94,-159885859856301.25,-160541478293998.84,-161192319429793.97,-161838385434067.75,-162479699273703.34,-163116305968833.2,-163748273885899.56,-164375696066597.03,-164998691592138.7,-165617406982153.88,-166232017627383.8,-166842729255188.22,-167449779426718.12,-168053439064438.4,-168654014008509.94,-169251846600345.75,-169847317291466.16,-170440846275564.2,-171032895141478.66,-171623968544542.22,-172214615893534.03,-172805433050215.06,-173397064038167.16,-173990202757376.0,-174585594700721.2,-175184038668228.7,-175786388474633.2,-176393554645464.62,-177006506096526.12,-177626271791268.75,-178253942370172.12,-178890671745838.25,-179537678657057.25,-180196248174634.75,-180867733151262.9,-181553555607157.88,-182255208042587.2,-182974254667740.5,-183712332539664.56,-184471152595157.0,-185252500567597.88,-186058237774655.6,-186890301762627.2,-187750706791829.88,-188641544145922.03,-189564982246268.75,-190523266550422.8,-191518719211443.38,-192553738472040.44,-193630797764366.25,-194752444482591.2,-195921298391118.53,-197140049626299.38,-198411456243705.7,-199738341256241.6,-201123589100496.62,-202570141459558.16,-204080992359801.38,-205659182446737.6,-207307792330503.2,-209029934874734.84,-210828746282974.8,-212707375813990.1,-214668973930923.6,-216716678658476.88,-218853599886632.4,-221082801318001.1,-223407279707779.03,-225829940989469.7,-228353572814696.4,-230980812960161.88,-233714112967371.5,-236555696279151.03,-239507510018871.7,-242571169420933.84,-245747893761161.25,-249038432449530.1,-252442979730578.8,-255961076183610.62,-259591494919116.84,-263332110022349.3,-267179744390862.1,-271129993639905.38,-275177022195559.03,-279313327046288.3,-283529463862367.0,-287813729299853.6,-292151792258722.06,-296526265636950.2,-300916208683534.8,-305296548368812.25,-309637406221124.6,-313903314781192.75,-318052305152299.9,-322034844025320.9,-325792594982033.6,-329256974780280.6,-380481017268021.5,-384287927964792.0,-387665194439893.6,-390487996675822.9,-392609035577283.9,-535241809644057.5,-536685167315911.0,-536362103902911.75,-533880728501168.56,-528782622926691.25,-522963721312071.9,-523640860609117.94,-521529858973990.3,-515872218814532.6,-505750685181064.8,-490060055815644.7,-757870199557973.1,-746333141023622.5,-726114533319073.5,-694848609325253.5,-649653106377889.1,-886118678011199.0,-844527494192325.5,-778704256231719.2,-681062720799589.0,-542188282925228.9,-1031853481501779.6,-881724204637376.5,-650534996399520.5,-309695575525942.6,175475088690820.38,-233632147094622.1,572050426833170.6,1804477688542239.2,3506056079131436.0,5391875739163043.0,6475254080736405.0,1.36097831960668e+16,0.0
770.0,-86588128233463.38,-86601613291093.72,-86617451914791.8,-86635700415957.56,-86656415736125.3,-86679655444530.0,-86705477735298.42,-86733941424245.75,-86765105945271.25,-86799031346332.58,-86835778284987.6,-86875408023488.53,-86917982423412.62,-86963563939813.4,-87012215614878.56,-87064001071075.88,-87118984503772.47,-87177230673310.02,-87238804896517.72,-87303773037647.4,-87372201498711.36,-87444157209203.22,-87519707615188.66,-87598920667740.2,-87681864810700.28,-87768608967753.95,-87859222528789.6,-87953775335525.14,-88052337666385.16,-88154980220601.03,-88261774101518.47,-88372790799085.53,-88488102171505.78,-88607780426026.62,-88731898098846.88,-88860528034117.72,-88993743362013.45,-89131617475851.03,-89274224008233.28,-89421636806192.12,-89573929905308.1,-89731177502782.84,-89893453929439.31,-90060833620625.77,-90233391085998.77,-90411200878160.69,-90594337560129.05,-90782875671608.7,-90976889694046.66,-91176454014443.72,-91381642887896.05,-91592530398847.5,-91809190421022.22,-92031696576020.28,-92260122190546.5,-92494540252254.94,-92735023364181.44,-92981643697745.48,-93234472944296.77,-93493582265186.77,-93759042240345.38,-94030922815340.06,-94309293246901.72,-94594222046896.9,-94885776924729.95,-95184024728159.95,-95489031382516.22,-95800861828300.31,-96119579957160.7,-96445248546232.48,-96777929190830.28,-97117682235489.14,-97464566703348.23,-97818640223874.31,-98179958958923.72,-98548577527145.16,-98924548926728.05,-99307924456503.0,-99698753635404.88,-100097084120309.72,-100502961622266.84,-100916429821140.36,-101337530278688.77,-101766302350108.0,-102202783094072.58,-102647007181307.06,-103099006801736.06,-103558811570254.23,-104026448431170.28,-104501941561382.78,-104985312272352.44,-105476578910937.69,-105975756759175.31,-106482857933085.72,-106997891280594.95,-107520862278674.69,-108051772929804.72,-108590621657873.08,-109137403203644.05,-109692108519918.66,-110254724666541.16,-110825234705400.2,-111403617595591.31,-111989848088917.88,-112583896625918.5,-113185729232621.34,-113795307418239.14,-114412588074033.12,-115037523373584.9,-115670060674735.77,-116310142423459.16,-116957706059959.31,-117612683927294.7,-118275003182848.66,-118944585712986.5,-119621348051253.23,-120305201300490.23,-120996051059263.56,-121693797353022.95,-122398334570425.62,-123109551405284.77,-123827330804624.62,-124551549923344.84,-125282080086024.64,-126018786756416.52,-126761529515209.3,-127510162046665.1,-128264532134757.69,-129024481669470.78,-129789846663942.72,-130560457283167.69,-131336137884998.58,-132116707074218.95,-132901977770490.34,-133691757290999.44,-134485847448673.72,-135284044666852.14,-136086140111337.2,-136891919840784.16,-137701164976409.28,-138513651892037.44,-139329152425536.88,-140147434112718.64,-140968260444810.28,-141791391150645.03,-142616582504732.34,-143443587662409.62,-144272157023296.53,-145102038624307.78,-145932978563494.78,-146764721456020.7,-147597010923586.5,-148429590118652.3,-149262202284808.5,-150094591354674.1,-150926502586703.44,-151757683242298.53,-152587883304624.5,-153416856240529.53,-154244359806968.25,-155070156903319.28,-155894016470976.06,-156715714441573.6,-157535034735187.78,-158351770309818.8,-159165724263430.25,-159976710989774.12,-160784557389180.16,-161589104135431.22,-162390206999775.6,-163187738233051.88,-163981588006816.94,-164771665914269.22,-165557902531651.5,-166340251040701.44,-167118688912586.34,-167893219653614.38,-168663874612863.4,-169430714851693.7,-170193833074937.78,-170953355623351.88,-171709444526715.1,-172462299616727.34,-173212160698620.8,-173959309780141.38,-174704073356283.5,-175446824747875.62,-176187986491807.6,-176928032780366.97,-177667491946822.5,-178406948994029.44,-179147048162467.72,-179888495533734.8,-180632061665110.8,-181378584250396.25,-182128970801779.4,-182884201347045.6,-183645331135955.7,-184413493349142.75,-185189901802353.28,-185975853638337.3,-186772731998125.6,-187582008662855.3,-188405246656690.3,-189244102800728.25,-190100330207097.28,-190975780701697.8,-191872407163238.25,-192792265765329.9,-193737518107430.1,-194710433219332.3,-195713389422674.84,-196748876031536.7,-197819494872588.72,-198927961603400.4,-200077106805337.2,-201269876824941.2,-202509334334682.75,-203798658580432.75,-205141145278787.12,-206540206122381.0,-207999367845364.44,-209522270794110.5,-211112666939767.12,-212774417259152.75,-214511488398474.7,-216327948519988.62,-218227962214642.1,-220215784343401.84,-222295752645771.4,-224472278925257.03,-226749838587372.62,-229132958265227.6,-231626201219630.5,-234234150143570.62,-236961386933294.62,-239812468908006.25,-242791900865170.0,-245904102245756.8,-249153368550220.97,-252543825987625.6,-256079378152434.2,-259763643300404.25,-263599880529986.0,-267590902860452.84,-271738974822835.6,-276045691732671.3,-280511837280215.7,-285137215436623.2,-289920451912523.3,-294858759492692.9,-299947660475923.94,-305180658134828.8,-310548847530104.6,-316040454111835.2,-321640286248860.56,-327329085063966.9,-333082751618244.9,-338871427462633.7,-344658399714362.4,-350398795948390.1,-356038027114037.9,-418154830945679.8,-424747588051429.44,-431193870522494.9,-437388797842768.25,-443204286474548.94,-618470918244910.0,-627979712306668.5,-636458310052040.5,-643540646446730.1,-648781564739398.5,-649169855031239.0,-662465511952710.8,-674136177483174.2,-683444250595334.4,-689457207707740.8,-691000612589913.4,-915852967952737.2,-923883676842313.2,-925122993655230.2,-917010986026974.8,-896246294146351.5,-1105527462622848.6,-1097158865010722.2,-1067031252909675.6,-1005959258521091.8,-901578368774661.2,-1404165014711011.8,-1310679975658236.8,-1130635060957168.2,-822065402671893.5,-326038571966395.25,-950416408115489.4,-170950762447321.34,1219968079765628.2,3502668841157468.5,6702448207521801.0,9256450417874430.0,1.7343109639069452e+16,0.0
769.5,-96169647563514.12,-96095605043155.72,-96022685168846.88,-95950942757209.9,-95880433546729.6,-95811214204165.2,-95743342330747.84,-95676876468152.2,-95611876104224.34,-95548401678457.3,-95486514587198.2,-95426277188571.6,-95367752807106.69,-95311005738050.6,-95256101251353.44,-95203105595308.84,-95152085999830.38,-95103110679352.16,-95056248835329.44,-95011570658325.1,-94969147329661.52,-94929051022617.62,-94891354903153.1,-94856133130136.94,-94823460855059.8,-94793414221209.58,-94766070362285.16,-94741507400427.72,-94719804443645.0,-94701041582602.95,-94685299886762.8,-94672661399832.98,-94663209134516.56,-94657027066520.38,-94654200127801.62,-94654814199024.1,-94658956101194.05,-94666713586444.62,-94678175327941.66,-94693430908877.31,-94712570810520.94,-94735686399292.44,-94762869912830.56,-94794214445015.2,-94829813929914.28,-94869763124616.84,-94914157590920.77,-94963093675831.6,-95016668490843.23,-95074979889955.06,-95138126446393.62,-95206207427995.3,-95279322771210.02,-95357573053690.2,-95441059465418.31,-95529883778335.08,-95624148314426.2,-95723955912221.84,-95829409891671.6,-95940614017345.48,-96057672459921.3,-96180689755913.4,-96309770765597.28,-96445020629086.06,-96586544720515.0,-96734448600288.05,-96888837965341.44,-97049818597380.69,-97217496309043.2,-97391976887947.06,-97573366038576.05,-97761769321959.5,-97957292093105.72,-98160039436140.6,-98370116097114.95,-98587626414434.88,-98812674246878.62,-99045362899156.4,-99285795044979.31,-99534072647597.8,-99790296877776.94,-100054568029174.28,-100326985431088.88,-100607647358552.66,-100896650939741.12,-101194092060672.52,-101500065267181.38,-101814663664145.52,-102137978811953.66,-102470100620199.72,-102811117238605.23,-103161114945157.05,-103520178031473.52,-103888388685400.5,-104265826870852.28,-104652570204917.9,-105048693832256.52,-105454270296816.66,-105869369410915.2,-106294058121728.16,-106728400375244.44,-107172456977750.0,-107626285454914.16,-108089939908562.8,-108563470871232.1,-109046925158608.78,-109540345719972.22,-110043771486772.08,-110557237219480.05,-111080773352874.9,-111614405839935.5,-112158155994523.44,-112712040333066.69,-113276070415458.92,-113850252685421.95,-114434588310582.77,-115029073022553.52,-115633696957306.72,-116248444496177.05,-116873294107830.2,-117508218191576.84,-118153182922421.84,-118808148098279.84,-119473066989806.48,-120147886193325.8,-120832545487371.52,-121526977693382.36,-122231108541132.12,-122944856539507.44,-123668132853282.48,-124400841186575.66,-125142877673719.28,-125894130778299.88,-126654481201189.31,-127423801798406.05,-128201957509711.8,-128988805298883.31,-129784194106648.22,-130587964817328.84,-131399950240278.72,-132219975107258.2,-133047856086943.6,-133883401817818.42,-134726412960750.86,-135576682272626.34,-136433994702446.52,-137298127511380.62,-138168850418304.16,-139045925772426.3,-139929108754662.98,-140818147609481.1,-141712783908992.44,-142612752851143.6,-143517783593908.6,-144427599627446.56,-145341919186256.62,-146260455703409.28,-147182918309001.16,-148109012375031.7,-149038440108952.06,-149970901198192.5,-150906093508018.8,-151843713835115.66,-152783458719332.22,-153725025316067.06,-154668112331793.84,-155612421025259.53,-156557656276902.72,-157503527729055.12,-158449750999486.38,-159396048970854.78,-160342153158608.2,-161287805159853.6,-162232758185682.16,-163176778679383.16,-164119648022923.5,-165061164333991.34,-166001144355812.4,-166939425441843.22,-167875867637318.06,-168810355859488.4,-169742802178230.5,-170673148198517.22,-171601367546046.72,-172527468457098.97,-173451496473440.16,-174373537242829.44,-175293719425383.7,-176212217705736.03,-177129255910580.9,-178045110230824.5,-178960112547159.25,-179874653857464.2,-180789187803974.0,-181704234297689.7,-182620383236999.0,-183538298316950.9,-184458720925078.0,-185382474119089.7,-186310466681168.7,-187243697242987.2,-188183258474941.6,-189130341332450.44,-190086239351517.5,-191052352985086.56,-192030193971052.56,-193021389722106.9,-194027687726919.1,-195050959951465.7,-196093207228634.72,-197156563623533.6,-198243300761232.84,-199355832102955.6,-200496717155992.53,-201668665601840.25,-202874541326236.44,-204117366333862.62,-205400324529458.88,-206726765345937.3,-208100207198690.25,-209524340743643.7,-211003031914582.4,-212540324712778.53,-214140443718856.4,-215807796292934.84,-217546974424233.88,-219362756185213.7,-221260106737673.3,-223244178828646.62,-225320312701986.9,-227494035336623.38,-229771058903981.5,-232157278314127.88,-234658767691889.2,-237281775589280.75,-240032718697671.4,-242918173770449.25,-245944867402464.3,-249119663233684.25,-252449546048232.16,-255941602122589.7,-259602995033704.8,-263440935963572.2,-267462647324831.7,-271675318273871.38,-276086050363782.72,-280701791206945.38,-285529253550857.7,-290574816602283.8,-295844405740735.9,-301343345913943.1,-307076182969620.6,-313046465905060.8,-319256481453413.7,-325706930503738.4,-332396533484384.9,-339321548917410.56,-346475185739481.25,-353846885511031.94,-361421445085718.9,-369177943416324.6,-377088427591965.4,-450010374826712.7,-459495107778326.9,-469218211941826.5,-479120112927874.7,-489122725369247.6,-681475506367758.9,-699447714029889.4,-717501062939738.0,-735388667536148.5,-752791692433555.9,-748656088204859.5,-774512249853020.9,-800512767812551.9,-826139836191501.2,-850696146451054.2,-873251675465991.6,-1050900669564735.4,-1082292438659441.8,-1110772050661912.4,-1134212628903790.8,-1149692446576218.0,-1306268520517853.5,-1342735897067953.0,-1365963061794437.0,-1367378591157872.2,-1334529114771227.8,-1780164575538186.0,-1782629998257071.5,-1713607509637212.2,-1525546922369006.0,-1144231439939644.0,-1897011538737288.8,-1377550837215700.0,-182934640676491.8,2218087815445685.2,6448662683957571.0,1.1387789732034322e+16,1.9468540931912036e+16,0.0
769.0,-110037928737107.62,-109889626935207.44,-109740842804788.28,-109591620406070.8,-109442004893287.77,-109292042530024.05,-109141780704573.56,-108991267945304.5,-108840553936026.0,-108689689531341.4,-108538726771985.31,-108387718900127.6,-108236720374637.52,-108085786886293.88,-107934975372930.66,-107784344034505.08,-107633952348075.88,-107483861082675.77,-107334132314066.69,-107184829439362.12,-107036017191498.28,-106887761653542.98,-106740130272821.6,-106593191874843.62,-106447016677011.4,-106301676302093.84,-106157243791443.66,-106013793617936.44,-105871401698615.23,-105730145407012.4,-105590103585131.1,-105451356555059.3,-105313986130193.2,-105178075626045.16,-105043709870607.44,-104910975214246.6,-104779959539100.2,-104650752267944.3,-104523444372503.8,-104398128381173.2,-104274898386115.14,-104153850049703.9,-104035080610277.95,-103918688887168.78,-103804775284963.94,-103693441796971.52,-103584792007843.56,-103478931095318.48,-103375965831041.94,-103276004580420.84,-103179157301469.05,-103085535542595.8,-102995252439292.9,-102908422709671.28,-102825162648795.1,-102745590121768.5,-102669824555512.95,-102597986929191.9,-102530199763219.77,-102466587106801.94,-102407274523947.4,-102352389077893.69,-102302059313884.84,-102256415240237.66,-102215588307634.58,-102179711386576.66,-102148918742930.78,-102123346011503.66,-102103130167569.2,-102088409496287.22,-102079323559930.1,-102076013162852.95,-102078620314129.31,-102087288187776.94,-102102161080493.28,-102123384366830.9,-102151104451723.5,-102185468720290.1,-102226625484833.12,-102274723928946.44,-102329914048656.06,-102392346590505.69,-102462172986504.69,-102539545285854.44,-102624616083370.42,-102717538444510.78,-102818465826932.77,-102927551998489.28,-103044950951580.72,-103170816813784.88,-103305303754674.12,-103448565888747.66,-103600757174391.22,-103762031308791.9,-103932541618728.7,-104112440947166.14,-104301881535580.02,-104501014901945.31,-104709991714323.22,-104928961659985.2,-105158073310016.95,-105397473979352.48,-105647309582185.2,-105907724482723.69,-106178861341250.31,-106460860955456.6,-106753862097037.2,-107058001343528.02,-107373412905387.05,-107700228448322.9,-108038576910891.44,-108388584317386.08,-108750373586066.28,-109124064332774.8,-109509772670017.98,-109907611001588.02,-110317687812832.05,-110740107456684.7,-111174969935602.4,-111622370679557.58,-112082400320270.6,-112555144461884.06,-113040683448306.66,-113539092127476.34,-114050439612829.16,-114574789042278.9,-115112197335054.77,-115662714946766.48,-116226385623111.6,-116803246152669.72,-117393326119270.1,-117996647654462.23,-118613225190658.05,-119243065215567.05,-119886166028586.12,-120542517499864.6,-121212100832813.38,-121894888330883.72,-122590843169504.84,-123299919174122.8,-124022060605356.69,-124757201952348.95,-125505267735462.77,-126266172319542.95,-127039819739052.52,-127826103536452.2,-128624906615293.6,-129436101109571.38,-130259548270976.5,-131095098375774.9,-131942590653144.08,-132801853236888.52,-133672703142562.05,-134554946272126.6,-135448377448390.6,-136352780481569.12,-137267928270434.4,-138193582940629.0,-139129496022838.22,-140075408673637.0,-141031051941943.38,-141996147084135.62,-142970405931019.38,-143953531309939.75,-144945217525475.75,-145945150902261.38,-146953010393613.28,-147968468259754.56,-148991190819550.88,-150020839279786.25,-151057070646116.75,-152099538719948.38,-153147895185584.9,-154201790792085.1,-155260876634351.38,-156324805538055.0,-157393233553058.66,-158465821560058.25,-159542236995202.16,-160622155697471.1,-161705263883611.0,-162791260255398.5,-163879858243993.0,-164970788396070.9,-166063800906365.38,-167158668301132.1,-168255188276931.84,-169353186698960.7,-170452520762968.6,-171553082324583.72,-172654801399599.0,-173757649838482.44,-174861645178038.7,-175966854672773.72,-177073399508102.06,-178181459197075.53,-179291276161820.75,-180403160500324.4,-181517494938628.3,-182634739967875.9,-183755439164983.7,-184880224695022.3,-186009822992656.4,-187145060619240.7,-188286870291381.6,-189436297075985.1,-190594504746001.6,-191762782290278.28,-192942550570134.9,-194135369114517.44,-195342943044850.9,-196567130120041.28,-197809947891474.1,-199073580957344.3,-200360388305249.6,-201672910731709.47,-203013878327156.9,-204386218015001.12,-205793061133623.6,-207237751050633.1,-208723850799414.2,-210255150728955.03,-211835676159142.75,-213469695035169.12,-215161725576375.5,-216916543916757.3,-218739191736383.7,-220634983885099.4,-222609516001924.1,-224668672135422.25,-226818632371721.4,-229065880477565.4,-231417211565383.7,-233879739785379.8,-236460906045446.88,-239168485752518.72,-242010596557760.1,-244995706071509.5,-248132639490541.25,-251430587048006.1,-254899111152866.25,-258548153027643.7,-262388038576998.4,-266429483120163.03,-270683594491590.8,-275161873848714.56,-279876213313995.84,-284838889308610.75,-290062550092134.6,-295560195587663.3,-301345147021029.4,-307431003205957.6,-313831579425692.1,-320560823746875.6,-327632704190665.6,-335061058398968.1,-342859395167196.4,-351040634336094.5,-359616767872271.1,-368598420297508.0,-377994280661692.3,-387810370616993.4,-471248174121757.9,-483162498042938.8,-495726178965435.75,-508941547559277.0,-522801952648153.4,-711791271371862.6,-736792188122182.1,-763132044379287.5,-790755415909704.8,-819562902098371.0,-805818014350715.1,-841888968643183.6,-880147662468015.0,-920456782786652.8,-962568832169672.2,-1006083003452004.8,-1137245309133065.5,-1190930983680909.0,-1246854138968074.5,-1303927673685462.0,-1360447469456330.8,-1445551148811349.8,-1528878104133518.0,-1612118748286182.2,-1689799854517586.2,-1752975770816744.5,-2082190267091083.5,-2203700705231572.5,-2290273139179290.5,-2301101613825562.5,-2165028541498239.5,-2908549367854039.0,-2870426038698084.5,-2284497066844233.0,-471540591360062.3,3902987543286456.0,1.2119033889529554e+16,2.7207862635484676e+16,0.0
768.5,-128752549928753.12,-128558073547656.95,-128361263341957.16,-128162142606560.5,-127960735717768.56,-127757068155691.64,-127551166526943.48,-127343058587617.12,-127132773266532.72,-126920340688763.14,-126705792199428.05,-126489160387756.05,-126270479111411.36,-126049783521078.23,-125827110085302.44,-125602496615582.06,-125375982291702.6,-125147607687311.7,-124917414795726.06,-124685447055964.12,-124451749378996.69,-124216368174207.77,-123979351376057.72,-123740748470938.2,-123500610524209.72,-123258990207412.0,-123015941825635.6,-122771521345041.36,-122525786420518.22,-122278796423463.4,-122030612469671.9,-121781297447318.52,-121530916045022.12,-121279534779966.1,-121027222026067.05,-120774048042164.48,-120520085000220.78,-120265407013500.0,-120010090164714.48,-119754212534109.1,-119497854227460.72,-119241097403970.16,-118984026304016.88,-118726727276750.52,-118469288807489.44,-118211801544895.94,-117954358327895.78,-117697054212311.64,-117439986497168.3,-117183254750643.31,-116926960835615.9,-116671208934780.31,-116416105575279.3,-116161759652815.66,-115908282455196.77,-115655787685264.48,-115404391483163.88,-115154212447896.64,-114905371658109.56,-114657992692060.84,-114412201646710.06,-114168127155869.12,-113925900407355.95,-113685655159085.31,-113447527754030.88,-113211657133991.06,-112978184852087.42,-112747255083920.77,-112519014637309.88,-112293612960535.84,-112071202149007.05,-111851936950264.4,-111635974767237.5,-111423475659662.98,-111214602343573.1,-111009520188757.2,-110808397214101.94,-110611404080701.69,-110418714082644.95,-110230503135357.5,-110046949761403.3,-109868235073623.16,-109694542755494.2,-109526059038595.08,-109362972677051.42,-109205474918834.77,-109053759473788.94,-108908022478251.95,-108768462456135.64,-108635280276328.36,-108508679106282.23,-108388864361634.77,-108276043651726.56,-108170426720862.52,-108072225385166.1,-107981653464874.06,-107898926711916.08,-107824262732621.48,-107757880905392.64,-107700002293188.36,-107650849550649.12,-107610646825705.77,-107579619655503.69,-107557994856482.44,-107546000408440.8,-107543865332427.52,-107551819562290.31,-107570093809723.72,-107598919422653.4,-107638528236796.8,-107689152420248.16,-107751024310931.69,-107824376246776.34,-107909440388469.9,-108006448534653.23,-108115631929422.44,-108237221062021.08,-108371445458599.2,-108518533465941.94,-108678712027066.95,-108852206448612.16,-109039240159940.88,-109240034463914.64,-109454808279289.62,-109683777874720.38,-109927156594367.78,-110185154575132.23,-110457978455554.31,-110745831076454.48,-111048911173403.69,-111367413061154.88,-111701526310192.08,-112051435415586.9,-112417319458398.05,-112799351759880.64,-113197699528818.34,-113612523502342.95,-114043977580643.88,-114492208456040.6,-114957355236929.42,-115439549067188.9,-115938912741692.69,-116455560318639.66,-116989596729492.6,-117541117387392.05,-118110207794994.95,-118696943152772.6,-119301387968902.34,-119923595671979.16,-120563608227882.48,-121221455762236.9,-121897156190030.69,-122590714854067.62,-123302124174063.7,-124031363308331.62,-124778397830135.52,-125543179420951.5,-126325645583017.95,-127125719373728.1,-127943309164579.06,-128778308427575.42,-129630595552158.62,-130500033695936.28,-131386470672667.62,-132289738881178.5,-133209655279081.48,-134146021405399.44,-135098623456409.48,-136067232419257.56,-137051604268129.34,-138051480227997.77,-139066587111221.77,-140096637732509.31,-141141331408016.44,-142200354544605.25,-143273381325539.22,-144360074499150.1,-145460086277263.62,-146573059350425.8,-147698628027214.12,-148836419505167.44,-149986055281093.94,-151147152708751.38,-152319326712096.47,-153502191662509.56,-154695363428574.78,-155898461607165.4,-157111111944721.5,-158332948957721.9,-159563618761446.72,-160802782116172.5,-162050117699970.16,-163305325617257.2,-164568131152189.8,-165838288775885.7,-167115586416299.97,-168399849999382.62,-169690948269874.25,-170988797899777.75,-172293368892165.3,-173604690287528.7,-174922856179377.3,-176248032045214.12,-177580461398379.47,-178920472765562.53,-180268486994016.44,-181625024891709.03,-182990715202792.1,-184366302919877.5,-185752657933710.47,-187150784019912.3,-188561828161574.62,-189987090205633.03,-191428032850172.0,-192886291959137.88,-194363687200424.7,-195862233002981.7,-197384149828532.56,-198931875753779.6,-200508078359640.25,-202115666925242.2,-203757804926168.53,-205437922838921.44,-207159731256874.0,-208927234327253.2,-210744743524089.3,-212616891778748.2,-214548647997804.16,-216545332007820.2,-218612629978259.84,-220756610387496.5,-222983740612903.0,-225300904244530.88,-227715419243120.1,-230235057087307.28,-232868063082082.1,-235623178030880.62,-238509661507262.7,-241537316998792.1,-244716519235385.6,-248058244056597.7,-251574101216443.6,-255276370569502.1,-259178042126790.62,-263292860512300.1,-267635374388502.8,-272220991447888.4,-277066039582807.12,-282187834841026.94,-287604756740767.7,-293336331445023.3,-299403323165464.6,-305827833960942.75,-312633411787865.8,-319845166214063.9,-327489890577176.2,-335596188490493.9,-344194601390053.9,-353317732164877.9,-363000357667613.4,-373279519863441.8,-384194581268172.8,-477679197510144.4,-491024033163845.7,-505364046480676.8,-520765213380934.6,-537296547383388.5,-700754616454864.5,-729543713975276.5,-760769354518268.0,-794591001808369.4,-831166329473903.9,-810630749033902.0,-852303584365848.1,-897988841000527.9,-947988938793155.0,-1002602116215882.4,-1062104989209470.2,-1153738802357942.5,-1223135265382321.5,-1299946630465445.5,-1384489037157236.5,-1476849240709389.2,-1484092978998636.8,-1603972631007488.2,-1738242760270035.5,-1886371802981464.0,-2045977777175946.5,-2227395814103824.0,-2462926322262087.0,-2715182909475205.0,-2963624370448777.0,-3163524762990433.0,-3707268425057424.0,-4269842642655170.5,-4618196848849035.0,-4162374512322840.0,-1262077395203083.2,8386757057159965.0,3.351944725214457e+16,0.0
768.0,-152590350906152.03,-152393963689126.03,-152193347814672.9,-151988496566661.16,-151779404065511.56,-151566065293765.72,-151348476122167.44,-151126633336270.66,-150900534663573.8,-150670178801188.78,-150435565444050.97,-150196695313675.78,-149953570187467.03,-149706192928583.5,-149454567516367.3,-149198699077343.22,-148938593916787.06,-148674259550875.34,-148405704739417.3,-148132939519171.72,-147855975237756.5,-147574824588151.12,-147289501643799.22,-147000021894310.7,-146706402281766.7,-146408661237633.9,-146106818720283.84,-145800896253123.25,-145490916963335.16,-145176905621230.38,-144858888680212.53,-144536894317349.88,-144210952474561.62,-143881094900410.25,-143547355192498.47,-143209768840471.1,-142868373269616.0,-142523207885058.66,-142174314116546.38,-141821735463817.9,-141465517542546.9,-141105708130854.56,-140742357216383.56,-140375517043920.14,-140005242163555.34,-139631589479373.5,-139254618298652.86,-138874390381567.06,-138490969991367.1,-138104423945031.48,-137714821664362.6,-137322235227509.84,-136926739420898.05,-136528411791538.66,-136127332699698.06,-135723585371895.6,-135317255954203.6,-134908433565817.6,-134497210352866.88,-134083681542427.1,-133667945496699.8,-133250103767320.77,-132830261149753.95,-132408525737726.44,-131985008977661.16,-131559825723052.66,-131133094288741.12,-130704936505021.66,-130275477771537.44,-129844847110893.48,-129413177221923.34,-128980604532549.22,-128547269252154.4,-128113315423403.8,-127678890973425.02,-127244147764274.34,-126809241642598.6,-126374332488403.28,-125939584262832.58,-125505165054863.78,-125071247126809.9,-124638006958526.88,-124205625290208.72,-123774287163655.72,-123344181961892.9,-122915503447009.52,-122488449796089.08,-122063223635088.58,-121640032070526.72,-121219086718825.88,-120800603733159.84,-120384803827637.22,-119971912298660.48,-119562159043281.78,-119155778574377.7,-118753010032455.52,-118354097193898.5,-117959288475449.02,-117568836934725.44,-117183000266555.77,-116802040794913.06,-116426225460220.4,-116055825801794.42,-115691117935185.2,-115332382524166.84,-114979904747121.0,-114633974257551.58,-114294885138466.64,-113962935850348.52,-113638429172426.88,-113321672136976.66,-113012975956336.31,-112712655942350.28,-112421031417930.05,-112138425620420.16,-111865165596452.8,-111601582087970.56,-111348009409089.4,-111104785313476.05,-110872250851902.4,-110650750219647.16,-110440630593403.88,-110242241957361.6,-110055936918117.16,-109882070508085.06,-109720999977071.77,-109573084571679.44,-109438685302217.05,-109318164696797.48,-109211886542306.36,-109120215611944.4,-109043517379044.98,-108982157716894.23,-108936502584289.78,-108906917696587.7,-108893768182021.56,-108897418223084.72,-108918230682803.98,-108956566715757.48,-109012785363722.56,-109087243135877.1,-109180293573516.4,-109292286799293.8,-109423569051041.22,-109574482200277.8,-109745363255578.08,-109936543851029.52,-110148349720084.48,-110381100155185.31,-110635107453621.1,-110910676350172.1,-111208103437184.12,-111527676572828.12,-111869674278409.0,-112234365125707.98,-112622007115477.88,-113032847048341.56,-113467119889502.34,-113925048128832.64,-114406841138070.28,-114912694527049.77,-115442789501073.2,-115997292221743.95,-116576353173801.2,-117180106540725.95,-117808669592134.06,-118462142086241.9,-119140605690947.56,-119844123427383.02,-120572739140080.72,-121326476998227.02,-122105341032813.4,-122909314714846.66,-123738360580151.05,-124592419906678.06,-125471412450650.12,-126375236248271.4,-127303767490181.31,-128256860476275.78,-129234347658978.4,-130236039783533.84,-131261726134375.23,-132311174897130.78,-133384133646347.23,-134480329969525.31,-135599472238607.16,-136741250540579.4,-137905337779404.44,-139091390962028.48,-140299052681757.48,-141527952812819.06,-142777710430455.12,-144047935971397.28,-145338233650071.84,-146648204146343.1,-147977447581052.5,-149325566796015.66,-150692170955508.56,-152076879486599.4,-153479326375960.22,-154899164841004.53,-156336072393359.03,-157789756312754.72,-159259959549446.0,-160746467073185.06,-162249112686640.16,-163767786320896.84,-165302441830362.97,-166853105303972.38,-168419883909091.25,-170002975283940.94,-171602677493701.97,-173219399564756.03,-174853672610777.06,-176506161563630.8,-178177677521309.6,-179869190724477.22,-181581844172668.7,-183316967890851.3,-185076093857016.0,-186860971601800.8,-188673584492013.7,-190516166711446.8,-192391220954760.84,-194301536853665.2,-196250210159400.9,-198240662711936.1,-200276663234671.38,-202362349004230.5,-204502248458566.0,-206701304823689.03,-208964900860490.44,-211298884859082.1,-213709598039730.1,-216203903557713.7,-218789217355478.88,-221473541160507.47,-224265497992840.8,-227174370623828.7,-230210143519250.53,-233383548907584.7,-236706117740195.38,-240190236457241.03,-243849210644055.1,-247697336860943.38,-251749984158348.3,-256023687053181.3,-260536252045190.4,-265306880099291.28,-270356307915997.6,-275706971262937.3,-281383194151689.7,-287411408221681.5,-293820407342414.75,-300641643172076.7,-307909568218801.6,-315662033842597.8,-323940751609950.56,-332791827462375.8,-342266379268975.06,-352421249471509.4,-363319825647650.4,-466110152091178.8,-479512008105407.4,-494105817269644.3,-510005873395038.8,-527340441041147.4,-645805587004107.2,-673840770706146.8,-704949879578924.4,-739466636898749.8,-777765905496332.1,-760636111714078.9,-801657889200600.4,-847794250012694.2,-899710928767771.9,-958178214008196.6,-1024087209475750.0,-1089269114707829.0,-1163069390912558.5,-1248041592832070.0,-1345844801857522.0,-1458389939882123.8,-1397316085428940.0,-1531897846878434.0,-1692310324827466.0,-1883294160773284.8,-2110155429071224.8,-2149209500369188.0,-2459258078691865.0,-2838869060348166.0,-3297112166075031.5,-3835415788952085.0,-4002858643972129.0,-5114929051396404.0,-6488353389736368.0,-7913632446105646.0,-8314876905471398.0,-2525552789286624.0,2.3576762699715856e+16,0.0
767.5,-181419272619717.12,-181281083608844.6,-181136997931485.4,-180986972205254.16,-180830963392803.4,-180668928824860.0,-180500826223919.6,-180326613728610.1,-180146249918742.4,-179959693841056.47,-179766905035684.44,-179567843563340.16,-179362470033254.25,-179150745631865.75,-178932632152290.16,-178708092024576.6,-178477088346768.8,-178239584916790.28,-177995546265163.78,-177744937688585.9,-177487725284372.25,-177223875985784.56,-176953357598266.62,-176676138836593.25,-176392189362958.1,-176101479826013.97,-175803981900881.94,-175499668330146.34,-175188512965854.06,-174870490812531.22,-174545578071241.1,-174213752184690.94,-173874991883412.94,-173529277233032.28,-173176589682636.88,-172816912114270.28,-172450228893562.06,-172076525921509.25,-171695790687430.2,-171308012323101.56,-170913181658100.16,-170511291276354.84,-170102335573938.34,-169686310818099.28,-169263215207556.28,-168833048934068.88,-168395814245293.3,-167951515508940.4,-167500159278246.97,-167041754358770.3,-166576311876519.44,-166103845347432.72,-165624370748208.34,-165137906588500.84,-164644473984487.25,-164144096733812.88,-163636801391918.56,-163122617349756.75,-162601576912898.38,-162073715382032.38,-161539071134857.84,-160997685709368.22,-160449603888525.3,-159894873786317.44,-159333546935196.28,-158765678374883.3,-158191326742538.53,-157610554364275.84,-157023427348009.34,-156430015677620.28,-155830393308418.44,-155224638263875.28,-154612832733611.22,-153995063172599.88,-153371420401563.9,-152741999708525.28,-152106900951472.62,-151466228662103.25,-150820092150595.62,-150168605611360.06,-149511888229715.97,-148850064289434.44,-148183263281087.53,-147511620011129.9,-146835274711644.78,-146154373150672.5,-145469066743037.62,-144779512661586.38,-144085873948735.06,-143388319628227.5,-142687024816994.38,-141982170836991.84,-141273945326903.3,-140562542353566.16,-139848162522985.52,-139131013090791.72,-138411308071976.52,-137689268349752.52,-136965121783352.31,-136239103314589.16,-135511455072985.23,-134782426479256.7,-134052274346945.22,-133321262981975.0,-132589664279884.1,-131857757820493.52,-131125830959744.31,-130394178918434.66,-129663104867565.77,-128932920009994.23,-128203943658085.28,-127476503307029.88,-126750934703485.12,-126027581909188.6,-125306797359161.95,-124588941914125.69,-123874384906717.2,-123163504181094.4,-122456686125489.3,-121754325697258.1,-121056826439961.5,-120364600491987.23,-119678068586213.78,-118997660040195.7,-118323812736332.6,-117656973091469.9,-116997596015359.77,-116346144857393.77,-115703091341003.88,-115068915485113.77,-114444105511998.84,-113829157740908.92,-113224576466782.62,-112630873823377.28,-112048569630115.92,-111478191221951.12,-110920273261524.69,-110375357532898.48,-109843992716124.4,-109326734141909.02,-108824143525629.92,-108336788679959.77,-107865243205343.86,-107410086157597.48,-106971901691875.86,-106551278682293.95,-106148810316483.14,-105765093664377.8,-105400729220567.22,-105056320419552.69,-104732473123297.44,-104429795080488.52,-104148895356970.72,-103890383736869.5,-103654870093973.3,-103442963733017.8,-103255272700576.72,-103092403065364.52,-102954958167841.95,-102843537839114.98,-102758737589249.52,-102701147765239.14,-102671352679013.52,-102669929706032.56,-102697448355177.5,-102754469310849.06,-102841543448376.6,-102959210824076.69,-103107999641542.06,-103288425195997.7,-103500988798860.95,-103746176684944.4,-104024458905072.72,-104336288207254.14,-104682098909918.12,-105062305771166.9,-105477302858413.28,-105927462423259.44,-106413133786987.44,-106934642242553.69,-107492287979572.23,-108086345039367.28,-108717060307830.16,-109384652554495.2,-110089311526967.1,-110831197110596.78,-111610438564095.3,-112427133842615.69,-113281349020701.64,-114173117828425.02,-115102441314975.72,-116069287654958.3,-117073592113676.36,-118115257188736.1,-119194152946388.22,-120310117572145.6,-121462958156346.4,-122652451736501.78,-123878346619427.5,-125140364007359.52,-126438199953434.06,-127771527673098.9,-129140000239204.2,-130543253689681.52,-131980910577843.72,-133452583996446.2,-134957882107694.05,-136496413212384.38,-138067791392300.52,-139671642760836.8,-141307612357613.4,-142975371723532.0,-144674627193309.3,-146405128943043.2,-148166680830756.56,-149959151068192.97,-151782483762382.7,-153636711365687.2,-155521968073206.56,-157438504206637.5,-159386701623952.56,-161367090194739.88,-163380365381781.72,-165427406970614.78,-167509298990574.06,-169627350873404.0,-171783119899192.44,-173978434984498.12,-176215421874516.6,-178496529810476.53,-180824559755813.3,-183202694280791.8,-185634529226054.88,-188124107292206.88,-190675953736294.7,-193295114398579.38,-195987196336188.56,-198758411406438.8,-201615623224541.9,-204566398021372.5,-207619060050854.2,-210782752348008.3,-214067503823309.47,-217484303903323.88,-221045186199486.9,-224763323015655.7,-228653132901831.0,-232730403939444.5,-237012436018619.3,-241518206058719.47,-246268560952902.25,-251286444012404.1,-256597161879567.12,-262228700309576.0,-268212098937326.25,-274581897205857.9,-281376666107430.03,-288639643364714.44,-296419493265114.75,-304771216688922.75,-313757242107099.5,-323448734673163.8,-434277772682141.2,-446254267017338.8,-459418364716776.4,-473903390673929.0,-489862857468991.25,-551601234903830.4,-573942723277793.0,-599340635012342.6,-628205387437928.1,-661016273100841.6,-661673975156617.1,-695318314933537.9,-734122717734703.5,-778918205583067.5,-830711846679283.1,-890732027156309.1,-946366533850855.0,-1010806002426117.4,-1087579916956062.0,-1179162250194082.2,-1288673289952699.2,-1184025662382013.8,-1304656442323769.8,-1455622317637553.8,-1645333206541326.0,-1885079551887340.0,-1820854327476207.2,-2135454470098854.5,-2555265406490355.0,-3118464579416391.5,-3878011814503811.0,-3612247718277484.0,-5033736414168694.0,-7192211849733938.0,-1.0443750226694044e+16,-1.5065294466362226e+16,-1.886997085196708e+16,-7495089780365895.0,0.0
767.0,-214578508335910.84,-214571956894729.03,-214558382059541.25,-214537701599607.5,-214509832922136.62,-214474693086165.7,-214432198817078.25,-214382266521783.38,-214324812304571.84,-214259751983669.7,-214187001108512.16,-214106474977755.12,-214018088658051.3,-213921757003606.44,-213817394676542.4,-213704916168089.88,-213584235820632.28,-213455267850627.12,-213317926372428.5,-213172125423034.9,-213017778987791.6,-212854801027067.6,-212683105503942.9,-212502606412924.44,-212313217809725.38,-212114853842133.7,-211907428781998.25,-211690857058366.3,-211465053291797.7,-211229932329890.6,-210985409284048.2,-210731399567522.2,-210467818934760.4,-210194583522097.03,-209911609889817.7,-209618815065632.7,-209316116589598.1,-209003432560516.03,-208680681683852.7,-208347783321212.1,-208004657541403.9,-207651225173139.6,-207287407859401.9,-206913128113523.8,-206528309377016.4,-206132876079190.47,-205726753698606.88,-205309868826406.44,-204882149231551.44,-204443523928030.25,-203993923244064.25,-203533278893360.1,-203061524048456.88,-202578593416203.8,-202084423315425.7,-201578951756808.1,-201062118525059.38,-200533865263389.1,-199994135560350.4,-199442875039093.8,-198880031449077.9,-198305554760283.7,-197719397259980.4,-197121513652085.3,-196511861159172.47,-195890399627162.97,-195257091632759.6,-194611902593656.1,-193954800881576.3,-193285757938181.5,-192604748393898.9,-191911750189698.88,-191206744701883.84,-190489716869911.12,-189760655327303.5,-189019552535679.6,-188266404921943.7,-187501213018674.1,-186723981607740.1,-185934719867179.7,-185133441521376.9,-184320164994556.1,-183494913567626.88,-182657715538400.1,-181808604385194.47,-180947618933853.84,-180074803528185.2,-179190208203831.34,-178293888865582.56,-177385907468127.3,-176466332200245.34,-175535237672428.7,-174592705107923.7,-173638822537171.78,-172673684995628.06,-171697394724925.25,-170710061377345.4,-169711802223557.12,-168702742363565.3,-167683014940809.8,-166652761359351.16,-165612131504058.6,-164561283963714.1,-163500386256942.28,-162429615060840.12,-161349156442207.8,-160259206091228.06,-159159969557464.8,-158051662488011.3,-156934510867621.44,-155808751260630.75,-154674631054472.0,-153532408704555.28,-152382353980280.62,-151224748211930.94,-150059884538159.3,-148888068153788.7,-147709616557599.12,-146524859799767.8,-145334140728602.66,-144137815236184.06,-142936252502500.7,-141729835237651.7,-140518959921646.6,-139304037041313.31,-138085491323794.06,-136863761966077.12,-135639302859983.44,-134412582811990.5,-133184085757244.3,-131954310967075.2,-130723773249296.28,-129493003140522.0,-128262547089716.86,-127032967632127.22,-125804843552725.66,-124578770038244.88,-123355358816834.16,-122135238284338.95,-120919053616142.58,-119707466863478.14,-118501157033065.56,-117300820148878.69,-116107169294809.48,-114920934636935.9,-113742863424068.86,-112573719965181.06,-111414285582300.92,-110265358537388.2,-109127753931663.2,-108002303575826.1,-106889855829546.72,-105791275408567.98,-104707443157725.6,-103639255788146.44,-102587625576857.94,-101553480026990.56,-100537761486761.94,-99541426725369.28,-98565446463924.72,-97610804859550.44,-96678498940733.95,-95769537992065.5,-94884942886474.38,-94025745363108.05,-93192987249033.1,-92387719622973.56,-91611001919360.8,-90863900971046.78,-90147489989106.9,-89462847478277.03,-88811056086681.6,-88193201388664.25,-87610370599694.47,-87063651222512.31,-86554129623910.69,-86082889541777.22,-85651010522326.25,-85259566287742.0,-84909623034825.81,-84602237665617.69,-84338455951404.12,-84119310631996.72,-83945819452708.03,-83818983142009.12,-83739783333508.62,-83709180436574.75,-83728111460683.31,-83797487799388.03,-83918192980707.64,-84091080391684.17,-84316970985899.77,-84596650983865.53,-84930869577390.1,-85320336650328.11,-85765720529476.75,-86267645780863.88,-86826691068229.27,-87443387092151.84,-88118214630047.2,-88851602699093.84,-89643926866113.56,-90495507730476.44,-91406609608257.86,-92377439448108.44,-93408146011646.4,-94498819353607.05,-95649490639492.05,-96860132341053.77,-98130658852607.86,-99460927573890.66,-100850740507954.05,-102299846425399.84,-103807943649117.6,-105374683516544.78,-106999674579353.2,-108682487603340.05,-110422661434165.08,-112219709797422.8,-114073129104377.52,-115982407337496.42,-117947034092745.94,-119966511858458.4,-122040368613493.42,-124168171830474.88,-126349543973151.88,-128584179580565.28,-130871864034851.48,-133212494114421.95,-135606100440214.44,-138052871930132.62,-140553182386158.31,-143107619350598.88,-145717015383358.06,-148382481932013.7,-151105445992191.94,-153887689788885.62,-156731393752061.47,-159639183114679.0,-162614178531363.12,-165660051205382.44,-168781083125216.34,-171982233155992.7,-175269209912953.66,-178648552573196.5,-182127721069751.9,-185715197472766.2,-189420600813676.0,-193254818171352.5,-197230155540917.7,-201360512879155.8,-205661588805853.88,-210151121788336.0,-214849176309378.62,-219778484594282.1,-224964857047985.03,-230437677748976.0,-236230505315706.75,-242381804395522.56,-248935839169846.9,-255943767933966.53,-263464987395455.84,-380171001494341.94,-389434811178625.4,-399678286639482.3,-411018527727609.2,-423592002731687.75,-429443926872087.1,-441828198481141.8,-456579801039504.06,-474062769640451.25,-494710891714819.4,-526895537306224.4,-547350349155462.9,-571925764167327.8,-601364014720704.4,-636587815771560.6,-678757157757052.4,-741539007552852.9,-783587722265865.8,-836111300661530.2,-901550686674274.6,-983129090324410.2,-868796506132475.6,-947518323464415.2,-1052328061491781.6,-1192139421335738.0,-1379906181498818.0,-1272582118961222.5,-1507759354231585.8,-1850663721710718.8,-2355305717017447.0,-3109379084243931.5,-2539853411893257.0,-3880820248973181.0,-6256920904506052.0,-1.0570037770719382e+16,-1.8710700361988028e+16,-3.463122160138859e+16,-6.3142826057313e+16,0.0
766.5,-250782376705828.03,-250989240588926.25,-251188817568544.4,-251380990442004.97,-251565640804589.7,-251742649047954.03,-251911894358968.56,-252073254719009.3,-252226606903714.0,-252371826483226.3,-252508787822950.8,-252637364084834.2,-252757427229203.7,-252868848017179.2,-252971496013685.5,-253065239591090.4,-253149945933491.0,-253225481041679.6,-253291709738808.44,-253348495676791.25,-253395701343461.7,-253433188070523.6,-253460816042320.7,-253478444305461.44,-253485930779326.62,-253483132267497.7,-253469904470136.62,-253446101997358.4,-253411578383624.97,-253366186103208.88,-253309776586755.0,-253242200238988.9,-253163306457608.0,-253072943653403.7,-252970959271649.12,-252857199814808.9,-252731510866610.4,-252593737117524.8,-252443722391709.28,-252281309675461.0,-252106341147232.4,-251918658209264.72,-251718101520891.44,-251504511033571.8,-251277726027708.25,-251037585151313.6,-250783926460580.88,-250516587462428.62,-250235405159077.5,-249940216094730.16,-249630856404422.7,-249307161865111.0,-248968967949075.3,-248616109879704.2,-248248422689742.8,-247865741282078.3,-247467900493142.25,-247054735159012.1,-246626080184296.1,-246181770613883.1,-245721641707648.56,-245245529018204.44,-244753268471784.1,-244244696452355.6,-243719649889060.1,-243177966347072.03,-242619484121982.0,-242044042337800.97,-241451481048696.28,-240841641344557.03,-240214365460507.47,-239569496890466.25,-238906880504878.25,-238226362672721.6,-237527791387912.88,-236811016400228.5,-236075889350861.28,-235322263912736.53,-234549995935713.4,-233758943596793.7,-232948967555471.84,-232119931114352.75,-231271700385171.6,-230404144460345.6,-229517135590198.3,-228610549365986.47,-227684264908870.62,-226738165064970.1,-225772136606635.7,-224786070440087.1,-223779861819554.1,-222753410568061.7,-221706621305001.6,-220639403680636.8,-219551672617672.9,-218443348560044.75,-217314357729055.5,-216164632387008.97,-214994111108472.9,-213802739059310.1,-212590468283612.1,-211357257998667.8,-210103074898092.4,-208827893463250.25,-207531696283083.12,-206214474382470.1,-204876227559222.97,-203516964729834.25,-202136704284065.84,-200735474448479.7,-199313313658996.7,-197870270942550.1,-196406406307917.7,-194921791145772.1,-193416508638011.9,-191890654176391.7,-190344335790483.8,-188777674584973.5,-187190805186272.56,-185583876198432.72,-183957050668314.9,-182310506559936.5,-180644437237928.4,-178959051959983.03,-177254576378161.75,-175531253048907.6,-173789341951568.9,-172029121015226.44,-170250886653566.88,-168454954307523.44,-166641658995369.28,-164811355869898.2,-162964420782297.7,-161101250852275.06,-159222265043943.34,-157327904746931.8,-155418634362131.8,-153494941891432.8,-151557339530744.2,-149606364265545.25,-147642578468121.47,-145666570495604.53,-143678955287836.88,-141680374964018.7,-139671499417009.31,-137653026904082.98,-135625684632830.42,-133590229340825.48,-131547447867574.52,-129498157717152.4,-127443207609844.34,-125383478020990.66,-123319881705113.66,-121253364203300.62,-119184904331679.88,-117115514648706.5,-115046241898832.69,-112978167430015.16,-110912407582352.1,-108850114045007.52,-106792474178422.95,-104740711298672.52,-102696084920640.94,-100659890956558.94,-98633461866257.52,-96618166755330.9,-94615411417235.88,-92626638315182.56,-90653326499485.34,-88696991455892.34,-86759184880216.0,-84841494374439.88,-82945543059285.4,-81072989098076.78,-79225525126575.0,-77404877583304.19,-75612805934744.44,-73851101789644.03,-72121587896575.28,-70426117018756.0,-68766570680079.125,-67144857776213.19,-65562913044612.56,-64022695387245.44,-62526186039866.19,-61075386581722.31,-59672316779653.25,-58319012260695.19,-57017522007462.47,-55769905670843.59,-54578230694817.09,-53444569248569.59,-52370994961544.09,-51359579457539.34,-50412388684611.78,-49531479038216.375,-48718893275836.5,-47976656222272.59,-47306770265800.59,-46711210646592.44,-46191920540111.47,-45750805939663.41,-45389730343944.88,-45110509257224.53,-44914904511823.19,-44804618424755.88,-44781287802821.375,-44846477813079.09,-45001675738535.97,-45248284641989.44,-45587616964388.06,-46020888087720.59,-46549209896394.56,-47173584375319.94,-47894897287437.03,-48713911978289.22,-49631263360400.91,-50647452135707.16,-51762839320087.16,-52977641140189.72,-54291924379201.234,-55705602254998.55,-57218430921239.125,-58830006689400.06,-60539764077551.27,-62346974799763.7,-64250747818527.17,-66250030591393.234,-68343611652311.66,-70530124677842.67,-72808054198716.25,-75175743128157.34,-77631402290228.53,-80173122144387.56,-82798886916909.11,-85506591366207.56,-88294060428186.64,-91159072010319.44,-94099383230523.64,-97112760430581.69,-100197013335998.28,-103350033787534.31,-106569839537879.22,-109854623694701.72,-113202810504866.42,-116613118321883.6,-120084630790029.86,-123616877527419.28,-127209925913831.06,-130864486009534.9,-134582031177204.38,-138364937686933.4,-142216647501387.9,-146141859624511.1,-150146756930329.94,-154239277367316.22,-158429440985701.16,-162729747523407.25,-167155663520847.16,-171726223386616.06,-176464775855033.72,-181399916317048.62,-300710731113505.25,-306419031662431.6,-312747479495047.6,-319766331748312.25,-327557338614732.1,-294969425427042.4,-294754915068109.0,-295714338949706.9,-298062614228285.6,-302057423872907.94,-374158682088496.56,-377683999342155.4,-383499175742150.6,-392045119182639.1,-403876453338632.1,-419705707370647.25,-501882616954092.1,-512316343012179.5,-528906590024777.44,-553207342927869.6,-587354741662160.5,-496388916058592.4,-513635997079597.75,-545215472916466.9,-597017412898484.5,-678304947618333.6,-593621413038556.1,-677048772550485.2,-832361676469999.5,-1106498967477927.6,-1584561528118333.5,-998151638857738.0,-1808901184600944.5,-3601455116090092.0,-7545877096201053.0,-1.6587489066149248e+16,-3.982969236851279e+16,-1.024369788675869e+17,0.0
766.0,-288067391584025.2,-288570319273686.5,-289066840819189.6,-289556814876943.25,-290040098058888.6,-290516544910978.5,-290986007891683.06,-291448337350534.56,-291903381506724.9,-292350986427766.75,-292790996008238.1,-293223251948621.25,-293647593734255.0,-294063858614413.3,-294471881581532.94,-294871495350606.06,-295262530338753.4,-295644814645005.25,-296018174030305.25,-296382431897761.4,-296737409273167.7,-297082924785817.8,-297418794649637.2,-297744832644660.56,-298060850098880.5,-298366655870492.94,-298662056330575.6,-298946855346222.06,-299220854264168.94,-299483851894947.6,-299735644497592.94,-299976025764949.9,-300204786809608.9,-300421716150516.25,-300626599700292.9,-300819220753308.75,-300999359974555.5,-301166795389359.2,-301321302373988.75,-301462653647197.75,-301590619262763.6,-301704966603065.2,-301805460373762.6,-301891862599632.94,-301963932621620.1,-302021427095164.7,-302064099989874.1,-302091702590600.6,-302103983499995.6,-302100688642615.7,-302081561270647.94,-302046341971337.0,-301994768676191.5,-301926576672051.44,-301841498614106.6,-301739264540948.1,-301619601891752.44,-301482235525686.94,-301326887743640.3,-301153278312377.94,-300961124491227.75,-300750141061409.6,-300520040358115.2,-300270532305463.4,-300001324454447.06,-299712122024000.0,-299402627945311.9,-299072542909528.06,-298721565418971.6,-298349391842029.9,-297955716471859.1,-297540231589053.3,-297102627528443.8,-296642592750184.9,-296159813915303.94,-295653975965878.75,-295124762210035.75,-294571854411943.75,-293994932887002.3,-293393676602414.8,-292767763283362.0,-292116869524972.2,-291440670910317.44,-290738842134651.1,-290011057136118.1,-289256989233178.44,-288476311268984.25,-287668695762961.3,-286833815069856.56,-285971341546513.06,-285080947726648.9,-284162306503918.56,-283215091323546.5,-282238976382828.0,-281233636840804.0,-280198749037415.4,-279133990722468.1,-278039041294725.1,-276913582051471.03,-275757296448888.4,-274569870373602.3,-273350992425751.7,-272100354213957.2,-270817650662566.28,-269502580331556.4,-268154845749493.88,-266774153759946.75,-265360215881767.6,-263912748683655.7,-262431474173426.75,-260916120202423.3,-259366420885506.97,-257782117037068.62,-256162956623519.2,-254508695232716.16,-252819096560781.03,-251093932916789.84,-249332985745796.75,-247536046170675.6,-245702915553252.4,-243833406075214.56,-241927341339277.7,-239984556991094.28,-238004901362383.25,-235988236135765.3,-233934437031779.47,-231843394518552.0,-229715014544585.84,-227549219295132.25,-225345947972586.25,-223105157601353.88,-220826823857608.0,-218510941924346.2,-216157527372138.25,-213766617065931.44,-211338270098267.88,-208872568749222.8,-206369619473353.38,-203829553913923.88,-201252529944613.88,-198638732738884.8,-195988375867146.3,-193301702421789.3,-190578986170118.84,-187820532735137.03,-185026680804091.7,-182197803364588.56,-179334308968034.25,-176436643020046.53,-173505289097412.8,-170540770291040.5,-167543650574267.3,-164514536195751.88,-161454077096052.72,-158362968346858.53,-155241951611697.03,-152091816626757.84,-148913402700335.2,-145707600229177.88,-142475352229850.44,-139217655882996.56,-135935564088172.0,-132630187026662.6,-129302693729459.38,-125954313647272.06,-122586338219185.62,-119200122436239.31,-115797086395888.88,-112378716842947.72,-108946568692243.4,-105502266527824.88,-102047506073139.8,-98584055626158.31,-95113757452957.48,-91638529132782.34,-88160364847097.75,-84681336604579.62,-81203595393434.25,-77729372251846.06,-74260979246692.47,-70800810350049.1,-67351342202283.31,-63915134749847.53,-60494831745114.47,-57093161094849.16,-53712935043070.5,-50357050173272.84,-47028487214074.91,-43730310631499.56,-40465667990199.31,-37237789064965.78,-34049984682956.03,-30905645276093.22,-27808239122102.344,-24761310251685.0,-21768475998329.688,-18833424166287.312,-15959909791244.969,-13151751467293.906,-10412827212852.188,-7747069847306.406,-5158461849291.375,-2651029666747.3125,-228837448185.875,2104019836025.125,4343423914052.875,6485241406736.031,8525332727768.969,10459561722273.28,12283806075956.28,13993968526658.562,15585988909437.406,17055857065396.623,18399626643147.28,19613429820139.188,20693492968965.16,21636153291182.625,22437876438058.53,23095275133951.902,23605128813691.78,23964404280234.53,24170277383043.81,24220155710930.16,24111702285457.875,23842860232399.44,23411878399010.56,22817337874024.875,22058179355187.125,21133731295719.625,20043738746376.188,18788392793491.16,17368360475791.469,15784815043498.938,14039466402528.906,12134591564304.656,10073064897925.312,7858387956151.75,5494718620049.656,2986899279158.437,340483734960.125,-2438237514811.547,-5342213984644.672,-8363614308271.281,-11493808183268.623,-14723351626879.623,-18041976053517.938,-21438581724627.344,-24901236167430.83,-28417178214034.297,-31972828381732.844,-35553806407234.11,-39144956873660.24,-42730384046708.02,-46293497289631.93,-49817068790134.14,-53283305853871.375,-56673940765632.52,-59970342281819.73,-63153654321590.92,-66204969538640.41,-69105548410537.484,-71837098586797.98,-189968006130189.2,-191812798071809.6,-193862314702625.5,-196123577530020.3,-198602744179790.56,-164375543084326.66,-151150280229891.88,-137678232834309.84,-123981257365150.56,-110081369118235.6,-222437278353773.44,-207967156328092.1,-193641010427025.7,-179513886729790.84,-165645420737112.22,-152111180023277.75,-259069936101331.47,-234247798739046.75,-210192450293732.1,-187075683780752.1,-165185131825369.0,-119561352474383.6,-69185130834455.58,-17870174138094.78,33841284760423.883,84319976231361.19,86590099539821.02,189655126188997.03,284395586413288.56,353498164614350.3,356964107107147.1,617987854162547.4,689955459569347.5,279307233563247.2,-1516573444064456.8,-7303392228265533.0,-2.6096187287440584e+16,-8.62935340429286e+16,0.0
765.5,-323801682573459.0,-324674634159134.7,-325543390483140.0,-326407803697700.6,-327267723228555.4,-328122995732339.75,-328973465053456.9,-329818972180433.06,-330659355201758.4,-331494449261212.1,-332324086512678.0,-333148096074446.8,-333966303983010.56,-334778533146353.0,-335584603296733.94,-336384330942977.0,-337177529322263.6,-337964008351433.75,-338743574577806.5,-339516031129521.0,-340281177665404.9,-341038810324381.4,-341788721674421.5,-342530700661048.1,-343264532555406.0,-343989998901906.6,-344706877465460.1,-345414942178305.4,-346113963086456.0,-346803706295773.0,-347483933917683.06,-348154404014558.75,-348814870544776.4,-349465083307478.0,-350104787887051.1,-350733725597352.3,-351351633425701.1,-351958243976663.3,-352553285415656.2,-353136481412403.4,-353707551084268.0,-354266208939500.25,-354812164820428.06,-355345123846633.6,-355864786358151.6,-356370847858728.06,-356862998959184.8,-357340925320936.6,-357804307599706.2,-358252821389487.2,-358686137166813.3,-359103920235383.25,-359505830671106.25,-359891523267628.4,-360260647482402.56,-360612847383377.25,-360947761596368.5,-361265023253201.94,-361564259940692.5,-361845093650555.75,-362107140730333.44,-362350011835430.06,-362573311882351.5,-362776640003255.75,-362959589501911.9,-363121747811191.4,-363262696452197.25,-363382010995162.2,-363479261022238.6,-363554010092319.25,-363605815708025.6,-363634229285010.9,-363638796123739.6,-363619055383890.5,-363574540061564.4,-363504776969464.3,-363409286720237.6,-363287583713163.6,-363139176124402.0,-362963565900988.8,-362760248758825.9,-362528714184864.9,-362268445443746.0,-361978919589123.4,-361659607479947.7,-361309973801968.0,-360929477094737.25,-360517569784419.4,-360073698222692.5,-359597302732077.94,-359087817658024.1,-358544671428084.75,-357967286618558.9,-357355080028963.94,-356707462764731.9,-356023840328533.8,-355303612720655.25,-354546174548862.1,-353750915148212.3,-352917218711289.25,-352044464429344.5,-351132026644875.5,-350179275016149.06,-349185574694249.75,-348150286513202.44,-347072767193782.0,-345952369561618.7,-344788442780248.7,-343580332599765.5,-342327381621771.6,-341028929581336.5,-339684313646713.44,-338292868737568.1,-336853927862526.7,-335366822476862.7,-333830882861166.44,-332245438521890.4,-330609818614675.4,-328923352391396.75,-327185369671906.9,-325395201341484.94,-323552179875014.2,-321655639888981.6,-319704918722377.6,-317699357047663.2,-315638299512948.7,-313521095416612.8,-311347099415597.3,-309115672268656.4,-306826181615874.0,-304478002795802.0,-302070519701600.9,-299603125677608.7,-297075224457794.4,-294486231147577.25,-291835573250553.06,-289122691741676.94,-286347042188491.8,-283508095922034.8,-280605341259069.03,-277638284777319.25,-274606452645429.03,-271509392009365.88,-268346672437025.25,-265117887422819.2,-261822655954024.56,-258460624140702.9,-255031466910996.2,-251534889773610.0,-247970630649297.3,-244338461773142.25,-240638191669432.1,-236869667200886.8,-233032775693972.4,-229127447142011.25,-225153656487726.53,-221111425986811.7,-217000827654059.44,-212821985793467.8,-208575079613674.2,-204260345929944.1,-199878081953806.8,-195428648171286.16,-190912471310512.84,-186330047399299.1,-181681944913066.88,-176968808013248.38,-172191359876047.47,-167350406111117.8,-162446838269419.03,-157481637439101.25,-152455877927917.7,-147370731030167.16,-142227468875716.22,-137027468358084.2,-131772215138008.77,-126463307718233.88,-121102461584573.16,-115691513407524.72,-110232425297864.0,-104727289108731.38,-99178330775717.62,-93587914685390.31,-87958548061494.4,-82292885356809.97,-76593732637255.97,-70864051943324.78,-65106965612346.25,-59325760543284.66,-53523892383949.78,-47704989618428.81,-41872857530385.88,-36031482015532.06,-30185033214041.625,-24337868930989.0,-18494537809994.312,-12659782222152.75,-6838540829013.9375,-1035950774836.0624,4742650540438.25,10491724160061.5,16205528798076.438,21878120657038.688,27503353902096.75,33074881862778.25,38586159039241.94,44030443995441.94,49400803227681.56,54690116103332.44,59891080971129.06,64996222551368.5,69997900721573.06,74888320820680.6,79659545602606.22,84303508978045.72,88812031691631.34,93176839089977.0,97389581144693.72,101441854903094.34,105325229547916.0,109031274255946.12,112551589053773.44,115877838876947.34,119001791046404.95,121915356383015.12,124610634187273.6,127079961316326.4,129315965594411.06,131311623795164.8,133060324434789.5,134555935613393.38,135792878137686.78,136766204151115.52,137471681487124.05,137905883947132.44,138066287686635.48,137951373870158.8,137560737728446.72,136895204118955.6,135956949653555.38,134749631415458.1,133278522241484.28,131550652496786.77,129574958218800.48,127362435457980.12,124926300598236.23,122282156404931.08,119448163529194.58,116445217202997.34,113297128900978.12,110030812836831.05,106676477322181.64,103267821266657.08,99842236466717.88,96441016850660.72,93109576557134.38,89897679669751.97,86859685662428.83,84054816185675.22,81547450803541.47,79407461735413.0,77710600623284.77,-37421169300075.45,-35456266181171.53,-33342978368105.938,-31026936226423.92,-28440611729367.75,-49280194418069.73,-25139160929486.75,618654971505.9531,28145027871795.16,57628808100589.016,-87682797011321.78,-56946236136103.125,-24320924247268.453,10462781549907.89,47767651241460.2,88076403936414.4,-43106738832540.78,15170001860050.438,77552145250544.28,145142196198769.25,219454326193327.38,215989454377203.6,326198637987570.1,450992269615164.0,595215758584780.8,765428866036597.8,636146423305811.1,907989121455974.4,1238668682257180.2,1650352799209512.8,2171731263778312.0,1824371619743144.0,2822164362391879.0,4144514112518617.0,5728120784496813.0,6959914100240571.0,5302577029638680.0,640141579957901.0,0.0
765.0,-354772553584340.94,-356069958618586.6,-357366748085682.4,-358662790651900.7,-359957951904267.5,-361252094290030.0,-362545077055033.4,-363836756180979.4,-365126984321562.8,-366415610737454.3,-367702481230127.75,-368987438074502.5,-370270319950391.0,-371550961872732.5,-372829195120594.1,-374104847164925.25,-375377741595047.25,-376647698043858.3,-377914532111739.0,-379178055289146.8,-380438074877867.9,-381694393910927.1,-382946811071126.5,-384195120608202.9,-385439112254583.6,-386678571139726.56,-387913277703031.9,-389143007605300.5,-390367531638733.6,-391586615635453.25,-392800020374530.0,-394007501487504.1,-395208809362383.7,-396403689046111.9,-397591880145486.06,-398773116726513.5,-399947127212203.6,-401113634278770.9,-402272354750250.06,-403422999491507.9,-404565273299644.2,-405698874793777.4,-406823496303201.44,-407938823753915.4,-409044536553518.8,-410140307474466.1,-411225802535683.9,-412300680882545.8,-413364594665211.3,-414417188915320.25,-415458101421065.3,-416486962600627.75,-417503395374000.6,-418507015033202.9,-419497429110892.1,-420474237247404.1,-421437031056218.9,-422385393987887.25,-423318901192432.1,-424237119380252.4,-425139606681558.4,-426025912504369.5,-426895577391107.3,-427748132873829.9,-428583101328140.4,-429399995825823.6,-430198319986261.7,-430977567826677.3,-431737223611277.75,-432476761699350.3,-433195646392393.44,-433893331780353.9,-434569261587052.0,-435222869014886.3,-435853576588914.4,-436460796000410.3,-437043927950007.2,-437602361990551.2,-438135476369780.0,-438642637872973.6,-439123201665712.25,-439576511136899.6,-440001897742211.6,-440398680848148.5,-440766167576872.06,-441103652652025.0,-441410418245744.5,-441685733827088.1,-441928856012110.8,-442139028415839.4,-442315481506411.75,-442457432461661.5,-442564085028438.9,-442634629384993.6,-442668242006737.9,-442664085535750.1,-442621308654388.5,-442539045963404.0,-442416417864967.9,-442252530451049.7,-442046475397611.6,-441797329865096.4,-441504156405722.56,-441166002878141.4,-440781902370001.5,-440350873129038.1,-439871918503310.5,-439344026891253.2,-438766171702240.2,-438137311328396.5,-437456389128429.94,-436722333424300.25,-435934057511574.7,-435090459684366.3,-434190423275810.3,-433232816715051.9,-432216493601799.2,-431140292799524.5,-430003038548466.7,-428803540599626.1,-427540594371022.5,-426212981127532.8,-424819468185687.1,-423358809144891.4,-421829744146576.5,-420231000162883.4,-418561291316536.6,-416819319233665.44,-415003773431390.1,-413113331742081.75,-411146660776300.8,-409102416426498.1,-406979244413662.0,-404775780879192.4,-402490653024380.5,-400122479799988.4,-397669872648516.4,-395131436301870.4,-392505769637248.8,-389791466594201.75,-386987117155917.3,-384091308397945.2,-381102625607673.0,-378019653478023.7,-374840977378975.2,-371565184710641.7,-368190866341818.2,-364716618138010.9,-361141042583167.8,-357462750499443.0,-353680362869507.6,-349792512766081.1,-345797847393517.0,-341695030246430.2,-337482743390548.7,-333159689871119.0,-328724596254354.44,-324176215307614.25,-319513328824141.2,-314734750598350.2,-309839329557841.4,-304825953058448.1,-299693550348787.3,-294441096210923.25,-289067614783892.44,-283572183576971.2,-277953937679642.88,-272212074175376.75,-266345856766349.5,-260354620616358.5,-254237777419150.62,-247994820699458.7,-241625331353980.4,-235128983439484.3,-228505550215145.1,-221754910446065.44,-214877054974735.28,-207872093566966.84,-200740262038504.0,-193481929668136.16,-186097606902692.72,-178587953358736.75,-170953786125132.25,-163196088369908.88,-155316018253964.38,-147314918153129.94,-139194324188978.05,-130955976067403.2,-122601827222503.78,-114134055261598.84,-105555072705254.94,-96867538014019.6,-88074366891146.0,-79178743847798.62,-70184134014188.06,-61094295176655.81,-51913290016893.625,-42645498525251.5,-33295630555352.5,-23868738482001.81,-14370229918606.312,-4805880443867.4375,4818153719514.75,14495323139233.062,24218672794530.37,33980829967270.688,43773992496440.63,53589917501015.375,63419910688597.69,73254816380942.0,83085008402389.56,92900381993625.77,102690346930914.8,112443822050410.8,122149231398198.62,131794502249629.38,141367065266327.56,150853857086127.06,160241325670192.44,169515438762882.8,178661695853586.06,187665144065865.0,196510398437971.5,205181667100075.3,213662781897530.8,221937235056161.03,229988222534809.2,237798694762280.28,245351415510086.0,252629029708947.2,259614141075470.25,266289400475456.62,272637606011420.2,278641815883387.28,284285475133261.9,289552557442936.1,294427723213829.6,298896495209333.0,302945453090308.9,306562448215602.9,309736840112761.5,312459756046973.1,314724375126763.5,316526238381613.75,317863586228167.75,318737724707516.6,319153421826967.4,319119335278170.25,318648472734783.0,317758685866103.75,316473199152871.44,314821174579795.6,312838313338711.94,310567495852657.44,308059461789063.75,305373532358333.94,302578378212532.25,299752837828968.06,296986793599218.8,294382116226990.75,292053692835670.0,290130560874214.9,172656147636147.97,178587393772059.78,184830722543651.12,191486167356628.7,198674841901360.25,50404037004063.41,80823349685997.66,113925454031117.1,149992912873202.88,189360839635399.2,22769483255566.37,65194969080605.44,111156547059806.62,161130401500115.28,215723590341977.47,275722859504308.56,122411693468191.2,208255461304963.3,301632664318019.06,404260240473387.0,518594521076467.1,485319649934934.3,637606141543905.8,812315668060556.5,1017481788824687.8,1264807024959615.8,967266896544659.2,1342522061762865.0,1819665521988783.2,2451036032018764.0,3321831908115707.0,2257440428360883.5,3791706318562764.0,6344980615046388.0,1.085586769665228e+16,1.945928854804798e+16,3.846123394339674e+16,9.655812378451846e+16,0.0
764.5,-377361253652388.5,-379107093953228.8,-380857119058035.4,-382611239825672.0,-384369364153261.4,-386131396905494.9,-387897239842360.94,-389666791545253.4,-391439947341434.56,-393216599226805.44,-394996635786955.4,-396779942116451.9,-398566399736329.8,-400355886509748.8,-402148276555767.2,-403943440161210.5,-405741243690575.5,-407541549493939.1,-409344215812829.44,-411149096684012.1,-412956041841149.7,-414764896614290.0,-416575501827141.0,-418387693692078.0,-420201303702846.3,-422016158524902.9,-423832079883355.3,-425648884448443.1,-427466383718515.75,-429284383900452.25,-431102685787476.9,-432921084634308.25,-434739370029600.5,-436557325765611.25,-438374729705051.0,-440191353645048.6,-442006963178184.8,-443821317550532.6,-445634169516643.4,-447445265191427.5,-449254343898862.1,-451061138017470.5,-452865372822509.75,-454666766324807.25,-456465029106180.8,-458259864151381.75,-460050966676496.94,-461838023953744.56,-463620715132601.1,-465398711057190.1,-467171674079875.4,-468939257870982.8,-470701107224592.1,-472456857860330.4,-474206136221094.2,-475948559266647.0,-477683734263010.56,-479411258567592.8,-481130719409983.1,-482841693668344.0,-484543747641343.0,-486236436815546.5,-487919305628220.8,-489591887225470.5,-491253703215649.75,-492904263417987.1,-494543065606357.3,-496169595248146.9,-497783325238144.3,-499383715627405.6,-500970213347036.5,-502542251926836.8,-504099251208756.7,-505640617055114.8,-507165741051535.25,-508674000204555.1,-510164756633867.9,-511637357259162.2,-513091133481528.25,-514525400859401.4,-515939458779019.5,-517332590119378.1,-518704060911669.5,-520053119993201.9,-521378998655793.25,-522680910288657.8,-523958050015783.6,-525209594327842.9,-526434700708653.75,-527632507256237.8,-528802132298529.3,-529942674003788.8,-531053209985807.25,-532132796903977.6,-533180470058333.6,-534195242979678.4,-535176107014920.1,-536122030907769.4,-537031960374960.7,-537904817678165.6,-538739501191825.5,-539534884967096.25,-540289818292171.8,-541003125249244.25,-541673604268400.56,-542300027678768.7,-542881141257276.5,-543415663775388.0,-543902286544249.2,-544339672958673.25,-544726458040462.3,-545061247981585.4,-545342619687778.5,-545569120323176.5,-545739266856634.5,-545851545610440.6,-545904411812184.0,-545896289150586.8,-545825569336181.4,-545690611667754.5,-545489742605576.06,-545221255352475.0,-544883409443908.1,-544474430348254.1,-543992509078634.2,-543435801817655.0,-542802429556567.8,-542090477750426.6,-541297995990943.4,-540422997698823.4,-539463459837527.9,-538417322650473.5,-537282489423856.06,-536056826277398.1,-534738161985472.8,-533324287831202.5,-531812957496299.1,-530201886989574.3,-528488754617234.5,-526671200998253.25,-524746829128325.06,-522713204496096.9,-520567855255612.5,-518308272459117.5,-515931910354629.4,-513436186752929.0,-510818483468893.5,-508076146842381.94,-505206488344182.7,-502206785272828.94,-499074281548433.3,-495806188610030.0,-492399686423276.7,-488851924605721.7,-485160023677283.25,-481321076443964.6,-477332149523261.6,-473190285020202.1,-468892502363396.4,-464435800310985.6,-459817159136894.5,-455033543008317.75,-450081902565935.7,-444959177718929.75,-439662300667474.9,-434188199166013.44,-428533800041240.5,-422696032979437.25,-416671834598438.3,-410458152820264.8,-404051951561164.1,-397450215756560.8,-390649956739194.7,-383648217989490.2,-376442081278029.44,-369028673220790.3,-361405172268639.4,-353568816153398.9,-345516909813624.3,-337246833824066.9,-328756053353587.0,-320042127677097.0,-311102720267875.5,-301935609497329.8,-292538699969982.6,-282910034522089.4,-273047806912867.44,-262950375237792.62,-252616276093793.5,-242044239526456.25,-231233204789434.25,-220182336946201.88,-208891044344055.7,-197358996989741.7,-185586145855349.3,-173572743142016.3,-161319363527583.9,-148826926422466.94,-136096719255724.77,-123130421810445.0,-109930131624103.12,-96498390465428.31,-82838211894344.25,-68953109905763.06,-54847128651166.25,-40524873223969.375,-25991541485443.44,-11252956897283.0,3684397685292.063,18813345320149.75,34125979460840.5,49613627709823.25,65266814957799.75,81075226048321.94,97027668133640.77,113112032918028.2,129315259019001.62,145623294715298.5,162021061393667.06,178492418055012.75,195020127294708.0,211585823232515.3,228169981935304.1,244751894951088.4,261309646656804.3,277820096215229.12,294258865039515.0,310600330777716.9,326817628955266.5,342882663551607.1,358766127938837.25,374437537776276.1,389865277635986.1,405016663331318.1,419858022134047.1,434354793296031.8,448471651538830.6,462172656439138.5,475421430918891.7,488181372345229.9,500415900055844.1,512088743447038.0,523164275092015.8,533607893691254.8,543386461990120.8,552468805124513.4,560826275165732.9,568433387921991.6,575268538306152.5,581314800787167.1,586560821596213.5,591001809449286.0,594640631571399.0,597489021765683.1,599568907177106.6,600913860286830.4,601570682598259.2,601601126539148.1,601083762463655.9,600115998535999.9,598816263072777.9,597326362137339.2,458127991950448.8,469649829253512.6,481315476406021.75,493246513463807.6,505588803194458.7,155729460318837.5,185927184623440.03,219180390434152.7,255882278846676.0,296477680490357.2,119124219219668.94,165993847440526.6,217264524921407.44,273580801955658.1,335700529904403.9,404534572423472.25,226392727954904.8,330199271602865.1,443734139767642.3,568566786283372.9,706951061619302.1,693556534557535.4,866946099251802.4,1063226876698191.4,1290222258047043.5,1559737028537819.8,1072876638398858.0,1465690459433060.2,1960288039341876.8,2615001821217653.0,3529101970770717.0,1935140121475364.0,3340417997511673.0,5892840247021717.0,1.0990038436772124e+16,2.241482829429993e+16,5.230055681120874e+16,1.3729090874932917e+17,0.0
764.0,-387804197009461.75,-389982518875504.6,-392170694288092.5,-394368700861511.5,-396576513914122.5,-398794106399061.2,-401021448833098.9,-403258509223618.2,-405505252993650.9,-407761642904926.8,-410027638978890.6,-412303198415618.6,-414588275510595.5,-416882821569286.9,-419186784819449.6,-421500110321130.56,-423822739874278.8,-426154611923922.0,-428495661462838.2,-430845819931656.5,-433205015116320.8,-435573171042854.6,-437950207869343.0,-440336041775072.0,-442730584846745.9,-445133744961707.4,-447545425668083.1,-449965526061773.2,-452393940660207.1,-454830559272775.25,-457275266867859.4,-459727943436363.9,-462188463851664.0,-464656697725876.5,-467132509262359.0,-469615757104336.4,-472106294179559.4,-474603967540892.4,-477108618202720.06,-479620080973075.25,-482138184281368.1,-484662750001611.0,-487193593271016.8,-489730522303863.1,-492273338200487.25,-494821834751298.6,-497375798235678.7,-499935007215632.5,-502499232324071.1,-505068236047573.0,-507641772503498.8,-510219587211307.5,-512801416857930.8,-515386989057059.0,-517976022102177.6,-520568224713209.4,-523163295776589.44,-525760924078623.0,-528360788031944.9,-530962555394920.5,-533565882983810.6,-536170416377517.4,-538775789614737.4,-541381624883327.5,-543987532201699.4,-546593109092047.4,-549197940245210.1,-551801597176968.3,-554403637875567.9,-557003606440264.5,-559601032710672.1,-562195431886696.94,-564786304138842.8,-567373134208653.0,-569955390999066.4,-572532527154449.8,-575103978630075.8,-577669164250798.8,-580227485258685.2,-582778324849360.9,-585321047696806.0,-587854999466358.5,-590379506315661.0,-592893874383288.4,-595397389264797.5,-597889315475927.1,-600368895902681.8,-602835351238025.6,-605287879404915.2,-607725654965393.5,-610147828515470.5,-612553526065509.0,-614941848405841.5,-617311870457337.0,-619662640606640.9,-621993180025803.0,-624302481976034.2,-626589511095299.6,-628853202669481.5,-631092461886853.6,-633306163075588.0,-635493148924044.2,-637652229683586.2,-639782182353677.2,-641881749849019.0,-643949640148501.0,-645984525425746.2,-647985041161040.8,-649949785234460.4,-651877317000008.6,-653766156340607.5,-655614782703801.5,-657421634118035.8,-659185106189435.0,-660903551078975.5,-662575276460028.1,-664198544456239.5,-665771570559765.2,-667292522529918.8,-668759519272306.2,-670170629698596.0,-671523871567088.8,-672817210304328.2,-674048557808024.2,-675215771231646.2,-676316651751078.0,-677348943313826.0,-678310331371323.2,-679198441594974.8,-680010838576647.0,-680745024514447.8,-681398437884684.8,-681968452101062.8,-682452374162241.5,-682847443289056.0,-683150829552794.0,-683359632496107.9,-683470879748274.8,-683481525636701.8,-683388449796756.6,-683188455782185.2,-682878269678617.6,-682454538722863.8,-681913829930956.2,-681252628738157.8,-680467337654426.8,-679554274939131.4,-678509673299133.9,-677329678614687.2,-676010348697978.8,-674547652089519.5,-672937466898028.5,-671175579689870.2,-669257684434609.8,-667179381513756.1,-664936176800296.0,-662523480817205.1,-659936607983765.6,-657170775959132.0,-654221105093354.5,-651082617996753.9,-647750239239403.4,-644218795193275.5,-640483014030544.1,-636537525892495.6,-632376863244522.9,-627995461433759.2,-623387659467092.6,-618547701028499.4,-613469735755980.2,-608147820799721.5,-602575922684627.0,-596747919501882.6,-590657603455885.6,-584298683794612.1,-577664790153350.2,-570749476343664.8,-563546224621531.2,-556048450470758.56,-548249507940086.4,-540142695574797.25,-531721262986175.2,-522978418104847.6,-513907335166830.0,-504501163484019.6,-494753037053950.56,-484656085066844.0,-474203443371275.2,-463388266963296.25,-452203743567433.25,-440643108381655.4,-428699660062330.0,-416366778029046.3,-403637941173265.25,-390506748058857.5,-376966938706758.2,-363012418060169.9,-348637281230931.44,-333835840631865.7,-318602655103942.4,-302932561151099.0,-286820706399233.6,-270262585399432.9,-253254077898521.7,-235791489702721.8,-217871596262238.25,-199491689105942.1,-180649625255715.12,-161343879749496.12,-141573601400042.7,-121338671913056.94,-100639768482997.31,-79478429977502.19,-57857126811369.0,-35779334598104.0,-13249611650712.623,9726319617078.562,33141487362971.5,56987581065974.75,81254858394990.88,105932048281067.38,131006250330317.06,156462830776126.12,182285315241681.0,208455278668580.7,234952232866141.3,261753512250886.44,288834158478711.9,316166804825919.3,343721561352228.25,371465902082077.8,399364555673320.5,427379401308325.4,455469371845558.4,483590366614100.06,511695176624044.7,539733425407043.3,567651529198751.9,595392680734030.2,622896861551910.8,650100888406224.2,676938500154769.8,703340492359962.2,729234907781354.6,754547291978480.4,779201024372730.0,803117736338703.9,826217829205335.5,848421106437152.0,869647535724156.6,889818158215964.0,908856163665687.6,926688151766156.4,943245601419190.0,958466571020303.2,972297653996058.4,984696214717344.2,995632930437490.2,1005094664973013.8,1013087699366419.8,1019641343676746.8,1024811952316959.0,826354262608819.6,848979054393637.5,871124367533558.1,892885818052405.6,914385973780103.8,314529436525966.3,339389324395312.9,366265712871293.06,395621590871082.0,427981822770231.25,238417472578534.3,282621127550212.9,330236100908615.5,382087678914928.1,439119924200314.3,502408963360438.9,287683894806496.1,393962204838845.44,511357717946248.5,641112545844156.2,784785270949822.9,880970284343122.0,1057542223249311.2,1251927139969180.5,1468603780688713.5,1714712571921566.0,1024679254460405.0,1373055070728124.0,1779801497475726.2,2281369184388345.0,2942264840250924.5,1332854478844920.0,2082513030333826.0,3442441827912513.0,6314753678787046.0,1.33169704817564e+16,3.3423159215079544e+16,8.648414184128074e+16,0.0
763.5,-382527751897215.1,-385076227561478.7,-387640550351321.75,-390220783765042.56,-392816990205793.1,-395429230927191.25,-398057565977174.3,-400702054140037.3,-403362752876603.75,-406039718262467.25,-408733004924251.7,-411442665973824.1,-414168752940402.4,-416911315700490.9,-419670402405577.2,-422446059407529.75,-425238331181612.8,-428047260247059.1,-430872887085118.5,-433715250054509.75,-436574385304191.6,-439450326683378.56,-442343105648709.5,-445252751168490.8,-448179289623916.4,-451122744707178.9,-454083137316374.5,-457060485447104.9,-460054804080672.8,-463066105068771.6,-466094397014558.5,-469139685150003.6,-472201971209395.9,-475281253298897.75,-478377525762018.3,-481490779040887.0,-484620999533193.9,-487768169444672.8,-490932266636977.1,-494113264470823.75,-497311131644246.8,-500525832025820.25,-503757324482689.4,-507005562703256.8,-510270495014357.75,-513552064192755.2,-516850207270779.1,-520164855335938.4,-523495933324308.2,-526843359807512.7,-530207046773104.9,-533586899398133.6,-536982815815698.9,-540394686874279.0,-543822395889594.2,-547265818388803.25,-550724821846772.4,-554199265414192.0,-557688999637279.4,-561193866168816.4,-564713697470254.2,-568248316504612.6,-571797536419885.1,-575361160222672.2,-578938980441731.8,-582530778781139.8,-586136325762749.8,-589755380357616.6,-593387689606049.8,-597032988225947.5,-600690998209056.5,-604361428404784.4,-608043974091187.0,-611738316532739.0,-615444122524486.0,-619161043922160.4,-622888717157837.0,-626626762740686.0,-630374784742371.1,-634132370266628.2,-637899088902546.1,-641674492161049.4,-645458112894081.4,-649249464695965.2,-653048041286399.1,-656853315874543.0,-660664740503613.6,-664481745375422.8,-668303738154234.2,-672130103249345.8,-675960201075742.5,-679793367292177.5,-683628912016012.2,-687466119014117.5,-691304244869144.2,-695142518120421.8,-698980138378754.1,-702816275414337.8,-706650068217027.2,-710480624028138.9,-714307017342972.5,-718128288883206.6,-721943444538301.0,-725751454275024.0,-729551251014199.8,-733341729473742.6,-737121744977043.5,-740890112225722.0,-744645604035774.2,-748386950036097.2,-752112835328349.0,-755821899107126.2,-759512733239346.0,-763183880801780.1,-766833834575611.0,-770461035496892.5,-774063871061764.2,-777640673685265.2,-781189719012570.1,-784709224181453.4,-788197346034778.2,-791652179281800.4,-795071754607061.0,-798454036725623.8,-801796922383446.4,-805098238301607.5,-808355739063186.9,-811567104941532.2,-814729939668691.4,-817841768142788.8,-820900034073136.6,-823902097561887.0,-826845232621070.8,-829726624623869.5,-832543367689040.8,-835292461997419.8,-837970811039501.5,-840575218793143.9,-843102386830513.9,-845548911353462.5,-847911280156615.4,-850185869517542.8,-852368941013515.2,-854456638264436.2,-856444983601721.0,-858329874663025.2,-860107080912896.8,-861772240089637.8,-863320854578853.8,-864748287714427.4,-866049760007882.8,-867220345307441.9,-868254966888342.0,-869148393476358.4,-869895235206865.2,-870489939522170.4,-870926787010323.0,-871199887189110.0,-871303174239492.0,-871230402693345.4,-870975143081013.5,-870530777544921.4,-869890495426242.4,-869047288832504.8,-867993948194910.5,-866723057825181.2,-865226991482810.0,-863497907964814.9,-861527746731354.1,-859308223582012.2,-856830826399016.0,-854086810975365.2,-851067196947603.8,-847762763854901.2,-844164047348230.8,-840261335575670.8,-836044665772345.8,-831503821086139.4,-826628327673213.0,-821407452100445.9,-815830199095254.5,-809885309686876.0,-803561259787080.8,-796846259262471.2,-789728251555074.8,-782194913912773.2,-774233658296385.6,-765831633035841.8,-756975725313942.2,-747652564562742.2,-737848526864543.8,-727549740457010.8,-716742092449956.8,-705411236869935.0,-693542604158005.6,-681121412255874.2,-668132679426107.5,-654561238963343.5,-640391755965365.4,-625608746345547.6,-610196598281758.9,-594139596311001.2,-577421948294260.6,-560027815491982.56,-541941346007424.06,-523146711872796.56,-503628150071682.4,-483370007810459.4,-462356792371703.2,-440573225903252.5,-418004305518151.5,-394635369102612.8,-370452167251520.1,-345440941773442.4,-319588511229586.1,-292882363993186.25,-265310759337106.7,-236862837077572.3,-207528736320299.7,-177299723871254.62,-146168332886968.94,-114128512347971.5,-81175787942059.88,-47307434940810.56,-12522663640969.377,23177182079416.37,59788412574527.25,97304766147560.23,135717168271671.44,175013476004896.12,215178207403590.0,256192255884335.3,298032589665959.25,340671936647769.06,384078455354959.75,428215392915920.2,473040731438907.1,518506824638537.4,564560027138840.2,611140319563770.2,658180933334926.6,705607980048306.8,753340091418127.0,801288077079332.8,849354609056722.2,897433943465404.0,945411692034128.0,993164658371382.2,1040560756555851.0,1087459032660328.2,1133709813241310.0,1179155008672083.0,1223628603484162.2,1266957370618770.0,1308961851667890.2,1349457650770121.5,1388257095753053.5,1425171326267128.0,1460012874859734.8,1492598812933468.8,1522754538953427.2,1550318290613172.0,1241364936488628.0,1288056658029115.5,1333353899848700.0,1377214827153995.5,1419624918334979.5,584058389409691.1,608149431495360.2,631162637096287.6,653386657994563.2,675200909167007.2,433994544645771.5,478503905805631.2,522114446897472.2,565497392356906.4,609529561395303.0,655310430298417.2,390574792071181.7,478220484931943.1,575580376545049.8,684134555969149.0,805423455203048.0,1130860542279318.2,1297552887180763.5,1475507028427200.2,1664793129140202.2,1865739127105930.5,908601171144096.4,1213312793167600.2,1516528425905525.8,1813546029650834.5,2102011710198860.8,1062386957984631.2,1164328214515837.5,1047469137176415.6,562796810891939.2,-927830264216196.8,-6868746601736055.0,-2.7155383969847172e+16,0.0
763.0,-358530781756791.1,-361338812629591.1,-364168321343147.5,-367019466840294.8,-369892408585941.3,-372787306540477.6,-375704321131879.9,-378643613226460.25,-381605344098215.7,-384589675396722.4,-387596769113525.4,-390626787546965.5,-393679893265386.6,-396756249068669.0,-399856017948018.1,-402979363043961.9,-406126447602468.94,-409297434929142.3,-412492488341401.9,-415711771118594.4,-418955446449945.75,-422223677380289.44,-425516626753479.75,-428834457153411.6,-432177330842563.75,-435545409697965.2,-438938855144508.5,-442357828085496.9,-445802488830339.4,-449272997019283.9,-452769511545082.4,-456292190471485.4,-459841190948438.5,-463416669123873.2,-467018780051969.1,-470647677597755.0,-474303514337918.9,-477986441457699.6,-481696608643704.9,-485434163972523.4,-489199253794969.1,-492992022615810.2,-496812612968813.8,-500661165286941.6,-504537817767523.5,-508442706232225.0,-512375963981628.0,-516337721644221.25,-520328107019615.4,-524347244915757.4,-528395256979944.5,-532472261523403.9,-536578373339214.5,-540713703513328.5,-544878359228439.8,-549072443560455.5,-553296055267289.5,-557549288569712.0,-561832232923965.1,-566144972785847.9,-570487587365966.8,-574860150375829.0,-579262729764451.0,-583695387445145.2,-588158179012116.5,-592651153446519.1,-597174352811579.5,-601727811936396.6,-606311558088010.0,-610925610631312.0,-615569980676359.2,-620244670712639.8,-624949674229810.6,-629684975324419.2,-634450548292114.0,-639246357204796.2,-644072355472184.2,-648928485387222.5,-653814677654736.0,-658730850902744.9,-663676911175788.1,-668652751409610.9,-673658250886547.8,-678693274670879.2,-683757673023454.2,-688851280794809.8,-693973916796012.5,-699125383146407.9,-704305464597436.8,-709513927831649.5,-714750520736009.5,-720014971648550.2,-725306988577420.1,-730626258391299.5,-735972445980148.8,-741345193385210.0,-746744118897134.0,-752168816121070.8,-757618853007522.8,-763093770847706.5,-768593083232128.8,-774116274971036.5,-779662800975350.1,-785232085096635.8,-790823518924628.2,-796436460540748.0,-802070233226024.8,-807724124121743.9,-813397382841120.8,-819089220030198.0,-824798805876131.2,-830525268560957.4,-836267692658842.6,-842025117474792.0,-847796535322671.5,-853580889740359.0,-859377073639755.0,-865183927389285.5,-871000236826478.5,-876824731198091.4,-882656081025180.6,-888492895890427.0,-894333722144936.8,-900177040531627.5,-906021263722246.4,-911864733764932.4,-917705719439162.4,-923542413514802.8,-929372929911892.0,-935195300757657.8,-941007473337191.8,-946807306934055.2,-952592569557014.0,-958360934548953.2,-964109977073940.4,-969837170478248.8,-975539882521073.8,-981215371470528.0,-986860782060395.6,-992473141302997.6,-998049354153419.2,-1003586199020204.4,-1009080323117535.8,-1014528237653779.0,-1019926312851183.0,-1025270772791396.8,-1030557690081380.0,-1035782980334175.0,-1040942396458919.6,-1046031522754405.0,-1051045768800390.0,-1055980363140850.0,-1060830346753254.6,-1065590566297956.0,-1070255667141738.0,-1074820086149588.8,-1079278044238746.4,-1083623538689159.8,-1087850335204528.8,-1091951959718228.8,-1095921689938522.8,-1099752546627679.4,-1103437284609788.0,-1106968383502360.2,-1110338038167109.6,-1113538148875675.6,-1116560311186517.0,-1119395805529697.6,-1122035586496888.8,-1124470271834637.8,-1126690131139662.2,-1128685074255930.5,-1130444639374222.8,-1131957980836086.5,-1133213856645373.5,-1134200615692036.5,-1134906184694521.2,-1135318054868929.0,-1135423268335230.0,-1135208404273101.5,-1134659564842585.8,-1133762360887616.8,-1132501897443706.5,-1130862759074612.8,-1128828995066802.2,-1126384104514892.0,-1123511021336094.2,-1120192099257109.2,-1116409096822790.0,-1112143162482537.6,-1107374819817541.0,-1102083952980044.8,-1096249792424552.8,-1089850901020623.2,-1082865160647515.4,-1075269759382713.0,-1067041179409202.8,-1058155185780523.6,-1048586816198154.2,-1038310371972778.0,-1027299410359664.0,-1015526738478778.2,-1002964409052645.0,-989583718219375.6,-975355205705029.2,-960248657668611.6,-944233112564879.2,-927276870404728.8,-909347505830831.2,-890411885467170.4,-870436190045868.4,-849385941863135.6,-827226038168788.9,-803920791150629.5,-779433975236558.5,-753728882503705.0,-726768387055333.6,-698515019303323.1,-668931051176389.2,-637978593362661.1,-605619705789317.1,-571816522642245.2,-536531393334794.2,-499727040946754.7,-461366739772143.3,-421414513737161.06,-379835357576719.4,-336595482788589.4,-291662590516975.8,-245006173650594.88,-196597850551877.03,-146411732960654.3,-94424830734370.31,-40617496192565.94,15026089079428.188,72517382050841.75,131862897745643.31,193063577495362.9,256114103091978.88,321002154135908.25,387707606113491.8,456201667092074.1,526445951415646.4,598391489452542.0,671977673326883.0,747131139702935.5,823764592139669.8,901775567354701.8,981045152005648.4,1061436659398643.0,1142794278966522.8,1224941715536694.0,1307680840458813.5,1390790382729678.5,1474024695496033.2,1557112641908094.0,1639756654418660.8,1721632033458259.0,1802386565138112.8,1881640553382840.8,1958987379756454.0,2033994724197707.2,1561549558475457.8,1654773139705160.8,1746442081242451.0,1836214240139028.8,1923750969271888.0,957233571103384.4,1006599489215963.6,1050796473269602.8,1089383057327028.0,1121983050319202.0,702422592140697.5,777637008825530.5,845150225470528.2,904376700013461.2,954948914142415.8,996788937754986.8,702962944136824.6,764380891261622.6,825712052966063.5,888500955727755.1,954647637081391.0,1587894468073873.5,1737887321650103.2,1891422227869307.2,2046638389774644.8,2199939847802152.8,743668777867979.8,1049935336469300.0,1327679837034622.2,1536300979165540.2,1610874403018587.0,1209897573093183.5,1256149815983524.0,572130482992393.0,-1773808280395578.0,-8550709138818165.0,-3.145912729704288e+16,-1.0214121691748232e+17,0.0
762.5,-313777315066339.25,-316689771030544.6,-319628220065039.1,-322592913425658.9,-325584104707062.5,-328602049853275.6,-331647007167724.25,-334719237322719.06,-337819003368369.75,-340946570740878.56,-344102207270200.9,-347286183187014.5,-350498771128972.0,-353740246146195.9,-357010885705967.3,-360310969696575.9,-363640780430278.0,-367000602645317.6,-370390723506964.4,-373811432607513.8,-377263021965197.7,-380745786021953.5,-384260021639986.7,-387806028097071.5,-391384107080529.06,-394994562679809.5,-398637701377621.4,-402313832039524.06,-406023265901921.6,-409766316558371.7,-413543299944134.7,-417354534318878.9,-421200340247447.75,-425081040578608.0,-428996960421678.8,-432948427120943.1,-436935770227737.1,-440959321470116.25,-445019414719978.5,-449116385957534.4,-453250573233002.0,-457422316625394.3,-461631958198276.9,-465879841952350.8,-470166313774722.8,-474491721384710.56,-478856414276031.1,-483260743655206.0,-487705062376022.7,-492189724869865.1,-496715087071744.6,-501281506341825.4,-505889341382263.0,-510538952149131.1,-515230699759235.1,-519964946391580.0,-524742055183262.3,-529562390119539.9,-534426315917825.9,-539334197905342.6,-544286401890160.56,-549283294025326.8,-554325240665797.0,-559412608217843.3,-564545762980623.2,-569725070979565.5,-574950897791215.9,-580223608359181.2,-585543566800780.8,-590911136204005.8,-596326678414369.0,-601790553811210.1,-607303121072999.1,-612864736931165.0,-618475755911958.9,-624136530065833.5,-629847408683797.0,-635608738000196.4,-641420860881322.6,-647284116499255.0,-653198839990287.9,-659165362097288.1,-665184008795289.8,-671255100899606.8,-677378953655704.5,-683555876310059.0,-689786171661173.1,-696070135589901.9,-702408056568200.0,-708800215145352.0,-715246883410731.5,-721748324432060.2,-728304791668127.2,-734916528354859.1,-741583766863596.0,-748306728030367.0,-755085620454928.5,-761920639768243.9,-768811967867050.2,-775759772114087.9,-782764204502511.2,-789825400782923.2,-796943479551422.6,-804118541296972.0,-811350667406331.2,-818639919124696.0,-825986336470152.5,-833389937099901.5,-840850715126197.0,-848368639879788.0,-855943654618580.8,-863575675179155.8,-871264588568623.5,-879010251494245.2,-886812488828080.0,-894671092003842.5,-902585817342999.6,-910556384307015.6,-918582473672519.2,-926663725626024.2,-934799737774664.0,-942990063069289.0,-951234207636065.2,-959531628512562.0,-967881731284157.0,-976283867616362.0,-984737332678512.8,-993241362454041.2,-1001795130932360.4,-1010397747177129.6,-1019048252265502.0,-1027745616092646.2,-1036488734035630.8,-1045276423470473.6,-1054107420135915.4,-1062980374337141.8,-1071893846982428.8,-1080846305445366.0,-1089836119244961.6,-1098861555535640.8,-1107920774398768.2,-1117011823926971.0,-1126132635092171.0,-1135281016387818.0,-1144454648235433.5,-1153651077145129.5,-1162867709619330.0,-1172101805788479.0,-1181350472767015.0,-1190610657717429.8,-1199879140609692.2,-1209152526662815.0,-1218427238454772.5,-1227699507686418.0,-1236965366584495.5,-1246220638928173.0,-1255460930682996.8,-1264681620225435.2,-1273877848140593.0,-1283044506574993.5,-1292176228125599.0,-1301267374245605.0,-1310312023146769.0,-1319303957177345.0,-1328236649653950.0,-1337103251124927.0,-1345896575042053.5,-1354609082816656.0,-1363232868235472.0,-1371759641210841.0,-1380180710839074.0,-1388486967740135.8,-1396668865651102.0,-1404716402245144.0,-1412619099147218.5,-1420365981117037.0,-1427945554369392.5,-1435345784001451.5,-1442554070496306.5,-1449557225271790.0,-1456341445243447.0,-1462892286370567.5,-1469194636154361.0,-1475232685057709.5,-1480989896816552.5,-1486448977613789.5,-1491591844087706.5,-1496399590148459.0,-1500852452577939.0,-1504929775390690.5,-1508609972936307.5,-1511870491727094.2,-1514687770978779.5,-1517037201856735.5,-1518893085425742.0,-1520228589307704.8,-1521015703059276.2,-1521225192289927.5,-1520826551551023.0,-1519787956037827.0,-1518076212159524.5,-1515656707047259.0,-1512493357087222.0,-1508548555585263.5,-1503783119691416.0,-1498156236737705.0,-1491625410170830.5,-1484146405293117.2,-1475673195061148.0,-1466157906231969.8,-1455550766192388.0,-1443800050858128.8,-1430852034087254.0,-1416650939116798.5,-1401138892604055.0,-1384255881935030.5,-1365939716553302.0,-1346125994163973.5,-1324748072780630.2,-1301737049709583.0,-1277021748706461.2,-1250528716697069.2,-1222182231628766.2,-1191904323212496.5,-1159614808530591.5,-1125231344723968.0,-1088669501236317.0,-1049842854384710.8,-1008663107348321.2,-965040239022013.0,-918882685572404.0,-870097558962956.0,-818590907184747.2,-764268021443460.2,-707033796112995.8,-646793147874733.9,-583451501120127.6,-516915347404690.4,-447092887503633.0,-373894765432712.0,-297234904659925.4,-217031457640154.0,-133207880748678.62,-45694147660020.25,45571884798642.375,140642943316041.5,239560621345228.3,342353462122934.44,449034823902905.3,559600509277873.25,674026140153145.8,792264259978805.5,914241145370853.6,1039853310410207.0,1168963688896710.5,1301397482894851.2,1436937670337670.5,1575320170624087.2,1716228675503879.8,1859289163645172.8,2004064131788238.5,2150046594108206.8,1463301555420126.5,1628130666988411.5,1794251234913364.2,1961012834329600.0,2127697283247462.8,1219426790783532.8,1344109841529287.5,1463163860040189.0,1574993802363964.8,1677877760663765.5,818619549899234.4,990539906747681.2,1152655475540108.0,1301956562533650.5,1435242470022094.8,1549199728339817.0,1351654555296039.0,1444118608670992.5,1516765635041431.8,1567824249998998.5,1596168047489325.5,2429214388732555.0,2595039031897331.0,2744591409448106.5,2876368464414191.5,2988131358029346.5,586000648339981.2,875580038540128.8,1164678361713388.2,1417328123228012.8,1566401602786168.2,943762985046639.2,1475684355725265.5,1614554224092830.0,455243195008297.7,-4269150890878101.0,-1.775616324951296e+16,-4.212585572982461e+16,0.0
762.0,-247553208659811.44,-250380246088236.56,-253235961757277.6,-256120682058831.25,-259034737453882.2,-261978462523469.44,-264952196020139.2,-267956280919869.4,-270991064474470.62,-274056898264448.0,-277154138252324.44,-280283144836414.8,-283444282905039.06,-286637921891173.8,-289864435827521.0,-293124203401995.25,-296417608013606.25,-299745037828730.6,-303106885837757.4,-306503549912091.1,-309935432861493.3,-313402942491758.1,-316906491662680.1,-320446498346318.06,-324023385685516.56,-327637582052668.6,-331289521108696.9,-334979641862218.94,-338708388728877.5,-342476211590799.5,-346283565856152.0,-350130912518768.44,-354018718217795.3,-357947455297333.0,-361917601866027.1,-365929641856560.0,-369984065085003.9,-374081367309986.9,-378222050291614.4,-382406621850094.0,-386635595924009.94,-390909492628178.8,-395228838311026.1,-399594165611414.5,-404006013514848.6,-408464927408986.56,-412971459138366.4,-417526167058271.5,-422129616087645.6,-426782377760949.0,-431485030278875.9,-436238158557805.25,-441042354277896.25,-445898215929689.25,-450806348859101.6,-455767365310687.8,-460781884469016.8,-465850532498031.1,-470973942578232.5,-476152754941527.1,-481387616903574.6,-486679182893444.94,-492028114480412.9,-497435080397680.6,-502900756562826.8,-508425826094760.5,-514010979326950.7,-519656913816692.6,-525364334350149.6,-531133952942911.0,-536966488835775.5,-542862668485473.4,-548823225550007.2,-554848900868289.2,-560940442433729.9,-567098605361415.9,-573324151848491.8,-579617851127353.8,-585980479411226.8,-592412819831688.2,-598915662367670.6,-605489803765451.9,-612136047449125.8,-618855203421003.8,-625648088151389.2,-632515524457119.4,-639458341368253.2,-646477373982239.2,-653573463304877.6,-660747456077340.5,-668000204588490.5,-675332566471683.6,-682745404485219.0,-690239586275540.5,-697815984122256.2,-705475474663987.0,-713218938604018.4,-721047260394664.1,-728961327899195.5,-736962032030141.2,-745050266362689.8,-753226926721866.0,-761492910742089.8,-769849117397633.0,-778296446502462.4,-786835798177800.2,-795468072285732.5,-804194167827045.9,-813014982301413.0,-821931411027941.8,-830944346423980.0,-840054677240009.1,-849263287748275.5,-858571056882760.4,-867978857327899.5,-877487554553385.6,-887098005792194.2,-896811058958868.5,-906627551504915.0,-916548309208016.2,-926574144891569.2,-936705857070908.6,-946944228522351.0,-957290024771011.2,-967743992493121.6,-978306857828364.0,-988979324597479.2,-999762072420179.6,-1010655754728113.0,-1021660996667358.0,-1032778392884639.8,-1044008505191126.8,-1055351860097371.8,-1066808946212583.4,-1078380211501090.0,-1090066060388430.8,-1101866850709140.0,-1113782890487856.8,-1125814434544923.2,-1137961680917184.5,-1150224767084198.2,-1162603765989518.2,-1175098681846186.0,-1187709445714941.8,-1200435910843094.5,-1213277847751280.8,-1226234939054705.2,-1239306774004687.5,-1252492842735592.0,-1265792530201416.8,-1279205109785422.2,-1292729736565334.2,-1306365440215661.2,-1320111117527674.5,-1333965524526564.2,-1347927268164120.8,-1361994797564172.2,-1376166394796706.5,-1390440165155353.8,-1404814026911489.8,-1419285700516774.5,-1433852697224412.2,-1448512307097811.5,-1463261586373600.5,-1478097344144189.5,-1493016128323163.0,-1508014210854819.8,-1523087572127066.5,-1538231884544710.5,-1553442495217835.8,-1568714407717582.0,-1584042262849050.0,-1599420318388384.8,-1614842427728315.5,-1630302017373455.2,-1645792063223568.5,-1661305065579840.2,-1676833022805736.0,-1692367403570562.5,-1707899117600118.8,-1723418484855023.5,-1738915203053248.0,-1754378313449304.0,-1769796164778118.0,-1785156375267248.5,-1800445792616391.0,-1815650451838399.5,-1830755530851110.0,-1845745303704212.5,-1860603091320264.8,-1875311209623704.8,-1889850914926359.5,-1904202346432600.8,-1918344465721918.5,-1932254993061288.8,-1945910340394488.0,-1959285540850276.8,-1972354174606527.2,-1985088290942604.5,-1997458326308086.0,-2009433018232078.0,-2020979314894194.5,-2032062280175844.5,-2042644994009018.5,-2052688447839386.0,-2062151435021612.5,-2070990435967460.8,-2079159497871962.0,-2086610108849868.8,-2093291066324472.0,-2099148339523668.8,-2104124925955130.0,-2108160701753452.8,-2111192265818552.8,-2113152777696900.5,-2113971789196395.2,-2113575069773000.0,-2111884425783772.8,-2108817513768276.0,-2104287647999926.8,-2098203602642724.5,-2090469408958991.5,-2080984148142711.5,-2069641740503632.8,-2056330731902376.8,-2040934078540412.0,-2023328931444424.8,-2003386422257552.8,-1980971452264794.8,-1955942486943224.8,-1928151358745764.8,-1897443081307900.5,-1863655678818795.5,-1826620034931228.8,-1786159766309762.5,-1742091126746251.0,-1694222948719844.2,-1642356630361039.5,-1586286177013927.0,-1525798307996946.0,-1460672640763028.2,-1390681966479308.8,-1315592633112568.5,-1235165054449860.8,-1149154366138645.5,-1057311252834773.6,-959382973941654.8,-855114619255421.2,-744250630149024.6,-626536626787139.2,-501721587322601.94,-369560431146340.9,-229817065113938.0,-82267959322124.56,73293672469936.5,237053003216502.88,409167938727950.2,589762573011739.8,778919633600006.1,976671783897040.4,1182991634757981.8,1397780301749564.8,426108384564056.4,665702458515944.5,914464477832141.8,1171921191294143.8,1437454209029588.2,815252958438019.9,1060248932169596.0,1309436101814868.5,1560828104991212.2,1812019145268660.8,160688509420705.25,494608341961523.4,833571500652686.2,1173282839837516.5,1508466548881005.5,1832762958876919.2,2000899068006984.5,2290799604317767.0,2551284214571421.0,2772441905871809.0,2943468027409730.5,3530707783748933.0,3888265412523543.0,4193985348750177.5,4437496425379273.0,4610013253957500.0,981746411148285.8,1131403636450285.0,1276906737229513.8,1425525654936002.8,1583508712664010.2,-85450546215680.12,135776649986986.88,834801203684956.6,2224499946288015.2,4473482480337981.5,9912582032486474.0,3.760090054808573e+16,0.0
761.5,-160737473950197.78,-163270039588561.7,-165831574347517.62,-168422449470174.3,-171043041606014.38,-173693732898037.7,-176374911071392.66,-179086969523519.5,-181830307415828.4,-184605329766940.4,-187412447547516.53,-190252077776697.38,-193124643620183.0,-196030574489979.6,-198970306145833.7,-201944280798391.88,-204952947214099.6,-207996760821877.7,-211076183821597.5,-214191685294385.03,-217343741314779.88,-220532835064784.0,-223759456949812.47,-227024104716599.1,-230327283573059.47,-233669506310158.4,-237051293425803.9,-240473173250793.5,-243935682076848.3,-247439364286758.62,-250984772486669.38,-254572467640542.2,-258203019206805.8,-261877005277243.03,-265595012718129.9,-269357637313656.3,-273165483911658.03,-277019166571690.62,-280919308715462.53,-284866543279663.44,-288861512871208.94,-292904869924929.7,-296997276863723.9,-301139406261205.06,-305331941006862.94,-309575574473760.5,-313871010688791.4,-318218964505510.06,-322620161779567.25,-327075339546751.4,-331585246203668.5,-336150641691060.3,-340772297679789.3,-345450997759485.8,-350187537629875.5,-354982725294797.4,-359837381258904.0,-364752338727061.9,-369728443806436.0,-374766555711268.9,-379867546970337.06,-385032303637079.3,-390261725502383.1,-395556726310013.0,-400918233974650.5,-406347190802534.9,-411844553714657.0,-417411294472481.1,-423048399906151.0,-428756872145127.3,-434537728851208.0,-440392003453873.25,-446320745387878.3,-452325020333023.3,-458405910456025.0,-464564514654383.4,-470801948802148.56,-477119345997484.5,-483517856811887.1,-489998649540950.3,-496562910456510.4,-503211844060025.1,-509946673337013.75,-516768640012367.6,-523679004806335.5,-530679047690961.25,-537770068146743.6,-544953385419261.0,-552230338775487.1,-559602287759509.9,-567070612447329.0,-574636713700396.0,-582302013417533.6,-590067954784837.1,-597936002523140.6,-605907643132598.8,-613984385133898.0,-622167759305581.5,-630459318916933.2,-638860639955832.2,-647373321350942.9,-655998985187561.6,-664739276916404.4,-673595865554549.2,-682570443877734.8,-691664728603100.0,-700880460561465.0,-710219404858113.1,-719683351021037.4,-729274113135500.2,-738993529963683.5,-748843465048148.8,-758825806797725.6,-768942468554350.1,-779195388639296.6,-789586530377135.2,-800117882095632.1,-810791457099709.2,-821609293617443.0,-832573454715970.2,-843686028184997.0,-854949126385505.2,-866364886061056.0,-877935468108939.5,-889663057308243.0,-901549862001720.0,-913598113728143.2,-925810066801606.8,-938187997834015.6,-950734205196782.8,-963451008417450.2,-976340747506731.4,-989405782211138.0,-1002648491186071.8,-1016071271083931.0,-1029676535551403.8,-1043466714129783.0,-1057444251051737.6,-1071611603927502.4,-1085971242313075.6,-1100525646152470.0,-1115277304085586.0,-1130228711612719.0,-1145382369106132.2,-1160740779658523.0,-1176306446757521.0,-1192081871774694.5,-1208069551256763.0,-1224271974005918.8,-1240691617935339.0,-1257330946685006.8,-1274192405982063.5,-1291278419728814.8,-1308591385800454.0,-1326133671533394.0,-1343907608883794.8,-1361915489234624.5,-1380159557828068.2,-1398642007798643.0,-1417364973780739.0,-1436330525062534.8,-1455540658256428.8,-1474997289454118.2,-1494702245832356.0,-1514657256673153.0,-1534863943759773.2,-1555323811107325.0,-1576038233983940.8,-1597008447175659.5,-1618235532444931.8,-1639720405129348.8,-1661463799823565.5,-1683466255083578.0,-1705728097088423.5,-1728249422189953.5,-1751030078276658.0,-1774069644872533.5,-1797367411886599.5,-1820922356922940.8,-1844733121055092.5,-1868797982961926.0,-1893114831315358.0,-1917681135302563.2,-1942493913157522.8,-1967549698568111.5,-1992844504815838.0,-2018373786495604.8,-2044132398652428.5,-2070114553160943.2,-2096313772161632.8,-2122722838355039.5,-2149333741941680.0,-2176137623980956.0,-2203124715926920.5,-2230284275082363.5,-2257604515695154.0,-2285072535402170.0,-2312674236706261.0,-2340394243150617.0,-2368215809832479.0,-2396120727874260.0,-2424089222444930.0,-2452099843897637.0,-2480129351561256.0,-2508152589693475.0,-2536142355071429.0,-2564069255662459.0,-2591901559782535.0,-2619605035112994.0,-2647142776907652.0,-2674475024682185.0,-2701558966635635.5,-2728348531010603.0,-2754794163553823.5,-2780842590192843.0,-2806436563997642.0,-2831514595448557.0,-2856010664984293.0,-2879853916756656.5,-2902968332472535.0,-2925272384159686.0,-2946678664651739.5,-2967093494551105.0,-2986416504397505.0,-3004540190746664.0,-3021349444850304.5,-3036721052627968.5,-3050523164636339.0,-3062614734776523.0,-3072844926538899.0,-3081052485673806.0,-3087065078301261.0,-3090698593641461.0,-3091756410769201.0,-3090028629080178.5,-3085291262518011.0,-3077305398062674.5,-3065816319541345.0,-3050552598512264.0,-3031225154815320.0,-3007526290408651.0,-2979128701352361.0,-2945684474298615.0,-2906824075648844.0,-2862155343699612.5,-2811262496684453.0,-2753705172707728.5,-2689017521250907.5,-2616707370321460.0,-2536255498540926.0,-2447115047688604.5,-2348711118618805.0,-2240440602279844.8,-2121672308057092.0,-1991747464175344.0,-1849980679838306.5,-1695661476660732.8,-1528056518389702.5,-1346412693697979.5,-1149961237946953.8,-937923117497638.4,-709515945964890.5,-2086258980135872.8,-1828654190837380.5,-1550926127114941.0,-1252436046935170.0,-932648691791134.0,-1060643174835859.2,-723198967737865.6,-360685116923717.6,26879740654076.25,439046459932711.5,-2206661070962468.8,-1745017575378924.2,-1243107097808641.0,-701602410775721.9,-122345011672986.38,491311968352400.1,1282981290326013.0,1957115588407755.2,2644671564709169.0,3331747046591399.5,4000214847655749.0,3500889483287759.0,4429059062480321.0,5318626830864679.0,6135298753540359.0,6839388294930834.0,2969749930015322.5,3187799525817870.5,3228801023120748.0,3086973361658831.0,2789735941084408.0,2224137417527432.0,122175667684366.88,-2001828819682150.8,-3040826512806197.0,77764994584069.75,1.503148234068987e+16,3.3239340400478852e+16,0.0
761.0,-55942515763724.46,-57972240618590.97,-60028520513798.06,-62111731509238.38,-64222255747995.766,-66360481567952.34,-68526803615679.44,-70721622962662.17,-72945347223906.98,-75198390678987.77,-77481174395586.05,-79794126355579.11,-82137681583732.11,-84512282279059.27,-86918377948903.6,-89356425545808.25,-91826889607232.02,-94330242398180.48,-96866964056815.44,-99437542743109.1,-102042474790616.16,-104682264861430.23,-107357426104399.62,-110068480316672.94,-112815958108658.72,-115600399072462.4,-118422351953897.5,-121282374828136.1,-124181035279094.86,-127118910582631.88,-130096587893646.77,-133114664437177.52,-136173747703571.16,-139274455647837.12,-142417416893274.4,-145603270939462.38,-148832668374727.75,-152106271093183.9,-155424752516445.28,-158788797820130.38,-162199104165259.0,-165656380934658.38,-169161349974491.75,-172714745841026.2,-176317316052765.97,-179969821348065.56,-183673035948356.0,-187427747827108.4,-191234758984672.72,-195094885729114.1,-199008958963203.8,-202977824477682.16,-207002343250961.3,-211083391755395.84,-215221862270278.47,-219418663201722.1,-223674719409570.75,-227990972541510.3,-232368381374540.1,-236807922163968.03,-241310589000110.4,-245877394172856.62,-250509368544288.8,-255207561929532.75,-259973043486021.88,-264806902111372.0,-269710246850048.62,-274684207309031.7,-279729934082672.62,-284848599186950.44,-290041396503329.7,-295309542232438.3,-300654275357774.94,-306076858119661.5,-311578576499676.7,-317160740715779.1,-322824685728359.9,-328571771757458.9,-334403384811369.4,-340320937226891.5,-346325868221456.25,-352419644457376.9,-358603760618481.5,-364879739999368.1,-371249135107545.4,-377713528278715.0,-384274532305451.1,-390933791079547.5,-397692980248287.9,-404553807884906.5,-411518015173513.5,-418587377108735.8,-425763703210361.1,-433048838253233.5,-440444663012685.0,-447953095025752.1,-455576089368457.25,-463315639449406.7,-471173777819965.1,-479152577001264.94,-487254150328301.75,-495480652811352.25,-503834282014966.3,-512317278954743.75,-520931929012143.8,-529680562867509.9,-538565557451534.9,-547589336915328.9,-556754373619283.75,-566063189140878.5,-575518355301551.8,-585122495212783.0,-594878284341449.0,-604788451594536.5,-614855780423248.5,-625083109946511.6,-635473336093853.5,-646029412767593.2,-656754353024236.1,-667651230274927.2,-678723179504746.2,-689973398510621.0,-701405149157509.8,-713021758652508.5,-724826620836397.4,-736823197492142.6,-749015019669705.0,-761405689026485.2,-773998879182583.2,-786798337089979.5,-799807884414607.5,-813031418930168.0,-826472915922391.2,-840136429602313.8,-854026094526968.8,-868146127025704.8,-882500826630171.5,-897094577505801.0,-911931849882374.0,-927017201481041.2,-942355278934893.0,-957950819199888.8,-973808650952647.2,-989933695971272.8,-1006330970495039.6,-1023005586558324.0,-1039962753293824.8,-1057207778199583.8,-1074746068363865.6,-1092583131641427.0,-1110724577774079.0,-1129176119447901.0,-1147943573278699.5,-1167032860716649.5,-1186450008860225.2,-1206201151168666.5,-1226292528061349.5,-1246730487391361.5,-1267521484779551.0,-1288672083794140.8,-1310188955959702.5,-1332078880577939.2,-1354348744341254.5,-1377005540718432.2,-1400056369090070.5,-1423508433609487.2,-1447369041762806.5,-1471645602599711.0,-1496345624603979.8,-1521476713170305.5,-1547046567651154.5,-1573062977934316.5,-1599533820508544.5,-1626467053971158.0,-1653870713927548.2,-1681752907228386.5,-1710121805485798.5,-1738985637804839.5,-1768352682661255.5,-1798231258850765.0,-1828629715428776.5,-1859556420552672.8,-1891019749131390.8,-1923028069178992.0,-1955589726760216.8,-1988713029406540.8,-2022406227870990.5,-2056677496078783.5,-2091534909118768.0,-2126986419107404.8,-2163039828742750.8,-2199702762350304.8,-2236982634205624.0,-2274886613900237.0,-2313421588497320.0,-2352594121201776.0,-2392410406245728.0,-2432876219664515.0,-2473996865610265.0,-2515777117819519.0,-2558221155818042.5,-2601332495409771.0,-2645113912957280.5,-2689567362918229.0,-2734693888055301.0,-2780493521686236.0,-2826965181284834.5,-2874106552683337.0,-2921913964060545.0,-2970382248828132.5,-3019504596449263.5,-3069272390138319.5,-3119675030297447.5,-3170699742444468.0,-3222331368276247.0,-3274552138391561.0,-3327341425066633.0,-3380675473334118.5,-3434527108461413.0,-3488865417755561.0,-3543655404438817.0,-3598857611139732.0,-3654427710328330.5,-3710316058789080.0,-3766467212970817.5,-3822819401776653.0,-3879303953058199.0,-3935844669755375.0,-3992357151273999.0,-4048748055317205.0,-4104914294981413.0,-4160742165492377.5,-4216106394489893.0,-4270869109270421.0,-4324878713864583.0,-4377968668260104.0,-4429956161481743.0,-4480640669607760.0,-4529802389140064.0,-4577200535455122.0,-4622571495349031.0,-4665626821959368.0,-4706051059606572.0,-4743499385359646.0,-4777595053409542.0,-4807926627646884.0,-4834044987212413.0,-4855460089248591.0,-4871637472666530.0,-4881994486501305.0,-4885896226419263.0,-4882651163238018.0,-4871506448015509.0,-4851642879477070.0,-4822169521427445.0,-4782117960528880.0,-4730436198663324.0,-4665982179358643.0,-4587516954871826.0,-4493697510058577.0,-4383069271896761.5,-4254058350543305.5,-6164400219687961.0,-6024811062457448.0,-5859733991567890.0,-5666963194810813.0,-5444175487714610.0,-4929126921280948.0,-4661707452688481.0,-4351190587129388.0,-3993618767956748.0,-3584882968414276.0,-6881726582847532.0,-6524376593581118.0,-6094663889648828.0,-5584884428469028.0,-4987084362959518.0,-4293267341602377.5,-3068595361463283.0,-2110983919770040.0,-1035340714570431.8,160091106465912.0,1473023951516327.5,-1281657279572959.0,418084544771135.75,2258820124606653.0,4210922409464653.0,6225900017141725.0,5096377941882244.0,6720852173688448.0,8060022285912816.0,8949981311469981.0,9210228891861332.0,1.6584810905841634e+16,1.398889020875247e+16,8505183751949899.0,-397465338231412.0,-1.278246676296294e+16,-2.650346618885953e+16,-8.777255926283011e+16,0.0
760.5,62511588718966.41,61170223919382.96,59807405357982.29,58422796505575.61,57016054903763.42,55586832046260.85,54134773257549.5,52659517568780.84,51160697590870.16,49637939384704.23,48090862328392.96,46519078981486.66,44922194946088.1,43299808724769.83,41651511575227.75,39976887361575.87,38275512402203.42,36546955314101.27,34790776853569.844,33006529753213.94,31193758555126.727,29351999440161.0,27480780053198.85,25579619324294.195,23648027285598.617,21685504883951.0,19691543789016.832,17665626196861.223,15607224628835.766,13515801725651.84,11390810036516.28,9231691803190.902,7037878738850.547,4808791801590.641,2543840962442.1445,242424967753.0156,-2096068904225.012,-4472265092697.066,-6886800009795.895,-9340322302323.7,-11833493119949.22,-14366986390020.027,-16941489099184.477,-19557701582005.586,-22216337816756.92,-24918125728606.504,-27663807500384.742,-30454139891153.32,-33289894562790.656,-36171858414813.85,-39100833927677.234,-42077639514771.41,-45103109883382.13,-48178096404850.125,-51303467494199.37,-54480108999498.15,-57708924601229.97,-60990836221962.23,-64326784446602.91,-67717728953548.63,-71164648957042.83,-74668543661055.89,-78230432725026.55,-81851356741810.17,-85532377728176.05,-89274579628233.47,-93079068830148.48,-96946974696548.56,-100879450109014.16,-104877672027066.48,-108942842062080.6,-113076187066565.88,-117278959739260.88,-121552439246514.95,-125897931860444.9,-130316771614355.78,-134810320975944.77,-139379971538823.1,-144027144732897.1,-148753292554182.47,-153559898314630.8,-158448477412570.4,-163420578124391.7,-168477782418113.12,-173621706789491.94,-178854003121371.62,-184176359566967.28,-189590501457821.12,-195098192237186.4,-200701234419613.88,-206401470577554.0,-212200784355792.62,-218101101514592.62,-224104391002420.0,-230212666059172.88,-236427985350857.5,-242752454136686.88,-249188225469619.12,-255737501431360.2,-262402534402926.6,-269185628371866.16,-276089140277287.25,-283115481393891.1,-290267118756206.8,-297546576624331.5,-304956437992443.94,-312499346141460.6,-320178006237223.7,-327995186975652.5,-335953722276356.6,-344056513026218.5,-352306528874560.25,-360706810081502.4,-369260469421213.75,-377970694141785.4,-386840747983537.7,-395873973257599.1,-405073792986680.1,-414443713110010.3,-423987324754482.8,-433708306574089.4,-443610427159832.2,-453697547522328.25,-463973623649413.1,-474442709141119.4,-485108957924469.1,-495976627050594.3,-507050079576788.1,-518333787536139.7,-529832334997516.56,-541550421218700.6,-553492863895603.6,-565664602510526.4,-578070701782548.5,-590716355223199.2,-603606888800622.2,-616747764715582.1,-630144585292705.6,-643803096990424.0,-657729194533214.8,-671928925169776.5,-686408493060870.6,-701174263800645.0,-716232769075314.2,-731590711463183.1,-747254969380005.0,-763232602173807.6,-779530855373319.5,-796157166094214.4,-813119168607428.0,-830424700073847.0,-848081806449684.4,-866098748566886.0,-884484008392917.0,-903246295474258.4,-922394553567906.4,-941937967465180.2,-961885970011968.0,-982248249329557.2,-1003034756240032.0,-1024255711900037.8,-1045921615646583.0,-1068043253058304.8,-1090631704235337.8,-1113698352300638.6,-1137254892125232.0,-1161313339279416.5,-1185886039211464.0,-1210985676654794.2,-1236625285263887.8,-1262818257478549.5,-1289578354615144.0,-1316919717182558.5,-1344856875419490.5,-1373404760048414.8,-1402578713240156.8,-1432394499781446.0,-1462868318436005.5,-1494016813487694.5,-1525857086452041.0,-1558406707939882.2,-1591683729654045.2,-1625706696496826.5,-1660494658762453.8,-1696067184384775.0,-1732444371205979.0,-1769646859227198.5,-1807695842796364.8,-1846613082682496.8,-1886420917978778.0,-1927142277769099.5,-1968800692484282.5,-2011420304864676.8,-2055025880435238.0,-2099642817387503.5,-2145297155749686.5,-2192015585711624.8,-2239825454954950.8,-2288754774820893.0,-2338832225127897.0,-2390087157428838.5,-2442549596472680.0,-2496250239607533.0,-2551220453831201.0,-2607492270160679.0,-2665098374953732.0,-2724072097772727.0,-2784447395333294.0,-2846258831026983.0,-2909541549447880.0,-2974331245286885.0,-3040664125883528.0,-3108576866642793.0,-3178106558432462.5,-3249290645973833.0,-3322166856123942.0,-3396773114819358.5,-3473147451308453.0,-3551327888138993.0,-3631352315188944.0,-3713258345828212.0,-3797083153074997.0,-3882863283359615.0,-3970634445227892.0,-4060431270001445.0,-4152287041059715.0,-4246233388013045.0,-4342299941592817.0,-4440513944586825.0,-4540899813589569.0,-4643478645709504.0,-4748267663670359.0,-4855279591950842.0,-4964521955715573.0,-5075996293286608.0,-5189697271775166.0,-5305611694220089.0,-5423717385144399.0,-5543981939822026.0,-5666361320718597.0,-5790798282504223.0,-5917220604699616.0,-6045539108371392.0,-6175645430293792.0,-6307409524590841.0,-6440676858004954.0,-6575265260534340.0,-6710961388158704.0,-6847516748631336.0,-6984643234736462.0,-7122008101850677.0,-7259228317931797.0,-7395864203974669.0,-7531412271258595.0,-7665297148038086.0,-7796862472289048.0,-7925360608199466.0,-8049941021633312.0,-8169637122960034.0,-8283351353356974.0,-8389838251571314.0,-8487685190381494.0,-1.0882021029632136e+16,-1.1028481329276478e+16,-1.1160651962913818e+16,-1.1275962693245828e+16,-1.137151900491663e+16,-1.0160139976067388e+16,-1.0223526131801796e+16,-1.0252574173661566e+16,-1.0241079087998532e+16,-1.0181940132614092e+16,-1.302247623299262e+16,-1.3149704051203856e+16,-1.3219564473805414e+16,-1.3219367272369136e+16,-1.3134185497762906e+16,-1.2946500188783994e+16,-1.2288209355919202e+16,-1.171903785579308e+16,-1.0961066970072844e+16,-9983353634942368.0,-8751526313754656.0,-1.4909399318400758e+16,-1.3326370567612194e+16,-1.134101928553063e+16,-8901307063126893.0,-5958803814749759.0,-2578926118943905.0,1792082451602545.0,6633592134125818.0,1.1774086797925926e+16,1.6904599926790736e+16,3.55192971814617e+16,4.411300352454409e+16,4.999480899500835e+16,4.998561065323602e+16,3.884111920408163e+16,5582443420894193.0,-1.558738600300699e+17,0.0
760.0,188806137531876.2,188294071501320.7,187767963849687.03,187227559525002.7,186672598560614.75,186102815969308.03,185517941634857.6,184917700200955.7,184301810957432.0,183669987723701.8,183021938729360.0,182357366491847.7,181675967691110.75,180977433041161.7,180261447158471.1,179527688427088.5,178775828860409.25,178005533959494.8,177216462567845.4,176408266722530.44,175580591501571.62,174733074867475.16,173865347506804.16,172977032665678.12,172067745981084.16,171137095307883.75,170184680541386.84,169210093435370.22,168212917415410.1,167192727387388.9,166149089541044.53,165081561148407.47,163989690356991.44,162873015977572.6,161731067266402.38,160563363701695.47,159369414754216.4,158148719651798.78,156900767137610.78,155625035221985.44,154320990927621.7,152988090027958.3,151625776778519.3,150233483641012.56,148810630999970.44,147356626871702.44,145870866605325.28,144352732575635.2,142801593867565.06,141216805951974.2,139597710352502.34,137943634303212.58,136253890396734.84,134527776222621.94,132764573995604.23,130963550173436.8,129123955064001.42,127245022421337.06,125325969030239.28,123365994279074.14,121364279720425.34,119319988619190.6,117232265487727.69,115100235607624.69,112923004537678.05,110699657607616.14,108429259397123.05,106110853199669.14,103743460470659.56,101326080259387.56,98857688624257.64,96337238030722.84,93763656731375.36,91135848127582.31,88452690112062.31,85713034391759.28,82915705790357.88,80059501529743.69,77143190489711.44,74165512445165.38,71125177280059.66,68020864177276.14,64851220783615.945,61614862349047.15,58310370839321.26,54936294021031.73,51491144518156.02,47973398839088.31,44381496373123.82,40713838355321.45,36968786798628.08,33144663392104.344,29239748364044.28,25252279308737.39,21180449975564.016,17022409019078.734,12776258708663.328,8440053596284.844,4011799140844.156,-510549712484.4844,-5129089999565.797,-9845972252982.594,-14663402067879.844,-19583641719809.406,-24609011836550.11,-29741893125878.73,-34984728161423.11,-40340023228763.58,-45810350234072.84,-51398348677665.53,-57106727694924.266,-62938268167184.67,-68895824905271.13,-74982328908469.53,-81200789701866.1,-87554297755101.98,-94046026985704.66,-100679237350321.77,-107457277527304.69,-114383587694256.72,-121461702404292.2,-128695253564958.69,-136087973523899.66,-143643698265551.94,-151366370723343.0,-159260044212061.75,-167328885985276.8,-175577180922900.8,-184009335354215.5,-192629881021948.84,-201443479193183.7,-210454924923211.38,-219669151478672.62,-229091234926639.03,-238726398896590.0,-248580019522565.2,-258657630573092.62,-268964928776880.8,-279507779352586.62,-290292221751404.25,-301324475621609.7,-312610947004626.6,-324158234772630.9,-335973137318191.5,-348062659506958.9,-360434019904892.0,-373094658292123.7,-386052243476109.5,-399314681417319.0,-412890123681393.6,-426786976232332.5,-441013908582020.94,-455579863312122.9,-470494065985191.6,-485766035462625.0,-501405594648008.5,-517422881675300.8,-533828361562232.4,-550632838350381.1,-567847467754397.0,-585483770343985.0,-603553645283459.2,-622069384654906.5,-641043688392318.0,-660489679855423.0,-680420922073417.1,-700851434690294.4,-721795711645117.5,-743268739622246.0,-765286017308297.1,-787863575494561.0,-811017998065454.5,-834766443915760.2,-859126669841551.0,-884117054451948.0,-909756623151333.2,-936065074244100.0,-963062806216738.0,-990770946254779.6,-1019211380055085.0,-1048406782997014.0,-1078380652739208.0,-1109157343312099.4,-1140762100779757.8,-1173221100548380.5,-1206561486402538.5,-1240811411354322.8,-1276000080394702.0,-1312157795240730.0,-1349316001176749.0,-1387507336092432.2,-1426765681825314.5,-1467126217920471.8,-1508625477925162.0,-1551301408341494.0,-1595193430365580.0,-1640342504547210.2,-1686791198509533.8,-1734583757873945.0,-1783766180540989.0,-1834386294483627.5,-1886493839214764.8,-1940140551096163.5,-1995380252661024.0,-2052268946127163.2,-2110864911281964.8,-2171228807923934.0,-2233423783048552.8,-2297515582967993.0,-2363572670554935.5,-2431666347799991.5,-2501870883869677.0,-2574263648847054.5,-2648925253329980.0,-2725939694051355.0,-2805394505671658.5,-2887380918875552.5,-2971994024880468.0,-3059332946435253.0,-3149501015349541.0,-3242605956548879.0,-3338760078594385.0,-3438080470538049.0,-3540689204902831.0,-3646713546478369.5,-3756286166505776.0,-3869545361684665.5,-3986635277269417.5,-4107706133323873.5,-4232914452970360.0,-4362423291192601.5,-4496402462426531.0,-4635028764788943.0,-4778486198342141.0,-4926966174260730.0,-5080667711141609.0,-5239797613963246.0,-5404570630336975.0,-5575209577678660.0,-5751945433737675.0,-5935017381520286.0,-6124672797999817.0,-6321167174072426.0,-6524763950943782.0,-6735734255456316.0,-6954356513716191.0,-7180915918665659.0,-7415703722865091.0,-7659016322572942.0,-7911154093088354.0,-8172419928064414.0,-8443117426883830.0,-8723548663935438.0,-9014011461397156.0,-9314796072493328.0,-9626181164620582.0,-9948428970554430.0,-1.028177945030811e+16,-1.0626443275019254e+16,-1.098259340607413e+16,-1.1350354995688342e+16,-1.1729793276900402e+16,-1.4122324502529442e+16,-1.4631040278490678e+16,-1.515433694616636e+16,-1.5691792111316462e+16,-1.6242780879338176e+16,-1.4456966887197394e+16,-1.5028217136823424e+16,-1.5610543061835986e+16,-1.6201240815993676e+16,-1.6796797637393046e+16,-1.769322202749352e+16,-1.855336626562268e+16,-1.9436705468203744e+16,-2.033824340361121e+16,-2.125101180364433e+16,-2.216549051973725e+16,-2.342768453185423e+16,-2.418608406499985e+16,-2.486091170318916e+16,-2.541828735132852e+16,-2.581549668092996e+16,-3.537383027677948e+16,-3.602863406579816e+16,-3.63759029011532e+16,-3.630799930100256e+16,-3.56854609750485e+16,-3.4057800235971144e+16,-3.0494949047812108e+16,-2.530309079409719e+16,-1.8086348106912404e+16,-8413012379353267.0,2941960214893981.0,2.657463850504194e+16,5.841092676713866e+16,1.001793393209847e+17,1.5292671709967302e+17,2.1258244825425197e+17,5.946532425767994e+17,0.0
759.5,316011325025101.44,316406548148530.4,316796742180058.9,317181766237042.25,317561476269112.0,317935724983342.8,318304361767485.5,318667232611199.7,319024180025233.6,319375042958492.06,319719656712927.1,320057852856193.94,320389459132005.1,320714299368111.06,321032193381845.5,321342956883159.6,321646401375068.25,321942334051442.0,322230557692050.44,322510870554793.06,322783066265020.5,323046933701861.44,323302256881474.9,323548814837120.8,323786381495963.94,324014725552508.75,324233610338560.94,324442793689613.6,324642027807545.94,324831059119522.1,325009628132976.75,325177469286557.9,325334310796913.2,325479874501184.0,325613875695073.5,325736022966351.44,325846018023656.2,325943555520440.5,326028322873910.0,326100000078800.2,326158259515818.1,326202765754592.6,326233175350942.9,326249136638294.2,326250289513049.3,326236265213715.3,326206686093593.6,326161165386815.6,326099306967507.8,326020705101868.7,325924944192913.5,325811598517657.75,325680231956476.0,325530397714390.4,325361638034008.8,325173483899838.7,324965454733688.5,324737058080854.06,324487789286779.6,324217131163871.7,323924553648130.1,323609513445248.5,323271453665824.8,322909803449304.1,322523977576269.6,322113376068674.75,321677383777598.56,321215369958088.94,320726687830641.94,320210674128845.44,319666648632702.44,319093913687123.6,318491753705064.7,317859434654755.9,317196203530460.9,316501287806166.3,315773894871588.94,315013211449858.7,314218402996212.9,313388613077002.8,312522962728299.4,311620549793335.8,310680448238016.25,309701707443668.94,308683351476199.0,307624378330755.6,306523759150999.75,305380437422006.8,304193328135812.6,302961316928556.25,301683259188141.6,300357979131284.25,298984268848763.4,297560887317654.0,296086559379251.2,294559974681358.25,292979786583533.2,291344611023840.7,289653025345597.6,287903567082510.6,286094732700560.0,284224976294894.06,282292708239925.6,280296293790752.56,278234051633908.53,276104252385399.7,273905117033865.2,271634815326601.0,269291464096100.56,266873125524632.4,264377805344289.0,261803450969792.47,259147949561243.5,256409126013844.3,253584740871512.3,250672488161115.47,247669993143963.44,244574809980963.84,241384419307731.9,238096225715728.9,234707555135341.1,231215652116580.5,227617677002918.7,223910702993498.25,220091713088772.3,216157596914346.4,212105147417556.1,207931057431030.4,203631916097200.1,199204205147408.8,194644295028963.6,189948440873106.75,185112778296552.28,180133319028829.28,175005946357278.94,169726410381130.8,164290323065631.1,158693153086705.3,152930220456158.25,146996690916863.66,140887570096823.16,134597697410395.52,128121739694354.1,121454184565742.77,114589333487807.94,107521294529519.88,100243974803390.48,92751072565435.56,85036068960260.88,77092219393227.19,68912544510701.53,60489820768256.81,51816570565574.69,42885051925546.47,33687247693780.37,24214854233357.97,14459269588138.623,4411581086430.75,-5937447644894.094,-16597390287548.22,-27578172093776.125,-38890084838766.31,-50543802501271.16,-62550397712532.53,-74921359016059.03,-87668608983418.97,-100804523234048.56,-114341950410045.48,-128294233160167.44,-142675230190621.47,-157499339443986.5,-172781522471459.28,-188537330067871.7,-204782929243420.5,-221535131610864.62,-238811423272129.9,-256629996293823.44,-275009781867088.47,-293970485253629.5,-313532622626615.7,-333717559922515.0,-354547553827829.5,-376045795033245.44,-398236453896840.1,-421144728667831.6,-444796896433010.6,-469220366959335.75,-494443739618564.4,-520496863592983.4,-547410901575632.25,-575218397193854.5,-603953346401611.0,-633651273104047.0,-664349309297132.6,-696086280026276.6,-728902793490412.9,-762841336642729.6,-797946376665638.0,-834264468726445.1,-871844370451335.6,-910737163588982.0,-950996383371780.8,-992678156122365.4,-1035841345696188.8,-1080547709397687.8,-1126862064058447.0,-1174852463020881.0,-1224590384831120.2,-1276150934509938.2,-1329613058341709.5,-1385059773198634.0,-1442578411501765.8,-1502260883012046.0,-1564203954744607.0,-1628509550408659.5,-1695285070894139.0,-1764643737456221.5,-1836704959390318.5,-1911594728145088.0,-1989446039989819.5,-2070399349537386.5,-2154603056625756.5,-2242214029281790.5,-2333398165732513.0,-2428330998693032.0,-2527198345449292.5,-2630197007570043.0,-2737535524428441.0,-2849434985092564.0,-2966129903558847.0,-3087869162756391.0,-3214917033247098.0,-3347554273090598.0,-3486079315938358.0,-3630809555072841.0,-3782082731820500.0,-3940258437546809.5,-4105719739293937.5,-4278874940052833.0,-4460159485678715.0,-4650038031569083.0,-4849006683434393.0,-5057595427811246.0,-5276370769405493.0,-5505938593916604.0,-5746947276694981.0,-6000091059431092.0,-6266113719080038.0,-6545812555399826.0,-6840042725839938.0,-7149721959074129.0,-7475835681246702.0,-7819442592018461.0,-8181680730787450.0,-8563774077061446.0,-8967039732931682.0,-9392895740019498.0,-9842869588256372.0,-1.031860747957677e+16,-1.0821884416294642e+16,-1.1354615191943088e+16,-1.1918866372185138e+16,-1.3331009290174284e+16,-1.4064092511770046e+16,-1.4841266621634022e+16,-1.5665608834939202e+16,-1.6540434678974754e+16,-1.4574285473868256e+16,-1.5525912226347774e+16,-1.6544552213326282e+16,-1.7635308674286588e+16,-1.880362351428927e+16,-1.685925895075947e+16,-1.823002265992897e+16,-1.971998999202724e+16,-2.1341003670972576e+16,-2.310609780589479e+16,-2.502956455191132e+16,-2.8545489176756056e+16,-3.082897934437005e+16,-3.328599721684377e+16,-3.592589012746699e+16,-3.875705701688296e+16,-4.8874318246716376e+16,-5.292585653374487e+16,-5.729400112990564e+16,-6.199281218971015e+16,-6.703157118103971e+16,-7.696086166868992e+16,-8.254349774197718e+16,-8.790132568394987e+16,-9.264339434108854e+16,-9.611449960773091e+16,-1.2252616914495562e+17,-1.2381912279491968e+17,-1.1673988463588445e+17,-9.34181119637188e+16,-3.83687213154457e+16,8.658505920324646e+16,4.0858193766233197e+17,0.0
759.0,436623421509875.1,437928678374711.7,439238554124538.3,440553039756743.5,441872125309312.1,443195799829767.5,444524051343177.9,445856866819192.3,447194232138079.3,448536132055733.9,449882550167619.8,451233468871616.8,452588869329733.4,453948731428650.0,455313033739058.9,456681753473753.75,458054866444438.06,459432347017205.0,460814168066644.8,462200300928541.4,463590715351103.6,464985379444689.8,466384259629975.9,467787320584510.5,469194525187608.8,470605834463529.75,472021207522878.9,473440601502176.0,474863971501530.4,476291270520357.2,477722449391071.7,479157456710690.9,480596238770272.9,482038739482126.4,483484900304702.8,484934660165105.3,486387955379123.25,487844719568716.4,489304883576853.6,490768375379621.3,492235119995501.1,493705039391726.9,495178052387614.0,496654074554755.6,498133018113981.8,499614791828960.9,501099300896332.25,502586446832244.0,504076127355169.5,505568236264873.4,507062663317384.9,508559294095844.0,510058009877063.75,511558687493664.6,513061199191611.7,514565412482998.5,516071189993897.94,517578389307103.0,519086862799573.6,520596457474393.75,522107014787037.25,523618370465730.6,525130354325702.7,526642790077083.1,528155495126222.1,529668280370183.75,531180949984153.7,532693301201496.8,534205124086192.9,535716201297352.1,537226307845514.3,538735210840421.8,540242669229932.7,541748433529737.06,543252245543527.4,544753838073240.5,546252934618999.75,547749249068345.1,549242485374336.94,550732337222097.8,552218487683330.3,553700608858340.0,555178361505065.25,556651394654597.1,558119345212642.0,559581837546372.5,561038483056066.4,562488879730921.5,563932611688401.9,565369248696446.5,566798345677825.6,568219442195924.4,569632061921174.9,571035712077334.5,572429882866774.1,573814046873889.9,575187658445730.1,576550153048854.9,577900946601444.1,579239434779580.8,580564992296609.1,581876972154419.0,583174704865426.2,584457497644003.5,585724633566000.2,586975370694986.5,588208941173733.2,589424550279409.5,590621375440882.0,591798565216422.9,592955238230067.8,594090482064748.5,595203352110253.1,596292870363973.5,597358024182264.6,598397764980173.8,599411006877142.1,600396625286202.2,601353455444016.5,602280290879009.5,603175881814688.5,604038933505076.9,604868104499057.8,605662004830226.1,606419194128688.5,607138179651046.4,607817414224598.9,608455294101600.8,609050156719167.9,609600278360189.4,610103871710363.8,610559083306181.2,610963990868414.4,611316600515367.2,611614843849796.5,611856574913111.4,612039567000054.9,612161509326711.2,612220003544272.2,612212560090549.6,612136594370753.5,611989422758590.4,611768258408175.4,611470206866720.0,611092261477346.6,610631298560752.6,610084072363786.4,609447209762225.0,608717204704361.0,607890412381095.8,606963043107412.8,605931155899169.2,604790651728123.5,603537266437055.4,602166563295706.2,600673925177034.6,599054546331978.2,597303423739510.4,595415348007300.2,593384893796646.2,591206409743674.8,588874007846914.6,586381552289404.5,583722647661349.5,580890626547075.9,577878536437577.6,574679125927315.0,571284830151097.4,567687755413826.8,563879662962636.5,559851951847369.1,555595640811600.8,551101349152286.8,546359276481674.8,541359181320400.25,536090358445509.4,530541614911593.75,524701244657228.25,518557001602405.6,512096071135633.44,505305039881772.06,498169863633427.1,490675833319836.94,482807538877486.5,474548830876199.5,465882779743092.7,456791632414391.2,447256766231664.3,437258639884468.25,426776741185441.44,415789531446618.9,404274386206915.0,392207532040102.9,379563979150297.4,366317449437453.5,352440299688682.06,337903439522033.5,322676243677440.94,306726458214666.6,290020100139761.6,272521349939756.88,254192436459252.62,234993513502245.38,214882527487116.75,193815075421885.38,171744252399927.62,148620487742756.75,124391368835288.88,99001451609772.88,72392056535837.5,44501048865399.625,15262601760833.0,-15393059198030.5,-47539931779669.125,-81256534953901.62,-116626230827187.23,-153737572855569.25,-192684682752935.12,-233567658759420.1,-276493018209544.62,-321574177645619.9,-368931974062702.8,-418695231251446.4,-471001375629366.2,-525997106424834.3,-583839125608021.2,-644694933555994.1,-708743697103530.0,-776177197376238.2,-847200865638745.5,-922034916330265.8,-1000915587516628.0,-1084096500177340.6,-1171850149087106.5,-1264469539563552.8,-1362269986061074.8,-1465591090521637.8,-1574798920578867.8,-1690288410187772.0,-1812486008061030.5,-1941852602482094.5,-2078886754691442.5,-2224128277169683.5,-2378162197845554.0,-2541623156624928.0,-2715200286771730.5,-2899642640691136.5,-3095765227710405.0,-3304455740686324.0,-3526682058884315.0,-3763500626801488.0,-4016065822716097.0,-4285640447063623.0,-4573607479654574.0,-4881483276731658.0,-5210932404486829.0,-5563784335623420.0,-5942052270723744.0,-6347954387652593.0,-6783937871362484.0,-7252706135017779.0,-7757249713587987.0,-7113768312517476.0,-7727858984198562.0,-8390740149309238.0,-9107036219145382.0,-9881902493010252.0,-8366841160602294.0,-9232145666849630.0,-1.0182175532389172e+16,-1.1226768281347472e+16,-1.2377108158181114e+16,-8119480934913594.0,-9278390044790236.0,-1.0577506798810186e+16,-1.203737496955896e+16,-1.3682205856912696e+16,-1.5540657580258342e+16,-1.9680581591858376e+16,-2.224666645920169e+16,-2.5137466281779748e+16,-2.840187907861928e+16,-3.2098249473712164e+16,-3.725528944041132e+16,-4.230673931072492e+16,-4.809821310248207e+16,-5.4776051314898e+16,-6.253240945086585e+16,-7.57066156067814e+16,-8.863256134292552e+16,-1.0420241225252749e+17,-1.2326167022735315e+17,-1.4708606342297776e+17,-1.99132273648962e+17,-2.4898584967110125e+17,-3.1787995768895296e+17,-4.167730140258479e+17,-5.620625538901446e+17,-7.757215539251692e+17,-1.4741567733733568e+18,0.0
758.5,543200696813359.6,545339297881780.25,547491707235622.3,549658047016633.94,551838440709070.1,554033013156668.5,556241890579854.6,558465200593166.4,560703072222917.9,562955635925084.5,565223023603427.6,567505368627854.9,569802805853015.8,572115471637141.0,574443503861123.2,576787041947844.5,579146226881746.8,581521201228657.5,583912109155860.9,586319096452426.9,588742310549792.6,591181900542602.5,593638017209806.1,596110813036016.4,598600442233131.2,601107060762217.4,603630826355660.2,606171898539578.5,608730438656508.0,611306609888350.6,613900577279598.2,616512507760819.0,619142570172420.0,621790935288678.5,624457775842041.6,627143266547703.5,629847584128442.9,632570907339742.5,635313416995166.8,638075295992015.5,640856729337239.1,643657904173624.8,646479009806238.5,649320237729135.5,652181781652322.4,655063837528981.2,657966603582936.2,660890280336379.5,663835070637829.8,666801179690336.1,669788815079909.5,672798186804188.1,675829507301314.8,678882991479032.9,681958856743985.6,685057323031211.8,688178612833827.0,691322951232882.9,694490565927394.0,697681687264509.0,700896548269837.0,704135384677883.5,707398434962613.1,710685940368092.2,713998144939222.2,717335295552523.0,720697641946953.8,724085436754760.0,727498935532299.1,730938396790847.8,734404082027343.6,737896255755040.1,741415185534049.6,744961142001728.8,748534398902886.5,752135233119766.2,755763924701769.8,759420756894873.6,763106016170703.8,766819992255208.9,770562978156889.1,774335270194522.6,778137168024334.6,781968974666543.5,785830996531224.9,789723543443414.2,793646928667385.8,797601468930020.2,801587484443179.5,805605298925002.1,809655239620022.0,813737637318010.2,817852826371436.0,822001144711428.0,826182933862118.6,830398538953242.0,834648308730853.2,838932595566015.2,843251755461308.8,847606148054995.8,851996136622667.1,856422088076183.5,860884372959724.4,865383365442722.4,869919443309475.5,874492987945194.5,879104384318234.5,883754020958251.8,888442289929994.6,893169586802442.8,897936310612953.2,902742863826102.2,907589652286838.8,912477085167578.4,917405574908833.0,922375537152933.2,927387390670387.6,932441557278396.0,937538461750982.2,942678531720200.0,947862197567824.0,953089892306885.6,958362051452404.4,963679112880580.4,969041516675707.8,974449704963993.0,979904121733416.0,985405212638726.8,990953424790588.8,996549206527836.0,1002193007171730.8,1007885276761037.8,1013626465766654.2,1019417024784445.2,1025257404204845.0,1031148053857704.2,1037089422630716.8,1043081958059707.4,1049126105888891.4,1055222309599111.8,1061371009901928.2,1067572644197266.4,1073827645992192.8,1080136444278207.2,1086499462864245.4,1092917119662430.0,1099389825923339.6,1105917985417393.6,1112501993558655.2,1119142236467150.8,1125839089965448.6,1132592918505007.5,1139404074017424.2,1146272894685368.8,1153199703627634.2,1160184807492278.0,1167228494951428.2,1174331035090793.5,1181492675686456.2,1188713641360917.2,1195994131609774.0,1203334318689752.0,1210734345358098.2,1218194322452576.5,1225714326300450.2,1233294395943957.8,1240934530168798.8,1248634684321061.8,1256394766896875.8,1264214635887843.8,1272094094863891.0,1280032888773730.0,1288030699441487.0,1296087140736322.2,1304201753389895.0,1312373999434523.0,1320603256232529.8,1328888810064860.8,1337229849244292.0,1345625456715623.2,1354074602102035.8,1362576133153223.8,1371128766547070.2,1379731077992429.8,1388381491575916.8,1397078268290559.0,1405819493678575.5,1414603064514503.5,1423426674448125.5,1432287798519330.2,1441183676448958.5,1450111294600767.2,1459067366499848.5,1468048311782066.0,1477050233437186.2,1486068893195207.2,1495099684890998.2,1504137605626298.5,1513177224530466.0,1522212648901802.8,1531237487489680.5,1540244810653608.8,1549227107108914.5,1558176236939072.8,1567083380522110.5,1575938982981949.0,1584732693735184.5,1593453300658671.0,1602088658353095.8,1610625609921758.0,1619049901621327.5,1627346089671618.2,1635497438433432.5,1643485809076395.5,1651291537761040.5,1658893302249954.5,1666267975740182.5,1673390466571245.2,1680233542308359.0,1686767636526345.2,1692960636423711.5,1698777649175580.0,1704180744684996.5,1709128672110991.5,1713576547233997.0,1717475507359753.0,1720772330055931.0,1723409011554378.0,1725322300128724.0,1726443179162835.0,1726696293950172.8,1725999315495540.8,1724262233715388.0,1721386571434650.2,1717264509439303.0,1711777911542297.8,1704797237132877.5,1696180326975783.8,1685771046075732.8,1673397765184372.5,1658871659958286.5,1641984803824923.8,1622508027219603.2,1600188511950495.8,1574747084949534.5,1545875170481367.8,1513231353900862.0,1476437503146140.0,1435074386182461.0,1388676713403197.8,1336727523353228.8,1278651817842284.8,1213809338304853.5,1141486358845582.0,1060886352452865.8,971119364995629.8,871189906424228.8,759983139623899.2,636249114132664.5,498584753934318.8,345413265278706.5,174960581525466.0,3322233118153521.0,3185858458860217.0,3030890885420862.0,2855166590793167.5,2656238610160445.0,3140159849621173.0,2899434230655576.0,2619462188515262.0,2294347857847093.0,1917217935167026.0,6696129903238264.0,6522194956337786.0,6300303581883416.0,6020919433264836.0,5672406934666193.0,5240511563898219.0,3046252831362493.0,2093366782124354.0,968204913203612.0,-358510100897624.0,-1921210835281003.2,2002317775316092.0,348915729957838.0,-1586005154431328.0,-3839530795048952.0,-6448431309454570.0,1354142324309532.0,-2644865137349388.0,-7416854568929264.0,-1.308264700009138e+16,-1.980615434239429e+16,-4.196754716290877e+16,-5.881458652397066e+16,-8.149256186858214e+16,-1.1400666624338842e+17,-1.7131265224271408e+17,-3.389017358532252e+17,-1.3342339905090514e+18,0.0
758.0,629030576106855.5,631851320165193.5,634693532704908.2,637557447383943.2,640443301202702.5,643351334563732.9,646281791332697.2,649234918900656.9,652210968247708.0,655210194008000.4,658232854536175.9,661279211975261.2,664349532326057.0,667444085518052.5,670563145481917.4,673706990223603.1,676875901900096.9,680070166896876.6,683290075907102.2,686535924012602.0,689808010766688.2,693106640278860.4,696432121301441.2,699784767318200.6,703164896635016.0,706572832472632.4,710008903061570.0,713473441739244.0,716966787049351.9,720489282843600.5,724041278385822.2,727623128458559.5,731235193472179.2,734877839576591.0,738551438775639.2,742256369044246.2,745993014448383.2,749761765267950.1,753563018122645.2,757397176100912.2,761264648892050.4,765165852921581.9,769101211489969.2,773071154914777.8,777076120676387.0,781116553567356.5,785192905845543.5,789305637391099.2,793455215867442.0,797642116886342.0,801866824177222.5,806129829760822.8,810431634127342.1,814772746419204.2,819153684618581.1,823574975739827.6,828037156026969.8,832540771156404.6,837086376444982.0,841674537063619.4,846305828256636.2,850980835566982.8,855700155067545.9,860464393598731.5,865274169012516.6,870130110423179.5,875032858464926.0,879983065556630.5,884981396173919.8,890028527128848.5,895125147857400.6,900271960715089.0,905469681280903.6,910719038669901.0,916020775854713.0,921375649996280.0,926784432784105.6,932247910786372.4,937766885810244.0,943342175272694.4,948974612582243.0,954665047531950.6,960414346704080.0,966223393886825.6,972093090503522.2,978024356054786.0,984018128574036.0,990075365096868.4,996197042144784.8,1002384156223778.0,1008637724338323.0,1014958784521318.2,1021348396380560.8,1027807641662364.2,1034337624832941.4,1040939473678207.8,1047614339922700.8,1054363399868306.0,1061187855053552.6,1068088932934239.2,1075067887586208.0,1082126000431095.6,1089264580985959.6,1096484967637675.4,1103788528443082.0,1111176661955859.6,1118650798081198.4,1126212398959333.0,1133862959879099.5,1141604010222695.5,1149437114442884.2,1157363873073959.8,1165385923777818.8,1173504942426569.8,1181722644223164.5,1190040784861624.2,1198461161728468.2,1206985615147075.2,1215616029666745.2,1224354335398365.2,1233202509398600.0,1242162577104701.8,1251236613822075.8,1260426746266865.5,1269735154165927.5,1279164071916685.0,1288715790309466.0,1298392658315066.0,1308197084940408.0,1318131541155324.2,1328198561893614.2,1338400748131733.2,1348740769048586.8,1359221364270129.8,1369845346202630.5,1380615602458667.5,1391535098380137.8,1402606879662792.5,1413834075087028.2,1425219899359935.8,1436767656073851.8,1448480740786976.0,1460362644231862.5,1472416955657969.5,1484647366314724.2,1497057673081976.0,1509651782255043.0,1522433713491973.0,1535407603931072.8,1548577712487199.5,1561948424335777.5,1575524255594046.5,1589309858209546.2,1603310025066455.0,1617529695320975.5,1631973959977643.0,1646648067719114.5,1661557431002720.2,1676707632437850.0,1692104431459118.5,1707753771311084.5,1723661786361290.0,1739834809759404.2,1756279381461296.5,1773002256638092.0,1790010414491387.0,1807311067497244.8,1824911671102891.5,1842819933901600.0,1861043828312830.0,1879591601796426.8,1898471788631508.0,1917693222292636.0,1937265048458018.0,1957196738686674.5,1977498104804002.0,1998179314037699.2,2019250904948862.0,2040723804205980.8,2062609344252848.0,2084919281924759.2,2107665818071151.2,2130861618246755.2,2154519834537632.8,2178654128593059.2,2203278695939144.8,2228408291655476.8,2254058257501662.0,2280244550586991.0,2306983773682965.0,2334293207285671.5,2362190843542720.0,2390695422167769.0,2419826468474755.0,2449604333673592.0,2480050237579667.5,2511186313900854.5,2543035658277946.0,2575622379267850.0,2608971652473145.0,2643109778037250.0,2678064241741260.5,2713863779956853.0,2750538448729352.0,2788119697286660.5,2826640446292921.0,2866135171191102.5,2906639991006175.0,2948192763010230.0,2990833183683372.5,3034602896439314.5,3079545606622813.0,3125707204327792.0,3173135895630017.0,3221882342877646.0,3271999814736319.0,3323544346743995.0,3376574913194129.0,3431153611235094.0,3487345858149163.5,3545220602856613.0,3604850552780153.0,3666312417302724.0,3729687169158276.0,3795060325211588.0,3862522248210172.0,3932168471229825.5,4004100046686775.0,4078423921954400.0,4155253343803073.0,4234708294078341.5,4316915959248111.0,4402011236684367.0,4490137280801834.5,4581446092456964.0,4676099155317399.0,4774268123248334.0,4876135563129686.0,4981895757921222.0,5091755575234615.0,5205935407157024.0,5324670187605090.0,5448210494077462.0,5576823741326008.0,5710795475189768.0,5850430775643517.0,5996055779019142.0,6148019330382449.0,6306694778215526.0,6472481924898538.0,6645809148049474.0,6827135709625421.0,7016954271895180.0,7215793642071518.0,7424221770692280.0,7642849032972250.0,7872331827598371.0,8113376534209384.0,8366743879639010.0,8633253774683043.0,8913790698750170.0,9209309730786068.0,1.4176631826116792e+16,1.4639746061112292e+16,1.5130521919237118e+16,1.565142776488457e+16,1.620522059269759e+16,1.5541333072623456e+16,1.614032710997598e+16,1.677951072517365e+16,1.7462535871991216e+16,1.819345461933135e+16,2.1604917001984548e+16,2.2635781698070524e+16,2.375828393722929e+16,2.4983950531368708e+16,2.632610298039504e+16,2.780018261857775e+16,2.8728606510974404e+16,3.01959846741158e+16,3.180442841395184e+16,3.3576780609321564e+16,3.554152775708237e+16,4.661455139339668e+16,4.985854683484062e+16,5.357777735515745e+16,5.78896741382408e+16,6.295376006437837e+16,9.0786749774636e+16,1.0016926890674328e+17,1.118215150080998e+17,1.2668780554118403e+17,1.4628805585313664e+17,1.7400476283075187e+17,2.145227863764649e+17,2.740875136951055e+17,3.689890099359287e+17,5.477170154018808e+17,1.0310952632496468e+18,5.656271920343305e+18,0.0
757.5,688752432356174.1,692043387244793.6,695361049313458.6,698705727986558.4,702077737382976.4,705477396404550.0,708905028826529.9,712360963390085.1,715845533896916.4,719359079306025.2,722901943832700.2,726474477049780.1,730077033991255.1,733709975258263.5,737373667127558.9,741068481662505.2,744794796826675.5,748552996600117.8,752343471098369.5,756166616694292.1,760022836142803.9,763912538708589.6,767836140296877.5,771794063587356.9,775786738171337.5,779814600692233.1,783878094989467.8,787977672245898.5,792113791138862.0,796286917994934.2,800497526948532.2,804746100104444.5,809033127704420.5,813359108297936.4,817724548917244.9,822129965256853.8,826575881857549.8,831062832295110.2,835591359373836.2,840162015325052.2,844775362010725.6,849431971132352.2,854132424445274.8,858877313978590.2,863667242260824.8,868502822551549.5,873384679079111.6,878313447284685.5,883289774072824.8,888314318068721.9,893387749882391.2,898510752379981.0,903684020962446.8,908908263851823.0,914184202385313.2,919512571317483.4,924894119130777.6,930329608354660.0,935819815893639.0,941365533364466.6,946967567442818.2,952626740219763.2,958343889568334.8,964119869520554.8,969955550655237.2,975851820496954.8,981809583926514.6,987829763603357.6,993913300400264.8,1000061153850799.6,1006274302609913.2,1012553744928174.2,1018900499140079.2,1025315604166941.4,1031800120034860.8,1038355128408302.8,1044981733139830.0,1051681060836564.4,1058454261443965.6,1065302508847541.0,1072227001493138.8,1079228963026481.8,1086309642952638.6,1093470317316163.0,1100712289402647.0,1108036890462475.0,1115445480457600.8,1122939448832194.4,1130520215308049.0,1138189230705671.5,1145947977792032.8,1153797972155959.0,1161740763112250.0,1169777934635581.5,1177911106325363.5,1186141934402735.5,1194472112740938.5,1202903373930375.5,1211437490379709.8,1220076275454418.0,1228821584654293.8,1237675316831421.5,1246639415450274.8,1255715869891600.0,1264906716801872.5,1274214041490169.8,1283639979374399.2,1293186717478902.8,1302856495985565.8,1312651609840642.5,1322574410419629.8,1332627307252619.8,1342812769812685.5,1353133329369967.8,1363591580914276.2,1374190185149131.2,1384931870560333.8,1395819435562301.8,1406855750725546.5,1418043761088874.5,1429386488560034.0,1440887034408723.8,1452548581856121.2,1464374398765219.2,1476367840436549.2,1488532352514064.8,1500871474006235.0,1513388840427602.2,1526088187066423.8,1538973352384213.8,1552048281553377.2,1565317030139428.5,1578783767934641.0,1592452782950323.0,1606328485575349.2,1620415412908924.8,1634718233276060.8,1649241750934665.2,1663990910983655.2,1678970804482017.5,1694186673789324.0,1709643918138748.5,1725348099454324.5,1741304948424775.0,1757520370847038.0,1774000454253290.5,1790751474836124.0,1807779904687372.0,1825092419366976.8,1842695905819292.0,1860597470655216.0,1878804448819680.5,1897324412665175.5,1916165181453278.5,1935334831307435.2,1954841705641755.2,1974694426092052.5,1994901903977003.5,2015473352319076.8,2036418298456732.8,2057746597281384.8,2079468445134791.5,2101594394404814.8,2124135368859940.8,2147102679765638.5,2170508042828374.5,2194363596016256.8,2218681918308418.5,2243476049428844.8,2268759510624061.0,2294546326548142.0,2320851048322888.5,2347688777845663.5,2375075193422414.0,2403026576808870.0,2431559841748735.5,2460692564103967.5,2490443013679127.5,2520830187849018.5,2551873847106869.0,2583594552658786.5,2616013706199564.0,2649153592014870.5,2683037421565753.0,2717689380723088.0,2753134679832366.0,2789399606802996.5,2826511583431238.5,2864499225182191.5,2903392404673825.0,2943222319125276.0,2984021562052414.0,3025824199516464.0,3068665851255997.0,3112583777059698.0,3157616968766462.0,3203806248311489.0,3251194372271839.5,3299826143403158.5,3349748529700857.0,3401010791564656.0,3453664617695290.5,3507764270406773.0,3563366741097537.0,3620531916689403.0,3679322757915449.5,3739805490416959.0,3802049809696735.0,3866129101071746.5,3932120675873434.5,4000106025260144.0,4070171093134185.5,4142406569797137.0,4216908208133159.0,4293777164282338.5,4373120364956808.0,4455050903763449.0,4539688469130879.0,4627159806697679.0,4717599219306679.0,4811149108069759.0,4907960558323001.0,5008193974687589.0,5112019769892072.0,5219619112502882.0,5331184739257360.0,5446921838305671.0,5567049010351473.0,5691799315446309.0,5821421414049597.0,5956180811926077.0,6096361219530516.0,6242266037739368.0,6394219983149518.0,6552570867695335.0,6717691549059186.0,6889982070295044.0,7069872009278531.0,7257823061075659.0,7454331879124928.0,7659933204300261.0,7875203314516400.0,8100763831614926.0,8337285926896710.0,8585494971924754.0,8846175687202054.0,9120177848137218.0,9408422615468632.0,9711909566164798.0,1.0031724510917634e+16,1.0369048195881456e+16,1.0725165999499944e+16,1.110147875035311e+16,1.1499514809232496e+16,1.1920943578443962e+16,1.2367590624021692e+16,1.2841454622547166e+16,1.3344726374100594e+16,1.3879810157093078e+16,1.4449347739979386e+16,1.5056245409853896e+16,1.5703704429490658e+16,2.0888939813414348e+16,2.172947074128276e+16,2.262637834472805e+16,2.35848679338791e+16,2.4610742506778344e+16,2.3323759675612016e+16,2.4471928121125588e+16,2.5714071717787536e+16,2.706043220388875e+16,2.8522590011456644e+16,2.978679018194477e+16,3.148376695771208e+16,3.334905350516138e+16,3.540542884296021e+16,3.767940753866972e+16,4.020192279321018e+16,4.291637419082788e+16,4.575347628901497e+16,4.889807905735532e+16,5.239461583919525e+16,5.629495454481774e+16,6.74186375930513e+16,7.258797330985654e+16,7.839067613792592e+16,8.49143990776687e+16,9.224863875666006e+16,1.105344608470108e+17,1.197993298899148e+17,1.2990599169466354e+17,1.405613392071438e+17,1.509297946816686e+17,1.884476014109164e+17,2.0884439344182688e+17,2.215634599717338e+17,2.032279807823312e+17,7.62338725510863e+16,-4.645444312297435e+17,-4.0450663547583084e+18,0.0
757.0,718862629857252.6,722372248560185.2,725910808946132.2,729478649897441.2,733076115467531.8,736703554978510.2,740361323120992.6,744049780056179.1,747769291520252.2,751520228931149.8,755302969497784.8,759117896331768.2,762965398561712.5,766845871450172.9,770759716513305.8,774707341643319.5,778689161233780.5,782705596307870.8,786757074649660.8,790844030938490.6,794966906886544.9,799126151379695.8,803322220621734.2,807555578282045.8,811826695646861.6,816136051774163.0,820484133652351.2,824871436362789.8,829298463246324.8,833765726073899.6,838273745221382.2,842823049848723.6,847414178083569.9,852047677209468.8,856724103858787.5,861444024210490.5,866208014192919.9,871016659691719.4,875870556763058.8,880770311852315.0,885716542018367.8,890709875163692.0,895750950270399.5,900840417642429.4,905978939154061.4,911167188504949.0,916405851481871.8,921695626227409.6,927037223515757.8,932431367035896.2,937878793682346.8,943380253853759.8,948936511759557.2,954548345734911.0,960216548564295.6,965941927813909.6,971725306173225.0,977567521805980.0,983469428710902.4,989431897092483.8,995455813742129.6,1001542082430028.2,1007691624308079.2,1013905378324252.2,1020184301648755.8,1026529370112397.2,1032941578657553.6,1039421941802164.0,1045971494117186.8,1052591290717978.2,1059282407770057.6,1066045943009759.6,1072883016280272.0,1079794770083600.0,1086782370148996.4,1093847006018441.0,1100989891649751.6,1108212266037956.0,1115515393855563.0,1122900566112399.6,1130369100835716.0,1137922343771274.5,1145561669106185.5,1153288480214269.2,1161104210424758.0,1169010323815197.5,1177008316029426.8,1185099715121557.2,1193286082426924.5,1201569013461000.0,1209950138847321.0,1218431125275515.0,1227013676490564.8,1235699534314496.0,1244490479701717.2,1253388333829311.8,1262394959223616.0,1271512260924502.8,1280742187688819.5,1290086733234529.5,1299547937527146.0,1309127888110132.2,1318828721481022.0,1328652624515067.5,1338601835938357.0,1348678647852358.2,1358885407312009.5,1369224517959525.5,1379698441716205.0,1390309700534642.0,1401060878213838.5,1411954622279842.5,1422993645934666.5,1434180730076355.2,1445518725393229.0,1457010554535464.2,1468659214367326.5,1480467778303530.0,1492439398733383.5,1504577309536543.0,1516884828694399.5,1529365361001302.8,1542022400880079.8,1554859535306485.5,1567880446847472.5,1581088916818444.5,1594488828564865.0,1608084170873951.0,1621879041522371.0,1635877650966302.0,1650084326180423.5,1664503514652839.0,1679139788543267.5,1693997849012238.8,1709082530729444.5,1724398806569841.5,1739951792506565.2,1755746752710216.8,1771789104864599.2,1788084425709564.2,1804638456822184.8,1821457110648148.8,1838546476795891.2,1855912828606726.5,1873562630015004.0,1891502542713080.5,1909739433636804.0,1928280382788092.5,1947132691412170.5,1966303890548063.2,1985801749972060.5,2005634287555020.0,2025809779055668.0,2046336768373363.5,2067224078285263.2,2088480821694308.0,2110116413416128.0,2132140582534684.0,2154563385358340.0,2177395219010062.5,2200646835687579.2,2224329357631606.5,2248454292842751.2,2273033551590231.5,2298079463758516.0,2323604797080847.5,2349622776312006.0,2376147103396025.0,2403191978688429.0,2430772123296459.0,2458902802605203.0,2487599851062099.0,2516879698297304.5,2546759396662863.5,2577256650279326.5,2608389845684790.5,2640178084188049.0,2672641216034808.5,2705799876503814.5,2739675524058157.0,2774290480686279.5,2809667974576978.5,2845832185283621.0,2882808291544151.0,2920622521936258.0,2959302208560536.0,2998875843959301.0,3039373141494735.0,3080825099427391.0,3123264068955002.5,3166723826492047.0,3211239650492800.0,3256848403144945.0,3303588617287191.0,3351500588933157.0,3400626475815160.0,3451010402395831.5,3502698571832763.0,3555739385422278.5,3610183570092993.5,3666084314568612.0,3723497414872809.0,3782481429907444.0,3843097847899525.0,3905411264582456.0,3969489574054288.0,4035404173340258.5,4103230181780009.5,4173046676462025.0,4244936945040495.0,4318988757393687.0,4395294657719513.0,4473952278814543.0,4555064680449022.0,4638740713933946.0,4725095415179140.0,4814250428765717.0,4906334465804582.0,5001483798627773.0,5099842795664343.0,5201564500190646.0,5306811257020416.0,5415755391616958.0,5528579946573487.0,5645479480923268.0,5766660938315343.0,5892344590731018.0,6022765065129271.0,6158172461203988.0,6298833569323597.0,6445033198714290.0,6597075627055368.0,6755286183892855.0,6920012981662118.0,7091628809659030.0,7270533208033286.0,7457154740818925.0,7651953489191310.0,7855423788575198.0,8068097235956158.0,8290545996802648.0,8523386444426157.0,8767283168434701.0,9022953393215860.0,9291171852168588.0,9572776168741052.0,9868672801279102.0,1.017984361530309e+16,1.0507353154164492e+16,1.0852356687140914e+16,1.1216109122951624e+16,1.1599974886447826e+16,1.2005438866860334e+16,1.2434118557447734e+16,1.2887777518607064e+16,1.3368340309339556e+16,1.3877909045159458e+16,1.4418781753704312e+16,1.4993472711861232e+16,1.5604734959307798e+16,1.6255585191744424e+16,1.6949331241034222e+16,2.068041750301861e+16,2.146996368975098e+16,2.230790476830576e+16,2.319816497632598e+16,2.4145045152022788e+16,2.310979571135396e+16,2.420415054393146e+16,2.5384232813718296e+16,2.665893650602676e+16,2.80382476038693e+16,2.773916402693773e+16,2.918904592915251e+16,3.077058514018714e+16,3.250012257670938e+16,3.4396439010156464e+16,3.648115263279106e+16,3.84361328646005e+16,4.074042719754323e+16,4.326008382443189e+16,4.601971197402441e+16,4.904682745145598e+16,5.407322754864794e+16,5.722778843091223e+16,6.063570678904479e+16,6.431193520358424e+16,6.826927865957992e+16,6.4520807044271496e+16,6.705550681483792e+16,6.965384597889223e+16,7.251859557938534e+16,7.62301928266208e+16,9.16475986782707e+16,1.028690437133726e+17,1.2602287626978986e+17,1.831246719200852e+17,3.448752099193298e+17,8.766137364804294e+17,5.307830024947823e+18,0.0
756.5,718041087071187.0,721504062460975.0,724995021710215.5,728514283669366.5,732062171896946.5,735639014745188.0,739245145447547.9,742880902208117.2,746546628292988.6,750242672123617.6,753969387372240.1,757727133059392.5,761516273653587.8,765337179173207.5,769190225290664.8,773075793438893.9,776994270920231.8,780946051017755.2,784931533109124.8,788951122783025.8,793005231958246.2,797094279005486.8,801218688871958.2,805378893208848.9,809575330501736.9,813808446204027.6,818078692873494.2,822386530312009.8,826732425708555.8,831116853785596.6,835540296948910.5,840003245440974.5,844506197498003.2,849049659510733.2,853634146189072.2,858260180730706.1,862928294993783.2,867639029673790.5,872392934484736.8,877190568344764.2,882032499566320.0,886919306051012.8,891851575489289.5,896829905565075.5,901854904165516.0,906927189595966.4,912047390800395.8,917216147587342.6,922434110861605.8,927701942861828.4,933020317404148.2,938389920132103.8,943811448772975.8,949285613400760.6,954813136705969.2,960394754272472.0,966031214861585.2,971723280703634.0,977471727797219.6,983277346216412.8,989140940426146.0,995063329606028.0,1001045347982870.4,1007087845172175.6,1013191686528888.2,1019357753507685.6,1025586944033123.8,1031880172879940.8,1038238372063853.8,1044662491243173.6,1051153498131602.0,1057712378922560.0,1064340138725431.6,1071037802014107.6,1077806413088237.6,1084647036547612.0,1091560757780094.0,1098548683463581.6,1105611942082434.4,1112751684458887.8,1119969084299926.4,1127265338760173.0,1134641669021313.2,1142099320888637.5,1149639565405291.8,1157263699484834.2,1164973046562752.0,1172768957267590.5,1180652810112382.5,1188626012207103.2,1196689999992883.0,1204846239998766.0,1213096229621810.8,1221441497931381.5,1229883606498497.5,1238424150251158.0,1247064758356584.0,1255807095131375.2,1264652860980598.8,1273603793366894.0,1282661667810710.0,1291828298922834.8,1301105541470446.0,1310495291477932.2,1319999487363840.8,1329620111115290.5,1339359189501334.0,1349218795326744.8,1359201048727815.5,1369308118511807.0,1379542223541757.5,1389905634168458.0,1400400673711453.2,1411029719991029.5,1421795206913250.0,1432699626110159.2,1443745528637420.5,1454935526731710.0,1466272295630339.0,1477758575455665.0,1489397173166992.8,1501190964582767.2,1513142896476033.0,1525255988746249.2,1537533336670693.5,1549978113238876.5,1562593571573531.5,1575383047441916.5,1588349961861367.0,1601497823803225.8,1614830232999480.5,1628350882856661.0,1642063563481769.5,1655972164825289.5,1670080679946525.2,1684393208406860.8,1698913959796746.5,1713647257402586.0,1728597542019993.0,1743769375920200.2,1759167446976845.5,1774796572960639.0,1790661706009926.8,1806767937285490.0,1823120501818500.0,1839724783560906.5,1856586320648152.8,1873710810884606.8,1891104117462680.0,1908772274927264.8,1926721495397716.5,1944958175060343.2,1963488900945128.8,1982320458001150.5,2001459836486018.5,2020914239685604.0,2040691091981203.2,2060798047282364.0,2081242997844644.0,2102034083492778.0,2123179701270914.5,2144688515542935.5,2166569468567287.2,2188831791572222.5,2211485016359030.5,2234538987462439.2,2258003874899389.0,2281890187539168.0,2306208787130145.0,2330970903020525.0,2356188147613038.5,2381872532596012.5,2408036485996104.0,2434692870100986.0,2461855000303430.5,2489536664921771.5,2517752146055361.0,2546516241537706.5,2575844288054203.0,2605752185496039.0,2636256422626839.5,2667374104143924.0,2699122979221914.0,2731521471632596.5,2764588711541701.0,2798344569090546.0,2832809689878262.0,2868005532468899.0,2903954408056778.0,2940679522433435.5,2978205020410184.0,3016556032861972.5,3055758726570790.5,3095840357060481.0,3136829324629679.0,3178755233805560.5,3221648956458607.5,3265542698837411.0,3310470072803186.5,3356466171566020.0,3403567650249127.5,3451812811633991.0,3501241697467944.5,3551896185747318.5,3603820094423371.0,3657059292015664.0,3711661815658220.0,3767677997148311.0,3825160597616265.0,3884164951487737.5,3944749120467945.0,4006974058340695.0,4070903787444496.0,4136605587763952.0,4204150199657681.5,4273612041335145.5,4345069442294317.0,4418604894041465.0,4494305319533932.0,4572262362917998.0,4652572701277679.0,4735338380267899.0,4820667175678173.0,4908672983162225.0,4999476238576286.0,5093204371595914.0,5189992295529741.0,5289982936520371.0,5393327805619895.0,5500187617551799.0,5610732960324780.0,5725145020248892.0,5843616367322739.0,5966351806413362.0,6093569300140166.0,6225500969900892.0,6362394182042034.0,6504512726777288.0,6652138098093233.0,6805570883547629.0,6965132273555568.0,7131165700461739.0,7304038618398512.0,7484144435608062.0,7671904611532418.0,7867770931508198.0,8072227972287806.0,8285795771772774.0,8509032716189805.0,8742538657336470.0,8986958271299726.0,9242984667981308.0,9511363257553090.0,9792895875223996.0,1.0088445158919954e+16,1.0398939164992742e+16,1.0725376194013888e+16,1.1068829780937182e+16,1.1430453779943778e+16,1.181148744217547e+16,1.2213260341781068e+16,1.263719694893824e+16,1.402392217842078e+16,1.4399352730281176e+16,1.4788480984524392e+16,1.5191607009221118e+16,1.5608959510986816e+16,1.5478365216436088e+16,1.599989335003033e+16,1.6550562299952116e+16,1.7132508447093302e+16,1.7748044744191766e+16,1.7079721323563518e+16,1.7605419848802242e+16,1.815497305139075e+16,1.8729431667399416e+16,1.932984690576949e+16,1.9957272533060304e+16,1.961033065624648e+16,2.016623678931263e+16,2.0723206952818016e+16,2.127510675587521e+16,2.181423282712805e+16,2.013492309495093e+16,1.976301367751317e+16,1.9216756200387736e+16,1.847429757564208e+16,1.752187892327987e+16,3803371130064079.0,1209837000976937.0,-1510273392015040.0,-4095154112580904.0,-6094627854516265.0,-2659426992301363.5,-188868700247982.0,8711330139226224.0,2.4111612232331096e+16,2.4147130866458976e+16,-1.3473681074270954e+17,-2.1086042035511583e+18,0.0
756.0,687260133583816.0,690424702376934.1,693613335393917.9,696826286638428.0,700063813529949.0,703326176959330.5,706613641345386.8,709926474692567.5,713264948649731.2,716629338570037.8,720019923571989.0,723436986601644.2,726880814496027.2,730351698047762.4,733849932070956.0,737375815468359.1,740929651299833.5,744511746852150.8,748122413710158.4,751761967829335.5,755430729609777.5,759129023971629.6,762857180432019.2,766615533183497.4,770404421174047.0,774224188188673.8,778075182932625.8,781957759116276.0,785872275541702.8,789819096191008.2,793798590316418.5,797811132532193.0,801857102908402.5,805936887066600.0,810050876277440.2,814199467560287.8,818383063784857.5,822602073774937.6,826856912414240.2,831148000754431.4,835475766125386.4,839840642247725.0,844243069347682.2,848683494274360.2,853162370619422.4,857680158839290.6,862237326379893.0,866834347804032.0,871471704921428.0,876149886921504.8,880869390508974.9,885630720042306.0,890434387675111.0,895280913500559.4,900170825698855.9,905104660687881.2,910082963277046.8,915106286824463.6,920175193397485.6,925290253936717.2,930452048423563.2,935661166051410.2,940918205400521.6,946223774616739.6,951578491594077.6,956982984161309.6,962437890272638.0,967943858202550.2,973501546744951.2,979111625416695.2,984774774665598.2,990491686083061.2,996263062621398.2,1002089618815999.8,1007972081012428.8,1013911187598592.0,1019907689242083.0,1025962349132847.2,1032075943231283.0,1038249260521910.2,1044483103272750.6,1050778287300550.0,1057135642241990.0,1063556011831024.4,1070040254182503.6,1076589242082223.6,1083203863283567.6,1089885020810889.2,1096633633269813.0,1103450635164598.4,1110336977222767.2,1117293626727134.2,1124321567855451.8,1131421802027827.2,1138595348262113.5,1145843243537453.2,1153166543166176.5,1160566321174255.5,1168043670690504.5,1175599704344745.2,1183235554675145.0,1190952374544933.0,1198751337568738.5,1206633638548736.0,1214600493920871.0,1222653142211355.0,1230792844503694.0,1239020884916477.0,1247338571092171.5,1255747234697172.5,1264248231933355.2,1272842944061382.0,1281532777936031.5,1290319166553797.8,1299203569613026.0,1308187474086857.5,1317272394809240.2,1326459875074288.0,1335751487249240.0,1345148833401320.0,1354653545938740.2,1364267288266139.5,1373991755454725.8,1383828674927389.2,1393779807159057.5,1403846946392558.0,1414031921370252.5,1424336596081699.0,1434762870527590.5,1445312681500221.5,1455988003380707.5,1466790848953201.0,1477723270236294.2,1488787359331836.5,1499985249291328.5,1511319115000075.2,1522791174079240.8,1534403687805932.5,1546158962051415.8,1558059348237523.0,1570107244311308.2,1582305095737944.5,1594655396511830.0,1607160690185815.8,1619823570918447.0,1632646684539002.0,1645632729630115.0,1658784458627654.2,1672104678937473.5,1685596254068576.8,1699262104782130.0,1713105210255676.0,1727128609261773.8,1741335401360199.5,1755728748102657.5,1770311874248887.0,1785088068992802.0,1800060687197186.5,1815233150635260.8,1830608949237211.5,1846191642339548.5,1861984859934932.0,1877992303919772.8,1894217749336658.5,1910665045608302.0,1927338117759328.8,1944240967621856.0,1961377675020323.2,1978752398930592.0,1996369378607802.5,2014232934676839.5,2032347470178720.8,2050717471565414.5,2069347509634896.8,2088242240397430.0,2107406405863031.2,2126844834739216.5,2146562443026894.0,2166564234501106.8,2186855301061996.0,2207440822939858.0,2228326068736592.8,2249516395284044.8,2271017247297783.5,2292834156802778.0,2314972742305004.0,2337438707680494.5,2360237840750429.0,2383376011507787.5,2406859169957594.5,2430693343528997.0,2454884634013161.0,2479439213976493.0,2504363322593353.0,2529663260837030.0,2555345385961342.0,2581416105198423.0,2607881868590654.0,2634749160866212.0,2662024492258489.0,2689714388159223.5,2717825377483789.0,2746363979614447.0,2775336689773187.5,2804749962660310.5,2834610194177402.0,2864923701034201.0,2895696698017282.5,2926935272674662.0,2958645357143811.0,2990832696820864.0,3023502815535742.5,3056660976860960.0,3090312141140544.5,3124460917779407.0,3159111512281742.0,3194267667469227.0,3229932598244851.0,3266108919195429.0,3302798564244153.0,3340002697472527.0,3377721614127834.5,3415954630715727.0,3454699962946521.0,3493954590155634.0,3533714104651607.5,3573972544256268.0,3614722206087749.0,3655953439395243.0,3697654414979705.5,3739810868423485.5,3782405813997801.0,3825419225714703.0,3868827681531813.0,3912603966195987.0,3956716627615928.0,4001129480973264.0,4045801054002912.0,4090683965982383.0,4135724231948177.0,4180860482485160.0,4226023088088369.5,4271133175547951.0,4316101522024943.0,4360827310430015.0,4405196727345273.0,4449081381988417.5,4492336521548029.0,4534799014547076.0,4576285069634025.0,4616587652258273.0,4655473555940511.0,4692680078160868.0,4727911243091393.0,4760833504298002.0,4791070849892990.0,4818199220146601.0,4841740132917876.0,4861153395013621.0,4875828757199276.0,4885076346398138.0,4888115679765893.0,4096925455634231.0,3953862669693757.0,3789710241685053.0,3602082940619979.0,3388314321242116.0,4214527896708586.5,4009327822749711.0,3771772376407331.0,3497832638562111.0,3182982800795213.0,2973377954330215.0,2473773844298571.5,1898561485543439.5,1237273776262639.8,477983989590432.9,-392880921403815.4,-2600291055328845.0,-3702821653522453.0,-4957392000929261.0,-6385456310779574.0,-8011972491039987.0,-1.2348835784991048e+16,-1.5081618658133328e+16,-1.817903586765391e+16,-2.1685544733968336e+16,-2.565236554440224e+16,-3.884057523989314e+16,-4.477082807307469e+16,-5.19935377526883e+16,-6.114255492455167e+16,-7.330753700237274e+16,-8.293020405589133e+16,-1.0708677031128083e+17,-1.445796630247044e+17,-2.0581742096562022e+17,-3.043703113047312e+17,-4.2892494506758464e+17,-2.355744559862142e+17,0.0
755.5,629663687570358.0,632316901851881.9,634987907535525.1,637676860553816.1,640383918393528.5,643109240109677.5,645852986339506.8,648615319316451.2,651396402884073.0,654196402509956.0,657015485299554.9,659853820009984.0,662711577063737.2,665588928562327.5,668486048299832.0,671403111776335.6,674340296211252.9,677297780556517.8,680275745509629.0,683274373526527.8,686293848834303.8,689334357443696.4,692396087161393.0,695479227602083.2,698583970200267.8,701710508221794.0,704859036775091.8,708029752822094.5,711222855188816.4,714438544575562.2,717677023566743.2,720938496640269.2,724223170176488.9,727531252466650.0,730862953720840.9,734218486075386.2,737598063599655.5,741001902302250.5,744430220136535.0,747883237005454.5,751361174765618.0,754864257230584.1,758392710173312.0,761946761327720.2,765526640389308.9,769132579014785.5,772764810820634.4,776423571380577.9,780109098221858.1,783821630820276.8,787561410593920.0,791328680895501.1,795123687003239.0,798946676110195.0,802797897311981.5,806677601592754.0,810586041809404.2,814523472673832.0,818490150733227.5,822486334348224.2,826512283668839.0,830568260608055.8,834654528812951.2,838771353633217.5,842919002086957.0,847097742823593.8,851307846083770.0,855549583656049.5,859823228830285.6,864129056347457.2,868467342345813.6,872838364303122.1,877242400974826.5,881679732327901.8,886150639470191.0,890655404574986.6,895194310800616.5,899767642204782.1,904375683653376.0,909018720723501.6,913697039600398.0,918410926967964.4,923160669892548.2,927946555699666.8,932768871843297.0,937627905767352.0,942523944758957.4,947457275793099.8,952428185368218.2,957436959332267.2,962483882698780.4,967569239452411.0,972693312343426.2,977856382670579.6,983058730051780.4,988300632181931.0,993582364577273.4,998904200305563.2,1004266409701333.6,1009669260065499.8,1015113015348482.0,1020597935816014.8,1026124277696743.4,1031692292810664.4,1037302228177435.8,1042954325603495.0,1048648821246904.8,1054385945158752.2,1060165920799905.6,1065988964531814.8,1071855285080026.0,1077765082968965.2,1083718549926497.2,1089715868256656.0,1095757210178884.4,1101842737132009.6,1107972599041079.8,1114146933545109.2,1120365865183633.4,1126629504539891.8,1132937947338314.5,1139291273493859.5,1145689546110621.5,1152132810426968.0,1158621092704320.5,1165154399056521.2,1171732714216556.5,1178356000237220.0,1185024195122103.8,1191737211383093.5,1198494934520322.5,1205297221420304.5,1212143898667706.2,1219034760765975.0,1225969568261712.0,1232948045767438.5,1239969879877017.2,1247034716967703.8,1254142160882400.8,1261291770485330.5,1268483057083898.5,1275715481709111.5,1282988452246430.2,1290301320408428.0,1297653378540125.0,1305043856247272.2,1312471916837266.0,1319936653561735.2,1327437085649140.2,1334972154114999.8,1342540717336567.0,1350141546377955.5,1357773320050781.0,1365434619694487.5,1373123923659416.2,1380839601474690.5,1388579907681693.0,1396342975312767.2,1404126808993354.8,1411929277644368.5,1419748106760078.2,1427580870235080.2,1435424981712204.0,1443277685421274.5,1451136046476616.2,1458996940598987.0,1466857043225315.5,1474712817967013.5,1482560504375014.5,1490396104966702.0,1498215371466760.8,1506013790210672.0,1513786566655846.5,1521528608941557.2,1529234510434578.2,1536898531192934.0,1544514578275222.5,1552076184817781.5,1559576487796180.5,1567008204381492.5,1574363606795067.8,1581634495558489.5,1588812171027531.5,1595887403090724.0,1602850398903963.0,1609690768522944.5,1616397488284527.0,1622958861776749.5,1629362478224769.5,1635595168106597.0,1641642955797875.5,1647491009029188.0,1653123584922223.5,1658523972352483.0,1663674430366033.5,1668556122355851.0,1673149045679363.5,1677431956372949.5,1681382288590806.0,1684976068364954.8,1688187821249632.0,1690990473376907.5,1693355245410657.2,1695251538842685.5,1696646814027686.0,1697506459302084.2,1697793650475725.5,1697469199923922.2,1696491394440378.0,1694815820938282.0,1692395179006795.8,1689179079242695.8,1685113826181246.5,1680142184545655.0,1674203127420049.8,1667231564825491.0,1659158051041465.0,1649908468865128.0,1639403688836190.2,1627559201275518.0,1614284718788399.5,1599483746668068.0,1583053118398971.0,1564882493201373.8,1544853812276537.5,1522840710103349.5,1498707876800407.5,1472310367199834.2,1443492851878468.2,1412088804955607.8,1377919622992363.0,1340793668813008.5,1300505233511854.8,1256833409308011.2,1209540865263871.0,1158372517190544.5,1103054082325605.2,1043290508587101.2,978764267387440.4,909133498137930.0,834029991700400.1,753056999161939.1,665786851444296.5,571758374442000.0,470474083653804.3,361397141688127.0,243948061659145.12,117501139446800.5,-18619401796613.25,-165143570475471.12,-322860082408346.0,-492621164367562.8,-675347691376782.2,-872034657223827.6,-1083756968330594.2,-1311675538259773.0,-1557043642625737.5,-1821213470582156.8,-2105642777525918.0,-2411901501778697.0,-2741678152663748.0,-3096785704543748.0,-5183081812031505.0,-5694945048308410.0,-6243477575942341.0,-6831259734093247.0,-7461012584606613.0,-6126459667515169.0,-6849482953989130.0,-7636679935461614.0,-8493996777381907.0,-9427908302810362.0,-9128255045465832.0,-1.0273398824781996e+16,-1.153556410920504e+16,-1.2927604266451048e+16,-1.4463806643252114e+16,-1.6160021702869378e+16,-1.857256434840017e+16,-2.0416018679487548e+16,-2.242861834210672e+16,-2.4624315865234004e+16,-2.7017179831687668e+16,-2.944851685036554e+16,-3.240773010605252e+16,-3.562017383484479e+16,-3.909417041992022e+16,-4.2828376291802056e+16,-5.17782301352158e+16,-5.660326994457195e+16,-6.197048705429559e+16,-6.783716218503163e+16,-7.39317946165568e+16,-1.0344202407518147e+17,-1.226168002025234e+17,-1.4190634197777651e+17,-1.5198134666790957e+17,-1.2828877377157069e+17,-2.9153039520732144e+16,1.5204617697581488e+17,0.0
755.0,550233673466913.9,552221497256887.6,554219375885784.7,556227350343961.0,558245461099652.6,560273748068848.9,562312250584073.0,564361007362035.2,566420056470120.2,568489435291663.0,570569180489977.4,572659327971089.0,574759912845130.1,576870969386345.5,578992530991666.1,581124630137793.4,583267298336750.1,585420566089833.0,587584462839922.1,589759016922079.8,591944255512380.1,594140204574912.8,596346888806888.9,598564331581779.1,600792554890424.6,603031579280038.9,605281423791026.0,607542105891541.8,609813641409710.5,612096044463416.8,614389327387586.0,616693500658853.2,619008572817541.8,621334550386837.5,623671437789068.6,626019237258977.8,628377948753879.8,630747569860592.4,633128095699018.8,635519518822257.9,637921829113119.4,640335013676904.0,642759056730317.8,645193939486368.1,647639640035103.9,650096133220031.5,652563390510058.5,655041379866782.2,657530065606964.8,660029408260001.5,662539364420198.0,665059886593662.2,667590923039601.0,670132417605814.2,672684309558164.0,675246533403785.2,677819018707806.0,680401689903317.9,682994466094346.8,685597260851544.6,688209982000332.0,690832531401185.5,693464804721774.8,696106691200623.5,698758073401974.8,701418826961498.9,704088820322497.5,706767914462225.8,709455962607935.8,712152809942243.0,714858293297385.0,717572240837929.2,720294471731472.0,723024795806845.5,725763013199325.2,728508913982320.9,731262277785000.2,734022873395272.0,736790458347539.0,739564778494589.4,742345567562985.5,745132546691269.9,747925423950274.8,750723893844798.5,753527636795881.9,756336318602864.2,759149589884388.2,761967085497460.5,764788423933652.5,767613206691480.1,770441017623943.4,773271422260185.2,776103967100156.0,778938178881141.8,781773563814934.0,784609606794398.0,787445770568102.2,790281494881627.2,793116195584124.2,795949263698573.9,798780064454191.0,801607936279287.5,804432189752863.6,807252106513092.8,810066938120797.6,812875904875893.8,815678194584714.0,818472961276001.0,821259323863250.5,824036364750987.5,826803128382423.0,829558619725822.8,832301802696783.2,835031598513473.0,837746883981745.5,840446489706884.0,843129198228561.4,845793742075445.2,848438801735671.8,851063003539246.5,853664917448205.4,856243054750172.6,858795865650708.0,861321736759627.5,863818988466188.8,866285872197806.8,868720567556659.6,871121179328248.2,873485734355683.6,875812178273104.2,878098372091313.1,880342088628325.5,882541008777143.5,884692717602641.4,886794700259020.6,888844337718813.1,890838902303929.2,892775553008711.8,894651330604409.6,896463152513903.8,898207807444864.6,899881949768902.1,901482093633529.6,903004606793039.0,904445704143588.2,905801440946960.2,907067705726561.2,908240212818293.8,909314494557904.0,910285893085367.2,911149551745709.6,911900406064476.6,912533174274761.0,913042347371336.0,913422178665986.4,913666672816580.4,913769574300763.6,913724355303413.8,913524202985111.0,913162006096874.4,912630340904308.8,911921456381997.8,911027258636606.8,909939294514519.2,908648734347109.0,907146353783796.4,905422514659879.8,903467144842771.6,901269716996704.2,898819226202087.8,896104166361622.5,893112505320877.2,889831658626340.8,886248461838915.2,882349141315443.2,878119283365117.8,873543801681401.0,868606902943500.4,863292050474346.9,857581925834402.6,851458388222491.6,844902431546085.9,837894139014082.8,830412635095069.6,822436034673192.0,813941389222204.9,804904629805724.6,795300506698341.2,785102525407823.9,774282878863146.2,762812375516419.4,750660363088864.0,737794647671717.5,724181407872173.9,709785103672193.2,694568379643915.0,678491962139569.9,661514550045947.0,643592698663381.4,624680696237041.6,604730432633335.5,583691259616874.4,561509842142991.6,538130000037276.0,513492539386758.3,487535072916850.6,460191828573792.3,431393445473784.8,401066756316983.3,369134555296664.8,335515350460920.1,300123099405719.5,262866927093903.7,223650824504045.0,182373326715922.1,138927168935148.0,93198918847872.38,45068583577120.75,-5590810615188.5,-58913667872306.88,-115042303669293.38,-174127459411878.75,-236328853159740.0,-301815769097263.5,-370767688554620.5,-443374965569558.6,-519839550175007.5,-600375762798347.2,-685211123362738.0,-774587238887345.6,-868760753587846.9,-968004365677201.6,-1072607915253541.2,-1182879547829793.5,-1299146958198986.5,-1421758719428069.8,-1551085701816216.0,-1687522586621926.2,-1831489479232420.8,-1983433626188254.0,-2143831240047964.5,-2313189435433422.0,-2492048278676618.0,-2680982952217971.5,-2880606033190446.5,-3091569883345491.5,-3314569144489123.0,-3550343329714796.5,-3799679495713391.0,-4063414975021057.0,-4342440138868564.0,-4637701150866473.0,-4950202658523790.0,-5281010352830662.0,-5631253304924993.0,-6002125962052162.0,-6394889651151297.0,-6810873395597858.0,-7251473796525939.0,-7718153661710870.0,-8212438978320242.0,-8735913715932650.0,-1.1073381757265492e+16,-1.1699522456156482e+16,-1.235852520475275e+16,-1.3051770211400076e+16,-1.3780579839831068e+16,-1.248830498844484e+16,-1.336570463352418e+16,-1.4304223387337448e+16,-1.5308224741530602e+16,-1.6382294464489504e+16,-1.6010246527891466e+16,-1.727247272699027e+16,-1.863619925111222e+16,-2.011018278093791e+16,-2.170383155447042e+16,-2.342717358581378e+16,-2.4636369586279536e+16,-2.632399464512802e+16,-2.811748218635192e+16,-3.0017283844460576e+16,-3.2020359927252068e+16,-3.07776759109636e+16,-3.271965959970715e+16,-3.473853818837604e+16,-3.681486873679982e+16,-3.891329927464379e+16,-4.231596912941858e+16,-4.371592479875659e+16,-4.453672558067328e+16,-4.434451777447349e+16,-4.247966971847135e+16,-7.052774412913304e+16,-7.418732265605115e+16,-7.36132167324938e+16,-6.459322282611794e+16,-3.796946877610138e+16,4.337675726363516e+16,4.103183880866653e+17,0.0
754.5,455286757375820.56,456526652285735.2,457768435676633.0,459012034925067.2,460257374971630.1,461504378253119.75,462752964632764.25,464003051328451.75,465254552838902.8,466507380867720.9,467761444245259.25,469016648848229.1,470272897516991.1,471530089970445.9,472788122718456.25,474046888971724.5,475306278549039.8,476566177781819.25,477826469415854.0,479087032510172.4,480347742332932.6,481608470254244.4,482869083635830.4,484129445717421.25,485389415499776.6,486648847624237.3,487907592248681.6,489165494919781.25,490422396441432.1,491678132739239.7,492932534720925.75,494185428132531.5,495436633410274.2,496685965527916.1,497933233839500.1,499178241917300.25,500420787384826.0,501660661744722.6,502897650201390.5,504131531478157.9,505362077628813.9,506589053843324.9,507812218247531.0,509031321696622.4,510246107562190.3,511456311512626.06,512661661286654.0,513861876459755.25,515056668203244.1,516245739035746.1,517428782566816.0,518605483232425.0,519775516022037.7,520938546196985.6,522094228999836.7,523242209354449.25,524382121556379.75,525513588953308.9,526636223615139.9,527749625993394.9,528853384569541.6,529947075491848.8,531030262200369.94,532102495039623.6,533163310858538.4,534212232597194.7,535248768859902.9,536272413474101.44,537282645034587.1,538278926432521.44,539260704368669.6,540227408850290.3,541178452671081.6,542113230873545.94,543031120193140.1,543931478483518.06,544813644122181.5,545676935395784.1,546520649864349.1,547344063703591.1,548146431024524.8,548926983169497.6,549684927983752.8,550419449061586.0,551129704966131.4,551814828421757.44,552473925478024.1,553106074644096.0,553710325992475.4,554285700230849.0,554831187740815.6,555345747582191.4,555828306461535.4,556277757663491.75,556692959943470.3,557072736380128.1,557415873186056.1,557721118474988.2,557987180983791.0,558212728747415.3,558396387724891.0,558536740374398.3,558632324175315.25,558681630095097.7,558683100998699.1,558635129998186.4,558536058740055.9,558384175627681.0,558177713976170.9,557914850096823.3,557593701308208.2,557212323870790.56,556768710841856.3,556260789847351.25,555686420767099.6,555043393329676.1,554329424613063.6,553542156447029.06,552679152712947.9,551737896536628.0,550715787369466.3,549610137953021.75,548418171161902.56,547137016719568.2,545763707781420.3,544295177379269.44,542728254720980.6,541059661338793.2,539286007079500.06,537403785929312.94,535409371665929.7,533299013329891.0,531068830506960.3,528714808412842.3,526232792771087.9,523618484474614.4,520867434020754.6,517975035709237.2,514936521591982.9,511746955162997.0,508401224776056.6,504894036777256.9,501219908338784.06,497373159979610.3,493347907758015.4,489138055120082.1,484737284387445.5,480139047866720.1,475336558562063.6,470322780471367.1,465090418445509.9,459631907589002.4,453939402179171.4,448004764079822.7,441819550623953.1,435375001938762.1,428662027684675.9,421671193178593.7,414392704869874.0,406816395135843.6,398931706361780.06,390727674268314.3,382192910447145.9,373315584063753.8,364083402683418.06,354483592174427.0,344502875639668.8,334127451325039.4,323342969450108.4,312134507903363.94,300486546740984.3,288382941424559.7,275806894729417.3,262740927251180.75,249166846433954.25,235065714039054.56,220417811968312.62,205202606350985.88,189398709797832.25,172983841720163.12,155934786605593.62,138227350135693.77,119836313023820.0,100735382444110.5,80897140914770.75,60292992490512.5,38893106110191.375,16666355936282.623,-6419741487080.125,-30399093441399.75,-55307100801580.125,-81180731571238.12,-108058598405363.5,-135981040353577.5,-164990209071603.38,-195130159763702.88,-226446947135055.0,-258988726650047.12,-292805861410694.75,-327951034988582.0,-364479370564075.5,-402448556748164.9,-441918980485008.6,-482953867457459.5,-525619430443179.6,-569985026095858.9,-616123320654282.5,-664110465111746.0,-714026280409510.1,-765954453250724.4,-819982743165568.0,-876203201493973.1,-934712402989657.8,-995611690787638.8,-1059007435517515.6,-1125011309385682.6,-1193740576091958.0,-1265318397488759.5,-1339874157934449.5,-1417543807335755.0,-1498470223917235.5,-1582803597797703.5,-1670701836493852.0,-1762330993508896.0,-1857865721198060.5,-1957489749131576.8,-2061396389198186.5,-2169789068705943.5,-2282881892739994.0,-2400900237026701.0,-2524081372525943.0,-2652675122925788.0,-2786944556140655.0,-2927166710810513.0,-3073633358658237.0,-3226651803377414.5,-3386545716484648.5,-3553656010268671.0,-3728341747590799.0,-3910981087823336.0,-4101972267637668.0,-4301734614652317.0,-4510709591100322.0,-4729361863648490.0,-4958180394267174.0,-5197679545572294.0,-5448400192300167.0,-5710910828481412.0,-5985808657397837.0,-6273720648471608.0,-6575304541775162.0,-6891249776779664.0,-7222278317181616.0,-7569145338051720.0,-7932639735009986.0,-8313584407501560.0,-8712836259362122.0,-9131285849526598.0,-9569856613725338.0,-1.0029503564059632e+16,-1.0511211357129234e+16,-1.1015991602491978e+16,-1.2789954233531184e+16,-1.3323168648992026e+16,-1.3877680925434766e+16,-1.4454120491765668e+16,-1.505308921997368e+16,-1.4165130453110234e+16,-1.4899960344160454e+16,-1.5674850503750502e+16,-1.6492074141285252e+16,-1.7354014004207702e+16,-1.7303212774062696e+16,-1.8294595449510468e+16,-1.934645565710544e+16,-2.0462738521645348e+16,-2.1647613724673444e+16,-2.2905461871644456e+16,-2.256532886949903e+16,-2.3712756995014016e+16,-2.49209648823642e+16,-2.619311953740032e+16,-2.7532469106135016e+16,-2.3924635060702816e+16,-2.501023539931114e+16,-2.619165399624492e+16,-2.7502506815317176e+16,-2.899360558543232e+16,-2.8603834852022216e+16,-2.93071920795193e+16,-2.999000118445852e+16,-3.0708421735846284e+16,-3.1587974939386148e+16,-3.678322496736566e+16,-3.977173302738183e+16,-4.558121412955118e+16,-5.711457463950899e+16,-7.661715482055819e+16,-9.113813582287843e+16,9.287923373399645e+16,0.0
754.0,351864024477922.5,352348817469025.0,352827929856288.44,353301193681695.9,353768437127265.5,354229484423130.2,354684155753240.25,355132267158620.8,355573630438117.75,356008053046557.9,356435337990249.5,356855283719749.1,357267684019817.0,357672327896473.8,358068999461086.1,358457477811384.0,358837536909329.25,359208945455737.8,359571466761566.06,359924858615760.75,360268873149573.44,360603256697233.4,360927749652876.8,361242086323614.8,361545994778630.9,361839196694193.0,362121407194447.5,362392334687881.0,362651680699315.1,362899139697300.2,363134398916770.9,363357138176819.2,363567029693440.2,363763737887094.5,363946919184931.5,364116221817512.8,364271285609861.75,364411741766673.94,364537212651498.9,364647311559717.0,364741642485112.9,364819799879847.2,364881368407629.2,364925922689866.0,364953027044579.4,364962235217858.7,364953090107612.8,364925123479386.8,364877855673980.3,364810795306619.75,364723438957404.94,364615270852762.8,364485762537607.6,364334372537922.1,364160546013441.2,363963714400128.2,363743295042101.9,363498690812681.6,363229289724194.3,362934464526170.5,362613572291554.1,362265953990534.8,361890934051585.9,361487819909295.5,361055901538542.5,360594450974575.1,360102721818510.4,359579948727775.25,359025346890978.9,358438111486693.0,357817417125603.0,357162417275453.4,356472243668222.06,355746005688896.3,354982789745240.8,354181658617891.4,353341650790113.0,352461779756500.0,351541033309913.4,350578372805879.75,349572732403678.5,348523018283300.0,347428107837429.94,346286848837575.1,345098058573435.44,343860522964553.8,342572995643280.56,341234197008015.0,339842813245677.6,338397495322294.25,336896857940560.9,335339478463190.7,333723895800808.06,332048609263100.75,330312077371894.7,328512716634762.06,326648900277716.3,324718956935483.4,322721169297796.5,320653772710079.4,318514953726826.25,316302848615920.25,314015541812051.6,311651064317339.44,309207392047154.44,306682444119092.5,304074081082937.8,301380103089377.5,298598247995136.4,295726189402095.5,292761534627874.25,289701822605229.0,286544521707523.5,283287027497415.0,279926660395766.25,276460663267673.6,272886198922375.7,269200347523661.3,265400103907254.0,261482374801495.7,257443975947512.1,253281629114846.0,248991959008403.7,244571490062366.56,240016643116520.7,235323731970279.3,230488959809460.4,225508415500646.4,220378069747767.5,215093771105260.7,209651241841963.12,204046073649592.75,198273723189425.5,192329507470490.9,186208599052281.2,179906021064710.7,173416642037685.44,166735170532313.56,159856149565451.44,152773950818878.56,145482768624002.5,137976613712597.77,130249306723635.31,122294471455822.5,114105527854960.77,105675684724800.77,96997932149462.44,88065033615029.31,78869517817283.25,69403670141993.69,59659523803512.125,49628850626792.25,39303151457244.375,28673646182106.25,17731263346270.25,6466629344712.0,-5129942827218.875,-17068465285162.377,-29359287449315.125,-42013108741600.25,-55040991808933.75,-68454376296078.75,-82265093192704.5,-96485379780416.77,-111127895206757.88,-126205736714403.0,-141732456555142.5,-157722079619609.38,-174189121815194.62,-191148609226050.1,-208616098090762.25,-226607695634860.25,-245140081797104.88,-264230531890336.1,-283896940239502.6,-304157844841540.5,-325032453093797.4,-346540668639893.9,-368703119384110.9,-391541186727825.4,-415077036083872.8,-439333648727316.6,-464334855043754.4,-490105369239000.9,-516670825576892.5,-544057816214908.8,-572293930710363.8,-601407797273145.2,-631429125844235.2,-662388753082666.4,-694318689347105.4,-727252167761800.4,-761223695460474.2,-796269107105407.6,-832425620783055.4,-869731896381381.5,-908228096558332.0,-947955950414907.0,-988958819990652.8,-1031281769703585.8,-1074971638860941.8,-1120077117371502.8,-1166648824794606.5,-1214739392865356.0,-1264403551639853.8,-1315698219408624.0,-1368682596530638.5,-1423418263344534.5,-1479969282317669.5,-1538402304597661.5,-1598786681134863.5,-1661194578547965.0,-1725701099908464.8,-1792384410623184.2,-1861325869597468.8,-1932610165864834.5,-2006325460872460.5,-2082563536615067.5,-2161419949813911.5,-2242994192341576.5,-2327389858098716.0,-2414714816555056.0,-2505081393175195.0,-2598606556960272.0,-2695412115350493.0,-2795624916751732.5,-2899377060973870.0,-3006806117900387.5,-3118055354751031.5,-3233273972354700.0,-3352617350921717.0,-3476247305898715.5,-3604332354610504.0,-3737047994549843.0,-3874576994376709.0,-4017109698945477.0,-4164844350005753.5,-4317987424638903.0,-4476753994020047.0,-4641368105762862.0,-4812063193947635.0,-4989082521994994.0,-5172679664884348.0,-5363119038895252.0,-5560676489157314.0,-5765639947936452.0,-5978310179895278.0,-6199001634709038.0,-6428043432603412.0,-6665780514865647.0,-6912574999489770.0,-7168807792256014.0,-7434880516221373.0,-7711217838449104.0,-7998270292627710.0,-8296517721027077.0,-8606473490268579.0,-8928689674230766.0,-9263763446063020.0,-9612344982244980.0,-9975147258070146.0,-1.0352958209832646e+16,-1.1116912662206716e+16,-1.145909635419836e+16,-1.1812782226748974e+16,-1.2178808680457822e+16,-1.2558189783443396e+16,-1.2240221081793496e+16,-1.2700799248663744e+16,-1.3181003966971444e+16,-1.368237835663639e+16,-1.4206787251449446e+16,-1.456264997913269e+16,-1.5139209617257664e+16,-1.574022950980529e+16,-1.6367787579650572e+16,-1.7024552536353476e+16,-1.7714017687320262e+16,-1.62527146020771e+16,-1.6901735862570676e+16,-1.7614920821634274e+16,-1.8410515210680496e+16,-1.931340281699236e+16,-1.5778898604077462e+16,-1.6602081838026786e+16,-1.7647857511377326e+16,-1.9005209539718524e+16,-2.079942272875712e+16,-1.959776692854742e+16,-2.189692957133971e+16,-2.5194134429258468e+16,-2.993892271183077e+16,-3.676460350161469e+16,-2.1194325572339388e+16,-2.9460130252642044e+16,-4.521497844226114e+16,-7.521154103532496e+16,-1.3433236397982824e+17,-2.5596933547203462e+17,-4.658363940775336e+17,0.0
753.5,247086457458723.7,246879538331082.8,246660845937516.0,246430148285537.2,246187208807778.4,245931786263619.03,245663634638486.2,245382503040757.9,245088135596208.53,244780271339933.88,244458644105687.6,244122982412561.38,243773009348938.9,243408442453653.3,243028993594269.7,242634368842420.25,242224268346112.9,241798386198928.7,241356410306033.84,240898022246908.25,240422897134714.4,239930703472207.12,239421103004097.5,238893750565768.7,238348293928251.7,237784373639351.88,237201622860828.3,236599667201509.7,235978124546249.1,235336604880584.62,234674710111007.12,233992033880696.72,233288161380620.1,232562669155838.88,231815124906921.03,231045087286293.6,230252105689417.25,229435720040623.4,228595460573469.1,227730847605458.75,226841391306969.0,225926591464212.2,224985937236079.28,224018906904673.5,223024967619371.5,222003575134213.88,220954173538440.0,219876194979975.2,218769059381660.9,217632174150020.2,216464933876345.7,215266720029893.28,214036900642933.6,212774829987450.5,211479848243222.88,210151281157050.2,208788439692856.84,207390619672407.2,205957101406364.4,204487149315395.03,202980011541036.97,201434919546021.3,199851087703739.6,198227712876526.25,196563973982437.12,194859031550162.53,193112027261735.6,191322083482658.28,189488302779075.6,187609767421601.03,185685538875393.2,183714657276066.0,181696140891007.7,179628985565655.56,177512164154276.25,175344625934775.72,173125296007050.2,170853074674369.1,168526836807282.03,166145431189490.5,163707679845145.34,161212377346990.84,158658290104757.1,156044155633187.5,153368681799078.8,150630546046662.44,147828394600663.1,144960841646327.56,142026468485709.38,139023822669454.31,135951417103319.5,132807729128630.88,129591199575851.8,126300231790407.0,122933190629896.31,119488401431767.23,115964148950529.69,112358676263515.69,108670183644202.69,104896827402050.38,101036718687769.94,97087922262939.77,93048455232788.88,88916285740997.94,84689331625256.56,80365459032336.69,75942480991360.38,71418155943909.75,66790186229580.94,62056216525532.375,57213832238538.69,52260557847995.94,47193855198284.63,42011121738846.0,36709688710253.0,31286819274515.688,25739706587807.75,20065471813720.125,14261162075097.0,8323748342444.125,2250123256841.6875,-3962901114807.5625,-10318595594387.812,-16820316279342.877,-23471507003968.125,-30275701877677.688,-37236527902748.06,-44357707674162.0,-51643062164228.56,-59096513594754.25,-66722088399634.25,-74523920280807.12,-82506253360627.31,-90673445433786.12,-99029971322038.94,-107580426335053.06,-116329529840832.2,-125282128949263.38,-134443202312423.88,-143817864045418.12,-153411367771607.88,-163229110796215.7,-173276638412398.12,-183559648343984.4,-194083995329222.56,-204855695849951.88,-215880933010781.5,-227166061572923.6,-238717613147499.0,-250542301553212.0,-262647028343424.4,-275038888507781.38,-287725176353624.6,-300713391572591.6,-314011245497863.6,-327626667557639.4,-341567811930541.4,-355843064408718.1,-370461049474510.0,-385430637596655.9,-400760952752027.25,-416461380179016.1,-432541574368693.25,-449011467299912.9,-465881276924605.9,-483161515909415.0,-500863000639928.5,-518996860493641.6,-537574547387799.25,-556607845608110.6,-576108881924300.1,-596090135998268.4,-616564451090447.4,-637545045069786.6,-659045521732465.2,-681079882434180.6,-703662538040486.8,-726808321199234.9,-750532498938713.2,-774850785594531.9,-799779356067677.8,-825334859415496.8,-851534432776560.1,-878395715629527.5,-905936864385112.6,-934176567309260.6,-963134059774359.6,-992829139834122.0,-1023282184116233.2,-1054514164025379.4,-1086546662247524.0,-1119401889544460.4,-1153102701825677.5,-1187672617482393.0,-1223135834966314.0,-1259517250593224.2,-1296842476548814.0,-1335137859071457.5,-1374430496783658.5,-1414748259140898.5,-1456119804963407.8,-1498574601013222.0,-1542142940575562.0,-1586855962000390.5,-1632745667156808.8,-1679844939749970.0,-1728187563447470.8,-1777808239759901.0,-1828742605618434.5,-1881027250591416.8,-1934699733681944.8,-1989798599649796.0,-2046363394804100.5,-2104434682218356.0,-2164054056327252.8,-2225264156875892.0,-2288108682207337.0,-2352632401894763.5,-2418881168751002.5,-2486901930282379.0,-2556742739697172.5,-2628452766633363.5,-2702082307838607.0,-2777682798119720.0,-2855306821983225.0,-2935008126516693.0,-3016841636217384.5,-3100863470666127.0,-3187130966177274.0,-3275702702838506.0,-3366638538696793.0,-3459999653261573.0,-3555848602996922.0,-3654249392078682.5,-3755267562420688.0,-3858970307851152.0,-3965426618375336.0,-4074707461729713.0,-4186886010958463.0,-4302037928576377.0,-4420241720085552.0,-4541579172259740.0,-4666135894790464.0,-4794001987710125.0,-4925272861599445.0,-5060050243107343.0,-5198443404950139.0,-5340570667544526.0,-5486561229043460.0,-5636557392125255.0,-5790717269845332.0,-5949218069698966.0,-6112260075374832.0,-6280071470251744.0,-6452914176423140.0,-6631090919054205.0,-6814953769576018.0,-7004914474319700.0,-7201456939826534.0,-7405152324896656.0,-7616677285789814.0,-7836836039054600.0,-7512802818689234.0,-7654129306614090.0,-7800487386242469.0,-7953033307553630.0,-8113211249061645.0,-8437769422794050.0,-8628413771105586.0,-8825924946414598.0,-9031969347474010.0,-9248731276859042.0,-9887035241634964.0,-1.0088808521605316e+16,-1.0295238914915632e+16,-1.0508834704942778e+16,-1.0733220355723184e+16,-1.0973549122139706e+16,-8844730465647320.0,-9118879513777204.0,-9461793594695412.0,-9897413116193884.0,-1.045745034788959e+16,-8702063528620678.0,-9371872844618108.0,-1.027697223284438e+16,-1.1493680040801914e+16,-1.3123296486305722e+16,-1.190612467059418e+16,-1.4823305433006676e+16,-1.8973445876176144e+16,-2.487505858774781e+16,-3.331427026987084e+16,-1.354349850486454e+16,-2.329041779081159e+16,-4.070396053323873e+16,-7.314739341865853e+16,-1.3896830166491114e+17,-2.940300664976815e+17,-7.867879123547058e+17,0.0
753.0,147548907403906.12,146771974540560.75,145979274716991.2,145170550499647.94,144345539953300.53,143503976554098.78,142645589100789.25,141770101624048.25,140877233293879.53,139966698325041.77,139038205880453.56,138091459972531.5,137126159362416.52,136141997457031.28,135138662203930.16,134115835983880.62,133073195501128.72,132010411671290.88,130927149506822.62,129823068000001.8,128697820003372.23,127551052107584.95,126382404516581.48,125191510920052.12,123977998363105.5,122741487113089.38,121481590523490.06,120197914894842.12,118890059332586.4,117557615601788.12,116200167978661.84,114817293098808.2,113408559802100.94,111973528974134.4,110511753384154.9,109022777519393.4,107506137415712.72,105961360484479.84,104387965335582.62,102785461596487.62,101153349727256.6,99491120831416.06,97798256462590.78,96074228426792.2,94318498580266.9,92530518622793.94,90709729886322.31,88855563118847.75,86967438263401.69,85044764232048.1,83086938674763.84,81093347743084.25,79063365848389.12,76996355414695.22,74891666625844.25,72748637166929.31,70566591959842.75,68344842892793.06,66082688543664.31,63779413897051.5,61434290054844.81,59046573940193.0,56615507994707.19,54140319868726.375,51620222104501.125,49054411812119.69,46442070338009.94,43782362925840.19,41074438369649.25,38317428659018.25,35510448616108.19,32652595524362.062,29742948748698.875,26780569346984.81,23764499672594.688,20693762967854.25,17567362948164.5,14384283376581.377,11143487628655.123,7843918247294.625,4484496487443.375,1064121850338.6876,-2418328392877.8125,-5963999688436.375,-9574060698322.25,-13249703810033.0,-16992145657933.377,-20802627656466.688,-24682416545469.188,-28632804947848.81,-32655111939878.938,-36750683634368.94,-40920893776984.5,-45167144355964.25,-49490866225527.25,-53893519743216.125,-58376595421459.5,-62941614593635.06,-67590130094886.94,-72323726957993.81,-77144023124543.56,-82052670171711.06,-87051354054888.5,-92141795866454.2,-97325752610961.88,-102605017996986.69,-107981423245928.23,-113456837917997.06,-119033170755670.56,-124712370544841.0,-130496426993912.2,-136387371631079.12,-142387278719999.62,-148498266194087.56,-154722496609615.8,-161062178117829.62,-167519565456220.3,-174096960959133.06,-180796715587835.3,-187621229980155.6,-194572955519784.4,-201654395425304.75,-208868105858976.1,-216216697055285.25,-223702834469220.2,-231329239944206.7,-239098692899589.2,-247014031537493.38,-255078154068875.88,-263294019958484.0,-271664651188411.3,-280193133539870.4,-288882617892705.94,-297736321542145.8,-306757529532157.9,-315949596004712.0,-325315945564159.7,-334860074655820.5,-344585552957765.8,-354496024784656.7,-364595210502376.8,-374886907952054.0,-385374993881890.9,-396063425385093.44,-406956241341996.5,-418057563864271.1,-429371599738933.0,-440902641869612.8,-452655070712335.75,-464633355702791.4,-476842056671791.6,-489285825245335.9,-501969406225371.8,-514897638946996.94,-528075458607496.5,-541507897562191.3,-555200086581691.6,-569157256064632.8,-583384737199569.4,-597887963069119.1,-612672469688910.5,-627743896973317.6,-643107989619296.8,-658770597898980.0,-674737678350953.5,-691015294359349.8,-707609616609102.1,-724526923404754.9,-741773600839378.2,-759356142798998.0,-777281150787035.1,-795555333551963.0,-814185506500287.1,-833178590875605.4,-852541612683146.0,-872281701337742.4,-892406088011657.4,-912922103657019.6,-933837176675937.8,-955158830209519.2,-976894679015082.4,-999052425898855.0,-1021639857669289.4,-1044664840573899.0,-1068135315180176.0,-1092059290658690.6,-1116444838423894.8,-1141300085085558.0,-1166633204660904.0,-1192452409994775.5,-1218765943332132.5,-1245582065984256.2,-1272909047026982.0,-1300755150966152.2,-1329128624302474.5,-1358037680924852.8,-1387490486258342.8,-1417495140089922.5,-1448059657992668.0,-1479191951266408.8,-1510899805310798.0,-1543190856345081.5,-1576072566387612.0,-1609552196407686.8,-1643636777562663.5,-1678333080434593.0,-1713647582183348.5,-1749586431537315.0,-1786155411548690.8,-1823359900048648.8,-1861204827748408.5,-1899694633946162.0,-1938833219817450.5,-1978623899288492.8,-2019069347519226.5,-2060171547055900.5,-2101931731753571.5,-2144350328617424.0,-2187426897770604.5,-2231160070826115.2,-2275547488024040.5,-2320585734594454.5,-2366270276924050.0,-2412595399243424.0,-2459554141715872.0,-2507138241001504.5,-2555338074597149.0,-2604142610518625.0,-2653539364203623.5,-2703514364878502.0,-2754052134058772.5,-2805135679351542.0,-2856746507309943.0,-2908864659767777.0,-2961468778873413.0,-3014536206962753.0,-3068043128483047.5,-3121964762426642.0,-3176275615184196.5,-3230949805413305.0,-3285961474478132.0,-3341285298292479.5,-3396897119043261.0,-3452774718342456.5,-3508898756921320.0,-3565253910120853.0,-3621830233239168.0,-3678624796377575.0,-3735643634908930.5,-3792904069221735.0,-3850437456145327.0,-3908292444640705.5,-3966538820191845.5,-4025272036145192.0,-4084618546372074.5,-4144742072496988.0,-4205850961069913.5,-4268206812116394.5,-4332134591300249.5,-4398034474535029.0,-4466395717652952.0,-4537812896492082.0,-3372203842978236.0,-3346473894453012.5,-3320208200428438.5,-3294214305751497.0,-3269489850460377.0,-4216759893788463.0,-4198151188627882.5,-4178140537996901.0,-4157952959835279.0,-4139198405130693.0,-4928791584350830.0,-4861891489042274.0,-4789850339896034.0,-4715028203919732.0,-4640765002589374.0,-4571677189117992.0,-1920016163363456.8,-1842416577251728.8,-1796953550167133.0,-1795753829663680.5,-1854107147924447.2,-2281484196547085.0,-2491464649256119.0,-2801223543132834.5,-3234599415777685.0,-3822195032028343.0,-1066097666104019.0,-2374529464900107.0,-4301186923086041.5,-7135523875119759.0,-1.136770143557823e+16,-3770207650137145.5,-9785207817863806.0,-2.009832275087888e+16,-3.874856602711992e+16,-7.68500201985954e+16,-1.806196777997477e+17,-7.577101827288087e+17,0.0
752.5,58815317586127.28,57630795419703.34,56428915927313.88,55209435738776.19,53972107780628.09,52716681215268.41,51442901379059.84,50150509719383.0,48839243730615.19,47508836889025.59,46159018586564.31,44789514063530.44,43400044340103.19,41990326146712.41,40560071853241.0,39108989397030.09,37636782209677.125,36143149142607.75,34627784391398.094,33090377418838.0,31530612876708.0,29948170526257.875,28342725157368.688,26713946506373.062,25061499172524.875,23385042533092.75,21684230657064.72,19958712217437.062,18208130402083.75,16432122823171.906,14630321425118.377,12802352391061.906,10947836047838.0,9066386769436.25,7157612878925.875,5221116548828.875,3256493699928.125,1263333898491.875,-758779748097.0625,-2810270697329.625,-4891569079183.25,-7003111805377.875,-9145342680287.312,-11318712513518.25,-13523679234168.562,-15760708006777.5,-18030271348978.25,-20332849250857.56,-22668929296038.062,-25039006784483.5,-27443584857037.875,-29883174621697.37,-32358295281626.81,-34869474264910.875,-37417247356051.125,-40002158829196.69,-42624761583115.31,-45285617277889.375,-47985296473333.94,-50724378769125.625,-53503452946630.125,-56323117112409.31,-59183978843392.56,-62086655333693.25,-65031773543036.31,-68019970346781.19,-71051892687496.75,-74128197728057.69,-77249553006225.5,-80416636590659.94,-83630137238318.0,-86890754553191.44,-90199199146304.77,-93556192796927.23,-96962468614918.06,-100418771204125.77,-103925856826757.2,-107484493568629.0,-111095461505192.23,-114759552868226.5,-118477572213090.06,-122250336586388.77,-126078675693936.94,-129963432068860.38,-133905461239681.44,-137905631898213.44,-141964826067094.62,-146083939266751.2,-150263880681587.12,-154505573325176.62,-158809954204218.56,-163177974480996.0,-167610599634060.06,-172108809616858.88,-176673599013987.06,-181305977194724.88,-186006968463508.2,-190777612206966.56,-195618963037094.0,-200532090930150.56,-205518081360822.3,-210578035431154.2,-215713069993736.9,-220924317768592.25,-226212927453178.0,-231580063824879.0,-237026907835325.88,-242554656695835.25,-248164523953222.75,-253857739555196.75,-259635549904483.2,-265499217900792.88,-271450022969674.1,-277489261077245.8,-283618244729735.44,-289838302956704.3,-296150781276725.8,-302557041644272.2,-309058462376435.1,-315656438058056.8,-322352379423746.7,-329147713215170.9,-336043882011917.9,-343042344034113.2,-350144572914888.2,-357352057440651.75,-364666301257036.5,-372088822538221.2,-379621153617238.1,-387264840574693.5,-395021442783214.9,-402892532404750.8,-410879693837699.1,-418984523110651.8,-427208627219377.4,-435553623403420.6,-444021138358547.6,-452612807380993.2,-461330273439260.7,-470175186168975.25,-479149200786014.5,-488253976912890.4,-497491177313035.5,-506862466527367.2,-516369509407162.5,-526013969536933.2,-535797507540631.6,-545721779264144.6,-555788433826607.75,-565999111532670.4,-576355441637369.2,-586859039954824.5,-597511506301424.2,-608314421763699.0,-619269345780474.0,-630377813028330.5,-641641330098798.5,-653061371955010.9,-664639378154924.8,-676376748827434.1,-688274840386990.6,-700334960971503.2,-712558365587502.9,-724946250945615.0,-737499749968521.8,-750219925952559.5,-763107766363135.4,-776164176243035.0,-789389971211596.5,-802785870031546.1,-816352486719062.5,-830090322171367.5,-843999755284782.2,-858081033534813.5,-872334262988382.4,-886759397716767.1,-901356228576304.4,-916124371322254.4,-931063254019513.2,-946172103712192.0,-961449932312217.0,-976895521665306.6,-992507407750786.6,-1008283863969758.0,-1024222883474203.0,-1040322160487578.2,-1056579070565475.2,-1072990649742906.8,-1089553572512752.6,-1106264128577924.8,-1123118198317901.2,-1140111226908333.0,-1157238197030732.0,-1174493600107503.0,-1191871405996131.0,-1209365031074978.0,-1226967304652128.5,-1244670433627873.0,-1262465965341082.5,-1280344748529670.5,-1298296892335878.8,-1316311723288241.5,-1334377740193881.2,-1352482566877416.2,-1370612902706344.0,-1388754470847426.2,-1406891964204566.2,-1425008988996041.5,-1443088005938035.0,-1461110269012425.2,-1479055761809874.5,-1496903131454995.0,-1514629620138758.2,-1532210994304976.0,-1549621471562957.2,-1566833645427679.0,-1583818408022769.5,-1600544870920474.0,-1616980284337593.5,-1633089954957398.5,-1648837162705764.0,-1664183076875863.5,-1679086672070513.8,-1693504644515742.5,-1707391329393940.5,-1720698619951501.0,-1733375889254613.5,-1745369915599212.5,-1756624812727867.8,-1767081966168301.5,-1776679977186366.0,-1785354616040925.5,-1793038786439718.2,-1799662503323720.0,-1805152886352120.8,-1809434171719574.0,-1812427745209424.5,-1814052199667711.2,-1814223420367756.8,-1812854702016763.2,-1809856901424400.8,-1805138630095508.8,-1798606491207530.5,-1790165365565551.0,-1779718751164452.8,-1767169160891740.8,-1752418582628276.0,-1735369005487859.8,-1715923015105218.5,-1693984459641457.5,-1669459186410319.0,-1642255846592766.8,-1612286762224752.0,-1579468845294954.8,-1543724553110699.5,-1504982856757607.0,-1463180190101732.0,-1418261334891515.5,-1370180182548565.5,-1318900294521648.2,-1264395159825755.0,-1206648019668432.2,322562335979119.75,466970339852291.75,617558381119062.5,774396488327923.6,937559138995947.2,-437697984042881.75,-270088564261822.0,-92719174977841.77,94659381277910.0,292309347464961.75,-576160466531011.0,-329513858648872.0,-67846200113461.5,208796123386718.0,500246122987769.5,806228081802015.2,3904269317622467.0,4347803538950245.0,4825227322595065.0,5342803933678638.0,5908929379760894.0,3900496245295573.0,4383248332135506.5,4940183258506097.0,5594255285077356.0,6375191350130009.0,1.2027042302220136e+16,1.3475087674546118e+16,1.526431322428432e+16,1.7521749521413724e+16,2.042587302811016e+16,1.0323367392097442e+16,1.1111512058017174e+16,1.2584297982312118e+16,1.5684067890070232e+16,2.2320229382931336e+16,3.56313985894872e+16,5.10321122125291e+16,0.0
752.0,-14939575624900.0,-16348807976161.969,-17774607629125.22,-19217169358871.56,-20676690298986.72,-22153369967359.28,-23647410292065.125,-25159015637339.97,-26688392829613.81,-28235751183610.16,-29801302528487.688,-31385261234016.28,-32987844236770.062,-34609271066326.312,-36249763871451.75,-37909547446260.75,-39588849256329.69,-41287899464745.44,-43006930958072.34,-44746179372213.84,-46505883118150.94,-48286283407528.91,-50087624278076.56,-51910152618824.34,-53754118195099.59,-55619773673268.31,-57507374645196.88,-59417179652400.31,-61349450209842.59,-63304450829359.47,-65282449042663.84,-67283715423895.31,-69308523611677.94,-71357150330638.81,-73429875412347.19,-75526981815625.72,-77648755646186.47,-79795486175540.9,-81967465859125.38,-84164990353593.75,-86388358533211.69,-88637872505292.69,-90913837624611.5,-93216562506724.94,-95546359040129.5,-97903542397180.88,-100288431043696.31,-102701346747157.23,-105142614583423.77,-107612562941874.44,-110111523528875.12,-112639831369467.0,-115197824807192.12,-117785845501921.5,-120404238425587.31,-123053351855694.06,-125733537366482.31,-128445149817615.94,-131188547340248.31,-133964091320331.38,-136772146379009.31,-139613080349942.23,-142487264253387.5,-145395072266876.06,-148336881692286.56,-151313072919140.06,-154324029383904.8,-157370137525109.06,-160451786734038.88,-163569369300792.12,-166723280355447.94,-169913917804103.75,-173141682259507.62,-176406976966020.7,-179710207718613.56,-183051782775598.25,-186432112764773.25,-189851610582660.75,-193310691286477.38,-196809771978484.1,-200349271682330.1,-203929611210993.5,-207551213025901.88,-211214501086801.8,-214919900691908.75,-218667838307868.0,-222458741389028.0,-226293038185491.44,-230171157539405.12,-234093528668907.2,-238060580939138.9,-242072743619674.1,-246130445627730.62,-250234115256448.75,-254384179887534.1,-258581065687490.0,-262825197286664.3,-267116997440262.4,-271456886670472.4,-275845282888783.3,-280282600997547.12,-284769252469782.25,-289305644906181.1,-293892181568214.4,-298529260886199.0,-303217275941126.6,-307956613918978.5,-312747655536241.3,-317590774435208.0,-322486336547652.8,-327434699425344.5,-332436211535822.06,-337491211521772.8,-342600027422267.94,-347762975854046.06,-352980361150921.7,-358252474459336.3,-363579592787941.1,-368961978009030.8,-374399875809530.5,-379893514589116.7,-385443104302967.7,-391048835246487.25,-396710876779240.5,-402429375985203.8,-408204456266285.44,-414036215865939.2,-419924726319538.9,-425870030828004.5,-431872142551047.7,-437931042816171.7,-444046679239432.5,-450218963753736.06,-456447770540272.56,-462732933858460.3,-469074245769560.8,-475471453748900.56,-481924258181379.75,-488432309734701.4,-494995206604504.0,-501612491625275.5,-508283649240660.5,-515008102326463.6,-521785208859315.6,-528614258423673.4,-535494468549438.7,-542424980872143.1,-549404857107254.5,-556433074829762.3,-563508523049800.0,-570629997574599.1,-577796196146645.6,-585005713347409.0,-592257035255556.5,-599548533847997.2,-606878461131609.8,-614244942992922.8,-621645972752427.5,-629079404409604.9,-636542945564108.4,-644034149997869.2,-651550409902221.8,-659088947733413.0,-666646807679125.5,-674220846717853.4,-681807725252180.9,-689403897296174.8,-697005600196219.0,-704608843863756.2,-712209399497419.0,-719802787771143.8,-727384266463780.4,-734948817504770.8,-742491133409332.5,-750005603075552.2,-757486296914643.8,-764926951284462.0,-772320952195207.8,-779661318255022.4,-786940682821938.2,-794151275327376.1,-801284901735088.8,-808332924098148.0,-815286239175197.2,-822135256065888.5,-828869872823990.6,-835479452005332.9,-841952795106321.5,-848278115847367.9,-854443012254205.2,-860434437488649.2,-866238669378976.8,-871841278598760.4,-877227095441602.0,-882380175137907.8,-887283761658537.1,-891920249948868.2,-896271146535618.1,-900317028447440.8,-904037500389293.6,-907411150109218.2,-910415501895166.0,-913026968138262.0,-915220798897734.0,-916971029401541.4,-918250425415376.4,-919030426411253.8,-919281086465269.2,-918971012812140.4,-918067301981775.6,-916535473440260.4,-914339400654020.8,-911441239491477.2,-907801353870741.8,-903378238554799.2,-898128438986449.9,-892006468043838.4,-884964719582944.6,-876953378615137.0,-867920327945155.6,-857811051066426.4,-846568531075038.1,-834133145319849.0,-820442555451629.8,-805431592466944.1,-789032136259811.4,-771172989092613.1,-751779742273398.2,-730774635174750.1,-708076405544151.5,-683600129830111.5,-657257051974343.5,-628954398787643.5,-598595179624296.1,-566077967582406.1,-531296658868515.1,-494140206253899.5,-454492321692464.5,-412231142137143.5,-367228851347937.0,-319351248988393.6,-268457256507998.88,-214398347145673.38,-157017884791525.88,-96150353323874.5,-31620454291603.125,36757953687413.625,109183105844266.5,185866811015660.62,267036206559835.38,352935844127375.75,443830173261591.8,540006503385772.4,641778541110589.8,749490619568161.0,863522760397634.8,984296738002880.0,1112283350945225.6,1248011148301980.2,1392076911398271.0,1545158255927604.2,1708028799257623.2,3058100302106803.5,3270688752413679.0,3493956876580555.0,3728784442942277.0,3976197996238387.0,2541526631340313.0,2812123398834909.0,3101334591859330.0,3411182147845490.0,3744079565369359.0,2881364124926762.5,3255647143728920.5,3658396956554567.0,4093166160093929.0,4564387687273956.0,5077657442040542.0,8285937407490691.0,9033099448988512.0,9869846167522008.0,1.0814615131622316e+16,1.1890720173388156e+16,9419652581372684.0,1.0540776655872808e+16,1.1860928643874888e+16,1.3430394062661168e+16,1.531545421008466e+16,2.301922678607923e+16,2.6617152864619224e+16,3.1213972506349708e+16,3.722609063863216e+16,4.531607727344417e+16,2.6057801940738816e+16,3.3750531743111736e+16,4.645416892150279e+16,6.935271501026215e+16,1.1680784945794531e+17,2.4460156545178906e+17,9.09108187199582e+17,0.0
751.5,-71118781939200.38,-72569630118563.94,-74034186209300.81,-75512571280589.4,-77004907118355.03,-78511316213695.4,-80031921750499.44,-81566847592227.75,-83116218267821.5,-84680158956699.1,-86258795472811.38,-87852254247710.47,-89460662312594.6,-91084147279290.78,-92722837320124.62,-94376861146643.22,-96046347987135.69,-97731427562909.22,-99432230063268.72,-101148886119148.1,-102881526775339.72,-104630283461271.78,-106395287960263.23,-108176672377211.77,-109974569104641.34,-111789110787051.05,-113620430283494.22,-115468660628322.52,-117333934990018.5,-119216386628045.2,-121116148847636.1,-123033354952438.84,-124968138194935.8,-126920631724550.05,-128890968533349.84,-130879281399256.2,-132885702826654.94,-134910364984317.77,-136953399640518.88,-139014938095249.34,-141095111109403.7,-143194048830837.56,-145311880717154.06,-147448735455114.28,-149604740876523.97,-151780023870468.62,-153974710291754.75,-156188924865405.7,-158422791087066.34,-160676431119152.8,-162949965682583.84,-165243513943926.56,-167557193397772.6,-169891119744166.62,-172245406760889.25,-174620166170406.2,-177015507501257.94,-179431537943701.7,-181868362199355.6,-184326082324631.8,-186804797567711.7,-189304604198813.44,-191825595333487.88,-194367860748683.3,-196931486691285.3,-199516555678852.8,-202123146292234.75,-204751332959766.9,-207401185732706.8,-210072770051577.03,-212766146503061.0,-215481370567080.3,-218218492353674.88,-220977556329291.88,-223758601032061.44,-226561658775643.03,-229386755341181.38,-232233909656926.0,-235103133465016.0,-237994430974936.9,-240907798503128.7,-243843224098205.25,-246800687151208.1,-249780157990331.38,-252781597459486.62,-255804956480087.3,-258850175595389.6,-261917184496702.25,-265005901530755.88,-268116233187490.0,-271248073567481.88,-274401303828219.44,-277575791608385.3,-280771390429269.88,-283987939072435.9,-287225260932664.25,-290483163345225.7,-293761436886451.4,-297059854646545.25,-300378171473535.3,-303716123187219.3,-307073425761912.2,-310449774476752.94,-313844843032272.7,-317258282631897.9,-320689721026967.94,-324138761523818.9,-327604981951427.4,-331087933588022.56,-334587140045026.4,-338102096106626.56,-341632266523182.9,-345177084756633.44,-348735951675953.7,-352308234200682.0,-355893263890408.6,-359490335478054.9,-363098705344682.06,-366717589933473.75,-370346164100428.25,-373983559399221.6,-377628862297566.4,-381281112322305.7,-384939300130356.3,-388602365502504.56,-392269195256914.4,-395938621079122.3,-399609417265096.56,-403280298373865.25,-406949916786020.56,-410616860164288.8,-414279648812178.5,-417936732926566.7,-421586489739911.1,-425227220547593.6,-428857147615721.44,-432474410964519.1,-436077065022246.9,-439663075144363.8,-443230313992453.8,-446776557767195.4,-450299482289423.25,-453796658923095.1,-457265550333718.2,-460703506075521.44,-464107758000397.3,-467475415481352.3,-470803460442895.6,-474088742190500.1,-477327972030959.8,-480517717675106.2,-483654397414036.5,-486734274059619.4,-489753448639696.3,-492707853837980.94,-495593247168288.6,-498405203872283.0,-501139109529516.6,-503790152368064.8,-506353315263609.3,-508823367414320.6,-511194855678402.4,-513462095560605.9,-515619161833505.3,-517659878778740.1,-519577810032832.06,-521366248021587.3,-523018202966430.7,-524526391445368.8,-525883224490574.1,-527080795203835.1,-528110865870406.3,-528964854550947.5,-529633821130434.4,-530108452802056.0,-530379048963194.4,-530435505499614.9,-530267298433011.4,-529863466905944.4,-529212595477144.0,-528302795698879.9,-527121686946920.9,-525656376472190.8,-523893438641813.4,-521818893335724.94,-519418183463315.6,-516676151562845.06,-513577015444390.4,-510104342835035.25,-506241024982686.5,-501969249172425.5,-497270470106582.3,-492125380096647.4,-486513878011850.4,-480415036925512.8,-473807070396152.8,-466667297315706.4,-458972105252114.5,-450696912207668.6,-441816126708007.1,-432303106129266.3,-422130113162509.1,-411268270305084.9,-399687512257742.8,-387356536094023.0,-374242749054401.75,-360312213801553.75,-345529590954731.75,-329858078700110.4,-313259349249752.75,-295693481893977.9,-277118892359899.6,-257492258152057.88,-236768439508595.25,-214900395557474.1,-191839095200846.0,-167533422190504.62,-141930073782226.12,-114973452269961.5,-86605548600571.25,-56765817153889.25,-25391040638940.5,7584816097814.25,42230764735420.75,78618966203177.5,116824919297518.23,156927667299048.0,199010025019105.12,243158829077276.88,289465214642353.9,338024922368414.9,388938639836341.7,442312382481532.4,498257919766233.7,556893253256505.94,618343154310165.2,682739770296426.4,750223309678163.1,820942817926103.2,895057058138991.5,972735512459438.0,1054159522954572.4,1139523593635925.0,1229036878798210.5,1322924886949020.5,1421431434385912.5,1524820888078582.5,1633380744082530.5,1747424595427771.0,1867295552512818.8,1993370189758298.0,2126063104966740.8,2265832192902438.5,2413184752553967.5,2568684569005797.0,2732960136622221.0,2906714221348851.5,3090734997657324.0,3285909041660607.0,3493236518363164.0,3713848970689781.5,3949030204542756.0,4713118922810608.0,4949303213663533.0,5198367889162634.0,5461602234684845.0,5740494694541544.0,4641375297942690.0,4974486745379312.0,5332741048667215.0,5719272923240896.0,6137771999792868.0,5442900790022396.0,5910122727575008.0,6419076622310340.0,6976259939370592.0,7589641388059051.0,8269051635492082.0,1.0994465114998468e+16,1.189350063810398e+16,1.2902961583015596e+16,1.4043540442327248e+16,1.5340916052172876e+16,1.3566750374062508e+16,1.50810322600796e+16,1.6850710096086356e+16,1.8937471481442536e+16,2.142419968122228e+16,2.8430185132667184e+16,3.2578164422136976e+16,3.775058487047354e+16,4.432729994003074e+16,5.289319874058677e+16,3.945872250117092e+16,5.181529270871339e+16,7.138601048235754e+16,1.0506675814548096e+17,1.7114182098063034e+17,3.3173426617059776e+17,9.092132534501053e+17,0.0
751.0,-108721292685926.69,-110048254333548.84,-111384518559532.48,-112730119486457.95,-114085090281952.88,-115449463113663.2,-116823269102719.69,-118206538275656.16,-119599299514722.5,-121001580506550.94,-122413407689113.0,-123834806196922.44,-125265799804419.23,-126706410867484.1,-128156660263017.94,-129616567326528.23,-131086149787657.88,-132565423703586.9,-134054403390247.48,-135553101351270.4,-137061528204601.62,-138579692606706.4,-140107601174286.95,-141645258403433.47,-143192666586125.0,-144749825723995.62,-146316733439275.97,-147893384882823.3,-149479772639141.8,-151075886628298.84,-152681714004632.5,-154297239052155.56,-155922443076537.1,-157557304293560.88,-159201797713940.28,-160855895024375.5,-162519564464727.2,-164192770701182.62,-165875474695283.7,-167567633568682.28,-169269200463480.84,-170980124398019.78,-172700350117956.44,-174429817942484.72,-176168463605540.38,-177916218091817.53,-179673007467437.75,-181438752705085.8,-183213369503441.47,-184996768100706.25,-186788853082042.25,-188589523180718.0,-190398671072751.2,-192216183164837.6,-194041939375343.6,-195875812908127.28,-197717670018960.0,-199567369774295.8,-201424763802133.2,-203289696034716.3,-205162002442790.9,-207041510761146.28,-208928040205138.3,-210821401177911.38,-212721394967987.88,-214627813436918.7,-216540438696653.1,-218459042776286.56,-220383387277830.5,-222313223020632.0,-224248289674064.44,-226188315378094.62,-228133016351312.6,-230082096486007.1,-232035246929845.7,-233992145653709.0,-235952457005201.8,-237915831247370.25,-239881904082107.25,-241850296157740.56,-243820612560248.7,-245792442287565.88,-247765357706384.9,-249738913990868.8,-251712648542648.1,-253686080391469.3,-255658709575824.9,-257630016502888.75,-259599461287037.2,-261566483066225.0,-263530499295455.44,-265490905016556.8,-267447072103443.25,-269398348482020.7,-271344057323866.75,-273283496212760.1,-275215936283144.7,-277140621329539.38,-279056766885890.8,-280963559273833.3,-282860154618761.5,-284745677832617.1,-286619221562213.06,-288479845101905.7,-290326573269369.5,-292158395243188.06,-293974263360925.25,-295773091876300.5,-297553755674030.3,-299315088940865.1,-301055883791273.3,-302774888846192.8,-304470807763198.25,-306142297716376.5,-307787967824143.4,-309406377523176.25,-310996034886550.6,-312555394884130.44,-314082857583165.4,-315576766286991.75,-317035405609640.75,-318456999484102.25,-319839709101888.56,-321181630781467.3,-322480793763045.5,-323735157927092.1,-324942611433900.4,-326100968281375.8,-327207965778150.4,-328261261929022.25,-329258432729579.0,-330196969366794.7,-331074275322235.3,-331887663374407.94,-332634352496644.56,-333311464646808.5,-333916021444929.7,-334444940734784.2,-334895033025250.7,-335262997807130.0,-335545419740973.75,-335738764711274.9,-335839375742225.7,-335843468770053.44,-335747128266765.0,-335546302709946.0,-335236799893030.3,-334814282070294.3,-334274260930547.75,-333612092393330.8,-332822971221134.1,-331901925440940.1,-330843810568110.1,-329643303625379.25,-328294896949413.94,-326792891777112.94,-325131391603505.9,-323304295302747.94,-321305290003424.4,-319127843708923.0,-316765197653333.7,-314210358382845.5,-311456089552251.3,-308494903425638.2,-305319052069915.1,-301920518229265.6,-298291005868091.75,-294421930369395.25,-290304408374941.6,-285929247252844.4,-281286934177497.5,-276367624806011.6,-271161131534434.7,-265656911316155.88,-259844053023897.5,-253711264335624.7,-247246858123548.9,-240438738324127.3,-233274385265598.0,-225740840428058.75,-217824690609463.03,-209512051469099.0,-200788550418101.6,-191639308824377.0,-182048923496911.5,-172001447411731.88,-161480369638858.38,-150468594426328.88,-138948419393714.62,-126901512783540.0,-114308889714552.12,-101150887375767.23,-87407139094679.5,-73056547206840.5,-58077254647040.88,-42446615174667.88,-26141162137049.75,-9136575665043.5,8592351815846.125,27071751887645.0,46328718397837.75,66391347830859.375,87288781968138.62,109051253031013.23,131710131522528.0,155297977008621.88,179848592106591.5,205397079979742.3,231979905671861.7,259634961654417.0,288401638003511.7,318320897673405.44,349435357389469.2,381789374746710.0,415429142171255.0,450402788482594.3,486760488885119.6,524554584319781.8,563839711222209.5,604672942863951.5,647113943600663.6,691225137517151.5,737071893146813.4,784722726154872.0,834249522114125.5,885727781772363.0,939236891516157.6,994860422081133.0,1052686458949236.4,1112807968315138.8,1175323203003252.8,1240336153281982.5,1307957048161422.5,1378302913484910.2,1451498193945347.5,1527675447086993.8,1606976118408175.0,1689551407877121.8,1775563239532646.2,1865185347386807.5,1958604492605596.0,2056021828947856.8,2157654435729370.8,2263737040192673.0,2374523954155465.0,2490291253243523.0,2611339230961894.0,2737995164409800.0,2870616433707414.0,3009594043307532.0,3155356600471121.0,3308374814489103.5,3469166589974870.0,3638302799032741.0,3816413830699540.0,4004197032226387.0,4202425176099831.0,4411956109931849.5,4633743774404480.0,4868850808509916.0,5118463002864940.0,5383905912780441.0,5430404771378000.0,5658240705970036.0,5898990231004356.0,6153992501505741.0,6424780188567751.0,5901240582188637.0,6254984100194704.0,6635567348177177.0,7046188231489154.0,7490539416648581.0,7174174069966587.0,7694850024916006.0,8264591815281533.0,8890871231412538.0,9582635128550304.0,1.0350642175045916e+16,1.2041405098050304e+16,1.2922376393109172e+16,1.3902485135289824e+16,1.4998112340970792e+16,1.6229287150470616e+16,1.5937956374940832e+16,1.7567399386268916e+16,1.9453855324028804e+16,2.165816937552709e+16,2.426240913437289e+16,2.800710459054377e+16,3.13786250468822e+16,3.539344380478202e+16,4.022527490494124e+16,4.611178866424008e+16,4.75123172407306e+16,6.1224784725855336e+16,8.175799032159629e+16,1.1439554560507331e+17,1.70259575664611e+17,2.716685503894039e+17,3.543930664074007e+17,0.0
750.5,-128209643091605.48,-129278407392300.16,-130351163160847.12,-131427856523243.95,-132508431184894.1,-133592828360680.34,-134680986703120.16,-135772842228555.28,-136868328241317.77,-137967375255818.62,-139069910916496.23,-140175859915571.4,-141285143908540.47,-142397681427349.7,-143513387791178.97,-144632175014774.0,-145753951714255.3,-146878623010330.6,-148006090428842.0,-149136251798568.38,-150269001146208.2,-151404228588465.22,-152541820221145.06,-153681658005192.8,-154823619649570.12,-155967578490893.94,-157113403369736.66,-158260958503496.03,-159410103355737.78,-160560692501907.84,-161712575491311.6,-162865596705254.78,-164019595211235.38,-165174404613068.4,-166329852896838.2,-167485762272546.5,-168641949011338.5,-169798223278179.8,-170954388959852.5,-172110243488130.6,-173265577658005.53,-174420175440810.94,-175573813792098.8,-176726262454118.84,-177877283752744.94,-179026632388681.0,-180174055222789.03,-181319291055359.12,-182462070399153.3,-183602115246036.1,-184739138827004.25,-185872845365430.2,-187002929823308.0,-188129077640310.1,-189250964465436.8,-190368255881037.84,-191480607118994.1,-192587662768813.6,-193689056477417.3,-194784410640360.62,-195873336084241.6,-196955431740036.1,-198030284307089.84,-199097467907493.38,-200156543730549.6,-201207059667049.28,-202248549933041.6,-203280534682796.16,-204302519610629.7,-205313995541268.97,-206314438008406.9,-207303306821096.3,-208280045617628.53,-209244081406511.8,-210194824094166.28,-211131665998943.44,-212053981351054.1,-212961125777982.53,-213852435774957.4,-214727228160019.7,-215584799513235.7,-216424425599566.84,-217245360774914.28,-218046837374822.5,-218828065085323.12,-219588230295376.9,-220326495430358.16,-221041998266009.47,-221733851222271.47,-222401140636382.9,-223042926014612.1,-223658239261986.2,-224246083889333.44,-224805434196957.5,-225335234434232.7,-225834397934378.8,-226301806223670.1,-226736308104284.1,-227136718710001.2,-227501818533907.7,-227830352427260.62,-228121028568619.38,-228372517402345.6,-228583450545514.1,-228752419662285.3,-228877975304722.9,-228958625719030.1,-228992835616145.38,-228979024905593.44,-228915567391454.44,-228800789429297.0,-228632968542852.1,-228410331999187.6,-228131055341113.3,-227793260875462.1,-227395016115907.6,-226934332178886.62,-226409162131177.7,-225817399287624.56,-225156875457454.44,-224425359137588.75,-223620553651280.25,-222740095230373.03,-221781551039416.2,-220742417139801.88,-219620116392044.3,-218411996294247.6,-217115326754748.2,-215727297796852.3,-214245017193506.3,-212665508029680.1,-210985706190162.75,-209202457770373.38,-207312516407735.88,-205312540531055.5,-203199090525256.56,-200968625808743.3,-198617501820546.7,-196141966914309.0,-193538159156072.2,-190802103022693.12,-187929705997602.8,-184916755060513.5,-181758913067517.5,-178451715017903.12,-174990564203867.75,-171370728239124.3,-167587334962278.44,-163635368210635.88,-159509663459937.75,-155204903325334.44,-150715612918660.38,-146036155056905.12,-141160725316491.38,-136083346927747.69,-130797865503676.0,-125297943596839.2,-119577055077868.23,-113628479328773.0,-107445295243854.94,-101020375030676.8,-94346377803078.56,-87415742957818.38,-80220683325913.62,-72753178089233.94,-65004965452329.69,-56967535058867.19,-48632120141351.81,-39989689392117.375,-31030938542738.37,-21746281638178.125,-12125841991014.123,-2159442800086.25,8163402583251.375,18853500759303.81,29921988774023.938,41380345023680.81,53240400592702.06,65514351048952.125,78214768722678.25,91354615497497.8,104947256144139.69,119006472230296.88,133546476642751.44,148581928761108.7,164127950325934.7,180200142047903.6,196814601008774.1,213987938909638.9,231737301227038.4,250080387343128.75,269035471722364.0,288621426214021.75,308857743567463.1,329764562255450.1,351362692710062.1,373673645086027.25,396719658677529.94,420523733127098.6,445109661578953.4,470502065944427.3,496726434463962.6,523809161768763.2,551777591665803.0,580660062892610.8,610485958113373.0,641285756455699.5,673091089918027.6,705934804011591.8,739851023038256.8,774875220446910.6,811044294756754.8,848396651586224.6,886972292381917.9,926812910503316.0,967961995386788.2,1010464945587107.6,1054369191577043.6,1099724329276389.0,1146582265381791.2,1194997375678919.0,1245026677639747.8,1296730018741176.0,1350170282087948.0,1405413611084151.8,1462529655074802.0,1521591838073590.8,1582677652906458.0,1645868983334685.8,1711252456977987.8,1778919832138846.5,1848968421936982.0,1921501559498882.8,1996629108314603.2,2074468022274812.0,2155142960338148.0,2238786961255088.8,2325542184292620.0,2415560722467348.0,2509005495406203.5,2606051229617124.5,2706885534670351.0,2811710084567246.0,2920741914411778.0,3034214843401970.5,3152381036128026.0,3275512715201463.5,3403904039345995.5,3537873162253926.0,3677764488746735.0,3823951146064755.0,3976837689431775.0,4136863062367503.0,4304503833510491.0,4480277732899175.0,4664747511638172.0,4858525149500323.0,5062276435060590.0,5276725942099607.0,5502662423777498.0,5740944641770362.0,5992507640179377.0,5472843017036938.0,5674470921994293.0,5887589512997181.0,6113346928861678.0,6353040222958792.0,6415841345011399.0,6749551859161932.0,7106739653422188.0,7489831373929080.0,7901558991039998.0,8128326183783837.0,8651490161637814.0,9221880970953180.0,9845814907324516.0,1.0530620472187502e+16,1.1284816022626268e+16,1.1730670909234748e+16,1.2474770414915412e+16,1.3290962877028636e+16,1.4189335036303524e+16,1.518190647318188e+16,1.656003919625172e+16,1.8078377727046044e+16,1.9815980949686696e+16,2.182128786442693e+16,2.4157836303784664e+16,2.407914929622942e+16,2.63101528080896e+16,2.884224095381041e+16,3.172925794248376e+16,3.503840611833271e+16,4.902996388759189e+16,6.092170010260208e+16,7.709784286779114e+16,9.894867098367782e+16,1.252707058913622e+17,1.3250611996483342e+17,-8.03134785058484e+16,0.0
750.0,-131261465736803.69,-131977322330237.12,-132691612332779.2,-133404203474446.2,-134114959974773.56,-134823742458965.38,-135530407872022.48,-136234809390803.23,-136936796333955.56,-137636214069680.48,-138332903921257.66,-139026703070292.1,-139717444457610.52,-140404956681762.52,-141089063895050.88,-141769585697044.78,-142446337025499.25,-143119128044623.28,-143787764030626.8,-144452045254478.62,-145111766861803.7,-145766718749850.62,-146416685441448.97,-147061445955886.3,-147700773676624.0,-148334436215772.7,-148962195275241.12,-149583806504479.78,-150199019354729.75,-150807576929683.78,-151409215832476.7,-152003666008904.6,-152590650586775.9,-153169885711302.34,-153741080376420.0,-154303936251944.16,-154858147506442.84,-155403400625726.16,-155939374226835.8,-156465738867419.25,-156982156850367.97,-157488282023604.6,-157983759574883.53,-158468225821485.9,-158941307994672.62,-159402624018760.28,-159851782284680.06,-160288381417880.4,-160712010040427.0,-161122246527140.5,-161518658755631.4,-161900803850066.0,-162268227918495.88,-162620465783598.3,-162957040706638.75,-163277464104493.94,-163581235259544.78,-163867841022259.16,-164136755506271.03,-164387439775761.34,-164619341524938.2,-164831894749414.38,-165024519409262.25,-165196621083538.6,-165347590616045.47,-165476803752108.2,-165583620766124.16,-165667386079648.84,-165727427869769.75,-165763057667506.47,-165773569945984.47,-165758241698103.62,-165716332003437.66,-165647081584067.38,-165549712349064.97,-165423426927331.06,-165267408188469.8,-165080818751393.78,-164862800480332.8,-164612473967911.4,-164328938004956.9,-164011269036683.03,-163658520604895.28,-163269722775836.2,-162843881553307.66,-162379978276660.06,-161876969003261.66,-161333783875029.4,-160749326468600.38,-160122473128709.62,-159452072284317.88,-158736943747050.66,-157975877991453.2,-157167635416595.66,-156310945588518.94,-155404506463016.06,-154446983588218.88,-153437009286453.28,-152373181814803.66,-151254064503823.72,-150078184873790.25,-148844033727918.62,-147550064221901.56,-146194690909141.7,-144776288761019.25,-143293192161522.5,-141743693875543.7,-140126043990129.31,-138438448827947.12,-136679069832216.69,-134846022422322.5,-132937374819307.56,-130951146840428.06,-128885308661911.88,-126737779549047.38,-124506426552704.62,-122189063171352.44,-119783447977621.56,-117287283208409.23,-114698213317523.62,-112013823489803.31,-109231638115630.69,-106349119224708.31,-103363664877954.06,-100272607516300.12,-97073212265166.06,-93762675193320.62,-90338121524807.69,-86796603802553.44,-83135100002247.31,-79350511594998.44,-75439661557254.0,-71399292326379.75,-67226063700256.44,-62916550679166.125,-58467241248192.5,-53874534098272.63,-49134736283958.75,-44244060815876.375,-39198624185764.81,-33994443821907.56,-28627435472639.125,-23093410515532.875,-17388073189739.377,-11507017748833.377,-5445725531400.5,800438053561.6875,7236226629478.1875,13866516046504.0,20696307670699.56,27730731771651.062,34975051012336.25,42434664045219.56,50115109218827.94,58022068399277.375,66161370911518.0,74538997605346.81,83161085051546.69,92033929873869.44,101163993222949.88,110557905398616.2,120222470627533.77,130164672003564.94,140391676598744.23,150910840753341.2,161729715554053.3,172856052510060.5,184297809437361.2,196063156562586.8,208160482858334.44,220598402622973.5,233385762318850.03,246531647683924.4,260045391133025.6,273936579466180.84,288215061902881.9,302890958462632.6,317974668713790.25,333476880914471.5,349408581571247.9,365781065443469.6,382605946023336.9,399895166524352.8,417661011413502.5,435916118525437.25,454673491800193.25,473946514689419.25,493748964279911.8,514095026187364.1,534999310277717.25,556476867278348.9,578543206346624.6,601214313669073.6,624506672170608.9,648437282420019.4,673023684825181.0,698283983219394.9,724236869948769.4,750901652579830.9,778298282356551.5,806447384546749.8,835370290829506.2,865089073887769.0,895626584383858.2,927006490510133.4,959253320322713.2,992392507082902.0,1026450437848979.4,1061454505580168.8,1097433165035166.8,1134415992769438.8,1172433751558723.8,1211518459600816.8,1251703464873688.8,1293023525055497.0,1335514893440681.5,1379215411316552.2,1424164607295871.2,1470403804133317.8,1517976233586760.8,1566927159917973.5,1617304012661245.2,1669156529321970.2,1722536908700049.0,1777499975564100.0,1834103357431227.2,1892407674232184.8,1952476741661932.8,2014377789029036.8,2078181692422216.8,2143963224005744.8,2211801318234784.5,2281779355742896.0,2353985465592747.5,2428512846491748.0,2505460107450476.0,2584931628195135.0,2667037939426023.5,2751896122730271.0,2839630229593943.0,2930371718498403.5,3024259908506190.0,3121442447015583.0,3222075788457029.0,3326325679576835.5,3434367645552477.0,3546387469444699.0,3662581655333517.5,3783157862805925.5,3908335297134167.0,4038345035340977.0,4173430263184455.0,4313846391643553.0,4459861013404617.0,4611753649698970.0,4769815225052826.0,4934347191344533.0,5105660202058354.0,5284072211520578.0,5469905840553043.0,5663484807208597.0,5865129166192732.0,5101281307336333.0,5268537002994100.0,5444818212592930.0,5630887326910228.0,5827574350207840.0,6318678283875882.0,6600050253441522.0,6898139459938334.0,7214225948485910.0,7549676129744978.0,8356189678359682.0,8826772224608066.0,9334056435233318.0,9881730116492946.0,1.0473803620617608e+16,1.1114595092961752e+16,1.0531289401553436e+16,1.1090551995731266e+16,1.1693287436151452e+16,1.2343889817170684e+16,1.3047132724047972e+16,1.573164008098043e+16,1.698021113830215e+16,1.8381112877391256e+16,1.995986694338045e+16,2.1745805372080268e+16,1.934673749696791e+16,2.07651859927974e+16,2.2356485700128264e+16,2.416443861595108e+16,2.6249640845998388e+16,4.454692568958198e+16,5.243008310111389e+16,6.113021458028059e+16,6.817144720833363e+16,6.326283958064328e+16,3664027721629510.5,-2.1749566043735264e+17,0.0
749.5,-120448144562807.69,-120759032903592.12,-121063141944779.48,-121360278423535.56,-121650244938773.4,-121932839864517.05,-122207857261405.84,-122475086786293.1,-122734313599892.34,-122985318272437.16,-123227876687300.95,-123461759942536.72,-123686734250288.34,-123902560834026.23,-124108995823558.95,-124305790147769.94,-124492689425029.94,-124669433851231.34,-124835758085393.88,-124991391132783.1,-125136056225489.8,-125269470700413.1,-125391345874582.72,-125501386917772.69,-125599292722331.4,-125684755770178.4,-125757461996894.77,-125817090652847.1,-125863314161275.66,-125895797973279.88,-125914200419631.66,-125918172559340.94,-125907358024906.72,-125881392864176.48,-125839905378731.78,-125782515958731.4,-125708836914126.8,-125618472302164.72,-125511017751102.8,-125386060280041.69,-125243178114795.95,-125081940499703.48,-124901907505296.12,-124702629831720.95,-124483648607830.95,-124244495185839.44,-123984690931438.2,-123703747009280.1,-123401164163718.56,-123076432494699.16,-122729031228688.78,-122358428484538.1,-121964081034154.5,-121545434057871.4,-121101920894398.95,-120632962785223.48,-120137968613337.48,-119616334636170.66,-119067444212589.52,-118490667523827.88,-117885361288223.05,-117250868469599.2,-116586517979171.69,-115891624370813.66,-115165487529541.1,-114407392353057.84,-113616608426210.69,-112792389688184.23,-111933974092279.95,-111040583258106.9,-110111422116010.66,-109145678543571.84,-108142522993983.4,-107101108116134.8,-106020568366204.48,-104900019610572.88,-103738558719864.8,-102535263153901.6,-101289190537383.22,-99999378226063.48,-98664842863220.94,-97284579926196.69,-95857563262772.2,-94382744617161.77,-92859053145376.34,-91285394919722.56,-89660652422183.38,-87983684026430.22,-86253323468206.81,-84468379303814.28,-82627634356430.56,-80729845149982.34,-78773741330280.34,-76758025073130.12,-74681370479115.88,-72542422954746.84,-70339798579655.72,-68072083459517.5,-65737833064367.0,-63335571551965.56,-60863791075867.41,-58320951077838.09,-55705477564238.75,-53015762366012.16,-50250162381872.78,-47406998804307.625,-44484556327969.375,-41481082340042.75,-38394786092151.44,-35223837853349.875,-31966368043743.5,-28620466348261.25,-25184180810084.5,-21655516903234.625,-18032436583787.56,-14312857319178.312,-10494651095041.938,-6575643399005.25,-2553612180841.3125,1573713211644.375,5808653121623.4375,10153578697825.312,14610913035374.623,19183132343605.56,23872767141593.37,28682403482185.188,33614684205333.81,38672310221579.75,43858041826551.75,49174700047416.125,54625168022217.25,60212392413127.41,65939384854641.53,71809223437823.84,77825054231759.75,83990092843420.75,90307626017212.2,96781013275552.22,103413688601880.2,110209162167579.9,117171022104394.62,124302936323966.95,131608654386273.06,139092009418772.84,146756920088253.16,154607392627416.8,162647522918425.75,170881498635710.0,179313601450529.94,187948209299912.4,196789798722741.7,205842947265999.6,215112335964289.25,224602751896036.25,234319090819942.1,244266359895521.88,254449680491826.0,264874291088684.75,275545550275157.2,286468939850149.94,297650068030531.8,309094672772430.3,320808625211806.5,332797933230798.56,345068745156830.44,357627353601919.25,370480199450184.94,383633876002100.0,397095133284649.2,410870882537186.4,424968200883519.4,439394336201441.7,454156712201773.06,469262933729812.5,484720792303002.6,500538271899608.8,516723555014226.2,533285028997073.75,550231292695174.9,567571163414827.5,585313684226069.8,603468131631292.5,622044023621649.9,641051128146517.5,660499472022938.0,680399350313785.2,700761336205245.0,721596291416206.0,742915377174203.9,764730065794764.6,787052152903223.0,809893770340465.2,833267399796492.5,857185887218176.5,881662458040205.6,906710733290806.8,932344746626526.8,958578962352994.0,985428294491255.0,1012908126951900.0,1041034334881654.4,1069823307249525.0,1099291970741713.8,1129457815036443.0,1160338919531291.2,1191953981596774.2,1224322346430304.0,1257464038584484.5,1291399795242471.0,1326151101310960.0,1361740226397751.0,1398190263735727.0,1435525171107996.0,1473769813819617.5,1512950009749312.2,1553092576499254.5,1594225380642049.8,1636377389040401.0,1679578722186234.0,1723860709470943.5,1769255946256185.5,1815798352563728.8,1863523233141984.0,1912467338594192.8,1962668927166844.0,2014167826694311.2,2067005496074408.5,2121225085505939.2,2176871494550028.0,2233991426877339.2,2292633440327888.5,2352847990633318.5,2414687466825280.0,2478206215969938.0,2543460554416897.0,2610508762219043.0,2679411056753437.0,2750229540834813.0,2823028119742176.5,2897872380549780.0,2974829425937029.0,3053967653210715.0,3135356467563668.0,3219065916563172.5,3305166230444784.0,3393727249903643.5,3484817719628321.0,3578504421692319.0,3674851117958829.0,3773917264683312.0,3875756455291739.0,3980414538591179.0,4087927349087128.0,4198317973206991.0,4311593459520636.0,4427740861830971.0,4546722480429557.0,4668470137804240.0,4792878289296806.0,4919795724928956.0,5049015563676159.0,5180263173112510.0,4508147731917517.0,4637004143524506.0,4771541680026946.0,4911995319284592.0,5058568386086316.0,5768894293405941.0,5978909370716623.0,6197699703633441.0,6425421819918704.0,6662135322612985.0,7938012670844830.0,8309127453571949.0,8700891065864885.0,9113850498132392.0,9548204364843664.0,1.000363028937038e+16,8891453548081406.0,9267700352124580.0,9663095292669098.0,1.0077415760268286e+16,1.0509536323725714e+16,1.384162895989482e+16,1.4721800297840156e+16,1.5668928879614112e+16,1.6680036193369884e+16,1.7743476862595584e+16,1.523923947141599e+16,1.620179162585222e+16,1.7277405768476536e+16,1.847192189703979e+16,1.975409299038009e+16,3.5781472180236384e+16,3.888571262921621e+16,3.982848164438566e+16,3.419302874408773e+16,1.0030591560333924e+16,-6.5073494577028776e+16,-2.2196958878887072e+17,0.0
749.0,-98885304609681.31,-98780042280222.95,-98663597427597.56,-98535737531192.28,-98396225770854.95,-98244820946938.84,-98081277398824.56,-97905344921883.66,-97716768682857.34,-97515289133618.9,-97300641923287.84,-97072557808661.8,-96830762562939.6,-96574976882695.8,-96304916293076.66,-96020291051181.34,-95720806047595.78,-95406160706039.12,-95076048881091.0,-94730158753958.84,-94368172726250.84,-93989767311711.48,-93594613025885.52,-93182374273666.16,-92752709234689.34,-92305269746532.06,-91839701185671.1,-91355642346159.78,-90852725315983.12,-90330575351037.23,-89788810746697.19,-89227042706920.72,-88644875210845.47,-88041904876824.78,-87417720823863.5,-86771904530390.9,-86104029690332.38,-85413662066421.31,-84700359340698.1,-83963670962146.97,-83203137991414.88,-82418292942550.9,-81608659621720.75,-80773752962828.84,-79913078859994.16,-79026133996821.19,-78112405672399.6,-77171371623978.72,-76202499846248.66,-75205248407163.78,-74179065260246.1,-73123388053304.47,-72037643933491.6,-70921249348643.31,-69773609844824.5,-68594119860004.63,-67382162513802.81,-66137109393219.5,-64858320334279.09,-63545143199516.78,-62196913651221.5,-60812954920360.53,-59392577571106.84,-57935079260882.59,-56439744495839.56,-54905844381692.09,-53332636369810.56,-51719363998495.41,-50065256629333.625,-48369529178557.16,-46631381843298.59,-44849999822660.06,-43024553033491.88,-41154195820788.375,-39238066662596.94,-37275287869340.53,-35264965277452.72,-33206187937213.844,-31098027794686.312,-28939539367638.0,-26729759415340.094,-24467706602127.44,-22152381154606.47,-19782764512387.875,-17357818972230.188,-14876487325462.156,-12337692488567.031,-9740337126792.062,-7083303270657.656,-4365451925230.25,-1585622672019.2812,1257366736638.5625,4164720790854.9375,7137666644267.75,10177454543079.78,13285358263201.344,16462675555667.469,19710728600482.16,23030864469063.406,26424455595452.094,29892900256473.094,33437623061014.47,37060075448627.97,40761736197621.0,44544111942864.91,48408737703497.69,52357177420748.5,56391024506094.0,60511902399974.125,64721465141301.16,69021397947995.06,73413417808812.44,77899274086705.12,82480749133997.9,87159658919655.38,91937853668930.62,96817218515700.16,101799674167799.28,106887177585690.16,112081722674810.5,117385340991946.77,122800102466033.56,128328116133749.52,133971530890340.56,139732536256090.06,145613363158903.22,151616284733474.47,157743617137543.72,163997720385769.28,170380999201776.28,176895903888963.22,183544931220686.97,190330625350478.53,197255578742978.2,204322433126314.88,211533880466702.8,218892663966061.5,226401579083526.2,234063474581751.25,241881253598972.1,249857874747848.44,257996353242161.7,266299762052517.12,274771233092259.8,283413958434891.5,292231191564348.75,301226248659592.4,310402509915030.25,319763420898409.25,329312493947886.9,339053309610116.0,348989518121273.5,359124840933082.1,369463072286005.4,380008080831907.4,390763811308618.3,401734286268992.06,412923607867176.2,424335959704980.5,435975608741414.5,447846907268589.8,459954294957410.1,472302300976636.2,484895546189100.25,497738745429065.2,510836709864916.25,524194349451583.5,537816675477328.5,551708803209733.6,565875954645959.5,580323461372584.5,595056767540531.4,610081432960844.4,625403136327285.9,641027678571935.9,656960986360188.6,673209115731714.6,689778255894158.0,706674733176436.4,723905015148686.9,741475714915916.9,759393595592505.2,777665574964634.2,796298730347677.9,815300303645366.0,834677706617315.2,854438526361116.4,874590531014686.2,895141675683916.0,916100108599832.2,937474177508441.2,959272436295150.0,981503651844129.0,1004176811131067.8,1027301128545610.2,1050886053437038.4,1074941277873696.0,1099476744602922.4,1124502655193959.6,1150029478341288.8,1176067958299925.5,1202629123417454.0,1229724294719660.5,1257365094497531.8,1285563454832848.5,1314331625987548.2,1343682184568039.0,1373628041359738.5,1404182448708713.8,1435359007306311.8,1467171672208630.2,1499634757895119.8,1532762942139169.8,1566571268427601.0,1601075146624907.5,1636290351531239.5,1672233018929671.5,1708919638657227.0,1746367044164594.8,1784592397949971.8,1823613172161976.5,1863447123563110.5,1904112261927364.0,1945626810810844.8,1988009159480560.8,2031277804610791.5,2075451280155648.0,2120548073576720.5,2166586526341768.5,2213584716309258.0,2261560319268201.0,2310530446506519.0,2360511454825907.0,2411518724897676.0,2463566403251203.0,2516667102491741.0,2570831553542016.5,2626068202774637.0,2682382745828626.5,2739777588658338.0,2798251224917298.5,2857797517097570.0,2918404866885818.0,2980055257910202.0,3042723151378592.0,3106374211977484.0,3170963837727887.5,3236435463178263.5,3302718600234162.5,3369726574934340.0,3437353911409770.5,3505473305896221.0,3573932123761864.5,3642548340758040.0,3711105835741623.0,3779348925517976.0,3846976012693425.0,3913632193882196.0,3978900647539050.5,4042292587196409.0,4103235525916549.0,4161059550076651.0,3810226133589543.0,3898279989203716.0,3988172551717453.0,4079601070369595.0,4172150408782952.0,4930077263470304.0,5063263939916554.0,5197866356041256.0,5333168960269488.0,5468240862590501.0,6999308944137696.0,7242011468227656.0,7487952109951043.0,7734920964214870.0,7979896849507747.0,8218797405804666.0,7122414747315338.0,7336495497965192.0,7549619307828974.0,7757707558253654.0,7954772525620995.0,1.1270755730291042e+16,1.1739681102181506e+16,1.2187674339290166e+16,1.258623946638784e+16,1.288982843810463e+16,1.1817865471964532e+16,1.2380445091901424e+16,1.2912675979948652e+16,1.3314843349512048e+16,1.3371193598951836e+16,2.497204092956808e+16,2.388210462148769e+16,1.9094359815755308e+16,6608196742207918.0,-2.1093283588094984e+16,-7.312905747880749e+16,-1.2174076599590835e+17,0.0
748.5,-69895530287010.56,-69398269600203.125,-68886535504606.125,-68360078860994.31,-67818646474072.28,-67261981025856.66,-66689821007958.75,-66101900652751.375,-65497949863399.44,-64877694142741.66,-64240854520996.69,-63587147482285.28,-62916284889941.5,-62227973910598.03,-61521916937026.16,-60797811509710.84,-60055350237139.31,-59294220714785.53,-58514105442771.47,-57714681742178.34,-56895621669997.09,-56056591932687.09,-55197253798329.375,-54317263007347.91,-53416269681781.19,-52493918233078.63,-51549847268402.16,-50583689495408.19,-49595071625490.34,-48583614275455.59,-47548931867614.81,-46490632528261.09,-45408317984513.53,-44301583459503.94,-43170017565875.0,-42013202197575.94,-40830712419924.41,-39622116357906.53,-38386975082697.91,-37124842496374.84,-35835265214788.875,-34517782448580.81,-33171925882309.78,-31797219551663.875,-30393179718734.094,-28959314745316.25,-27495124964219.875,-26000102548550.03,-24473731378944.5,-22915486908723.5,-21324836026935.37,-19701236919266.56,-18044138926782.656,-16352982402475.969,-14627198565590.062,-12866209353687.469,-11069427272435.094,-9236255243074.72,-7366086447548.625,-5458304171249.344,-3512281643363.281,-1527381874778.1875,497042506482.3125,2561649422322.9688,4667107514172.188,6814096315146.969,9003306424813.375,11235439686575.623,13511209367734.0,15831340342235.531,18196569276156.938,20607644815955.22,23065327779512.47,25570391350018.72,28123621272722.094,30725816054586.344,33377787166880.78,36080359250757.25,38834370325831.19,41640672001817.91,44500129693252.22,47413622837337.66,50382045114956.63,53406304674884.22,56487324361245.91,59626041944255.44,62823410354278.63,66080397919264.03,69397988605577.0,72777182262289.6,76218994868964.66,79724458786979.69,83294623014436.97,86930553444711.38,90633333128677.05,94404062540667.56,98243859848220.4,102153861185659.38,106135220931560.6,110189111990173.12,114316726076839.84,118519274007479.6,122797985992201.84,127154111933100.34,131588921726316.56,136103705568417.1,140699774267174.22,145378459556815.44,150141114417828.3,154989113401390.2,159923852958520.84,164946751774038.9,170059251105418.44,175262815126638.28,180558931277138.62,185949110615976.25,191434888181304.3,197017823355287.6,202699500234577.38,208481528006485.28,214365541330976.9,220353200728650.0,226446192974829.7,232646231499954.0,238955056796408.75,245374436831994.8,251906167470210.62,258552072897539.6,265314006057957.38,272193849094866.5,279193513800685.25,286314942074328.75,293560106386832.06,300931010255367.5,308429688725939.25,316058208865027.4,323818670260485.25,331713205531997.25,339743980851418.2,347913196473323.1,356223087276122.06,364675923314094.7,373274010380710.9,382019690583619.2,390915342931698.7,399963383934569.0,409166268214966.6,418526489134400.9,428046579432505.4,437729111880511.8,447576699949246.9,457591998492085.5,467777704443241.9,478136557531810.8,488671341011912.3,499384882409292.56,510280054284701.9,521359775014302.8,532627009587349.06,544084770421286.5,555736118194360.0,567584162695726.8,579632063692969.2,591883031816769.5,604340329462384.4,617007271707357.0,629887227244749.0,642983619330914.4,656299926746604.0,669839684769871.5,683606486158938.6,697603982142756.0,711835883416573.8,726305961139338.8,741018047929132.1,755976038852255.9,771183892400787.9,786645631452661.1,802365344207309.1,818347185088933.6,834595375608200.0,851114205171862.6,867908031828287.5,884981282935164.2,902338455733769.6,919984117812034.0,937922907436246.6,956159533728550.8,974698776664388.0,993545486860660.4,1012704585121635.2,1032181061705381.8,1051979975268842.2,1072106451444356.4,1092565680994601.0,1113362917486313.2,1134503474415879.2,1155992721711635.5,1177836081528655.0,1200039023241571.0,1222607057529633.8,1245545729435548.5,1268860610265458.8,1292557288181731.0,1316641357322573.5,1341118405262934.0,1365993998609236.8,1391273666496165.2,1416962881726433.5,1443067039264179.0,1469591431758707.0,1496541221737543.8,1523921410065514.8,1551736800219458.5,1579991957875556.2,1608691165247399.8,1637838369547183.5,1667437124868863.5,1697490526709841.8,1728001138255600.0,1758970907448547.8,1790401073746699.0,1822292063348082.8,1854643371511280.8,1887453430438980.5,1920719461007732.5,1954437306420464.0,1988601245625636.0,2023203784084835.5,2058235419174995.5,2093684377177807.2,2129536318431900.5,2165774006797172.0,2202376939098064.8,2239320929666000.8,2276577644481209.0,2314114078710547.0,2351891970638488.0,2389867144079515.5,2427988770325869.0,2466198539506804.0,2504429729893549.0,2542606162154177.0,2580641023817806.0,2618435547216986.0,2655877521906334.0,2692839619965009.0,2729177509636867.0,2764727729396243.5,2799305290695639.5,2832700973296083.0,2864678272139352.5,2894969949129287.0,2923274136882505.0,2949249934426556.5,2972512426915090.5,2992627052663816.5,3009103231188791.0,3021387155503859.5,3028853640842573.0,3030796910471016.0,3026420187796553.0,3074418800236242.0,3121549889476014.0,3166891499603636.5,3209749819933771.0,3249284208771444.0,3948748373507961.5,4010094451428260.0,4067071785386777.5,4118424253300888.0,4162631472602643.0,5703943337083100.0,5811304528848978.0,5906934517889672.0,5986867764492847.0,6046167951176451.0,6078693270852830.0,5387691235064960.0,5460964982585365.0,5516218358275224.0,5546313433407210.0,5541612261966564.0,8363433152155790.0,8434393172234285.0,8412608046847486.0,8255107131574477.0,7900762910679187.0,8629509802972339.0,8683017605877426.0,8510956237751662.0,7931139819883229.0,6635827505000017.0,1.425521562476096e+16,1.043674116665743e+16,2986263798583165.0,-1.0162051269432106e+16,-3.006646689952547e+16,-4.61262715252889e+16,4248322407383974.0,0.0
748.0,-36715016091865.7,-35877250450675.53,-35022969209272.75,-34151927292755.16,-33263876114816.344,-32358563527965.844,-31435733773082.72,-30495127428292.78,-29536481357167.938,-28559528656240.22,-27563998601814.78,-26549616596087.938,-25516104112553.25,-24463178640691.094,-23390553629938.44,-22297938432926.625,-21185038247983.81,-20051554060891.902,-18897182585895.75,-17721616205953.188,-16524542912221.062,-15305646242771.188,-14064605220527.094,-12801094290419.062,-11514783255745.594,-10205337213740.438,-8872416490332.125,-7515676574097.281,-6134768049396.375,-4729336528684.469,-3299022583997.4062,-1843461677601.6875,-362284091802.7188,1144885142089.8438,2678426315650.8125,4238725116084.188,5826172699829.281,7441165767035.75,9084106636910.188,10755403323939.156,12455469614993.5,14184725147321.72,15943595487429.25,17732512210855.28,19551912982845.44,21402241639927.75,23283948272392.37,25197489307679.6,27143327594677.72,29121932488936.22,31133779938792.47,33179352572415.78,35259139785772.56,37373637831511.03,39523349908765.125,41708786253884.91,43930464232085.41,46188908430020.72,48484650749279.375,50818230500799.97,53190194500207.8,55601097164071.5,58051500607073.09,60541974740094.86,63073097369215.73,65645454295617.2,68259639416391.33,70916254826249.31,73615910920126.1,76359226496672.62,79146828862632.61,81979353938097.36,84857446362629.11,87781759602248.69,90752956057276.77,93771707171023.0,96838693539307.58,99954605020814.64,103120140848256.56,106336009740346.31,109602930014561.34,112921629700686.4,116292846655123.22,119717328675954.52,123195833618742.95,126729129513051.6,130317994679671.77,133963217848537.8,137665598277310.48,141425945870611.47,145245081299891.44,149123836123903.3,153063052909766.3,157063585354596.25,161126298407674.1,165252068393133.5,169441783133136.9,173696342071517.8,178016656397853.72,182403649171946.1,186858255448674.9,191381422403193.8,195974109456432.4,200637288400868.3,205371943526541.2,210179071747250.7,215059682726919.7,220014799006061.7,225045456128315.44,230152702767002.4,235337600851642.75,240601225694396.9,245944666116357.7,251369024573644.3,256875417283233.0,262464974348455.28,268138839884096.53,273898172141010.7,279744143630183.28,285677941246141.6,291700766389628.2,297813835089435.7,304018378123294.25,310315641137695.3,316706884766528.56,323193384748396.94,329776432042463.1,336457332942666.56,343237409190141.6,350117998083650.7,357100452587822.9,364186141438981.94,371376449248315.7,378672776602128.4,386076540158876.9,393589172742680.6,401212123432954.7,408946857649783.0,416794857234619.3,424757620525844.9,432836662428690.9,441033514478963.25,449349724899962.7,457786858651923.6,466346497473246.8,475030239912696.0,483839701351680.8,492776514015629.0,501842326973369.9,511038806123338.8,520367634165272.5,529830510555972.1,539429151447508.8,549165289606143.1,559040674310003.1,569057071223396.4,579216262245417.0,589520045330243.6,599970234276298.0,610568658481130.4,621317162658565.9,632217606514329.1,643271864375962.8,654481824772427.8,665849389958347.9,677376475377295.2,689065009058018.6,700916930936855.2,712934192098925.8,725118753929951.0,737472587169742.8,749997670857504.5,762695991158121.2,775569540057542.9,788620313914179.5,801850311851950.2,815261533979201.0,828855979416171.0,842635644111957.5,856602518430093.9,870758584479792.2,885105813167648.5,899646160942170.5,914381566200778.0,929313945325956.0,944445188314031.6,959777153956453.6,975311664529590.0,991050499944770.6,1006995391305623.0,1023148013814634.0,1039509978965225.6,1056082825949491.2,1072868012204961.0,1089866903016382.0,1107080760080350.0,1124510728931772.0,1142157825121317.8,1160022919022381.5,1178106719134288.5,1196409753735634.8,1214932350727525.5,1233674615490970.5,1252636406565725.5,1271817308939188.2,1291216604713496.5,1310833240896486.0,1330665794037493.0,1350712431401844.5,1370970868348107.0,1391438321539406.2,1412111457584146.2,1432986336661842.2,1454058350646275.0,1475322155190224.0,1496771595183306.5,1518399622936358.2,1540198208381818.5,1562158240509077.0,1584269419175996.2,1606520136352150.2,1628897345754734.8,1651386419733793.0,1673970992148222.0,1696632785846838.0,1719351423228352.5,1742104218198952.5,1764865947674758.2,1787608600587063.5,1810301102139036.8,1832909010831418.0,1855394185519528.8,1877714419482160.0,1899823038172120.8,1921668456975686.0,1943193694931064.8,1964335839941519.5,1985025460563886.5,2005185958955455.2,2024732859018823.5,2043573023193594.0,2061603790704451.2,2078712029387276.8,2094773092480319.2,2109649670990348.5,2123190531431815.2,2135229127902920.0,2145582076625000.8,2154047480258620.8,2160403088560360.8,2164404281314224.8,2165781859036412.5,2164239626816294.0,2159451756960888.0,2151059917044716.8,2138670151787107.5,2121849510225912.8,2100122414385528.8,2072966772654396.8,2039809851199563.2,2000023931024687.2,1952921798146862.8,2345761611623105.0,2355521204632295.0,2360810545271142.5,2360782788954740.0,2354458871402019.5,2941203716034824.5,2942117164696828.0,2934809460675976.5,2917809263645890.5,2889393489441889.0,4232319550543919.0,4217817399771449.0,4181610160763637.5,4119218015960748.0,4025324019093812.0,3893625525222237.0,3757239804284045.0,3708936483716056.0,3629126072062906.5,3508992240136275.5,3337259552374303.5,5424298944392224.0,5162308946553324.0,4766081097393446.0,4192438213349600.0,3385482085196306.5,5441788570813272.0,4962686105703823.0,4131606337324833.0,2775347520230687.0,659246866517890.8,5210694430763532.0,369409364086099.1,-6920543186783547.0,-1.6529264782789272e+16,-2.4567282722234444e+16,-1.1622246236819876e+16,8.589139867914862e+16,0.0
747.5,-2264814034459.25,-1156293608737.0312,-30451656053.5625,1112936084452.9688,2274096658494.25,3453259928921.516,4650658608301.703,5866528291778.094,7101107490218.406,8354637663640.828,9627363254929.203,10919531723824.094,12231393581194.951,13563202423593.156,14915214968075.797,16287691087308.234,17680893844936.297,19095089531229.56,20530547698988.61,21987541199719.875,23466346220069.984,24967242318516.56,26490512462315.61,28036443064698.203,29605324022312.78,31197448752911.11,32813114233270.96,34452621037351.83,36116273374676.94,37804379128940.17,39517249896825.86,41255201027042.39,43018551659556.44,44807624765026.42,46622747184424.53,48464249668843.33,50332466919474.266,52227737627753.766,54150404515667.89,56100814376203.984,58079318113940.91,60086270785771.984,62122031641740.41,64186964165988.44,66281436117798.24,68405819572719.17,70560490963767.27,72745831122681.62,74962225321226.88,77210063312527.72,79489739372417.61,81801652340790.3,84146205662935.11,86523807430841.3,88934870424451.61,91379812152849.52,93859054895361.3,96373025742549.62,98922156637085.06,101506884414465.98,104127650843572.08,106784902667025.08,109479091641332.23,112210674576791.08,114980113377126.6,117787875078834.52,120634431890205.8,123520261229999.6,126445845765737.14,129411673451585.95,132418237565798.44,135466036747677.34,138555575034025.69,141687361895052.2,144861912269689.0,148079746600287.94,151341390866645.38,154647376619326.88,157998241012234.38,161394526834378.62,164836782540806.88,168325562282633.03,171861425936126.16,175444939130796.25,179076673276424.94,182757205588981.38,186487119115366.28,190267002756915.7,194097451291602.03,197979065394860.56,201912451658976.62,205898222610945.6,209936996728741.7,214029398455903.28,218176058214352.47,222377612415360.5,226634703468562.88,230947979788925.4,235318095801561.2,239745711944284.25,244231494667792.7,248776116433356.88,253380255707888.9,258044596956258.9,262769830630724.88,267556653157320.84,272405766919054.4,277317880235748.25,282293707340354.3,287333968351557.25,292439389242471.9,297610701805239.44,302848643611295.75,308153957967087.6,313527393864992.4,318969705929191.25,324481654356204.1,330064004849814.4,335717528550059.2,341443001955965.6,347241206841670.7,353112930165561.06,359058963972024.3,365080105285389.6,371177155995597.5,377350922735117.6,383602216746588.06,389931853740619.6,396340653743168.0,402829440931836.5,409399043460419.0,416050293270952.9,422784025892487.25,429601080225726.1,436502298312633.25,443488525090020.0,450560608126069.8,457719397338672.7,464965744694346.4,472300503886445.1,479724529991248.9,487238679100417.25,494843807928179.6,502540773391496.3,510330432161315.6,518213640182865.1,526191252162794.1,534264121020783.6,542433097303072.1,550699028555133.5,559062758650528.06,567525127072714.5,576086968146344.8,584749110214311.6,593512374756486.2,602377575445787.2,611345517136868.2,620416994782316.8,629592792270867.2,638873681181688.6,648260419448307.5,657753749925236.0,667354398849799.9,677063074191057.1,686880463877056.5,696807233890948.6,706844026225734.9,716991456686576.8,727250112528714.4,737620549918062.6,748103291200516.8,758698821964852.9,769407587882894.0,780229991309286.5,791166387621793.5,802217081281470.0,813382321590402.2,824662298122890.9,836057135803989.0,847566889607199.5,859191538840834.5,870930980990078.5,882785025079097.4,894753384514675.2,906835669369689.2,919031378061393.8,931339888375784.0,943760447785390.0,956292163003554.0,968933988713628.4,981684715406534.4,994542956254707.6,1007507132944634.8,1020575460383835.8,1033745930191355.2,1047016292873404.0,1060384038577839.0,1073846376312514.4,1087400211503225.0,1101042121756851.6,1114768330684426.8,1128574679627043.5,1142456597114758.5,1156409065874896.2,1170426587191219.0,1184503142399352.5,1198632151286428.8,1212806427144106.8,1227018128203789.5,1241258705160902.8,1255518844471365.0,1269788407077758.8,1284056362195057.8,1298310715755900.0,1312538433083215.2,1326725355323282.0,1340856109134921.2,1354914009090223.5,1368880952198979.5,1382737303922399.2,1396461774991859.2,1410031288294964.5,1423420835034049.2,1436603319301391.5,1449549390150539.2,1462227260174552.5,1474602509529438.0,1486637874264942.0,1498293017745437.2,1509524283861310.5,1520284430646897.5,1530522342835514.8,1540182721797037.5,1549205751220590.8,1557526736826910.0,1565075718325055.0,1571777051770831.0,1577548960445136.5,1582303052356730.5,1585943802494928.5,1588367998025195.5,1589464144749658.5,1589111833364107.5,1587181064357087.0,1583531530845632.0,1578011859264099.8,1570458808665551.0,1560696430519655.2,1548535192373089.0,1533771070673336.2,1516184620564658.2,1495540033696328.8,1471584199227353.8,1444045788506666.5,1412634390651890.5,1377039734818928.0,1336931045821122.2,1291956593514099.0,1241743513757221.0,1185898000733105.0,1124005998131096.6,1055634551658982.8,1662110222145871.2,1641887899548256.5,1615877567107862.2,1583311114950289.8,1543335630113114.2,1990633420124718.5,1945577716149188.8,1890365512773024.8,1823591667215539.5,1743659481973751.2,2755302250835309.0,2647131693664126.5,2513225770470580.5,2349703188493136.5,2152176261898767.5,1915717271042124.0,2268858235881561.0,2121367224500976.8,1934449904166692.8,1699566062151248.0,1406437228106935.5,2711127928580392.0,2218305512153667.2,1584582355555984.8,778238954424677.5,-236727235780662.4,2396113884766455.0,1528175291860890.2,308725145363503.0,-1358426902209177.0,-3557096433291960.5,-1342432130006397.5,-5798446990536749.0,-1.1135573049628102e+16,-1.5706630807986584e+16,-1.3680099182605928e+16,1.2890061978468304e+16,1.0103426899345418e+17,0.0
747.0,31004072441860.875,32304310320646.188,33621567549415.75,34956035757686.266,36307908564073.08,37677381592552.75,39064652488713.0,40469920935985.11,41893388671854.19,43335259504037.41,44795739326628.8,46275036136198.0,47773360047840.33,49290923311170.94,50827940326251.89,52384627659447.31,53961204059199.09,55557890471711.75,57174910056540.5,58812488202072.61,60470852540892.11,62150232965019.03,63850861641013.92,65572973024935.11,67316803877138.84,69082593276914.125,70870582636935.28,72681015717525.4,74514138640716.4,76370199904091.0,78249450394398.64,80152143400926.78,82078534628614.88,84028882210898.47,86003446722266.94,88002491190518.0,90026281108695.31,92075084446692.28,94149171662502.4,96248815713101.2,98374292064939.88,100525878704033.38,102703856145621.16,104908507443379.48,107140118198168.86,109398976566291.05,111685373267232.2,113999601590873.56,116341957404141.94,118712739157074.23,121112247888274.69,123540787229735.56,125998663410990.08,128486185262579.48,131003664218789.95,133551414319645.66,136129752212108.69,138738997150468.95,141379470995880.56,144051498215012.0,146755405877772.88,149491523654083.4,152260183809641.5,155061721200652.03,157896473267472.62,160764780027136.56,163666984064700.8,166603430523379.6,169574467093411.06,172580443999604.47,175621713987520.28,178698632308225.0,181811556701563.6,184960847377892.4,188146866998210.25,191369980652625.7,194630555837087.6,197928962428318.1,201265572656869.84,204640761078234.53,208054904541925.2,211508382158445.8,215001575264070.84,218534867383337.6,222108644189161.6,225723293460480.62,229379205037319.4,233076770773175.2,236816384484606.56,240598441897915.47,244423340592796.7,248291479942824.4,252203261052650.2,256159086691761.03,260159361224662.8,264204490537317.7,268294881959691.25,272430944184224.4,276613087180056.1,280841722102806.8,285117261199726.3,289440117709990.2,293810705759930.75,298229440252964.94,302696736753977.6,307213011367897.0,311778680612194.6,316394161283013.4,321059870314627.8,325776224631907.0,330543640995442.7,335362535838981.06,340233325098779.1,345156424034474.44,350132247041049.8,355161207451431.3,360243717329245.75,365380187251218.06,370571026078677.75,375816640717595.6,381117435866538.7,386473813751899.25,391886173849710.8,397354912593315.0,402880423066108.5,408463094678534.56,414103312828454.3,419801458543943.75,425557908107533.9,431373032660831.75,437247197788387.6,443180763079610.5,449174081667447.25,455227499742465.06,461341356040874.8,467515981304945.25,473751697714157.0,480048818285326.9,486407646239818.8,492828474335834.4,499311584163637.9,505857245401430.8,512465715029423.6,519137236499506.0,525872038857725.7,532670335816603.7,539532324774109.25,546458185775896.6,553448080417189.5,560502150680429.0,567620517704553.0,574803280481488.9,582050514475122.2,589362270157706.5,596738571458305.8,604179414117501.5,611684763942205.2,619254554953972.1,626888687423777.0,634587025785711.8,642349396421558.0,650175585307607.9,658065335514540.6,666018344550497.0,674034261536836.2,682112684205309.1,690253155704621.5,698455161203519.0,706718124276637.0,715041403058398.4,723424286149251.8,731865988257416.2,740365645558167.2,748922310751450.0,757534947797268.0,766202426306894.8,774923515566424.2,783696878167587.4,792521063218990.6,801394499109146.2,810315485790641.2,819282186552735.8,828292619247408.8,837344646931503.6,846435967885052.9,855564104963163.1,864726394235924.8,873919972867733.4,883141766184106.5,892388473870581.0,901656555244542.0,910942213536843.4,920241379115877.2,929549691582225.6,938862480657270.4,948174745784037.8,957481134353180.2,966775918461266.0,976052970102496.2,985305734688525.6,994527202784297.0,1003709879940587.6,1012845754496401.2,1021926263216337.2,1030942254619658.8,1039883949848935.8,1048740900916872.0,1057501946160244.4,1066155162719747.0,1074687815854054.2,1083086304885510.6,1091336105563659.2,1099421708621302.8,1107326554286108.0,1115032962498942.0,1122522058578288.8,1129773694058513.0,1136766362418370.8,1143477109405574.5,1149881437653392.0,1155953205276844.2,1161664518129352.8,1166985615396351.0,1171884748201091.0,1176328050900515.0,1180279404756699.0,1183700293683284.5,1186549651788067.5,1188783702464467.5,1190355788828152.2,1191216195353637.8,1191311960642414.5,1190586681353385.0,1188980307452961.8,1186428929102238.2,1182864555699373.5,1178214887845685.2,1172403083314462.5,1165347518485172.2,1156961547178075.0,1147153259404131.5,1135825243255233.8,1122874354027769.6,1108191495731550.2,1091661421426460.4,1073162560399514.0,1052566882103998.0,1029739809101493.0,1004540194062586.6,976820379297389.8,946426361428472.8,913198088838838.4,876969925610392.1,837571323036463.6,794827748714313.0,748561934023977.9,698595513869155.4,644751148363002.8,586855235249952.0,524741344936708.7,458254537863062.06,387256757526433.5,1056084557764995.8,1015815399975920.2,969801558397589.2,917512626455945.6,858392356000501.4,1151075492016908.2,1075328974754312.4,989209923593870.4,891598500648499.9,781273182040007.9,1412155030410391.5,1245633085898766.2,1054737916507825.6,836907382246261.6,589463819663678.4,309680110374713.5,962143603307499.4,745049962042197.4,487772309935599.9,183956704667318.6,-173345422566423.6,419916065169240.3,-186778760440828.25,-911710941368352.8,-1769532214555333.0,-2771536492740468.0,-208126687418296.44,-1232748724976452.2,-2512086423236967.0,-4055502503398035.0,-5817714031869750.0,-5301111683719714.0,-8541956570248634.0,-1.1333276151229656e+16,-1.1526264035152054e+16,-4028057575990342.5,2.159738715689315e+16,6.465742909038672e+16,0.0
746.5,61192648861369.89,62604211459335.25,64031586922977.99,65474927479713.91,66934386571911.05,68410118859819.43,69902280224280.39,71411027769202.6,72936519823798.88,74478915944570.97,76038376917037.88,77615064757191.19,79209142712671.77,80820775263657.25,82450128123445.11,84097368238726.25,85762663789532.12,87446184188847.75,89148100081872.94,90868583344926.1,92607807083972.6,94365945632764.28,96143174550579.72,97939670619547.44,99755611841539.12,101591177434617.34,103446547829022.2,105321904662680.94,107217430776223.14,109133310207485.16,111069728185486.94,113026871123860.06,115004926613712.38,117004083415905.06,119024531452727.69,121066461798945.56,123130066672199.88,125215539422741.69,127323074522471.77,129452867553265.23,131605115194559.08,133780015210175.06,135977766434351.02,138198568756957.42,140442623107868.16,142710131440459.9,145001296714209.94,147316322876358.62,149655414842611.16,152018778476839.75,154406620569758.3,156819148816529.38,159256571793270.12,161719098932421.94,164206940496937.62,166720307553256.25,169259411943014.2,171824466253455.34,174415683786495.44,177033278526389.7,179677465105960.34,182348458771332.25,185046475345123.6,187771731188039.47,190524443158812.2,193304828572429.0,196113105156585.84,198949491006308.97,201814204536672.5,204707464433548.53,207629489602316.28,210580499114458.9,213560712151966.62,216570347949472.0,219609625734028.28,222678764662448.7,225777983756107.4,228907501833120.84,232067537437794.53,235258308767245.6,238480033595082.56,241732929192037.25,245017212243425.03,248333098763313.25,251680804005267.0,255060542369536.9,258472527306549.03,261916971216546.9,265394085345229.12,268904079675222.9,272447162813221.9,276023541872604.4,279633422351351.7,283277008005064.4,286954500714869.6,290666100350002.75,294412004624837.25,298192408950116.7,302007506278143.1,305857486941651.25,309742538486091.25,313662845495027.5,317618589408341.6,321609948332913.25,325637096845441.75,329700205787039.6,333799442049222.1,337934968350889.9,342106943005880.3,346315519680648.5,350560847141594.2,354843068991551.5,359162323394912.06,363518742790823.4,367912453593888.6,372343575881744.0,376812223068866.3,381318501565917.6,385862510423907.0,390444340962397.94,395064076380945.7,399721791352911.9,404417551600746.1,409151413451775.1,413923423373481.3,418733617487199.0,423582021059096.4,428468647967228.6,433393500143401.6,438356566988492.1,443357824759802.9,448397235928937.9,453474748508603.6,458590295346645.4,463743793385521.25,468935142885319.25,474164226608307.1,479430908962887.6,484735035104700.0,490076429992479.1,495454897396146.4,500870218854444.8,506322152579280.0,511810432303758.6,517334766070731.4,522894834958465.6,528490291739862.6,534120759471431.1,539785830007991.75,545485062438856.1,551217981440968.1,556984075544220.6,562782795303887.2,568613551374795.8,574475712481557.9,580368603278829.4,586291502095220.0,592243638554083.9,598224191064036.9,604232284171609.9,610266985768004.2,616327304141438.6,622412184866088.1,628520507518058.8,634651082208319.5,640802645921886.6,646973858651954.0,653163299317000.0,659369461448195.9,665590748633722.2,671825469705820.5,678071833655584.4,684327944259652.4,690591794402048.5,696861260073469.0,703134094029314.2,709407919086714.8,715680221039692.1,721948341170436.1,728209468333476.4,734460630588226.0,740698686354077.8,746920315060799.6,753122007265554.2,759300054206325.0,765450536759959.5,771569313771386.5,777652009718861.4,783694001678316.8,789690405548070.9,795636061493241.9,801525518567291.4,807353018466115.8,813112478368072.4,818797472811262.8,824401214557290.0,829916534388622.4,835335859784581.0,840651192418886.2,845854084419690.8,850935613331046.5,855886355712911.6,860696359315091.1,865355113759000.6,869851519659873.0,874173856121058.8,878309746531535.1,882246122597636.1,885969186540533.1,889464371392225.4,892716299324875.2,895708737951501.0,898424554540352.9,900845668091260.0,902952999229818.8,904726417885109.0,906144688728867.0,907185414369297.2,907824976311452.2,908038473718988.4,907799660039889.4,907080877592279.2,905852990246779.2,904085314390162.0,901745548412777.8,898799701030991.0,895212018837632.5,890944913570553.2,885958889704359.2,880212473106549.2,873662141660236.0,866262258945720.4,857965012297518.4,848720356818061.2,838475967241156.9,827177199905736.2,814767067533159.1,801186230010786.9,786373004984139.2,770263402765526.4,752791190897042.6,733887994682190.2,713483441148613.8,691505355254593.5,667880018739365.1,642532503883289.5,615387096636893.5,586367826154518.9,555399120795034.3,522406614205976.06,487318129278750.4,450064872655321.3,410582878202301.44,368814744585507.4,324711719936985.9,278236195789092.28,229364683162885.6,178091356172083.75,124432262995729.72,68430320863337.72,10161231087009.14,-50259527517093.41,551503553805293.44,501722739545443.25,447292075555940.7,387985633350427.4,323604905986136.3,453510233336310.1,361754173967785.1,260820837377982.5,150015282041475.28,28638411786490.02,297181445890158.06,107359606597559.05,-101668984647613.88,-330918701653427.6,-581193851586055.5,-852967161772498.2,-118800690344364.3,-370156438327780.06,-655562021634656.1,-978046728659114.0,-1340109347766250.2,-1329690119318922.5,-1941367259618551.2,-2630998820661886.0,-3396754558639794.0,-4228876688596247.0,-2141830690961900.5,-3108427239163408.0,-4197835744914257.5,-5357889423919831.0,-6471819132508146.0,-7069131972825098.0,-8860660604442877.0,-9438064248187892.0,-7005470957317494.0,1303790764135664.8,1.702794505106501e+16,9365363660724536.0,0.0
746.0,86971626727987.31,88419076481220.31,89880468030277.19,91355911922165.12,92845519228103.44,94349401536244.44,95867670944034.23,97400440050203.31,98947821946378.0,100509930208296.48,102086878886624.38,103678782497352.78,105285756011767.95,106907914845983.77,108545374850017.22,110198252296399.84,111866663868308.42,113550726647201.12,115250558099945.4,116966276065422.28,118697998740591.02,120445844665999.77,122209932710725.56,123990382056725.34,125787312182581.77,127600842846628.05,129431094069429.48,131278186115605.08,133142239474969.98,135023374842978.1,136921713100442.06,138837375292514.88,140770482606902.6,142721156351294.12,144689517929976.0,146675688819617.8,148679790544190.06,150701944649003.2,152742272673828.72,154800896125080.3,156877936447026.8,158973514992005.78,161087752989605.94,163220771514788.2,165372691454914.22,167543633475644.06,169733717985671.47,171943065100258.9,174171794603535.06,176420025909512.75,178687878021794.78,180975469491913.7,183282918376273.7,185610342191641.6,187957857869141.6,190325581706709.25,192713629319948.62,195122115591342.2,197551154617761.47,200000859656217.7,202471343067796.4,204962716259713.7,207475089625431.12,210008572482763.25,212563273009906.4,215139298179324.3,217736753689404.4,220355743893818.8,222996371728502.56,225658738636166.97,228342944488257.8,231049087504273.03,233777264168336.16,236527569142933.6,239300095179706.9,242094933027195.2,244912171335411.6,247751896557138.2,250614192845816.25,253499141949899.3,256406823103542.25,259337312913476.1,262290685241929.3,265267011085440.88,268266358449399.7,271288792218147.6,274334374020468.0,277403162090277.5,280495211122323.88,283610572122695.6,286749292253925.3,289911414674468.75,293096978372330.6,296306017992585.6,299538563658552.25,302794640786342.06,306074269892510.8,309377466394516.6,312704240403676.9,316054596510301.25,319428533560665.6,322826044425465.2,326247115759382.0,329691727751366.7,333159853865233.75,336651460570130.3,340166507060428.7,343704944964570.8,347266718042357.5,350851761870164.9,354460003513531.1,358091361186539.75,361745743897385.5,365423051079485.25,369123172207462.3,372845986397297.5,376591361989902.7,380359156117335.9,384149214250838.3,387961369729831.2,391795443270960.1,395651242456237.9,399528561199277.7,403427179188566.56,407346861306663.4,411287357024157.2,415248399767162.9,419229706257050.9,423230975821068.94,427251889672414.3,431292110158263.7,435351279974178.1,439429021343218.8,443524935158035.9,447638600084083.0,451769571622032.5,455917381127355.9,460081534784939.75,464261512536483.4,468456766958322.3,472666722087192.5,476890772191331.9,481128280484166.8,485378577777708.56,489640961072628.1,493914692081828.0,498198995684161.5,502493058304792.94,506796026218506.0,511107003772086.9,515425051521707.5,519749184281047.5,524078369075664.8,528411522998912.5,532747510964466.0,537085143350285.5,541423173528582.8,545760295276105.75,550095140058768.94,554426274184391.75,558752195816992.25,563071331845786.0,567382034601724.9,571682578414063.8,575971155999120.2,580245874673022.1,584504752379877.2,588745713526424.2,592966584613827.4,597165089656883.6,601338845380496.5,605485356182853.4,609602008854304.0,613686067040521.1,617734665438053.9,621744803709955.8,625713340108710.5,629636984793219.5,633512292826178.0,637335656837700.5,641103299340635.8,644811264682575.8,648455410619152.1,652031399492834.4,655534689001083.1,658960522537392.0,662303919088471.6,665559662670626.2,668722291288193.2,671786085396870.1,674745055854757.0,677592931344077.2,680323145246813.0,682928821957896.2,685402762620203.8,687737430266399.0,689924934353731.0,691957014679201.1,693825024664185.8,695519913999614.2,697032210645277.0,698352002179765.8,699468916501110.2,700372101882329.2,701050206391079.2,701491356688359.0,701683136228070.5,701612562887128.2,701266066065088.5,700629463303013.2,699687936483735.6,698426007690120.1,696827514814623.6,694875587032703.0,692552620274868.1,689840252857787.5,686719341464379.1,683169937696777.1,679171265465139.2,674701699520201.0,669738745489096.1,664259021833326.1,658238244215896.2,651651212842937.9,644471803434987.1,636672962586342.8,628226708389359.9,619104137336595.0,609275438669822.8,598709917524171.0,587376028421368.2,575241420902167.9,562272999359091.4,548436999441659.7,533699083763277.2,518024460048633.94,501378025330576.4,483724540344770.0,465028838889151.6,445256077624743.6,424372032607878.4,402343449776162.5,379138457678566.4,354727051962629.9,329081662530703.5,302177815876146.0,273994906936401.4,244517096882531.4,213734355636667.47,181643670605520.7,148250446177562.5,113570121994206.31,77630041912849.4,40471609973743.49,2152774603518.3047,-37249112228786.78,-77634008114311.81,-118875406099379.36,-160816006630060.72,-203262760960725.6,-245981203104689.2,-288688978699740.75,160176806998081.2,110255744458709.28,57386142323502.4,1633128287363.6406,-56873863859854.68,-88981504166345.34,-183694329491186.44,-285385475592354.8,-394279837911952.3,-510524138665618.3,-543678805095770.06,-727618349896823.0,-923787510918000.0,-1131853015544456.0,-1351086013734161.2,-1580235702462567.0,-939527862481603.2,-1189823515252410.8,-1463372183046680.0,-1759844836353561.2,-2077648320273519.2,-2500004472061030.0,-3033167764711453.0,-3599416160604377.0,-4185200304186967.0,-4767984393917116.0,-3336546558817922.5,-4104598585990527.0,-4875537368258243.0,-5568652147235381.0,-6049461881556761.0,-7295242115834419.0,-7843364794428787.0,-7015073333105015.0,-3826403877038068.0,2106413649292223.2,5479074968683412.0,-3.625736754389305e+16,0.0
745.5,107548442770463.38,108965737222676.56,110394679633327.5,111835340129913.88,113287788789736.44,114752095625363.84,116228330569652.7,117716563460314.36,119216864024017.44,120729301860009.95,122253946423252.42,123790867007045.94,125340132725143.2,126901812493328.92,128475975010453.72,130062688738908.98,131662021884525.7,133274042375883.16,134898817843010.52,136536415595464.78,138186902599768.77,139850345456190.8,141526810374849.34,143216363151121.53,144919069140338.84,146634993231747.34,148364199821716.62,150106752786169.3,151862715452216.72,153632150568972.44,155415120277523.2,157211686080033.06,159021908807955.4,160845848589325.4,162683564815110.56,164535116104588.8,166400560269723.97,168279954278515.38,170173354217285.28,172080815251874.34,174002391587715.3,175938136428747.44,177888101935139.12,179852339179781.22,181830898103515.6,183823827469058.1,185831174813576.6,187852986399883.2,189889307166195.88,191940180674426.25,194005649056946.25,196085752961786.5,198180531496213.7,200290022168640.8,202414260828807.7,204553281606186.1,206707116846541.6,208875797046600.16,211059350786750.84,213257804661723.25,215471183209168.9,217699508836079.6,219942801742966.25,222201079845725.8,224474358695112.56,226762651393737.5,229065968510501.2,231384317992382.9,233717705073481.3,236066132181218.88,238429598839603.7,240808101569448.5,243201633785432.5,245610185689898.25,248033744163259.0,250472292650900.5,252925811046436.97,255394275571202.1,257877658649821.2,260375928781726.62,262889050408463.6,265416983776622.88,267959684796241.2,270517104894491.84,273089190864488.03,275675884709006.9,278277123478944.1,280892839106288.1,283522958231402.0,286167402024391.6,288826086000323.3,291498919828049.4,294185807132387.6,296886645289385.75,299601325214399.1,302329731142683.9,305071740402209.9,307827223178372.25,310596042270273.44,313378052838228.2,316173102142132.0,318981029270314.6,321801664858486.1,324634830798359.25,327480339935525.5,330337995756123.2,333207592061839.0,336088912632743.9,338981730877450.25,341885809470058.94,344800899973325.1,347726742447466.9,350663065043995.6,353609583583930.3,356566001119727.0,359532007480222.7,362507278797861.9,365491477017439.8,368484249385570.4,371485227920036.4,374494028858154.8,377510252083246.3,380533480528256.4,383563279555536.0,386599196311742.1,389640759056774.4,392687476465621.4,395738836901928.4,398794307662055.6,401853334188340.8,404915339250227.1,407979722091843.1,411045857544583.6,414113095103164.25,417180757963556.8,420248142021148.2,423314514827396.8,426379114503186.8,429441148606999.1,432499792955954.4,435554190397681.75,438603449530911.6,441646643372576.8,444682807969137.25,447710940949747.4,450730000018788.8,453738901385193.9,456736518125900.0,459721678480654.5,462693164075299.6,465649708070561.1,468589993233249.4,471512649926683.6,474416254017026.1,477299324692116.1,480160322189268.5,482997645428394.9,485809629546690.3,488594543331018.0,491350586544007.2,494075887139775.4,496768498365074.5,499426395741563.25,502047473924790.06,504629543435407.9,507170327258020.0,509667457303001.25,512118470726564.6,514520806104272.4,516871799453169.5,519168680097668.4,521408566374322.4,523588461170620.6,525705247292996.6,527755682659283.1,529736395310972.06,531643878240754.3,533474484031002.6,535224419299089.2,536889738945712.0,538466340202738.8,539949956477516.9,541336150991059.1,542620310208133.7,543797637057945.3,544863143944914.5,545811645549970.3,546637751423866.9,547335858375242.4,547900142657580.8,548324551960838.6,548602797215359.1,548728344217804.94,548694405091235.8,548493929594185.3,548119596296675.4,547563803644609.2,546818660937943.1,545875979252497.25,544727262340336.5,543363697549339.7,541776146809006.9,539955137736804.9,537890854927510.8,535573131497216.25,532991440963993.5,530134889558897.1,526992209074059.4,523551750369411.25,519801477676141.94,515728963853671.6,511321386777904.2,506565527062130.56,501447767338498.8,495954093357807.5,490070097198961.75,483780982917168.4,477071575002401.5,469926330067411.7,462329352238242.56,454264412780602.8,445714974563345.6,436664222036696.0,427095097488766.5,416990344440480.25,406332559147695.6,395104251301435.4,383287915154511.0,370866112457187.3,357821568758059.94,344137284821306.6,329796665130413.8,314783665694412.75,299082963648525.75,282680151450634.9,265561958821774.3,247716505967268.9,229133592049611.38,209805023369684.8,189724986254699.0,168890470254753.94,147301747921035.34,124962918183285.77,101882521168004.52,78074233207723.62,53557651790477.2,28359181291444.387,2513031518144.6875,-23937657613205.65,-50939550572599.67,-78427693718668.64,-106323918106306.72,-134535048308116.77,-162950896351813.0,-191442018298851.12,-219857209508019.38,-248020713330572.56,-275729116989995.4,-302747907866408.2,-328807663537098.6,-353599849983692.56,-376772204698367.6,-118721322982994.1,-161743795755324.25,-205851115380345.28,-250755902825943.88,-296090373304965.9,-477761965660019.9,-564891980842262.6,-656284350961375.0,-751743936559883.8,-850947829200966.8,-1107747393888577.6,-1265553208881712.5,-1428614779456539.8,-1595709631895192.0,-1765186255810325.5,-1934870511101464.8,-1489779286538708.8,-1710216373453577.2,-1941627759661844.5,-2181206546014867.5,-2424678716765035.0,-3128121986858986.5,-3533280675086050.0,-3932697120936503.0,-4307450839805652.0,-4631280602843877.0,-3866833524988471.0,-4378980552106076.0,-4810352987636752.0,-5080104652581962.0,-5075622601826386.0,-6648005029266301.0,-6382116142398086.0,-5024353873817578.0,-2465627337081878.0,-217748958648132.8,-6775553332831747.0,-5.82955182844896e+16,0.0
745.0,122599244587331.88,123932337223350.8,125274580300273.94,126626007231871.12,127986650932832.69,129356543799436.22,130735717689722.8,132124203903171.7,133522033159861.48,134929235579101.56,136345840657524.14,137771877246621.02,139207373529707.95,140652356998308.52,142106854427935.44,143570891853257.25,145044494542633.4,146527686972001.12,148020492798095.44,149522934830987.3,151035035005918.38,152556814354416.16,154088292974667.8,155629490001134.9,157180423573384.62,158741110804120.06,160311567746385.12,161891809359920.5,163481849476649.25,165081700765265.28,166691374694901.38,168310881497848.66,169940230131302.72,171579428238105.75,173228482106459.25,174887396628574.25,176556175258228.97,178234819967204.3,179923331200560.88,181621707830724.4,183329947110344.9,185048044623894.1,186775994237957.38,188513788050189.38,190261416336885.2,192018867499129.84,193786128007478.7,195563182345127.25,197350012949519.84,199146600152350.62,200952922117906.5,202768954779698.7,204594671775329.25,206430044379537.28,208275041435363.2,210129629283376.62,211993771688898.16,213867429767154.8,215750561906300.44,217643123688230.0,219545067807115.6,221456343985588.8,223376898888491.0,225306676034109.7,227245615702817.6,229193654843025.28,231150726974355.44,233116762087947.7,235091686543792.2,237075422964990.6,239067890128838.1,241069002854619.25,243078671887996.25,245096803781878.2,247123300773643.03,249158060658583.8,251200976659446.47,253251937291921.44,255310826225942.0,257377522142639.6,259451898586803.44,261533823814677.5,263623160636928.1,265719766256610.2,267823492101941.2,269934183653704.44,272051680267073.7,274175814987664.25,276306414361587.88,278443298239298.1,280586279572991.9,282735164207325.9,284889750663205.94,287049829914381.06,289215185156583.1,291385591568923.5,293560816067262.4,295740617049244.75,297924744130693.0,300112937873024.3,302304929501358.06,304500440612958.25,306699182875647.25,308900857715806.0,311105155995568.94,313311757678802.75,315520331485439.2,317730534533722.2,319942011969907.06,322154396584935.6,324367308417588.6,326580354343606.3,328793127650235.4,331005207595652.6,333216158952691.5,335425531536271.75,337632859713914.5,339837661898704.2,342039440024030.9,344237678999423.4,346431846146763.94,348621390616142.0,350805742780583.9,352984313608868.94,355156494015613.2,357321654187767.6,359479142886671.06,361628286724734.3,363768389415839.8,365898730998480.1,368018567030647.6,370127127755447.8,372223617236377.0,374307212461182.5,376377062413174.3,378432287108846.5,380471976600615.9,382495189943466.4,384500954124245.44,386488262952340.0,388456075910414.0,390403316963872.9,392328873327684.8,394231594189154.8,396110289385237.0,397963728032929.6,399790637111284.4,401589699993535.9,403359554927845.3,405098793465129.6,406805958832446.5,408479544250392.25,410117991192969.3,411719687588390.0,413282965959279.9,414806101500781.9,416287310095067.2,417724746260802.3,419116501036173.2,420460599794104.9,421754999988402.3,422997588829602.4,424186180889442.0,425318515632944.0,426392254877271.9,427404980176649.6,428354190132828.3,429237297630781.7,430051626999547.75,430794411098410.0,431462788328897.4,432053799573438.9,432564385061890.0,432991381167579.0,433331517135013.6,433581411741936.8,433737569899026.9,433796379191224.8,433754106365440.2,433606893770232.25,433350755754013.4,432981575029390.2,432495099012406.9,431886936146794.9,431152552224752.9,430287266717410.1,429286249129902.06,428144515397970.9,426856924345191.2,425418174222369.44,423822799353324.6,422065166914281.7,420139473877366.56,418039744152386.6,415759825965073.1,413293389514486.0,410633924957193.75,407774740771317.3,404708962559608.5,401429532357380.3,397929208518580.25,394200566261410.6,390235998964032.8,386027720310860.3,381567767401055.75,376848004943094.3,371860130672814.3,366595682147363.1,361046045084043.0,355202463431392.94,349056051380127.94,342597807543997.2,335818631565437.7,328709343428329.75,321260705790509.0,313463449682246.7,305308303953980.94,296786028897595.44,287887454510833.06,278603523924500.4,268925342567392.8,258844233704910.0,248351801054699.1,237439999256967.7,226101213059004.4,214328346163703.12,202114920791180.8,189455189111819.2,176344257829027.38,162778227321624.53,148754346899959.97,134271187887503.66,119328836411766.16,103929107975740.72,88075786084538.44,71774887422106.56,55034956310420.75,37867391438511.2,20286808120930.367,2311439634178.8125,-16036418516382.484,-34729917229597.96,-53737110845733.56,-73020357761439.45,-92535659468271.58,-112231932545224.5,-132050207845628.02,-151922750870814.53,-171772097139066.88,-191509996266930.84,-211036258516984.56,-230237497777787.2,-248985765385682.75,-267137069947413.38,-284529779468029.25,-300982903743802.56,-316294257285543.0,-330238506168235.6,-342565106374102.44,-352996146674515.0,-361224116211828.8,-366909626104518.06,-296877179844859.2,-328812226308443.3,-360168968667057.25,-390534598905104.9,-419419590254253.8,-726115919734735.8,-798335023643705.0,-872086697709939.2,-946879531782947.6,-1022084145619461.6,-1425027209161526.8,-1545969478807661.0,-1666455379231634.5,-1784894069764020.0,-1899347326718663.5,-2007484843167752.5,-1789067698815168.8,-1961580678736020.8,-2134185658683127.2,-2302896228501645.0,-2462499920093965.0,-3307300176766914.0,-3568781463694134.0,-3798047966491804.0,-3976605362175017.5,-4081661318705697.0,-3892089407821479.0,-4158603178043601.5,-4303901383944730.5,-4266306549893375.0,-3976821129086523.0,-5671853256653679.0,-5053034698482238.0,-3847897741595968.0,-2615411091343573.0,-3812909555741765.5,-1.560649620910781e+16,-5.763948974679716e+16,0.0
744.5,132181141857894.8,133388976778837.12,134603442331211.4,135824540333514.52,137052271774842.92,138286636792644.7,139527634649959.66,140775263712130.12,142029521422973.38,143290404280398.5,144557907811455.78,145832026546802.97,147112753994573.2,148400082613631.06,149694003786196.97,150994507789828.56,152301583768736.78,153615219704423.44,154935402385620.3,156262117377510.44,157595348990214.7,158935080246520.9,160281292848839.2,161633967145357.25,162993082095378.22,164358615233816.62,165730542634829.88,167108838874560.38,168493476992965.0,169884428454705.28,171281663109073.06,172685149148922.9,174094853068584.25,175510739620724.5,176932771772131.47,178360910658386.84,179795115537394.47,181235343741735.9,182681550629814.0,184133689535751.03,185591711718005.88,187055566306671.25,188525200249410.9,190000558255998.75,191481582741416.1,192968213767465.0,194460388982851.5,195958043561694.8,197461110140412.1,198969518752929.7,200483196764173.03,202002068801776.3,203526056685962.0,205055079357531.47,206589052803907.25,208127889983168.4,209671500746013.7,211219791755588.8,212772666405111.2,214330024733218.8,215891763336976.4,217457775282459.6,219027950012842.8,220602173253907.38,222180326916893.03,223762288998599.6,225347933478654.9,226937130213857.6,228529744829495.5,230125638607546.0,231724668371652.0,233326686368772.28,234931540147393.7,236539072432194.0,238149120995038.3,239761518522188.1,241376092477596.0,242992664962159.7,244611052568798.84,246231066233216.5,247852511080202.16,249475186265327.7,251098884811881.6,252723393442885.7,254348492408026.25,255973955305331.7,257599548897421.3,259225032922143.38,260850159897413.2,262474674920059.44,264098315458478.25,265720811138883.12,267341883524945.3,268961245890594.1,270578602985756.9,272193650794795.5,273806076287404.0,275415557161707.3,277021761579310.56,278624347892025.12,280222964359998.97,281817248860965.3,283406828590318.4,284991319751714.06,286570327237880.0,288143444301324.8,289710252214604.5,291270319919817.8,292823203666975.6,294368446640885.1,295905578576188.06,297434115360163.3,298953558622916.6,300463395314550.1,301963097268908.94,303452120753485.0,304929906005047.6,306395876750563.5,307849439712961.1,309289984101274.5,310716881084707.1,312129483250132.1,313527124042549.25,314909117188001.6,316274756098451.06,317623313258100.8,318954039590656.3,320266163806991.5,321558891732701.94,322831405615006.8,324082863408470.44,325312398038998.2,326519116645575.4,327702099799209.44,328860400698538.7,329993044341578.9,331099026673084.0,332177313707003.06,333226840623529.6,334246510840256.75,335235195056958.6,336191730273553.3,337114918780816.2,338003527123442.1,338856285035099.25,339671884345140.94,340448977856696.1,341186178195907.4,341882056632142.44,342535141869063.8,343143918806526.4,343706827273341.06,344222260731046.94,344688564948916.0,345104036650558.56,345466922132591.6,345775415855992.1,346027659010909.0,346221738055874.6,346355683232547.0,346427467057330.3,346435002791440.44,346376142891248.0,346248677441000.56,346050332570342.06,345778768859381.25,345431579734424.3,345006289857918.2,344500353516555.6,343911153012034.5,343235997059447.9,342472119198909.0,341616676226634.0,340666746652411.6,339619329191171.9,338471341297178.94,337219617750331.44,335860909305011.6,334391881413064.5,332809113033663.06,331109095544131.1,329288231767232.6,327342835131988.9,325269128986805.5,323063246085539.8,320721228269184.75,318239026368065.0,315612500351860.6,312837419757429.4,309909464427278.4,306824225594701.1,303577207355032.4,300163828566223.06,296579425226063.1,292819253377820.2,288878492600982.0,284752250149098.3,280435565802537.7,275923417510337.38,271210727902224.0,266292371759468.88,261163184541462.62,255817972073890.3,250251521514214.03,244458613720833.03,238434037163984.75,232172603529150.1,225669165177567.0,218918634643569.6,211916006364913.0,204656380860115.2,197134991586356.4,189347234732644.3,181288702225999.2,172955218253414.0,164342879629534.06,155448100369438.2,146267660857834.53,136798762040542.28,127039085101465.4,116986857128592.52,106640923315990.8,96000826295479.4,85066893241838.78,73840331449022.9,62323333132186.83,50519190271196.72,38432420375837.78,26068904120946.44,13436035870917.717,542888187284.1094,-12599608510512.469,-25978469882810.52,-39578443878923.96,-53381777813038.52,-67367964826797.85,-81513468188493.16,-95791421816618.5,-110171305365446.38,-124618592176785.92,-139094368391519.4,-153554921534251.97,-167951296943916.25,-182228820534035.03,-196326586542782.88,-210176909192544.4,-223704737542710.53,-236827033314209.6,-249452112121508.9,-261478949406318.56,-272796453473960.1,-283282709445382.4,-292804199724050.0,-301215008821178.1,-308356023186207.94,-314054140174993.25,-318121504605264.4,-320354796679470.2,-320534601622223.9,-318424899457697.6,-313772723282198.2,-306308046595705.5,-393598053767451.0,-413076240415024.0,-430757246958484.25,-446202500037071.8,-458915083472280.94,-856556420720342.8,-910087038396750.4,-962837832376839.0,-1014179521518401.0,-1063368588071142.0,-1545509744504987.2,-1627155678062688.0,-1704488350197735.5,-1775979951334569.2,-1839893603383716.0,-1894284315212594.5,-1882302272965176.8,-2000410528336204.8,-2110890838495712.8,-2209795671824802.5,-2292436480000146.5,-3161971874377637.0,-3291014705098311.5,-3375434513230118.0,-3401134601515250.0,-3352922858165160.0,-3597242042107565.0,-3671262052866609.5,-3622213061710312.0,-3416279254199634.0,-3031891015443800.5,-4727954401911922.0,-4124152651880301.0,-3456058496800198.5,-3628603324402020.0,-7128826634429037.0,-1.9498899123093104e+16,-4.355675288527986e+16,0.0
744.0,136637951328619.16,137692199544195.2,138750673951840.44,139813350463628.0,140880203935026.06,141951208141125.75,143026335752348.78,144105558309616.66,145188846198973.84,146276168625646.38,147367493587523.94,148462787848050.44,149562016908506.97,150665144979673.34,151772134952850.16,152882948370226.47,153997545394575.0,155115884778258.06,156237923831525.62,157363618390087.03,158492922781937.25,159625789793418.2,160762170634493.97,161902014903220.22,163045270549384.03,164191883837294.75,165341799307700.16,166494959738806.0,167651306106374.06,168810777542872.4,169973311295654.2,171138842684136.38,172307305055951.0,173478629742041.5,174652746010673.2,175829581020330.78,177009059771466.3,178191105057071.25,179375637412037.28,180562575061268.1,181751833866513.3,182943327271884.0,184136966248012.56,185332659234820.1,186530312082849.2,187729827993123.6,188931107455489.03,190134048185395.25,191338545059071.0,192544490047046.6,193751772145978.0,194960277308718.4,196169888372592.4,197380484985814.62,198591943532001.28,199804137052720.0,201016935168018.0,202230203994869.1,203443806063481.6,204657600231400.75,205871441595340.75,207085181400683.1,208298666948567.88,209511741500508.8,210724244180459.7,211936009874255.6,213146869126350.25,214356648033772.8,215565168137217.88,216772246309186.88,217977694639091.12,219181320315229.03,220382925503543.3,221582307223062.88,222779257217933.47,223973561825935.12,225165001843380.62,226353352386293.8,227538382747754.03,228719856251295.3,229897530100246.2,231071155222889.12,232240476113321.2,233405230667887.2,234565150017060.0,235719958352634.8,236869372750104.0,238013102986071.25,239150851350568.25,240282312454124.0,241407173029440.8,242525111727523.7,243635798908112.0,244738896424243.6,245834057400804.88,246920926006887.5,247999137221788.1,249068316594480.0,250128079996377.7,251178033367218.75,252217772453877.25,253246882541926.44,254264938179763.25,255271502895101.5,256266128903642.1,257248356809724.62,258217715298763.7,259173720821267.7,260115877268242.44,261043675637772.3,261956593692582.2,262854095608369.84,263735631612708.4,264600637614313.88,265448534822475.1,266278729356445.7,267090611844597.2,267883557013137.44,268656923264204.03,269410052243140.44,270142268394775.3,270852878508526.56,271541171252164.62,272206416694069.7,272847865813839.2,273464750001101.7,274056280542417.47,274621648096151.2,275160022155226.16,275670550497685.03,276152358625002.1,276604549188118.75,277026201401198.4,277416370443124.25,277774086846794.8,278098355876316.0,278388156892212.0,278642442704833.44,278860138916182.0,279040143250422.88,279181324873411.03,279282523701625.7,279342549700965.44,279360182175934.1,279334169049833.6,279263226136654.25,279146036405463.2,278981249238182.75,278767479681772.2,278503307695944.53,278187277397683.8,277817896303975.38,277393634574317.0,276912924254748.44,276374158525325.7,275775690953160.6,275115834753372.1,274392862060522.1,273605003213374.25,272750446056076.62,271827335259182.44,270833771664236.8,269767811656016.62,268627466566871.12,267410702118053.6,266115437903336.88,264739546920720.9,263280855158535.25,261737141242807.88,260106136153382.7,258385523016905.0,256572936985523.6,254665965210904.88,252662146923982.9,250558973631769.6,248353889443500.88,246044291539445.25,243627530796812.9,241100912588430.1,238461697771146.62,235707103882359.03,232834306564563.84,229840441239506.1,226722605055263.5,223477859131536.25,220103231130489.38,216595718182727.44,212952290200408.88,209169893612112.1,205245455556882.4,201175888577926.7,196958095859701.6,192588977055663.7,188065434757788.25,183384381663021.6,178542748496314.97,173537492754610.25,168365608341300.06,163024136166225.84,157510175792192.16,151820898215412.66,145953559874151.62,139905517987228.64,133674247331987.38,127257358579832.6,120652618316576.48,113857970884604.84,106871562194308.16,99691765663424.23,92317210454831.6,84746812196050.69,76979806377197.31,69015784638491.086,60854734173594.84,52497080491096.31,43943733793365.09,35196139249713.63,26256331459372.7,17126993419050.531,7811520329828.758,-1685911401339.6172,-11360269589360.21,-21205585730653.8,-31214868076409.234,-41380007880490.25,-51691678363260.9,-62139225914216.34,-72710553039979.62,-83391992550770.81,-94168172468961.28,-105021871138915.08,-115933862019676.66,-126882747652877.0,-137844782319839.31,-148793682936958.62,-159700427790177.9,-170533042781823.34,-181256374960762.75,-191831853235506.9,-202217236336127.28,-212366348302787.7,-222228802045801.03,-231749711855709.7,-240869396155635.9,-249523072297954.0,-257640545832339.1,-265145897435092.6,-271957171617192.4,-277986072452634.5,-283137672927220.94,-287310146146040.75,-290394528609094.1,-292274528132761.4,-292826391836874.2,-291918853024808.0,-289413179868582.25,-285163353707318.25,-279016410640413.6,-270812987149785.88,-260388118970742.2,-247572352664880.4,-232193241730727.7,-431982395981530.4,-440017299648297.4,-445595292365421.75,-448334883154071.7,-447822069575165.9,-897348292716235.9,-931812603925914.8,-963886188761738.4,-992952182775642.0,-1018323245176247.8,-1527093606974795.2,-1573131567428124.8,-1612889645521745.2,-1645170773853438.5,-1668709504752595.5,-1682204060404475.2,-1829262822175218.0,-1896222992873556.8,-1951490853419184.8,-1991983762057210.0,-2014403634166039.2,-2822900236184510.5,-2847362734297482.0,-2826860692662756.5,-2753434463590932.5,-2620552093334038.0,-3148492386409092.5,-3099775044055192.5,-2953351485387045.0,-2703049303468101.0,-2366200592474571.5,-3999172930176754.5,-3632417910488649.5,-3603244712026794.5,-4850532845498352.0,-9250942318952594.0,-1.8958335496228856e+16,-2.6098100174053924e+16,0.0
743.5,136509612599703.88,137393534438112.38,138279488236374.44,139167429659898.44,140057313175658.05,140949092027945.38,141842718213609.75,142738142456768.97,143635314182980.84,144534181492861.9,145434691135137.72,146336788479113.47,147240417486547.94,148145520682918.5,149052039128058.25,149959912386154.28,150869078495086.12,151779473935091.62,152691033596741.16,153603690748203.12,154517377001782.62,155432022279714.66,156347554779194.38,157263900936621.5,158180985391042.12,159098730946765.88,160017058535136.25,160935887175434.16,161855133934890.4,162774713887785.6,163694540073612.97,164614523454279.38,165534572870319.94,166454594996100.97,167374494293983.7,168294172967422.97,169213530912970.94,170132465671159.66,171050872376231.5,171968643704686.3,172885669822616.62,173801838331797.7,174717034214498.47,175631139776981.84,176544034591658.22,177455595437858.6,178365696241186.7,179274208011419.7,180180998778911.2,181085933529463.3,181988874137624.8,182889679298373.12,183788204457140.75,184684301738138.7,185577819870935.4,186468604115244.25,187356496183872.0,188241334163781.25,189122952435217.3,190001181588849.7,190875848340874.0,191746775446026.0,192613781608449.5,193476681390364.97,194335285118482.1,195189398788098.47,196038823964823.8,196883357683873.38,197722792346863.88,198556915616052.8,199385510305955.6,200208354272274.9,201025220298076.0,201835875977140.0,202640083594426.53,203437600003573.5,204228176501363.6,205011558699085.0,205787486390713.7,206555693417836.5,207315907531246.75,208067850249129.88,208811236711761.03,209545775532640.44,210271168645979.03,210987111150461.88,211693291149200.4,212389389585799.03,213075080076446.4,213750028737954.4,214413894011660.1,215066326483105.03,215706968697414.7,216335454970287.9,216951411194523.0,217554454641990.44,218144193760977.8,218720227968823.44,219282147439763.84,219829532887916.8,220361955345325.25,220878975934991.2,221380145638831.4,221865005060485.6,222333084182917.2,222783902120748.44,223216966867273.5,223631775036104.3,224027811597403.2,224404549608666.44,224761449940030.88,225097960994080.0,225413518420135.6,225707544823035.7,225979449466398.9,226228627970398.8,226454462004077.88,226656318972242.56,226833551697002.0,226985498094025.28,227111480843607.28,227210807056660.16,227282767935758.8,227326638431401.7,227341676893661.6,227327124719435.0,227282205995530.5,227206127137854.7,227098076527002.2,226957224140584.3,226782721182671.44,226573699710768.75,226329272260787.2,226048531470524.97,225730549702222.1,225374378664812.0,224979049036557.5,224543570088814.3,224066929311748.7,223548092042905.88,222986001099604.44,222379576416230.62,221727714687590.5,221029289019584.3,220283148588577.6,219488118310960.25,218642998524508.2,217746564683300.7,216797567068089.0,215794730514169.2,214736754158978.8,213622311211810.8,212450048748243.44,211218587532069.25,209926521867748.4,208572419486635.3,207154821470480.62,205672242215988.62,204123169444495.6,202506064261147.7,200819361268288.7,199061468738129.6,197230768850151.12,195325617999100.2,193344347179879.8,191285262456108.6,189146645519616.1,186926754348692.88,184623823973480.1,182236067357506.8,179761676405038.7,177198823104616.7,174545660819906.38,171800325739804.06,168960938500595.47,166025605993902.25,162992423375127.3,159859476288179.12,156624843323376.62,153286598726654.6,149842815379468.5,146291568070189.53,142630937079238.9,138859012101798.48,134973896533597.52,130973712147075.95,126856604187128.08,122620746917662.86,118264349652391.34,113785663305554.78,109182987500759.16,104454678278704.56,99599156447357.9,94614916621088.28,89500536998375.6,84254689931060.47,78876153341571.66,73363823048306.58,67716726063244.336,61934034929999.54,56015083174891.7,49959381948147.01,43766637937159.5,37436772638738.84,30969943082490.9,24366564102908.39,17627332263377.996,10753251541082.238,3745660887749.586,-3393736212750.961,-10662840062835.123,-18059120812348.57,-25579582123020.324,-33220722290832.348,-40978492675161.625,-48848253278136.586,-56824725312777.445,-64901940594273.19,-73073187585439.88,-81330953925293.53,-89666865269001.4,-98071620268692.66,-106534921528092.92,-115045402370291.58,-123590549267675.12,-132156619797030.9,-140728556001761.56,-149289893068193.78,-157822663255194.38,-166307295057271.7,-174722507632462.7,-183045200589793.5,-191250339308902.3,-199310836059424.4,-207197427302850.3,-214878547698422.62,-222320201501477.88,-229485832242168.4,-236336191810584.5,-242829210357368.25,-248919868754690.1,-254560075759928.2,-259698552493790.28,-264280727398110.25,-268248645490164.28,-271540896496303.38,-274092567347238.5,-275835225572449.6,-276696941368135.6,-276602357562225.5,-275472818397271.2,-273226570039850.9,-269779048053901.4,-265043269805129.6,-258930352966565.38,-251350185058411.12,-242212273384625.3,-231426809953693.3,-218905992151545.03,-204565647268333.3,-188327217714062.4,-170120174198406.88,-435174854583083.1,-434467628473857.2,-431200518363493.7,-425103566743386.8,-415900468105289.4,-878389131752368.4,-896177295536478.9,-910770570599567.6,-921675013559067.4,-928373942254234.8,-1425754865894473.0,-1443611202312831.8,-1454800325882892.0,-1458558799747352.2,-1454162553984686.2,-1440972457412425.8,-1692555999138919.0,-1718195918731563.0,-1731276251582997.5,-1729923485316452.0,-1712467120777063.2,-2407723216195907.0,-2361944070522479.0,-2278815963059777.0,-2156274644711867.5,-1995151648607828.0,-2671233815996597.0,-2564132090921744.0,-2397796540195928.0,-2187885494711828.5,-1976808934166636.8,-3530909470072288.5,-3480024194162004.0,-3988496604256067.0,-5802668780503411.0,-9904933368124700.0,-1.553391874896736e+16,-1.1600976113611646e+16,0.0
743.0,132452098954676.62,133158893891284.05,133865794169973.62,134572740476417.72,135279672225302.52,135986527536470.05,136693243210572.16,137399754704225.4,138105996104655.05,138811900103815.58,139517397971977.28,140222419530763.94,140926893125630.75,141630745597768.84,142333902255422.12,143036286844603.47,143737821519195.78,144438426810423.62,145138021595681.03,145836523066698.12,146533846697034.47,147229906208879.72,147924613539148.66,148617878804850.3,149309610267716.72,149999714298073.53,150688095337933.06,151374655863292.62,152059296345620.1,152741915212504.88,153422408807458.5,154100671348840.88,154776594887894.94,155450069265866.28,156120982070187.62,156789218589707.3,157454661768935.5,158117192161290.84,158776687881319.25,159433024555864.12,160086075274161.53,160735710536839.06,161381798203788.2,162024203440887.66,162662788665551.22,163297413491073.0,163927934669741.06,164554206034694.7,165176078440494.47,165793399702377.3,166406014534168.22,167013764484816.84,167616487873529.84,168214019723468.72,168806191693980.88,169392832011332.7,169973765397912.75,170548812999872.7,171117792313171.78,171680517107993.47,172236797351498.7,172786439128882.06,173329244562698.66,173865011730423.28,174393534580209.5,174914602844813.38,175428001953644.5,175933512942911.25,176430912363822.94,176919972188813.75,177400459715752.66,177872137470103.56,178334763104999.94,178788089299199.94,179231863652883.78,179665828581263.25,180089721205963.47,180503273244149.2,180906210895356.88,181298254726004.53,181679119551544.44,182048514316230.62,182406141970470.8,182751699345734.44,183084877026990.3,183405359222649.3,183712823631988.28,184006941310033.88,184287376529888.44,184553786642479.2,184805821933720.1,185043125479070.88,185265332995491.6,185472072690781.38,185662965110308.25,185837622981128.62,185995651053507.25,186136645939850.1,186260195951070.53,186365880930410.9,186453272084753.0,186521931813451.7,186571413534741.1,186601261509762.0,186611010664274.16,186600186408124.1,186568304452546.7,186514870625395.38,186439380684399.0,186341320128562.75,186220164007841.6,186075376731224.28,185906411873390.03,185712711980106.84,185493708372564.28,185248820950848.25,184977457996789.44,184679015976431.2,184352879342394.3,183998420336433.6,183614998792509.5,183201961940724.7,182758644212510.0,182284367047467.6,181778438702318.88,181240154062439.7,180668794456503.6,180063627474792.16,179423906791780.2,178748871993646.06,178037748411410.4,177289746960453.38,176504063987228.38,175679881124036.44,174816365152800.4,173912667878841.28,172967926015733.3,171981261082389.62,170951779313617.4,169878571585463.5,168760713356767.62,167597264628441.78,166387269922098.1,165129758279753.0,163823743286474.28,162468223117940.66,161062180615038.88,159604583387755.9,158094383950783.5,156530519893406.72,154911914086434.22,153237474929100.2,151506096639069.4,149716659588882.25,147868030692400.94,145959063845051.62,143988600421899.12,141955469837874.66,139858490174735.44,137696468879649.12,135468203540611.16,133172482744236.4,130808087021824.12,128373789889981.42,125868358992479.94,123290557350466.12,120639144728579.06,117912879125023.36,115110518394146.84,112230822010619.88,109272552984867.3,106234479940035.31,103115379361390.4,99914038029736.7,96629255651160.95,93259847696152.48,89804648461972.62,86262514372958.81,82632327534377.81,78912999556352.78,75103475665393.14,71202739122100.25,67209815964710.88,63123780099306.63,58943758758706.78,54668938353360.79,50298570738854.89,45831979926058.336,41268569261373.336,36607829106070.84,31849345045258.645,26992806658663.207,22038016887084.74,16984902030142.523,11833522412683.62,6584083759095.273,1236949316600.0469,-4207347229485.5234,-9748088003634.71,-15384356304347.32,-21115021036056.008,-26938720158160.258,-32853843098879.914,-38858512079891.09,-44950562296189.56,-51127520894189.48,-57386584689920.11,-63724596568295.125,-70138020503865.59,-76622915143377.3,-83174905890856.05,-89789155436981.12,-96460332676322.8,-103182579958712.48,-109949478624827.88,-116754012781101.0,-123588531275673.56,-130444707845423.48,-137313499414533.23,-144185102537895.1,-151048907998352.06,-157893453585739.94,-164706375108536.06,-171474355716199.53,-178183073642742.0,-184817148520516.56,-191360086458557.6,-197794224133157.7,-204100672200911.7,-210259258417644.56,-216248470932001.3,-222045402321928.0,-227625695057815.2,-232963489210167.5,-238031373374977.44,-242800339969628.3,-247239746259673.4,-251317282716236.75,-254998950579647.6,-258249050822467.6,-261030187070217.5,-263303285457663.7,-265027634880119.3,-266160951651756.44,-266659473216364.4,-266478086281900.56,-265570495581776.9,-263889440418256.47,-261386967234227.0,-258014767709251.2,-253724593307861.3,-248468758850261.6,-242200749560407.28,-234875948212204.1,-226452501486788.3,-216892347526477.25,-206162429988503.7,-194236127740717.3,-181094933793511.6,-166730422235503.25,-151146547961892.25,-134362331000849.69,-423235732190064.5,-417367599039858.9,-409300923793753.6,-398900459816195.0,-386045867803575.1,-827121430307685.1,-832423062216500.4,-834475079328189.8,-832964132102877.5,-827593320395752.5,-1288617578794397.0,-1287322679010404.5,-1280104536317742.2,-1266615609060422.8,-1246609214635702.5,-1219983651132759.8,-1527259494697915.0,-1524698744632903.2,-1511000643358936.0,-1485446818667069.5,-1447758881727496.8,-2008869937229195.2,-1926258102675860.8,-1817429780962299.5,-1684634682853522.0,-1533398786358831.8,-2250065068156023.2,-2130950156873394.5,-1990431426430880.8,-1857079055159336.8,-1783318809468016.8,-3283236487708907.0,-3518525197213534.0,-4357344434706838.5,-6239411980595088.0,-9281075880025894.0,-1.0943775338690002e+16,-2179079604204380.0,0.0
742.5,125171517923381.84,125702461982327.69,126231879937507.88,126759702196004.22,127285857877904.22,127810274793619.05,128332879420761.0,128853596880571.1,129372350913888.44,129889063856648.56,130403656614905.22,130916048639361.5,131426157899402.22,131933900856617.4,132439192437803.22,132941946007434.05,133442073339589.66,133939484589330.94,134434088263507.84,134925791190992.77,135414498492322.94,135900113548742.77,136382537970632.72,136861671565311.69,137337412304200.78,137809656289335.78,138278297719214.08,138743228853963.8,139204339979820.56,139661519372898.9,140114653262244.72,140563625792152.31,141008318983735.2,141448612695732.7,141884384584540.03,142315510063446.5,142741862261064.88,143163311978940.0,143579727648319.03,143990975286067.53,144396918449717.4,144797418191630.84,145192333012262.2,145581518812504.56,145964828845103.6,146342113665123.1,146713221079445.44,147077996095292.34,147436280867748.28,147787914646269.78,148132733720168.88,148470571363047.94,148801257776176.88,149124620030791.94,149440482009302.5,149748664345391.47,150048984362992.06,150341256014127.22,150625289815597.0,150900892784500.38,151167868372576.1,151426016399350.4,151675132984079.62,151915010476473.03,152145437386187.44,152366198311080.7,152577073864213.5,152777840599593.5,152968270936650.12,153148133083435.44,153317190958541.56,153475204111736.62,153621927643306.8,153757112122111.22,153880503502342.94,153991843039000.66,154090867202073.47,154177307589444.3,154250890838518.62,154311338536588.03,154358367129943.0,154391687831745.38,154411006528683.38,154416023686425.94,154406434253902.0,154381927566432.5,154342187247746.22,154286891110914.56,154215711058244.56,154128312980176.8,154024356653233.44,153903495637075.22,153765377170724.2,153609642068019.3,153435924612378.84,153243852450945.56,153033046488204.25,152803120779162.44,152553682422201.84,152284331451703.4,151994660730574.0,151684255842799.97,151352694986168.66,150999548865311.94,150624380585230.06,150226745545477.0,149806191335192.16,149362257629182.78,148894476085276.44,148402370243173.3,147885455425055.2,147343238638212.56,146775218479982.2,146180885045298.84,145559719837194.03,144911195680585.56,144234776639741.4,143529917939808.8,142796065892843.44,142032657828786.0,141239122031877.56,140414877683023.23,139559334808661.6,138671894236718.86,137751947560274.16,136798877109597.6,135812055933265.62,134790847789103.9,133734607145752.12,132642679195697.23,131514399880675.77,130349095930394.6,129146084915587.08,127904675316478.62,126624166607799.05,125303849361557.6,123943005368856.78,122540907782111.64,121096821279112.34,119610002250463.78,118079699012016.12,116505152044008.66,114885594258740.77,113220251298697.23,111508341867169.28,109749078093522.05,107941665935403.16,106085305620302.77,104179192129025.6,102222515723781.02,100214462523753.28,98154215131177.86,96040953311126.2,93873854728375.22,91652095744944.31,89374852282070.94,87041300750614.47,84650619054107.67,82201987668899.44,79694590806090.66,77127617660215.12,74500263749904.4,71811732356047.62,69061236063269.16,66247998410855.71,63371255659603.47,60430258681391.125,57424274978659.02,54352590841340.63,51214513649207.56,48009374327975.086,44736529967973.67,41395366614623.96,37985302240420.52,34505789908618.51,30956321139317.95,27336429489159.08,23645694356374.49,19883745023509.39,16050264950674.389,12144996332794.707,8167744934897.891,4118385220113.961,-3134214352.4140625,-4196784877361.055,-8462452283575.461,-12799929495642.877,-17208910291054.906,-21688981935308.1,-26239617542404.67,-30860168003165.484,-35549853461304.61,-40307754316726.58,-45132801735089.19,-50023767642321.95,-54979254182520.56,-59997682617486.67,-65077281646157.766,-70216075122284.97,-75411869149034.81,-80662238529712.56,-85964512554567.28,-91315760104724.56,-96712774055682.12,-102152054964634.98,-107629794028143.64,-113141855299475.6,-118683757158359.31,-124250653030012.52,-129837311355239.1,-135438094819244.6,-141046938853759.88,-146657329435185.34,-152262280211024.06,-157854308997964.03,-163425413707916.84,-168967047773282.4,-174470095160026.8,-179924845077133.9,-185320966513967.2,-190647482763473.6,-195892746119431.6,-201044412970580.88,-206089419554082.44,-211013958675937.9,-215803457757529.2,-220442558626086.3,-224915099533582.56,-229204099964301.6,-233291748877284.53,-237159397127263.5,-240787554917998.0,-244155895266701.12,-247243264599235.25,-250027701754976.0,-252486466859794.0,-254596081728031.3,-256332383682207.5,-257670594935628.56,-258585409971286.88,-259051103674216.5,-259041663337853.6,-258530948072502.1,-257492879600828.5,-255901668936920.9,-253732084018225.12,-250959764000453.7,-247561586642180.75,-243516096006902.9,-238803998605468.62,-233408737101669.6,-227317151820278.5,-220520241542954.84,-213014036467306.0,-204800597753137.25,-195889159802870.6,-186297433335450.3,-176053089427519.62,-165195447020511.5,-153777388926653.84,-141867534093771.2,-129552696765012.4,-411017572484816.2,-403668809854182.9,-394799867524725.44,-384406178722946.1,-372511827756404.5,-765288768819865.2,-763002663280884.0,-757989722434020.8,-750125969726395.9,-739328307314198.2,-1149960243336276.0,-1138442909293112.2,-1122431782040445.6,-1101913652025239.8,-1076995293010725.2,-1047936421013318.6,-1373723889412611.2,-1356595830830632.2,-1331108955932546.8,-1297422346655898.5,-1256187353397830.2,-1687590592550516.5,-1596671274709083.8,-1490847137824017.8,-1374586721402276.0,-1255108891239277.8,-1940716231339603.2,-1837786441235636.0,-1740741943231356.2,-1680648184795352.5,-1705045202664291.5,-3178092864519019.5,-3606975805726241.5,-4547466760114752.0,-6121286622421569.0,-7807362908330110.0,-6527557794497576.0,2583916188270608.0,0.0
742.0,115373524825484.34,115736117547353.12,116095853527745.52,116452656987656.84,116806450892247.7,117157156930088.66,117504695492033.5,117848985649713.62,118189945133647.5,118527490310958.6,118861536162693.3,119191996260733.84,119518782744297.66,119841806296017.44,120160976117593.38,120476199905011.48,120787383823319.5,121094432480954.56,121397248903613.88,121695734507662.16,121989789073066.86,122279310715854.31,122564195860081.9,122844339209313.06,123119633717593.22,123389970559915.52,123655239102170.38,123915326870570.66,124170119520546.08,124419500805097.08,124663352542604.22,124901554584081.12,125133984779869.23,125360518945761.66,125581030828553.06,125795392071007.38,126003472176234.69,126205138471474.23,126400256071274.0,126588687840061.06,126770294354098.66,126944933862821.52,127112462249545.84,127272732991546.12,127425597119498.5,127570903176280.16,127708497175125.28,127838222557131.4,127959920148113.6,128073428114802.72,128178581920387.28,128275214279395.2,128363155111914.44,128442231497155.05,128512267626347.52,128573084754983.34,128624501154397.77,128666332062695.44,128698389635027.98,128720482893220.8,128732417674761.84,128733996581154.31,128725018925644.72,128705280680332.98,128674574422677.12,128632689281405.9,128579410881849.31,128514521290707.16,128437798960270.36,128349018672114.88,128247951480290.2,128134364654024.64,128008021619974.28,127868681904043.8,127716101072808.56,127550030674573.48,127370218180102.23,127176406923060.06,126968336040208.94,126745740411403.22,126508350599435.48,126255892789784.7,125988088730326.44,125704655671065.05,125405306303953.9,125089748702878.9,124757686263874.77,124408817645661.31,124042836710585.23,123659432466058.78,123258289006598.12,122839085456563.95,122401495913720.8,121945189393732.36,121469829775723.95,120975075749047.34,120460580761392.88,119925992968402.8,119370955184953.06,118795104838272.69,118198073923090.66,117579488959002.31,116938970950265.62,116276135348248.23,115590592016757.77,114881945200503.23,114149793496951.2,113393729831852.06,112613341438735.44,111808209842676.05,110977910848672.28,110122014534973.77,109240085251730.4,108331681625355.38,107396356569005.34,106433657299617.06,105443125361958.52,104424296660175.56,103376701497348.6,102299864623595.64,101193305293293.31,100056537332013.05,98889069213810.4,97690404149528.98,96460040186829.12,95197470322681.12,93902182629102.44,92573660392969.9,91211382270769.72,89814822459201.0,88383450882600.88,86916733398199.98,85414132020280.84,83875105164361.61,82299107912588.42,80685592301585.17,79034007634065.03,77343800815585.97,75614416717899.0,73845298570412.3,72035888381370.23,70185627390437.39,68293956554448.86,66360317068190.02,64384150922158.08,62364901499349.14,60302014213232.22,58194937189156.21,56043121991571.58,53846024399543.41,51603105233167.41,49313831233618.72,46977675999701.39,44594120983891.47,42162656551027.46,39682783102927.016,37154012272381.13,34575868190120.67,31947888828530.105,29269627426034.004,26540653996276.93,23760556926380.336,20928944668766.105,18045447531207.5,15109719569978.438,12121440591171.871,9080318265457.344,5986090361764.863,2838527105585.746,-362566332188.8281,-3617347209775.746,-6925932445997.8125,-10288395702215.473,-13704764307910.377,-17175016022935.557,-20699075629230.57,-24276811344608.195,-27908031051028.0,-31592478329592.484,-35329828294343.56,-39119683216790.74,-42961567932991.47,-46854925024905.33,-50799109767689.805,-54793384834596.15,-58836914751139.43,-62928760090310.26,-67067871400743.75,-71253082859972.12,-75483105645201.05,-79756521014446.39,-84071773091375.52,-88427161347851.83,-92820832778935.8,-97250773766080.95,-101714801625365.9,-106210555838972.22,-110735488969702.22,-115286857260187.72,-119861710920624.5,-124456884111369.95,-129068984629669.95,-133694383313126.05,-138329203176364.1,-142969308301792.66,-147610292510359.53,-152247467843983.22,-156875852897869.4,-161490161048344.03,-166084788630271.2,-170653803127655.25,-175190931451803.62,-179689548393620.88,-184142665350302.28,-188542919442198.97,-192882563152987.9,-197153454645872.16,-201347048930464.1,-205454390079662.4,-209466104723423.4,-213372397077236.1,-217163045797689.2,-220827402996159.6,-224354395784787.38,-227732530777058.2,-230949902018953.88,-233994202886402.3,-236852742551226.3,-239512467691714.44,-241959990205992.62,-244181621777457.3,-246163416242428.56,-247891220821955.47,-249350737403274.25,-250527595192964.25,-251407436214520.28,-251976015289115.3,-252219316321105.84,-252123686910764.62,-251675993537268.44,-250863799796694.0,-249675570444269.44,-248100904279005.2,-246130799223758.47,-243757953296318.28,-240977105538750.84,-237785421374311.8,-234182927294713.47,-230173000245948.0,-225762917577917.7,-220964473950494.1,-215794672143248.4,-210276495292493.25,-204439768668480.5,-198322119693500.0,-191970045466749.2,-185440097572371.6,-178800194355974.44,-172131071094260.12,-165527878453994.47,-159101939200149.75,-152982672069525.9,-407255900303838.7,-401565783793706.4,-395183881201823.7,-388212872910745.6,-380790075496838.9,-707146104852315.8,-701882044393491.0,-694761969788539.1,-685824640987189.8,-675159067758282.8,-1029944901960169.8,-1015775564735438.0,-998841296068926.8,-979362792757204.2,-957670499641452.8,-934222477018671.2,-1253994610166877.0,-1234269723347042.2,-1209563787607064.2,-1180588115995295.2,-1148466295058175.5,-1471795290305210.5,-1394597435251947.2,-1312340298894570.0,-1229912210939326.8,-1153877804529235.5,-1776749264749509.0,-1708959983051028.8,-1661479424785272.5,-1658613629213598.0,-1730612688523042.0,-3133743746626342.5,-3642848290293091.0,-4492882436388213.5,-5548330806862881.0,-5955385411406754.0,-3046889240046815.5,3883385828622274.0,0.0
