,570,567,564,561,558,555,552,549,546,543,540,537,534,531,528,525,522,519,516,513,510,507,504,501,498,495,492,489,486,483,480,477,474,471,468,465,462,459,456,453,450,447,444,441,438,435,432,429,426,423,420,417,414,411,408,405,402,399,396,393,390,387,384,381,378,375,372,369,366,363,360,357,354,351,348,345,342,339,336,333,330,327,324,321,318,315,312,309,306,303,300,297,294,291,288,285,282,279,276,273,270,267,264,261,258,255,252,249,246,243,240,237,234,231,228,225,222,219,216,213,210,207,204,201,198,195,192,189,186,183,180,177,174,171,168,165,162,159,156,153,150,147,144,141,138,135,132,129,126,123,120,117,114,111,108,105,102,99,96,93,90,87,84,81,78,75,72,69,66,63,60,57,54,51,48,45,42,39,36,33,30,27,24,21,18,15,12,9,6,3,0
63.25,-11138835.323027432,-11138827.793261599,-11138820.301037114,-11138812.846871812,-11138805.431286663,-11138798.054805685,-11138790.717955887,-11138783.421267182,-11138776.165272303,-11138768.950506717,-11138761.777508534,-11138754.64681841,-11138747.558979439,-11138740.514537048,-11138733.51403888,-11138726.558034677,-11138719.647076154,-11138712.78171686,-11138705.96251205,-11138699.190018525,-11138692.46479449,-11138685.78739939,-11138679.158393748,-11138672.578338977,-11138666.047797212,-11138659.567331117,-11138653.137503676,-11138646.758877994,-11138640.432017084,-11138634.15748363,-11138627.935839767,-11138621.767646821,-11138615.653465074,-11138609.593853481,-11138603.589369413,-11138597.640568353,-11138591.748003628,-11138585.912226073,-11138580.133783735,-11138574.413221527,-11138568.751080897,-11138563.147899479,-11138557.604210705,-11138552.120543454,-11138546.69742164,-11138541.335363813,-11138536.034882745,-11138530.796484988,-11138525.620670443,-11138520.507931883,-11138515.458754485,-11138510.473615348,-11138505.552982979,-11138500.697316773,-11138495.907066496,-11138491.182671715,-11138486.52456124,-11138481.933152553,-11138477.408851204,-11138472.952050202,-11138468.563129388,-11138464.242454797,-11138459.990377998,-11138455.807235422,-11138451.693347674,-11138447.649018835,-11138443.67453574,-11138439.77016725,-11138435.936163515,-11138432.172755193,-11138428.480152708,-11138424.858545449,-11138421.308100976,-11138417.828964226,-11138414.421256684,-11138411.085075572,-11138407.820493007,-11138404.627555171,-11138401.506281462,-11138398.456663646,-11138395.47866502,-11138392.57221955,-11138389.737231024,-11138386.973572217,-11138384.281084048,-11138381.659574743,-11138379.108819034,-11138376.628557336,-11138374.218494974,-11138371.878301399,-11138369.607609462,-11138367.406014685,-11138365.273074578,-11138363.208307989,-11138361.21119449,-11138359.281173818,-11138357.417645354,-11138355.61996765,-11138353.88745805,-11138352.219392328,-11138350.615004431,-11138349.073486296,-11138347.593987737,-11138346.175616436,-11138344.81743802,-11138343.518476252,-11138342.277713323,-11138341.09409028,-11138339.966507547,-11138338.893825617,-11138337.874865856,-11138336.90841146,-11138335.993208576,-11138335.12796757,-11138334.311364464,-11138333.542042557,-11138332.818614203,-11138332.139662791,-11138331.503744893,-11138330.909392621,-11138330.355116155,-11138329.839406459,-11138329.360738218,-11138328.917572927,-11138328.508362167,-11138328.13155108,-11138327.785581985,-11138327.468898166,-11138327.179947779,-11138326.917187914,-11138326.679088738,-11138326.46413773,-11138326.270843958,-11138326.097742416,-11138325.943398304,-11138325.806411307,-11138325.685419776,-11138325.57910478,-11138325.486194,-11138325.405465398,-11138325.335750632,-11138325.275938153,-11138325.224975932,-11138325.181873795,-11138325.145705285,-11138325.11560905,-11138325.090789665,-11138325.070517927,-11138325.054130536,-11138325.04102919,-11138325.030679097,-11138325.022606878,-11138325.016397933,-11138325.011693288,-11138325.008185979,-11138325.005617054,-11138325.003771277,-11138325.00247261,-11138325.001579609,-11138325.00098081,-11138325.000590246,-11138325.000343163,-11138325.000192035,-11138325.000103004,-11138325.000052698,-11138325.000025572,-11138325.000011692,-11138325.000005,-11138325.00000198,-11138325.000000719,-11138325.000000235,-11138325.000000069,-11138325.000000019,-11138325.000000004,-11138325.0,-11138325.0,-11138325.0,-11138325.0,-11138325.0,-11138325.0,-11138325.0,-11138325.0,-11138325.0,-11138325.0,-11138325.0,-11138325.0,-11138325.0,-11138325.0,-11138325.0,-11138325.0,0.0
63.0,-11094763.1269687,-11094756.090668581,-11094749.092482595,-11094742.132895004,-11094735.212392349,-11094728.33146335,-11094721.490598846,-11094714.690291679,-11094707.931036614,-11094701.213330224,-11094694.5376708,-11094687.904558223,-11094681.314493854,-11094674.76798042,-11094668.265521865,-11094661.807623245,-11094655.394790564,-11094649.027530637,-11094642.706350937,-11094636.431759447,-11094630.204264475,-11094624.024374496,-11094617.89259797,-11094611.809443146,-11094605.77541789,-11094599.791029459,-11094593.856784303,-11094587.973187847,-11094582.140744265,-11094576.35995624,-11094570.63132473,-11094564.955348711,-11094559.332524912,-11094553.763347548,-11094548.24830804,-11094542.787894726,-11094537.382592557,-11094532.032882791,-11094526.739242673,-11094521.502145093,-11094516.322058264,-11094511.199445345,-11094506.134764098,-11094501.128466498,-11094496.180998355,-11094491.292798908,-11094486.46430042,-11094481.695927754,-11094476.988097928,-11094472.34121969,-11094467.755693037,-11094463.231908748,-11094458.77024791,-11094454.371081412,-11094450.034769427,-11094445.761660913,-11094441.552093053,-11094437.406390723,-11094433.324865922,-11094429.30781721,-11094425.355529116,-11094421.468271542,-11094417.646299154,-11094413.889850762,-11094410.199148694,-11094406.574398149,-11094403.01578654,-11094399.52348284,-11094396.097636908,-11094392.738378804,-11094389.445818111,-11094386.22004322,-11094383.061120654,-11094379.969094336,-11094376.9439849,-11094373.985788953,-11094371.094478376,-11094368.269999605,-11094365.512272906,-11094362.821191665,-11094360.196621686,-11094357.638400476,-11094355.146336561,-11094352.720208794,-11094350.359765686,-11094348.064724755,-11094345.834771872,-11094343.669560662,-11094341.568711895,-11094339.531812932,-11094337.558417171,-11094335.648043556,-11094333.80017611,-11094332.014263503,-11094330.289718684,-11094328.625918537,-11094327.022203628,-11094325.477877965,-11094323.99220886,-11094322.564426849,-11094321.193725668,-11094319.87926234,-11094318.62015732,-11094317.415494751,-11094316.264322788,-11094315.165654063,-11094314.118466223,-11094313.121702593,-11094312.174272966,-11094311.275054507,-11094310.422892783,-11094309.616602944,-11094308.854971025,-11094308.1367554,-11094307.460688379,-11094306.82547797,-11094306.22980977,-11094305.672349026,-11094305.151742853,-11094304.666622598,-11094304.215606362,-11094303.797301685,-11094303.410308354,-11094303.053221367,-11094302.724634036,-11094302.423141208,-11094302.147342581,-11094301.895846162,-11094301.667271757,-11094301.460254569,-11094301.273448803,-11094301.105531331,-11094300.955205308,-11094300.82120379,-11094300.70229327,-11094300.597277105,-11094300.50499884,-11094300.42434534,-11094300.35424972,-11094300.293694014,-11094300.241711598,-11094300.197389243,-11094300.159868844,-11094300.12834873,-11094300.102084566,-11094300.08038979,-11094300.062635602,-11094300.048250442,-11094300.036718994,-11094300.02758071,-11094300.020427853,-11094300.014903111,-11094300.010696791,-11094300.007543666,-11094300.005219521,-11094300.00353747,-11094300.002344128,-11094300.001515698,-11094300.000954099,-11094300.000583181,-11094300.000345122,-11094300.000197086,-11094300.000108194,-11094300.000056848,-11094300.000028446,-11094300.000013476,-11094300.000006003,-11094300.000002496,-11094300.000000957,-11094300.000000335,-11094300.000000106,-11094300.00000003,-11094300.000000007,-11094300.000000002,-11094300.0,-11094300.0,-11094300.0,-11094300.0,-11094300.0,-11094300.0,-11094300.0,-11094300.0,-11094300.0,-11094300.0,-11094300.0,-11094300.0,-11094300.0,-11094300.0,-11094300.0,-11094300.0,0.0
62.75,-11050694.615215536,-11050688.05263306,-11050681.528484955,-11050675.043220703,-11050668.597291252,-11050662.191148918,-11050655.825247295,-11050649.500041138,-11050643.215986274,-11050636.973539472,-11050630.773158336,-11050624.615301175,-11050618.500426887,-11050612.428994812,-11050606.401464608,-11050600.418296093,-11050594.479949106,-11050588.586883346,-11050582.73955821,-11050576.938432632,-11050571.183964897,-11050565.476612471,-11050559.816831809,-11050554.205078151,-11050548.641805345,-11050543.12746561,-11050537.66250934,-11050532.247384867,-11050526.88253824,-11050521.568412978,-11050516.305449827,-11050511.094086502,-11050505.934757419,-11050500.82789344,-11050495.77392156,-11050490.77326465,-11050485.826341135,-11050480.933564696,-11050476.095343953,-11050471.312082127,-11050466.584176712,-11050461.912019132,-11050457.295994375,-11050452.736480633,-11050448.233848922,-11050443.788462695,-11050439.400677454,-11050435.07084033,-11050430.799289674,-11050426.586354628,-11050422.432354685,-11050418.33759924,-11050414.30238714,-11050410.327006198,-11050406.411732733,-11050402.556831066,-11050398.762553029,-11050395.029137451,-11050391.356809648,-11050387.745780883,-11050384.196247838,-11050380.708392065,-11050377.28237943,-11050373.918359559,-11050370.616465254,-11050367.376811933,-11050364.19949703,-11050361.084599424,-11050358.03217883,-11050355.042275205,-11050352.114908151,-11050349.250076301,-11050346.447756723,-11050343.707904303,-11050341.03045115,-11050338.415305983,-11050335.862353534,-11050333.371453945,-11050330.94244219,-11050328.575127484,-11050326.269292712,-11050324.024693869,-11050321.841059517,-11050319.718090247,-11050317.65545817,-11050315.652806431,-11050313.709748723,-11050311.825868867,-11050310.000720382,-11050308.233826106,-11050306.524677854,-11050304.8727361,-11050303.27742973,-11050301.738155793,-11050300.254279353,-11050298.825133353,-11050297.45001857,-11050296.1282036,-11050294.858924925,-11050293.641387053,-11050292.474762725,-11050291.358193198,-11050290.29078862,-11050289.271628486,-11050288.299762182,-11050287.374209646,-11050286.493962098,-11050285.6579829,-11050284.865208527,-11050284.114549616,-11050283.404892182,-11050282.735098913,-11050282.10401061,-11050281.510447733,-11050280.953212095,-11050280.431088671,-11050279.942847522,-11050279.487245876,-11050279.06303031,-11050278.668939054,-11050278.30370444,-11050277.966055425,-11050277.654720262,-11050277.368429232,-11050277.105917504,-11050276.865928037,-11050276.647214577,-11050276.44854468,-11050276.26870279,-11050276.106493328,-11050275.960743746,-11050275.830307605,-11050275.714067552,-11050275.610938251,-11050275.519869186,-11050275.439847333,-11050275.36989969,-11050275.309095569,-11050275.256548699,-11050275.211419046,-11050275.172914363,-11050275.140291423,-11050275.112856895,-11050275.089967895,-11050275.071032114,-11050275.05550758,-11050275.042902026,-11050275.03277184,-11050275.024720632,-11050275.018397423,-11050275.013494495,-11050275.0097449,-11050275.006919704,-11050275.00482501,-11050275.003298797,-11050275.002207652,-11050275.001443477,-11050275.000920195,-11050275.00057058,-11050275.00034321,-11050275.000199664,-11050275.000111952,-11050275.000060268,-11050275.000031006,-11050275.000015168,-11050275.000007011,-11050275.000003042,-11050275.00000123,-11050275.000000458,-11050275.000000155,-11050275.000000048,-11050275.000000013,-11050275.000000004,-11050275.0,-11050275.0,-11050275.0,-11050275.0,-11050275.0,-11050275.0,-11050275.0,-11050275.0,-11050275.0,-11050275.0,-11050275.0,-11050275.0,-11050275.0,-11050275.0,-11050275.0,-11050275.0,-11050275.0,0.0
62.5,-11006629.567994824,-11006623.459046088,-11006617.388615403,-11006611.357116692,-11006605.36496457,-11006599.412574261,-11006593.500361484,-11006587.62874233,-11006581.798133157,-11006576.008950472,-11006570.261610795,-11006564.556530533,-11006558.894125845,-11006553.274812505,-11006547.69900574,-11006542.167120103,-11006536.6795693,-11006531.23676603,-11006525.839121815,-11006520.48704684,-11006515.180949751,-11006509.92123749,-11006504.708315086,-11006499.542585462,-11006494.42444924,-11006489.354304513,-11006484.33254663,-11006479.359567981,-11006474.435757749,-11006469.561501678,-11006464.737181831,-11006459.963176321,-11006455.239859063,-11006450.567599488,-11006445.946762284,-11006441.377707098,-11006436.860788237,-11006432.396354388,-11006427.984748283,-11006423.626306394,-11006419.321358606,-11006415.07022788,-11006410.873229906,-11006406.730672758,-11006402.642856535,-11006398.610072974,-11006394.632605102,-11006390.710726826,-11006386.844702544,-11006383.034786751,-11006379.281223625,-11006375.584246594,-11006371.944077931,-11006368.3609283,-11006364.834996328,-11006361.366468137,-11006357.9555169,-11006354.602302376,-11006351.306970425,-11006348.069652546,-11006344.890465377,-11006341.769510217,-11006338.706872527,-11006335.702621423,-11006332.756809188,-11006329.869470745,-11006327.040623158,-11006324.27026512,-11006321.558376431,-11006318.904917493,-11006316.309828792,-11006313.773030378,-11006311.29442137,-11006308.873879436,-11006306.511260305,-11006304.206397252,-11006301.959100634,-11006299.769157395,-11006297.636330605,-11006295.560359001,-11006293.540956553,-11006291.577812033,-11006289.670588605,-11006287.818923455,-11006286.022427402,-11006284.28068459,-11006282.593252141,-11006280.959659908,-11006279.379410196,-11006277.851977572,-11006276.376808673,-11006274.953322075,-11006273.58090821,-11006272.258929316,-11006270.986719444,-11006269.763584534,-11006268.58880251,-11006267.46162349,-11006266.381270006,-11006265.34693734,-11006264.35779389,-11006263.412981648,-11006262.51161673,-11006261.652789999,-11006260.835567784,-11006260.058992654,-11006259.322084337,-11006258.62384068,-11006257.963238738,-11006257.339235961,-11006256.750771469,-11006256.196767438,-11006255.676130593,-11006255.187753806,-11006254.730517784,-11006254.30329288,-11006253.904940993,-11006253.534317577,-11006253.19027373,-11006252.871658396,-11006252.577320635,-11006252.30611198,-11006252.056888867,-11006251.828515124,-11006251.619864503,-11006251.429823276,-11006251.257292822,-11006251.101192255,-11006250.960461028,-11006250.834061515,-11006250.72098156,-11006250.620236952,-11006250.530873802,-11006250.451970845,-11006250.382641573,-11006250.322036225,-11006250.269343609,-11006250.223792689,-11006250.184653964,-11006250.15124059,-11006250.122909222,-11006250.099060584,-11006250.0791397,-11006250.062635843,-11006250.049082123,-11006250.03805479,-11006250.029172158,-11006250.022093259,-11006250.016516171,-11006250.012176078,-11006250.008843072,-11006250.006319745,-11006250.004438618,-11006250.003059424,-11006250.00206633,-11006250.001365134,-11006250.000880495,-11006250.000553235,-11006250.000337806,-11006250.000199893,-11006250.000114277,-11006250.00006289,-11006250.000033185,-11006250.000016712,-11006250.000007987,-11006250.000003602,-11006250.00000152,-11006250.000000596,-11006250.000000216,-11006250.00000007,-11006250.00000002,-11006250.000000006,-11006250.0,-11006250.0,-11006250.0,-11006250.0,-11006250.0,-11006250.0,-11006250.0,-11006250.0,-11006250.0,-11006250.0,-11006250.0,-11006250.0,-11006250.0,-11006250.0,-11006250.0,-11006250.0,-11006250.0,-11006250.0,0.0
62.25,-10962567.772468768,-10962562.096854884,-10962556.459622856,-10962550.861150656,-10962545.301816242,-10962539.781997465,-10962534.30207194,-10962528.862416942,-10962523.46340927,-10962518.105425123,-10962512.788839975,-10962507.514028436,-10962502.281364104,-10962497.091219429,-10962491.943965554,-10962486.839972172,-10962481.779607348,-10962476.763237365,-10962471.79122655,-10962466.863937093,-10962461.981728874,-10962457.144959267,-10962452.353982944,-10962447.609151684,-10962442.910814166,-10962438.259315744,-10962433.654998254,-10962429.098199762,-10962424.589254353,-10962420.12849189,-10962415.716237767,-10962411.352812655,-10962407.038532263,-10962402.77370705,-10962398.558641974,-10962394.393636212,-10962390.278982861,-10962386.21496867,-10962382.201873723,-10962378.239971146,-10962374.32952679,-10962370.47079891,-10962366.664037846,-10962362.909485687,-10962359.207375925,-10962355.557933116,-10962351.961372528,-10962348.417899773,-10962344.927710447,-10962341.49098975,-10962338.107912116,-10962334.778640818,-10962331.50332758,-10962328.282112181,-10962325.115122054,-10962322.002471862,-10962318.944263112,-10962315.940583717,-10962312.991507575,-10962310.097094154,-10962307.257388057,-10962304.47241859,-10962301.742199328,-10962299.066727683,-10962296.44598446,-10962293.879933428,-10962291.368520884,-10962288.911675205,-10962286.50930643,-10962284.161305824,-10962281.867545445,-10962279.62787773,-10962277.44213508,-10962275.310129452,-10962273.231651954,-10962271.206472456,-10962269.234339219,-10962267.314978521,-10962265.448094312,-10962263.633367877,-10962261.870457515,-10962260.158998242,-10962258.498601519,-10962256.888855,-10962255.329322286,-10962253.819542758,-10962252.35903138,-10962250.947278567,-10962249.583750091,-10962248.267887011,-10962246.999105647,-10962245.776797589,-10962244.60032978,-10962243.4690446,-10962242.382260047,-10962241.33926994,-10962240.339344192,-10962239.381729145,-10962238.465647949,-10962237.590301037,-10962236.754866632,-10962235.958501348,-10962235.20034086,-10962234.479500646,-10962233.795076799,-10962233.14614694,-10962232.53177119,-10962231.95099324,-10962231.402841493,-10962230.886330308,-10962230.400461316,-10962229.944224827,-10962229.516601318,-10962229.116563018,-10962228.74307556,-10962228.395099726,-10962228.071593262,-10962227.77151277,-10962227.493815662,-10962227.237462196,-10962227.00141754,-10962226.784653911,-10962226.586152734,-10962226.404906845,-10962226.239922704,-10962226.090222618,-10962225.954846956,-10962225.832856342,-10962225.72333382,-10962225.62538695,-10962225.53814983,-10962225.460785065,-10962225.392485585,-10962225.33247635,-10962225.28001592,-10962225.234397845,-10962225.194951871,-10962225.161044952,-10962225.132082023,-10962225.107506562,-10962225.086800892,-10962225.069486208,-10962225.055122368,-10962225.043307392,-10962225.033676703,-10962225.025902092,-10962225.019690445,-10962225.014782209,-10962225.010949658,-10962225.007994955,-10962225.005748048,-10962225.00406444,-10962225.002822869,-10962225.001922922,-10962225.001282677,-10962225.000836335,-10962225.000531964,-10962225.000329345,-10962225.000197966,-10962225.000115205,-10962225.000064697,-10962225.000034936,-10962225.00001806,-10962225.000008898,-10962225.000004154,-10962225.000001825,-10962225.000000749,-10962225.000000285,-10962225.0000001,-10962225.000000032,-10962225.00000001,-10962225.000000002,-10962225.0,-10962225.0,-10962225.0,-10962225.0,-10962225.0,-10962225.0,-10962225.0,-10962225.0,-10962225.0,-10962225.0,-10962225.0,-10962225.0,-10962225.0,-10962225.0,-10962225.0,-10962225.0,-10962225.0,-10962225.0,0.0
62.0,-10918509.023042357,-10918503.760364518,-10918498.535729624,-10918493.34947969,-10918488.201956064,-10918483.093499327,-10918478.024449173,-10918472.995144282,-10918468.005922187,-10918463.057119165,-10918458.149070071,-10918453.28210823,-10918448.456565272,-10918443.672770986,-10918438.931053182,-10918434.231737517,-10918429.575147338,-10918424.961603522,-10918420.391424293,-10918415.864925055,-10918411.382418204,-10918406.944212947,-10918402.550615102,-10918398.201926906,-10918393.898446817,-10918389.640469288,-10918385.428284582,-10918381.262178522,-10918377.14243229,-10918373.069322187,-10918369.043119395,-10918365.064089743,-10918361.132493451,-10918357.248584885,-10918353.412612293,-10918349.624817535,-10918345.885435833,-10918342.194695469,-10918338.552817522,-10918334.960015569,-10918331.416495398,-10918327.922454705,-10918324.478082798,-10918321.08356027,-10918317.739058703,-10918314.444740329,-10918311.200757723,-10918308.007253453,-10918304.864359759,-10918301.772198206,-10918298.730879337,-10918295.740502331,-10918292.801154643,-10918289.912911654,-10918287.0758363,-10918284.289978731,-10918281.555375917,-10918278.872051299,-10918276.240014419,-10918273.659260537,-10918271.129770275,-10918268.651509237,-10918266.224427631,-10918263.848459916,-10918261.523524415,-10918259.249522964,-10918257.026340537,-10918254.853844892,-10918252.731886223,-10918250.660296801,-10918248.638890639,-10918246.667463157,-10918244.745790862,-10918242.873631023,-10918241.050721385,-10918239.27677986,-10918237.551504273,-10918235.87457208,-10918234.245640136,-10918232.66434448,-10918231.13030011,-10918229.643100815,-10918228.202319015,-10918226.807505623,-10918225.458189948,-10918224.153879609,-10918222.8940605,-10918221.678196773,-10918220.505730864,-10918219.376083557,-10918218.288654087,-10918217.242820283,-10918216.237938758,-10918215.273345143,-10918214.348354377,-10918213.46226104,-10918212.614339747,-10918211.80384558,-10918211.03001462,-10918210.292064473,-10918209.589194935,-10918208.920588646,-10918208.285411878,-10918207.682815323,-10918207.111935012,-10918206.57189326,-10918206.0617997,-10918205.580752378,-10918205.127838938,-10918204.70213785,-10918204.302719729,-10918203.928648718,-10918203.578983936,-10918203.252780985,-10918202.94909354,-10918202.666974973,-10918202.405480042,-10918202.163666647,-10918201.940597594,-10918201.73534243,-10918201.546979297,-10918201.374596797,-10918201.217295889,-10918201.074191775,-10918200.944415797,-10918200.82711728,-10918200.721465385,-10918200.626650888,-10918200.54188791,-10918200.46641557,-10918200.399499562,-10918200.340433598,-10918200.28854077,-10918200.243174741,-10918200.203720815,-10918200.16959682,-10918200.140253816,-10918200.115176633,-10918200.09388417,-10918200.075929523,-10918200.060899857,-10918200.048416086,-10918200.038132314,-10918200.029735064,-10918200.02294228,-10918200.017502144,-10918200.013191685,-10918200.009815224,-10918200.007202659,-10918200.00520765,-10918200.00370567,-10918200.00259202,-10918200.001779802,-10918200.001197895,-10918200.00078897,-10918200.000507569,-10918200.000318293,-10918200.000194112,-10918200.000114825,-10918200.000065692,-10918200.000036228,-10918200.000019185,-10918200.000009716,-10918200.000004679,-10918200.000002133,-10918200.000000913,-10918200.000000365,-10918200.000000134,-10918200.000000045,-10918200.000000015,-10918200.000000004,-10918200.0,-10918200.0,-10918200.0,-10918200.0,-10918200.0,-10918200.0,-10918200.0,-10918200.0,-10918200.0,-10918200.0,-10918200.0,-10918200.0,-10918200.0,-10918200.0,-10918200.0,-10918200.0,-10918200.0,-10918200.0,-10918200.0,0.0
61.75,-10874453.121617131,-10874448.251485435,-10874443.41887251,-10874438.624084746,-10874433.867427299,-10874429.149203949,-10874424.469716989,-10874419.829267109,-10874415.228153251,-10874410.66667249,-10874406.14511989,-10874401.66378837,-10874397.222968552,-10874392.822948622,-10874388.464014169,-10874384.146448033,-10874379.87053015,-10874375.636537373,-10874371.444743317,-10874367.295418171,-10874363.188828535,-10874359.125237223,-10874355.104903083,-10874351.128080808,-10874347.195020728,-10874343.305968624,-10874339.461165503,-10874335.660847403,-10874331.905245176,-10874328.194584254,-10874324.529084437,-10874320.908959659,-10874317.334417753,-10874313.805660212,-10874310.322881943,-10874306.886271015,-10874303.496008417,-10874300.152267784,-10874296.855215147,-10874293.605008658,-10874290.40179832,-10874287.24572571,-10874284.136923704,-10874281.075516185,-10874278.061617758,-10874275.09533346,-10874272.176758464,-10874269.305977773,-10874266.48306593,-10874263.708086697,-10874260.981092766,-10874258.302125439,-10874255.671214305,-10874253.088376954,-10874250.553618632,-10874248.066931944,-10874245.628296532,-10874243.237678757,-10874240.895031381,-10874238.60029326,-10874236.353389014,-10874234.154228736,-10874232.002707662,-10874229.898705885,-10874227.842088033,-10874225.83270299,-10874223.870383594,-10874221.954946356,-10874220.086191177,-10874218.26390109,-10874216.487841988,-10874214.757762382,-10874213.07339316,-10874211.434447361,-10874209.840619965,-10874208.291587692,-10874206.787008822,-10874205.32652304,-10874203.90975128,-10874202.536295604,-10874201.205739103,-10874199.917645823,-10874198.671560697,-10874197.467009537,-10874196.303499013,-10874195.18051671,-10874194.09753117,-10874193.053992001,-10874192.049330007,-10874191.082957353,-10874190.15426778,-10874189.262636855,-10874188.407422254,-10874187.587964106,-10874186.803585378,-10874186.053592298,-10874185.337274842,-10874184.65390726,-10874184.002748664,-10874183.38304367,-10874182.794023074,-10874182.234904625,-10874181.704893814,-10874181.203184752,-10874180.728961078,-10874180.281396957,-10874179.859658107,-10874179.462902905,-10874179.090283543,-10874178.740947237,-10874178.414037492,-10874178.108695429,-10874177.824061148,-10874177.559275148,-10874177.313479785,-10874177.085820777,-10874176.875448732,-10874176.681520715,-10874176.503201839,-10874176.339666858,-10874176.190101791,-10874176.053705527,-10874175.92969143,-10874175.817288931,-10874175.715745084,-10874175.624326088,-10874175.542318758,-10874175.46903193,-10874175.403797807,-10874175.345973203,-10874175.294940691,-10874175.250109658,-10874175.210917197,-10874175.176828923,-10874175.147339582,-10874175.121973556,-10874175.10028515,-10874175.08185877,-10874175.06630886,-10874175.053279696,-10874175.042444983,-10874175.033507269,-10874175.02619718,-10874175.020272482,-10874175.015516978,-10874175.011739254,-10874175.0087713,-10874175.006466994,-10874175.004700515,-10874175.003364671,-10874175.002369184,-10874175.001638956,-10874175.00111236,-10874175.000739545,-10874175.00048082,-10874175.000305122,-10874175.000188585,-10874175.000113256,-10874175.000065912,-10874175.00003706,-10874175.00002006,-10874175.000010416,-10874175.000005163,-10874175.000002433,-10874175.00000108,-10874175.00000045,-10874175.000000175,-10874175.000000063,-10874175.00000002,-10874175.000000006,-10874175.000000002,-10874175.0,-10874175.0,-10874175.0,-10874175.0,-10874175.0,-10874175.0,-10874175.0,-10874175.0,-10874175.0,-10874175.0,-10874175.0,-10874175.0,-10874175.0,-10874175.0,-10874175.0,-10874175.0,-10874175.0,-10874175.0,-10874175.0,0.0
61.5,-10830399.877792247,-10830395.37992791,-10830390.918890439,-10830386.494951293,-10830382.108380148,-10830377.759444792,-10830373.448410988,-10830369.175542364,-10830364.941100275,-10830360.745343674,-10830356.588528976,-10830352.470909923,-10830348.392737439,-10830344.354259484,-10830340.3557209,-10830336.397363268,-10830332.479424745,-10830328.602139901,-10830324.765739555,-10830320.97045061,-10830317.21649588,-10830313.504093908,-10830309.833458792,-10830306.204799999,-10830302.618322168,-10830299.074224938,-10830295.572702728,-10830292.113944557,-10830288.698133823,-10830285.325448107,-10830281.996058956,-10830278.710131668,-10830275.467825068,-10830272.269291295,-10830269.114675563,-10830266.004115935,-10830262.937743094,-10830259.915680092,-10830256.938042121,-10830254.00493626,-10830251.11646123,-10830248.27270715,-10830245.473755267,-10830242.719677713,-10830240.010537246,-10830237.346386978,-10830234.727270124,-10830232.153219726,-10830229.624258393,-10830227.140398033,-10830224.701639578,-10830222.30797272,-10830219.959375639,-10830217.65581473,-10830215.397244338,-10830213.183606489,-10830211.014830612,-10830208.890833288,-10830206.811517976,-10830204.77677476,-10830202.786480086,-10830200.840496507,-10830198.938672438,-10830197.080841918,-10830195.266824361,-10830193.496424332,-10830191.769431328,-10830190.085619554,-10830188.444747726,-10830186.846558869,-10830185.290780136,-10830183.777122643,-10830182.3052813,-10830180.874934666,-10830179.485744832,-10830178.13735729,-10830176.82940086,-10830175.561487589,-10830174.333212717,-10830173.144154623,-10830171.99387483,-10830170.881918002,-10830169.807811992,-10830168.771067902,-10830167.771180179,-10830166.807626724,-10830165.879869068,-10830164.987352539,-10830164.129506491,-10830163.30574456,-10830162.515464954,-10830161.758050784,-10830161.032870445,-10830160.339278013,-10830159.67661371,-10830159.044204403,-10830158.441364136,-10830157.867394738,-10830157.321586438,-10830156.803218562,-10830156.311560258,-10830155.845871273,-10830155.405402787,-10830154.989398282,-10830154.597094469,-10830154.227722261,-10830153.88050779,-10830153.554673478,-10830153.249439131,-10830152.964023111,-10830152.697643511,-10830152.449519396,-10830152.218872055,-10830152.004926309,-10830151.806911826,-10830151.624064466,-10830151.45562764,-10830151.300853688,-10830151.159005256,-10830151.029356666,-10830150.9111953,-10830150.80382293,-10830150.706557075,-10830150.618732262,-10830150.539701309,-10830150.468836507,-10830150.405530762,-10830150.349198667,-10830150.299277492,-10830150.255228061,-10830150.216535572,-10830150.182710255,-10830150.153287953,-10830150.127830548,-10830150.105926266,-10830150.087189833,-10830150.071262486,-10830150.057811838,-10830150.046531579,-10830150.03714104,-10830150.029384593,-10830150.023030914,-10830150.01787211,-10830150.01372269,-10830150.010418458,-10830150.00781527,-10830150.005787713,-10830150.004227716,-10830150.003043108,-10830150.002156138,-10830150.001502013,-10830150.001027413,-10830150.000689076,-10830150.000452433,-10830150.000290293,-10830150.000181662,-10830150.000110634,-10830150.000065409,-10830150.000037435,-10830150.00002068,-10830150.000010986,-10830150.000005588,-10830150.000002712,-10830150.000001248,-10830150.00000054,-10830150.00000022,-10830150.000000082,-10830150.00000003,-10830150.00000001,-10830150.000000004,-10830150.0,-10830150.0,-10830150.0,-10830150.0,-10830150.0,-10830150.0,-10830150.0,-10830150.0,-10830150.0,-10830150.0,-10830150.0,-10830150.0,-10830150.0,-10830150.0,-10830150.0,-10830150.0,-10830150.0,-10830150.0,-10830150.0,-10830150.0,0.0
61.25,-10786349.109014038,-10786344.96334472,-10786340.853660094,-10786336.780197658,-10786332.743192654,-10786328.742877979,-10786324.779484032,-10786320.85323862,-10786316.96436681,-10786313.11309082,-10786309.29962987,-10786305.524200056,-10786301.787014205,-10786298.08828174,-10786294.428208532,-10786290.806996752,-10786287.224844716,-10786283.681946741,-10786280.178492974,-10786276.714669239,-10786273.290656868,-10786269.90663254,-10786266.562768102,-10786263.259230394,-10786259.996181082,-10786256.77377647,-10786253.592167309,-10786250.451498624,-10786247.35190951,-10786244.29353295,-10786241.276495611,-10786238.300917646,-10786235.366912492,-10786232.474586658,-10786229.624039538,-10786226.815363169,-10786224.048642043,-10786221.32395288,-10786218.641364409,-10786216.000937156,-10786213.402723212,-10786210.846766016,-10786208.333100121,-10786205.861750983,-10786203.43273471,-10786201.04605785,-10786198.701717159,-10786196.39969936,-10786194.139980923,-10786191.922527831,-10786189.747295346,-10786187.614227787,-10786185.523258295,-10786183.47430861,-10786181.467288844,-10786179.50209726,-10786177.578620054,-10786175.696731139,-10786173.85629193,-10786172.057151131,-10786170.299144555,-10786168.582094893,-10786166.905811556,-10786165.270090465,-10786163.674713893,-10786162.119450288,-10786160.604054116,-10786159.128265712,-10786157.69181114,-10786156.294402074,-10786154.935735673,-10786153.615494482,-10786152.333346352,-10786151.088944364,-10786149.881926775,-10786148.711916974,-10786147.578523474,-10786146.481339902,-10786145.41994502,-10786144.393902779,-10786143.402762365,-10786142.4460583,-10786141.523310555,-10786140.63402469,-10786139.777692018,-10786138.953789804,-10786138.16178149,-10786137.401116952,-10786136.671232797,-10786135.971552674,-10786135.301487636,-10786134.66043653,-10786134.047786433,-10786133.462913105,-10786132.905181505,-10786132.37394632,-10786131.868552562,-10786131.38833617,-10786130.932624687,-10786130.500737954,-10786130.091988854,-10786129.705684088,-10786129.341125004,-10786128.997608457,-10786128.674427697,-10786128.370873325,-10786128.086234242,-10786127.819798674,-10786127.5708552,-10786127.338693827,-10786127.12260708,-10786126.921891123,-10786126.735846903,-10786126.5637813,-10786126.405008305,-10786126.258850189,-10786126.124638692,-10786126.00171619,-10786125.88943687,-10786125.787167888,-10786125.694290489,-10786125.610201119,-10786125.534312483,-10786125.466054577,-10786125.404875655,-10786125.350243134,-10786125.301644448,-10786125.258587807,-10786125.220602885,-10786125.187241407,-10786125.158077652,-10786125.13270883,-10786125.110755369,-10786125.09186107,-10786125.075693142,-10786125.061942123,-10786125.050321665,-10786125.040568199,-10786125.032440469,-10786125.025718939,-10786125.020205097,-10786125.01572064,-10786125.012106545,-10786125.009222068,-10786125.006943641,-10786125.005163718,-10786125.003789566,-10786125.002742015,-10786125.001954189,-10786125.001370255,-10786125.000944164,-10786125.000638446,-10786125.00042305,-10786125.000274245,-10786125.00017361,-10786125.000107108,-10786125.000064254,-10786125.000037385,-10786125.000021037,-10786125.000011412,-10786125.000005946,-10786125.000002963,-10786125.000001406,-10786125.000000631,-10786125.000000268,-10786125.000000104,-10786125.000000037,-10786125.000000013,-10786125.000000004,-10786125.0,-10786125.0,-10786125.0,-10786125.0,-10786125.0,-10786125.0,-10786125.0,-10786125.0,-10786125.0,-10786125.0,-10786125.0,-10786125.0,-10786125.0,-10786125.0,-10786125.0,-10786125.0,-10786125.0,-10786125.0,-10786125.0,-10786125.0,-10786125.0,0.0
61.0,-10742300.640675507,-10742296.82742358,-10742293.049181093,-10742289.306152832,-10742285.598540917,-10742281.926544722,-10742278.29036073,-10742274.690182433,-10742271.126200192,-10742267.598601133,-10742264.107569003,-10742260.65328405,-10742257.235922879,-10742253.855658326,-10742250.512659322,-10742247.207090735,-10742243.939113244,-10742240.708883192,-10742237.516552417,-10742234.362268124,-10742231.246172715,-10742228.16840364,-10742225.12909323,-10742222.128368542,-10742219.166351184,-10742216.243157156,-10742213.358896678,-10742210.513674013,-10742207.707587298,-10742204.940728359,-10742202.213182539,-10742199.525028514,-10742196.876338104,-10742194.267176095,-10742191.69760005,-10742189.167660113,-10742186.677398823,-10742184.226850927,-10742181.81604318,-10742179.444994142,-10742177.113714008,-10742174.822204381,-10742172.570458103,-10742170.358459033,-10742168.186181871,-10742166.053591948,-10742163.960645031,-10742161.907287138,-10742159.893454326,-10742157.919072513,-10742155.984057277,-10742154.088313675,-10742152.231736045,-10742150.414207831,-10742148.635601401,-10742146.895777866,-10742145.19458691,-10742143.53186662,-10742141.907443326,-10742140.32113144,-10742138.772733308,-10742137.26203907,-10742135.788826508,-10742134.352860939,-10742132.953895073,-10742131.591668926,-10742130.265909698,-10742128.9763317,-10742127.722636271,-10742126.504511707,-10742125.321633216,-10742124.173662886,-10742123.060249647,-10742121.981029274,-10742120.935624396,-10742119.92364452,-10742118.944686083,-10742117.998332504,-10742117.08415429,-10742116.201709114,-10742115.35054198,-10742114.530185342,-10742113.740159295,-10742112.979971785,-10742112.24911882,-10742111.547084726,-10742110.873342449,-10742110.227353837,-10742109.608570004,-10742109.016431682,-10742108.450369641,-10742107.909805104,-10742107.394150224,-10742106.902808577,-10742106.43517569,-10742105.990639616,-10742105.568581518,-10742105.168376308,-10742104.789393306,-10742104.430996947,-10742104.092547497,-10742103.77340183,-10742103.472914211,-10742103.190437127,-10742102.925322134,-10742102.676920734,-10742102.444585301,-10742102.227669977,-10742102.025531655,-10742101.83753093,-10742101.663033083,-10742101.501409095,-10742101.352036627,-10742101.214301057,-10742101.087596476,-10742100.971326698,-10742100.864906259,-10742100.767761407,-10742100.679331057,-10742100.599067742,-10742100.526438508,-10742100.460925803,-10742100.402028283,-10742100.349261604,-10742100.302159136,-10742100.260272622,-10742100.223172758,-10742100.190449715,-10742100.161713555,-10742100.136594586,-10742100.114743605,-10742100.095832052,-10742100.079552058,-10742100.065616407,-10742100.053758368,-10742100.043731447,-10742100.035309017,-10742100.02828384,-10742100.022467522,-10742100.01768983,-10742100.013797946,-10742100.010655643,-10742100.008142367,-10742100.006152283,-10742100.004593248,-10742100.003385764,-10742100.002461905,-10742100.00176422,-10742100.00124466,-10742100.00086352,-10742100.000588404,-10742100.000393244,-10742100.000257377,-10742100.000164691,-10742100.000102835,-10742100.000062529,-10742100.00003694,-10742100.000021145,-10742100.000011694,-10742100.000006229,-10742100.000003181,-10742100.000001553,-10742100.00000072,-10742100.000000317,-10742100.00000013,-10742100.00000005,-10742100.000000019,-10742100.000000006,-10742100.000000002,-10742100.0,-10742100.0,-10742100.0,-10742100.0,-10742100.0,-10742100.0,-10742100.0,-10742100.0,-10742100.0,-10742100.0,-10742100.0,-10742100.0,-10742100.0,-10742100.0,-10742100.0,-10742100.0,-10742100.0,-10742100.0,-10742100.0,-10742100.0,-10742100.0,0.0
60.75,-10698254.306167379,-10698250.805931054,-10698247.339612607,-10698243.907385591,-10698240.50942057,-10698237.145885006,-10698233.816943143,-10698230.522755906,-10698227.263480771,-10698224.039271653,-10698220.850278784,-10698217.69664858,-10698214.578523533,-10698211.496042067,-10698208.449338416,-10698205.438542485,-10698202.463779727,-10698199.52517099,-10698196.622832388,-10698193.75687516,-10698190.927405523,-10698188.13452453,-10698185.378327917,-10698182.658905962,-10698179.976343323,-10698177.330718892,-10698174.72210564,-10698172.150570463,-10698169.616174012,-10698167.118970543,-10698164.659007754,-10698162.236326626,-10698159.850961247,-10698157.502938662,-10698155.192278696,-10698152.918993793,-10698150.68308885,-10698148.484561041,-10698146.323399654,-10698144.199585926,-10698142.113092873,-10698140.063885113,-10698138.051918712,-10698136.07714101,-10698134.13949045,-10698132.238896428,-10698130.375279117,-10698128.54854931,-10698126.758608263,-10698125.005347531,-10698123.288648827,-10698121.608383859,-10698119.964414187,-10698118.356591083,-10698116.784755392,-10698115.248737387,-10698113.748356659,-10698112.283421978,-10698110.853731183,-10698109.459071072,-10698108.099217298,-10698106.773934271,-10698105.48297508,-10698104.226081409,-10698103.002983462,-10698101.813399926,-10698100.657037897,-10698099.53359287,-10698098.4427487,-10698097.384177592,-10698096.357540112,-10698095.362485198,-10698094.3986502,-10698093.465660915,-10698092.56313167,-10698091.690665387,-10698090.84785369,-10698090.034277037,-10698089.249504834,-10698088.493095616,-10698087.764597213,-10698087.063546963,-10698086.38947193,-10698085.741889156,-10698085.120305933,-10698084.524220098,-10698083.953120355,-10698083.406486625,-10698082.883790424,-10698082.384495258,-10698081.908057053,-10698081.453924611,-10698081.021540098,-10698080.610339548,-10698080.219753414,-10698079.849207122,-10698079.498121675,-10698079.165914271,-10698078.851998955,-10698078.555787295,-10698078.276689079,-10698078.014113043,-10698077.767467618,-10698077.536161706,-10698077.319605462,-10698077.117211107,-10698076.928393755,-10698076.752572255,-10698076.589170033,-10698076.437615965,-10698076.297345228,-10698076.167800192,-10698076.048431259,-10698075.938697752,-10698075.83806875,-10698075.746023942,-10698075.66205444,-10698075.585663594,-10698075.516367748,-10698075.453697,-10698075.397195889,-10698075.34642407,-10698075.300956918,-10698075.260386098,-10698075.224320054,-10698075.192384467,-10698075.164222598,-10698075.139495617,-10698075.117882803,-10698075.099081693,-10698075.082808143,-10698075.068796296,-10698075.056798466,-10698075.04658495,-10698075.03794372,-10698075.03068006,-10698075.0246161,-10698075.019590275,-10698075.015456714,-10698075.012084547,-10698075.00935716,-10698075.007171378,-10698075.005436629,-10698075.004074035,-10698075.003015518,-10698075.002202857,-10698075.001586758,-10698075.001125932,-10698075.000786189,-10698075.00053957,-10698075.000363506,-10698075.000240054,-10698075.00015515,-10698075.000097971,-10698075.000060324,-10698075.000036143,-10698075.000021018,-10698075.000011835,-10698075.00000643,-10698075.00000336,-10698075.000001684,-10698075.000000805,-10698075.000000365,-10698075.000000156,-10698075.000000063,-10698075.000000022,-10698075.000000007,-10698075.000000004,-10698075.0,-10698075.0,-10698075.0,-10698075.0,-10698075.0,-10698075.0,-10698075.0,-10698075.0,-10698075.0,-10698075.0,-10698075.0,-10698075.0,-10698075.0,-10698075.0,-10698075.0,-10698075.0,-10698075.0,-10698075.0,-10698075.0,-10698075.0,-10698075.0,-10698075.0,0.0
60.5,-10654209.946882365,-10654206.740709713,-10654203.567263234,-10654200.426686965,-10654197.319121659,-10654194.244704705,-10654191.203570005,-10654188.195847861,-10654185.221664883,-10654182.281143863,-10654179.37440366,-10654176.501559095,-10654173.662720826,-10654170.857995223,-10654168.08748427,-10654165.35128541,-10654162.649491446,-10654159.982190402,-10654157.3494654,-10654154.751394533,-10654152.18805072,-10654149.6595016,-10654147.165809367,-10654144.707030665,-10654142.283216424,-10654139.894411743,-10654137.540655747,-10654135.221981434,-10654132.938415553,-10654130.689978452,-10654128.476683937,-10654126.298539132,-10654124.15554433,-10654122.047692854,-10654119.974970922,-10654117.937357482,-10654115.934824083,-10654113.967334734,-10654112.034845755,-10654110.137305632,-10654108.274654882,-10654106.446825914,-10654104.653742885,-10654102.895321565,-10654101.171469202,-10654099.482084392,-10654097.827056943,-10654096.206267748,-10654094.61958867,-10654093.066882398,-10654091.548002359,-10654090.062792577,-10654088.611087581,-10654087.192712294,-10654085.807481933,-10654084.45520192,-10654083.135667788,-10654081.8486651,-10654080.593969382,-10654079.371346053,-10654078.18055036,-10654077.021327332,-10654075.893411746,-10654074.796528079,-10654073.7303905,-10654072.69470285,-10654071.68915865,-10654070.713441104,-10654069.767223122,-10654068.850167371,-10654067.961926308,-10654067.102142256,-10654066.27044748,-10654065.466464274,-10654064.68980509,-10654063.940072648,-10654063.21686009,-10654062.519751133,-10654061.84832027,-10654061.202132948,-10654060.580745798,-10654059.98370688,-10654059.410555936,-10654058.860824674,-10654058.33403707,-10654057.829709694,-10654057.347352073,-10654056.886467032,-10654056.446551118,-10654056.027094994,-10654055.627583895,-10654055.247498086,-10654054.886313343,-10654054.543501476,-10654054.218530847,-10654053.910866939,-10654053.619972918,-10654053.345310254,-10654053.086339314,-10654052.842520015,-10654052.613312487,-10654052.39817773,-10654052.196578324,-10654052.007979123,-10654051.831847971,-10654051.667656437,-10654051.514880551,-10654051.373001542,-10654051.241506588,-10654051.119889565,-10654051.007651791,-10654050.904302763,-10654050.809360888,-10654050.72235421,-10654050.642821103,-10654050.570310961,-10654050.50438485,-10654050.44461615,-10654050.390591145,-10654050.34190959,-10654050.29818523,-10654050.259046286,-10654050.224135868,-10654050.193112371,-10654050.165649774,-10654050.141437907,-10654050.120182646,-10654050.10160604,-10654050.085446361,-10654050.071458109,-10654050.059411902,-10654050.049094342,-10654050.04030776,-10654050.032869937,-10654050.026613701,-10654050.021386504,-10654050.017049903,-10654050.013478998,-10654050.010561798,-10654050.008198557,-10654050.006301053,-10654050.004791833,-10654050.003603451,-10654050.002677657,-10654050.001964599,-10654050.001422036,-10654050.001014534,-10654050.0007127,-10654050.000492439,-10654050.000334255,-10654050.000222594,-10654050.00014522,-10654050.000092663,-10654050.000057727,-10654050.00003504,-10654050.00002068,-10654050.000011835,-10654050.000006553,-10654050.000003498,-10654050.000001792,-10654050.00000088,-10654050.000000412,-10654050.000000183,-10654050.000000076,-10654050.00000003,-10654050.000000011,-10654050.000000004,-10654050.0,-10654050.0,-10654050.0,-10654050.0,-10654050.0,-10654050.0,-10654050.0,-10654050.0,-10654050.0,-10654050.0,-10654050.0,-10654050.0,-10654050.0,-10654050.0,-10654050.0,-10654050.0,-10654050.0,-10654050.0,-10654050.0,-10654050.0,-10654050.0,-10654050.0,-10654050.0,0.0
60.25,-10610167.412174445,-10610164.481630418,-10610161.582536163,-10610158.715008074,-10610155.87915907,-10610153.07509846,-10610150.302931868,-10610147.562761106,-10610144.854684103,-10610142.178794775,-10610139.535182938,-10610136.923934184,-10610134.345129784,-10610131.798846584,-10610129.285156868,-10610126.804128285,-10610124.355823703,-10610121.940301105,-10610119.557613485,-10610117.20780871,-10610114.890929425,-10610112.607012916,-10610110.356091002,-10610108.13818991,-10610105.953330155,-10610103.801526425,-10610101.682787448,-10610099.597115874,-10610097.544508163,-10610095.524954446,-10610093.53843841,-10610091.584937178,-10610089.664421182,-10610087.776854046,-10610085.92219246,-10610084.100386057,-10610082.311377304,-10610080.555101369,-10610078.83148601,-10610077.140451469,-10610075.481910335,-10610073.855767451,-10610072.261919796,-10610070.700256377,-10610069.170658119,-10610067.672997775,-10610066.207139809,-10610064.772940315,-10610063.370246919,-10610061.998898689,-10610060.658726048,-10610059.34955071,-10610058.071185581,-10610056.823434718,-10610055.60609324,-10610054.418947294,-10610053.26177399,-10610052.13434136,-10610051.036408328,-10610049.967724673,-10610048.928031027,-10610047.917058839,-10610046.934530394,-10610045.980158811,-10610045.053648068,-10610044.154693022,-10610043.282979455,-10610042.438184127,-10610041.619974837,-10610040.8280105,-10610040.061941233,-10610039.321408471,-10610038.60604507,-10610037.915475443,-10610037.249315716,-10610036.607173882,-10610035.988649981,-10610035.393336302,-10610034.82081759,-10610034.270671275,-10610033.742467728,-10610033.235770522,-10610032.750136714,-10610032.285117153,-10610031.840256806,-10610031.415095087,-10610031.009166231,-10610030.621999674,-10610030.253120441,-10610029.902049582,-10610029.568304598,-10610029.251399904,-10610028.950847311,-10610028.666156506,-10610028.396835584,-10610028.142391568,-10610027.902330954,-10610027.676160276,-10610027.463386694,-10610027.263518568,-10610027.076066073,-10610026.900541808,-10610026.73646143,-10610026.583344273,-10610026.440713994,-10610026.308099212,-10610026.185034156,-10610026.071059305,-10610025.965722028,-10610025.86857722,-10610025.779187927,-10610025.69712596,-10610025.621972501,-10610025.553318677,-10610025.490766127,-10610025.433927542,-10610025.382427163,-10610025.335901279,-10610025.29399865,-10610025.256380925,-10610025.22272301,-10610025.192713374,-10610025.166054336,-10610025.142462274,-10610025.121667802,-10610025.103415877,-10610025.087465856,-10610025.07359149,-10610025.061580855,-10610025.051236235,-10610025.042373922,-10610025.034823976,-10610025.02842991,-10610025.02304833,-10610025.018548504,-10610025.014811898,-10610025.01173165,-10610025.00921201,-10610025.007167727,-10610025.00552342,-10610025.00421293,-10610025.003178624,-10610025.002370715,-10610025.001746573,-10610025.001270033,-10610025.00091073,-10610025.000643425,-10610025.000447396,-10610025.000305831,-10610025.000205271,-10610025.000135094,-10610025.000087047,-10610025.000054821,-10610025.000033686,-10610025.000020154,-10610025.000011712,-10610025.000006596,-10610025.000003587,-10610025.000001881,-10610025.000000946,-10610025.000000454,-10610025.000000209,-10610025.00000009,-10610025.000000037,-10610025.000000015,-10610025.000000004,-10610025.000000002,-10610025.0,-10610025.0,-10610025.0,-10610025.0,-10610025.0,-10610025.0,-10610025.0,-10610025.0,-10610025.0,-10610025.0,-10610025.0,-10610025.0,-10610025.0,-10610025.0,-10610025.0,-10610025.0,-10610025.0,-10610025.0,-10610025.0,-10610025.0,-10610025.0,-10610025.0,-10610025.0,0.0
60.0,-10566126.5592749,-10566123.886501595,-10566121.243831515,-10566118.631355494,-10566116.049160685,-10566113.4973305,-10566110.97594448,-10566108.485078236,-10566106.024803335,-10566103.595187213,-10566101.196293075,-10566098.828179799,-10566096.490901835,-10566094.184509117,-10566091.909046944,-10566089.664555907,-10566087.451071756,-10566085.268625319,-10566083.117242398,-10566080.996943653,-10566078.90774452,-10566076.84965508,-10566074.822679978,-10566072.826818313,-10566070.862063518,-10566068.928403277,-10566067.02581941,-10566065.154287761,-10566063.313778114,-10566061.50425407,-10566059.725672953,-10566057.977985704,-10566056.261136785,-10566054.575064074,-10566052.919698764,-10566051.294965263,-10566049.70078111,-10566048.137056869,-10566046.603696028,-10566045.100594928,-10566043.627642663,-10566042.18472099,-10566040.771704251,-10566039.388459291,-10566038.034845382,-10566036.710714146,-10566035.415909484,-10566034.150267515,-10566032.913616506,-10566031.705776824,-10566030.526560875,-10566029.375773057,-10566028.25320973,-10566027.15865916,-10566026.091901507,-10566025.052708792,-10566024.04084488,-10566023.056065481,-10566022.098118136,-10566021.166742228,-10566020.261669002,-10566019.38262158,-10566018.529315004,-10566017.701456267,-10566016.898744378,-10566016.120870411,-10566015.367517594,-10566014.638361385,-10566013.933069568,-10566013.251302365,-10566012.59271256,-10566011.956945632,-10566011.343639895,-10566010.752426673,-10566010.182930462,-10566009.634769127,-10566009.107554108,-10566008.60089063,-10566008.114377955,-10566007.64760961,-10566007.200173669,-10566006.771653032,-10566006.36162572,-10566005.969665188,-10566005.595340665,-10566005.238217488,-10566004.897857476,-10566004.5738193,-10566004.26565889,-10566003.972929837,-10566003.695183817,-10566003.431971047,-10566003.18284072,-10566002.947341498,-10566002.72502198,-10566002.5154312,-10566002.318119135,-10566002.132637233,-10566001.958538929,-10566001.795380183,-10566001.642720029,-10566001.50012112,-10566001.36715028,-10566001.24337906,-10566001.1283843,-10566001.021748668,-10566000.923061226,-10566000.831917966,-10566000.74792235,-10566000.670685831,-10566000.599828376,-10566000.534978945,-10566000.475775992,-10566000.421867903,-10566000.372913439,-10566000.328582142,-10566000.288554706,-10566000.252523333,-10566000.22019203,-10566000.191276887,-10566000.165506307,-10566000.142621193,-10566000.122375097,-10566000.104534311,-10566000.088877918,-10566000.075197792,-10566000.063298546,-10566000.052997421,-10566000.044124153,-10566000.036520734,-10566000.030041194,-10566000.024551261,-10566000.019928038,-10566000.016059583,-10566000.012844495,-10566000.01019142,-10566000.008018553,-10566000.006253103,-10566000.004830718,-10566000.003694927,-10566000.002796534,-10566000.002093036,-10566000.001548005,-10566000.001130525,-10566000.000814602,-10566000.0005786,-10566000.000404725,-10566000.000278499,-10566000.00018831,-10566000.00012495,-10566000.00008125,-10566000.000051696,-10566000.000032127,-10566000.000019467,-10566000.000011474,-10566000.000006564,-10566000.000003636,-10566000.000001945,-10566000.000001,-10566000.000000492,-10566000.000000231,-10566000.000000104,-10566000.000000045,-10566000.000000019,-10566000.000000007,-10566000.000000002,-10566000.0,-10566000.0,-10566000.0,-10566000.0,-10566000.0,-10566000.0,-10566000.0,-10566000.0,-10566000.0,-10566000.0,-10566000.0,-10566000.0,-10566000.0,-10566000.0,-10566000.0,-10566000.0,-10566000.0,-10566000.0,-10566000.0,-10566000.0,-10566000.0,-10566000.0,-10566000.0,-10566000.0,0.0
59.75,-10522087.25316672,-10522084.820937188,-10522082.417407785,-10522080.042645931,-10522077.69671528,-10522075.3796756,-10522073.091582708,-10522070.83248838,-10522068.602440272,-10522066.401481818,-10522064.229652168,-10522062.086986085,-10522059.973513857,-10522057.889261212,-10522055.834249236,-10522053.808494274,-10522051.812007844,-10522049.84479656,-10522047.906862026,-10522045.998200748,-10522044.118804052,-10522042.268658001,-10522040.447743284,-10522038.656035148,-10522036.8935033,-10522035.160111824,-10522033.455819082,-10522031.780577641,-10522030.134334184,-10522028.517029412,-10522026.928597983,-10522025.368968409,-10522023.838062983,-10522022.335797697,-10522020.86208217,-10522019.416819561,-10522017.999906505,-10522016.61123303,-10522015.2506825,-10522013.91813153,-10522012.613449944,-10522011.336500693,-10522010.087139811,-10522008.865216348,-10522007.670572327,-10522006.503042694,-10522005.362455279,-10522004.248630742,-10522003.16138256,-10522002.100516979,-10522001.065833006,-10522000.057122378,-10521999.07416955,-10521998.116751693,-10521997.184638698,-10521996.27759317,-10521995.395370444,-10521994.537718618,-10521993.704378564,-10521992.89508398,-10521992.10956142,-10521991.347530354,-10521990.608703237,-10521989.892785566,-10521989.199475974,-10521988.528466314,-10521987.879441759,-10521987.252080925,-10521986.646055978,-10521986.061032783,-10521985.496671045,-10521984.952624459,-10521984.42854089,-10521983.924062554,-10521983.438826207,-10521982.97246336,-10521982.524600498,-10521982.09485931,-10521981.68285694,-10521981.288206253,-10521980.9105161,-10521980.549391612,-10521980.204434505,-10521979.875243388,-10521979.5614141,-10521979.26254005,-10521978.978212569,-10521978.708021283,-10521978.451554494,-10521978.208399575,-10521977.978143374,-10521977.760372624,-10521977.554674381,-10521977.360636458,-10521977.177847864,-10521977.00589927,-10521976.844383463,-10521976.692895813,-10521976.551034752,-10521976.418402247,-10521976.294604283,-10521976.17925133,-10521976.071958844,-10521975.972347725,-10521975.880044807,-10521975.794683306,-10521975.715903297,-10521975.643352155,-10521975.576684996,-10521975.515565097,-10521975.459664311,-10521975.408663446,-10521975.362252638,-10521975.3201317,-10521975.282010432,-10521975.247608924,-10521975.216657806,-10521975.188898485,-10521975.164083341,-10521975.141975883,-10521975.122350873,-10521975.104994409,-10521975.089703962,-10521975.076288383,-10521975.064567864,-10521975.05437383,-10521975.045548841,-10521975.0379464,-10521975.031430744,-10521975.02587659,-10521975.021168843,-10521975.017202254,-10521975.013881065,-10521975.01111859,-10521975.008836813,-10521975.006965898,-10521975.005443739,-10521975.00421546,-10521975.003232896,-10521975.002454104,-10521975.00184282,-10521975.001367964,-10521975.001003131,-10521975.0007261,-10521975.000518348,-10521975.000364618,-10521975.00025247,-10521975.000171894,-10521975.00011494,-10521975.000075383,-10521975.000048421,-10521975.000030413,-10521975.000018647,-10521975.000011139,-10521975.000006467,-10521975.000003641,-10521975.000001982,-10521975.000001041,-10521975.000000525,-10521975.000000253,-10521975.000000117,-10521975.000000052,-10521975.000000022,-10521975.000000007,-10521975.000000004,-10521975.0,-10521975.0,-10521975.0,-10521975.0,-10521975.0,-10521975.0,-10521975.0,-10521975.0,-10521975.0,-10521975.0,-10521975.0,-10521975.0,-10521975.0,-10521975.0,-10521975.0,-10521975.0,-10521975.0,-10521975.0,-10521975.0,-10521975.0,-10521975.0,-10521975.0,-10521975.0,-10521975.0,-10521975.0,0.0
59.5,-10478049.366418932,-10478047.158185001,-10478044.977203984,-10478042.823522203,-10478040.697182113,-10478038.598222233,-10478036.526677076,-10478034.482577054,-10478032.465948429,-10478030.476813223,-10478028.51518913,-10478026.58108947,-10478024.67452308,-10478022.795494257,-10478020.944002677,-10478019.120043315,-10478017.323606372,-10478015.5546772,-10478013.813236222,-10478012.099258855,-10478010.412715439,-10478008.753571168,-10478007.121785998,-10478005.517314589,-10478003.940106228,-10478002.39010476,-10478000.867248505,-10477999.37147021,-10477997.902696956,-10477996.460850112,-10477995.045845255,-10477993.657592118,-10477992.29599452,-10477990.960950302,-10477989.652351283,-10477988.370083192,-10477987.114025623,-10477985.884051971,-10477984.680029403,-10477983.501818802,-10477982.349274717,-10477981.222245345,-10477980.120572478,-10477979.044091478,-10477977.992631253,-10477976.966014229,-10477975.964056335,-10477974.986566987,-10477974.03334907,-10477973.104198959,-10477972.198906485,-10477971.317254974,-10477970.45902124,-10477969.623975614,-10477968.81188196,-10477968.022497717,-10477967.255573928,-10477966.510855295,-10477965.788080227,-10477965.086980902,-10477964.407283338,-10477963.748707466,-10477963.110967223,-10477962.493770644,-10477961.89681996,-10477961.31981172,-10477960.762436913,-10477960.224381095,-10477959.705324534,-10477959.204942368,-10477958.722904762,-10477958.258877087,-10477957.812520105,-10477957.38349016,-10477956.971439391,-10477956.57601595,-10477956.196864229,-10477955.8336251,-10477955.48593618,-10477955.153432077,-10477954.835744683,-10477954.532503448,-10477954.243335685,-10477953.967866879,-10477953.705721006,-10477953.456520863,-10477953.219888408,-10477952.995445114,-10477952.78281233,-10477952.581611646,-10477952.39146527,-10477952.211996421,-10477952.042829711,-10477951.883591551,-10477951.733910553,-10477951.593417939,-10477951.461747952,-10477951.338538263,-10477951.223430406,-10477951.116070174,-10477951.01610804,-10477950.923199572,-10477950.837005831,-10477950.757193789,-10477950.683436697,-10477950.615414497,-10477950.552814178,-10477950.495330144,-10477950.442664556,-10477950.39452767,-10477950.350638144,-10477950.31072333,-10477950.274519548,-10477950.241772328,-10477950.212236635,-10477950.185677055,-10477950.161867974,-10477950.140593696,-10477950.121648557,-10477950.10483699,-10477950.08997355,-10477950.076882936,-10477950.065399937,-10477950.055369362,-10477950.046645936,-10477950.039094154,-10477950.032588098,-10477950.027011223,-10477950.022256108,-10477950.01822418,-10477950.014825389,-10477950.011977885,-10477950.009607641,-10477950.007648073,-10477950.006039627,-10477950.00472936,-10477950.003670514,-10477950.002822056,-10477950.002148252,-10477950.001618199,-10477950.001205405,-10477950.00088735,-10477950.000645055,-10477950.000462692,-10477950.000327194,-10477950.00022789,-10477950.000156172,-10477950.000105187,-10477950.000069542,-10477950.000045069,-10477950.000028592,-10477950.000017725,-10477950.000010718,-10477950.000006309,-10477950.000003608,-10477950.000001999,-10477950.00000107,-10477950.000000551,-10477950.000000272,-10477950.00000013,-10477950.000000058,-10477950.000000026,-10477950.000000011,-10477950.000000004,-10477950.0,-10477950.0,-10477950.0,-10477950.0,-10477950.0,-10477950.0,-10477950.0,-10477950.0,-10477950.0,-10477950.0,-10477950.0,-10477950.0,-10477950.0,-10477950.0,-10477950.0,-10477950.0,-10477950.0,-10477950.0,-10477950.0,-10477950.0,-10477950.0,-10477950.0,-10477950.0,-10477950.0,-10477950.0,-10477950.0,0.0
59.25,-10434012.778982015,-10434010.778916622,-10434008.804624058,-10434006.856131896,-10434004.933463823,-10434003.036639545,-10434001.165674761,-10433999.32058107,-10433997.501365915,-10433995.708032507,-10433993.940579774,-10433992.19900228,-10433990.483290177,-10433988.793429114,-10433987.129400196,-10433985.491179906,-10433983.878740048,-10433982.292047683,-10433980.73106505,-10433979.195749532,-10433977.686053574,-10433976.201924626,-10433974.743305087,-10433973.310132246,-10433971.902338222,-10433970.519849911,-10433969.162588935,-10433967.830471572,-10433966.52340873,-10433965.241305871,-10433963.984062988,-10433962.751574542,-10433961.543729423,-10433960.360410908,-10433959.201496627,-10433958.066858523,-10433956.956362812,-10433955.869869962,-10433954.807234667,-10433953.768305808,-10433952.752926446,-10433951.760933802,-10433950.792159231,-10433949.846428234,-10433948.923560431,-10433948.023369577,-10433947.145663548,-10433946.290244367,-10433945.4569082,-10433944.645445393,-10433943.855640473,-10433943.087272195,-10433942.340113569,-10433941.613931904,-10433940.908488851,-10433940.223540459,-10433939.558837235,-10433938.914124217,-10433938.289141038,-10433937.683622014,-10433937.097296227,-10433936.529887633,-10433935.98111516,-10433935.450692821,-10433934.938329833,-10433934.443730753,-10433933.966595618,-10433933.506620083,-10433933.063495588,-10433932.636909515,-10433932.22654537,-10433931.832082968,-10433931.453198621,-10433931.089565346,-10433930.740853077,-10433930.406728888,-10433930.086857224,-10433929.780900147,-10433929.488517584,-10433929.209367584,-10433928.943106603,-10433928.68938976,-10433928.447871145,-10433928.218204107,-10433928.00004156,-10433927.793036293,-10433927.596841294,-10433927.411110077,-10433927.235497015,-10433927.069657674,-10433926.913249169,-10433926.765930504,-10433926.627362933,-10433926.497210309,-10433926.375139449,-10433926.26082049,-10433926.153927252,-10433926.0541376,-10433925.961133793,-10433925.874602849,-10433925.794236884,-10433925.719733465,-10433925.650795948,-10433925.587133799,-10433925.528462922,-10433925.474505961,-10433925.424992595,-10433925.37965982,-10433925.338252224,-10433925.300522208,-10433925.266230244,-10433925.235145062,-10433925.207043847,-10433925.181712393,-10433925.158945251,-10433925.13854583,-10433925.12032649,-10433925.104108598,-10433925.08972255,-10433925.077007774,-10433925.065812701,-10433925.055994693,-10433925.04741996,-10433925.039963428,-10433925.033508595,-10433925.02794734,-10433925.02317971,-10433925.019113686,-10433925.015664926,-10433925.012756456,-10433925.010318376,-10433925.008287523,-10433925.006607126,-10433925.005226444,-10433925.00410039,-10433925.003189154,-10433925.002457812,-10433925.001875952,-10433925.001417272,-10433925.001059212,-10433925.000782587,-10433925.00057121,-10433925.000411572,-10433925.0002925,-10433925.000204857,-10433925.000141252,-10433925.000095785,-10433925.000063807,-10433925.0000417,-10433925.000026701,-10433925.000016723,-10433925.00001023,-10433925.000006098,-10433925.000003539,-10433925.000001991,-10433925.000001084,-10433925.00000057,-10433925.000000289,-10433925.000000142,-10433925.000000065,-10433925.00000003,-10433925.000000011,-10433925.000000004,-10433925.000000002,-10433925.0,-10433925.0,-10433925.0,-10433925.0,-10433925.0,-10433925.0,-10433925.0,-10433925.0,-10433925.0,-10433925.0,-10433925.0,-10433925.0,-10433925.0,-10433925.0,-10433925.0,-10433925.0,-10433925.0,-10433925.0,-10433925.0,-10433925.0,-10433925.0,-10433925.0,-10433925.0,-10433925.0,-10433925.0,-10433925.0,0.0
59.0,-10389977.37794533,-10389975.570980035,-10389973.788284516,-10389972.029870033,-10389970.295743944,-10389968.585909672,-10389966.900366627,-10389965.239110168,-10389963.60213153,-10389961.98941778,-10389960.400951745,-10389958.83671198,-10389957.29667269,-10389955.780803688,-10389954.289070342,-10389952.821433507,-10389951.377849502,-10389949.958270026,-10389948.56264213,-10389947.190908156,-10389945.843005702,-10389944.518867549,-10389943.218421657,-10389941.941591073,-10389940.68829393,-10389939.458443377,-10389938.251947556,-10389937.06870956,-10389935.90862739,-10389934.771593934,-10389933.657496927,-10389932.566218928,-10389931.497637283,-10389930.451624116,-10389929.428046292,-10389928.42676541,-10389927.447637783,-10389926.490514424,-10389925.555241037,-10389924.641658017,-10389923.74960044,-10389922.878898066,-10389922.029375345,-10389921.200851435,-10389920.393140199,-10389919.606050234,-10389918.839384895,-10389918.092942312,-10389917.366515433,-10389916.659892056,-10389915.972854871,-10389915.305181509,-10389914.656644598,-10389914.027011817,-10389913.416045967,-10389912.823505038,-10389912.24914229,-10389911.692706335,-10389911.15394123,-10389910.632586574,-10389910.128377609,-10389909.64104534,-10389909.170316644,-10389908.71591441,-10389908.277557656,-10389907.854961688,-10389907.447838236,-10389907.05589562,-10389906.678838905,-10389906.316370092,-10389905.968188284,-10389905.633989876,-10389905.313468758,-10389905.006316524,-10389904.712222671,-10389904.430874836,-10389904.161959015,-10389903.905159805,-10389903.660160646,-10389903.426644074,-10389903.204291977,-10389902.992785867,-10389902.791807149,-10389902.60103739,-10389902.420158627,-10389902.248853633,-10389902.086806227,-10389901.933701564,-10389901.78922645,-10389901.653069638,-10389901.52492214,-10389901.40447754,-10389901.291432314,-10389901.185486123,-10389901.086342152,-10389900.993707396,-10389900.90729299,-10389900.826814497,-10389900.751992222,-10389900.682551501,-10389900.618222995,-10389900.558742963,-10389900.503853545,-10389900.453303017,-10389900.40684604,-10389900.36424391,-10389900.325264763,-10389900.289683804,-10389900.257283485,-10389900.227853686,-10389900.201191865,-10389900.177103203,-10389900.155400716,-10389900.13590534,-10389900.118446007,-10389900.102859695,-10389900.088991437,-10389900.076694334,-10389900.065829508,-10389900.05626606,-10389900.047880985,-10389900.04055906,-10389900.03419273,-10389900.028681923,-10389900.023933895,-10389900.019863013,-10389900.016390532,-10389900.013444344,-10389900.01095872,-10389900.008874021,-10389900.007136408,-10389900.005697515,-10389900.00451415,-10389900.003547955,-10389900.002765067,-10389900.002135795,-10389900.001634277,-10389900.001238152,-10389900.000928234,-10389900.000688192,-10389900.000504244,-10389900.00036487,-10389900.000260536,-10389900.000183426,-10389900.000127207,-10389900.000086818,-10389900.000058245,-10389900.000038367,-10389900.00002478,-10389900.000015672,-10389900.00000969,-10389900.000005847,-10389900.000003437,-10389900.000001963,-10389900.000001088,-10389900.000000583,-10389900.000000302,-10389900.000000149,-10389900.00000007,-10389900.000000034,-10389900.000000015,-10389900.000000006,-10389900.000000002,-10389900.0,-10389900.0,-10389900.0,-10389900.0,-10389900.0,-10389900.0,-10389900.0,-10389900.0,-10389900.0,-10389900.0,-10389900.0,-10389900.0,-10389900.0,-10389900.0,-10389900.0,-10389900.0,-10389900.0,-10389900.0,-10389900.0,-10389900.0,-10389900.0,-10389900.0,-10389900.0,-10389900.0,-10389900.0,-10389900.0,-10389900.0,0.0
58.75,-10345943.05725694,-10345941.429115357,-10345939.823726032,-10345938.241086364,-10345936.681189902,-10345935.144026296,-10345933.629581247,-10345932.137836454,-10345930.668769587,-10345929.222354213,-10345927.79855977,-10345926.3973515,-10345925.018690437,-10345923.662533334,-10345922.328832623,-10345921.01753639,-10345919.728588324,-10345918.461927675,-10345917.217489216,-10345915.995203217,-10345914.794995388,-10345913.61678687,-10345912.460494185,-10345911.326029211,-10345910.213299155,-10345909.12220652,-10345908.052649084,-10345907.00451988,-10345905.97770717,-10345904.972094424,-10345903.987560313,-10345903.023978682,-10345902.081218556,-10345901.159144117,-10345900.257614702,-10345899.376484808,-10345898.515604082,-10345897.674817331,-10345896.853964528,-10345896.052880822,-10345895.271396551,-10345894.509337269,-10345893.766523749,-10345893.042772029,-10345892.337893436,-10345891.65169461,-10345890.983977564,-10345890.3345397,-10345889.703173885,-10345889.08966849,-10345888.493807446,-10345887.915370317,-10345887.354132362,-10345886.80986461,-10345886.282333948,-10345885.771303192,-10345885.27653119,-10345884.797772918,-10345884.334779583,-10345883.887298724,-10345883.455074344,-10345883.037847023,-10345882.63535405,-10345882.247329546,-10345881.873504633,-10345881.513607558,-10345881.16736386,-10345880.834496528,-10345880.514726177,-10345880.207771214,-10345879.91334803,-10345879.631171186,-10345879.360953601,-10345879.102406768,-10345878.855240956,-10345878.61916542,-10345878.393888637,-10345878.179118518,-10345877.974562645,-10345877.779928518,-10345877.59492379,-10345877.419256518,-10345877.252635416,-10345877.09477011,-10345876.945371406,-10345876.80415155,-10345876.67082449,-10345876.545106158,-10345876.426714726,-10345876.315370895,-10345876.21079815,-10345876.112723045,-10345876.020875473,-10345875.934988927,-10345875.854800776,-10345875.780052524,-10345875.710490074,-10345875.645863976,-10345875.585929673,-10345875.530447755,-10345875.479184173,-10345875.431910472,-10345875.38840401,-10345875.348448144,-10345875.311832435,-10345875.278352812,-10345875.24781174,-10345875.220018368,-10345875.194788657,-10345875.17194549,-10345875.151318766,-10345875.13274549,-10345875.116069809,-10345875.101143066,-10345875.0878238,-10345875.07597776,-10345875.065477852,-10345875.056204114,-10345875.048043627,-10345875.040890437,-10345875.034645429,-10345875.029216196,-10345875.024516884,-10345875.020468019,-10345875.016996307,-10345875.014034428,-10345875.011520797,-10345875.009399343,-10345875.007619228,-10345875.0061346,-10345875.004904302,-10345875.003891598,-10345875.003063884,-10345875.002392387,-10345875.001851888,-10345875.001420423,-10345875.001078997,-10345875.000811309,-10345875.000603477,-10345875.000443783,-10345875.000322416,-10345875.00023125,-10345875.000163611,-10345875.000114089,-10345875.000078335,-10345875.000052907,-10345875.000035107,-10345875.000022862,-10345875.000014592,-10345875.000009112,-10345875.000005562,-10345875.000003308,-10345875.000001917,-10345875.000001078,-10345875.000000589,-10345875.00000031,-10345875.000000156,-10345875.000000076,-10345875.000000035,-10345875.000000015,-10345875.000000007,-10345875.000000004,-10345875.0,-10345875.0,-10345875.0,-10345875.0,-10345875.0,-10345875.0,-10345875.0,-10345875.0,-10345875.0,-10345875.0,-10345875.0,-10345875.0,-10345875.0,-10345875.0,-10345875.0,-10345875.0,-10345875.0,-10345875.0,-10345875.0,-10345875.0,-10345875.0,-10345875.0,-10345875.0,-10345875.0,-10345875.0,-10345875.0,-10345875.0,-10345875.0,0.0
58.5,-10301909.717405692,-10301908.254633699,-10301906.81308898,-10301905.392757565,-10301903.9936217,-10301902.61565981,-10301901.258846452,-10301899.923152283,-10301898.608544007,-10301897.314984359,-10301896.042432053,-10301894.790841747,-10301893.560164006,-10301892.350345276,-10301891.161327844,-10301889.993049812,-10301888.845445069,-10301887.718443245,-10301886.611969706,-10301885.525945516,-10301884.460287418,-10301883.414907813,-10301882.389714727,-10301881.38461181,-10301880.399498308,-10301879.434269052,-10301878.48881445,-10301877.563020471,-10301876.656768635,-10301875.769936018,-10301874.902395241,-10301874.054014474,-10301873.224657431,-10301872.414183391,-10301871.622447193,-10301870.849299252,-10301870.094585575,-10301869.358147778,-10301868.639823109,-10301867.93944447,-10301867.256840449,-10301866.591835352,-10301865.944249235,-10301865.313897952,-10301864.700593194,-10301864.104142535,-10301863.524349496,-10301862.961013585,-10301862.41393038,-10301861.882891577,-10301861.36768507,-10301860.86809503,-10301860.383901972,-10301859.914882865,-10301859.460811196,-10301859.02145709,-10301858.596587393,-10301858.185965797,-10301857.789352937,-10301857.406506516,-10301857.037181433,-10301856.681129904,-10301856.338101603,-10301856.0078438,-10301855.690101508,-10301855.384617634,-10301855.091133144,-10301854.80938721,-10301854.539117403,-10301854.28005984,-10301854.03194939,-10301853.794519834,-10301853.567504086,-10301853.350634359,-10301853.14364238,-10301852.9462596,-10301852.758217389,-10301852.579247266,-10301852.409081109,-10301852.247451372,-10301852.094091326,-10301851.948735274,-10301851.811118785,-10301851.680978933,-10301851.558054525,-10301851.442086346,-10301851.33281739,-10301851.229993101,-10301851.133361608,-10301851.042673972,-10301850.957684405,-10301850.878150525,-10301850.803833563,-10301850.734498613,-10301850.669914834,-10301850.609855685,-10301850.554099135,-10301850.502427856,-10301850.454629432,-10301850.41049655,-10301850.369827174,-10301850.332424719,-10301850.298098212,-10301850.266662443,-10301850.237938091,-10301850.211751856,-10301850.187936567,-10301850.166331263,-10301850.146781292,-10301850.129138356,-10301850.113260562,-10301850.09901245,-10301850.086265001,-10301850.07489564,-10301850.064788189,-10301850.055832844,-10301850.047926093,-10301850.04097065,-10301850.03487535,-10301850.029555026,-10301850.024930384,-10301850.020927839,-10301850.017479358,-10301850.014522277,-10301850.0119991,-10301850.00985729,-10301850.008049047,-10301850.00653109,-10301850.0052644,-10301850.004213993,-10301850.003348652,-10301850.00264069,-10301850.002065692,-10301850.001602251,-10301850.001231734,-10301850.000938024,-10301850.000707287,-10301850.000527738,-10301850.000389423,-10301850.000284005,-10301850.00020456,-10301850.000145406,-10301850.000101916,-10301850.000070378,-10301850.000047833,-10301850.000031963,-10301850.000020977,-10301850.000013502,-10301850.000008512,-10301850.000005249,-10301850.000003159,-10301850.000001855,-10301850.000001058,-10301850.000000585,-10301850.000000313,-10301850.000000164,-10301850.000000082,-10301850.00000004,-10301850.000000019,-10301850.000000007,-10301850.000000004,-10301850.0,-10301850.0,-10301850.0,-10301850.0,-10301850.0,-10301850.0,-10301850.0,-10301850.0,-10301850.0,-10301850.0,-10301850.0,-10301850.0,-10301850.0,-10301850.0,-10301850.0,-10301850.0,-10301850.0,-10301850.0,-10301850.0,-10301850.0,-10301850.0,-10301850.0,-10301850.0,-10301850.0,-10301850.0,-10301850.0,-10301850.0,-10301850.0,-10301850.0,0.0
58.25,-10257877.26506459,-10257875.955058318,-10257874.6647523,-10257873.394123686,-10257872.143145937,-10257870.911788795,-10257869.700018236,-10257868.507796451,-10257867.335081812,-10257866.181828834,-10257865.04798816,-10257863.933506526,-10257862.83832673,-10257861.762387617,-10257860.705624051,-10257859.667966895,-10257858.64934298,-10257857.649675112,-10257856.668882022,-10257855.706878373,-10257854.763574746,-10257853.838877615,-10257852.932689352,-10257852.04490821,-10257851.175428323,-10257850.324139697,-10257849.490928218,-10257848.67567565,-10257847.878259629,-10257847.098553691,-10257846.33642726,-10257845.591745675,-10257844.864370195,-10257844.154158024,-10257843.460962329,-10257842.784632262,-10257842.12501299,-10257841.481945725,-10257840.85526776,-10257840.244812498,-10257839.650409505,-10257839.071884543,-10257838.50905963,-10257837.961753078,-10257837.429779561,-10257836.912950171,-10257836.411072481,-10257835.923950616,-10257835.451385323,-10257834.993174043,-10257834.549111005,-10257834.118987301,-10257833.702590983,-10257833.299707156,-10257832.910118066,-10257832.533603229,-10257832.16993951,-10257831.818901267,-10257831.480260447,-10257831.153786711,-10257830.83924758,-10257830.53640855,-10257830.24503323,-10257829.964883503,-10257829.695719646,-10257829.437300507,-10257829.189383645,-10257828.951725496,-10257828.724081546,-10257828.506206486,-10257828.297854401,-10257828.098778943,-10257827.908733502,-10257827.727471415,-10257827.554746134,-10257827.390311431,-10257827.233921587,-10257827.085331602,-10257826.944297379,-10257826.810575942,-10257826.683925636,-10257826.564106334,-10257826.450879648,-10257826.344009127,-10257826.243260484,-10257826.148401786,-10257826.059203675,-10257825.975439575,-10257825.896885881,-10257825.823322186,-10257825.754531464,-10257825.690300267,-10257825.630418926,-10257825.574681737,-10257825.522887127,-10257825.47483786,-10257825.430341177,-10257825.38920897,-10257825.351257944,-10257825.316309744,-10257825.284191104,-10257825.254733961,-10257825.227775581,-10257825.20315865,-10257825.180731371,-10257825.160347534,-10257825.14186659,-10257825.125153692,-10257825.110079736,-10257825.096521378,-10257825.08436104,-10257825.073486906,-10257825.063792888,-10257825.05517859,-10257825.047549257,-10257825.040815689,-10257825.03489416,-10257825.029706325,-10257825.025179084,-10257825.02124447,-10257825.017839484,-10257825.014905954,-10257825.012390355,-10257825.010243632,-10257825.008421008,-10257825.006881792,-10257825.005589155,-10257825.00450994,-10257825.00361443,-10257825.002876129,-10257825.002271555,-10257825.001779996,-10257825.001383312,-10257825.00106571,-10257825.00081353,-10257825.000615047,-10257825.000460269,-10257825.000340747,-10257825.000249404,-10257825.000180356,-10257825.000128768,-10257825.000090698,-10257825.000062969,-10257825.000043053,-10257825.00002896,-10257825.000019144,-10257825.000012422,-10257825.000007901,-10257825.000004921,-10257825.000002995,-10257825.000001779,-10257825.000001028,-10257825.000000577,-10257825.000000315,-10257825.000000166,-10257825.000000086,-10257825.000000041,-10257825.000000019,-10257825.000000007,-10257825.000000004,-10257825.000000002,-10257825.0,-10257825.0,-10257825.0,-10257825.0,-10257825.0,-10257825.0,-10257825.0,-10257825.0,-10257825.0,-10257825.0,-10257825.0,-10257825.0,-10257825.0,-10257825.0,-10257825.0,-10257825.0,-10257825.0,-10257825.0,-10257825.0,-10257825.0,-10257825.0,-10257825.0,-10257825.0,-10257825.0,-10257825.0,-10257825.0,-10257825.0,-10257825.0,-10257825.0,0.0
58.0,-10213845.612693843,-10213844.443726508,-10213843.29293415,-10213842.16028753,-10213841.04575383,-10213839.949296623,-10213838.87087586,-10213837.810447823,-10213836.767965123,-10213835.743376665,-10213834.736627623,-10213833.747659443,-10213832.776409794,-10213831.822812576,-10213830.886797894,-10213829.968292043,-10213829.067217503,-10213828.183492925,-10213827.317033123,-10213826.46774907,-10213825.635547893,-10213824.82033287,-10213824.022003423,-10213823.240455147,-10213822.475579772,-10213821.727265209,-10213820.995395541,-10213820.27985103,-10213819.580508146,-10213818.897239575,-10213818.229914237,-10213817.578397313,-10213816.942550272,-10213816.32223089,-10213815.717293292,-10213815.127587982,-10213814.552961875,-10213813.99325835,-10213813.448317274,-10213812.917975083,-10213812.402064791,-10213811.900416076,-10213811.412855329,-10213810.939205706,-10213810.479287207,-10213810.03291674,-10213809.599908184,-10213809.180072485,-10213808.773217719,-10213808.379149191,-10213807.997669507,-10213807.628578683,-10213807.271674234,-10213806.92675127,-10213806.593602614,-10213806.272018898,-10213805.961788684,-10213805.662698574,-10213805.374533346,-10213805.097076058,-10213804.8301082,-10213804.573409803,-10213804.326759608,-10213804.089935176,-10213803.862713048,-10213803.6448689,-10213803.436177682,-10213803.236413784,-10213803.045351192,-10213802.862763647,-10213802.688424822,-10213802.52210848,-10213802.363588646,-10213802.21263979,-10213802.069036998,-10213801.932556145,-10213801.802974088,-10213801.680068834,-10213801.563619733,-10213801.453407656,-10213801.349215183,-10213801.250826783,-10213801.158029005,-10213801.070610657,-10213800.988362983,-10213800.911079857,-10213800.838557955,-10213800.770596925,-10213800.706999574,-10213800.647572028,-10213800.592123901,-10213800.540468462,-10213800.492422778,-10213800.447807882,-10213800.406448906,-10213800.36817522,-10213800.332820565,-10213800.30022318,-10213800.270225897,-10213800.24267628,-10213800.217426684,-10213800.194334364,-10213800.173261534,-10213800.154075451,-10213800.136648443,-10213800.120857961,-10213800.106586613,-10213800.09372216,-10213800.082157543,-10213800.071790844,-10213800.06252528,-10213800.054269169,-10213800.046935856,-10213800.040443677,-10213800.034715855,-10213800.029680435,-10213800.025270155,-10213800.021422355,-10213800.018078834,-10213800.015185725,-10213800.012693334,-10213800.010555996,-10213800.008731902,-10213800.007182933,-10213800.005874474,-10213800.00477523,-10213800.003857046,-10213800.003094707,-10213800.002465755,-10213800.001950277,-10213800.00153074,-10213800.00119178,-10213800.000920027,-10213800.000703916,-10213800.000533517,-10213800.000400374,-10213800.000297323,-10213800.000218367,-10213800.000158511,-10213800.000113646,-10213800.000080416,-10213800.000056116,-10213800.000038583,-10213800.000026114,-10213800.000017382,-10213800.000011364,-10213800.00000729,-10213800.000004582,-10213800.000002816,-10213800.000001691,-10213800.00000099,-10213800.000000564,-10213800.000000313,-10213800.000000168,-10213800.000000086,-10213800.000000045,-10213800.00000002,-10213800.00000001,-10213800.000000004,-10213800.000000002,-10213800.0,-10213800.0,-10213800.0,-10213800.0,-10213800.0,-10213800.0,-10213800.0,-10213800.0,-10213800.0,-10213800.0,-10213800.0,-10213800.0,-10213800.0,-10213800.0,-10213800.0,-10213800.0,-10213800.0,-10213800.0,-10213800.0,-10213800.0,-10213800.0,-10213800.0,-10213800.0,-10213800.0,-10213800.0,-10213800.0,-10213800.0,-10213800.0,-10213800.0,-10213800.0,0.0
57.75,-10169814.67810063,-10169813.639349451,-10169812.617251795,-10169811.611774499,-10169810.62288094,-10169809.650531035,-10169808.694681203,-10169807.755284356,-10169806.83228988,-10169805.925643615,-10169805.03528785,-10169804.161161294,-10169803.303199086,-10169802.461332768,-10169801.635490287,-10169800.825595979,-10169800.03157058,-10169799.253331207,-10169798.49079137,-10169797.74386097,-10169797.0124463,-10169796.296450052,-10169795.595771328,-10169794.91030565,-10169794.239944972,-10169793.584577687,-10169792.944088658,-10169792.318359235,-10169791.70726727,-10169791.110687148,-10169790.528489817,-10169789.960542815,-10169789.406710306,-10169788.866853116,-10169788.340828773,-10169787.828491544,-10169787.329692496,-10169786.844279528,-10169786.372097429,-10169785.912987938,-10169785.466789797,-10169785.033338813,-10169784.61246793,-10169784.204007285,-10169783.807784293,-10169783.423623718,-10169783.051347747,-10169782.69077608,-10169782.341726013,-10169782.004012529,-10169781.677448388,-10169781.36184423,-10169781.057008669,-10169780.762748402,-10169780.478868317,-10169780.205171596,-10169779.94145985,-10169779.687533205,-10169779.44319046,-10169779.20822918,-10169778.982445855,-10169778.765636005,-10169778.557594324,-10169778.35811483,-10169778.16699099,-10169777.98401587,-10169777.808982283,-10169777.641682938,-10169777.481910586,-10169777.329458185,-10169777.18411904,-10169777.045686977,-10169776.913956493,-10169776.788722917,-10169776.66978258,-10169776.556932967,-10169776.449972887,-10169776.348702632,-10169776.252924154,-10169776.162441209,-10169776.077059537,-10169775.996587018,-10169775.920833826,-10169775.849612601,-10169775.782738596,-10169775.720029835,-10169775.661307264,-10169775.606394898,-10169775.555119973,-10169775.507313069,-10169775.462808263,-10169775.421443243,-10169775.383059446,-10169775.347502172,-10169775.314620685,-10169775.28426833,-10169775.256302625,-10169775.230585352,-10169775.206982624,-10169775.185364977,-10169775.165607417,-10169775.147589475,-10169775.131195247,-10169775.116313439,-10169775.102837367,-10169775.090664983,-10169775.079698864,-10169775.069846213,-10169775.061018817,-10169775.053133028,-10169775.046109706,-10169775.039874166,-10169775.034356114,-10169775.029489556,-10169775.025212716,-10169775.02146793,-10169775.018201541,-10169775.015363779,-10169775.012908626,-10169775.010793688,-10169775.008980043,-10169775.0074321,-10169775.006117433,-10169775.00500664,-10169775.00407315,-10169775.003293082,-10169775.002645068,-10169775.002110075,-10169775.00167126,-10169775.00131378,-10169775.001024637,-10169775.000792526,-10169775.000607671,-10169775.000461675,-10169775.00034738,-10169775.000258729,-10169775.000190638,-10169775.00013888,-10169775.000099968,-10169775.000071047,-10169775.000049818,-10169775.000034437,-10169775.000023443,-10169775.000015706,-10169775.000010341,-10169775.000006687,-10169775.00000424,-10169775.00000263,-10169775.000001598,-10169775.000000946,-10169775.000000548,-10169775.000000307,-10169775.000000168,-10169775.00000009,-10169775.000000045,-10169775.000000022,-10169775.000000011,-10169775.000000004,-10169775.000000002,-10169775.0,-10169775.0,-10169775.0,-10169775.0,-10169775.0,-10169775.0,-10169775.0,-10169775.0,-10169775.0,-10169775.0,-10169775.0,-10169775.0,-10169775.0,-10169775.0,-10169775.0,-10169775.0,-10169775.0,-10169775.0,-10169775.0,-10169775.0,-10169775.0,-10169775.0,-10169775.0,-10169775.0,-10169775.0,-10169775.0,-10169775.0,-10169775.0,-10169775.0,-10169775.0,-10169775.0,0.0
57.5,-10125784.383951731,-10125783.46552628,-10125782.562237032,-10125781.67404932,-10125780.800925173,-10125779.942823302,-10125779.099699073,-10125778.271504506,-10125777.458188254,-10125776.659695601,-10125775.875968445,-10125775.1069453,-10125774.352561278,-10125773.612748098,-10125772.887434073,-10125772.176544124,-10125771.479999766,-10125770.797719123,-10125770.12961693,-10125769.475604538,-10125768.835589934,-10125768.209477745,-10125767.59716925,-10125766.998562407,-10125766.413551863,-10125765.842028989,-10125765.283881882,-10125764.738995414,-10125764.207251253,-10125763.68852789,-10125763.182700679,-10125762.68964188,-10125762.209220687,-10125761.741303278,-10125761.285752865,-10125760.842429733,-10125760.411191301,-10125759.991892174,-10125759.584384196,-10125759.188516516,-10125758.804135662,-10125758.431085581,-10125758.06920774,-10125757.718341175,-10125757.378322592,-10125757.048986422,-10125756.730164919,-10125756.421688247,-10125756.123384561,-10125755.835080108,-10125755.556599319,-10125755.28776491,-10125755.02839798,-10125754.778318122,-10125754.537343528,-10125754.305291105,-10125754.081976581,-10125753.867214631,-10125753.66081899,-10125753.462602586,-10125753.272377647,-10125753.089955855,-10125752.915148454,-10125752.74776639,-10125752.587620456,-10125752.434521407,-10125752.28828013,-10125752.148707747,-10125752.015615795,-10125751.888816342,-10125751.768122144,-10125751.65334679,-10125751.544304842,-10125751.440811992,-10125751.342685202,-10125751.24974285,-10125751.161804885,-10125751.078692961,-10125751.000230597,-10125750.926243307,-10125750.856558751,-10125750.79100687,-10125750.729420036,-10125750.67163317,-10125750.617483892,-10125750.566812634,-10125750.519462783,-10125750.475280793,-10125750.434116302,-10125750.395822246,-10125750.360254966,-10125750.327274313,-10125750.29674374,-10125750.268530387,-10125750.242505174,-10125750.218542866,-10125750.196522145,-10125750.176325668,-10125750.15784012,-10125750.140956258,-10125750.125568941,-10125750.11157716,-10125750.09888405,-10125750.087396894,-10125750.077027133,-10125750.067690335,-10125750.059306186,-10125750.051798448,-10125750.045094933,-10125750.039127424,-10125750.033831645,-10125750.029147163,-10125750.025017329,-10125750.021389175,-10125750.018213328,-10125750.0154439,-10125750.013038374,-10125750.01095749,-10125750.009165116,-10125750.007628124,-10125750.006316245,-10125750.005201932,-10125750.004260227,-10125750.003468605,-10125750.002806827,-10125750.0022568,-10125750.001802426,-10125750.001429457,-10125750.00112535,-10125750.000879124,-10125750.000681225,-10125750.0005234,-10125750.000398554,-10125750.000300642,-10125750.000224542,-10125750.000165962,-10125750.000121314,-10125750.000087652,-10125750.000062553,-10125750.000044063,-10125750.00003061,-10125750.000020955,-10125750.000014124,-10125750.000009364,-10125750.000006098,-10125750.000003897,-10125750.000002442,-10125750.000001498,-10125750.000000898,-10125750.000000525,-10125750.000000298,-10125750.000000164,-10125750.00000009,-10125750.000000045,-10125750.000000022,-10125750.000000011,-10125750.000000004,-10125750.000000002,-10125750.0,-10125750.0,-10125750.0,-10125750.0,-10125750.0,-10125750.0,-10125750.0,-10125750.0,-10125750.0,-10125750.0,-10125750.0,-10125750.0,-10125750.0,-10125750.0,-10125750.0,-10125750.0,-10125750.0,-10125750.0,-10125750.0,-10125750.0,-10125750.0,-10125750.0,-10125750.0,-10125750.0,-10125750.0,-10125750.0,-10125750.0,-10125750.0,-10125750.0,-10125750.0,-10125750.0,-10125750.0,0.0
57.25,-10081754.657233503,-10081753.850206975,-10081753.056801934,-10081752.276984608,-10081751.510718074,-10081750.757962247,-10081750.018673865,-10081749.292806484,-10081748.580310466,-10081747.881132983,-10081747.195217995,-10081746.522506265,-10081745.862935346,-10081745.21643959,-10081744.582950145,-10081743.96239496,-10081743.354698794,-10081742.759783227,-10081742.177566662,-10081741.607964352,-10081741.050888397,-10081740.50624778,-10081739.973948369,-10081739.453892954,-10081738.945981264,-10081738.450109994,-10081737.966172831,-10081737.494060496,-10081737.033660768,-10081736.584858526,-10081736.147535788,-10081735.721571751,-10081735.30684284,-10081734.90322275,-10081734.510582505,-10081734.1287905,-10081733.75771257,-10081733.39721203,-10081733.047149766,-10081732.707384273,-10081732.377771731,-10081732.058166083,-10081731.748419097,-10081731.448380454,-10081731.157897815,-10081730.876816917,-10081730.604981646,-10081730.34223413,-10081730.088414831,-10081729.84336264,-10081729.606914967,-10081729.378907852,-10081729.159176046,-10081728.947553143,-10081728.743871666,-10081728.547963187,-10081728.359658433,-10081728.178787408,-10081728.005179504,-10081727.838663619,-10081727.679068282,-10081727.526221778,-10081727.37995226,-10081727.240087893,-10081727.106456969,-10081726.978888039,-10081726.857210048,-10081726.741252456,-10081726.630845383,-10081726.525819734,-10081726.42600733,-10081726.331241049,-10081726.24135495,-10081726.15618441,-10081726.075566266,-10081725.999338925,-10081725.927342515,-10081725.859419003,-10081725.79541232,-10081725.7351685,-10081725.678535787,-10081725.625364767,-10081725.575508483,-10081725.528822541,-10081725.485165235,-10081725.444397643,-10081725.406383738,-10081725.370990481,-10081725.338087913,-10081725.30754925,-10081725.279250957,-10081725.25307284,-10081725.228898095,-10081725.206613394,-10081725.186108926,-10081725.167278461,-10081725.150019385,-10081725.134232737,-10081725.119823236,-10081725.106699314,-10081725.094773106,-10081725.083960474,-10081725.07418099,-10081725.065357931,-10081725.057418257,-10081725.05029257,-10081725.0439151,-10081725.038223628,-10081725.03315946,-10081725.028667346,-10081725.024695419,-10081725.021195112,-10081725.018121075,-10081725.01543109,-10081725.013085958,-10081725.011049412,-10081725.009287994,-10081725.007770954,-10081725.006470118,-10081725.00535978,-10081725.004416564,-10081725.003619311,-10081725.00294894,-10081725.002388325,-10081725.001922164,-10081725.00153685,-10081725.001220345,-10081725.000962066,-10081725.00075274,-10081725.00058431,-10081725.00044981,-10081725.000343258,-10081725.000259548,-10081725.000194367,-10081725.000144077,-10081725.00010566,-10081725.000076612,-10081725.00005489,-10081725.000038832,-10081725.000027105,-10081725.000018654,-10081725.000012645,-10081725.000008438,-10081725.000005534,-10081725.000003565,-10081725.000002252,-10081725.000001393,-10081725.000000844,-10081725.0000005,-10081725.000000287,-10081725.00000016,-10081725.000000088,-10081725.000000047,-10081725.000000022,-10081725.000000011,-10081725.000000006,-10081725.000000004,-10081725.0,-10081725.0,-10081725.0,-10081725.0,-10081725.0,-10081725.0,-10081725.0,-10081725.0,-10081725.0,-10081725.0,-10081725.0,-10081725.0,-10081725.0,-10081725.0,-10081725.0,-10081725.0,-10081725.0,-10081725.0,-10081725.0,-10081725.0,-10081725.0,-10081725.0,-10081725.0,-10081725.0,-10081725.0,-10081725.0,-10081725.0,-10081725.0,-10081725.0,-10081725.0,-10081725.0,-10081725.0,-10081725.0,0.0
57.0,-10037725.428652186,-10037724.7250972,-10037724.033648197,-10037723.354274638,-10037722.686942993,-10037722.031616736,-10037721.388256345,-10037720.756819282,-10037720.13726,-10037719.529529931,-10037718.933577497,-10037718.349348094,-10037717.776784107,-10037717.215824908,-10037716.666406864,-10037716.128463343,-10037715.601924729,-10037715.086718423,-10037714.582768872,-10037714.089997577,-10037713.608323101,-10037713.137661114,-10037712.677924398,-10037712.22902287,-10037711.790863622,-10037711.363350943,-10037710.946386356,-10037710.539868644,-10037710.1436939,-10037709.757755555,-10037709.38194443,-10037709.016148772,-10037708.660254309,-10037708.314144298,-10037707.977699578,-10037707.650798623,-10037707.333317604,-10037707.025130447,-10037706.726108901,-10037706.436122604,-10037706.15503914,-10037705.882724132,-10037705.619041301,-10037705.36385255,-10037705.117018037,-10037704.878396265,-10037704.647844167,-10037704.425217189,-10037704.210369384,-10037704.003153501,-10037703.803421088,-10037703.611022575,-10037703.425807394,-10037703.247624062,-10037703.0763203,-10037702.91174313,-10037702.753738984,-10037702.602153827,-10037702.45683324,-10037702.317622572,-10037702.184367023,-10037702.056911778,-10037701.935102116,-10037701.818783533,-10037701.707801865,-10037701.6020034,-10037701.501234999,-10037701.405344233,-10037701.314179484,-10037701.227590078,-10037701.145426404,-10037701.067540038,-10037700.99378385,-10037700.924012143,-10037700.858080758,-10037700.795847189,-10037700.737170706,-10037700.681912463,-10037700.629935611,-10037700.581105404,-10037700.535289302,-10037700.492357086,-10037700.452180939,-10037700.414635552,-10037700.379598217,-10037700.34694891,-10037700.316570371,-10037700.288348192,-10037700.262170881,-10037700.23792993,-10037700.21551989,-10037700.194838405,-10037700.175786287,-10037700.158267535,-10037700.1421894,-10037700.127462395,-10037700.114000322,-10037700.101720301,-10037700.09054277,-10037700.080391489,-10037700.071193537,-10037700.062879302,-10037700.055382457,-10037700.048639938,-10037700.04259191,-10037700.03718173,-10037700.032355882,-10037700.028063942,-10037700.02425851,-10037700.020895135,-10037700.017932251,-10037700.01533109,-10037700.0130556,-10037700.011072353,-10037700.009350453,-10037700.007861424,-10037700.00657913,-10037700.00547965,-10037700.00454117,-10037700.003743885,-10037700.003069874,-10037700.002502996,-10037700.002028776,-10037700.001634285,-10037700.001308035,-10037700.001039876,-10037700.000820875,-10037700.000643224,-10037700.000500124,-10037700.000385715,-10037700.00029495,-10037700.000223529,-10037700.000167813,-10037700.000124741,-10037700.000091761,-10037700.00006676,-10037700.00004801,-10037700.000034105,-10037700.000023913,-10037700.00001654,-10037700.000011273,-10037700.000007566,-10037700.000004996,-10037700.000003241,-10037700.000002064,-10037700.000001289,-10037700.000000788,-10037700.000000471,-10037700.000000276,-10037700.000000156,-10037700.000000086,-10037700.000000047,-10037700.000000024,-10037700.000000011,-10037700.000000006,-10037700.000000004,-10037700.0,-10037700.0,-10037700.0,-10037700.0,-10037700.0,-10037700.0,-10037700.0,-10037700.0,-10037700.0,-10037700.0,-10037700.0,-10037700.0,-10037700.0,-10037700.0,-10037700.0,-10037700.0,-10037700.0,-10037700.0,-10037700.0,-10037700.0,-10037700.0,-10037700.0,-10037700.0,-10037700.0,-10037700.0,-10037700.0,-10037700.0,-10037700.0,-10037700.0,-10037700.0,-10037700.0,-10037700.0,-10037700.0,-10037700.0,0.0
56.75,-9993696.631965611,-9993696.024996309,-9993695.42861139,-9993694.842785811,-9993694.267491717,-9993693.702698441,-9993693.14837249,-9993692.604477547,-9993692.070974458,-9993691.547821246,-9993691.034973096,-9993690.532382365,-9993690.039998587,-9993689.557768477,-9993689.085635932,-9993688.623542054,-9993688.171425149,-9993687.729220752,-9993687.296861628,-9993686.87427781,-9993686.461396597,-9993686.058142591,-9993685.664437719,-9993685.280201256,-9993684.905349854,-9993684.539797574,-9993684.18345593,-9993683.836233899,-9993683.498037994,-9993683.168772276,-9993682.848338414,-9993682.53663572,-9993682.233561207,-9993681.939009635,-9993681.652873568,-9993681.375043422,-9993681.105407532,-9993680.843852215,-9993680.590261819,-9993680.344518807,-9993680.10650381,-9993679.87609572,-9993679.653171737,-9993679.437607458,-9993679.229276966,-9993679.028052893,-9993678.833806513,-9993678.646407824,-9993678.465725645,-9993678.291627688,-9993678.123980671,-9993677.962650398,-9993677.807501858,-9993677.65839933,-9993677.515206475,-9993677.37778644,-9993677.246001964,-9993677.119715478,-9993676.998789214,-9993676.883085312,-9993676.77246593,-9993676.666793346,-9993676.56593008,-9993676.469738994,-9993676.378083404,-9993676.2908272,-9993676.207834944,-9993676.128972,-9993676.054104622,-9993675.983100083,-9993675.915826779,-9993675.85215433,-9993675.7919537,-9993675.735097297,-9993675.681459079,-9993675.63091465,-9993675.583341379,-9993675.538618471,-9993675.496627089,-9993675.457250431,-9993675.420373827,-9993675.385884821,-9993675.353673253,-9993675.323631344,-9993675.295653768,-9993675.26963772,-9993675.245482985,-9993675.223091997,-9993675.202369895,-9993675.183224576,-9993675.165566742,-9993675.149309937,-9993675.134370577,-9993675.120667985,-9993675.108124413,-9993675.09666505,-9993675.086218048,-9993675.076714497,-9993675.068088457,-9993675.060276914,-9993675.053219792,-9993675.046859913,-9993675.04114297,-9993675.036017502,-9993675.031434841,-9993675.027349068,-9993675.023716964,-9993675.020497942,-9993675.017653994,-9993675.01514961,-9993675.012951713,-9993675.011029575,-9993675.009354737,-9993675.00790092,-9993675.006643934,-9993675.005561594,-9993675.00463362,-9993675.003841532,-9993675.003168572,-9993675.002599584,-9993675.002120933,-9993675.001720395,-9993675.001387067,-9993675.001111265,-9993675.00088443,-9993675.000699043,-9993675.00054853,-9993675.000427172,-9993675.000330027,-9993675.000252858,-9993675.000192044,-9993675.000144523,-9993675.000107713,-9993675.000079464,-9993675.000058,-9993675.000041857,-9993675.00002985,-9993675.000021022,-9993675.000014607,-9993675.000010008,-9993675.000006756,-9993675.000004489,-9993675.000002932,-9993675.000001881,-9993675.000001185,-9993675.00000073,-9993675.000000441,-9993675.00000026,-9993675.000000149,-9993675.000000084,-9993675.000000045,-9993675.000000024,-9993675.000000011,-9993675.000000006,-9993675.000000004,-9993675.0,-9993675.0,-9993675.0,-9993675.0,-9993675.0,-9993675.0,-9993675.0,-9993675.0,-9993675.0,-9993675.0,-9993675.0,-9993675.0,-9993675.0,-9993675.0,-9993675.0,-9993675.0,-9993675.0,-9993675.0,-9993675.0,-9993675.0,-9993675.0,-9993675.0,-9993675.0,-9993675.0,-9993675.0,-9993675.0,-9993675.0,-9993675.0,-9993675.0,-9993675.0,-9993675.0,-9993675.0,-9993675.0,-9993675.0,-9993675.0,0.0
56.5,-9949668.203235155,-9949667.687057525,-9949667.1799293,-9949666.681833137,-9949666.192749066,-9949665.712654488,-9949665.241524171,-9949664.779330242,-9949664.326042186,-9949663.881626848,-9949663.44604843,-9949663.019268494,-9949662.601245966,-9949662.19193715,-9949661.791295722,-9949661.399272751,-9949661.015816702,-9949660.640873462,-9949660.274386343,-9949659.91629611,-9949659.566540986,-9949659.225056697,-9949658.891776476,-9949658.566631095,-9949658.249548905,-9949657.940455843,-9949657.639275491,-9949657.345929097,-9949657.06033561,-9949656.782411736,-9949656.51207196,-9949656.249228608,-9949655.993791884,-9949655.745669924,-9949655.504768852,-9949655.27099282,-9949655.044244083,-9949654.824423045,-9949654.611428332,-9949654.405156843,-9949654.205503827,-9949654.012362946,-9949653.82562635,-9949653.645184744,-9949653.470927477,-9949653.3027426,-9949653.140516965,-9949652.984136293,-9949652.833485262,-9949652.688447602,-9949652.548906166,-9949652.414743034,-9949652.285839597,-9949652.16207665,-9949652.043334492,-9949651.92949301,-9949651.820431791,-9949651.716030208,-9949651.616167523,-9949651.520722993,-9949651.42957596,-9949651.342605956,-9949651.259692814,-9949651.180716757,-9949651.105558509,-9949651.034099389,-9949650.966221422,-9949650.901807435,-9949650.84074116,-9949650.78290733,-9949650.728191778,-9949650.676481545,-9949650.627664965,-9949650.581631757,-9949650.538273131,-9949650.497481868,-9949650.459152406,-9949650.423180938,-9949650.389465477,-9949650.357905958,-9949650.328404289,-9949650.30086444,-9949650.275192512,-9949650.2512968,-9949650.229087843,-9949650.208478501,-9949650.189383991,-9949650.171721946,-9949650.155412447,-9949650.140378065,-9949650.1265439,-9949650.113837598,-9949650.102189379,-9949650.091532052,-9949650.081801021,-9949650.0729343,-9949650.064872503,-9949650.057558838,-9949650.050939105,-9949650.04496166,-9949650.039577406,-9949650.034739764,-9949650.030404627,-9949650.026530327,-9949650.023077596,-9949650.020009497,-9949650.017291395,-9949650.014890872,-9949650.012777686,-9949650.01092368,-9949650.009302732,-9949650.007890668,-9949650.006665193,-9949650.005605798,-9949650.004693694,-9949650.003911719,-9949650.003244247,-9949650.002677126,-9949650.00219756,-9949650.001794051,-9949650.001456294,-9949650.001175107,-9949650.000942335,-9949650.000750784,-9949650.00059412,-9949650.000466825,-9949650.000364088,-9949650.000281762,-9949650.00021628,-9949650.000164602,-9949650.000124153,-9949650.000092763,-9949650.000068627,-9949650.000050243,-9949650.000036381,-9949650.000026042,-9949650.000018414,-9949650.000012852,-9949650.00000885,-9949650.000006005,-9949650.000004014,-9949650.00000264,-9949650.000001706,-9949650.000001082,-9949650.000000674,-9949650.00000041,-9949650.000000246,-9949650.000000142,-9949650.000000082,-9949650.000000045,-9949650.000000024,-9949650.000000011,-9949650.000000007,-9949650.000000004,-9949650.000000002,-9949650.0,-9949650.0,-9949650.0,-9949650.0,-9949650.0,-9949650.0,-9949650.0,-9949650.0,-9949650.0,-9949650.0,-9949650.0,-9949650.0,-9949650.0,-9949650.0,-9949650.0,-9949650.0,-9949650.0,-9949650.0,-9949650.0,-9949650.0,-9949650.0,-9949650.0,-9949650.0,-9949650.0,-9949650.0,-9949650.0,-9949650.0,-9949650.0,-9949650.0,-9949650.0,-9949650.0,-9949650.0,-9949650.0,-9949650.0,-9949650.0,0.0
56.25,-9905640.079984505,-9905639.64995693,-9905639.227421172,-9905638.812369686,-9905638.404792506,-9905638.004677236,-9905637.612009034,-9905637.22677062,-9905636.848942276,-9905636.478501827,-9905636.11542465,-9905635.759683684,-9905635.411249418,-9905635.07008991,-9905634.736170784,-9905634.40945524,-9905634.089904066,-9905633.777475655,-9905633.47212601,-9905633.173808768,-9905632.882475212,-9905632.598074298,-9905632.32055267,-9905632.049854685,-9905631.785922453,-9905631.528695844,-9905631.278112536,-9905631.034108039,-9905630.796615737,-9905630.565566912,-9905630.340890808,-9905630.122514647,-9905629.910363685,-9905629.704361266,-9905629.504428852,-9905629.310486095,-9905629.122450873,-9905628.940239357,-9905628.763766063,-9905628.592943914,-9905628.427684302,-9905628.26789715,-9905628.113490984,-9905627.964372996,-9905627.820449121,-9905627.681624103,-9905627.54780157,-9905627.418884117,-9905627.294773377,-9905627.17537011,-9905627.06057427,-9905626.950285107,-9905626.844401235,-9905626.742820729,-9905626.645441206,-9905626.55215992,-9905626.462873846,-9905626.377479773,-9905626.295874398,-9905626.217954408,-9905626.14361659,-9905626.072757911,-9905626.005275605,-9905625.94106729,-9905625.880031038,-9905625.82206548,-9905625.767069891,-9905625.714944292,-9905625.66558953,-9905625.618907377,-9905625.57480061,-9905625.533173107,-9905625.493929923,-9905625.456977386,-9905625.422223167,-9905625.389576368,-9905625.358947594,-9905625.330249026,-9905625.3033945,-9905625.278299574,-9905625.254881583,-9905625.233059712,-9905625.21275505,-9905625.193890646,-9905625.176391559,-9905625.1601849,-9905625.145199876,-9905625.131367836,-9905625.118622292,-9905625.106898945,-9905625.096135724,-9905625.08627279,-9905625.077252552,-9905625.069019686,-9905625.061521117,-9905625.054706037,-9905625.048525888,-9905625.04293435,-9905625.037887327,-9905625.033342924,-9905625.029261414,-9905625.025605217,-9905625.022338849,-9905625.019428898,-9905625.016843965,-9905625.01455462,-9905625.012533342,-9905625.010754481,-9905625.009194173,-9905625.007830292,-9905625.006642383,-9905625.005611591,-9905625.004720591,-9905625.00395352,-9905625.003295891,-9905625.002734542,-9905625.00225754,-9905625.001854122,-9905625.001514602,-9905625.001230326,-9905625.000993568,-9905625.000797484,-9905625.00063603,-9905625.000503896,-9905625.000396444,-9905625.000309642,-9905625.000240011,-9905625.00018456,-9905625.000140738,-9905625.000106383,-9905625.00007968,-9905625.000059102,-9905625.000043396,-9905625.000031525,-9905625.000022646,-9905625.000016075,-9905625.000011267,-9905625.000007793,-9905625.000005316,-9905625.000003573,-9905625.000002364,-9905625.000001539,-9905625.000000983,-9905625.000000617,-9905625.00000038,-9905625.000000227,-9905625.000000134,-9905625.000000078,-9905625.000000043,-9905625.000000022,-9905625.000000011,-9905625.000000007,-9905625.000000004,-9905625.000000002,-9905625.0,-9905625.0,-9905625.0,-9905625.0,-9905625.0,-9905625.0,-9905625.0,-9905625.0,-9905625.0,-9905625.0,-9905625.0,-9905625.0,-9905625.0,-9905625.0,-9905625.0,-9905625.0,-9905625.0,-9905625.0,-9905625.0,-9905625.0,-9905625.0,-9905625.0,-9905625.0,-9905625.0,-9905625.0,-9905625.0,-9905625.0,-9905625.0,-9905625.0,-9905625.0,-9905625.0,-9905625.0,-9905625.0,-9905625.0,-9905625.0,-9905625.0,0.0
56.0,-9861612.200248873,-9861611.852955151,-9861611.511561815,-9861611.176073119,-9861610.84649111,-9861610.522815613,-9861610.205044225,-9861609.893172307,-9861609.587192984,-9861609.287097134,-9861608.992873386,-9861608.70450813,-9861608.421985503,-9861608.145287406,-9861607.87439349,-9861607.609281179,-9861607.349925674,-9861607.096299954,-9861606.848374791,-9861606.606118772,-9861606.369498296,-9861606.138477609,-9861605.913018811,-9861605.69308188,-9861605.478624696,-9861605.269603064,-9861605.06597074,-9861604.86767946,-9861604.674678978,-9861604.486917084,-9861604.304339653,-9861604.126890676,-9861603.954512298,-9861603.78714487,-9861603.62472697,-9861603.467195475,-9861603.314485595,-9861603.166530918,-9861603.023263477,-9861602.884613793,-9861602.750510931,-9861602.620882567,-9861602.495655041,-9861602.37475342,-9861602.25810156,-9861602.145622183,-9861602.037236929,-9861601.932866435,-9861601.832430407,-9861601.735847687,-9861601.643036336,-9861601.553913694,-9861601.468396476,-9861601.386400841,-9861601.307842467,-9861601.232636642,-9861601.16069834,-9861601.091942297,-9861601.026283111,-9861600.963635309,-9861600.903913436,-9861600.847032145,-9861600.792906275,-9861600.741450936,-9861600.692581594,-9861600.646214161,-9861600.602265064,-9861600.560651343,-9861600.52129072,-9861600.48410169,-9861600.449003596,-9861600.415916702,-9861600.384762278,-9861600.355462667,-9861600.327941367,-9861600.302123088,-9861600.277933832,-9861600.255300954,-9861600.234153219,-9861600.21442087,-9861600.196035683,-9861600.178931016,-9861600.163041865,-9861600.148304902,-9861600.134658527,-9861600.122042893,-9861600.11039996,-9861600.099673506,-9861600.08980917,-9861600.080754455,-9861600.072458766,-9861600.064873409,-9861600.057951596,-9861600.051648468,-9861600.045921074,-9861600.040728375,-9861600.036031235,-9861600.0317924,-9861600.02797649,-9861600.024549969,-9861600.02148111,-9861600.01873998,-9861600.016298398,-9861600.014129888,-9861600.012209646,-9861600.010514498,-9861600.009022832,-9861600.007714571,-9861600.0065711,-9861600.005575217,-9861600.004711073,-9861600.003964117,-9861600.003321022,-9861600.002769636,-9861600.002298914,-9861600.001898848,-9861600.001560412,-9861600.001275502,-9861600.00103686,-9861600.000838023,-9861600.000673257,-9861600.000537507,-9861600.00042633,-9861600.000335846,-9861600.000262685,-9861600.000203934,-9861600.000157088,-9861600.000120018,-9861600.000090914,-9861600.000068251,-9861600.000050753,-9861600.000037372,-9861600.000027232,-9861600.000019627,-9861600.000013983,-9861600.000009842,-9861600.000006838,-9861600.000004686,-9861600.000003166,-9861600.000002109,-9861600.00000138,-9861600.000000888,-9861600.000000563,-9861600.000000348,-9861600.000000212,-9861600.000000127,-9861600.000000073,-9861600.000000041,-9861600.000000022,-9861600.000000011,-9861600.000000007,-9861600.000000004,-9861600.000000002,-9861600.0,-9861600.0,-9861600.0,-9861600.0,-9861600.0,-9861600.0,-9861600.0,-9861600.0,-9861600.0,-9861600.0,-9861600.0,-9861600.0,-9861600.0,-9861600.0,-9861600.0,-9861600.0,-9861600.0,-9861600.0,-9861600.0,-9861600.0,-9861600.0,-9861600.0,-9861600.0,-9861600.0,-9861600.0,-9861600.0,-9861600.0,-9861600.0,-9861600.0,-9861600.0,-9861600.0,-9861600.0,-9861600.0,-9861600.0,-9861600.0,-9861600.0,-9861600.0,0.0
55.75,-9817584.501495428,-9817584.234832536,-9817583.972431557,-9817583.71431041,-9817583.460485045,-9817583.21096941,-9817582.965775456,-9817582.72491312,-9817582.488390315,-9817582.25621293,-9817582.028384812,-9817581.80490778,-9817581.585781608,-9817581.37100402,-9817581.160570713,-9817580.954475328,-9817580.752709478,-9817580.55526274,-9817580.36212267,-9817580.173274793,-9817579.988702636,-9817579.808387734,-9817579.632309625,-9817579.460445892,-9817579.292772157,-9817579.129262118,-9817578.969887558,-9817578.814618375,-9817578.663422596,-9817578.51626642,-9817578.373114234,-9817578.233928641,-9817578.098670512,-9817577.967298994,-9817577.839771567,-9817577.716044076,-9817577.596070765,-9817577.47980433,-9817577.367195956,-9817577.25819537,-9817577.152750883,-9817577.050809443,-9817576.952316687,-9817576.857216991,-9817576.76545354,-9817576.67696836,-9817576.59170241,-9817576.509595606,-9817576.430586923,-9817576.354614422,-9817576.281615337,-9817576.211526144,-9817576.144282613,-9817576.079819892,-9817576.018072568,-9817575.958974745,-9817575.902460113,-9817575.84846202,-9817575.79691355,-9817575.74774759,-9817575.700896922,-9817575.656294271,-9817575.613872401,-9817575.573564189,-9817575.535302684,-9817575.499021202,-9817575.464653391,-9817575.432133298,-9817575.401395459,-9817575.372374946,-9817575.345007468,-9817575.319229415,-9817575.294977939,-9817575.272191018,-9817575.250807518,-9817575.23076726,-9817575.212011073,-9817575.194480864,-9817575.17811966,-9817575.162871672,-9817575.148682335,-9817575.135498367,-9817575.1232678,-9817575.111940032,-9817575.101465859,-9817575.091797505,-9817575.08288866,-9817575.074694501,-9817575.067171723,-9817575.060278539,-9817575.053974718,-9817575.048221579,-9817575.042982006,-9817575.038220448,-9817575.03390292,-9817575.029996991,-9817575.026471784,-9817575.023297958,-9817575.020447694,-9817575.017894667,-9817575.015614029,-9817575.013582382,-9817575.011777742,-9817575.010179508,-9817575.008768426,-9817575.007526547,-9817575.006437179,-9817575.005484859,-9817575.00465529,-9817575.0039353,-9817575.003312794,-9817575.0027767,-9817575.00231691,-9817575.00192425,-9817575.001590401,-9817575.001307858,-9817575.001069885,-9817575.000870448,-9817575.000704177,-9817575.000566302,-9817575.000452623,-9817575.000359442,-9817575.000283536,-9817575.000222094,-9817575.000172697,-9817575.000133261,-9817575.00010201,-9817575.000077434,-9817575.000058264,-9817575.000043437,-9817575.000032071,-9817575.00002344,-9817575.00001695,-9817575.000012118,-9817575.000008563,-9817575.000005975,-9817575.000004115,-9817575.000002794,-9817575.00000187,-9817575.000001233,-9817575.000000797,-9817575.000000509,-9817575.000000317,-9817575.000000194,-9817575.000000117,-9817575.000000069,-9817575.00000004,-9817575.000000022,-9817575.000000011,-9817575.000000007,-9817575.000000004,-9817575.000000002,-9817575.0,-9817575.0,-9817575.0,-9817575.0,-9817575.0,-9817575.0,-9817575.0,-9817575.0,-9817575.0,-9817575.0,-9817575.0,-9817575.0,-9817575.0,-9817575.0,-9817575.0,-9817575.0,-9817575.0,-9817575.0,-9817575.0,-9817575.0,-9817575.0,-9817575.0,-9817575.0,-9817575.0,-9817575.0,-9817575.0,-9817575.0,-9817575.0,-9817575.0,-9817575.0,-9817575.0,-9817575.0,-9817575.0,-9817575.0,-9817575.0,-9817575.0,-9817575.0,-9817575.0,0.0
55.5,-9773556.919392193,-9773556.732675226,-9773556.548519522,-9773556.36695839,-9773556.188023407,-9773556.01174441,-9773555.838149467,-9773555.667264886,-9773555.499115184,-9773555.333723083,-9773555.171109496,-9773555.011293527,-9773554.854292452,-9773554.700121723,-9773554.54879495,-9773554.40032391,-9773554.25471854,-9773554.111986933,-9773553.972135343,-9773553.83516818,-9773553.701088022,-9773553.569895618,-9773553.441589888,-9773553.316167941,-9773553.193625078,-9773553.073954802,-9773552.957148839,-9773552.84319715,-9773552.732087942,-9773552.623807695,-9773552.518341176,-9773552.415671466,-9773552.31577998,-9773552.218646495,-9773552.124249175,-9773552.032564607,-9773551.943567824,-9773551.857232343,-9773551.7735302,-9773551.692431986,-9773551.613906886,-9773551.537922714,-9773551.46444597,-9773551.393441863,-9773551.324874375,-9773551.258706301,-9773551.194899298,-9773551.133413931,-9773551.074209739,-9773551.017245268,-9773550.962478152,-9773550.90986514,-9773550.859362183,-9773550.81092447,-9773550.764506498,-9773550.720062133,-9773550.677544676,-9773550.636906913,-9773550.59810119,-9773550.561079474,-9773550.525793422,-9773550.492194435,-9773550.460233735,-9773550.429862427,-9773550.40103156,-9773550.3736922,-9773550.34779549,-9773550.323292717,-9773550.300135382,-9773550.278275244,-9773550.257664412,-9773550.238255382,-9773550.220001109,-9773550.202855062,-9773550.186771289,-9773550.171704464,-9773550.157609945,-9773550.144443829,-9773550.132162996,-9773550.120725166,-9773550.110088933,-9773550.10021382,-9773550.09106031,-9773550.08258989,-9773550.07476508,-9773550.06754947,-9773550.060907742,-9773550.054805703,-9773550.049210303,-9773550.044089653,-9773550.03941304,-9773550.035150941,-9773550.031275032,-9773550.027758187,-9773550.024574485,-9773550.02169921,-9773550.019108837,-9773550.016781032,-9773550.014694631,-9773550.012829633,-9773550.011167184,-9773550.00968954,-9773550.008380057,-9773550.007223165,-9773550.00620433,-9773550.005310025,-9773550.004527705,-9773550.003845759,-9773550.00325348,-9773550.002741028,-9773550.002299385,-9773550.001920318,-9773550.001596339,-9773550.001320658,-9773550.001087148,-9773550.000890294,-9773550.000725163,-9773550.000587355,-9773550.000472967,-9773550.000378544,-9773550.000301056,-9773550.000237852,-9773550.000186626,-9773550.00014538,-9773550.0001124,-9773550.000086222,-9773550.000065597,-9773550.000049477,-9773550.000036983,-9773550.000027385,-9773550.000020076,-9773550.000014564,-9773550.00001045,-9773550.000007413,-9773550.000005195,-9773550.000003595,-9773550.000002453,-9773550.00000165,-9773550.000001093,-9773550.000000713,-9773550.000000458,-9773550.000000287,-9773550.000000179,-9773550.000000108,-9773550.000000063,-9773550.000000037,-9773550.00000002,-9773550.000000011,-9773550.000000007,-9773550.000000004,-9773550.000000002,-9773550.0,-9773550.0,-9773550.0,-9773550.0,-9773550.0,-9773550.0,-9773550.0,-9773550.0,-9773550.0,-9773550.0,-9773550.0,-9773550.0,-9773550.0,-9773550.0,-9773550.0,-9773550.0,-9773550.0,-9773550.0,-9773550.0,-9773550.0,-9773550.0,-9773550.0,-9773550.0,-9773550.0,-9773550.0,-9773550.0,-9773550.0,-9773550.0,-9773550.0,-9773550.0,-9773550.0,-9773550.0,-9773550.0,-9773550.0,-9773550.0,-9773550.0,-9773550.0,-9773550.0,-9773550.0,0.0
55.25,-9729529.386399008,-9729529.280485801,-9729529.17535406,-9729529.071053993,-9729528.967634365,-9729528.865142465,-9729528.76362409,-9729528.663123544,-9729528.563683588,-9729528.465345455,-9729528.368148815,-9729528.272131765,-9729528.177330825,-9729528.083780909,-9729527.991515327,-9729527.90056577,-9729527.810962295,-9729527.722733328,-9729527.63590565,-9729527.55050439,-9729527.466553027,-9729527.38407338,-9729527.303085618,-9729527.22360824,-9729527.1456581,-9729527.069250386,-9729526.994398646,-9729526.921114778,-9729526.849409044,-9729526.77929008,-9729526.710764898,-9729526.643838912,-9729526.578515936,-9729526.514798217,-9729526.452686429,-9729526.392179713,-9729526.33327569,-9729526.275970481,-9729526.220258728,-9729526.166133625,-9729526.113586947,-9729526.062609069,-9729526.01318901,-9729525.965314452,-9729525.918971783,-9729525.874146126,-9729525.830821386,-9729525.788980274,-9729525.748604357,-9729525.709674101,-9729525.672168909,-9729525.636067165,-9729525.601346284,-9729525.56798276,-9729525.535952205,-9729525.505229408,-9729525.475788385,-9729525.447602423,-9729525.420644142,-9729525.394885538,-9729525.370298052,-9729525.346852604,-9729525.324519668,-9729525.303269316,-9729525.283071272,-9729525.26389498,-9729525.24570965,-9729525.228484316,-9729525.21218789,-9729525.196789227,-9729525.182257164,-9729525.16856059,-9729525.155668491,-9729525.143550005,-9729525.13217447,-9729525.12151148,-9729525.111530934,-9729525.102203082,-9729525.093498565,-9729525.085388476,-9729525.077844383,-9729525.070838384,-9729525.064343136,-9729525.058331903,-9729525.05277858,-9729525.047657723,-9729525.04294459,-9729525.038615156,-9729525.03464614,-9729525.031015035,-9729525.027700108,-9729525.024680432,-9729525.021935895,-9729525.019447198,-9729525.01719588,-9729525.015164308,-9729525.013335682,-9729525.01169404,-9729525.010224242,-9729525.008911965,-9729525.007743705,-9729525.006706748,-9729525.005789168,-9729525.004979804,-9729525.00426824,-9729525.003644789,-9729525.00310046,-9729525.002626948,-9729525.002216594,-9729525.00186237,-9729525.001557838,-9729525.001297131,-9729525.001074918,-9729525.000886377,-9729525.000727158,-9729525.00059336,-9729525.000481501,-9729525.00038848,-9729525.00031155,-9729525.000248294,-9729525.000196593,-9729525.000154603,-9729525.000120722,-9729525.000093568,-9729525.000071961,-9729525.0000549,-9729525.00004153,-9729525.000031138,-9729525.00002313,-9729525.000017017,-9729525.00001239,-9729525.000008926,-9729525.00000636,-9729525.000004476,-9729525.00000311,-9729525.000002135,-9729525.000001445,-9729525.000000963,-9729525.000000633,-9729525.000000408,-9729525.000000259,-9729525.00000016,-9729525.000000099,-9729525.00000006,-9729525.000000034,-9729525.000000019,-9729525.000000011,-9729525.000000006,-9729525.000000004,-9729525.000000002,-9729525.0,-9729525.0,-9729525.0,-9729525.0,-9729525.0,-9729525.0,-9729525.0,-9729525.0,-9729525.0,-9729525.0,-9729525.0,-9729525.0,-9729525.0,-9729525.0,-9729525.0,-9729525.0,-9729525.0,-9729525.0,-9729525.0,-9729525.0,-9729525.0,-9729525.0,-9729525.0,-9729525.0,-9729525.0,-9729525.0,-9729525.0,-9729525.0,-9729525.0,-9729525.0,-9729525.0,-9729525.0,-9729525.0,-9729525.0,-9729525.0,-9729525.0,-9729525.0,-9729525.0,-9729525.0,-9729525.0,0.0
55.0,-9685501.830150142,-9685501.807588141,-9685501.78392993,-9685501.759243915,-9685501.733597372,-9685501.7070564,-9685501.679685922,-9685501.651549641,-9685501.622710027,-9685501.59322829,-9685501.563164368,-9685501.532576896,-9685501.501523182,-9685501.470059205,-9685501.438239576,-9685501.406117536,-9685501.373744931,-9685501.341172198,-9685501.308448344,-9685501.275620945,-9685501.242736118,-9685501.20983852,-9685501.176971335,-9685501.144176252,-9685501.111493474,-9685501.0789617,-9685501.046618123,-9685501.014498418,-9685500.98263675,-9685500.951065756,-9685500.919816565,-9685500.88891877,-9685500.85840046,-9685500.828288203,-9685500.798607053,-9685500.769380566,-9685500.740630798,-9685500.712378317,-9685500.684642214,-9685500.657440117,-9685500.630788201,-9685500.60470121,-9685500.579192461,-9685500.554273881,-9685500.52995601,-9685500.506248029,-9685500.483157791,-9685500.460691834,-9685500.438855411,-9685500.417652525,-9685500.397085946,-9685500.377157249,-9685500.35786685,-9685500.339214029,-9685500.321196977,-9685500.30381282,-9685500.287057668,-9685500.270926643,-9685500.255413929,-9685500.240512807,-9685500.226215698,-9685500.2125142,-9685500.199399147,-9685500.186860638,-9685500.174888086,-9685500.163470272,-9685500.152595378,-9685500.142251046,-9685500.132424412,-9685500.123102164,-9685500.114270587,-9685500.105915602,-9685500.098022822,-9685500.090577591,-9685500.083565038,-9685500.076970119,-9685500.070777653,-9685500.064972382,-9685500.059539001,-9685500.05446221,-9685500.049726743,-9685500.045317423,-9685500.041219179,-9685500.037417106,-9685500.03389649,-9685500.03064283,-9685500.02764189,-9685500.024879716,-9685500.022342667,-9685500.020017436,-9685500.017891083,-9685500.015951049,-9685500.014185175,-9685500.012581725,-9685500.01112939,-9685500.009817312,-9685500.008635085,-9685500.00757277,-9685500.006620891,-9685500.005770445,-9685500.005012903,-9685500.004340205,-9685500.00374476,-9685500.003219439,-9685500.002757564,-9685500.002352912,-9685500.001999687,-9685500.001692522,-9685500.001426458,-9685500.001196932,-9685500.00099976,-9685500.00083112,-9685500.000687536,-9685500.000565864,-9685500.000463262,-9685500.000377182,-9685500.00030534,-9685500.000245716,-9685500.000196513,-9685500.00015615,-9685500.000123248,-9685500.000096597,-9685500.000075158,-9685500.00005803,-9685500.00004445,-9685500.000033766,-9685500.000025427,-9685500.000018973,-9685500.000014022,-9685500.00001026,-9685500.000007428,-9685500.00000532,-9685500.000003766,-9685500.000002634,-9685500.000001818,-9685500.000001237,-9685500.00000083,-9685500.00000055,-9685500.000000358,-9685500.00000023,-9685500.000000143,-9685500.00000009,-9685500.000000054,-9685500.000000032,-9685500.000000019,-9685500.000000011,-9685500.000000006,-9685500.000000004,-9685500.000000002,-9685500.0,-9685500.0,-9685500.0,-9685500.0,-9685500.0,-9685500.0,-9685500.0,-9685500.0,-9685500.0,-9685500.0,-9685500.0,-9685500.0,-9685500.0,-9685500.0,-9685500.0,-9685500.0,-9685500.0,-9685500.0,-9685500.0,-9685500.0,-9685500.0,-9685500.0,-9685500.0,-9685500.0,-9685500.0,-9685500.0,-9685500.0,-9685500.0,-9685500.0,-9685500.0,-9685500.0,-9685500.0,-9685500.0,-9685500.0,-9685500.0,-9685500.0,-9685500.0,-9685500.0,-9685500.0,-9685500.0,-9685500.0,0.0
54.75,-9641474.17159374,-9641474.23679166,-9641474.298897523,-9641474.357998962,-9641474.414182806,-9641474.467535075,-9641474.51814093,-9641474.566084657,-9641474.611449633,-9641474.654318292,-9641474.694772113,-9641474.732891575,-9641474.768756136,-9641474.802444212,-9641474.834033139,-9641474.863599155,-9641474.891217373,-9641474.91696175,-9641474.940905077,-9641474.963118937,-9641474.983673695,-9641475.002638474,-9641475.020081129,-9641475.036068225,-9641475.050665025,-9641475.063935466,-9641475.075942144,-9641475.086746287,-9641475.096407752,-9641475.104985008,-9641475.11253511,-9641475.119113699,-9641475.124774987,-9641475.129571743,-9641475.13355529,-9641475.136775486,-9641475.13928073,-9641475.141117953,-9641475.142332604,-9641475.14296866,-9641475.143068623,-9641475.142673511,-9641475.14182287,-9641475.14055477,-9641475.138905814,-9641475.13691114,-9641475.134604435,-9641475.132017937,-9641475.129182447,-9641475.126127347,-9641475.122880606,-9641475.1194688,-9641475.11591713,-9641475.11224943,-9641475.108488202,-9641475.104654625,-9641475.100768585,-9641475.096848696,-9641475.092912322,-9641475.088975612,-9641475.085053524,-9641475.08115985,-9641475.077307256,-9641475.073507302,-9641475.06977049,-9641475.066106284,-9641475.062523153,-9641475.059028601,-9641475.055629214,-9641475.052330686,-9641475.04913786,-9641475.046054773,-9641475.043084692,-9641475.040230146,-9641475.03749298,-9641475.034874378,-9641475.032374922,-9641475.02999462,-9641475.027732946,-9641475.025588889,-9641475.023560975,-9641475.02164733,-9641475.019845698,-9641475.018153487,-9641475.01656781,-9641475.01508551,-9641475.013703208,-9641475.012417328,-9641475.011224134,-9641475.010119759,-9641475.009100236,-9641475.00816153,-9641475.007299561,-9641475.006510235,-9641475.005789462,-9641475.005133184,-9641475.004537389,-9641475.003998136,-9641475.003511574,-9641475.003073953,-9641475.002681635,-9641475.002331112,-9641475.002019016,-9641475.001742125,-9641475.001497367,-9641475.001281835,-9641475.001092777,-9641475.00092761,-9641475.000783917,-9641475.000659443,-9641475.0005521,-9641475.000459954,-9641475.000381235,-9641475.000314314,-9641475.00025772,-9641475.00021011,-9641475.00017028,-9641475.000137152,-9641475.000109762,-9641475.000087256,-9641475.000068884,-9641475.000053987,-9641475.000041991,-9641475.000032406,-9641475.000024803,-9641475.00001882,-9641475.000014152,-9641475.000010543,-9641475.000007777,-9641475.000005677,-9641475.0000041,-9641475.000002926,-9641475.000002064,-9641475.000001438,-9641475.000000989,-9641475.00000067,-9641475.000000447,-9641475.000000294,-9641475.00000019,-9641475.000000121,-9641475.000000075,-9641475.000000047,-9641475.000000028,-9641475.000000015,-9641475.00000001,-9641475.000000006,-9641475.000000004,-9641475.000000002,-9641475.0,-9641475.0,-9641475.0,-9641475.0,-9641475.0,-9641475.0,-9641475.0,-9641475.0,-9641475.0,-9641475.0,-9641475.0,-9641475.0,-9641475.0,-9641475.0,-9641475.0,-9641475.0,-9641475.0,-9641475.0,-9641475.0,-9641475.0,-9641475.0,-9641475.0,-9641475.0,-9641475.0,-9641475.0,-9641475.0,-9641475.0,-9641475.0,-9641475.0,-9641475.0,-9641475.0,-9641475.0,-9641475.0,-9641475.0,-9641475.0,-9641475.0,-9641475.0,-9641475.0,-9641475.0,-9641475.0,-9641475.0,-9641475.0,0.0
54.5,-9597446.322848849,-9597446.482275592,-9597446.636474656,-9597446.785553567,-9597446.92961946,-9597447.068779025,-9597447.203138497,-9597447.3328036,-9597447.457879523,-9597447.578470882,-9597447.694681684,-9597447.806615297,-9597447.914374407,-9597448.018060992,-9597448.11777628,-9597448.213620722,-9597448.305693943,-9597448.39409473,-9597448.478920978,-9597448.560269665,-9597448.638236817,-9597448.712917477,-9597448.784405671,-9597448.852794375,-9597448.918175481,-9597448.980639772,-9597449.040276885,-9597449.097175285,-9597449.151422236,-9597449.203103762,-9597449.252304642,-9597449.299108354,-9597449.343597073,-9597449.385851625,-9597449.425951488,-9597449.463974738,-9597449.499998052,-9597449.534096668,-9597449.56634438,-9597449.596813507,-9597449.625574885,-9597449.652697835,-9597449.678250168,-9597449.70229815,-9597449.724906506,-9597449.7461384,-9597449.766055422,-9597449.78471759,-9597449.802183334,-9597449.818509491,-9597449.833751308,-9597449.847962432,-9597449.861194909,-9597449.873499192,-9597449.884924138,-9597449.895517014,-9597449.905323498,-9597449.914387697,-9597449.922752142,-9597449.930457808,-9597449.937544134,-9597449.94404901,-9597449.950008826,-9597449.955458468,-9597449.960431341,-9597449.96495939,-9597449.969073132,-9597449.97280166,-9597449.976172682,-9597449.979212552,-9597449.981946282,-9597449.984397579,-9597449.98658888,-9597449.988541378,-9597449.990275055,-9597449.991808718,-9597449.993160032,-9597449.994345555,-9597449.995380778,-9597449.99628016,-9597449.997057162,-9597449.99772429,-9597449.998293132,-9597449.998774398,-9597449.99917796,-9597449.999512885,-9597449.99978748,-9597450.000009332,-9597450.00018534,-9597450.000321764,-9597450.000424255,-9597450.000497889,-9597450.000547213,-9597450.000576284,-9597450.000588685,-9597450.000587584,-9597450.000575747,-9597450.000555582,-9597450.000529166,-9597450.000498272,-9597450.00046441,-9597450.000428833,-9597450.000392579,-9597450.000356492,-9597450.000321247,-9597450.000287356,-9597450.000255212,-9597450.000225086,-9597450.00019716,-9597450.000171527,-9597450.000148224,-9597450.000127222,-9597450.000108454,-9597450.000091825,-9597450.000077207,-9597450.000064457,-9597450.000053428,-9597450.000043962,-9597450.0000359,-9597450.000029093,-9597450.000023387,-9597450.000018649,-9597450.000014745,-9597450.000011556,-9597450.000008974,-9597450.000006905,-9597450.00000526,-9597450.000003967,-9597450.000002962,-9597450.000002185,-9597450.000001594,-9597450.000001147,-9597450.000000818,-9597450.000000574,-9597450.000000399,-9597450.000000272,-9597450.000000183,-9597450.00000012,-9597450.000000078,-9597450.00000005,-9597450.000000032,-9597450.000000019,-9597450.000000011,-9597450.000000007,-9597450.000000004,-9597450.000000002,-9597450.0,-9597450.0,-9597450.0,-9597450.0,-9597450.0,-9597450.0,-9597450.0,-9597450.0,-9597450.0,-9597450.0,-9597450.0,-9597450.0,-9597450.0,-9597450.0,-9597450.0,-9597450.0,-9597450.0,-9597450.0,-9597450.0,-9597450.0,-9597450.0,-9597450.0,-9597450.0,-9597450.0,-9597450.0,-9597450.0,-9597450.0,-9597450.0,-9597450.0,-9597450.0,-9597450.0,-9597450.0,-9597450.0,-9597450.0,-9597450.0,-9597450.0,-9597450.0,-9597450.0,-9597450.0,-9597450.0,-9597450.0,-9597450.0,-9597450.0,-9597450.0,0.0
54.25,-9553418.18473582,-9553418.447149018,-9553418.702036496,-9553418.949525971,-9553419.189745206,-9553419.422821973,-9553419.648884002,-9553419.868058955,-9553420.080474375,-9553420.286257647,-9553420.485535964,-9553420.678436274,-9553420.865085246,-9553421.045609225,-9553421.220134186,-9553421.3887857,-9553421.551688876,-9553421.708968334,-9553421.860748148,-9553422.007151807,-9553422.148302173,-9553422.284321437,-9553422.415331066,-9553422.541451769,-9553422.662803452,-9553422.779505169,-9553422.891675077,-9553422.9994304,-9553423.10288738,-9553423.202161236,-9553423.297366116,-9553423.388615064,-9553423.476019971,-9553423.559691532,-9553423.639739212,-9553423.716271203,-9553423.789394377,-9553423.85921426,-9553423.925834984,-9553423.98935925,-9553424.049888305,-9553424.107521884,-9553424.162358195,-9553424.214493876,-9553424.264023969,-9553424.31104188,-9553424.355639357,-9553424.397906464,-9553424.437931545,-9553424.475801207,-9553424.51160029,-9553424.54541185,-9553424.577317134,-9553424.60739556,-9553424.635724712,-9553424.662380306,-9553424.68743619,-9553424.710964328,-9553424.733034788,-9553424.753715739,-9553424.773073439,-9553424.791172238,-9553424.808074573,-9553424.823840968,-9553424.838530034,-9553424.852198482,-9553424.864901118,-9553424.87669086,-9553424.887618754,-9553424.89773397,-9553424.907083832,-9553424.915713832,-9553424.923667645,-9553424.930987157,-9553424.937712481,-9553424.943881992,-9553424.949532345,-9553424.95469851,-9553424.959413804,-9553424.963709913,-9553424.967616946,-9553424.971163448,-9553424.974376464,-9553424.977281552,-9553424.979902837,-9553424.982263055,-9553424.984383587,-9553424.98628451,-9553424.987984635,-9553424.989501556,-9553424.990851698,-9553424.99205036,-9553424.993111763,-9553424.99404909,-9553424.994874548,-9553424.9955994,-9553424.996234022,-9553424.996787943,-9553424.997269893,-9553424.99768785,-9553424.998049084,-9553424.998360194,-9553424.998627163,-9553424.998855395,-9553424.999049747,-9553424.999214578,-9553424.99935379,-9553424.99947085,-9553424.999568839,-9553424.999650478,-9553424.999718167,-9553424.999774002,-9553424.999819815,-9553424.9998572,-9553424.999887533,-9553424.999911997,-9553424.999931607,-9553424.999947222,-9553424.999959571,-9553424.99996927,-9553424.99997683,-9553424.999982677,-9553424.999987163,-9553424.999990575,-9553424.99999315,-9553424.99999507,-9553424.99999649,-9553424.99999753,-9553424.999998283,-9553424.999998821,-9553424.9999992,-9553424.999999467,-9553424.99999965,-9553424.999999773,-9553424.999999855,-9553424.99999991,-9553424.999999944,-9553424.999999966,-9553424.999999981,-9553424.999999989,-9553424.999999993,-9553424.999999996,-9553424.999999998,-9553425.0,-9553425.0,-9553425.0,-9553425.0,-9553425.0,-9553425.0,-9553425.0,-9553425.0,-9553425.0,-9553425.0,-9553425.0,-9553425.0,-9553425.0,-9553425.0,-9553425.0,-9553425.0,-9553425.0,-9553425.0,-9553425.0,-9553425.0,-9553425.0,-9553425.0,-9553425.0,-9553425.0,-9553425.0,-9553425.0,-9553425.0,-9553425.0,-9553425.0,-9553425.0,-9553425.0,-9553425.0,-9553425.0,-9553425.0,-9553425.0,-9553425.0,-9553425.0,-9553425.0,-9553425.0,-9553425.0,-9553425.0,-9553425.0,-9553425.0,-9553425.0,-9553425.0,-9553425.0,-9553425.0,0.0
54.0,-9509389.643931208,-9509390.020637421,-9509390.38733422,-9509390.744169334,-9509391.09129103,-9509391.428848082,-9509391.756989712,-9509392.07586556,-9509392.385625621,-9509392.686420225,-9509392.97839996,-9509393.261715645,-9509393.536518274,-9509393.802958965,-9509394.061188912,-9509394.311359335,-9509394.553621419,-9509394.788126279,-9509395.01502489,-9509395.23446804,-9509395.446606275,-9509395.651589844,-9509395.849568648,-9509396.040692173,-9509396.225109441,-9509396.402968956,-9509396.574418638,-9509396.739605771,-9509396.898676947,-9509397.051778004,-9509397.199053967,-9509397.340648996,-9509397.47670632,-9509397.607368188,-9509397.7327758,-9509397.853069253,-9509397.968387496,-9509398.078868253,-9509398.184647974,-9509398.28586178,-9509398.382643417,-9509398.475125175,-9509398.563437855,-9509398.647710714,-9509398.728071397,-9509398.804645903,-9509398.877558522,-9509398.94693179,-9509399.012886442,-9509399.075541358,-9509399.135013524,-9509399.191417987,-9509399.244867805,-9509399.295474019,-9509399.343345601,-9509399.38858942,-9509399.43131021,-9509399.471610539,-9509399.509590762,-9509399.545349013,-9509399.578981165,-9509399.610580806,-9509399.640239218,-9509399.668045364,-9509399.694085859,-9509399.718444966,-9509399.741204577,-9509399.762444207,-9509399.782240994,-9509399.80066968,-9509399.817802627,-9509399.833709806,-9509399.848458817,-9509399.86211488,-9509399.874740863,-9509399.886397284,-9509399.89714233,-9509399.907031888,-9509399.916119553,-9509399.924456665,-9509399.93209233,-9509399.939073458,-9509399.945444793,-9509399.951248951,-9509399.956526462,-9509399.96131581,-9509399.965653475,-9509399.969573982,-9509399.973109953,-9509399.97629215,-9509399.979149535,-9509399.981709324,-9509399.983997032,-9509399.986036547,-9509399.987850172,-9509399.9894587,-9509399.990881464,-9509399.992136395,-9509399.993240098,-9509399.994207898,-9509399.995053913,-9509399.995791107,-9509399.996431358,-9509399.996985514,-9509399.997463457,-9509399.99787416,-9509399.998225741,-9509399.99852553,-9509399.99878011,-9509399.99899539,-9509399.999176633,-9509399.999328524,-9509399.999455217,-9509399.99956037,-9509399.999647198,-9509399.999718515,-9509399.999776766,-9509399.99982407,-9509399.999862254,-9509399.999892883,-9509399.999917291,-9509399.99993661,-9509399.99995179,-9509399.99996363,-9509399.999972794,-9509399.999979828,-9509399.99998518,-9509399.999989217,-9509399.999992235,-9509399.999994466,-9509399.9999961,-9509399.999997284,-9509399.999998132,-9509399.999998732,-9509399.99999915,-9509399.99999944,-9509399.999999635,-9509399.999999767,-9509399.999999855,-9509399.99999991,-9509399.999999944,-9509399.999999966,-9509399.999999981,-9509399.999999989,-9509399.999999994,-9509399.999999996,-9509399.999999998,-9509400.0,-9509400.0,-9509400.0,-9509400.0,-9509400.0,-9509400.0,-9509400.0,-9509400.0,-9509400.0,-9509400.0,-9509400.0,-9509400.0,-9509400.0,-9509400.0,-9509400.0,-9509400.0,-9509400.0,-9509400.0,-9509400.0,-9509400.0,-9509400.0,-9509400.0,-9509400.0,-9509400.0,-9509400.0,-9509400.0,-9509400.0,-9509400.0,-9509400.0,-9509400.0,-9509400.0,-9509400.0,-9509400.0,-9509400.0,-9509400.0,-9509400.0,-9509400.0,-9509400.0,-9509400.0,-9509400.0,-9509400.0,-9509400.0,-9509400.0,0.0
53.75,-9465360.56969333,-9465361.07484161,-9465361.567287805,-9465362.047198921,-9465362.51474306,-9465362.97008938,-9465363.413408047,-9465363.844870187,-9465364.264647836,-9465364.672913898,-9465365.069842076,-9465365.455606837,-9465365.830383345,-9465366.194347415,-9465366.547675444,-9465366.890544362,-9465367.22313158,-9465367.545614904,-9465367.858172499,-9465368.160982812,-9465368.454224516,-9465368.738076437,-9465369.012717491,-9465369.27832662,-9465369.535082716,-9465369.783164563,-9465370.022750752,-9465370.254019625,-9465370.477149196,-9465370.692317072,-9465370.899700394,-9465371.09947575,-9465371.291819112,-9465371.476905748,-9465371.654910158,-9465371.826005992,-9465371.990365978,-9465372.148161842,-9465372.29956423,-9465372.444742639,-9465372.583865335,-9465372.71709928,-9465372.844610047,-9465372.966561757,-9465373.083117004,-9465373.194436766,-9465373.300680343,-9465373.402005281,-9465373.498567304,-9465373.590520233,-9465373.678015923,-9465373.761204202,-9465373.840232784,-9465373.915247219,-9465373.986390825,-9465374.053804629,-9465374.117627293,-9465374.177995073,-9465374.235041756,-9465374.288898602,-9465374.339694297,-9465374.387554906,-9465374.432603823,-9465374.474961728,-9465374.514746549,-9465374.552073423,-9465374.587054666,-9465374.619799733,-9465374.650415204,-9465374.679004744,-9465374.705669098,-9465374.73050606,-9465374.75361048,-9465374.775074234,-9465374.794986228,-9465374.8134324,-9465374.830495717,-9465374.846256185,-9465374.860790865,-9465374.874173874,-9465374.886476416,-9465374.897766808,-9465374.908110492,-9465374.917570082,-9465374.926205391,-9465374.93407347,-9465374.941228662,-9465374.947722623,-9465374.953604404,-9465374.958920483,-9465374.96371483,-9465374.968028963,-9465374.971902013,-9465374.975370796,-9465374.978469871,-9465374.981231617,-9465374.983686302,-9465374.985862166,-9465374.987785485,-9465374.98948066,-9465374.990970287,-9465374.992275253,-9465374.993414791,-9465374.99440658,-9465374.995266821,-9465374.996010315,-9465374.996650545,-9465374.99719975,-9465374.997669011,-9465374.998068321,-9465374.99840666,-9465374.998692073,-9465374.998931732,-9465374.999132011,-9465374.999298552,-9465374.999436323,-9465374.99954968,-9465374.999642428,-9465374.999717873,-9465374.99977887,-9465374.99982787,-9465374.999866974,-9465374.999897966,-9465374.99992235,-9465374.99994139,-9465374.999956138,-9465374.99996747,-9465374.999976102,-9465374.999982614,-9465374.999987483,-9465374.999991085,-9465374.999993723,-9465374.999995634,-9465374.999997001,-9465374.999997966,-9465374.99999864,-9465374.999999106,-9465374.999999419,-9465374.999999631,-9465374.999999769,-9465374.999999858,-9465374.999999914,-9465374.99999995,-9465374.99999997,-9465374.999999983,-9465374.99999999,-9465374.999999996,-9465374.999999996,-9465375.0,-9465375.0,-9465375.0,-9465375.0,-9465375.0,-9465375.0,-9465375.0,-9465375.0,-9465375.0,-9465375.0,-9465375.0,-9465375.0,-9465375.0,-9465375.0,-9465375.0,-9465375.0,-9465375.0,-9465375.0,-9465375.0,-9465375.0,-9465375.0,-9465375.0,-9465375.0,-9465375.0,-9465375.0,-9465375.0,-9465375.0,-9465375.0,-9465375.0,-9465375.0,-9465375.0,-9465375.0,-9465375.0,-9465375.0,-9465375.0,-9465375.0,-9465375.0,-9465375.0,-9465375.0,-9465375.0,-9465375.0,-9465375.0,0.0
53.5,-9421330.81010006,-9421331.46101001,-9421332.09629346,-9421332.716135308,-9421333.320722178,-9421333.91024237,-9421334.484885804,-9421335.044843988,-9421335.590309951,-9421336.121478194,-9421336.638544643,-9421337.14170658,-9421337.631162595,-9421338.107112523,-9421338.569757376,-9421339.019299291,-9421339.455941454,-9421339.879888035,-9421340.291344129,-9421340.690515665,-9421341.07760936,-9421341.452832619,-9421341.816393478,-9421342.168500517,-9421342.509362787,-9421342.83918972,-9421343.158191055,-9421343.466576762,-9421343.764556935,-9421344.052341726,-9421344.330141243,-9421344.598165473,-9421344.856624186,-9421345.105726842,-9421345.345682498,-9421345.57669972,-9421345.79898649,-9421346.012750097,-9421346.218197057,-9421346.415533008,-9421346.604962613,-9421346.786689468,-9421346.960916,-9421347.127843365,-9421347.28767136,-9421347.440598315,-9421347.586821001,-9421347.726534532,-9421347.859932264,-9421347.987205703,-9421348.108544406,-9421348.224135887,-9421348.334165525,-9421348.438816467,-9421348.538269546,-9421348.632703178,-9421348.722293286,-9421348.807213206,-9421348.887633607,-9421348.963722408,-9421349.035644703,-9421349.103562674,-9421349.16763553,-9421349.228019431,-9421349.28486741,-9421349.338329328,-9421349.3885518,-9421349.43567814,-9421349.47984831,-9421349.521198872,-9421349.55986294,-9421349.595970137,-9421349.629646568,-9421349.661014779,-9421349.690193735,-9421349.7172988,-9421349.742441718,-9421349.765730593,-9421349.787269905,-9421349.807160482,-9421349.825499523,-9421349.842380602,-9421349.857893681,-9421349.872125132,-9421349.885157764,-9421349.897070853,-9421349.90794018,-9421349.917838067,-9421349.926833436,-9421349.934991848,-9421349.942375572,-9421349.949043639,-9421349.955051912,-9421349.960453153,-9421349.965297105,-9421349.969630565,-9421349.973497478,-9421349.976939008,-9421349.979993632,-9421349.982697248,-9421349.98508325,-9421349.987182636,-9421349.989024103,-9421349.990634147,-9421349.992037177,-9421349.993255597,-9421349.99430992,-9421349.995218875,-9421349.995999496,-9421349.996667234,-9421349.997236054,-9421349.997718532,-9421349.998125948,-9421349.99846839,-9421349.99875483,-9421349.998993225,-9421349.999190604,-9421349.999353133,-9421349.999486208,-9421349.999594525,-9421349.999682143,-9421349.99975257,-9421349.999808792,-9421349.999853365,-9421349.999888439,-9421349.99991583,-9421349.999937048,-9421349.999953346,-9421349.999965755,-9421349.999975115,-9421349.999982107,-9421349.999987274,-9421349.999991056,-9421349.99999379,-9421349.999995746,-9421349.999997124,-9421349.999998081,-9421349.99999874,-9421349.999999188,-9421349.999999484,-9421349.999999678,-9421349.999999803,-9421349.99999988,-9421349.999999931,-9421349.999999959,-9421349.999999978,-9421349.999999989,-9421349.999999993,-9421349.999999996,-9421349.999999998,-9421350.0,-9421350.0,-9421350.0,-9421350.0,-9421350.0,-9421350.0,-9421350.0,-9421350.0,-9421350.0,-9421350.0,-9421350.0,-9421350.0,-9421350.0,-9421350.0,-9421350.0,-9421350.0,-9421350.0,-9421350.0,-9421350.0,-9421350.0,-9421350.0,-9421350.0,-9421350.0,-9421350.0,-9421350.0,-9421350.0,-9421350.0,-9421350.0,-9421350.0,-9421350.0,-9421350.0,-9421350.0,-9421350.0,-9421350.0,-9421350.0,-9421350.0,-9421350.0,-9421350.0,-9421350.0,-9421350.0,0.0
53.25,-9377300.187736165,-9377301.00526096,-9377301.803981619,-9377302.584098835,-9377303.345815707,-9377304.089337692,-9377304.814872561,-9377305.522630354,-9377306.212823324,-9377306.885665879,-9377307.54137454,-9377308.180167872,-9377308.80226643,-9377309.407892693,-9377309.997270998,-9377310.57062748,-9377311.12819,-9377311.670188064,-9377312.196852766,-9377312.7084167,-9377313.205113882,-9377313.687179673,-9377314.154850699,-9377314.608364752,-9377315.047960717,-9377315.473878477,-9377315.886358814,-9377316.285643328,-9377316.671974331,-9377317.045594744,-9377317.406748014,-9377317.75567799,-9377318.092628837,-9377318.417844914,-9377318.731570674,-9377319.034050558,-9377319.32552887,-9377319.606249677,-9377319.876456687,-9377320.136393135,-9377320.386301663,-9377320.626424208,-9377320.85700187,-9377321.078274807,-9377321.2904821,-9377321.493861642,-9377321.688650003,-9377321.87508232,-9377322.053392164,-9377322.223811425,-9377322.386570182,-9377322.541896584,-9377322.690016724,-9377322.831154525,-9377322.965531617,-9377323.093367204,-9377323.214877972,-9377323.33027795,-9377323.439778402,-9377323.543587722,-9377323.64191131,-9377323.734951472,-9377323.822907317,-9377323.905974647,-9377323.984345863,-9377324.058209866,-9377324.127751965,-9377324.193153797,-9377324.254593223,-9377324.312244274,-9377324.36627705,-9377324.416857673,-9377324.464148201,-9377324.508306585,-9377324.549486605,-9377324.58783782,-9377324.623505535,-9377324.656630747,-9377324.687350139,-9377324.715796027,-9377324.742096374,-9377324.766374746,-9377324.788750336,-9377324.809337951,-9377324.828248024,-9377324.845586635,-9377324.861455534,-9377324.875952167,-9377324.889169715,-9377324.901197147,-9377324.912119258,-9377324.922016734,-9377324.93096622,-9377324.939040389,-9377324.94630801,-9377324.952834044,-9377324.958679726,-9377324.963902665,-9377324.968556937,-9377324.972693194,-9377324.976358762,-9377324.979597773,-9377324.982451268,-9377324.98495731,-9377324.987151124,-9377324.989065204,-9377324.99072945,-9377324.992171288,-9377324.993415803,-9377324.994485859,-9377324.995402236,-9377324.996183742,-9377324.996847356,-9377324.997408334,-9377324.99788034,-9377324.99827556,-9377324.998604812,-9377324.99887767,-9377324.999102551,-9377324.999286838,-9377324.999436952,-9377324.999558475,-9377324.999656213,-9377324.99973429,-9377324.999796215,-9377324.999844966,-9377324.999883048,-9377324.999912556,-9377324.999935223,-9377324.99995248,-9377324.999965493,-9377324.999975212,-9377324.999982392,-9377324.999987641,-9377324.999991434,-9377324.99999414,-9377324.999996047,-9377324.999997372,-9377324.999998279,-9377324.999998894,-9377324.9999993,-9377324.999999564,-9377324.999999736,-9377324.999999842,-9377324.999999907,-9377324.999999948,-9377324.99999997,-9377324.999999985,-9377324.999999993,-9377324.999999996,-9377324.999999998,-9377325.0,-9377325.0,-9377325.0,-9377325.0,-9377325.0,-9377325.0,-9377325.0,-9377325.0,-9377325.0,-9377325.0,-9377325.0,-9377325.0,-9377325.0,-9377325.0,-9377325.0,-9377325.0,-9377325.0,-9377325.0,-9377325.0,-9377325.0,-9377325.0,-9377325.0,-9377325.0,-9377325.0,-9377325.0,-9377325.0,-9377325.0,-9377325.0,-9377325.0,-9377325.0,-9377325.0,-9377325.0,-9377325.0,-9377325.0,-9377325.0,-9377325.0,-9377325.0,-9377325.0,-9377325.0,0.0
53.0,-9333268.494763985,-9333269.503687788,-9333270.49035738,-9333271.454986313,-9333272.397791281,-9333273.31899209,-9333274.218811609,-9333275.097475737,-9333275.955213338,-9333276.792256206,-9333277.608839002,-9333278.405199194,-9333279.181577016,-9333279.938215386,-9333280.675359854,-9333281.393258534,-9333282.092162024,-9333282.772323344,-9333283.433997858,-9333284.077443188,-9333284.70291914,-9333285.310687616,-9333285.901012523,-9333286.47415969,-9333287.030396767,-9333287.56999313,-9333288.093219787,-9333288.600349266,-9333289.091655513,-9333289.567413792,-9333290.027900558,-9333290.473393355,-9333290.9041707,-9333291.320511952,-9333291.722697198,-9333292.111007132,-9333292.48572292,-9333292.847126072,-9333293.195498312,-9333293.531121442,-9333293.854277205,-9333294.16524715,-9333294.464312486,-9333294.751753943,-9333295.02785163,-9333295.292884883,-9333295.547132125,-9333295.790870711,-9333296.024376784,-9333296.247925123,-9333296.461788995,-9333296.666239996,-9333296.86154791,-9333297.047980547,-9333297.225803602,-9333297.395280493,-9333297.55667222,-9333297.710237207,-9333297.856231164,-9333297.994906932,-9333298.126514342,-9333298.251300063,-9333298.369507479,-9333298.48137653,-9333298.587143593,-9333298.687041339,-9333298.781298611,-9333298.870140292,-9333298.953787195,-9333299.032455934,-9333299.10635882,-9333299.175703755,-9333299.240694124,-9333299.301528707,-9333299.358401585,-9333299.411502058,-9333299.461014567,-9333299.507118627,-9333299.549988765,-9333299.589794453,-9333299.62670008,-9333299.660864897,-9333299.692442985,-9333299.721583247,-9333299.748429373,-9333299.773119846,-9333299.795787938,-9333299.816561723,-9333299.835564101,-9333299.852912819,-9333299.86872051,-9333299.883094737,-9333299.89613806,-9333299.907948084,-9333299.91861754,-9333299.928234354,-9333299.93688175,-9333299.944638342,-9333299.951578224,-9333299.957771096,-9333299.963282373,-9333299.968173314,-9333299.97250114,-9333299.976319185,-9333299.979677018,-9333299.982620602,-9333299.98519243,-9333299.987431675,-9333299.989374358,-9333299.991053477,-9333299.99249919,-9333299.993738946,-9333299.994797654,-9333299.995697845,-9333299.996459804,-9333299.997101739,-9333299.997639919,-9333299.998088824,-9333299.99846128,-9333299.998768607,-9333299.999020733,-9333299.999226332,-9333299.999392938,-9333299.999527063,-9333299.999634301,-9333299.999719426,-9333299.999786492,-9333299.999838915,-9333299.999879554,-9333299.999910785,-9333299.999934569,-9333299.999952508,-9333299.999965904,-9333299.9999758,-9333299.999983033,-9333299.999988254,-9333299.999991978,-9333299.999994598,-9333299.999996416,-9333299.99999766,-9333299.999998499,-9333299.999999054,-9333299.999999415,-9333299.999999646,-9333299.99999979,-9333299.999999877,-9333299.999999931,-9333299.999999963,-9333299.99999998,-9333299.999999989,-9333299.999999994,-9333299.999999996,-9333300.0,-9333300.0,-9333300.0,-9333300.0,-9333300.0,-9333300.0,-9333300.0,-9333300.0,-9333300.0,-9333300.0,-9333300.0,-9333300.0,-9333300.0,-9333300.0,-9333300.0,-9333300.0,-9333300.0,-9333300.0,-9333300.0,-9333300.0,-9333300.0,-9333300.0,-9333300.0,-9333300.0,-9333300.0,-9333300.0,-9333300.0,-9333300.0,-9333300.0,-9333300.0,-9333300.0,-9333300.0,-9333300.0,-9333300.0,-9333300.0,-9333300.0,-9333300.0,-9333300.0,0.0
52.75,-9289235.48730856,-9289236.716776706,-9289237.920252224,-9289239.09795765,-9289240.250119468,-9289241.376968078,-9289242.478737772,-9289243.55566667,-9289244.607996704,-9289245.635973563,-9289246.63984664,-9289247.619868986,-9289248.57629726,-9289249.509391664,-9289250.419415882,-9289251.306637023,-9289252.171325551,-9289253.013755206,-9289253.834202943,-9289254.63294884,-9289255.410276026,-9289256.166470593,-9289256.901821505,-9289257.616620509,-9289258.311162036,-9289258.985743105,-9289259.64066321,-9289260.276224226,-9289260.892730288,-9289261.490487678,-9289262.06980471,-9289262.630991606,-9289263.174360372,-9289263.70022466,-9289264.20889965,-9289264.7007019,-9289265.175949212,-9289265.634960491,-9289266.07805559,-9289266.505555172,-9289266.91778054,-9289267.315053502,-9289267.697696194,-9289268.06603092,-9289268.420379996,-9289268.76106558,-9289269.088409495,-9289269.402733061,-9289269.704356924,-9289269.993600871,-9289270.270783665,-9289270.536222845,-9289270.790234575,-9289271.033133427,-9289271.265232224,-9289271.486841848,-9289271.698271053,-9289271.899826284,-9289272.091811497,-9289272.274527963,-9289272.448274106,-9289272.613345303,-9289272.770033708,-9289272.91862809,-9289273.059413629,-9289273.192671774,-9289273.31868005,-9289273.4377119,-9289273.55003652,-9289273.655918704,-9289273.755618684,-9289273.849391982,-9289273.93748927,-9289274.020156223,-9289274.097633397,-9289274.170156093,-9289274.237954244,-9289274.301252302,-9289274.360269133,-9289274.415217921,-9289274.466306077,-9289274.513735173,-9289274.557700854,-9289274.598392792,-9289274.635994626,-9289274.670683928,-9289274.702632166,-9289274.732004695,-9289274.758960733,-9289274.783653367,-9289274.806229576,-9289274.826830238,-9289274.84559017,-9289274.862638185,-9289274.878097124,-9289274.892083943,-9289274.904709782,-9289274.91608005,-9289274.926294534,-9289274.935447494,-9289274.943627786,-9289274.950918995,-9289274.957399558,-9289274.96314292,-9289274.96821767,-9289274.97268772,-9289274.976612449,-9289274.980046887,-9289274.983041883,-9289274.985644294,-9289274.987897154,-9289274.989839874,-9289274.991508413,-9289274.992935486,-9289274.994150737,-9289274.995180931,-9289274.996050144,-9289274.99677994,-9289274.997389553,-9289274.997896068,-9289274.99831459,-9289274.998658396,-9289274.99893912,-9289274.99916689,-9289274.999350471,-9289274.999497415,-9289274.999614183,-9289274.999706265,-9289274.999778306,-9289274.999834197,-9289274.999877177,-9289274.999909926,-9289274.999934638,-9289274.999953095,-9289274.999966731,-9289274.999976695,-9289274.999983884,-9289274.999989007,-9289274.999992613,-9289274.999995109,-9289274.999996815,-9289274.999997962,-9289274.999998719,-9289274.99999921,-9289274.999999523,-9289274.999999719,-9289274.999999838,-9289274.999999909,-9289274.999999952,-9289274.999999974,-9289274.999999985,-9289274.999999993,-9289274.999999996,-9289274.999999998,-9289275.0,-9289275.0,-9289275.0,-9289275.0,-9289275.0,-9289275.0,-9289275.0,-9289275.0,-9289275.0,-9289275.0,-9289275.0,-9289275.0,-9289275.0,-9289275.0,-9289275.0,-9289275.0,-9289275.0,-9289275.0,-9289275.0,-9289275.0,-9289275.0,-9289275.0,-9289275.0,-9289275.0,-9289275.0,-9289275.0,-9289275.0,-9289275.0,-9289275.0,-9289275.0,-9289275.0,-9289275.0,-9289275.0,-9289275.0,-9289275.0,-9289275.0,0.0
52.5,-9245200.879087068,-9245202.363065943,-9245203.817014053,-9245205.241158037,-9245206.635729339,-9245208.000964172,-9245209.337103501,-9245210.644393016,-9245211.923083093,-9245213.173428765,-9245214.395689677,-9245215.590130057,-9245216.75701865,-9245217.896628693,-9245219.009237837,-9245220.095128112,-9245221.154585851,-9245222.187901635,-9245223.195370214,-9245224.177290449,-9245225.133965217,-9245226.065701347,-9245226.97280952,-9245227.855604194,-9245228.714403491,-9245229.54952912,-9245230.361306258,-9245231.150063444,-9245231.916132478,-9245232.659848291,-9245233.381548835,-9245234.081574947,-9245234.760270227,-9245235.417980898,-9245236.055055674,-9245236.671845604,-9245237.268703932,-9245237.845985943,-9245238.404048806,-9245238.943251409,-9245239.463954192,-9245239.966518987,-9245240.451308828,-9245240.91868778,-9245241.36902076,-9245241.802673347,-9245242.220011588,-9245242.621401805,-9245243.007210407,-9245243.377803676,-9245243.733547572,-9245244.074807525,-9245244.401948225,-9245244.715333406,-9245245.01532564,-9245245.302286118,-9245245.57657443,-9245245.838548351,-9245246.08856361,-9245246.32697369,-9245246.554129584,-9245246.770379592,-9245246.976069085,-9245247.171540298,-9245247.357132105,-9245247.5331798,-9245247.700014884,-9245247.857964847,-9245248.007352972,-9245248.148498107,-9245248.281714477,-9245248.407311477,-9245248.525593482,-9245248.63685966,-9245248.741403779,-9245248.839514038,-9245248.931472894,-9245249.017556898,-9245249.098036543,-9245249.17317611,-9245249.24323354,-9245249.30846029,-9245249.36910123,-9245249.425394526,-9245249.477571536,-9245249.525856728,-9245249.57046761,-9245249.611614656,-9245249.649501259,-9245249.684323687,-9245249.716271061,-9245249.745525345,-9245249.772261335,-9245249.796646679,-9245249.818841903,-9245249.839000449,-9245249.857268728,-9245249.873786196,-9245249.888685418,-9245249.902092177,-9245249.91412557,-9245249.924898129,-9245249.934515962,-9245249.943078881,-9245249.950680565,-9245249.957408724,-9245249.96334527,-9245249.968566507,-9245249.973143317,-9245249.977141365,-9245249.980621304,-9245249.983638989,-9245249.986245688,-9245249.988488318,-9245249.990409652,-9245249.992048554,-9245249.99344021,-9245249.994616345,-9245249.995605445,-9245249.99643299,-9245249.997121667,-9245249.99769158,-9245249.998160461,-9245249.998543872,-9245249.998855393,-9245249.99910682,-9245249.99930833,-9245249.99946865,-9245249.999595221,-9245249.999694347,-9245249.999771323,-9245249.999830566,-9245249.999875735,-9245249.999909839,-9245249.999935318,-9245249.99995415,-9245249.999967903,-9245249.999977829,-9245249.999984898,-9245249.999989867,-9245249.999993306,-9245249.999995653,-9245249.999997225,-9245249.999998264,-9245249.999998935,-9245249.99999936,-9245249.999999624,-9245249.999999784,-9245249.99999988,-9245249.999999935,-9245249.999999966,-9245249.999999981,-9245249.999999993,-9245249.999999996,-9245249.999999998,-9245250.0,-9245250.0,-9245250.0,-9245250.0,-9245250.0,-9245250.0,-9245250.0,-9245250.0,-9245250.0,-9245250.0,-9245250.0,-9245250.0,-9245250.0,-9245250.0,-9245250.0,-9245250.0,-9245250.0,-9245250.0,-9245250.0,-9245250.0,-9245250.0,-9245250.0,-9245250.0,-9245250.0,-9245250.0,-9245250.0,-9245250.0,-9245250.0,-9245250.0,-9245250.0,-9245250.0,-9245250.0,-9245250.0,-9245250.0,-9245250.0,0.0
52.25,-9201164.334213074,-9201166.111974832,-9201167.855362538,-9201169.56460097,-9201171.239920579,-9201172.881557483,-9201174.489753464,-9201176.064755939,-9201177.606817957,-9201179.11619817,-9201180.593160816,-9201182.03797567,-9201183.450918045,-9201184.83226872,-9201186.18231393,-9201187.5013453,-9201188.7896598,-9201190.047559703,-9201191.275352517,-9201192.473350922,-9201193.641872706,-9201194.781240694,-9201195.891782673,-9201196.973831302,-9201198.027724031,-9201199.053803016,-9201200.052415002,-9201201.023911249,-9201201.968647396,-9201202.886983372,-9201203.779283263,-9201204.64591519,-9201205.487251189,-9201206.303667061,-9201207.095542252,-9201207.863259686,-9201208.60720563,-9201209.327769522,-9201210.025343824,-9201210.700323842,-9201211.353107559,-9201211.984095449,-9201212.593690298,-9201213.18229701,-9201213.750322416,-9201214.298175067,-9201214.826265026,-9201215.33500367,-9201215.82480346,-9201216.296077728,-9201216.749240441,-9201217.184705988,-9201217.602888925,-9201218.004203757,-9201218.389064683,-9201218.757885348,-9201219.111078605,-9201219.449056253,-9201219.772228783,-9201220.08100513,-9201220.375792395,-9201220.656995606,-9201220.925017435,-9201221.180257946,-9201221.42311433,-9201221.653980633,-9201221.873247502,-9201222.081301916,-9201222.278526928,-9201222.465301394,-9201222.641999738,-9201222.80899167,-9201222.966641963,-9201223.115310177,-9201223.255350443,-9201223.38711121,-9201223.510935023,-9201223.627158295,-9201223.736111086,-9201223.838116903,-9201223.93349249,-9201224.022547647,-9201224.105585039,-9201224.182900026,-9201224.254780512,-9201224.321506785,-9201224.383351386,-9201224.440578984,-9201224.493446272,-9201224.542201858,-9201224.5870862,-9201224.628331527,-9201224.666161789,-9201224.700792626,-9201224.732431343,-9201224.761276914,-9201224.787519982,-9201224.8113429,-9201224.832919773,-9201224.85241652,-9201224.86999095,-9201224.885792868,-9201224.899964174,-9201224.912639001,-9201224.923943851,-9201224.933997761,-9201224.942912469,-9201224.950792598,-9201224.957735868,-9201224.963833297,-9201224.969169423,-9201224.973822549,-9201224.977864968,-9201224.98136323,-9201224.984378386,-9201224.986966264,-9201224.989177719,-9201224.99105892,-9201224.992651604,-9201224.99399337,-9201224.995117923,-9201224.996055363,-9201224.996832434,-9201224.997472793,-9201224.997997254,-9201224.998424035,-9201224.998768996,-9201224.999045856,-9201224.99926642,-9201224.999440774,-9201224.999577478,-9201224.999683741,-9201224.999765605,-9201224.99982807,-9201224.999875259,-9201224.999910533,-9201224.99993661,-9201224.999955658,-9201224.9999694,-9201224.999979187,-9201224.999986056,-9201224.99999081,-9201224.999994043,-9201224.999996211,-9201224.999997634,-9201224.999998555,-9201224.999999136,-9201224.999999495,-9201224.999999713,-9201224.99999984,-9201224.999999914,-9201224.999999955,-9201224.999999978,-9201224.999999989,-9201224.999999996,-9201224.999999998,-9201225.0,-9201225.0,-9201225.0,-9201225.0,-9201225.0,-9201225.0,-9201225.0,-9201225.0,-9201225.0,-9201225.0,-9201225.0,-9201225.0,-9201225.0,-9201225.0,-9201225.0,-9201225.0,-9201225.0,-9201225.0,-9201225.0,-9201225.0,-9201225.0,-9201225.0,-9201225.0,-9201225.0,-9201225.0,-9201225.0,-9201225.0,-9201225.0,-9201225.0,-9201225.0,-9201225.0,-9201225.0,-9201225.0,-9201225.0,0.0
52.0,-9157125.459108712,-9157127.575734057,-9157129.65333899,-9157131.692139283,-9157133.69235728,-9157135.654221898,-9157137.577968644,-9157139.463839611,-9157141.312083488,-9157143.122955553,-9157144.896717662,-9157146.633638248,-9157148.333992302,-9157149.998061355,-9157151.626133453,-9157153.218503132,-9157154.775471387,-9157156.297345635,-9157157.784439668,-9157159.237073619,-9157160.655573897,-9157162.040273141,-9157163.391510155,-9157164.709629832,-9157165.994983096,-9157167.247926816,-9157168.46882372,-9157169.658042304,-9157170.815956747,-9157171.942946792,-9157173.039397648,-9157174.105699878,-9157175.142249268,-9157176.149446703,-9157177.12769804,-9157178.077413956,-9157178.999009807,-9157179.892905476,-9157180.759525202,-9157181.599297425,-9157182.4126546,-9157183.200033024,-9157183.961872641,-9157184.698616851,-9157185.41071231,-9157186.098608712,-9157186.76275858,-9157187.403617047,-9157188.021641616,-9157188.617291935,-9157189.191029552,-9157189.743317664,-9157190.274620859,-9157190.785404868,-9157191.27613629,-9157191.747282319,-9157192.19931047,-9157192.632688299,-9157193.047883108,-9157193.445361659,-9157193.825589884,-9157194.18903257,-9157194.536153065,-9157194.867412975,-9157195.18327185,-9157195.484186865,-9157195.770612525,-9157196.043000335,-9157196.30179849,-9157196.547451563,-9157196.780400181,-9157197.001080722,-9157197.209924996,-9157197.407359935,-9157197.593807288,-9157197.769683316,-9157197.935398495,-9157198.09135722,-9157198.237957515,-9157198.375590758,-9157198.504641403,-9157198.625486707,-9157198.738496492,-9157198.844032878,-9157198.942450061,-9157199.034094077,-9157199.119302602,-9157199.19840474,-9157199.271720853,-9157199.339562373,-9157199.402231658,-9157199.460021852,-9157199.513216756,-9157199.562090734,-9157199.606908616,-9157199.647925638,-9157199.685387382,-9157199.719529763,-9157199.750579003,-9157199.778751649,-9157199.80425461,-9157199.8272852,-9157199.848031206,-9157199.866670996,-9157199.883373622,-9157199.898298949,-9157199.911597816,-9157199.923412211,-9157199.933875445,-9157199.943112377,-9157199.95123963,-9157199.958365839,-9157199.964591898,-9157199.970011238,-9157199.9747101,-9157199.978767842,-9157199.982257228,-9157199.985244747,-9157199.98779093,-9157199.98995066,-9157199.991773516,-9157199.993304085,-9157199.994582286,-9157199.995643707,-9157199.996519906,-9157199.997238737,-9157199.997824647,-9157199.998298975,-9157199.998680241,-9157199.998984419,-9157199.999225192,-9157199.999414207,-9157199.999561306,-9157199.99967474,-9157199.999761373,-9157199.999826867,-9157199.999875851,-9157199.999912072,-9157199.999938536,-9157199.999957629,-9157199.999971215,-9157199.999980748,-9157199.999987336,-9157199.999991816,-9157199.999994807,-9157199.999996772,-9157199.999998035,-9157199.99999883,-9157199.999999322,-9157199.999999616,-9157199.99999979,-9157199.999999888,-9157199.999999942,-9157199.99999997,-9157199.999999985,-9157199.999999993,-9157199.999999996,-9157200.0,-9157200.0,-9157200.0,-9157200.0,-9157200.0,-9157200.0,-9157200.0,-9157200.0,-9157200.0,-9157200.0,-9157200.0,-9157200.0,-9157200.0,-9157200.0,-9157200.0,-9157200.0,-9157200.0,-9157200.0,-9157200.0,-9157200.0,-9157200.0,-9157200.0,-9157200.0,-9157200.0,-9157200.0,-9157200.0,-9157200.0,-9157200.0,-9157200.0,-9157200.0,-9157200.0,-9157200.0,-9157200.0,0.0
51.75,-9113083.79346374,-9113086.300353635,-9113088.763284925,-9113091.18245605,-9113093.5580729,-9113095.89034884,-9113098.179504745,-9113100.425769027,-9113102.629377663,-9113104.790574212,-9113106.909609828,-9113108.986743288,-9113111.02224098,-9113113.016376927,-9113114.969432777,-9113116.881697796,-9113118.753468877,-9113120.5850505,-9113122.376754737,-9113124.128901212,-9113125.841817083,-9113127.515837,-9113129.151303072,-9113130.74856481,-9113132.307979088,-9113133.829910075,-9113135.314729176,-9113136.762814965,-9113138.17455309,-9113139.550336214,-9113140.890563907,-9113142.195642551,-9113143.46598524,-9113144.702011663,-9113145.904147986,-9113147.072826723,-9113148.208486605,-9113149.311572433,-9113150.382534925,-9113151.421830572,-9113152.429921448,-9113153.407275055,-9113154.35436413,-9113155.271666452,-9113156.159664653,-9113157.018845994,-9113157.849702165,-9113158.652729044,-9113159.428426476,-9113160.177298024,-9113160.899850722,-9113161.596594814,-9113162.268043488,-9113162.914712602,-9113163.537120402,-9113164.135787224,-9113164.71123521,-9113165.263987988,-9113165.794570364,-9113166.303507999,-9113166.791327091,-9113167.258554032,-9113167.705715068,-9113168.133335963,-9113168.541941632,-9113168.932055807,-9113169.304200653,-9113169.658896424,-9113169.996661078,-9113170.318009917,-9113170.623455212,-9113170.91350582,-9113171.18866682,-9113171.449439127,-9113171.69631912,-9113171.929798264,-9113172.150362734,-9113172.358493056,-9113172.554663725,-9113172.739342852,-9113172.912991801,-9113173.076064844,-9113173.229008812,-9113173.372262761,-9113173.506257646,-9113173.631416,-9113173.748151641,-9113173.85686937,-9113173.957964694,-9113174.051823564,-9113174.138822118,-9113174.219326464,-9113174.293692451,-9113174.362265473,-9113174.425380304,-9113174.483360931,-9113174.536520414,-9113174.58516079,-9113174.629572963,-9113174.67003665,-9113174.706820328,-9113174.740181224,-9113174.770365316,-9113174.797607362,-9113174.822130967,-9113174.844148647,-9113174.863861958,-9113174.881461613,-9113174.897127647,-9113174.911029596,-9113174.923326708,-9113174.934168167,-9113174.943693344,-9113174.952032072,-9113174.95930494,-9113174.965623599,-9113174.971091088,-9113174.97580218,-9113174.97984374,-9113174.983295083,-9113174.98622836,-9113174.988708936,-9113174.990795774,-9113174.992541842,-9113174.99399449,-9113174.995195841,-9113174.996183187,-9113174.996989354,-9113174.997643093,-9113174.998169415,-9113174.99858996,-9113174.998923328,-9113174.999185387,-9113174.999389581,-9113174.999547219,-9113174.999667728,-9113174.999758907,-9113174.999827143,-9113174.99987762,-9113174.999914512,-9113174.999941122,-9113174.999960054,-9113174.999973327,-9113174.999982491,-9113174.999988712,-9113174.999992862,-9113174.999995578,-9113174.999997322,-9113174.999998413,-9113174.999999084,-9113174.999999486,-9113174.99999972,-9113174.999999851,-9113174.999999925,-9113174.999999963,-9113174.999999981,-9113174.999999993,-9113174.999999996,-9113174.999999998,-9113175.0,-9113175.0,-9113175.0,-9113175.0,-9113175.0,-9113175.0,-9113175.0,-9113175.0,-9113175.0,-9113175.0,-9113175.0,-9113175.0,-9113175.0,-9113175.0,-9113175.0,-9113175.0,-9113175.0,-9113175.0,-9113175.0,-9113175.0,-9113175.0,-9113175.0,-9113175.0,-9113175.0,-9113175.0,-9113175.0,-9113175.0,-9113175.0,-9113175.0,-9113175.0,-9113175.0,0.0
51.5,-9069038.800189426,-9069041.755573947,-9069044.661792073,-9069047.51901538,-9069050.327423722,-9069053.087205293,-9069055.798556685,-9069058.46168295,-9069061.07679763,-9069063.644122845,-9069066.163889294,-9069068.636336332,-9069071.06171199,-9069073.440273006,-9069075.77228487,-9069078.058021832,-9069080.297766939,-9069082.491812032,-9069084.640457774,-9069086.744013641,-9069088.802797934,-9069090.817137765,-9069092.787369054,-9069094.713836499,-9069096.596893571,-9069098.436902465,-9069100.23423408,-9069101.989267964,-9069103.702392275,-9069105.37400371,-9069107.00450746,-9069108.594317116,-9069110.143854607,-9069111.653550107,-9069113.123841934,-9069114.55517645,-9069115.948007952,-9069117.302798543,-9069118.620018011,-9069119.900143677,-9069121.143660264,-9069122.351059718,-9069123.522841062,-9069124.659510203,-9069125.761579748,-9069126.829568818,-9069127.864002831,-9069128.865413282,-9069129.834337523,-9069130.771318527,-9069131.676904632,-9069132.55164929,-9069133.396110792,-9069134.210851997,-9069134.996440034,-9069135.753446009,-9069136.482444696,-9069137.184014201,-9069137.858735658,-9069138.50719287,-9069139.12997196,-9069139.727661025,-9069140.300849749,-9069140.850129046,-9069141.376090655,-9069141.87932676,-9069142.360429581,-9069142.819990963,-9069143.258601962,-9069143.676852426,-9069144.075330555,-9069144.454622481,-9069144.815311812,-9069145.157979205,-9069145.48320191,-9069145.791553317,-9069146.083602522,-9069146.35991386,-9069146.621046456,-9069146.867553778,-9069147.099983193,-9069147.318875514,-9069147.524764558,-9069147.718176719,-9069147.899630535,-9069148.069636263,-9069148.228695467,-9069148.37730063,-9069148.51593474,-9069148.64507093,-9069148.76517211,-9069148.876690619,-9069148.98006789,-9069149.075734142,-9069149.164108086,-9069149.245596658,-9069149.320594754,-9069149.389485016,-9069149.452637631,-9069149.510410145,-9069149.56314732,-9069149.611181015,-9069149.65483009,-9069149.694400338,-9069149.730184462,-9069149.762462068,-9069149.791499693,-9069149.817550872,-9069149.84085622,-9069149.861643575,-9069149.880128136,-9069149.89651266,-9069149.910987677,-9069149.92373174,-9069149.934911706,-9069149.944683027,-9069149.953190088,-9069149.960566577,-9069149.966935828,-9069149.972411253,-9069149.977096748,-9069149.98108711,-9069149.98446851,-9069149.987318933,-9069149.989708649,-9069149.991700679,-9069149.993351279,-9069149.994710395,-9069149.995822148,-9069149.996725287,-9069149.997453645,-9069149.99803657,-9069149.998499371,-9069149.998863697,-9069149.999147959,-9069149.999367673,-9069149.999535814,-9069149.999663144,-9069149.999758504,-9069149.999829087,-9069149.999880679,-9069149.999917895,-9069149.999944367,-9069149.999962915,-9069149.999975707,-9069149.99998438,-9069149.999990154,-9069149.999993924,-9069149.999996334,-9069149.999997841,-9069149.999998763,-9069149.99999931,-9069149.999999627,-9069149.999999804,-9069149.999999901,-9069149.999999952,-9069149.999999978,-9069149.999999989,-9069149.999999996,-9069149.999999998,-9069150.0,-9069150.0,-9069150.0,-9069150.0,-9069150.0,-9069150.0,-9069150.0,-9069150.0,-9069150.0,-9069150.0,-9069150.0,-9069150.0,-9069150.0,-9069150.0,-9069150.0,-9069150.0,-9069150.0,-9069150.0,-9069150.0,-9069150.0,-9069150.0,-9069150.0,-9069150.0,-9069150.0,-9069150.0,-9069150.0,-9069150.0,-9069150.0,-9069150.0,-9069150.0,0.0
51.25,-9024989.854328439,-9024993.323758123,-9024996.73857912,-9025000.098925434,-9025003.4049401,-9025006.656775283,-9025009.854592357,-9025012.998562004,-9025016.08886429,-9025019.125688741,-9025022.109234443,-9025025.039710091,-9025027.917334078,-9025030.742334556,-9025033.5149495,-9025036.235426772,-9025038.90402417,-9025041.521009484,-9025044.086660542,-9025046.601265248,-9025049.065121625,-9025051.478537839,-9025053.841832224,-9025056.15533331,-9025058.419379834,-9025060.634320732,-9025062.800515164,-9025064.91833249,-9025066.988152262,-9025069.010364207,-9025070.985368192,-9025072.913574193,-9025074.795402247,-9025076.631282412,-9025078.42165468,-9025080.166968938,-9025081.867684862,-9025083.524271848,-9025085.137208905,-9025086.706984548,-9025088.23409668,-9025089.719052464,-9025091.162368186,-9025092.5645691,-9025093.926189274,-9025095.247771408,-9025096.529866658,-9025097.773034438,-9025098.977842215,-9025100.144865282,-9025101.274686534,-9025102.367896218,-9025103.425091682,-9025104.446877096,-9025105.433863183,-9025106.38666691,-9025107.30591119,-9025108.192224557,-9025109.046240827,-9025109.868598765,-9025110.65994171,-9025111.420917219,-9025112.152176656,-9025112.854374824,-9025113.528169537,-9025114.174221206,-9025114.793192398,-9025115.385747395,-9025115.952551745,-9025116.494271774,-9025117.011574134,-9025117.5051253,-9025117.975591078,-9025118.4236361,-9025118.849923309,-9025119.255113447,-9025119.639864523,-9025120.004831279,-9025120.350664658,-9025120.678011265,-9025120.98751282,-9025121.27980562,-9025121.55551999,-9025121.815279745,-9025122.059701642,-9025122.289394848,-9025122.50496041,-9025122.70699072,-9025122.89606901,-9025123.07276883,-9025123.23765356,-9025123.391275922,-9025123.534177518,-9025123.666888362,-9025123.789926456,-9025123.903797371,-9025124.008993853,-9025124.10599545,-9025124.195268165,-9025124.277264144,-9025124.352421377,-9025124.421163436,-9025124.483899254,-9025124.541022921,-9025124.592913523,-9025124.639935017,-9025124.68243614,-9025124.720750358,-9025124.755195852,-9025124.78607554,-9025124.813677147,-9025124.83827331,-9025124.86012172,-9025124.879465308,-9025124.896532476,-9025124.911537342,-9025124.924680062,-9025124.936147153,-9025124.946111863,-9025124.954734586,-9025124.962163283,-9025124.968533952,-9025124.973971117,-9025124.978588337,-9025124.982488729,-9025124.98576553,-9025124.988502637,-9025124.990775187,-9025124.992650127,-9025124.994186781,-9025124.99543743,-9025124.996447865,-9025124.997257944,-9025124.997902144,-9025124.998410057,-9025124.998806914,-9025124.999114055,-9025124.999349374,-9025124.999527754,-9025124.999661451,-9025124.999760466,-9025124.999832869,-9025124.9998851,-9025124.999922242,-9025124.999948252,-9025124.999966174,-9025124.999978306,-9025124.99998637,-9025124.99999162,-9025124.999994967,-9025124.999997053,-9025124.99999832,-9025124.99999907,-9025124.9999995,-9025124.999999743,-9025124.999999871,-9025124.999999939,-9025124.999999972,-9025124.999999989,-9025124.999999994,-9025124.999999998,-9025125.0,-9025125.0,-9025125.0,-9025125.0,-9025125.0,-9025125.0,-9025125.0,-9025125.0,-9025125.0,-9025125.0,-9025125.0,-9025125.0,-9025125.0,-9025125.0,-9025125.0,-9025125.0,-9025125.0,-9025125.0,-9025125.0,-9025125.0,-9025125.0,-9025125.0,-9025125.0,-9025125.0,-9025125.0,-9025125.0,-9025125.0,-9025125.0,-9025125.0,0.0
51.0,-8980936.230900027,-8980940.287701843,-8980944.284268025,-8980948.220683217,-8980952.097041728,-8980955.913447658,-8980959.670015022,-8980963.366867876,-8980967.00414043,-8980970.581977172,-8980974.10053298,-8980977.559973236,-8980980.960473936,-8980984.302221797,-8980987.585414361,-8980990.810260095,-8980993.97697848,-8980997.085800126,-8981000.13696683,-8981003.13073168,-8981006.067359135,-8981008.947125085,-8981011.770316934,-8981014.537233662,-8981017.248185877,-8981019.90349587,-8981022.503497664,-8981025.04853705,-8981027.538971622,-8981029.9751708,-8981032.357515855,-8981034.686399903,-8981036.962227933,-8981039.185416771,-8981041.35639509,-8981043.475603372,-8981045.543493882,-8981047.560530618,-8981049.527189262,-8981051.44395712,-8981053.311333045,-8981055.129827341,-8981056.89996169,-8981058.622269018,-8981060.297293393,-8981061.925589884,-8981063.507724416,-8981065.04427361,-8981066.53582462,-8981067.982974932,-8981069.386332177,-8981070.746513914,-8981072.064147398,-8981073.339869335,-8981074.574325636,-8981075.768171128,-8981076.922069274,-8981078.036691865,-8981079.112718703,-8981080.150837258,-8981081.151742322,-8981082.116135638,-8981083.044725507,-8981083.938226402,-8981084.797358539,-8981085.622847445,-8981086.415423512,-8981087.17582153,-8981087.904780198,-8981088.603041641,-8981089.271350885,-8981089.910455342,-8981090.521104254,-8981091.104048155,-8981091.660038285,-8981092.189826023,-8981092.694162287,-8981093.173796928,-8981093.629478116,-8981094.061951715,-8981094.471960658,-8981094.860244289,-8981095.227537727,-8981095.574571215,-8981095.902069453,-8981096.210750956,-8981096.501327377,-8981096.774502859,-8981097.030973375,-8981097.271426074,-8981097.496538643,-8981097.706978654,-8981097.903402949,-8981098.086457016,-8981098.256774388,-8981098.414976059,-8981098.56166991,-8981098.697450168,-8981098.82289688,-8981098.938575407,-8981099.04503597,-8981099.142813185,-8981099.232425675,-8981099.314375684,-8981099.389148736,-8981099.457213348,-8981099.51902076,-8981099.575004723,-8981099.625581326,-8981099.671148872,-8981099.712087795,-8981099.74876064,-8981099.781512067,-8981099.81066893,-8981099.836540401,-8981099.859418126,-8981099.879576458,-8981099.897272721,-8981099.912747536,-8981099.926225178,-8981099.937913992,-8981099.948006853,-8981099.956681661,-8981099.964101875,-8981099.970417082,-8981099.9757636,-8981099.980265114,-8981099.984033316,-8981099.987168591,-8981099.989760686,-8981099.99188942,-8981099.993625369,-8981099.995030569,-8981099.996159207,-8981099.997058298,-8981099.99776835,-8981099.998324,-8981099.998754635,-8981099.999084985,-8981099.999335673,-8981099.999523735,-8981099.999663103,-8981099.999765059,-8981099.99983862,-8981099.999890924,-8981099.999927532,-8981099.99995273,-8981099.999969766,-8981099.999981064,-8981099.999988405,-8981099.999993071,-8981099.999995966,-8981099.999997716,-8981099.999998745,-8981099.999999333,-8981099.999999657,-8981099.999999832,-8981099.99999992,-8981099.999999963,-8981099.999999985,-8981099.999999993,-8981099.999999996,-8981100.0,-8981100.0,-8981100.0,-8981100.0,-8981100.0,-8981100.0,-8981100.0,-8981100.0,-8981100.0,-8981100.0,-8981100.0,-8981100.0,-8981100.0,-8981100.0,-8981100.0,-8981100.0,-8981100.0,-8981100.0,-8981100.0,-8981100.0,-8981100.0,-8981100.0,-8981100.0,-8981100.0,-8981100.0,-8981100.0,-8981100.0,-8981100.0,0.0
50.75,-8936877.09168318,-8936881.817359896,-8936886.477055842,-8936891.07079357,-8936895.59860576,-8936900.060535386,-8936904.456635876,-8936908.786971264,-8936913.05161636,-8936917.2506569,-8936921.384189706,-8936925.45232284,-8936929.45517575,-8936933.392879426,-8936937.26557655,-8936941.073421638,-8936944.816581177,-8936948.49523377,-8936952.109570282,-8936955.659793947,-8936959.146120518,-8936962.568778392,-8936965.928008713,-8936969.224065505,-8936972.457215775,-8936975.627739614,-8936978.735930312,-8936981.782094436,-8936984.766551927,-8936987.689636176,-8936990.551694104,-8936993.353086224,-8936996.094186705,-8936998.775383417,-8937001.397077981,-8937003.959685802,-8937006.46363609,-8937008.909371873,-8937011.29735002,-8937013.62804121,-8937015.901929937,-8937018.119514477,-8937020.28130684,-8937022.387832737,-8937024.439631496,-8937026.437256001,-8937028.381272595,-8937030.272260979,-8937032.110814089,-8937033.897537965,-8937035.633051608,-8937037.3179868,-8937038.952987947,-8937040.538711855,-8937042.075827543,-8937043.565015987,-8937045.006969888,-8937046.402393397,-8937047.752001831,-8937049.056521365,-8937050.316688713,-8937051.533250779,-8937052.706964301,-8937053.838595461,-8937054.92891948,-8937055.978720205,-8937056.988789655,-8937057.959927555,-8937058.892940857,-8937059.788643235,-8937060.64785455,-8937061.471400306,-8937062.26011109,-8937063.014821973,-8937063.736371912,-8937064.425603123,-8937065.083360432,-8937065.71049061,-8937066.307841707,-8937066.876262331,-8937067.416600958,-8937067.929705182,-8937068.416420992,-8937068.877592005,-8937069.314058695,-8937069.726657633,-8937070.116220675,-8937070.483574197,-8937070.829538267,-8937071.154925868,-8937071.460542075,-8937071.747183261,-8937072.015636291,-8937072.266677722,-8937072.501073025,-8937072.719575789,-8937072.922926964,-8937073.111854114,-8937073.287070666,-8937073.449275203,-8937073.599150788,-8937073.737364277,-8937073.864565708,-8937073.981387684,-8937074.088444818,-8937074.186333202,-8937074.275629934,-8937074.35689266,-8937074.43065921,-8937074.497447234,-8937074.557753924,-8937074.612055793,-8937074.660808485,-8937074.70444667,-8937074.743383985,-8937074.778013058,-8937074.80870556,-8937074.835812371,-8937074.85966375,-8937074.880569626,-8937074.898819916,-8937074.914684925,-8937074.928415786,-8937074.94024499,-8937074.950386925,-8937074.959038518,-8937074.966379888,-8937074.972575057,-8937074.977772702,-8937074.982106928,-8937074.985698082,-8937074.988653585,-8937074.991068773,-8937074.993027743,-8937074.994604222,-8937074.995862402,-8937074.996857785,-8937074.997638002,-8937074.998243593,-8937074.998708788,-8937074.999062223,-8937074.999327626,-8937074.999524465,-8937074.999668535,-8937074.999772506,-8937074.999846421,-8937074.999898134,-8937074.999933697,-8937074.999957707,-8937074.999973599,-8937074.9999839,-8937074.999990426,-8937074.999994457,-8937074.999996884,-8937074.999998303,-8937074.999999106,-8937074.999999547,-8937074.99999978,-8937074.999999898,-8937074.999999955,-8937074.999999981,-8937074.999999993,-8937074.999999996,-8937075.0,-8937075.0,-8937075.0,-8937075.0,-8937075.0,-8937075.0,-8937075.0,-8937075.0,-8937075.0,-8937075.0,-8937075.0,-8937075.0,-8937075.0,-8937075.0,-8937075.0,-8937075.0,-8937075.0,-8937075.0,-8937075.0,-8937075.0,-8937075.0,-8937075.0,-8937075.0,-8937075.0,-8937075.0,-8937075.0,-8937075.0,0.0
50.5,-8892811.47097025,-8892816.95551848,-8892822.368307415,-8892827.709284052,-8892832.978405764,-8892838.1756405,-8892843.300966976,-8892848.354374886,-8892853.335865092,-8892858.245449822,-8892863.083152879,-8892867.849009825,-8892872.543068193,-8892877.165387668,-8892881.716040293,-8892886.19511066,-8892890.602696098,-8892894.93890687,-8892899.203866355,-8892903.397711236,-8892907.520591686,-8892911.572671546,-8892915.5541285,-8892919.465154253,-8892923.305954695,-8892927.07675008,-8892930.777775165,-8892934.409279391,-8892937.971527018,-8892941.464797279,-8892944.889384512,-8892948.245598309,-8892951.533763625,-8892954.754220907,-8892957.907326214,-8892960.993451303,-8892964.012983743,-8892966.96632699,-8892969.853900474,-8892972.676139656,-8892975.4334961,-8892978.126437504,-8892980.755447745,-8892983.3210269,-8892985.823691254,-8892988.263973301,-8892990.642421724,-8892992.95960137,-8892995.216093201,-8892997.412494227,-8892999.549417447,-8893001.627491735,-8893003.647361746,-8893005.60968778,-8893007.515145632,-8893009.364426438,-8893011.15823648,-8893012.89729698,-8893014.582343882,-8893016.2141276,-8893017.793412747,-8893019.320977846,-8893020.797615014,-8893022.224129625,-8893023.601339947,-8893024.93007676,-8893026.211182933,-8893027.44551301,-8893028.633932723,-8893029.77731852,-8893030.87655705,-8893031.93254462,-8893032.946186632,-8893033.918396985,-8893034.850097468,-8893035.742217103,-8893036.595691482,-8893037.411462061,-8893038.190475453,-8893038.933682662,-8893039.642038323,-8893040.3164999,-8893040.958026873,-8893041.567579888,-8893042.1461199,-8893042.694607284,-8893043.214000944,-8893043.705257379,-8893044.16932976,-8893044.607166976,-8893045.019712668,-8893045.407904271,-8893045.772672012,-8893046.114937956,-8893046.435614986,-8893046.735605842,-8893047.015802111,-8893047.277083278,-8893047.52031572,-8893047.746351779,-8893047.9560288,-8893048.150168221,-8893048.329574665,-8893048.495035069,-8893048.647317851,-8893048.78717209,-8893048.915326778,-8893049.03249008,-8893049.139348669,-8893049.236567097,-8893049.324787227,-8893049.404627731,-8893049.476683632,-8893049.541525934,-8893049.599701315,-8893049.651731879,-8893049.69811501,-8893049.73932328,-8893049.775804453,-8893049.807981564,-8893049.836253073,-8893049.86099312,-8893049.882551849,-8893049.901255805,-8893049.91740844,-8893049.931290662,-8893049.943161482,-8893049.95325872,-8893049.961799778,-8893049.968982482,-8893049.974985965,-8893049.979971595,-8893049.984083971,-8893049.98745191,-8893049.990189489,-8893049.992397085,-8893049.994162437,-8893049.995561674,-8893049.996660374,-8893049.997514553,-8893049.998171672,-8893049.99867157,-8893049.999047369,-8893049.999326326,-8893049.99953062,-8893049.999678105,-8893049.999782952,-8893049.999856273,-8893049.999906652,-8893049.999940619,-8893049.999963062,-8893049.999977568,-8893049.999986727,-8893049.999992363,-8893049.999995738,-8893049.999997698,-8893049.9999988,-8893049.9999994,-8893049.999999711,-8893049.999999868,-8893049.999999942,-8893049.999999978,-8893049.99999999,-8893049.999999996,-8893050.0,-8893050.0,-8893050.0,-8893050.0,-8893050.0,-8893050.0,-8893050.0,-8893050.0,-8893050.0,-8893050.0,-8893050.0,-8893050.0,-8893050.0,-8893050.0,-8893050.0,-8893050.0,-8893050.0,-8893050.0,-8893050.0,-8893050.0,-8893050.0,-8893050.0,-8893050.0,-8893050.0,-8893050.0,-8893050.0,0.0
50.25,-8848738.260359919,-8848744.602478625,-8848750.867130758,-8848757.054173853,-8848763.163475795,-8848769.194915056,-8848775.148380924,-8848781.02377375,-8848786.821005184,-8848792.539998416,-8848798.180688407,-8848803.743022157,-8848809.22695892,-8848814.632470464,-8848819.959541315,-8848825.208168993,-8848830.378364258,-8848835.470151363,-8848840.483568283,-8848845.418666968,-8848850.27551358,-8848855.054188736,-8848859.75478774,-8848864.377420826,-8848868.922213392,-8848873.389306232,-8848877.778855756,-8848882.091034232,-8848886.326029994,-8848890.484047666,-8848894.56530838,-8848898.570049983,-8848902.498527229,-8848906.351011999,-8848910.12779348,-8848913.829178348,-8848917.45549096,-8848921.00707351,-8848924.484286208,-8848927.887507414,-8848931.217133805,-8848934.473580498,-8848937.657281172,-8848940.76868819,-8848943.8082727,-8848946.776524723,-8848949.67395322,-8848952.501086177,-8848955.258470632,-8848957.946672723,-8848960.566277694,-8848963.117889907,-8848965.60213282,-8848968.019648945,-8848970.371099813,-8848972.657165881,-8848974.87854645,-8848977.035959546,-8848979.130141784,-8848981.161848206,-8848983.131852094,-8848985.04094477,-8848986.889935352,-8848988.6796505,-8848990.41093413,-8848992.08464709,-8848993.701666823,-8848995.262886997,-8848996.769217096,-8848998.221581995,-8848999.620921481,-8849000.96818978,-8849002.264355,-8849003.5103986,-8849004.707314769,-8849005.856109818,-8849006.95780151,-8849008.013418363,-8849009.023998927,-8849009.99059101,-8849010.914250895,-8849011.796042494,-8849012.637036495,-8849013.438309453,-8849014.200942872,-8849014.926022237,-8849015.614636015,-8849016.26787465,-8849016.886829495,-8849017.472591747,-8849018.026251335,-8849018.548895806,-8849019.041609162,-8849019.505470712,-8849019.94155387,-8849020.350924972,-8849020.73464206,-8849021.093753671,-8849021.429297611,-8849021.742299743,-8849022.033772752,-8849022.30471496,-8849022.5561091,-8849022.788921151,-8849023.004099172,-8849023.202572152,-8849023.385248926,-8849023.553017098,-8849023.706742,-8849023.847265732,-8849023.975406215,-8849024.09195634,-8849024.197683146,-8849024.293327088,-8849024.379601374,-8849024.457191385,-8849024.526754174,-8849024.588918049,-8849024.644282266,-8849024.693416808,-8849024.736862257,-8849024.775129791,-8849024.808701262,-8849024.83802939,-8849024.863538075,-8849024.885622794,-8849024.904651117,-8849024.920963317,-8849024.934873102,-8849024.9466684,-8849024.956612268,-8849024.964943882,-8849024.971879575,-8849024.977613974,-8849024.982321177,-8849024.986155972,-8849024.989255115,-8849024.991738603,-8849024.993710972,-8849024.995262612,-8849024.996471038,-8849024.997402161,-8849024.998111505,-8849024.998645402,-8849024.999042103,-8849024.999332838,-8849024.999542804,-8849024.999692079,-8849024.999796432,-8849024.999868076,-8849024.999916317,-8849024.999948127,-8849024.999968635,-8849024.999981537,-8849024.999989446,-8849024.999994153,-8849024.99999687,-8849024.999998387,-8849024.999999203,-8849024.999999622,-8849024.999999829,-8849024.999999927,-8849024.99999997,-8849024.999999989,-8849024.999999996,-8849025.0,-8849025.0,-8849025.0,-8849025.0,-8849025.0,-8849025.0,-8849025.0,-8849025.0,-8849025.0,-8849025.0,-8849025.0,-8849025.0,-8849025.0,-8849025.0,-8849025.0,-8849025.0,-8849025.0,-8849025.0,-8849025.0,-8849025.0,-8849025.0,-8849025.0,-8849025.0,-8849025.0,-8849025.0,0.0
50.0,-8804656.192702152,-8804663.499859987,-8804670.724040851,-8804677.864998825,-8804684.922497995,-8804691.896312721,-8804698.786227891,-8804705.592039224,-8804712.313553527,-8804718.950588983,-8804725.502975434,-8804731.970554672,-8804738.353180716,-8804744.650720112,-8804750.863052215,-8804756.990069501,-8804763.031677846,-8804768.987796832,-8804774.858360041,-8804780.643315362,-8804786.342625286,-8804791.956267208,-8804797.484233737,-8804802.926532984,-8804808.283188878,-8804813.554241458,-8804818.73974718,-8804823.839779211,-8804828.854427733,-8804833.783800233,-8804838.628021805,-8804843.387235437,-8804848.061602293,-8804852.651302014,-8804857.156532982,-8804861.57751261,-8804865.914477602,-8804870.16768423,-8804874.33740858,-8804878.423946824,-8804882.427615449,-8804886.348751498,-8804890.187712813,-8804893.944878234,-8804897.620647825,-8804901.215443067,-8804904.729707051,-8804908.163904645,-8804911.518522661,-8804914.79407001,-8804917.991077827,-8804921.110099593,-8804924.15171124,-8804927.116511224,-8804930.00512061,-8804932.818183102,-8804935.556365076,-8804938.220355581,-8804940.810866334,-8804943.328631654,-8804945.774408422,-8804948.14897598,-8804950.453136005,-8804952.687712371,-8804954.853550978,-8804956.951519538,-8804958.98250734,-8804960.947424987,-8804962.847204093,-8804964.682796944,-8804966.455176126,-8804968.165334117,-8804969.81428285,-8804971.40305321,-8804972.932694528,-8804974.404274017,-8804975.818876147,-8804977.177602028,-8804978.481568694,-8804979.731908385,-8804980.929767765,-8804982.076307116,-8804983.172699451,-8804984.220129624,-8804985.219793372,-8804986.172896314,-8804987.080652919,-8804987.944285411,-8804988.76502265,-8804989.544098962,-8804990.28275293,-8804990.982226137,-8804991.643761892,-8804992.2686039,-8804992.857994905,-8804993.413175302,-8804993.935381718,-8804994.425845576,-8804994.885791622,-8804995.316436438,-8804995.718986947,-8804996.094638905,-8804996.44457537,-8804996.769965198,-8804997.071961518,-8804997.35170023,-8804997.610298518,-8804997.848853376,-8804998.06844017,-8804998.270111233,-8804998.454894504,-8804998.623792201,-8804998.777779587,-8804998.91780375,-8804999.044782493,-8804999.159603298,-8804999.263122346,-8804999.35616368,-8804999.439518422,-8804999.513944127,-8804999.580164243,-8804999.638867686,-8804999.690708546,-8804999.736305922,-8804999.776243884,-8804999.811071588,-8804999.841303503,-8804999.867419805,-8804999.889866883,-8804999.909058006,-8804999.925374104,-8804999.93916468,-8804999.950748855,-8804999.960416513,-8804999.968429558,-8804999.975023266,-8804999.98040771,-8804999.984769262,-8804999.988272147,-8804999.991060033,-8804999.99325764,-8804999.99497236,-8804999.996295866,-8804999.99730569,-8804999.998066757,-8804999.99863287,-8804999.999048103,-8804999.999348132,-8804999.999561463,-8804999.999710556,-8804999.999812836,-8804999.999881616,-8804999.999926882,-8804999.999955986,-8804999.999974234,-8804999.999985367,-8804999.999991957,-8804999.999995735,-8804999.999997826,-8804999.999998938,-8804999.999999505,-8804999.99999978,-8804999.999999909,-8804999.999999965,-8804999.999999987,-8804999.999999996,-8805000.0,-8805000.0,-8805000.0,-8805000.0,-8805000.0,-8805000.0,-8805000.0,-8805000.0,-8805000.0,-8805000.0,-8805000.0,-8805000.0,-8805000.0,-8805000.0,-8805000.0,-8805000.0,-8805000.0,-8805000.0,-8805000.0,-8805000.0,-8805000.0,-8805000.0,-8805000.0,-8805000.0,0.0
49.75,-8760563.825359166,-8760572.213685988,-8760580.513869628,-8760588.7255471,-8760596.848364692,-8760604.881978273,-8760612.826053588,-8760620.680266578,-8760628.444303676,-8760636.117862143,-8760643.700650373,-8760651.19238823,-8760658.592807366,-8760665.901651572,-8760673.1186771,-8760680.243653018,-8760687.27636154,-8760694.216598392,-8760701.064173155,-8760707.818909626,-8760714.480646176,-8760721.049236106,-8760727.524548026,-8760733.906466207,-8760740.194890963,-8760746.389739016,-8760752.490943877,-8760758.498456208,-8760764.412244214,-8760770.232294008,-8760775.95860999,-8760781.59121524,-8760787.130151868,-8760792.575481413,-8760797.92728521,-8760803.185664762,-8760808.350742113,-8760813.422660222,-8760818.401583318,-8760823.28769727,-8760828.081209939,-8760832.782351535,-8760837.391374955,-8760841.908556137,-8760846.334194373,-8760850.668612652,-8760854.912157964,-8760859.065201608,-8760863.128139498,-8760867.101392424,-8760870.98540635,-8760874.780652653,-8760878.48762838,-8760882.106856462,-8760885.638885945,-8760889.084292162,-8760892.44367693,-8760895.71766869,-8760898.906922646,-8760902.012120882,-8760905.033972437,-8760907.973213378,-8760910.830606835,-8760913.606943006,-8760916.303039134,-8760918.919739455,-8760921.45791512,-8760923.918464072,-8760926.302310888,-8760928.61040659,-8760930.843728427,-8760933.003279593,-8760935.090088917,-8760937.105210522,-8760939.049723418,-8760940.92473106,-8760942.73136086,-8760944.470763644,-8760946.14411307,-8760947.752604976,-8760949.297456704,-8760950.779906332,-8760952.201211896,-8760953.562650513,-8760954.865517478,-8760956.111125302,-8760957.30080266,-8760958.435893325,-8760959.517755022,-8760960.54775822,-8760961.52728487,-8760962.457727099,-8760963.34048582,-8760964.17696932,-8760964.968591757,-8760965.71677164,-8760966.42293023,-8760967.088489905,-8760967.714872489,-8760968.303497514,-8760968.85578046,-8760969.373130962,-8760969.856950976,-8760970.308632925,-8760970.729557816,-8760971.121093363,-8760971.484592073,-8760971.821389355,-8760972.132801618,-8760972.420124395,-8760972.684630468,-8760972.927568058,-8760973.15015901,-8760973.353597064,-8760973.53904616,-8760973.707638828,-8760973.860474639,-8760973.998618757,-8760974.123100588,-8760974.23491253,-8760974.335008852,-8760974.424304698,-8760974.503675222,-8760974.573954895,-8760974.635936927,-8760974.690372892,-8760974.737972496,-8760974.779403538,-8760974.815292034,-8760974.846222524,-8760974.872738581,-8760974.895343466,-8760974.914500993,-8760974.93063655,-8760974.944138281,-8760974.955358448,-8760974.964614905,-8760974.972192738,-8760974.978345986,-8760974.983299498,-8760974.987250831,-8760974.990372237,-8760974.99281267,-8760974.994699813,-8760974.996142099,-8760974.997230686,-8760974.998041403,-8760974.998636603,-8760974.99906693,-8760974.999372978,-8760974.999586822,-8760974.999733422,-8760974.999831878,-8760974.999896545,-8760974.999938013,-8760974.999963917,-8760974.999979647,-8760974.999988906,-8760974.999994177,-8760974.999997064,-8760974.999998588,-8760974.999999352,-8760974.99999972,-8760974.999999885,-8760974.999999955,-8760974.999999985,-8760974.999999996,-8760974.999999998,-8760975.0,-8760975.0,-8760975.0,-8760975.0,-8760975.0,-8760975.0,-8760975.0,-8760975.0,-8760975.0,-8760975.0,-8760975.0,-8760975.0,-8760975.0,-8760975.0,-8760975.0,-8760975.0,-8760975.0,-8760975.0,-8760975.0,-8760975.0,-8760975.0,-8760975.0,0.0
49.5,-8716459.523005491,-8716469.116970768,-8716478.618139923,-8716488.026020167,-8716497.340126857,-8716506.559983809,-8716515.685123624,-8716524.715088032,-8716533.649428219,-8716542.48770519,-8716551.229490107,-8716559.87436466,-8716568.42192143,-8716576.871764252,-8716585.223508606,-8716593.476781994,-8716601.631224329,-8716609.686488338,-8716617.642239954,-8716625.498158736,-8716633.253938273,-8716640.909286598,-8716648.46392663,-8716655.917596592,-8716663.270050442,-8716670.521058323,-8716677.670406999,-8716684.717900308,-8716691.66335961,-8716698.506624255,-8716705.247552026,-8716711.886019617,-8716718.421923095,-8716724.855178367,-8716731.185721658,-8716737.413509972,-8716743.538521582,-8716749.560756491,-8716755.480236925,-8716761.297007786,-8716767.011137148,-8716772.62271672,-8716778.131862316,-8716783.538714334,-8716788.843438208,-8716794.046224881,-8716799.14729125,-8716804.14688063,-8716809.045263188,-8716813.842736376,-8716818.539625369,-8716823.136283472,-8716827.633092538,-8716832.030463351,-8716836.328836016,-8716840.528680325,-8716844.630496103,-8716848.63481355,-8716852.542193558,-8716856.353227999,-8716860.068540014,-8716863.688784245,-8716867.214647092,-8716870.646846887,-8716873.986134084,-8716877.2332914,-8716880.389133932,-8716883.454509228,-8716886.430297337,-8716889.317410825,-8716892.116794728,-8716894.829426493,-8716897.456315856,-8716899.998504685,-8716902.457066769,-8716904.833107563,-8716907.127763882,-8716909.342203537,-8716911.477624912,-8716913.535256498,-8716915.516356353,-8716917.422211504,-8716919.254137289,-8716921.013476633,-8716922.701599246,-8716924.319900766,-8716925.86980183,-8716927.35274706,-8716928.770203987,-8716930.123661902,-8716931.414630614,-8716932.644639166,-8716933.81523443,-8716934.92797967,-8716935.984452985,-8716936.986245712,-8716937.934960736,-8716938.832210727,-8716939.6796163,-8716940.478804123,-8716941.231404925,-8716941.939051475,-8716942.603376474,-8716943.226010393,-8716943.80857927,-8716944.352702439,-8716944.859990245,-8716945.332041698,-8716945.770442117,-8716946.176760737,-8716946.552548325,-8716946.899334783,-8716947.218626756,-8716947.511905268,-8716947.780623384,-8716948.026203915,-8716948.250037184,-8716948.453478843,-8716948.637847796,-8716948.8044242,-8716948.954447586,-8716949.089115093,-8716949.209579855,-8716949.31694953,-8716949.412285,-8716949.496599248,-8716949.57085643,-8716949.635971151,-8716949.69280795,-8716949.742181014,-8716949.784854118,-8716949.821540812,-8716949.852904825,-8716949.879560731,-8716949.90207484,-8716949.920966333,-8716949.936708603,-8716949.949730838,-8716949.960419785,-8716949.969121702,-8716949.97614449,-8716949.981759936,-8716949.986206103,-8716949.98968979,-8716949.99238905,-8716949.994455755,-8716949.996018127,-8716949.997183263,-8716949.998039568,-8716949.998659119,-8716949.999099884,-8716949.999407822,-8716949.99961879,-8716949.999760296,-8716949.99985306,-8716949.99991238,-8716949.999949297,-8716949.999971606,-8716949.999984657,-8716949.99999203,-8716949.999996034,-8716949.999998119,-8716949.999999154,-8716949.99999964,-8716949.999999857,-8716949.999999948,-8716949.999999981,-8716949.999999994,-8716949.999999998,-8716950.0,-8716950.0,-8716950.0,-8716950.0,-8716950.0,-8716950.0,-8716950.0,-8716950.0,-8716950.0,-8716950.0,-8716950.0,-8716950.0,-8716950.0,-8716950.0,-8716950.0,-8716950.0,-8716950.0,-8716950.0,-8716950.0,-8716950.0,-8716950.0,0.0
49.25,-8672341.44025683,-8672352.372095883,-8672363.207189288,-8672373.944903249,-8672384.584610518,-8672395.125690725,-8672405.567530725,-8672415.909524955,-8672426.15107578,-8672436.291593876,-8672446.330498595,-8672456.267218357,-8672466.10119104,-8672475.831864376,-8672485.45869637,-8672494.981155707,-8672504.398722185,-8672513.710887147,-8672522.917153925,-8672532.017038288,-8672541.0100689,-8672549.8957878,-8672558.673750859,-8672567.343528278,-8672575.904705077,-8672584.356881592,-8672592.699673984,-8672600.93271476,-8672609.055653293,-8672617.068156347,-8672624.969908623,-8672632.760613307,-8672640.439992614,-8672648.007788343,-8672655.463762458,-8672662.807697646,-8672670.039397892,-8672677.158689069,-8672684.165419513,-8672691.05946063,-8672697.84070747,-8672704.50907934,-8672711.064520396,-8672717.507000247,-8672723.836514564,-8672730.05308567,-8672736.156763166,-8672742.147624511,-8672748.025775643,-8672753.791351566,-8672759.444516955,-8672764.985466737,-8672770.414426688,-8672775.731654003,-8672780.93743787,-8672786.032100033,-8672791.015995342,-8672795.889512295,-8672800.653073559,-8672805.307136483,-8672809.852193594,-8672814.288773078,-8672818.617439223,-8672822.838792864,-8672826.953471795,-8672830.96215114,-8672834.865543732,-8672838.664400421,-8672842.359510377,-8672845.95170135,-8672849.441839892,-8672852.830831546,-8672856.119620983,-8672859.309192097,-8672862.400568064,-8672865.394811338,-8672868.293023601,-8672871.096345656,-8672873.805957254,-8672876.423076881,-8672878.948961457,-8672881.384905979,-8672883.732243095,-8672885.992342604,-8672888.166610878,-8672890.256490206,-8672892.263458055,-8672894.189026251,-8672896.034740072,-8672897.802177249,-8672899.492946867,-8672901.108688202,-8672902.65106942,-8672904.121786207,-8672905.522560298,-8672906.855137885,-8672908.121287951,-8672909.32280048,-8672910.461484574,-8672911.53916647,-8672912.557687443,-8672913.518901631,-8672914.424673742,-8672915.276876675,-8672916.077389045,-8672916.828092624,-8672917.530869689,-8672918.187600313,-8672918.800159557,-8672919.370414611,-8672919.90022189,-8672920.391424058,-8672920.845847039,-8672921.265296986,-8672921.651557248,-8672922.006385323,-8672922.331509847,-8672922.62862759,-8672922.89940051,-8672923.145452863,-8672923.368368402,-8672923.569687674,-8672923.75090542,-8672923.91346814,-8672924.058771782,-8672924.18815965,-8672924.302920468,-8672924.404286694,-8672924.49343304,-8672924.571475286,-8672924.63946931,-8672924.698410459,-8672924.749233171,-8672924.792810928,-8672924.829956524,-8672924.86142264,-8672924.887902739,-8672924.910032295,-8672924.928390302,-8672924.943501107,-8672924.955836501,-8672924.965818072,-8672924.97381981,-8672924.980170889,-8672924.985158633,-8672924.98903161,-8672924.992002806,-8672924.994252875,-8672924.99593336,-8672924.997169888,-8672924.99806529,-8672924.998702582,-8672924.999147803,-8672924.999452643,-8672924.999656867,-8672924.999790482,-8672924.999875681,-8672924.999928502,-8672924.999960262,-8672924.999978725,-8672924.99998907,-8672924.999994632,-8672924.999997493,-8672924.999998894,-8672924.999999542,-8672924.999999821,-8672924.999999937,-8672924.99999998,-8672924.999999993,-8672924.999999998,-8672925.0,-8672925.0,-8672925.0,-8672925.0,-8672925.0,-8672925.0,-8672925.0,-8672925.0,-8672925.0,-8672925.0,-8672925.0,-8672925.0,-8672925.0,-8672925.0,-8672925.0,-8672925.0,-8672925.0,-8672925.0,-8672925.0,-8672925.0,0.0
49.0,-8628207.504491169,-8628219.913339287,-8628232.222405307,-8628244.430905394,-8628256.538060188,-8628268.543095142,-8628280.445240866,-8628292.243733497,-8628303.937815048,-8628315.526733797,-8628327.009744678,-8628338.386109661,-8628349.655098183,-8628360.815987546,-8628371.868063357,-8628382.810619954,-8628393.642960874,-8628404.364399297,-8628414.974258527,-8628425.471872471,-8628435.856586125,-8628446.127756095,-8628456.284751093,-8628466.326952482,-8628476.2537548,-8628486.064566318,-8628495.758809596,-8628505.335922062,-8628514.795356581,-8628524.136582064,-8628533.359084066,-8628542.462365407,-8628551.445946798,-8628560.309367476,-8628569.052185858,-8628577.673980197,-8628586.174349254,-8628594.55291298,-8628602.809313202,-8628610.943214322,-8628618.954304025,-8628626.842294,-8628634.606920663,-8628642.247945888,-8628649.765157746,-8628657.158371259,-8628664.427429141,-8628671.572202573,-8628678.592591949,-8628685.48852765,-8628692.25997082,-8628698.906914128,-8628705.429382546,-8628711.827434123,-8628718.101160757,-8628724.250688963,-8628730.276180642,-8628736.17783384,-8628741.95588351,-8628747.610602252,-8628753.142301053,-8628758.55133002,-8628763.838079091,-8628769.002978727,-8628774.046500606,-8628778.969158283,-8628783.771507824,-8628788.454148438,-8628793.01772306,-8628797.462918915,-8628801.79046806,-8628806.001147868,-8628810.095781505,-8628814.075238338,-8628817.940434327,-8628821.692332344,-8628825.331942461,-8628828.860322185,-8628832.278576616,-8628835.587858574,-8628838.789368635,-8628841.884355117,-8628844.874113983,-8628847.759988673,-8628850.543369858,-8628853.225695103,-8628855.808448445,-8628858.293159887,-8628860.681404768,-8628862.974803071,-8628865.175018596,-8628867.283758035,-8628869.302769938,-8628871.233843552,-8628873.078807548,-8628874.83952862,-8628876.517909972,-8628878.11588964,-8628879.635438731,-8628881.078559482,-8628882.447283216,-8628883.74366814,-8628884.969797026,-8628886.12777473,-8628887.219725598,-8628888.247790718,-8628889.214125058,-8628890.12089445,-8628890.970272478,-8628891.76443722,-8628892.50556789,-8628893.195841374,-8628893.837428663,-8628894.432491202,-8628894.983177165,-8628895.491617661,-8628895.959922904,-8628896.390178338,-8628896.784440752,-8628897.144734412,-8628897.473047191,-8628897.771326773,-8628898.04147691,-8628898.28535378,-8628898.504762473,-8628898.701453604,-8628898.877120126,-8628899.033394318,-8628899.171845036,-8628899.293975191,-8628899.401219537,-8628899.494942762,-8628899.576437905,-8628899.646925174,-8628899.70755109,-8628899.759388078,-8628899.803434448,-8628899.840614807,-8628899.871780887,-8628899.897712827,-8628899.919120846,-8628899.936647344,-8628899.950869387,-8628899.962301549,-8628899.971399095,-8628899.978561444,-8628899.984135889,-8628899.988421496,-8628899.991673144,-8628899.994105656,-8628899.99589793,-8628899.997197025,-8628899.998122156,-8628899.998768505,-8628899.99921083,-8628899.999506805,-8628899.999700071,-8628899.999822948,-8628899.999898829,-8628899.999944214,-8628899.999970421,-8628899.99998498,-8628899.99999273,-8628899.999996662,-8628899.999998556,-8628899.999999415,-8628899.99999978,-8628899.999999925,-8628899.999999976,-8628899.999999993,-8628899.999999998,-8628900.0,-8628900.0,-8628900.0,-8628900.0,-8628900.0,-8628900.0,-8628900.0,-8628900.0,-8628900.0,-8628900.0,-8628900.0,-8628900.0,-8628900.0,-8628900.0,-8628900.0,-8628900.0,-8628900.0,-8628900.0,-8628900.0,0.0
48.75,-8584055.399305135,-8584069.430000134,-8584083.35901618,-8584097.18541329,-8584110.908253398,-8584124.526600678,-8584138.039521892,-8584151.44608673,-8584164.745368183,-8584177.9364429,-8584191.018391589,-8584203.99029939,-8584216.851256307,-8584229.60035761,-8584242.236704277,-8584254.759403426,-8584267.167568792,-8584279.460321173,-8584291.636788942,-8584303.696108518,-8584315.63742489,-8584327.459892144,-8584339.162673997,-8584350.744944345,-8584362.205887847,-8584373.544700483,-8584384.760590177,-8584395.852777388,-8584406.82049575,-8584417.662992705,-8584428.379530158,-8584438.969385166,-8584449.431850601,-8584459.766235877,-8584469.971867645,-8584480.048090547,-8584489.99426795,-8584499.80978272,-8584509.494037993,-8584519.046457976,-8584528.466488754,-8584537.753599107,-8584546.907281365,-8584555.927052239,-8584564.812453706,-8584573.563053878,-8584582.178447898,-8584590.658258852,-8584599.00213867,-8584607.209769072,-8584615.280862506,-8584623.215163087,-8584631.01244757,-8584638.672526306,-8584646.19524423,-8584653.580481838,-8584660.82815617,-8584667.938221809,-8584674.910671873,-8584681.745539017,-8584688.442896422,-8584695.00285879,-8584701.42558335,-8584707.711270824,-8584713.860166429,-8584719.872560827,-8584725.7487911,-8584731.489241691,-8584737.094345327,-8584742.564583946,-8584747.900489561,-8584753.102645153,-8584758.171685483,-8584763.108297912,-8584767.913223168,-8584772.587256076,-8584777.131246252,-8584781.546098746,-8584785.832774641,-8584789.992291583,-8584794.025724275,-8584797.934204886,-8584801.718923403,-8584805.38112791,-8584808.922124784,-8584812.343278803,-8584815.64601318,-8584818.831809487,-8584821.902207486,-8584824.85880485,-8584827.703256778,-8584830.437275488,-8584833.062629577,-8584835.581143277,-8584837.994695542,-8584840.30521902,-8584842.51469887,-8584844.625171412,-8584846.63872265,-8584848.557486596,-8584850.38364345,-8584852.119417608,-8584853.767075468,-8584855.328923095,-8584856.807303678,-8584858.204594798,-8584859.523205534,-8584860.765573356,-8584861.934160858,-8584863.03145229,-8584864.059949905,-8584865.02217015,-8584865.920639666,-8584866.757891132,-8584867.53645895,-8584868.258874802,-8584868.927663036,-8584869.545335986,-8584870.114389144,-8584870.637296282,-8584871.116504498,-8584871.554429227,-8584871.953449234,-8584872.315901639,-8584872.644076962,-8584872.94021427,-8584873.206496421,-8584873.445045453,-8584873.657918176,-8584873.847101966,-8584874.014510835,-8584874.161981799,-8584874.291271593,-8584874.404053774,-8584874.501916228,-8584874.586359147,-8584874.658793496,-8584874.72054,-8584874.77282866,-8584874.816798862,-8584874.853500016,-8584874.883892829,-8584874.908851117,-8584874.929164194,-8584874.945539808,-8584874.958607577,-8584874.968922913,-8584874.97697134,-8584874.983173173,-8584874.987888508,-8584874.991422359,-8584874.99402998,-8584874.995922184,-8584874.997270605,-8584874.998212848,-8584874.998857386,-8584874.999288175,-8584874.999568917,-8584874.999746885,-8584874.999856334,-8584874.999921441,-8584874.999958772,-8584874.999979327,-8584874.999990143,-8584874.99999556,-8584874.99999812,-8584874.999999259,-8584874.999999732,-8584874.99999991,-8584874.999999974,-8584874.999999993,-8584874.999999998,-8584875.0,-8584875.0,-8584875.0,-8584875.0,-8584875.0,-8584875.0,-8584875.0,-8584875.0,-8584875.0,-8584875.0,-8584875.0,-8584875.0,-8584875.0,-8584875.0,-8584875.0,-8584875.0,-8584875.0,-8584875.0,0.0
48.5,-8539882.549132902,-8539898.350648679,-8539914.04996784,-8539929.645991817,-8539945.137620928,-8539960.523754679,-8539975.803292073,-8539990.975131948,-8540006.0381733,-8540020.991315637,-8540035.833459355,-8540050.56350609,-8540065.180359136,-8540079.682923822,-8540094.070107944,-8540108.340822196,-8540122.493980609,-8540136.528501019,-8540150.443305545,-8540164.237321068,-8540177.90947976,-8540191.458719589,-8540204.883984879,-8540218.18422685,-8540231.358404204,-8540244.405483719,-8540257.324440852,-8540270.114260383,-8540282.773937045,-8540295.302476201,-8540307.698894532,-8540319.962220732,-8540332.091496244,-8540344.085775996,-8540355.944129165,-8540367.665639974,-8540379.249408478,-8540390.69455141,-8540402.000203012,-8540413.165515905,-8540424.18966199,-8540435.071833337,-8540445.811243134,-8540456.407126626,-8540466.858742096,-8540477.165371848,-8540487.326323234,-8540497.340929678,-8540507.208551737,-8540516.92857817,-8540526.500427043,-8540535.923546832,-8540545.197417565,-8540554.32155196,-8540563.295496617,-8540572.118833171,-8540580.79117953,-8540589.312191062,-8540597.68156184,-8540605.899025887,-8540613.964358428,-8540621.877377158,-8540629.637943517,-8540637.245963976,-8540644.701391319,-8540652.00422595,-8540659.154517174,-8540666.152364492,-8540672.997918906,-8540679.691384193,-8540686.233018186,-8540692.62313405,-8540698.862101523,-8540704.950348165,-8540710.888360566,-8540716.676685542,-8540722.315931294,-8540727.806768544,-8540733.149931628,-8540738.34621954,-8540743.39649694,-8540748.301695114,-8540753.062812857,-8540757.68091732,-8540762.157144755,-8540766.492701216,-8540770.688863158,-8540774.746977957,-8540778.668464327,-8540782.454812642,-8540786.107585138,-8540789.628416006,-8540793.019011354,-8540796.281149033,-8540799.416678324,-8540802.427519474,-8540805.31566307,-8540808.083169242,-8540810.732166708,-8540813.264851596,-8540815.683486123,-8540817.990397023,-8540820.187973808,-8540822.278666774,-8540824.26498481,-8540826.149492968,-8540827.934809789,-8540829.623604389,-8540831.218593307,-8540832.722537085,-8540834.138236616,-8540835.468529213,-8540836.716284439,-8540837.884399688,-8540838.975795506,-8540839.993410666,-8540840.940197024,-8540841.81911414,-8540842.63312367,-8540843.385183599,-8540844.07824225,-8540844.715232171,-8540845.299063861,-8540845.832619406,-8540846.318746042,-8540846.760249648,-8540847.159888284,-8540847.52036572,-8540847.844325084,-8540848.134342615,-8540848.392921604,-8540848.622486595,-8540848.825377833,-8540849.003846094,-8540849.1600479,-8540849.296041213,-8540849.413781622,-8540849.515119147,-8540849.601795614,-8540849.675442765,-8540849.737581022,-8540849.789619055,-8540849.832854087,-8540849.868473008,-8540849.897554275,-8540849.92107061,-8540849.939892434,-8540849.954792043,-8540849.966448452,-8540849.975452827,-8540849.98231443,-8540849.987466987,-8540849.991275363,-8540849.994042411,-8540849.996015884,-8540849.997395292,-8540849.99833854,-8540849.998968292,-8540849.999377884,-8540849.999636747,-8540849.999795273,-8540849.999889035,-8540849.999942396,-8540849.999971498,-8540849.999986632,-8540849.999994095,-8540849.99999756,-8540849.999999067,-8540849.999999672,-8540849.999999896,-8540849.99999997,-8540849.999999993,-8540849.999999998,-8540850.0,-8540850.0,-8540850.0,-8540850.0,-8540850.0,-8540850.0,-8540850.0,-8540850.0,-8540850.0,-8540850.0,-8540850.0,-8540850.0,-8540850.0,-8540850.0,-8540850.0,-8540850.0,-8540850.0,0.0
48.25,-8495686.105641494,-8495703.829119116,-8495721.451509219,-8495738.971556656,-8495756.388001716,-8495773.699580342,-8495790.905024435,-8495808.00306212,-8495824.99241805,-8495841.871813715,-8495858.639967756,-8495875.295596316,-8495891.837413382,-8495908.264131157,-8495924.574460432,-8495940.767110996,-8495956.84079204,-8495972.794212589,-8495988.626081947,-8496004.335110169,-8496019.920008529,-8496035.379490035,-8496050.712269932,-8496065.917066254,-8496080.992600378,-8496095.937597595,-8496110.750787716,-8496125.430905694,-8496139.976692254,-8496154.386894569,-8496168.660266936,-8496182.795571493,-8496196.791578948,-8496210.647069335,-8496224.360832796,-8496237.931670383,-8496251.358394898,-8496264.639831742,-8496277.774819799,-8496290.762212347,-8496303.600877993,-8496316.289701639,-8496328.827585474,-8496341.213449987,-8496353.44623502,-8496365.52490084,-8496377.44842925,-8496389.215824712,-8496400.826115519,-8496412.278354976,-8496423.571622636,-8496434.705025531,-8496445.677699462,-8496456.488810303,-8496467.137555338,-8496477.623164622,-8496487.944902375,-8496498.102068406,-8496508.093999553,-8496517.920071155,-8496527.57969856,-8496537.072338639,-8496546.397491336,-8496555.554701239,-8496564.543559168,-8496573.363703784,-8496582.014823224,-8496590.49665674,-8496598.80899636,-8496606.951688562,-8496614.924635954,-8496622.727798963,-8496630.361197531,-8496637.824912814,-8496645.119088866,-8496652.243934335,-8496659.199724149,-8496665.986801168,-8496672.60557785,-8496679.056537867,-8496685.340237707,-8496691.45730825,-8496697.408456285,-8496703.194466006,-8496708.816200439,-8496714.274602823,-8496719.57069792,-8496724.705593253,-8496729.680480264,-8496734.496635389,-8496739.155421024,-8496743.658286389,-8496748.006768283,-8496752.202491699,-8496756.247170309,-8496760.142606802,-8496763.890693063,-8496767.49341017,-8496770.95282823,-8496774.271106005,-8496777.45049033,-8496780.493315328,-8496783.402001372,-8496786.179053826,-8496788.827061512,-8496791.348694913,-8496793.74670411,-8496796.023916405,-8496798.183233645,-8496800.227629263,-8496802.16014495,-8496803.983887022,-8496805.702022456,-8496807.317774551,-8496808.834418276,-8496810.255275236,-8496811.583708307,-8496812.823115898,-8496813.976925906,-8496815.048589285,-8496816.041573333,-8496816.959354632,-8496817.805411719,-8496818.583217472,-8496819.296231259,-8496819.947890867,-8496820.541604264,-8496821.080741221,-8496821.568624847,-8496822.008523095,-8496822.403640285,-8496822.757108707,-8496823.071980398,-8496823.351219125,-8496823.597692676,-8496823.814165536,-8496824.003292037,-8496824.167610034,-8496824.309535239,-8496824.431356259,-8496824.535230428,-8496824.623180531,-8496824.697092436,-8496824.75871376,-8496824.809653552,-8496824.851383084,-8496824.885237709,-8496824.91241983,-8496824.934002943,-8496824.950936686,-8496824.964052863,-8496824.974072326,-8496824.981612582,-8496824.987196036,-8496824.991258668,-8496824.994158981,-8496824.996187061,-8496824.997573532,-8496824.998498233,-8496824.999098469,-8496824.999476653,-8496824.999707226,-8496824.999842783,-8496824.999919329,-8496824.999960653,-8496824.999981865,-8496824.999992158,-8496824.999996845,-8496824.99999883,-8496824.999999605,-8496824.99999988,-8496824.999999968,-8496824.999999993,-8496824.999999998,-8496825.0,-8496825.0,-8496825.0,-8496825.0,-8496825.0,-8496825.0,-8496825.0,-8496825.0,-8496825.0,-8496825.0,-8496825.0,-8496825.0,-8496825.0,-8496825.0,-8496825.0,-8496825.0,0.0
48.0,-8451462.936602637,-8451482.732951555,-8451502.431197926,-8451522.029937236,-8451541.527756538,-8451560.923234653,-8451580.214942377,-8451599.4014427,-8451618.481291052,-8451637.45303554,-8451656.31521722,-8451675.066370368,-8451693.70502277,-8451712.229696043,-8451730.638905935,-8451748.931162681,-8451767.104971357,-8451785.158832243,-8451803.091241222,-8451820.900690189,-8451838.585667474,-8451856.144658295,-8451873.576145224,-8451890.878608672,-8451908.050527407,-8451925.090379078,-8451941.99664078,-8451958.767789615,-8451975.402303316,-8451991.898660854,-8452008.255343108,-8452024.470833525,-8452040.543618843,-8452056.472189805,-8452072.255041935,-8452087.890676323,-8452103.377600439,-8452118.714328982,-8452133.899384767,-8452148.931299632,-8452163.808615379,-8452178.529884756,-8452193.093672466,-8452207.498556206,-8452221.743127758,-8452235.825994095,-8452249.745778533,-8452263.501121927,-8452277.090683887,-8452290.51314405,-8452303.76720338,-8452316.8515855,-8452329.765038088,-8452342.506334286,-8452355.074274166,-8452367.467686221,-8452379.685428923,-8452391.726392284,-8452403.589499496,-8452415.273708576,-8452426.77801409,-8452438.101448873,-8452449.243085833,-8452460.20203976,-8452470.97746919,-8452481.568578303,-8452491.974618869,-8452502.194892205,-8452512.228751188,-8452522.0756023,-8452531.734907692,-8452541.20618729,-8452550.489020921,-8452559.583050467,-8452568.487982048,-8452577.203588208,-8452585.729710136,-8452594.066259889,-8452602.213222628,-8452610.170658855,-8452617.938706655,-8452625.51758393,-8452632.907590628,-8452640.109110937,-8452647.122615494,-8452653.948663522,-8452660.587904954,-8452667.041082516,-8452673.309033738,-8452679.392692924,-8452685.293093031,-8452691.011367485,-8452696.548751885,-8452701.906585626,-8452707.086313378,-8452712.089486469,-8452716.917764094,-8452721.572914394,-8452726.056815345,-8452730.371455483,-8452734.5189344,-8452738.501463056,-8452742.321363822,-8452745.981070304,-8452749.483126868,-8452752.830187906,-8452756.025016775,-8452759.070484418,-8452761.96956766,-8452764.725347107,-8452767.34100471,-8452769.819820898,-8452772.165171314,-8452774.380523125,-8452776.469430879,-8452778.435531912,-8452780.282541275,-8452782.014246203,-8452783.634500075,-8452785.14721589,-8452786.556359272,-8452787.865940955,-8452789.080008788,-8452790.202639306,-8452791.237928787,-8452792.189983927,-8452793.062912073,-8452793.860811098,-8452794.587758947,-8452795.247802908,-8452795.844948621,-8452796.383148985,-8452796.866292924,-8452797.298194174,-8452797.682580154,-8452798.023081005,-8452798.323218923,-8452798.586397896,-8452798.81589393,-8452799.014845952,-8452799.18624743,-8452799.33293892,-8452799.457601577,-8452799.562751835,-8452799.65073729,-8452799.723733928,-8452799.783744788,-8452799.832600063,-8452799.871958764,-8452799.903311893,-8452799.927987134,-8452799.947155014,-8452799.961836431,-8452799.972911425,-8452799.98112905,-8452799.98711811,-8452799.99139858,-8452799.994393412,-8452799.996440493,-8452799.997804448,-8452799.99868806,-8452799.999243025,-8452799.999579828,-8452799.999776596,-8452799.999886777,-8452799.999945618,-8452799.99997541,-8452799.999989614,-8452799.99999594,-8452799.999998547,-8452799.99999953,-8452799.999999866,-8452799.999999966,-8452799.999999993,-8452800.0,-8452800.0,-8452800.0,-8452800.0,-8452800.0,-8452800.0,-8452800.0,-8452800.0,-8452800.0,-8452800.0,-8452800.0,-8452800.0,-8452800.0,-8452800.0,-8452800.0,-8452800.0,0.0
47.75,-8407209.618023915,-8407231.635074446,-8407253.55912616,-8407275.388638213,-8407297.122057192,-8407318.757817235,-8407340.29434015,-8407361.730035577,-8407383.063301118,-8407404.292522533,-8407425.4160739,-8407446.432317816,-8407467.339605607,-8407488.136277555,-8407508.820663132,-8407529.391081257,-8407549.84584057,-8407570.18323972,-8407590.401567675,-8407610.499104042,-8407630.47411942,-8407650.324875757,-8407670.049626747,-8407689.646618223,-8407709.114088604,-8407728.450269327,-8407747.653385343,-8407766.721655605,-8407785.653293598,-8407804.446507894,-8407823.099502727,-8407841.610478606,-8407859.977632944,-8407878.199160729,-8407896.27325522,-8407914.19810868,-8407931.97191313,-8407949.592861142,-8407967.059146686,-8407984.368965967,-8408001.520518355,-8408018.512007304,-8408035.341641339,-8408052.007635076,-8408068.508210275,-8408084.841596946,-8408101.006034486,-8408116.999772869,-8408132.821073882,-8408148.468212405,-8408163.939477723,-8408179.233174913,-8408194.347626267,-8408209.281172754,-8408224.032175552,-8408238.599017624,-8408252.980105333,-8408267.173870144,-8408281.178770347,-8408294.993292846,-8408308.615955014,-8408322.045306586,-8408335.279931625,-8408348.318450537,-8408361.159522142,-8408373.801845804,-8408386.24416362,-8408398.485262664,-8408410.523977293,-8408422.359191502,-8408433.989841333,-8408445.414917355,-8408456.633467183,-8408467.644598046,-8408478.447479427,-8408489.041345723,-8408499.425498985,-8408509.599311668,-8408519.562229456,-8408529.313774092,-8408538.853546273,-8408548.181228561,-8408557.296588313,-8408566.19948065,-8408574.889851425,-8408583.367740218,-8408591.63328331,-8408599.68671668,-8408607.528378969,-8408615.158714425,-8408622.578275835,-8408629.78772739,-8408636.787847525,-8408643.579531668,-8408650.163794942,-8408656.541774755,-8408662.714733297,-8408668.684059909,-8408674.45127333,-8408680.018023781,-8408685.386094872,-8408690.557405334,-8408695.534010524,-8408700.318103708,-8408704.912017085,-8408709.318222526,-8408713.539332027,-8408717.578097817,-8408721.437412119,-8408725.120306538,-8408728.629951034,-8408731.969652455,-8408735.142852629,-8408738.153125945,-8408741.00417643,-8408743.69983428,-8408746.244051818,-8408748.640898865,-8408750.894557483,-8408753.0093161,-8408754.989562944,-8408756.839778842,-8408758.564529307,-8408760.168455945,-8408761.656267162,-8408763.032728184,-8408764.30265038,-8408765.470879948,-8408766.542285921,-8408767.521747597,-8408768.414141394,-8408769.22432719,-8408769.95713422,-8408770.617346626,-8408771.209688697,-8408771.738809962,-8408772.209270217,-8408772.625524625,-8408772.99190903,-8408773.312625647,-8408773.591729272,-8408773.833114222,-8408774.040502142,-8408774.21743092,-8408774.367244828,-8408774.493086148,-8408774.59788838,-8408774.684371278,-8408774.755037757,-8408774.81217289,-8408774.857844988,-8408774.893908862,-8408774.92201123,-8408774.943598237,-8408774.959924951,-8408774.972066682,-8408774.980931886,-8408774.987276364,-8408774.991718438,-8408774.994754678,-8408774.99677586,-8408774.998082664,-8408774.99890075,-8408774.999394864,-8408774.999681624,-8408774.999840774,-8408774.999924779,-8408774.999966681,-8408774.999986283,-8408774.999994805,-8408774.999998212,-8408774.999999449,-8408774.999999851,-8408774.999999966,-8408774.999999993,-8408775.0,-8408775.0,-8408775.0,-8408775.0,-8408775.0,-8408775.0,-8408775.0,-8408775.0,-8408775.0,-8408775.0,-8408775.0,-8408775.0,-8408775.0,-8408775.0,-8408775.0,0.0
47.5,-8362922.430396636,-8362946.80959597,-8362971.103246493,-8362995.309690483,-8363019.427253326,-8363043.454243555,-8363067.388952872,-8363091.2296562,-8363114.974611735,-8363138.622061011,-8363162.170228986,-8363185.617324118,-8363208.961538492,-8363232.201047913,-8363255.334012061,-8363278.35857462,-8363301.272863451,-8363324.074990775,-8363346.763053356,-8363369.33513272,-8363391.7892954,-8363414.12359317,-8363436.336063326,-8363458.424728978,-8363480.387599364,-8363502.222670187,-8363523.927923974,-8363545.501330465,-8363566.940847024,-8363588.244419069,-8363609.409980545,-8363630.435454416,-8363651.318753184,-8363672.057779446,-8363692.650426481,-8363713.094578863,-8363733.388113119,-8363753.528898421,-8363773.5147973,-8363793.343666423,-8363813.013357386,-8363832.521717561,-8363851.866590986,-8363871.045819286,-8363890.057242658,-8363908.89870088,-8363927.56803439,-8363946.063085405,-8363964.381699079,-8363982.521724736,-8364000.481017143,-8364018.257437842,-8364035.848856533,-8364053.253152535,-8364070.468216281,-8364087.491950896,-8364104.32227383,-8364120.957118552,-8364137.394436327,-8364153.6321980385,-8364169.668396099,-8364185.501046423,-8364201.128190477,-8364216.547897402,-8364231.758266207,-8364246.757428045,-8364261.543548569,-8364276.114830355,-8364290.469515417,-8364304.605887797,-8364318.522276235,-8364332.217056925,-8364345.68865635,-8364358.935554193,-8364371.956286347,-8364384.7494479865,-8364397.313696736,-8364409.647755906,-8364421.7504178155,-8364433.620547193,-8364445.2570846435,-8364456.6590502,-8364467.82554693,-8364478.755764628,-8364489.448983554,-8364499.904578232,-8364510.122021319,-8364520.100887492,-8364529.8408574,-8364539.341721643,-8364548.603384769,-8364557.625869293,-8364566.4093197305,-8364574.954006605,-8364583.260330469,-8364591.328825865,-8364599.160165265,-8364606.755162945,-8364614.114778778,-8364621.240121936,-8364628.132454492,-8364634.7931948565,-8364641.223921096,-8364647.426374039,-8364653.402460195,-8364659.154254427,-8364664.684002374,-8364669.994122573,-8364675.087208255,-8364679.966028787,-8364684.633530724,-8364689.092838412,-8364693.347254155,-8364697.400257837,-8364701.255506031,-8364704.916830497,-8364708.388236051,-8364711.673897779,-8364714.778157515,-8364717.705519583,-8364720.460645727,-8364723.048349219,-8364725.473588095,-8364727.741457477,-8364729.85718098,-8364731.82610114,-8364733.65366888,-8364735.345431983,-8364736.907022556,-8364738.34414353,-8364739.66255416,-8364740.868054587,-8364741.966469499,-8364742.963630926,-8364743.865360254,-8364744.677449569,-8364745.405642375,-8364746.055613894,-8364746.63295103,-8364747.1431321995,-8364747.591507221,-8364747.9832774475,-8364748.32347641,-8364748.61695119,-8364748.868344803,-8364749.082079866,-8364749.262343825,-8364749.41307603,-8364749.537956943,-8364749.640399716,-8364749.723544406,-8364749.790255001,-8364749.843119426,-8364749.884452625,-8364749.916302731,-8364749.940460287,-8364749.958470357,-8364749.971647306,-8364749.98109191,-8364749.987710358,-8364749.992234669,-8364749.995243928,-8364749.997185746,-8364749.998397307,-8364749.999125414,-8364749.999545004,-8364749.999775671,-8364749.999895911,-8364749.999954918,-8364749.999981953,-8364749.999993401,-8364749.999997826,-8364749.999999367,-8364749.99999984,-8364749.999999966,-8364749.999999994,-8364749.999999999,-8364750.0,-8364750.0,-8364750.0,-8364750.0,-8364750.0,-8364750.0,-8364750.0,-8364750.0,-8364750.0,-8364750.0,-8364750.0,-8364750.0,-8364750.0,0.0
47.25,-8318597.359979939,-8318624.232637817,-8318651.029745009,-8318677.749553131,-8318704.390292581,-8318730.950172445,-8318757.42738042,-8318783.820082742,-8318810.126424124,-8318836.344527708,-8318862.472495016,-8318888.50840592,-8318914.450318628,-8318940.296269663,-8318966.04427387,-8318991.692324435,-8319017.238392915,-8319042.680429267,-8319068.016361928,-8319093.244097872,-8319118.361522706,-8319143.366500786,-8319168.256875327,-8319193.030468559,-8319217.685081894,-8319242.218496106,-8319266.628471541,-8319290.91274835,-8319315.069046745,-8319339.095067276,-8319362.988491138,-8319386.746980513,-8319410.368178923,-8319433.849711625,-8319457.189186046,-8319480.384192223,-8319503.432303307,-8319526.331076086,-8319549.078051547,-8319571.6707554795,-8319594.106699118,-8319616.383379826,-8319638.498281827,-8319660.448876967,-8319682.232625546,-8319703.84697718,-8319725.289371723,-8319746.557240239,-8319767.648006027,-8319788.559085703,-8319809.287890348,-8319829.831826702,-8319850.188298438,-8319870.354707491,-8319890.328455452,-8319910.106945041,-8319929.687581648,-8319949.067774945,-8319968.244940581,-8319987.216501947,-8320005.97989204,-8320024.532555386,-8320042.87195008,-8320060.99554988,-8320078.900846427,-8320096.58535154,-8320114.046599599,-8320131.282150056,-8320148.289590017,-8320165.066536943,-8320181.610641457,-8320197.91959025,-8320213.991109101,-8320229.822966017,-8320245.4129744675,-8320260.758996751,-8320275.858947471,-8320290.7107971255,-8320305.312575819,-8320319.662377094,-8320333.75836188,-8320347.598762557,-8320361.181887144,-8320374.506123604,-8320387.569944257,-8320400.371910317,-8320412.910676537,-8320425.184995957,-8320437.193724767,-8320448.935827261,-8320460.410380887,-8320471.616581389,-8320482.553748023,-8320493.221328853,-8320503.618906103,-8320513.746201565,-8320523.603082042,-8320533.189564826,-8320542.505823172,-8320551.552191784,-8320560.329172264,-8320568.837438526,-8320577.077842131,-8320585.051417548,-8320592.759387285,-8320600.203166878,-8320607.384369706,-8320614.304811595,-8320620.966515178,-8320627.371713963,-8320633.522856088,-8320639.422607699,-8320645.073855912,-8320650.479711323,-8320655.643509978,-8320660.568814803,-8320665.259416383,-8320669.719333069,-8320673.952810335,-8320677.964319322,-8320681.758554524,-8320685.340430517,-8320688.715077709,-8320691.8878370095,-8320694.86425337,-8320697.6500681555,-8320700.251210241,-8320702.673785833,-8320704.924066933,-8320707.008478418,-8320708.9335837085,-8320710.706068989,-8320712.332726003,-8320713.8204334,-8320715.176136685,-8320716.406826803,-8320717.519517433,-8320718.521221078,-8320719.418924091,-8320720.219560767,-8320720.929986686,-8320721.556951548,-8320722.107071715,-8320722.586802773,-8320723.002412425,-8320723.359954065,-8320723.665241422,-8320723.923824683,-8320724.14096851,-8320724.321632404,-8320724.470453838,-8320724.591734589,-8320724.689430652,-8320724.767146093,-8320724.828131106,-8320724.875284472,-8320724.911160507,-8320724.937980458,-8320724.957648158,-8320724.971769615,-8320724.981676046,-8320724.988449698,-8320724.992951704,-8320724.995851067,-8320724.997653845,-8320724.998731574,-8320724.999348016,-8320724.999683463,-8320724.999855965,-8320724.999939135,-8320724.999976378,-8320724.999991692,-8320724.999997394,-8320724.999999286,-8320724.999999833,-8320724.999999968,-8320724.999999995,-8320724.999999999,-8320725.0,-8320725.0,-8320725.0,-8320725.0,-8320725.0,-8320725.0,-8320725.0,-8320725.0,-8320725.0,-8320725.0,-8320725.0,-8320725.0,0.0
47.0,-8274230.106084725,-8274259.58919149,-8274289.009458616,-8274318.365080261,-8274347.654225158,-8274376.875036413,-8274406.0256312955,-8274435.104101043,-8274464.108510667,-8274493.036898766,-8274521.887277346,-8274550.657631651,-8274579.345919995,-8274607.950073606,-8274636.467996487,-8274664.897565268,-8274693.2366290875,-8274721.483009474,-8274749.634500243,-8274777.688867407,-8274805.643849095,-8274833.497155493,-8274861.246468788,-8274888.889443148,-8274916.423704692,-8274943.846851502,-8274971.156453637,-8274998.350053179,-8275025.4251642935,-8275052.379273308,-8275079.209838826,-8275105.914291854,-8275132.490035959,-8275158.934447458,-8275185.244875625,-8275211.418642938,-8275237.453045352,-8275263.345352609,-8275289.092808582,-8275314.692631647,-8275340.1420151135,-8275365.438127674,-8275390.578113902,-8275415.559094803,-8275440.378168407,-8275465.032410394,-8275489.518874796,-8275513.834594736,-8275537.976583218,-8275561.941833995,-8275585.727322468,-8275609.330006676,-8275632.7468283335,-8275655.97471394,-8275679.010575966,-8275701.851314103,-8275724.493816605,-8275746.9349616915,-8275769.17161905,-8275791.2006514175,-8275813.018916249,-8275834.62326749,-8275856.010557431,-8275877.177638676,-8275898.121366207,-8275918.838599555,-8275939.326205093,-8275959.581058426,-8275979.600046918,-8275999.380072331,-8276018.918053595,-8276038.210929705,-8276057.255662751,-8276076.0492410995,-8276094.588682694,-8276112.871038522,-8276130.893396219,-8276148.652883831,-8276166.146673729,-8276183.371986683,-8276200.32609611,-8276217.006332464,-8276233.410087813,-8276249.534820585,-8276265.378060472,-8276280.937413523,-8276296.2105674,-8276311.195296814,-8276325.889469136,-8276340.291050178,-8276354.398110153,-8276368.208829798,-8276381.721506661,-8276394.934561565,-8276407.8465452185,-8276420.456144972,-8276432.762191728,-8276444.763666982,-8276456.459709973,-8276467.849624969,-8276478.93288862,-8276489.709157408,-8276500.178275151,-8276510.340280548,-8276520.195414726,-8276529.7441288,-8276538.987091372,-8276547.9251959575,-8276556.559568321,-8276564.891573641,-8276572.922823504,-8276580.655182639,-8276588.090775389,-8276595.231991822,-8276602.081493447,-8276608.642218458,-8276614.917386464,-8276620.9105025865,-8276626.625360899,-8276632.066047083,-8276637.236940257,-8276642.142713853,-8276646.78833546,-8276651.179065556,-8276655.320455001,-8276659.218341212,-8276662.878842905,-8276666.308353318,-8276669.513531795,-8276672.5012936555,-8276675.278798246,-8276677.853435091,-8276680.2328080665,-8276682.424717544,-8276684.437140445,-8276686.27820818,-8276687.956182475,-8276689.4794290885,-8276690.856389487,-8276692.095550554,-8276693.205412452,-8276694.194454822,-8276695.071101521,-8276695.843684172,-8276696.52040485,-8276697.109298286,-8276697.618194023,-8276698.054679026,-8276698.426061295,-8276698.739335087,-8276699.001148384,-8276699.217773286,-8276699.395080007,-8276699.53851516,-8276699.65308497,-8276699.743344009,-8276699.813389931,-8276699.866864591,-8276699.906961724,-8276699.936441202,-8276699.957649618,-8276699.972546747,-8276699.98273709,-8276699.989505567,-8276699.993856069,-8276699.99655154,-8276699.998154047,-8276699.999063381,-8276699.999552802,-8276699.999800805,-8276699.999918079,-8276699.99996928,-8276699.999989657,-8276699.999996931,-8276699.999999217,-8276699.999999833,-8276699.999999971,-8276699.999999996,-8276700.0,-8276700.0,-8276700.0,-8276700.0,-8276700.0,-8276700.0,-8276700.0,-8276700.0,-8276700.0,-8276700.0,-8276700.0,-8276700.0,0.0
46.75,-8229816.095341168,-8229848.287000093,-8229880.431359103,-8229912.526594946,-8229944.570855089,-8229976.562257376,-8230008.498889688,-8230040.378809618,-8230072.200044124,-8230103.960589211,-8230135.658409586,-8230167.291438354,-8230198.857576686,-8230230.354693505,-8230261.780625176,-8230293.1331752,-8230324.410113921,-8230355.609178225,-8230386.728071256,-8230417.764462152,-8230448.715985764,-8230479.5802424,-8230510.354797588,-8230541.037181821,-8230571.62489035,-8230602.1153829675,-8230632.506083804,-8230662.794381155,-8230692.977627305,-8230723.053138391,-8230753.018194262,-8230782.87003837,-8230812.605877683,-8230842.222882615,-8230871.718186984,-8230901.0888879895,-8230930.332046226,-8230959.444685709,-8230988.423793955,-8231017.266322071,-8231045.969184885,-8231074.529261119,-8231102.943393588,-8231131.208389452,-8231159.321020497,-8231187.2780234665,-8231215.076100441,-8231242.711919267,-8231270.18211403,-8231297.483285596,-8231324.612002192,-8231351.564800069,-8231378.338184203,-8231404.928629091,-8231431.33257959,-8231457.546451846,-8231483.5666343,-8231509.38948876,-8231535.011351576,-8231560.428534894,-8231585.637327997,-8231610.633998758,-8231635.414795182,-8231659.975947057,-8231684.313667716,-8231708.424155917,-8231732.303597836,-8231755.948169194,-8231779.354037511,-8231802.517364492,-8231825.434308558,-8231848.10102753,-8231870.513681453,-8231892.6684355885,-8231914.561463569,-8231936.188950725,-8231957.54709758,-8231978.632123537,-8231999.440270759,-8232019.967808224,-8232040.211036006,-8232060.166289743,-8232079.829945332,-8232099.198423838,-8232118.268196622,-8232137.035790714,-8232155.4977944065,-8232173.650863098,-8232191.491725378,-8232209.017189363,-8232226.224149287,-8232243.109592343,-8232259.670605788,-8232275.904384311,-8232291.808237648,-8232307.379598474,-8232322.616030545,-8232337.515237099,-8232352.075069506,-8232366.293536165,-8232380.168811645,-8232393.699246045,-8232406.883374583,-8232419.719927371,-8232432.207839392,-8232444.346260641,-8232456.1345663965,-8232467.572367618,-8232478.659521434,-8232489.396141674,-8232499.782609412,-8232509.819583495,-8232519.508010972,-8232528.849137407,-8232537.844516998,-8232546.49602243,-8232554.805854406,-8232562.776550772,-8232570.410995133,-8232577.712424906,-8232584.684438668,-8232591.3310027085,-8232597.656456681,-8232603.665518211,-8232609.363286347,-8232614.7552437,-8232619.847257142,-8232624.645576905,-8232629.156833928,-8232633.38803529,-8232637.3465575725,-8232641.0401379885,-8232644.47686311,-8232647.665155055,-8232650.613754971,-8232653.331703685,-8232655.828319414,-8232658.113172409,-8232660.196056493,-8232662.086957423,-8232663.796018107,-8232665.333500707,-8232666.709745723,-8232667.935128248,-8232669.020011612,-8232669.974698738,-8232670.809381608,-8232671.5340893455,-8232672.158635491,-8232672.692565183,-8232673.145103016,-8232673.52510247,-8232673.84099789,-8232674.100760028,-8232674.311856259,-8232674.4812165275,-8232674.615206133,-8232674.719606306,-8232674.799603468,-8232674.859787813,-8232674.904161649,-8232674.936157551,-8232674.95866606,-8232674.974072183,-8232674.984299531,-8232674.990860524,-8232674.994910638,-8232674.997304489,-8232674.998651334,-8232674.999367672,-8232674.999724866,-8232674.999890197,-8232674.999960379,-8232674.9999873,-8232674.999996463,-8232674.999999167,-8232674.999999841,-8232674.999999976,-8232674.999999997,-8232675.0,-8232675.0,-8232675.0,-8232675.0,-8232675.0,-8232675.0,-8232675.0,-8232675.0,-8232675.0,-8232675.0,-8232675.0,0.0
46.5,-8185350.503923656,-8185385.478460977,-8185420.424121065,-8185455.339109786,-8185490.2216004,-8185525.0697331,-8185559.881614533,-8185594.655317325,-8185629.388879599,-8185664.080304505,-8185698.727559727,-8185733.32857701,-8185767.8812516695,-8185802.383442119,-8185836.832969377,-8185871.227616587,-8185905.565128539,-8185939.843211187,-8185974.059531172,-8186008.211715348,-8186042.297350305,-8186076.313981907,-8186110.259114828,-8186144.130212085,-8186177.924694596,-8186211.6399407275,-8186245.27328586,-8186278.8220219575,-8186312.283397144,-8186345.654615299,-8186378.932835657,-8186412.11517242,-8186445.198694393,-8186478.180424615,-8186511.057340033,-8186543.826371169,-8186576.484401824,-8186609.028268789,-8186641.454761595,-8186673.76062227,-8186705.942545128,-8186737.997176593,-8186769.92111505,-8186801.710910712,-8186833.36306555,-8186864.874033237,-8186896.240219133,-8186927.457980331,-8186958.523625721,-8186989.433416115,-8187020.183564425,-8187050.770235888,-8187081.189548345,-8187111.43757259,-8187141.5103327725,-8187171.403806872,-8187201.113927241,-8187230.636581233,-8187259.96761189,-8187289.102818737,-8187318.037958646,-8187346.768746812,-8187375.290857805,-8187403.599926747,-8187431.691550592,-8187459.561289511,-8187487.204668412,-8187514.617178584,-8187541.794279471,-8187568.731400579,-8187595.423943562,-8187621.867284419,-8187648.056775884,-8187673.987749979,-8187699.655520743,-8187725.055387137,-8187750.182636165,-8187775.0325461775,-8187799.600390399,-8187823.881440673,-8187847.870971434,-8187871.564263925,-8187894.956610663,-8187918.043320155,-8187940.819721896,-8187963.281171638,-8187985.423056953,-8188007.240803085,-8188028.729879123,-8188049.885804487,-8188070.704155743,-8188091.18057375,-8188111.310771171,-8188131.090540316,-8188150.515761372,-8188169.5824109875,-8188188.286571247,-8188206.624439018,-8188224.592335699,-8188242.186717359,-8188259.404185258,-8188276.241496781,-8188292.695576754,-8188308.763529167,-8188324.442649255,-8188339.730435984,-8188354.62460489,-8188369.123101264,-8188383.2241136795,-8188396.926087823,-8188410.22774061,-8188423.128074543,-8188435.626392297,-8188447.722311456,-8188459.415779373,-8188470.707088096,-8188481.596889274,-8188492.086208992,-8188502.176462436,-8188511.869468305,-8188521.167462855,-8188530.073113473,-8188538.589531648,-8188546.720285196,-8188554.469409601,-8188561.841418292,-8188568.841311699,-8188575.474584872,-8188581.747233482,-8188587.665757976,-8188593.237165659,-8188598.4689704655,-8188603.369190171,-8188607.946340783,-8188612.20942785,-8188616.167934441,-8188619.831805501,-8188623.211428372,-8188626.317609202,-8188629.161545046,-8188631.754791463,-8188634.109225452,-8188636.23700363,-8188638.150515614,-8188639.862332625,-8188641.38515145,-8188642.731733976,-8188643.914842644,-8188644.947172296,-8188645.84127904,-8188646.609506906,-8188647.26391327,-8188647.816194148,-8188648.277610662,-8188648.658918162,-8188648.970299563,-8188649.221304654,-8188649.4207971115,-8188649.57691101,-8188649.697018498,-8188649.787710137,-8188649.8547891285,-8188649.903280191,-8188649.937453357,-8188649.960862286,-8188649.976395971,-8188649.986341925,-8188649.992458206,-8188649.996050987,-8188649.998053945,-8188649.999105572,-8188649.999620767,-8188649.999853638,-8188649.999949424,-8188649.999984671,-8188649.999996031,-8188649.999999151,-8188649.999999857,-8188649.999999981,-8188649.999999998,-8188650.0,-8188650.0,-8188650.0,-8188650.0,-8188650.0,-8188650.0,-8188650.0,-8188650.0,-8188650.0,-8188650.0,0.0
46.25,-8140828.288660757,-8140866.091500176,-8140903.886748584,-8140941.672693208,-8140979.447586109,-8141017.209643599,-8141054.957045621,-8141092.687935146,-8141130.400417544,-8141168.092559966,-8141205.76239071,-8141243.407898579,-8141281.027032236,-8141318.61769956,-8141356.177766982,-8141393.705058832,-8141431.1973566655,-8141468.652398599,-8141506.067878631,-8141543.441445965,-8141580.770704327,-8141618.053211283,-8141655.286477547,-8141692.467966296,-8141729.595092473,-8141766.665222102,-8141803.675671593,-8141840.62370705,-8141877.50654358,-8141914.321344614,-8141951.065221203,-8141987.735231357,-8142024.328379355,-8142060.8416150855,-8142097.271833371,-8142133.615873324,-8142169.87051769,-8142206.032492222,-8142242.098465055,-8142278.0650460925,-8142313.928786416,-8142349.686177714,-8142385.333651708,-8142420.867579639,-8142456.284271726,-8142491.579976703,-8142526.750881335,-8142561.793110003,-8142596.702724291,-8142631.475722633,-8142666.108039976,-8142700.595547501,-8142734.934052374,-8142769.119297563,-8142803.146961683,-8142837.012658916,-8142870.711938978,-8142904.240287155,-8142937.593124401,-8142970.765807517,-8143003.753629399,-8143036.55181937,-8143069.155543601,-8143101.5599056315,-8143133.759946972,-8143165.750647834,-8143197.526927954,-8143229.083647555,-8143260.4156084135,-8143291.517555077,-8143322.384176218,-8143353.010106139,-8143383.389926436,-8143413.518167835,-8143443.389312195,-8143472.997794714,-8143502.338006326,-8143531.404296302,-8143560.190975081,-8143588.69231733,-8143616.902565241,-8143644.815932093,-8143672.426606089,-8143699.728754454,-8143726.716527858,-8143753.384065125,-8143779.725498291,-8143805.73495798,-8143831.40657916,-8143856.734507248,-8143881.712904621,-8143906.335957524,-8143930.5978834005,-8143954.492938656,-8143978.015426885,-8144001.159707559,-8144023.920205209,-8144046.2914191075,-8144068.26793347,-8144089.844428195,-8144111.015690144,-8144131.776624994,-8144152.122269664,-8144172.047805312,-8144191.548570959,-8144210.620077679,-8144229.25802343,-8144247.458308471,-8144265.217051409,-8144282.530605837,-8144299.395577576,-8144315.808842504,-8144331.767564952,-8144347.269216634,-8144362.311596097,-8144376.892848647,-8144391.011486689,-8144404.666410454,-8144417.856929021,-8144430.58278157,-8144442.844158777,-8144454.641724233,-8144465.976635795,-8144476.850566712,-8144487.265726391,-8144497.224880618,-8144506.731371064,-8144515.789133852,-8144524.4027169645,-8144532.57729623,-8144540.318689615,-8144547.633369515,-8144554.528472745,-8144561.011807838,-8144567.091859328,-8144572.777788587,-8144578.079430839,-8144583.007287912,-8144587.572516292,-8144591.786910053,-8144595.662878212,-8144599.213416124,-8144602.452070472,-8144605.392897552,-8144608.050414501,-8144610.4395432845,-8144612.575547278,-8144614.473960463,-8144616.150509343,-8144617.621027903,-8144618.901366121,-8144620.0072927745,-8144620.954393529,-8144621.757965625,-8144622.432910713,-8144622.993627768,-8144623.453908256,-8144623.826836066,-8144624.124694906,-8144624.358886061,-8144624.539859469,-8144624.67706097,-8144624.778898366,-8144624.852728441,-8144624.904866429,-8144624.940618492,-8144624.964336621,-8144624.979494112,-8144624.988778327,-8144624.994196215,-8144624.9971869085,-8144624.998735111,-8144624.999478909,-8144624.999806315,-8144624.999936281,-8144624.999981891,-8144624.999995691,-8144624.999999176,-8144624.99999988,-8144624.999999988,-8144624.999999999,-8144625.0,-8144625.0,-8144625.0,-8144625.0,-8144625.0,-8144625.0,-8144625.0,-8144625.0,-8144625.0,0.0
46.0,-8096244.227869233,-8096284.870282166,-8096325.529149212,-8096366.202895805,-8096406.8899106365,-8096447.588544934,-8096488.297111747,-8096529.013885191,-8096569.737099713,-8096610.464949317,-8096651.195586801,-8096691.927122962,-8096732.657625807,-8096773.385119743,-8096814.107584754,-8096854.822955569,-8096895.529120827,-8096936.223922215,-8096976.905153608,-8097017.570560188,-8097058.217837563,-8097098.844630867,-8097139.44853385,-8097180.027087966,-8097220.577781442,-8097261.0980483405,-8097301.585267613,-8097342.036762151,-8097382.449797819,-8097422.821582486,-8097463.149265042,-8097503.429934425,-8097543.660618622,-8097583.838283683,-8097623.959832713,-8097664.022104874,-8097704.021874378,-8097743.955849488,-8097783.820671501,-8097823.612913743,-8097863.329080574,-8097902.965606375,-8097942.51885456,-8097981.985116588,-8098021.360610969,-8098060.641482305,-8098099.8238003235,-8098138.903558938,-8098177.876675302,-8098216.738988918,-8098255.486260731,-8098294.114172269,-8098332.618324796,-8098370.994238509,-8098409.237351755,-8098447.343020285,-8098485.306516561,-8098523.1230290895,-8098560.787661819,-8098598.295433577,-8098635.641277574,-8098672.820040964,-8098709.826484472,-8098746.65528211,-8098783.301020945,-8098819.758200975,-8098856.021235092,-8098892.08444914,-8098927.942082088,-8098963.588286309,-8098999.017127985,-8099034.222587659,-8099069.198560904,-8099103.938859163,-8099138.437210744,-8099172.687261993,-8099206.682578642,-8099240.416647369,-8099273.882877558,-8099307.074603281,-8099339.98508553,-8099372.607514688,-8099404.935013279,-8099436.960638998,-8099468.677388042,-8099500.0781987645,-8099531.155955669,-8099561.9034937555,-8099592.313603253,-8099622.379034744,-8099652.092504716,-8099681.446701559,-8099710.434292022,-8099739.047928171,-8099767.2802548595,-8099795.123917745,-8099822.57157187,-8099849.615890845,-8099876.249576649,-8099902.465370087,-8099928.25606193,-8099953.614504747,-8099978.533625493,-8100003.006438848,-8100027.026061354,-8100050.585726367,-8100073.678799852,-8100096.298797052,-8100118.439400046,-8100140.094476216,-8100161.258097643,-8100181.924561456,-8100202.088411124,-8100221.744458719,-8100240.887808129,-8100259.51387924,-8100277.618433045,-8100295.197597687,-8100312.247895384,-8100328.766270202,-8100344.750116618,-8100360.197308816,-8100375.106230609,-8100389.475805907,-8100403.305529598,-8100416.5954987025,-8100429.346443623,-8100441.559759326,-8100453.2375361845,-8100464.382590283,-8100474.998492854,-8100485.0895985495,-8100494.661072175,-8100503.718913492,-8100512.269979639,-8100520.322004694,-8100527.883615841,-8100534.964345582,-8100541.574639354,-8100547.725857934,-8100553.430273915,-8100558.701061549,-8100563.552279225,-8100567.998843828,-8100572.056496275,-8100575.741757464,-8100579.07187406,-8100582.064753464,-8100584.73888757,-8100587.113264946,-8100589.207271367,-8100591.040578814,-8100592.633023389,-8100594.004472927,-8100595.174685543,-8100596.163160764,-8100596.988985483,-8100597.670677468,-8100598.226029773,-8100598.671959896,-8100599.02436809,-8100599.2980095595,-8100599.506385534,-8100599.661658154,-8100599.774593801,-8100599.854538752,-8100599.90942988,-8100599.945841511,-8100599.96906747,-8100599.983234983,-8100599.991444585,-8100599.995927848,-8100599.99821293,-8100599.999287136,-8100599.999746083,-8100599.999921039,-8100599.999979175,-8100599.999995515,-8100599.999999249,-8100599.999999909,-8100599.999999993,-8100600.0,-8100600.0,-8100600.0,-8100600.0,-8100600.0,-8100600.0,-8100600.0,-8100600.0,-8100600.0,0.0
45.75,-8051592.972614614,-8051636.426482312,-8051679.923408138,-8051723.462015688,-8051767.040891407,-8051810.658583764,-8051854.313602431,-8051898.004417427,-8051941.729458271,-8051985.487113089,-8052029.275727732,-8052073.093604848,-8052116.9390029665,-8052160.810135546,-8052204.705170006,-8052248.622226749,-8052292.559378156,-8052336.514647572,-8052380.486008266,-8052424.471382379,-8052468.468639843,-8052512.475597296,-8052556.490016973,-8052600.509605567,-8052644.53201309,-8052688.554831706,-8052732.575594537,-8052776.59177447,-8052820.600782929,-8052864.59996864,-8052908.586616366,-8052952.557945637,-8052996.511109452,-8053040.443192968,-8053084.351212181,-8053128.232112562,-8053172.082767722,-8053215.8999780165,-8053259.680469158,-8053303.420890817,-8053347.117815199,-8053390.767735617,-8053434.3670650385,-8053477.912134644,-8053521.399192352,-8053564.824401357,-8053608.183838647,-8053651.473493513,-8053694.689266067,-8053737.826965753,-8053780.882309849,-8053823.850921982,-8053866.728330645,-8053909.509967706,-8053952.191166958,-8053994.767162641,-8054037.233088012,-8054079.583973912,-8054121.814747369,-8054163.920230215,-8054205.895137742,-8054247.734077381,-8054289.431547437,-8054330.981935848,-8054372.379519006,-8054413.618460635,-8054454.692810712,-8054495.596504485,-8054536.3233615365,-8054576.867084956,-8054617.2212605765,-8054657.379356337,-8054697.334721735,-8054737.080587409,-8054776.610064842,-8054815.916146206,-8054854.991704371,-8054893.8294930635,-8054932.422147207,-8054970.762183467,-8055008.8420009855,-8055046.653882356,-8055084.189994829,-8055121.442391781,-8055158.403014466,-8055195.063694056,-8055231.416154006,-8055267.452012769,-8055303.162786867,-8055338.539894357,-8055373.574658722,-8055408.258313195,-8055442.582005575,-8055476.536803532,-8055510.113700466,-8055543.303621927,-8055576.097432649,-8055608.485944223,-8055640.459923459,-8055672.010101468,-8055703.127183503,-8055733.801859611,-8055764.024816137,-8055793.786748122,-8055823.078372641,-8055851.890443132,-8055880.21376477,-8055908.039210912,-8055935.3577407,-8055962.160417827,-8055988.438430553,-8056014.183112995,-8056039.385967745,-8056064.038689866,-8056088.133192288,-8056111.661632666,-8056134.616441729,-8056156.990353111,-8056178.776434747,-8056199.968121786,-8056220.55925107,-8056240.5440971255,-8056259.917409679,-8056278.674452641,-8056296.811044496,-8056314.323600019,-8056331.209173236,-8056347.465501446,-8056363.091050197,-8056378.085058975,-8056392.447587386,-8056406.179561533,-8056419.282820282,-8056431.760160988,-8056443.61538428,-8056454.853337364,-8056465.4799552895,-8056475.502299506,-8056484.928593009,-8056493.768251242,-8056502.031907895,-8056509.731434602,-8056516.879953504,-8056523.491841551,-8056529.582725346,-8056535.1694653,-8056540.2701277975,-8056544.9039441105,-8056549.091254765,-8056552.85343818,-8056556.212822482,-8056559.192579579,-8056561.816600845,-8056564.10935409,-8056566.0957219275,-8056567.80082221,-8056569.249811851,-8056570.4676761255,-8056571.479006452,-8056572.307770614,-8056572.977080466,-8056573.508963195,-8056573.9241432315,-8056574.241842776,-8056574.479609431,-8056574.653179633,-8056574.776386083,-8056574.86111622,-8056574.91732671,-8056574.953115902,-8056574.9748523515,-8056574.987352989,-8056574.994099829,-8056574.997479954,-8056574.999030661,-8056574.999671131,-8056574.9999041855,-8056574.999976852,-8056574.999995573,-8056574.999999371,-8056574.999999939,-8056574.999999996,-8056575.0,-8056575.0,-8056575.0,-8056575.0,-8056575.0,-8056575.0,-8056575.0,-8056575.0,0.0
45.5,-8006869.108912222,-8006915.301659914,-8006961.56632518,-8007007.901790978,-8007054.306904035,-8007100.780473961,-8007147.321272343,-8007193.928031826,-8007240.599445166,-8007287.334164256,-8007334.130799145,-8007380.987917027,-8007427.904041203,-8007474.877650021,-8007521.907175811,-8007568.991003761,-8007616.1274708025,-8007663.314864455,-8007710.551421639,-8007757.835327482,-8007805.1647140905,-8007852.537659281,-8007899.952185312,-8007947.4062575605,-8007994.897783197,-8008042.424609816,-8008089.984524032,-8008137.57525008,-8008185.194448343,-8008232.8397138845,-8008280.5085749375,-8008328.198491364,-8008375.906853086,-8008423.630978489,-8008471.368112796,-8008519.115426397,-8008566.870013174,-8008614.628888771,-8008662.388988849,-8008710.147167297,-8008757.900194436,-8008805.644755162,-8008853.37744708,-8008901.09477861,-8008948.793167045,-8008996.4689366035,-8009044.118316434,-8009091.737438605,-8009139.322336061,-8009186.868940559,-8009234.373080572,-8009281.83047918,-8009329.2367519215,-8009376.587404645,-8009423.877831322,-8009471.103311861,-8009518.259009885,-8009565.339970513,-8009612.341118126,-8009659.257254118,-8009706.083054654,-8009752.813068412,-8009799.441714337,-8009845.963279403,-8009892.37191637,-8009938.66164157,-8009984.826332707,-8010030.859726683,-8010076.755417453,-8010122.50685391,-8010168.107337839,-8010213.55002189,-8010258.82790764,-8010303.933843695,-8010348.8605239,-8010393.600485614,-8010438.146108096,-8010482.489610996,-8010526.623052975,-8010570.538330458,-8010614.227176542,-8010657.681160069,-8010700.891684887,-8010743.84998931,-8010786.547145804,-8010828.9740609145,-8010871.121475453,-8010912.979964986,-8010954.539940626,-8010995.791650166,-8011036.725179587,-8011077.330454964,-8011117.59724481,-8011157.5151628805,-8011197.0736714825,-8011236.262085343,-8011275.06957604,-8011313.485177087,-8011351.497789672,-8011389.096189141,-8011426.269032252,-8011463.004865258,-8011499.292132884,-8011535.119188258,-8011570.474303856,-8011605.345683522,-8011639.721475646,-8011673.589787566,-8011706.938701262,-8011739.756290433,-8011772.03063903,-8011803.749861324,-8011834.902123608,-8011865.475667596,-8011895.458835639,-8011924.840097804,-8011953.60808095,-8011981.751599843,-8012009.25969043,-8012036.1216453295,-8012062.327051621,-8012087.865831016,-8012112.728282434,-8012136.905127099,-8012160.387556106,-8012183.167280559,-8012205.236584227,-8012226.588378718,-8012247.216261115,-8012267.1145739835,-8012286.278467627,-8012304.70396444,-8012322.388025099,-8012339.32861636,-8012355.524780072,-8012370.976703019,-8012385.685787056,-8012399.654718945,-8012412.887539194,-8012425.389709047,-8012437.168174697,-8012448.231427623,-8012458.589559813,-8012468.254312506,-8012477.239116879,-8012485.559125012,-8012493.231229238,-8012500.274067909,-8012506.708015418,-8012512.555154251,-8012517.839226811,-8012522.585564653,-8012526.820992976,-8012530.573708263,-8012533.873127327,-8012536.749706406,-8012539.234729584,-8012541.360066605,-8012543.157901179,-8012544.660432176,-8012545.899551588,-8012546.90650492,-8012547.711541604,-8012548.343565087,-8012548.829794266,-8012549.19544978,-8012549.463480019,-8012549.654342308,-8012549.785854155,-8012549.873127421,-8012549.928594362,-8012549.962128698,-8012549.98125722,-8012549.991448613,-8012549.996457267,-8012549.998692591,-8012549.999580669,-8012549.9998868145,-8012549.999975369,-8012549.999995924,-8012549.999999527,-8012549.999999966,-8012549.999999999,-8012550.0,-8012550.0,-8012550.0,-8012550.0,-8012550.0,-8012550.0,-8012550.0,0.0
45.25,-7962067.231138494,-7962116.041023705,-7962164.953529222,-7962213.967857575,-7962263.083177453,-7962312.2986227935,-7962361.61329183,-7962411.026246128,-7962460.53650959,-7962510.143067434,-7962559.8448651545,-7962609.640807445,-7962659.529757097,-7962709.510533885,-7962759.581913395,-7962809.742625847,-7962859.991354889,-7962910.326736332,-7962960.747356888,-7963011.251752857,-7963061.838408781,-7963112.505756078,-7963163.2521716235,-7963214.075976309,-7963264.975433566,-7963315.94874784,-7963366.994063049,-7963418.1094609825,-7963469.292959675,-7963520.542511731,-7963571.856002629,-7963623.231248951,-7963674.665996601,-7963726.157918973,-7963777.704615062,-7963829.30360755,-7963880.952340836,-7963932.648179023,-7963984.388403857,-7964036.170212632,-7964087.990716023,-7964139.846935896,-7964191.735803055,-7964243.654154947,-7964295.59873331,-7964347.566181777,-7964399.553043433,-7964451.555758309,-7964503.570660839,-7964555.593977254,-7964607.621822936,-7964659.650199711,-7964711.674993096,-7964763.691969496,-7964815.696773347,-7964867.684924212,-7964919.651813824,-7964971.592703084,-7965023.502719015,-7965075.376851652,-7965127.209950913,-7965178.996723406,-7965230.7317292,-7965282.409378566,-7965334.023928661,-7965385.569480196,-7965437.039974067,-7965488.429187959,-7965539.730732916,-7965590.938049909,-7965642.044406379,-7965693.042892767,-7965743.926419053,-7965794.687711287,-7965845.3193081375,-7965895.813557452,-7965946.162612851,-7965996.358430353,-7966046.392765052,-7966096.257167848,-7966145.942982251,-7966195.441341268,-7966244.743164392,-7966293.839154698,-7966342.719796086,-7966391.375350653,-7966439.7958562635,-7966487.971124291,-7966535.890737587,-7966583.544048697,-7966630.92017834,-7966678.0080141965,-7966724.79621003,-7966771.273185175,-7966817.427124434,-7966863.245978433,-7966908.717464449,-7966953.8290678,-7966998.568043807,-7967042.921420412,-7967086.876001494,-7967130.418370951,-7967173.534897612,-7967216.211741054,-7967258.434858393,-7967300.190012141,-7967341.4627792,-7967382.238561094,-7967422.502595538,-7967462.239969438,-7967501.435633435,-7967540.074418102,-7967578.141051933,-7967615.620181209,-7967652.496391933,-7967688.754233908,-7967724.378247142,-7967759.352990726,-7967793.663074309,-7967827.293192367,-7967860.228161379,-7967892.452960119,-7967923.952773188,-7967954.713037966,-7967984.719495127,-7968013.958242878,-7968042.415795067,-7968070.079143259,-7968096.935822932,-7968122.973983855,-7968148.182464708,-7968172.550871985,-7968196.069663158,-7968218.730234019,-7968240.525010105,-7968261.447541952,-7968281.492603947,-7968300.656296335,-7968318.936149912,-7968336.331232741,-7968352.842258104,-7968368.471692716,-7968383.223864031,-7968397.1050652675,-7968410.1236565,-7968422.290159957,-7968433.61734731,-7968444.120316515,-7968453.816555369,-7968462.725988713,-7968470.871005828,-7968478.276464319,-7968484.969666544,-7968490.980304415,-7968496.340368376,-7968501.0840163715,-7968505.247398894,-7968508.868436651,-7968511.986548185,-7968514.642325945,-7968516.877160845,-7968518.732817448,-7968520.25096449,-7968521.472668601,-7968522.4378627,-7968523.184804505,-7968523.749544772,-7968524.165428711,-7968524.46265714,-7968524.667935623,-7968524.804239124,-7968524.890715915,-7968524.942746682,-7968524.972162833,-7968524.98761219,-7968524.995042414,-7968524.998255633,-7968524.999476069,-7968524.999870851,-7968524.999975236,-7968524.999996574,-7968524.999999693,-7968524.999999985,-7968525.0,-7968525.0,-7968525.0,-7968525.0,-7968525.0,-7968525.0,-7968525.0,0.0
45.0,-7917182.026622353,-7917233.27857809,-7917284.665177591,-7917336.185999684,-7917387.840593301,-7917439.628476567,-7917491.549135849,-7917543.602024794,-7917595.786563323,-7917648.102136604,-7917700.548094001,-7917753.123747983,-7917805.8283730075,-7917858.661204372,-7917911.621437032,-7917964.708224386,-7918017.920677025,-7918071.257861447,-7918124.718798734,-7918178.3024632,-7918232.007780985,-7918285.83362862,-7918339.778831558,-7918393.842162644,-7918448.0223405585,-7918502.318028213,-7918556.727831105,-7918611.2502956055,-7918665.883907232,-7918720.627088852,-7918775.478198835,-7918830.435529164,-7918885.497303495,-7918940.661675148,-7918995.926725057,-7919051.290459666,-7919106.750808755,-7919162.305623209,-7919217.95267274,-7919273.689643536,-7919329.514135834,-7919385.423661467,-7919441.4156412985,-7919497.487402626,-7919553.636176493,-7919609.85909494,-7919666.153188186,-7919722.5153817255,-7919778.942493369,-7919835.431230181,-7919891.978185372,-7919948.579835087,-7920005.232535124,-7920061.93251757,-7920118.675887363,-7920175.458618742,-7920232.276551661,-7920289.125388065,-7920346.000688116,-7920402.897866322,-7920459.812187567,-7920516.738763071,-7920573.672546251,-7920630.608328495,-7920687.540734851,-7920744.464219621,-7920801.373061877,-7920858.2613608865,-7920915.123031446,-7920971.951799142,-7921028.741195524,-7921085.484553197,-7921142.175000843,-7921198.805458151,-7921255.368630712,-7921311.857004809,-7921368.262842171,-7921424.578174669,-7921480.794798955,-7921536.904271068,-7921592.897901004,-7921648.766747272,-7921704.501611414,-7921760.093032556,-7921815.531281942,-7921870.806357514,-7921925.9079785235,-7921980.825580209,-7922035.548308546,-7922090.065015104,-7922144.364252031,-7922198.434267175,-7922252.2629994,-7922305.838074097,-7922359.146798959,-7922412.176160013,-7922464.912817996,-7922517.3431050815,-7922569.45302204,-7922621.228235846,-7922672.654077826,-7922723.715542389,-7922774.397286414,-7922824.683629373,-7922874.558554245,-7922924.005709352,-7922973.008411156,-7923021.54964817,-7923069.61208605,-7923117.178074009,-7923164.229652669,-7923210.7485634945,-7923256.716259943,-7923302.113920495,-7923346.922463717,-7923391.122565574,-7923434.694679115,-7923477.6190568,-7923519.875775642,-7923561.444765393,-7923602.305840034,-7923642.438732799,-7923681.823134995,-7923720.438738909,-7923758.265285064,-7923795.282614139,-7923831.470723826,-7923866.809830955,-7923901.280439172,-7923934.863412486,-7923967.5400549825,-7923999.292196973,-7924030.102287868,-7924059.953495993,-7924088.829815557,-7924116.716180915,-7924143.598588217,-7924169.464224447,-7924194.301603752,-7924218.100710853,-7924240.8531511575,-7924262.552307058,-7924283.193499637,-7924302.774154792,-7924321.293972507,-7924338.755097631,-7924355.162290169,-7924370.523092667,-7924384.847991766,-7924398.15057048,-7924410.447647161,-7924421.759396508,-7924432.109447306,-7924441.524950928,-7924450.0366140045,-7924457.678688058,-7924464.488908442,-7924470.508374655,-7924475.781364031,-7924480.355071197,-7924484.279266547,-7924487.605868475,-7924490.388426453,-7924492.681515354,-7924494.540045815,-7924496.01850111,-7924497.1701178085,-7924498.0460353615,-7924498.694448244,-7924499.159802589,-7924499.482086275,-7924499.696265531,-7924499.831920273,-7924499.913122464,-7924499.958584959,-7924499.982081957,-7924499.9931080425,-7924499.997705943,-7924499.999362507,-7924499.999859168,-7924499.999976903,-7924499.999997453,-7924499.999999837,-7924499.999999995,-7924500.0,-7924500.0,-7924500.0,-7924500.0,-7924500.0,-7924500.0,0.0
44.75,-7872208.371031305,-7872261.8332782965,-7872315.462882791,-7872369.259850448,-7872423.224162539,-7872477.355775071,-7872531.654617891,-7872586.120593755,-7872640.753577378,-7872695.553414447,-7872750.519920608,-7872805.652880404,-7872860.952046208,-7872916.417137103,-7872972.047837729,-7873027.84379709,-7873083.80462735,-7873139.929902542,-7873196.219157288,-7873252.671885445,-7873309.287538719,-7873366.06552524,-7873423.005208084,-7873480.105903753,-7873537.366880608,-7873594.78735725,-7873652.3665008545,-7873710.103425449,-7873767.997190133,-7873826.046797263,-7873884.2511905525,-7873942.60925313,-7874001.119805534,-7874059.781603644,-7874118.593336543,-7874177.553624323,-7874236.661015809,-7874295.91398623,-7874355.310934804,-7874414.850182247,-7874474.529968221,-7874534.348448677,-7874594.303693149,-7874654.39368194,-7874714.616303223,-7874774.969350072,-7874835.4505173825,-7874896.057398703,-7874956.787482986,-7875017.638151215,-7875078.606672946,-7875139.690202745,-7875200.885776515,-7875262.190307712,-7875323.600583451,-7875385.113260502,-7875446.724861152,-7875508.431768967,-7875570.230224419,-7875632.1163203865,-7875694.085997524,-7875756.135039512,-7875818.25906816,-7875880.453538373,-7875942.713732984,-7876005.034757442,-7876067.411534355,-7876129.838797886,-7876192.311087997,-7876254.822744546,-7876317.367901234,-7876379.940479387,-7876442.534181591,-7876505.142485173,-7876567.758635518,-7876630.3756392235,-7876692.986257116,-7876755.582997097,-7876818.158106828,-7876880.703566279,-7876943.21108012,-7877005.672069957,-7877068.077666432,-7877130.418701187,-7877192.6856986955,-7877254.8688679645,-7877316.958094123,-7877378.94292991,-7877440.812587062,-7877502.555927627,-7877564.161455205,-7877625.617306149,-7877686.911240733,-7877748.030634316,-7877808.962468527,-7877869.6933225,-7877930.2093641795,-7877990.496341756,-7878050.539575234,-7878110.323948227,-7878169.833899969,-7878229.053417653,-7878287.966029104,-7878346.554795906,-7878404.802307,-7878462.690672883,-7878520.201520463,-7878577.315988679,-7878634.014725,-7878690.277882892,-7878746.085120431,-7878801.415600145,-7878856.247990275,-7878910.560467616,-7878964.330722107,-7879017.535963386,-7879070.152929511,-7879122.157898084,-7879173.526700045,-7879224.234736383,-7879274.256998094,-7879323.568089666,-7879372.142256476,-7879419.953416434,-7879466.9751962805,-7879513.180972966,-7879558.543920546,-7879603.037063066,-7879646.633333955,-7879689.305642429,-7879731.026947463,-7879771.770339906,-7879811.50913331,-7879850.216964088,-7879887.86790158,-7879924.436568636,-7879959.898273311,-7879994.229152167,-7880027.4063257715,-7880059.408066729,-7880090.213980672,-7880119.805200351,-7880148.164592926,-7880175.27698026,-7880201.129371828,-7880225.711209463,-7880249.014622835,-7880271.034694055,-7880291.769729208,-7880311.22153402,-7880329.39569003,-7880346.30182678,-7880361.953884494,-7880376.370360613,-7880389.574532274,-7880401.594645459,-7880412.464060176,-7880422.221339563,-7880430.9102694765,-7880438.579793983,-7880445.283851314,-7880451.081094622,-7880456.034482393,-7880460.21072511,-7880463.679577919,-7880466.512974291,-7880468.784003133,-7880470.5657420885,-7880471.929972899,-7880472.94582051,-7880473.678375479,-7880474.187377399,-7880474.526053035,-7880474.740212464,-7880474.867704884,-7880474.938317049,-7880474.974157353,-7880474.990506688,-7880474.997040408,-7880474.999251026,-7880474.999855419,-7880474.999980538,-7880474.999998403,-7880474.999999936,-7880474.999999999,-7880475.0,-7880475.0,-7880475.0,-7880475.0,-7880475.0,0.0
44.5,-7827141.433761405,-7827196.815410569,-7827252.397090229,-7827308.1792744305,-7827364.162419809,-7827420.346964825,-7827476.73332895,-7827533.321911838,-7827590.113092469,-7827647.107228255,-7827704.304654119,-7827761.70568154,-7827819.31059757,-7827877.119663799,-7827935.133115316,-7827993.351159597,-7828051.773975382,-7828110.401711499,-7828169.234485652,-7828228.272383163,-7828287.515455669,-7828346.963719785,-7828406.617155708,-7828466.475705773,-7828526.539272965,-7828586.807719379,-7828647.280864619,-7828707.958484145,-7828768.84030757,-7828829.926016884,-7828891.215244621,-7828952.707571978,-7829014.402526837,-7829076.2995817475,-7829138.398151823,-7829200.697592569,-7829263.197197637,-7829325.896196495,-7829388.793752024,-7829451.888958026,-7829515.180836644,-7829578.668335704,-7829642.350325947,-7829706.225598178,-7829770.292860318,-7829834.5507343365,-7829898.997753102,-7829963.6323571075,-7830028.452891082,-7830093.4576004995,-7830158.644627948,-7830224.012009395,-7830289.557670305,-7830355.279421631,-7830421.174955686,-7830487.24184183,-7830553.477522068,-7830619.879306439,-7830686.444368294,-7830753.16973939,-7830820.052304823,-7830887.088797793,-7830954.27579419,-7831021.609707003,-7831089.086780531,-7831156.703084416,-7831224.454507468,-7831292.3367512915,-7831360.345323699,-7831428.4755319115,-7831496.722475541,-7831565.081039343,-7831633.54588573,-7831702.111447066,-7831770.771917704,-7831839.521245764,-7831908.353124689,-7831977.260984503,-7832046.2379828375,-7832115.276995664,-7832184.370607773,-7832253.51110295,-7832322.690453901,-7832391.9003118705,-7832461.131995978,-7832530.3764822725,-7832599.624392491,-7832668.865982529,-7832738.091130625,-7832807.289325251,-7832876.449652734,-7832945.560784588,-7833014.610964576,-7833083.587995527,-7833152.479225877,-7833221.271535991,-7833289.951324261,-7833358.504493002,-7833426.916434165,-7833495.172014907,-7833563.2555630375,-7833631.150852376,-7833698.84108807,-7833766.308891918,-7833833.536287749,-7833900.504686914,-7833967.194873974,-7834033.586992642,-7834099.660532083,-7834165.394313667,-7834230.766478271,-7834295.754474277,-7834360.335046373,-7834424.484225357,-7834488.177319054,-7834551.388904583,-7834614.092822177,-7834676.262170767,-7834737.869305613,-7834798.885838248,-7834859.282639072,-7834919.029842924,-7834978.096858017,-7835036.452378658,-7835094.064402223,-7835150.900250858,-7835206.926598491,-7835262.109503729,-7835316.414449287,-7835369.806388674,-7835422.249800873,-7835473.708753847,-7835524.146977746,-7835573.527948756,-7835621.814984582,-7835668.971352644,-7835714.960392055,-7835759.74565059,-7835803.291037794,-7835845.560995482,-7835886.520686827,-7835926.136205271,-7835964.374804402,-7836001.205149861,-7836036.59759424,-7836070.524475669,-7836102.960440595,-7836133.882790822,-7836163.271854436,-7836191.111379639,-7836217.388949707,-7836242.096416398,-7836265.230347905,-7836286.7924860995,-7836306.790206103,-7836325.236969274,-7836342.152758437,-7836357.564481572,-7836371.506327351,-7836384.0200528065,-7836395.155180224,-7836404.969077156,-7836413.526890679,-7836420.9013048485,-7836427.1720894,-7836432.425408826,-7836436.752864745,-7836440.250252241,-7836443.016023555,-7836445.149471431,-7836446.74867027,-7836447.908246218,-7836448.717086074,-7836449.256135944,-7836449.596477315,-7836449.797890118,-7836449.908105661,-7836449.962901859,-7836449.987088846,-7836449.99627888,-7836449.999160409,-7836449.99986325,-7836449.999985761,-7836449.999999217,-7836449.999999983,-7836450.0,-7836450.0,-7836450.0,-7836450.0,-7836450.0,0.0
44.25,-7781976.79209189,-7782033.741956978,-7782090.923665798,-7782148.33819055,-7782205.986494345,-7782263.869530581,-7782321.988242285,-7782380.3435614165,-7782438.936408164,-7782497.7676901985,-7782556.838301904,-7782616.149123576,-7782675.7010205835,-7782735.494842512,-7782795.53142225,-7782855.811575066,-7782916.336097623,-7782977.105766974,-7783038.121339513,-7783099.383549871,-7783160.893109794,-7783222.650706955,-7783284.657003735,-7783346.912635937,-7783409.418211479,-7783472.174309001,-7783535.181476453,-7783598.440229599,-7783661.951050479,-7783725.714385804,-7783789.730645295,-7783854.000199953,-7783918.523380259,-7783983.30047431,-7784048.33172588,-7784113.6173324045,-7784179.15744289,-7784244.952155742,-7784311.001516495,-7784377.305515485,-7784443.864085399,-7784510.677098749,-7784577.744365242,-7784645.06562905,-7784712.640565968,-7784780.468780472,-7784848.549802657,-7784916.883085052,-7784985.467999319,-7785054.303832825,-7785123.389785076,-7785192.724964005,-7785262.308382144,-7785332.138952615,-7785402.215484984,-7785472.536680955,-7785543.101129889,-7785613.907304149,-7785684.953554292,-7785756.238104027,-7785827.75904502,-7785899.514331481,-7785971.501774546,-7786043.719036439,-7786116.163624417,-7786188.832884476,-7786261.72399481,-7786334.833959047,-7786408.159599181,-7786481.697548282,-7786555.444242891,-7786629.395915149,-7786703.548584616,-7786777.898049783,-7786852.43987927,-7786927.169402683,-7787002.081701136,-7787077.171597417,-7787152.433645787,-7787227.862121401,-7787303.451009352,-7787379.193993288,-7787455.084443647,-7787531.115405433,-7787607.279585585,-7787683.569339874,-7787759.976659348,-7787836.493156297,-7787913.110049737,-7787989.8181503955,-7788066.607845189,-7788143.469081184,-7788220.391349032,-7788297.363665868,-7788374.374557665,-7788451.412041053,-7788528.463604571,-7788605.516189377,-7788682.556169394,-7788759.569330927,-7788836.540851699,-7788913.455279389,-7788990.296509625,-7789067.047763473,-7789143.691564447,-7789220.2097150665,-7789296.583272982,-7789372.792526741,-7789448.816971198,-7789524.635282687,-7789600.225293975,-7789675.563969106,-7789750.62737823,-7789825.390672512,-7789899.828059277,-7789973.9127775,-7790047.617073854,-7790120.912179463,-7790193.768287603,-7790266.154532606,-7790338.038970225,-7790409.38855978,-7790480.169148472,-7790550.345458213,-7790619.881075483,-7790688.738444661,-7790756.878865457,-7790824.262495016,-7790890.848355443,-7790956.5943475235,-7791021.457271482,-7791085.392855795,-7791148.3557950705,-7791210.299798208,-7791271.177648119,-7791330.941274418,-7791389.541840648,-7791446.929847721,-7791503.055255391,-7791557.867623749,-7791611.316276839,-7791663.350490654,-7791713.91970788,-7791762.973781881,-7791810.463252485,-7791856.33965618,-7791900.5558733065,-7791943.066514771,-7791983.828350581,-7792022.800782235,-7792059.946360523,-7792095.231349604,-7792128.626337338,-7792160.106890604,-7792189.654252747,-7792217.256078225,-7792242.907196959,-7792266.610397708,-7792288.3772158325,-7792308.228706239,-7792326.196176722,-7792342.32185075,-7792356.659421662,-7792369.274452835,-7792380.24457076,-7792389.659390983,-7792397.620111454,-7792404.238705488,-7792409.636649231,-7792413.943129035,-7792417.2926952895,-7792419.822364888,-7792421.668227174,-7792422.961679787,-7792423.825508963,-7792424.3701252425,-7792424.690352152,-7792424.863212294,-7792424.947121545,-7792424.982746295,-7792424.995482167,-7792424.999117357,-7792424.999884642,-7792424.999991502,-7792424.999999735,-7792424.999999998,-7792425.0,-7792425.0,-7792425.0,-7792425.0,0.0
44.0,-7736710.552385006,-7736768.659214795,-7736827.027952802,-7736885.660084775,-7736944.557096803,-7737003.720474874,-7737063.151704394,-7737122.852269707,-7737182.8236535685,-7737243.06733661,-7737303.584796769,-7737364.3775087,-7737425.446943144,-7737486.794566288,-7737548.421839071,-7737610.330216483,-7737672.521146808,-7737734.996070846,-7737797.756421104,-7737860.80362093,-7737924.139083626,-7737987.764211518,-7738051.680394968,-7738115.889011366,-7738180.39142406,-7738245.188981235,-7738310.283014762,-7738375.674838973,-7738441.365749391,-7738507.357021408,-7738573.649908897,-7738640.245642763,-7738707.145429436,-7738774.350449295,-7738841.861855008,-7738909.680769831,-7738977.808285801,-7739046.245461857,-7739114.993321902,-7739184.0528527405,-7739253.42500196,-7739323.110675696,-7739393.110736326,-7739463.426000025,-7739534.05723425,-7739605.005155098,-7739676.270424548,-7739747.85364759,-7739819.755369214,-7739891.976071301,-7739964.516169328,-7740037.37600898,-7740110.555862583,-7740184.055925386,-7740257.876311701,-7740332.017050846,-7740406.47808293,-7740481.259254455,-7740556.360313717,-7740631.780906012,-7740707.520568634,-7740783.57872566,-7740859.954682491,-7740936.647620179,-7741013.656589492,-7741090.98050472,-7741168.618137223,-7741246.568108686,-7741324.828884093,-7741403.398764379,-7741482.275878785,-7741561.458176855,-7741640.943420116,-7741720.729173362,-7741800.812795592,-7741881.191430533,-7741961.861996769,-7742042.821177427,-7742124.065409431,-7742205.590872282,-7742287.393476364,-7742369.468850737,-7742451.812330419,-7742534.418943098,-7742617.283395307,-7742700.400057995,-7742783.762951469,-7742867.365729723,-7742951.201664098,-7743035.2636262365,-7743119.544070346,-7743204.035014713,-7743288.728022446,-7743373.614181432,-7743458.68408347,-7743543.92780255,-7743629.334872263,-7743714.89426231,-7743800.594354067,-7743886.422915213,-7743972.367073357,-7744058.413288676,-7744144.547325516,-7744230.754222941,-7744317.018264222,-7744403.322945246,-7744489.650941815,-7744575.984075862,-7744662.303280557,-7744748.588564305,-7744834.818973672,-7744920.972555228,-7745007.026316357,-7745092.956185063,-7745178.736968838,-7745264.3423126405,-7745349.744656098,-7745434.91519001,-7745519.823812302,-7745604.439083575,-7745688.728182444,-7745772.6568608675,-7745856.189399747,-7745939.288565093,-7746021.915565079,-7746104.030008454,-7746185.589864718,-7746266.551426659,-7746346.869275844,-7746426.496251797,-7746505.383425693,-7746583.480079485,-7746660.733691543,-7746737.089930028,-7746812.492655352,-7746886.883933287,-7746960.2040604735,-7747032.391604298,-7747103.38345933,-7747173.114922811,-7747241.519791916,-7747308.530485871,-7747374.07819628,-7747438.093069389,-7747500.504424373,-7747561.241012037,-7747620.231318777,-7747677.403920873,-7747732.687894555,-7747786.013287524,-7747837.3116577035,-7747886.516685044,-7747933.564862,-7747978.396267828,-7748020.955431046,-7748061.192283108,-7748099.063204456,-7748134.532161422,-7748167.5719288625,-7748198.165388519,-7748226.306886868,-7748252.003628203,-7748275.2770687565,-7748296.164265514,-7748314.719118977,-7748331.013432544,-7748345.137692895,-7748357.201456803,-7748367.333211967,-7748375.679565875,-7748382.403611885,-7748387.682332202,-7748391.702931801,-7748394.658065875,-7748396.740036227,-7748398.134196298,-7748399.012017126,-7748399.524504593,-7748399.796866896,-7748399.925413908,-7748399.977498555,-7748399.9947735,-7748399.999152043,-7748399.999917522,-7748399.999996271,-7748399.999999951,-7748400.0,-7748400.0,-7748400.0,-7748400.0,0.0
43.75,-7691339.476114449,-7691398.270432564,-7691457.354039104,-7691516.728932148,-7691576.397120316,-7691636.36062255,-7691696.621467878,-7691757.181695146,-7691818.043352752,-7691879.208498346,-7691940.679198521,-7692002.457528466,-7692064.545571617,-7692126.945419267,-7692189.659170166,-7692252.688930085,-7692316.036811357,-7692379.7049323935,-7692443.695417164,-7692508.010394644,-7692572.651998252,-7692637.622365219,-7692702.923635947,-7692768.557953326,-7692834.527462004,-7692900.834307629,-7692967.480636034,-7693034.468592392,-7693101.800320313,-7693169.4779608995,-7693237.503651747,-7693305.879525892,-7693374.607710708,-7693443.6903267335,-7693513.129486447,-7693582.927292978,-7693653.0858387435,-7693723.607204014,-7693794.493455424,-7693865.74664437,-7693937.368805371,-7694009.3619543,-7694081.728086561,-7694154.4691751525,-7694227.587168645,-7694301.08398905,-7694374.961529574,-7694449.221652286,-7694523.8661856325,-7694598.896921862,-7694674.315614289,-7694750.123974454,-7694826.323669113,-7694902.9163171,-7694979.903486013,-7695057.286688756,-7695135.0673799,-7695213.246951856,-7695291.826730872,-7695370.80797283,-7695450.191858832,-7695529.97949056,-7695610.171885427,-7695690.769971475,-7695771.774582024,-7695853.186450052,-7695935.006202318,-7696017.234353168,-7696099.871298056,-7696182.917306742,-7696266.372516144,-7696350.236922861,-7696434.510375298,-7696519.192565434,-7696604.283020152,-7696689.781092182,-7696775.685950553,-7696861.996570611,-7696948.71172353,-7697035.829965302,-7697123.349625194,-7697211.268793635,-7697299.585309504,-7697388.296746777,-7697477.40040056,-7697566.893272379,-7697656.772054788,-7697747.033115199,-7697837.6724789245,-7697928.685811386,-7698020.068399453,-7698111.815131851,-7698203.920478637,-7698296.37846965,-7698389.182671917,-7698482.326165959,-7698575.801520949,-7698669.600768657,-7698763.715376146,-7698858.136217143,-7698952.85354205,-7699047.856946507,-7699143.13533847,-7699238.676903737,-7699334.46906984,-7699430.498468272,-7699526.750894942,-7699623.211268838,-7699719.863588797,-7699816.690888344,-7699913.675188515,-7700010.797448632,-7700108.03751494,-7700205.374067093,-7700302.784562408,-7700400.245177873,-7700497.730749872,-7700595.214711599,-7700692.669028183,-7700790.064129509,-7700887.368840786,-7700984.5503109135,-7701081.573938731,-7701178.403297274,-7701275.000056184,-7701371.32390249,-7701467.332460016,-7701562.98120773,-7701658.223397441,-7701753.009971303,-7701847.289479741,-7701941.008000452,-7702034.109059338,-7702126.533554325,-7702218.219683232,-7702309.102877039,-7702399.115740139,-7702488.187999386,-7702576.246464139,-7702663.214999702,-7702749.014517095,-7702833.562982408,-7702916.775449519,-7702998.564120531,-7703078.838438836,-7703157.505220427,-7703234.468829795,-7703309.631407558,-7703382.893157846,-7703454.152704354,-7703523.307524929,-7703590.254475556,-7703654.89041546,-7703717.112945944,-7703776.821276251,-7703833.917230097,-7703888.306406576,-7703939.899508467,-7703988.613849485,-7704034.375049356,-7704077.118921248,-7704116.793549689,-7704153.361547843,-7704186.802470289,-7704217.115340316,-7704244.321228336,-7704268.465789512,-7704289.6216334365,-7704307.890356772,-7704323.4040221255,-7704336.325816175,-7704346.849573077,-7704355.197815986,-7704361.617966599,-7704366.376424076,-7704369.750352067,-7704372.017270809,-7704373.442958429,-7704374.268717907,-7704374.699689256,-7704374.896383916,-7704374.971643219,-7704374.994352976,-7704374.999285229,-7704374.999954088,-7704374.999999002,-7704374.999999996,-7704375.0,-7704375.0,-7704375.0,0.0
43.5,-7645861.108010094,-7645920.06571793,-7645979.336456617,-7646038.922716975,-7646098.827010947,-7646159.051871637,-7646219.599853321,-7646280.473531472,-7646341.675502755,-7646403.208385005,-7646465.074817215,-7646527.277459489,-7646589.81899299,-7646652.702119865,-7646715.929563169,-7646779.504066756,-7646843.428395148,-7646907.705333417,-7646972.337687004,-7647037.3282815395,-7647102.679962645,-7647168.395595698,-7647234.478065576,-7647300.930276376,-7647367.755151109,-7647434.955631346,-7647502.534676867,-7647570.495265234,-7647638.840391368,-7647707.5730670635,-7647776.696320478,-7647846.213195568,-7647916.126751497,-7647986.440061982,-7648057.156214606,-7648128.278310068,-7648199.809461391,-7648271.752793057,-7648344.111440107,-7648416.888547154,-7648490.087267346,-7648563.7107612435,-7648637.762195654,-7648712.2447423525,-7648787.161576739,-7648862.515876422,-7648938.310819683,-7649014.549583871,-7649091.235343685,-7649168.371269351,-7649245.960524689,-7649324.006265068,-7649402.511635229,-7649481.479766978,-7649560.913776747,-7649640.816763009,-7649721.191803536,-7649802.0419525,-7649883.370237397,-7649965.179655808,-7650047.473171951,-7650130.253713047,-7650213.524165475,-7650297.287370697,-7650381.546120962,-7650466.303154757,-7650551.561151987,-7650637.322728908,-7650723.590432749,-7650810.366736028,-7650897.654030563,-7650985.454621126,-7651073.770718748,-7651162.604433643,-7651251.957767731,-7651341.832606741,-7651432.230711868,-7651523.153710959,-7651614.603089202,-7651706.580179302,-7651799.086151075,-7651892.122000495,-7651985.688538093,-7652079.786376718,-7652174.415918605,-7652269.577341718,-7652365.270585319,-7652461.495334733,-7652558.251005242,-7652655.536725083,-7652753.3513174895,-7652851.693281701,-7652950.560772935,-7653049.951581193,-7653149.863108907,-7653250.292347299,-7653351.2358514145,-7653452.689713763,-7653554.649536442,-7653657.110401728,-7653760.066840978,-7653863.5128018,-7653967.441613365,-7654071.845949783,-7654176.717791409,-7654282.048383992,-7654387.82819553,-7654494.046870727,-7654600.693182908,-7654707.7549832575,-7654815.219147273,-7654923.071518244,-7655031.296847645,-7655139.878732274,-7655248.799547989,-7655358.040379866,-7655467.580948636,-7655577.399533231,-7655687.472889268,-7655797.776163326,-7655908.282802837,-7656018.964461461,-7656129.790899796,-7656240.729881281,-7656351.747063203,-7656462.805882702,-7656573.8674377315,-7656684.89036293,-7656795.830700437,-7656906.641765752,-7657017.274008733,-7657127.674870025,-7657237.788633199,-7657347.55627308,-7657456.91530085,-7657565.799606699,-7657674.139300991,-7657781.860555166,-7657888.885443876,-7657995.131790208,-7658100.513016231,-7658204.938001584,-7658308.31095335,-7658410.531291142,-7658511.493552025,-7658611.087320805,-7658709.197192175,-7658805.702772408,-7658900.478729546,-7658993.39490263,-7659084.316482093,-7659173.10427549,-7659259.615074767,-7659343.702143665,-7659425.215846364,-7659504.004441146,-7659579.915065609,-7659652.794942631,-7659722.492838677,-7659788.860807985,-7659851.756256998,-7659911.04436287,-7659966.6008768305,-7660018.315336834,-7660066.094702617,-7660109.867408307,-7660149.587800562,-7660185.240891301,-7660216.847299958,-7660244.468187687,-7660268.209892413,-7660288.227858007,-7660304.729316484,-7660317.97403951,-7660328.272348266,-7660335.979502195,-7660341.485648232,-7660345.200805503,-7660347.535011537,-7660348.874872941,-7660349.559335586,-7660349.85920557,-7660349.965977528,-7660349.994478136,-7660349.9995059725,-7660349.999982916,-7660349.999999887,-7660350.0,-7660350.0,-7660350.0,0.0
43.25,-7600273.903133621,-7600332.450987718,-7600391.331038789,-7600450.546231371,-7600510.099541625,-7600569.9939776445,-7600630.23257975,-7600690.818420806,-7600751.754606495,-7600813.044275634,-7600874.690600445,-7600936.696786847,-7600999.066074737,-7601061.801738252,-7601124.907086046,-7601188.38546154,-7601252.240243177,-7601316.4748446625,-7601381.092715194,-7601446.097339695,-7601511.492239008,-7601577.280970104,-7601643.4671262745,-7601710.054337291,-7601777.046269569,-7601844.446626309,-7601912.259147624,-7601980.487610627,-7602049.13582954,-7602118.207655743,-7602187.706977813,-7602257.637721544,-7602328.0038499385,-7602398.80936316,-7602470.058298475,-7602541.75473014,-7602613.902769269,-7602686.506563669,-7602759.570297612,-7602833.098191601,-7602907.094502054,-7602981.563520969,-7603056.509575525,-7603131.937027633,-7603207.850273432,-7603284.253742712,-7603361.151898293,-7603438.549235318,-7603516.450280482,-7603594.859591176,-7603673.7817545505,-7603753.2213865025,-7603833.183130549,-7603913.671656616,-7603994.691659719,-7604076.247858524,-7604158.344993804,-7604240.98782675,-7604324.181137166,-7604407.92972151,-7604492.238390785,-7604577.111968273,-7604662.555287091,-7604748.573187576,-7604835.170514462,-7604922.352113869,-7605010.122830061,-7605098.487501977,-7605187.450959517,-7605277.018019566,-7605367.193481745,-7605457.982123857,-7605549.388697036,-7605641.417920541,-7605734.07447622,-7605827.363002587,-7605921.288088493,-7606015.854266389,-7606111.066005124,-7606206.927702269,-7606303.443675934,-7606400.618156038,-7606498.455275005,-7606596.959057841,-7606696.133411575,-7606795.982113981,-7606896.508801588,-7606997.716956887,-7607099.609894713,-7607202.190747725,-7607305.4624509495,-7607409.427725319,-7607514.089060126,-7607619.448694341,-7607725.508596716,-7607832.270444591,-7607939.73560131,-7608047.905092191,-7608156.779578907,-7608266.359332206,-7608376.644202863,-7608487.633590721,-7608599.326411732,-7608711.721062834,-7608824.815384547,-7608938.60662112,-7609053.09137808,-7609168.265577004,-7609284.124407355,-7609400.662275139,-7609517.872748248,-7609635.7484981995,-7609754.2812381,-7609873.461656538,-7609993.279347197,-7610113.722733856,-7610234.778990539,-7610356.433956466,-7610478.672045516,-7610601.4761498235,-7610724.8275371995,-7610848.705741951,-7610973.088448756,-7611097.951369169,-7611223.26811034,-7611349.010035532,-7611475.146115985,-7611601.642773708,-7611728.463714737,-7611855.569752441,-7611982.918620443,-7612110.464774774,-7612238.159184882,-7612365.9491131995,-7612493.777883012,-7612621.584634485,-7612749.304068809,-7612876.866180587,-7613004.195978744,-7613131.213196544,-7613257.831991537,-7613383.960636643,-7613509.5012040725,-7613634.3492442835,-7613758.393462902,-7613881.515399342,-7614003.589111853,-7614124.4808749575,-7614244.04889668,-7614362.143064708,-7614478.604732734,-7614593.266560663,-7614705.952425364,-7614816.477422048,-7614924.647980439,-7615030.26212461,-7615133.109910789,-7615232.9740836285,-7615329.630998388,-7615422.85186417,-7615512.404371528,-7615598.054776299,-7615679.57051969,-7615756.723471755,-7615829.293890011,-7615897.075185142,-7615959.879578467,-7616017.5447170725,-7616069.9412763165,-7616116.981518056,-7616158.628676408,-7616194.906898877,-7616225.911265964,-7616251.817134823,-7616272.887697463,-7616289.478225005,-7616302.035037722,-7616311.086915091,-7616317.226666334,-7616321.081285738,-7616323.271003961,-7616324.361041352,-7616324.814814994,-7616324.962035526,-7616324.995362978,-7616324.999752106,-7616324.999996866,-7616324.999999998,-7616325.0,-7616325.0,0.0
43.0,-7554577.34927369,-7554634.872293567,-7554692.741213039,-7554750.959371667,-7554809.530150543,-7554868.456972878,-7554927.743304593,-7554987.392654909,-7555047.408576957,-7555107.794668375,-7555168.554571923,-7555229.691976107,-7555291.210615785,-7555353.114272811,-7555415.406776648,-7555478.092005014,-7555541.173884519,-7555604.656391298,-7555668.543551666,-7555732.839442759,-7555797.548193184,-7555862.6739836745,-7555928.2210477395,-7555994.193672317,-7556060.596198426,-7556127.4330218285,-7556194.70859367,-7556262.427421141,-7556330.594068117,-7556399.213155808,-7556468.289363397,-7556537.827428676,-7556607.832148675,-7556678.3083802825,-7556749.2610408645,-7556820.695108857,-7556892.615624366,-7556965.027689756,-7557037.936470189,-7557111.3471942,-7557185.26515422,-7557259.695707081,-7557334.644274512,-7557410.116343614,-7557486.1174672805,-7557562.653264626,-7557639.729421353,-7557717.351690108,-7557795.525890777,-7557874.257910761,-7557953.553705191,-7558033.419297105,-7558113.8607775625,-7558194.884305715,-7558276.496108798,-7558358.702482082,-7558441.5097887125,-7558524.924459517,-7558608.952992693,-7558693.601953418,-7558778.877973373,-7558864.787750141,-7558951.338046502,-7559038.535689614,-7559126.387570044,-7559214.900640677,-7559304.081915465,-7559393.938468015,-7559484.477429995,-7559575.705989368,-7559667.631388406,-7559760.260921508,-7559853.601932764,-7559947.661813289,-7560042.447998271,-7560137.96796375,-7560234.22922308,-7560331.239323056,-7560429.005839695,-7560527.536373629,-7560626.838545101,-7560726.919988506,-7560827.788346479,-7560929.451263471,-7561031.916378782,-7561135.191319022,-7561239.283689935,-7561344.201067574,-7561449.950988747,-7561556.540940691,-7561663.978349928,-7561772.270570232,-7561881.424869643,-7561991.448416456,-7562102.34826412,-7562214.13133495,-7562326.804402577,-7562440.374073037,-7562554.846764398,-7562670.228684813,-7562786.525808893,-7562903.743852252,-7563021.888244114,-7563140.964097804,-7563260.976179005,-7563381.928871564,-7563503.826140701,-7563626.671493398,-7563750.467935771,-7563875.217927175,-7564000.9233308155,-7564127.585360584,-7564255.2045238195,-7564383.780559709,-7564513.312372975,-7564643.797962474,-7564775.234344346,-7564907.617469279,-7565040.942133412,-7565175.201882437,-7565310.388908334,-7565446.493938193,-7565583.506114508,-7565721.412866306,-7565860.199770399,-7565999.850402023,-7566140.346174057,-7566281.666163981,-7566423.786927662,-7566566.682298997,-7566710.323174423,-7566854.677281175,-7566999.70892821,-7567145.378738595,-7567291.643362135,-7567438.45516698,-7567585.761908959,-7567733.506377308,-7567881.626015532,-7568030.0525161885,-7568178.711388405,-7568327.521497135,-7568476.394573312,-7568625.234694347,-7568773.937734775,-7568922.390787382,-7569070.471555768,-7569218.047720185,-7569364.976279568,-7569511.10287414,-7569656.2610946875,-7569800.271786945,-7569942.942362327,-7570084.066129816,-7570223.421668225,-7570360.772263554,-7570495.865442868,-7570628.432644442,-7570758.189073946,-7570884.833808668,-7571008.050226394,-7571127.506852912,-7571242.858742453,-7571353.749528754,-7571459.814310557,-7571560.68356373,-7571655.988300744,-7571745.366724628,-7571828.472642927,-7571904.985909892,-7571974.625138579,-7572037.16284935,-7572092.443068444,-7572140.401120256,-7572181.084917779,-7572214.676387358,-7572241.510711692,-7572262.089824398,-7572277.085140135,-7572287.323205431,-7572293.747614015,-7572297.352629815,-7572299.0906036915,-7572299.768074603,-7572299.962107276,-7572299.996956609,-7572299.9999291655,-7572299.99999986,-7572300.0,-7572300.0,0.0
42.75,-7508772.080695527,-7508827.931492634,-7508884.13563096,-7508940.696767411,-7508997.618609231,-7509054.904914834,-7509112.559494685,-7509170.58621218,-7509228.988984528,-7509287.771783678,-7509346.93863723,-7509406.493629384,-7509466.440901896,-7509526.784655042,-7509587.529148612,-7509648.678702912,-7509710.237699778,-7509772.210583618,-7509834.6018624585,-7509897.416109012,-7509960.657961767,-7510024.332126079,-7510088.443375298,-7510152.996551895,-7510217.996568614,-7510283.448409644,-7510349.357131796,-7510415.727865706,-7510482.565817056,-7510549.876267802,-7510617.664577429,-7510685.936184211,-7510754.696606496,-7510823.951444009,-7510893.706379155,-7510963.967178353,-7511034.739693381,-7511106.02986273,-7511177.843712971,-7511250.187360149,-7511323.067011173,-7511396.488965221,-7511470.459615171,-7511544.985449017,-7511620.073051317,-7511695.729104634,-7511771.960390992,-7511848.773793332,-7511926.176296977,-7512004.174991094,-7512082.777070156,-7512161.989835416,-7512241.820696348,-7512322.27717212,-7512403.366893026,-7512485.0976019185,-7512567.477155636,-7512650.513526394,-7512734.214803167,-7512818.589193042,-7512903.645022549,-7512989.390738932,-7513075.834911417,-7513162.986232404,-7513250.8535186285,-7513339.44571225,-7513428.771881891,-7513518.841223588,-7513609.663061678,-7513701.2468495825,-7513793.602170501,-7513886.738737989,-7513980.666396426,-7514075.395121332,-7514170.935019557,-7514267.296329299,-7514364.489419945,-7514462.524791721,-7514561.4130751435,-7514661.165030204,-7514761.7915453445,-7514863.303636124,-7514965.7124436,-7515069.029232377,-7515173.265388291,-7515278.432415716,-7515384.541934437,-7515491.605676057,-7515599.63547991,-7515708.643288423,-7515818.641141875,-7515929.641172517,-7516041.655597984,-7516154.696713939,-7516268.776885895,-7516383.908540111,-7516500.104153525,-7516617.376242613,-7516735.7373510795,-7516855.200036291,-7516975.776854335,-7517097.480343597,-7517220.323006699,-7517344.317290689,-7517469.475565311,-7517595.810099188,-7517723.333033747,-7517852.056354667,-7517981.991860654,-7518113.151129302,-7518245.5454797605,-7518379.185931971,-7518514.083162122,-7518650.24745401,-7518787.6886459375,-7518926.416072757,-7519066.438502601,-7519207.764067851,-7519350.4001898,-7519494.353496462,-7519639.629732887,-7519786.233663309,-7519934.168964394,-7520083.438108757,-7520234.04223787,-7520385.9810233945,-7520539.252515862,-7520693.852979552,-7520849.776712317,-7521007.0158489235,-7521165.560146456,-7521325.396750096,-7521486.509937506,-7521648.880839844,-7521812.487137324,-7521977.302726967,-7522143.2973601,-7522310.436246883,-7522478.679624955,-7522647.982289114,-7522818.293078661,-7522989.554318905,-7523161.7012130665,-7523334.661180675,-7523508.353138388,-7523682.68671912,-7523857.56142528,-7524032.865712114,-7524208.4759973055,-7524384.255593514,-7524560.053561231,-7524735.703480421,-7524911.022141035,-7525085.808154642,-7525259.840492524,-7525432.876959646,-7525604.652619446,-7525774.878191667,-7525943.238455063,-7526109.390699258,-7526272.963286348,-7526433.554403609,-7526590.731115511,-7526744.028857053,-7526892.951553207,-7527036.972602322,-7527175.537026584,-7527308.065171102,-7527433.958425128,-7527552.607542504,-7527663.404247338,-7527765.756912181,-7527859.11116392,-7527942.9762618095,-7528016.957925959,-7528080.797850363,-7528134.419227226,-7528177.975981393,-7528211.900756952,-7528236.942759195,-7528254.181441177,-7528264.996890565,-7528270.976069247,-7528273.7430033535,-7528274.73091404,-7528274.968460766,-7528274.998706395,-7528274.999993448,-7528275.0,-7528275.0,0.0
42.5,-7462859.97902417,-7462913.488969258,-7462967.352767023,-7463021.57429681,-7463076.157495452,-7463131.10635837,-7463186.424940678,-7463242.117358323,-7463298.187789246,-7463354.640474574,-7463411.479719818,-7463468.709896119,-7463526.335441499,-7463584.360862156,-7463642.790733777,-7463701.629702872,-7463760.882488153,-7463820.553881925,-7463880.648751514,-7463941.172040731,-7464002.128771345,-7464063.52404462,-7464125.363042848,-7464187.651030941,-7464250.393358046,-7464313.595459194,-7464377.262856978,-7464441.401163281,-7464506.016081028,-7464571.113405972,-7464636.699028527,-7464702.778935634,-7464769.359212663,-7464836.446045365,-7464904.045721843,-7464972.164634589,-7465040.809282541,-7465109.9862732,-7465179.702324774,-7465249.964268374,-7465320.779050255,-7465392.153734095,-7465464.095503328,-7465536.611663513,-7465609.709644761,-7465683.397004198,-7465757.681428481,-7465832.570736362,-7465908.072881302,-7465984.195954125,-7466060.948185734,-7466138.337949865,-7466216.373765895,-7466295.064301701,-7466374.418376566,-7466454.4449641295,-7466535.1531954035,-7466616.552361812,-7466698.651918302,-7466781.461486485,-7466864.990857836,-7466949.249996932,-7467034.249044735,-7467119.998321919,-7467206.508332237,-7467293.789765926,-7467381.85350315,-7467470.710617473,-7467560.372379366,-7467650.85025974,-7467742.1559334975,-7467834.301283107,-7467927.298402192,-7468021.159599118,-7468115.897400593,-7468211.524555253,-7468308.054037234,-7468405.499049731,-7468503.873028504,-7468603.189645369,-7468703.462811602,-7468804.706681304,-7468906.935654657,-7469010.1643811045,-7469114.407762388,-7469219.680955469,-7469325.99937528,-7469433.378697298,-7469541.834859895,-7469651.384066476,-7469762.042787307,-7469873.827761078,-7469986.755996091,-7470100.844771063,-7470216.11163551,-7470332.574409612,-7470450.251183574,-7470569.1603163285,-7470689.3204336,-7470810.750425192,-7470933.469441442,-7471057.49688874,-7471182.8524240125,-7471309.555948064,-7471437.62759763,-7471567.0877360385,-7471697.956942301,-7471830.2559984755,-7471964.005875122,-7472099.227714634,-7472235.942812246,-7472374.172594444,-7472513.9385945145,-7472655.262424943,-7472798.165746307,-7472942.670232307,-7473088.79753053,-7473236.569218475,-7473386.006754369,-7473537.131422188,-7473689.964270292,-7473844.526042983,-7474000.837104227,-7474158.917352717,-7474318.78612732,-7474480.462101908,-7474643.963168403,-7474809.306306766,-7474976.507440509,-7475145.581276172,-7475316.541124985,-7475489.398704787,-7475664.163920021,-7475840.844617389,-7476019.446314479,-7476199.971898379,-7476382.4212909285,-7476566.791076924,-7476753.074091124,-7476941.258959495,-7477131.329589585,-7477323.264604364,-7477517.036713261,-7477712.61201344,-7477909.949213633,-7478108.998772051,-7478309.701939046,-7478511.989694335,-7478715.781567628,-7478920.984330608,-7479127.49054729,-7479335.176968951,-7479543.9027590845,-7479753.507533509,-7479963.809200516,-7480174.601586619,-7480385.651834762,-7480596.697564442,-7480807.443787593,-7481017.559580784,-7481226.674524467,-7481434.374934791,-7481640.199934585,-7481843.637439887,-7482044.1201796755,-7482241.0219234545,-7482433.654168816,-7482621.263645964,-7482803.031136066,-7482978.072285015,-7483145.44133391,-7483304.138992075,-7483453.126052887,-7483591.344790371,-7483717.750642144,-7483831.3570957035,-7483931.29686431,-7484016.902004182,-7484087.80393497,-7484144.0503004175,-7484186.2276599575,-7484215.5653242,-7484233.97563556,-7484243.964501633,-7484248.342401621,-7484249.724720476,-7484249.980966826,-7484249.999769993,-7484249.999999964,-7484250.0,0.0
42.25,-7416844.256907337,-7416894.748974837,-7416945.587972421,-7416996.777892501,-7417048.322790035,-7417100.226783804,-7417152.494057736,-7417205.12886226,-7417258.1355156815,-7417311.518405599,-7417365.281990347,-7417419.430800482,-7417473.969440291,-7417528.902589352,-7417584.235004117,-7417639.971519537,-7417696.11705073,-7417752.676594686,-7417809.65523201,-7417867.058128718,-7417924.890538058,-7417983.157802393,-7418041.865355117,-7418101.018722636,-7418160.623526362,-7418220.685484802,-7418281.210415663,-7418342.204238025,-7418403.672974558,-7418465.622753806,-7418528.0598125225,-7418590.990498058,-7418654.421270817,-7418718.358706771,-7418782.809500035,-7418847.780465512,-7418913.278541597,-7418979.310792965,-7419045.884413406,-7419113.006728759,-7419180.685199896,-7419248.927425796,-7419317.741146701,-7419387.13424734,-7419457.1147602415,-7419527.6908691395,-7419598.870912448,-7419670.66338685,-7419743.076950951,-7419816.120429054,-7419889.802815009,-7419964.133276178,-7420039.121157493,-7420114.775985622,-7420191.107473247,-7420268.125523437,-7420345.8402341595,-7420424.261902884,-7420503.401031311,-7420583.268330233,-7420663.874724509,-7420745.231358165,-7420827.349599635,-7420910.241047122,-7420993.917534115,-7421078.391135011,-7421163.674170924,-7421249.779215597,-7421336.719101481,-7421424.506925974,-7421513.156057781,-7421602.680143459,-7421693.0931141125,-7421784.409192232,-7421876.64289871,-7421969.809060022,-7422063.922815556,-7422158.9996251175,-7422255.055276609,-7422352.105893854,-7422450.167944606,-7422549.258248718,-7422649.393986467,-7422750.592707054,-7422852.872337254,-7422956.251190223,-7423060.747974457,-7423166.381802894,-7423273.172202148,-7423381.139121884,-7423490.302944292,-7423600.684493687,-7423712.305046178,-7423825.186339432,-7423939.350582469,-7424054.820465518,-7424171.619169844,-7424289.7703775875,-7424409.29828152,-7424530.227594711,-7424652.583560064,-7424776.391959662,-7424901.679123844,-7425028.471940018,-7425156.7978610415,-7425286.684913186,-7425418.161703518,-7425551.257426623,-7425686.001870583,-7425822.425422008,-7425960.559070047,-7426100.434409156,-7426242.0836404655,-7426385.539571529,-7426530.835614203,-7426678.005780397,-7426827.0846754145,-7426978.107488496,-7427131.1099802125,-7427286.12846629,-7427443.199797342,-7427602.361333983,-7427763.650916709,-7427927.106829831,-7428092.767758695,-7428260.67273927,-7428430.861099135,-7428603.372388706,-7428778.246301428,-7428955.522581499,-7429135.240917444,-7429317.440819726,-7429502.161480265,-7429689.441611475,-7429879.319262127,-7430071.831606949,-7430267.014706479,-7430464.90323321,-7430665.53015949,-7430868.926402085,-7431075.120417519,-7431284.137741564,-7431496.000465284,-7431710.726638995,-7431928.329594275,-7432148.817172799,-7432372.19084917,-7432598.444733134,-7432827.564434522,-7433059.525771939,-7433294.2933036,-7433531.818655766,-7433772.038620938,-7434014.8729942795,-7434260.222112767,-7434507.96405714,-7434757.951472171,-7435010.007955993,-7435263.9239645675,-7435519.452173183,-7435776.302233699,-7436034.134865004,-7436292.555216074,-7436551.105448242,-7436809.256498467,-7437066.399013038,-7437321.833487257,-7437574.759720299,-7437824.265808337,-7438069.317071663,-7438308.745568403,-7438541.241224235,-7438765.34615219,-7438979.454511042,-7439181.82132932,-7439370.585180569,-7439543.811479847,-7439699.565418938,-7439836.025823112,-7439951.6525086,-7440045.417736415,-7440117.102320115,-7440167.630218787,-7440199.3596673645,-7440216.156597711,-7440222.980601948,-7440224.775013661,-7440224.993983798,-7440224.999995362,-7440225.0,0.0
42.0,-7370729.520113565,-7370776.323161322,-7370823.458476932,-7370870.930045882,-7370918.741918731,-7370966.898212533,-7371015.40311231,-7371064.260872547,-7371113.475818731,-7371163.052348933,-7371212.994935423,-7371263.30812633,-7371313.996547335,-7371365.064903433,-7371416.517980711,-7371468.360648181,-7371520.597859682,-7371573.234655792,-7371626.276165823,-7371679.7276098635,-7371733.594300856,-7371787.881646746,-7371842.595152691,-7371897.740423315,-7371953.323165036,-7372009.349188446,-7372065.8244107645,-7372122.754858354,-7372180.146669303,-7372238.006096087,-7372296.339508292,-7372355.153395418,-7372414.454369775,-7372474.249169423,-7372534.544661243,-7372595.347844051,-7372656.665851829,-7372718.505957026,-7372780.87557398,-7372843.782262407,-7372907.233731014,-7372971.237841205,-7373035.8026109,-7373100.936218461,-7373166.6470067315,-7373232.943487203,-7373299.834344298,-7373367.328439776,-7373435.434817281,-7373504.1627070205,-7373573.521530576,-7373643.520905875,-7373714.170652296,-7373785.480795944,-7373857.461575074,-7373930.123445689,-7374003.477087304,-7374077.533408896,-7374152.303555023,-7374227.798912152,-7374304.031115165,-7374381.012054089,-7374458.753881018,-7374537.269017259,-7374616.570160715,-7374696.670293488,-7374777.582689723,-7374859.320923716,-7374941.898878269,-7375025.330753317,-7375109.63107483,-7375194.814704008,-7375280.896846768,-7375367.893063536,-7375455.819279362,-7375544.691794367,-7375634.527294516,-7375725.342862761,-7375817.15599053,-7375909.984589608,-7376003.847004394,-7376098.762024566,-7376194.748898156,-7376291.827345062,-7376390.017570991,-7376489.340281857,-7376589.816698672,-7376691.46857288,-7376794.318202235,-7376898.388447156,-7377003.702747636,-7377110.285140673,-7377218.160278278,-7377327.353446034,-7377437.89058226,-7377549.7982977545,-7377663.103896167,-7377777.835394977,-7377894.021547119,-7378011.691863242,-7378130.87663462,-7378251.606956728,-7378373.914753464,-7378497.8328020405,-7378623.394758532,-7378750.635184069,-7378879.589571681,-7379010.294373753,-7379142.787030089,-7379277.10599654,-7379413.290774174,-7379551.381938913,-7379691.421171609,-7379833.451288459,-7379977.516271681,-7380123.661300351,-7380271.932781259,-7380422.378379638,-7380575.047049604,-7380729.989064062,-7380887.256043861,-7381046.900985898,-7381208.978289828,-7381373.543782981,-7381540.654743047,-7381710.369917958,-7381882.749542363,-7382057.855349975,-7382235.750580924,-7382416.499983156,-7382600.169806721,-7382786.827789644,-7382976.543133834,-7383169.386469262,-7383365.429804298,-7383564.746459864,-7383767.41098455,-7383973.499047464,-7384183.087305042,-7384396.253237381,-7384613.074948987,-7384833.630927933,-7385057.999756448,-7385286.25976476,-7385518.488618659,-7385754.762829599,-7385995.157174263,-7386239.744008228,-7386488.5924557485,-7386741.767454468,-7386999.328630216,-7387261.328972584,-7387527.813276797,-7387798.816311264,-7388074.360662843,-7388354.454203299,-7388639.08711029,-7388928.228364195,-7389221.821628161,-7389519.780402347,-7389821.98232438,-7390128.26246632,-7390438.4054538645,-7390752.136206381,-7391069.109067348,-7391388.895065527,-7391710.96702075,-7392034.682189667,-7392359.262145836,-7392683.769619672,-7393007.082112709,-7393327.86228736,-7393644.525482838,-7393955.205322981,-7394257.719422838,-7394549.538915258,-7394827.768275082,-7395089.146241974,-7395330.085212127,-7395546.775976756,-7395735.397290774,-7395892.483469242,-7396015.509757331,-7396103.730770599,-7396159.196152753,-7396187.572306117,-7396197.868797355,-7396199.883194232,-7396199.999622492,-7396200.0,0.0
41.75,-7324521.803888999,-7324564.2680542935,-7324607.042005071,-7324650.129594032,-7324693.5347386515,-7324737.261422687,-7324781.3136977125,-7324825.695684698,-7324870.411575634,-7324915.465635183,-7324960.862202405,-7325006.605692492,-7325052.700598594,-7325099.151493647,-7325145.963032289,-7325193.139952811,-7325240.687079162,-7325288.609323014,-7325336.9116858775,-7325385.599261292,-7325434.677237063,-7325484.150897554,-7325534.025626078,-7325584.306907313,-7325635.000329824,-7325686.111588632,-7325737.646487871,-7325789.610943523,-7325842.010986214,-7325894.852764119,-7325948.142545937,-7326001.886723948,-7326056.091817177,-7326110.764474649,-7326165.9114787225,-7326221.539748559,-7326277.656343659,-7326334.268467539,-7326391.383471497,-7326449.00885852,-7326507.152287271,-7326565.821576255,-7326625.024708073,-7326684.769833817,-7326745.065277629,-7326805.919541375,-7326867.341309486,-7326929.339453953,-7326991.923039474,-7327055.101328781,-7327118.883788135,-7327183.280093005,-7327248.300133929,-7327313.954022575,-7327380.252098009,-7327447.204933161,-7327514.823341519,-7327583.1183840595,-7327652.101376388,-7327721.7838961575,-7327792.177790714,-7327863.295185036,-7327935.148489928,-7328007.750410514,-7328081.113955032,-7328155.252443936,-7328230.179519324,-7328305.909154713,-7328382.455665159,-7328459.833717745,-7328538.058342459,-7328617.144943466,-7328697.1093108,-7328777.967632487,-7328859.736507133,-7328942.432956962,-7329026.074441376,-7329110.678871008,-7329196.264622317,-7329282.850552756,-7329370.456016513,-7329459.100880863,-7329548.8055431675,-7329639.590948542,-7329731.478608208,-7329824.4906185875,-7329918.649681154,-7330013.979123075,-7330110.502918698,-7330208.245711892,-7330307.232839314,-7330407.490354614,-7330509.045053648,-7330611.924500713,-7330716.157055898,-7330821.771903545,-7330928.799081923,-7331037.26951414,-7331147.215040355,-7331258.668451358,-7331371.663523579,-7331486.235055584,-7331602.418906133,-7331720.252033861,-7331839.772538675,-7331961.01970492,-7332084.034046416,-7332208.857353417,-7332335.5327416165,-7332464.104703248,-7332594.619160395,-7332727.123520584,-7332861.666734769,-7332998.2993577765,-7333137.073611337,-7333278.043449756,-7333421.264628349,-7333566.794774704,-7333714.6934628775,-7333865.022290568,-7334017.844959372,-7334173.227358152,-7334331.237649571,-7334491.946359817,-7334655.426471507,-7334821.753519763,-7334991.005691368,-7335163.263926923,-7335338.61202581,-7335517.136753774,-7335698.927952765,-7335884.0786526855,-7336072.6851844825,-7336264.8472939525,-7336460.668255395,-7336660.254984096,-7336863.718146345,-7337071.172265402,-7337282.735821459,-7337498.531343216,-7337718.685488163,-7337943.329108031,-7338172.597295096,-7338406.629404116,-7338645.569043538,-7338889.564028272,-7339138.766284702,-7339393.331696541,-7339653.4198777815,-7339919.193855983,-7340190.819645517,-7340468.465685991,-7340752.302115619,-7341042.4998426605,-7341339.229369855,-7341642.659316679,-7341952.954571826,-7342270.273992813,-7342594.767550635,-7342926.572793601,-7343265.810475109,-7343612.57915349,-7343966.948526572,-7344328.951206982,-7344698.572573956,-7345075.738250439,-7345460.298647052,-7345852.009883476,-7346250.510239672,-7346655.291102267,-7347065.661157344,-7347480.702349722,-7347899.215906763,-7348319.656569014,-7348740.053196626,-7349157.914354537,-7349570.118745158,-7349972.793240329,-7350361.187189773,-7350729.563176454,-7351071.145746082,-7351378.207605738,-7351642.436054878,-7351855.815224407,-7352012.354127493,-7352110.935286945,-7352158.857657438,-7352173.322369295,-7352174.980553476,-7352174.999999962,0.0
41.5,-7278228.579728899,-7278266.092552176,-7278303.885021267,-7278341.9607299,-7278380.323333296,-7278418.976549671,-7278457.924161755,-7278497.170018373,-7278536.718036053,-7278576.572200699,-7278616.736569289,-7278657.215271638,-7278698.012512194,-7278739.132571915,-7278780.579810157,-7278822.358666653,-7278864.473663529,-7278906.929407387,-7278949.730591444,-7278992.881997735,-7279036.388499381,-7279080.255062924,-7279124.4867507275,-7279169.0887234565,-7279214.066242626,-7279259.424673222,-7279305.169486414,-7279351.306262334,-7279397.840692957,-7279444.778585063,-7279492.125863276,-7279539.88857323,-7279588.072884799,-7279636.685095452,-7279685.731633703,-7279735.2190626785,-7279785.154083785,-7279835.54354051,-7279886.394422337,-7279937.713868791,-7279989.50917361,-7280041.787789064,-7280094.557330408,-7280147.825580484,-7280201.600494484,-7280255.890204865,-7280310.703026432,-7280366.047461602,-7280421.932205833,-7280478.366153257,-7280535.358402502,-7280592.918262703,-7280651.055259754,-7280709.779142752,-7280769.099890687,-7280829.027719365,-7280889.573088584,-7280950.746709566,-7281012.559552664,-7281075.02285535,-7281138.148130494,-7281201.9471749645,-7281266.432078531,-7281331.615233123,-7281397.509342422,-7281464.127431834,-7281531.482858835,-7281599.589323722,-7281668.460880784,-7281738.111949908,-7281808.55732864,-7281879.81220474,-7281951.892169219,-7282024.813229921,-7282098.591825639,-7282173.244840823,-7282248.789620886,-7282325.243988142,-7282402.626258418,-7282480.955258353,-7282560.250343443,-7282640.53141684,-7282721.818948977,-7282804.133998025,-7282887.4982312545,-7282971.9339473285,-7283057.464099581,-7283144.112320342,-7283231.902946338,-7283320.861045266,-7283411.0124435555,-7283502.383755421,-7283595.002413253,-7283688.896699425,-7283784.095779603,-7283880.629737626,-7283978.529612053,-7284077.827434477,-7284178.556269677,-7284280.750257752,-7284384.444658322,-7284489.675896922,-7284596.481613718,-7284704.9007146815,-7284814.973425363,-7284926.741347419,-7285040.247518058,-7285155.536472581,-7285272.654310194,-7285391.64876331,-7285512.569270528,-7285635.467053531,-7285760.395198146,-7285887.408739812,-7286016.564753735,-7286147.922450027,-7286281.543274138,-7286417.49101291,-7286555.831906613,-7286696.634767346,-7286839.971104182,-7286985.91525552,-7287134.5445290655,-7287285.939349954,-7287440.183417492,-7287597.363871098,-7287757.571465988,-7287920.900759212,-7288087.4503067,-7288257.322871946,-7288430.625647049,-7288607.470486825,-7288787.974156713,-7288972.258595266,-7289160.451191956,-7289352.685081081,-7289549.099452523,-7289749.839880044,-7289955.058667816,-7290164.915215718,-7290379.576403845,-7290599.216996502,-7290824.020065656,-7291054.17743355,-7291289.890133694,-7291531.368888881,-7291778.834604145,-7292032.518871536,-7292292.664482384,-7292559.525941029,-7292833.369971916,-7293114.476009196,-7293403.136654507,-7293699.658084096,-7294004.3603806095,-7294317.5777574135,-7294639.658633651,-7294970.965505669,-7295311.874544276,-7295662.774826106,-7296024.067079902,-7296396.161792424,-7296779.476471519,-7297174.43180161,-7297581.446344683,-7298000.929330964,-7298433.27093848,-7298878.8292675,-7299337.912956983,-7299810.758043413,-7300297.497196415,-7300798.118840361,-7301312.412834206,-7301839.898269216,-7302379.727484867,-7302930.558536978,-7303490.386078401,-7304056.318111233,-7304624.283985804,-7305188.65912004,-7305741.798554751,-7306273.494876296,-7306770.43932895,-7307215.9178361315,-7307590.313315382,-7307873.653852852,-7308052.395335428,-7308132.2242172845,-7308149.369376809,-7308149.999964844,0.0
41.25,-7231858.729213502,-7231890.7320452845,-7231922.977139686,-7231955.467711059,-7231988.207028954,-7232021.198419534,-7232054.445266996,-7232087.951015062,-7232121.719168495,-7232155.753294672,-7232190.057025184,-7232224.634057505,-7232259.488156697,-7232294.62315716,-7232330.0429644575,-7232365.751557165,-7232401.752988793,-7232438.051389767,-7232474.650969461,-7232511.556018294,-7232548.770909892,-7232586.300103313,-7232624.148145352,-7232662.319672894,-7232700.819415358,-7232739.652197218,-7232778.822940592,-7232818.336667919,-7232858.198504717,-7232898.413682438,-7232938.987541405,-7232979.925533836,-7233021.233226995,-7233062.91630641,-7233104.980579221,-7233147.431977628,-7233190.27656245,-7233233.520526824,-7233277.170199987,-7233321.232051228,-7233365.712693951,-7233410.618889883,-7233455.95755342,-7233501.735756131,-7233547.96073142,-7233594.6398793375,-7233641.78077158,-7233689.39115665,-7233737.478965214,-7233786.05231564,-7233835.119519744,-7233884.689088743,-7233934.769739423,-7233985.370400542,-7234036.500219462,-7234088.168569031,-7234140.38505473,-7234193.159522083,-7234246.502064347,-7234300.423030518,-7234354.933033613,-7234410.0429593045,-7234465.763974883,-7234522.10753856,-7234579.085409169,-7234636.70965623,-7234694.992670434,-7234753.9471745435,-7234813.586234752,-7234873.923272506,-7234934.972076813,-7234996.746817069,-7235059.2620564345,-7235122.532765767,-7235186.574338153,-7235251.402604081,-7235317.033847251,-7235383.484821094,-7235450.772766017,-7235518.915427421,-7235587.931074509,-7235657.838519972,-7235728.657140553,-7235800.406898564,-7235873.1083643995,-7235946.782740107,-7236021.451884063,-7236097.1383368205,-7236173.865348208,-7236251.656905726,-7236330.537764333,-7236410.533477709,-7236491.670431046,-7236573.975875511,-7236657.477964429,-7236742.205791321,-7236828.1894299,-7236915.459976141,-7237004.049592567,-7237093.99155486,-7237185.320300989,-7237278.071482966,-7237372.282021433,-7237467.99016325,-7237565.235542279,-7237664.059243586,-7237764.503871267,-7237866.613620177,-7237970.434351781,-7238076.013674466,-7238183.401028565,-7238292.647776473,-7238403.807298179,-7238516.935092632,-7238632.088885337,-7238749.328742644,-7238868.717193235,-7238990.319357328,-7239114.203084188,-7239240.4390985705,-7239369.101156797,-7239500.266213185,-7239634.0145976655,-7239770.430205469,-7239909.600699832,-7240051.617728783,-7240196.577157164,-7240344.579315124,-7240495.729264463,-7240650.13708432,-7240807.918177839,-7240969.193601623,-7241134.090419902,-7241302.742085587,-7241475.288850579,-7241651.878207864,-7241832.665368266,-7242017.813774943,-7242207.495659002,-7242401.892639987,-7242601.196375289,-7242805.609262935,-7243015.345202647,-7243230.630420476,-7243451.704362778,-7243678.820665874,-7243912.248208138,-7244152.272251918,-7244399.195683066,-7244653.34035651,-7244915.048556583,-7245184.684581239,-7245462.6364593785,-7245749.3178103855,-7246045.169854369,-7246350.663580516,-7246666.302078787,-7246992.62303693,-7247330.201399583,-7247679.652178503,-7248041.633391523,-7248416.849091215,-7248806.052420208,-7249210.048595484,-7249629.697674356,-7250065.91688356,-7250519.682190457,-7250992.028647884,-7251484.048830848,-7251996.888373612,-7252531.73716349,-7253089.814083435,-7253672.342213536,-7254280.509939356,-7254915.411223212,-7255577.954986231,-7256268.728528554,-7256987.792269567,-7257734.371459187,-7258506.3929829765,-7259299.789665977,-7260107.459186567,-7260917.72453806,-7261712.12662496,-7262462.498216241,-7263127.8972568195,-7263654.258955743,-7263986.291414851,-7264112.176985059,-7264124.987496994,0.0
41.0,-7185422.48219567,-7185448.486405507,-7185474.688911066,-7185501.092439048,-7185527.699762202,-7185554.513700558,-7185581.537122678,-7185608.772946972,-7185636.224143015,-7185663.893732938,-7185691.784792844,-7185719.90045427,-7185748.243905692,-7185776.81839408,-7185805.627226496,-7185834.6737717455,-7185863.961462071,-7185893.4937949125,-7185923.274334712,-7185953.306714768,-7185983.594639172,-7186014.141884777,-7186044.952303249,-7186076.029823171,-7186107.37845223,-7186139.00227945,-7186170.905477522,-7186203.092305189,-7186235.5671097245,-7186268.334329485,-7186301.398496538,-7186334.764239399,-7186368.436285835,-7186402.419465778,-7186436.718714332,-7186471.339074877,-7186506.285702287,-7186541.563866255,-7186577.178954723,-7186613.136477449,-7186649.442069686,-7186686.101495988,-7186723.120654158,-7186760.5055793375,-7186798.26244823,-7186836.397583492,-7186874.91745827,-7186913.828700912,-7186953.138099847,-7186992.852608646,-7187032.979351272,-7187073.525627528,-7187114.498918706,-7187155.9068934545,-7187197.75741387,-7187240.058541821,-7187282.818545522,-7187326.045906356,-7187369.749325977,-7187413.937733682,-7187458.620294085,-7187503.806415104,-7187549.505756253,-7187595.7282372955,-7187642.484047241,-7187689.783653712,-7187737.637812717,-7187786.057578811,-7187835.054315713,-7187884.6397073595,-7187934.825769436,-7187985.624861419,-7188037.04969913,-7188089.113367862,-7188141.829336067,-7188195.211469675,-7188249.274047051,-7188304.031774638,-7188359.499803312,-7188415.693745501,-7188472.629693102,-7188530.324236235,-7188588.7944829,-7188648.058079563,-7188708.133232752,-7188769.038731682,-7188830.793972024,-7188893.418980828,-7188956.934442704,-7189021.361727329,-7189086.722918352,-7189153.040843787,-7189220.339107989,-7189288.642125307,-7189357.975155516,-7189428.3643411435,-7189499.836746821,-7189572.420400776,-7189646.144338598,-7189721.03864947,-7189797.134524966,-7189874.46431065,-7189953.061560619,-7190032.961095211,-7190114.199062116,-7190196.813001089,-7190280.841912549,-7190366.326330347,-7190453.308398979,-7190541.831955593,-7190631.942617143,-7190723.687873058,-7190817.117183884,-7190912.282086308,-7191009.236305106,-7191108.03587253,-7191208.739255746,-7191311.407492964,-7191416.104338964,-7191522.896420823,-7191631.85340465,-7191743.048174325,-7191856.557023207,-7191972.4598600045,-7192090.840430012,-7192211.786553098,-7192335.390379984,-7192461.748668464,-7192590.963081431,-7192723.1405087765,-7192858.39341544,-7192996.840218138,-7193138.605693601,-7193283.821421459,-7193432.62626529,-7193585.166895719,-7193741.598359982,-7193902.084702839,-7194066.799644358,-7194235.927320736,-7194409.663095145,-7194588.2144464245,-7194771.801944524,-7194960.660322674,-7195155.039657658,-7195355.2066710815,-7195561.446166256,-7195774.062617393,-7195993.381930077,-7196219.753394794,-7196453.551858274,-7196695.180141212,-7196945.071734931,-7197203.693814611,-7197471.550612208,-7197749.187198842,-7198037.193733942,-7198336.210247227,-7198646.932029697,-7198970.115721289,-7199306.586196009,-7199657.244359973,-7200023.075993973,-7200405.161789334,-7200804.688743347,-7201222.963096548,-7201661.425005959,-7202121.665150634,-7202605.443449993,-7203114.71002623,-7203651.628434115,-7204218.6009715805,-7204818.295498276,-7205453.672499554,-7206128.009917935,-7206844.921142165,-7207608.357796485,-7208422.582339895,-7209292.083619109,-7210221.386998941,-7211214.671046196,-7212275.028484419,-7213403.067999173,-7214594.283294782,-7215834.106186476,-7217088.675808618,-7218288.329119686,-7219303.039617855,-7219936.819535565,-7220098.300209692,0.0
40.75,-7138931.31737738,-7138950.919872031,-7138970.670998975,-7138990.572907391,-7139010.627780826,-7139030.837838164,-7139051.205334635,-7139071.732562857,-7139092.421853893,-7139113.275578371,-7139134.296147609,-7139155.486014794,-7139176.847676192,-7139198.3836723985,-7139220.096589623,-7139241.989061028,-7139264.063768088,-7139286.3234420195,-7139308.77086523,-7139331.408872835,-7139354.240354218,-7139377.268254627,-7139400.495576845,-7139423.925382901,-7139447.560795842,-7139471.405001562,-7139495.461250692,-7139519.732860549,-7139544.223217163,-7139568.935777352,-7139593.874070887,-7139619.041702714,-7139644.442355265,-7139670.079790837,-7139695.9578540595,-7139722.080474451,-7139748.451669049,-7139775.075545155,-7139801.956303149,-7139829.098239429,-7139856.505749444,-7139884.183330828,-7139912.135586666,-7139940.367228857,-7139968.883081621,-7139997.688085115,-7140026.787299196,-7140056.185907324,-7140085.8892206,-7140115.902681973,-7140146.231870588,-7140176.882506323,-7140207.860454476,-7140239.171730654,-7140270.822505844,-7140302.819111681,-7140335.168045938,-7140367.875978213,-7140400.949755875,-7140434.39641022,-7140468.2231629025,-7140502.437432614,-7140537.046842055,-7140572.059225186,-7140607.482634786,-7140643.325350338,-7140679.5958862435,-7140716.303000402,-7140753.455703149,-7140791.0632666,-7140829.135234391,-7140867.681431875,-7140906.711976752,-7140946.237290195,-7140986.268108483,-7141026.8154951595,-7141067.8908537645,-7141109.505941159,-7141151.672881478,-7141194.404180748,-7141237.7127422,-7141281.61188234,-7141326.11534778,-7141371.237332927,-7141416.992498523,-7141463.395991135,-7141510.463463627,-7141558.2110966705,-7141606.655621377,-7141655.814343091,-7141705.705166452,-7141756.346621775,-7141807.757892845,-7141859.958846219,-7141912.970062122,-7141966.812867051,-7142021.509368207,-7142077.082489843,-7142133.556011696,-7142190.9546096325,-7142249.303898635,-7142308.630478337,-7142368.961981249,-7142430.327123873,-7142492.755760942,-7142556.278942961,-7142620.928977347,-7142686.739493393,-7142753.745511368,-7142821.983516058,-7142891.491535107,-7142962.309222499,-7143034.477947635,-7143108.040890409,-7143183.043142801,-7143259.531817518,-7143337.556164244,-7143417.167694187,-7143498.4203136,-7143581.370467058,-7143666.077291375,-7143752.602781065,-7143841.011966457,-7143931.373105544,-7144023.757890927,-7144118.24167322,-7144214.903702525,-7144313.827389729,-7144415.100589576,-7144518.815907711,-7144625.07103413,-7144733.9691057615,-7144845.619101269,-7144960.136271487,-7145077.642609387,-7145198.2673639115,-7145322.147602627,-7145449.428828759,-7145580.265658924,-7145714.822568738,-7145853.274714474,-7145995.808840073,-7146142.624280179,-7146293.934071395,-7146449.96618578,-7146610.964902742,-7146777.192337973,-7146948.930151021,-7147126.481456535,-7147310.172968394,-7147500.357410798,-7147697.416236222,-7147901.762697197,-7148113.845327255,-7148334.151896549,-7148563.213919966,-7148801.611810561,-7149049.980789397,-7149309.017685356,-7149579.488786207,-7149862.238936465,-7150158.2021203255,-7150468.413821273,-7150794.025517149,-7151136.321754186,-7151496.7403511815,-7151876.896422337,-7152278.611083425,-7152703.945932768,-7153155.2446918525,-7153635.183770716,-7154146.834017078,-7154693.736548457,-7155279.996391897,-7155910.398705415,-7156590.55365277,-7157327.077514464,-7158127.819146462,-7159002.141824601,-7159961.269156728,-7161018.695759337,-7162190.637621572,-7163496.424419967,-7164958.538199307,-7166601.459586235,-7168446.941162275,-7170498.748313976,-7172695.825257175,-7174773.423543368,-7175986.986679861,0.0
40.5,-7092397.824124539,-7092410.721701093,-7092423.713631323,-7092436.801421235,-7092449.986597479,-7092463.270708001,-7092476.655322731,-7092490.142034289,-7092503.732458722,-7092517.428236243,-7092531.231032031,-7092545.142537021,-7092559.16446875,-7092573.298572213,-7092587.546620755,-7092601.910416992,-7092616.391793772,-7092630.992615137,-7092645.714777371,-7092660.560210029,-7092675.530877029,-7092690.628777789,-7092705.8559483765,-7092721.2144627115,-7092736.706433823,-7092752.334015121,-7092768.09940173,-7092784.004831873,-7092800.052588282,-7092816.244999686,-7092832.584442318,-7092849.0733415065,-7092865.714173303,-7092882.509466166,-7092899.461802716,-7092916.573821552,-7092933.848219112,-7092951.287751633,-7092968.895237152,-7092986.673557598,-7093004.6256609475,-7093022.754563471,-7093041.06335206,-7093059.555186614,-7093078.233302568,-7093097.101013459,-7093116.161713637,-7093135.418881034,-7093154.876080076,-7093174.536964689,-7093194.4052814245,-7093214.484872698,-7093234.779680169,-7093255.293748252,-7093276.031227749,-7093296.996379653,-7093318.193579084,-7093339.627319398,-7093361.30221646,-7093383.223013085,-7093405.394583678,-7093427.821939059,-7093450.510231482,-7093473.464759903,-7093496.690975419,-7093520.194486994,-7093543.981067399,-7093568.05665943,-7093592.427382393,-7093617.099538886,-7093642.079621872,-7093667.374322087,-7093692.990535782,-7093718.935372812,-7093745.216165119,-7093771.840475589,-7093798.816107353,-7093826.151113512,-7093853.853807337,-7093881.932772961,-7093910.3968766,-7093939.255278315,-7093968.517444378,-7093998.193160234,-7094028.292544152,-7094058.826061536,-7094089.804540012,-7094121.239185274,-7094153.141597776,-7094185.5237903,-7094218.398206483,-7094251.777740324,-7094285.675756767,-7094320.106113431,-7094355.083183523,-7094390.621880064,-7094426.737681484,-7094463.446658683,-7094500.765503669,-7094538.7115598675,-7094577.302854239,-7094616.558131304,-7094656.496889246,-7094697.1394182155,-7094738.506841009,-7094780.621156298,-7094823.505284596,-7094867.183117177,-7094911.679568164,-7094957.020630039,-7095003.233432859,-7095050.346307434,-7095098.38885284,-7095147.39200858,-7095197.388131794,-7095248.411079962,-7095300.496299536,-7095353.680921032,-7095408.00386116,-7095463.505932596,-7095520.22996211,-7095578.220917793,-7095637.526046258,-7095698.1950207325,-7095760.280101106,-7095823.836307092,-7095888.921605796,-7095955.597115156,-7096023.927324861,-7096093.9803365795,-7096165.82812552,-7096239.546825627,-7096315.2170410035,-7096392.924186446,-7096472.758860404,-7096554.817254102,-7096639.201601034,-7096726.020671666,-7096815.390318831,-7096907.434080096,-7097002.283844266,-7097100.080590307,-7097200.975208148,-7097305.1294123465,-7097412.716761252,-7097523.923796436,-7097638.951319441,-7097758.015825875,-7097881.351120228,-7098009.2101389095,-7098141.86701393,-7098279.619415596,-7098422.791219773,-7098571.735554123,-7098726.838288414,-7098888.522047255,-7099057.250839998,-7099233.535422836,-7099417.939533641,-7099611.087171981,-7099813.671137413,-7100026.463090643,-7100250.325468548,-7100486.225669732,-7100735.253039072,-7100998.639326643,-7101277.78349133,-7101574.281980478,-7101889.965970177,-7102226.947533944,-7102587.677376391,-7102975.017706013,-7103392.335153304,-7103843.620561482,-7104333.645291463,-7104868.167877595,-7105454.211240917,-7106100.4405369535,-7106817.687345723,-7107619.69124832,-7108524.171928525,-7109554.416651957,-7110741.693061548,-7112129.019062127,-7113777.212775338,-7115774.780441362,-7118253.797232989,-7121410.929724186,-7125493.748869525,-7130302.203139553,0.0
40.25,-7045835.525177947,-7045841.527290425,-7045847.566090756,-7045853.642405282,-7045859.757065871,-7045865.910910221,-7045872.104782159,-7045878.339531976,-7045884.616016751,-7045890.935100716,-7045897.297655606,-7045903.704561052,-7045910.156704972,-7045916.654983978,-7045923.200303811,-7045929.793579785,-7045936.435737244,-7045943.127712049,-7045949.870451073,-7045956.664912722,-7045963.512067476,-7045970.412898437,-7045977.368401924,-7045984.379588067,-7045991.447481427,-7045998.57312166,-7046005.757564177,-7046013.001880844,-7046020.307160708,-7046027.674510749,-7046035.105056661,-7046042.599943653,-7046050.1603372935,-7046057.787424376,-7046065.4824138265,-7046073.246537634,-7046081.081051817,-7046088.987237444,-7046096.966401662,-7046105.019878787,-7046113.149031431,-7046121.355251664,-7046129.639962226,-7046138.004617785,-7046146.45070624,-7046154.9797500735,-7046163.593307766,-7046172.2929752525,-7046181.080387434,-7046189.9572197655,-7046198.925189892,-7046207.986059346,-7046217.141635329,-7046226.393772546,-7046235.744375125,-7046245.195398613,-7046254.748852048,-7046264.406800123,-7046274.171365436,-7046284.044730832,-7046294.029141844,-7046304.126909248,-7046314.340411701,-7046324.6720985295,-7046335.124492599,-7046345.70019334,-7046356.40187989,-7046367.232314382,-7046378.194345379,-7046389.2909114575,-7046400.525044967,-7046411.899875945,-7046423.418636229,-7046435.084663747,-7046446.901407024,-7046458.872429889,-7046471.001416409,-7046483.292176078,-7046495.748649233,-7046508.37491275,-7046521.175186031,-7046534.153837267,-7046547.315390038,-7046560.664530242,-7046574.20611337,-7046587.9451721795,-7046601.88692474,-7046616.0367829325,-7046630.400361379,-7046644.983486862,-7046659.79220826,-7046674.832807003,-7046690.111808138,-7046705.635991983,-7046721.412406459,-7046737.4483801015,-7046753.751535842,-7046770.329805562,-7046787.191445529,-7046804.345052714,-7046821.799582111,-7046839.564365081,-7046857.649128832,-7046876.064017087,-7046894.819612052,-7046913.926957754,-7046933.3975848835,-7046953.2435372295,-7046973.477399839,-7046994.112329038,-7047015.162084458,-7047036.64106323,-7047058.564336522,-7047080.947688599,-7047103.807658656,-7047127.161585599,-7047151.027656081,-7047175.424956046,-7047200.373526104,-7047225.894421065,-7047252.009774044,-7047278.742865512,-7047306.118197806,-7047334.161575586,-7047362.900192831,-7047392.362727026,-7047422.579441238,-7047453.582294909,-7047485.40506427,-7047518.083473375,-7047551.655336914,-7047586.160716087,-7047621.642089006,-7047658.144537235,-7047695.715950404,-7047734.407250942,-7047774.272641411,-7047815.369877161,-7047857.760567488,-7047901.510508906,-7047946.690054693,-7047993.374525523,-7048041.644666724,-7048091.587158569,-7048143.295187115,-7048196.8690842185,-7048252.417046977,-7048310.055948459,-7048369.912253786,-7048432.123058151,-7048496.837266354,-7048564.21693727,-7048634.438821104,-7048707.696122909,-7048784.200532671,-7048864.184570759,-7048947.904308097,-7049035.642533676,-7049127.712458657,-7049224.462067549,-7049326.279253954,-7049433.597913189,-7049546.905209284,-7049666.750292935,-7049793.754824933,-7049928.625763534,-7050072.171013969,-7050225.318728519,-7050389.141307235,-7050564.885514196,-7050754.010639327,-7050958.237374518,-7051179.611148771,-7051420.58526263,-7051684.131574154,-7051973.890213819,-7052294.375697784,-7052651.2663794365,-7053051.820197526,-7053505.487416724,-7054024.840993612,-7054627.039248643,-7055336.222248698,-7056187.638063889,-7057235.195626759,-7058566.398672545,-7060335.000355375,-7062842.9090986885,-7066790.804609498,-7074317.4858998,0.0
40.0,-6999258.660637812,-6999257.700245589,-6999256.716802003,-6999255.710450072,-6999254.6813226305,-6999253.629542229,-6999252.555221042,-6999251.458460768,-6999250.339352553,-6999249.197976882,-6999248.034403515,-6999246.848691388,-6999245.640888542,-6999244.411032041,-6999243.159147901,-6999241.885251019,-6999240.589345095,-6999239.271422572,-6999237.931464578,-6999236.569440854,-6999235.185309697,-6999233.77901792,-6999232.350500777,-6999230.8996819295,-6999229.426473394,-6999227.930775502,-6999226.412476849,-6999224.871454267,-6999223.307572786,-6999221.7206855975,-6999220.110634026,-6999218.477247505,-6999216.820343547,-6999215.139727723,-6999213.43519365,-6999211.70652296,-6999209.953485299,-6999208.175838304,-6999206.373327607,-6999204.545686812,-6999202.692637504,-6999200.813889233,-6999198.909139532,-6999196.978073895,-6999195.020365807,-6999193.035676734,-6999191.023656125,-6999188.983941447,-6999186.916158174,-6999184.81991981,-6999182.694827908,-6999180.540472083,-6999178.356430035,-6999176.142267572,-6999173.897538626,-6999171.621785291,-6999169.314537837,-6999166.975314753,-6999164.603622765,-6999162.1989568835,-6999159.760800423,-6999157.288625051,-6999154.781890827,-6999152.240046236,-6999149.66252824,-6999147.048762326,-6999144.398162552,-6999141.710131598,-6999138.984060822,-6999136.219330322,-6999133.415309,-6999130.571354616,-6999127.686813876,-6999124.7610224895,-6999121.793305254,-6999118.782976145,-6999115.729338399,-6999112.631684607,-6999109.489296819,-6999106.30144665,-6999103.067395398,-6999099.78639416,-6999096.457683964,-6999093.080495912,-6999089.654051319,-6999086.177561876,-6999082.65022982,-6999079.071248097,-6999075.439800568,-6999071.755062195,-6999068.01619926,-6999064.222369587,-6999060.37272278,-6999056.466400474,-6999052.502536595,-6999048.480257643,-6999044.398682982,-6999040.256925145,-6999036.054090159,-6999031.78927787,-6999027.461582303,-6999023.070092015,-6999018.613890473,-6999014.092056433,-6999009.503664348,-6999004.847784761,-6999000.123484728,-6998995.329828222,-6998990.465876567,-6998985.53068885,-6998980.5233223345,-6998975.442832868,-6998970.288275277,-6998965.05870374,-6998959.753172133,-6998954.370734343,-6998948.910444552,-6998943.371357443,-6998937.752528375,-6998932.0530134635,-6998926.271869578,-6998920.408154244,-6998914.46092541,-6998908.429241095,-6998902.31215886,-6998896.108735099,-6998889.818024126,-6998883.439077019,-6998876.97094019,-6998870.412653662,-6998863.76324899,-6998857.021746799,-6998850.187153902,-6998843.258459923,-6998836.2346333945,-6998829.114617255,-6998821.897323703,-6998814.581628308,-6998807.166363334,-6998799.6503101885,-6998792.032190903,-6998784.310658559,-6998776.484286578,-6998768.551556748,-6998760.510845903,-6998752.360411121,-6998744.098373318,-6998735.722699136,-6998727.231180938,-6998718.621414802,-6998709.890776316,-6998701.036394024,-6998692.055120299,-6998682.943499417,-6998673.697732585,-6998664.3136395775,-6998654.786616643,-6998645.111590183,-6998635.282965656,-6998625.294570971,-6998615.139593458,-6998604.810509246,-6998594.299003532,-6998583.595879834,-6998572.690955684,-6998561.572941592,-6998550.229299102,-6998538.646072556,-6998526.80768761,-6998514.696707441,-6998502.293534735,-6998489.576043772,-6998476.519121608,-6998463.094089848,-6998449.267967717,-6998435.002521116,-6998420.253018089,-6998404.966573534,-6998389.079905972,-6998372.516230506,-6998355.180844056,-6998336.954660479,-6998317.684396359,-6998297.167005908,-6998275.123616487,-6998251.152743433,-6998224.638193449,-6998194.54268584,-6998158.843685766,-6998112.319622669,0.0
39.75,-6952681.934129847,-6952674.076423575,-6952666.135181039,-6952658.109893134,-6952650.000025145,-6952641.80501623,-6952633.524278916,-6952625.157198585,-6952616.703132939,-6952608.161411471,-6952599.531334911,-6952590.812174681,-6952582.003172313,-6952573.103538891,-6952564.11245445,-6952555.029067376,-6952545.852493801,-6952536.58181698,-6952527.216086642,-6952517.754318351,-6952508.195492832,-6952498.538555297,-6952488.782414746,-6952478.925943251,-6952468.967975234,-6952458.90730671,-6952448.742694534,-6952438.472855605,-6952428.096466058,-6952417.612160443,-6952407.01853088,-6952396.314126169,-6952385.497450907,-6952374.566964556,-6952363.521080499,-6952352.358165049,-6952341.076536452,-6952329.674463844,-6952318.1501661725,-6952306.501811093,-6952294.727513832,-6952282.825335999,-6952270.793284366,-6952258.629309611,-6952246.331305016,-6952233.897105102,-6952221.324484254,-6952208.611155252,-6952195.754767778,-6952182.752906868,-6952169.603091282,-6952156.302771846,-6952142.849329703,-6952129.24007451,-6952115.472242563,-6952101.542994853,-6952087.449415026,-6952073.188507291,-6952058.757194209,-6952044.152314425,-6952029.37062028,-6952014.408775335,-6951999.263351795,-6951983.93082781,-6951968.407584675,-6951952.689903894,-6951936.773964138,-6951920.655838038,-6951904.331488871,-6951887.796767066,-6951871.047406576,-6951854.079021072,-6951836.887099966,-6951819.467004258,-6951801.813962175,-6951783.923064608,-6951765.7892603595,-6951747.407351117,-6951728.771986222,-6951709.877657173,-6951690.718691856,-6951671.289248489,-6951651.583309278,-6951631.594673729,-6951611.316951643,-6951590.743555744,-6951569.86769392,-6951548.682361058,-6951527.180330464,-6951505.354144799,-6951483.196106548,-6951460.698267965,-6951437.852420448,-6951414.650083354,-6951391.082492145,-6951367.140585901,-6951342.814994082,-6951318.096022528,-6951292.97363865,-6951267.437455712,-6951241.476716179,-6951215.080274057,-6951188.23657611,-6951160.9336419385,-6951133.159042763,-6951104.899878854,-6951076.142755507,-6951046.873757403,-6951017.078421282,-6950986.741706746,-6950955.8479650635,-6950924.380905803,-6950892.323561106,-6950859.658247395,-6950826.366524319,-6950792.429150648,-6950757.826036894,-6950722.5361943245,-6950686.537680056,-6950649.807537872,-6950612.321734331,-6950574.055089751,-6950534.981203553,-6950495.072373427,-6950454.299507676,-6950412.632030087,-6950370.037776542,-6950326.482882517,-6950281.931660499,-6950236.346466264,-6950189.68755278,-6950141.912910406,-6950092.978091799,-6950042.836019851,-6949991.436776647,-6949938.7273712335,-6949884.651483662,-6949829.149182424,-6949772.156611977,-6949713.60564662,-6949653.423506359,-6949591.532329839,-6949527.848698597,-6949462.283106027,-6949394.739363387,-6949325.113933941,-6949253.295184841,-6949179.162544562,-6949102.585551625,-6949023.42277776,-6948941.520605575,-6948856.711837079,-6948768.814104802,-6948677.628051693,-6948582.935239057,-6948484.495733246,-6948382.045311183,-6948275.2922114525,-6948163.913340854,-6948047.5498249745,-6947925.801764026,-6947798.222020058,-6947664.308816053,-6947523.496867792,-6947375.146690645,-6947218.531618698,-6947052.82193258,-6946877.065300753,-6946690.162475316,-6946490.836816279,-6946277.595699886,-6946048.681123942,-6945802.005741978,-6945535.068955809,-6945244.8452754505,-6944927.633418668,-6944578.84871556,-6944192.731794106,-6943761.93048161,-6943276.884097114,-6942724.889364756,-6942088.633181806,-6941343.790996237,-6940454.895647431,-6939367.783803253,-6937994.679162826,-6936181.623655735,-6933626.943954378,-6929632.5005069915,-6922078.561434619,0.0
39.5,-6906120.222289601,-6906105.671253073,-6906090.97671153,-6906076.13756984,-6906061.152693032,-6906046.020905407,-6906030.740989635,-6906015.31168581,-6905999.7316905195,-6905983.99965586,-6905968.114188454,-6905952.073848437,-6905935.877148423,-6905919.522552451,-6905903.008474895,-6905886.333279364,-6905869.495277562,-6905852.492728142,-6905835.323835503,-6905817.9867485855,-6905800.479559615,-6905782.800302835,-6905764.946953183,-6905746.917424961,-6905728.709570441,-6905710.321178456,-6905691.749972948,-6905672.9936114615,-6905654.049683618,-6905634.915709529,-6905615.589138176,-6905596.06734573,-6905576.347633836,-6905556.427227831,-6905536.303274932,-6905515.972842334,-6905495.432915276,-6905474.680395035,-6905453.7120968625,-6905432.52474784,-6905411.114984681,-6905389.479351445,-6905367.614297189,-6905345.51617352,-6905323.181232087,-6905300.605621957,-6905277.7853869265,-6905254.716462714,-6905231.39467406,-6905207.815731729,-6905183.975229382,-6905159.868640347,-6905135.491314253,-6905110.83847356,-6905085.905209925,-6905060.68648044,-6905035.1771037355,-6905009.371755893,-6904983.2649662355,-6904956.851112908,-6904930.12441831,-6904903.078944316,-6904875.708587304,-6904848.00707298,-6904819.967950973,-6904791.584589204,-6904762.850168017,-6904733.757674034,-6904704.299893765,-6904674.469406916,-6904644.258579408,-6904613.659556073,-6904582.664253027,-6904551.26434968,-6904519.451280392,-6904487.216225722,-6904454.550103284,-6904421.443558153,-6904387.886952823,-6904353.870356666,-6904319.3835349,-6904284.415936988,-6904248.956684488,-6904212.994558275,-6904176.517985128,-6904139.515023636,-6904101.97334937,-6904063.880239302,-6904025.222555389,-6903985.986727302,-6903946.158734229,-6903905.724085705,-6903864.667801382,-6903822.974389698,-6903780.6278253645,-6903737.611525578,-6903693.908324892,-6903649.500448635,-6903604.369484808,-6903558.49635431,-6903511.861279418,-6903464.443750355,-6903416.22248986,-6903367.175415541,-6903317.279599929,-6903266.511227995,-6903214.845551964,-6903162.256843223,-6903108.718341092,-6903054.202198181,-6902998.679422124,-6902942.119813329,-6902884.491898445,-6902825.762859216,-6902765.898456281,-6902704.862947514,-6902642.619000443,-6902579.127598209,-6902514.347938485,-6902448.237324739,-6902380.751049125,-6902311.84226622,-6902241.46185676,-6902169.558280407,-6902096.077416474,-6902020.9623914445,-6901944.153391944,-6901865.587461696,-6901785.198280817,-6901702.91592559,-6901618.666606648,-6901532.372383238,-6901443.950850933,-6901353.314799841,-6901260.371839952,-6901165.023989848,-6901067.1672244705,-6900966.690977065,-6900863.477589738,-6900757.40170627,-6900648.329599935,-6900536.118427956,-6900420.615403052,-6900301.656871001,-6900179.067281457,-6900052.658037223,-6899922.226204772,-6899787.553065939,-6899648.402487338,-6899504.519079937,-6899355.626116349,-6899201.423167482,-6899041.583413026,-6898875.750571523,-6898703.535385113,-6898524.511580909,-6898338.211214741,-6898144.1192828845,-6897941.667462133,-6897730.226806961,-6897509.09919237,-6897277.507239924,-6897034.582398916,-6896779.350769806,-6896510.7161465855,-6896227.439609536,-6895928.114807341,-6895611.137809865,-6895274.670064544,-6894916.592513273,-6894534.4482683325,-6894125.370324353,-6893685.989475495,-6893212.315724218,-6892699.583714262,-6892142.048624019,-6891532.712749695,-6890862.953415083,-6890122.007700508,-6889296.245026587,-6888368.118187478,-6887314.614960522,-6886104.914037007,-6884696.741870992,-6883030.5703016985,-6881020.247614954,-6878538.30356989,-6875397.927758268,-6871374.970485741,-6866723.004642849,0.0
39.25,-6859588.248509844,-6859567.3514689235,-6859546.252583221,-6859524.950270298,-6859503.442895822,-6859481.728772331,-6859459.806157956,-6859437.673255119,-6859415.328209207,-6859392.769107208,-6859369.99397631,-6859347.000782494,-6859323.787429069,-6859300.351755177,-6859276.69153427,-6859252.804472546,-6859228.688207356,-6859204.340305555,-6859179.758261819,-6859154.939496934,-6859129.881356023,-6859104.581106733,-6859079.03593738,-6859053.242955045,-6859027.199183608,-6859000.901561747,-6858974.346940871,-6858947.532082991,-6858920.453658552,-6858893.108244183,-6858865.492320389,-6858837.6022691885,-6858809.434371661,-6858780.984805438,-6858752.2496421095,-6858723.224844558,-6858693.906264208,-6858664.289638187,-6858634.370586398,-6858604.144608508,-6858573.607080821,-6858542.753253062,-6858511.57824506,-6858480.077043296,-6858448.244497361,-6858416.075316276,-6858383.564064691,-6858350.705158946,-6858317.492862997,-6858283.921284193,-6858249.9843689045,-6858215.67589798,-6858180.989482045,-6858145.918556629,-6858110.456377088,-6858074.596013357,-6858038.3303444795,-6858001.652052938,-6857964.553618756,-6857927.027313359,-6857889.065193197,-6857850.659093107,-6857811.800619402,-6857772.481142672,-6857732.691790295,-6857692.423438609,-6857651.666704787,-6857610.411938328,-6857568.64921221,-6857526.368313629,-6857483.558734356,-6857440.209660651,-6857396.309962727,-6857351.848183748,-6857306.812528307,-6857261.190850398,-6857214.970640813,-6857168.13901396,-6857120.682694055,-6857072.588000655,-6857023.840833515,-6856974.426656686,-6856924.330481866,-6856873.536850907,-6856822.029817475,-6856769.792927778,-6856716.809200332,-6856663.061104681,-6856608.530539045,-6856553.198806794,-6856497.046591686,-6856440.05393181,-6856382.200192139,-6856323.46403558,-6856263.823392494,-6856203.255428496,-6856141.736510498,-6856079.242170846,-6856015.747069409,-6855951.224953522,-6855885.648615601,-6855818.989848278,-6855751.219396898,-6855682.30690916,-6855612.220881737,-6855540.928603614,-6855468.396095933,-6855394.588048076,-6855319.467749693,-6855242.997018386,-6855165.13612269,-6855085.843700002,-6855005.0766690485,-6854922.790136453,-6854838.937296923,-6854753.469326541,-6854666.335268566,-6854577.481911119,-6854486.853656063,-6854394.392378298,-6854300.037274638,-6854203.724701316,-6854105.387999114,-6854004.957304951,-6853902.359348681,-6853797.517233688,-6853690.350199724,-6853580.773366247,-6853468.697454349,-6853354.0284850765,-6853236.667451778,-6853116.50996374,-6852993.445858109,-6852867.358776691,-6852738.125703806,-6852605.61646088,-6852469.693152914,-6852330.209561329,-6852187.010476927,-6852039.930965911,-6851888.795560866,-6851733.417367544,-6851573.5970769115,-6851409.121870449,-6851239.764204879,-6851065.280460424,-6850885.4094342645,-6850699.87065799,-6850508.3625144195,-6850310.560125247,-6850106.112976089,-6849894.642239978,-6849675.737753455,-6849448.954591409,-6849213.809176942,-6848969.774850779,-6848716.276810393,-6848452.686311513,-6848178.314003315,-6847892.402242276,-6847594.116197161,-6847282.53351729,-6846956.632285886,-6846615.276917335,-6846257.201577693,-6845880.990607437,-6845485.055297765,-6845067.606208904,-6844626.620010311,-6844159.799554846,-6843664.525554828,-6843137.797785947,-6842576.163180541,-6841975.627458842,-6841331.54606688,-6840638.489152797,-6839890.074208877,-6839078.759126011,-6838195.588531941,-6837229.889379134,-6836168.9226618055,-6834997.528920975,-6833697.886448754,-6832249.713360883,-6830631.8095523175,-6828827.393328259,-6826840.182025021,-6824741.43378512,-6822802.107085701,-6821720.840968292,0.0
39.0,-6813100.221167808,-6813073.47169045,-6813046.464540579,-6813019.197775088,-6812991.669389995,-6812963.87731891,-6812935.81943146,-6812907.493531668,-6812878.897356303,-6812850.028573204,-6812820.884779536,-6812791.463500034,-6812761.762185194,-6812731.778209415,-6812701.508869108,-6812670.951380759,-6812640.102878928,-6812608.960414227,-6812577.520951226,-6812545.781366313,-6812513.7384455055,-6812481.3888822,-6812448.729274868,-6812415.756124692,-6812382.465833138,-6812348.854699464,-6812314.918918163,-6812280.65457634,-6812246.057651014,-6812211.124006349,-6812175.849390795,-6812140.2294341745,-6812104.259644662,-6812067.935405689,-6812031.251972748,-6811994.204470124,-6811956.787887503,-6811918.997076495,-6811880.826747041,-6811842.271463726,-6811803.325641952,-6811763.983544012,-6811724.2392750215,-6811684.086778746,-6811643.519833248,-6811602.532046435,-6811561.116851432,-6811519.267501806,-6811476.977066623,-6811434.238425344,-6811391.0442625275,-6811347.387062359,-6811303.259102972,-6811258.652450578,-6811213.558953365,-6811167.97023519,-6811121.877689017,-6811075.2724701185,-6811028.145489018,-6810980.487404159,-6810932.288614279,-6810883.539250506,-6810834.229168118,-6810784.347937989,-6810733.884837678,-6810682.82884216,-6810631.168614176,-6810578.8924941765,-6810525.988489839,-6810472.44426516,-6810418.247129054,-6810363.38402348,-6810307.841511049,-6810251.605762072,-6810194.662541058,-6810136.997192582,-6810078.594626537,-6810019.439302715,-6809959.515214655,-6809898.805872783,-6809837.294286733,-6809774.962946851,-6809711.793804824,-6809647.768253377,-6809582.867104989,-6809517.070569577,-6809450.35823109,-6809382.709022933,-6809314.101202171,-6809244.512322443,-6809173.919205479,-6809102.297911182,-6809029.623706147,-6808955.871030547,-6808881.013463272,-6808805.023685221,-6808727.873440625,-6808649.533496279,-6808569.973598544,-6808489.162427991,-6808407.067551501,-6808323.655371692,-6808238.891073462,-6808152.738567468,-6808065.16043034,-6807976.11784138,-6807885.570515525,-6807793.476632297,-6807699.792760456,-6807604.473778054,-6807507.472787527,-6807408.7410255,-6807308.227766873,-6807205.880222764,-6807101.643431846,-6806995.460144563,-6806887.270699641,-6806777.012892328,-6806664.621833632,-6806550.029799882,-6806433.166071766,-6806313.956761974,-6806192.324630492,-6806068.188886462,-6805941.464975426,-6805812.064350702,-6805679.894227393,-6805544.857317526,-6805406.851544507,-6805265.769735005,-6805121.499286078,-6804973.921805188,-6804822.9127204195,-6804668.340857972,-6804510.067983614,-6804347.948304409,-6804181.827926613,-6804011.544265122,-6803836.925399281,-6803657.789369262,-6803473.943406466,-6803285.183090577,-6803091.2914249655,-6802892.037821056,-6802687.176981041,-6802476.447666891,-6802259.571342056,-6802036.250670297,-6801806.167854067,-6801568.982792309,-6801324.331034819,-6801071.821507004,-6800811.033975221,-6800541.516218569,-6800262.780868141,-6799974.301869165,-6799675.510515066,-6799365.790995286,-6799044.475390603,-6798710.838040624,-6798364.089198298,-6798003.3678757595,-6797627.733775011,-6797236.158186748,-6796827.513732141,-6796400.562818204,-6795953.944681032,-6795486.160909329,-6794995.559383567,-6794480.316651334,-6793938.41891549,-6793367.642086655,-6792765.531825243,-6792129.385306651,-6791456.23781877,-6790742.859647412,-6789985.772732897,-6789181.303561036,-6788325.700994086,-6787415.369520921,-6786447.307714513,-6785419.913674221,-6784334.4524474675,-6783197.726656448,-6782026.931866007,-6780858.364731277,-6779762.123490613,-6778861.343395922,-6778325.620006587,-6778201.048849116,0.0
38.75,-6766669.435185558,-6766637.4749160595,-6766605.204239984,-6766572.621000833,-6766539.722976138,-6766506.507875697,-6766472.9733397765,-6766439.116937266,-6766404.9361637905,-6766370.428439787,-6766335.59110852,-6766300.421434068,-6766264.916599255,-6766229.073703533,-6766192.889760815,-6766156.361697256,-6766119.486348985,-6766082.260459777,-6766044.680678671,-6766006.743557527,-6765968.445548532,-6765929.78300163,-6765890.752161903,-6765851.349166879,-6765811.570043761,-6765771.410706613,-6765730.866953446,-6765689.9344632365,-6765648.608792884,-6765606.885374061,-6765564.759509992,-6765522.2263721535,-6765479.280996872,-6765435.918281835,-6765392.1329824915,-6765347.919708381,-6765303.272919331,-6765258.186921551,-6765212.655863627,-6765166.673732384,-6765120.234348631,-6765073.331362785,-6765025.958250347,-6764978.108307256,-6764929.774645098,-6764880.9501861455,-6764831.627658269,-6764781.799589662,-6764731.458303411,-6764680.595911872,-6764629.204310876,-6764577.275173741,-6764524.79994506,-6764471.769834302,-6764418.175809178,-6764364.008588767,-6764309.258636425,-6764253.916152414,-6764197.971066273,-6764141.413028912,-6764084.231404413,-6764026.415261524,-6763967.953364832,-6763908.8341655955,-6763849.0457922295,-6763788.576040413,-6763727.412362821,-6763665.541858427,-6763602.951261392,-6763539.626929507,-6763475.554832145,-6763410.72053773,-6763345.1092006825,-6763278.705547811,-6763211.493864126,-6763143.457978058,-6763074.581246014,-6763004.846536289,-6762934.236212247,-6762862.732114781,-6762790.315543948,-6762716.967239828,-6762642.667362479,-6762567.395470976,-6762491.130501497,-6762413.85074437,-6762335.533820065,-6762256.156654015,-6762175.695450282,-6762094.125663906,-6762011.421971962,-6761927.558243159,-6761842.507505979,-6761756.241915211,-6761668.732716807,-6761579.950210991,-6761489.863713462,-6761398.441514628,-6761305.650836719,-6761211.457788677,-6761115.827318665,-6761018.723164062,-6760920.1077987915,-6760819.942377803,-6760718.186678534,-6760614.799039175,-6760509.736293498,-6760402.953702066,-6760294.404879557,-6760184.04171796,-6760071.814305361,-6759957.670840032,-6759841.557539499,-6759723.41854423,-6759603.195815597,-6759480.829027696,-6759356.2554525845,-6759229.40983848,-6759100.2242804095,-6758968.628082745,-6758834.5476130415,-6758697.90614654,-6758558.623700606,-6758416.616858356,-6758271.798580656,-6758124.0780055635,-6757973.3602342475,-6757819.54610233,-6757662.531935452,-6757502.209287838,-6757338.464662456,-6757171.179211244,-6757000.228413822,-6756825.481732828,-6756646.802243959,-6756464.046238583,-6756277.062796576,-6756085.6933268495,-6755889.771072812,-6755689.120579734,-6755483.557120761,-6755272.886077996,-6755056.902274825,-6754835.389255308,-6754608.118506197,-6754374.848616763,-6754135.324371388,-6753889.275769559,-6753636.416967696,-6753376.445137147,-6753109.039232615,-6752833.858665594,-6752550.541877734,-6752258.704810108,-6751957.939265715,-6751647.811164906,-6751327.858696837,-6750997.5903751,-6750656.483012872,-6750303.979643288,-6749939.487425273,-6749562.375595651,-6749171.973557195,-6748767.569232831,-6748348.407873181,-6747913.691584698,-6747462.5799588375,-6746994.192342661,-6746507.612518948,-6746001.896888961,-6745476.087718181,-6744929.233680177,-6744360.420915303,-6743768.819256707,-6743153.750389455,-6742514.787833732,-6741851.903278425,-6741165.680659918,-6740457.629477961,-6739730.643363126,-6738989.669747416,-6738242.680279609,-6737502.049424234,-6736786.4225373315,-6736122.961307073,-6735549.1254708,-6735110.9034942165,-6734848.856143409,-6734757.909928974,-6734750.005020298,0.0
38.5,-6720307.833712359,-6720271.45392851,-6720234.714323249,-6720197.612684808,-6720160.14673488,-6720122.31412674,-6720084.112443308,-6720045.539195176,-6720006.591818581,-6719967.267673353,-6719927.564040772,-6719887.478121425,-6719847.007032981,-6719806.147807915,-6719764.897391201,-6719723.252637926,-6719681.210310853,-6719638.76707795,-6719595.919509819,-6719552.664077101,-6719508.9971478,-6719464.91498455,-6719420.413741802,-6719375.489462971,-6719330.138077479,-6719284.355397761,-6719238.137116163,-6719191.478801795,-6719144.375897275,-6719096.823715417,-6719048.817435821,-6719000.35210138,-6718951.422614703,-6718902.023734428,-6718852.150071461,-6718801.796085106,-6718750.956079085,-6718699.624197472,-6718647.794420487,-6718595.460560208,-6718542.616256149,-6718489.254970706,-6718435.369984495,-6718380.954391549,-6718326.001094372,-6718270.502798857,-6718214.45200906,-6718157.841021803,-6718100.661921138,-6718042.906572622,-6717984.566617434,-6717925.633466302,-6717866.098293241,-6717805.952029096,-6717745.185354882,-6717683.788694893,-6717621.752209609,-6717559.065788354,-6717495.719041704,-6717431.701293659,-6717367.001573524,-6717301.60860753,-6717235.510810143,-6717168.6962750815,-6717101.152766005,-6717032.867706874,-6716963.828171942,-6716894.020875404,-6716823.432160631,-6716752.04798902,-6716679.853928417,-6716606.8351410795,-6716532.976371195,-6716458.2619318925,-6716382.675691748,-6716306.201060757,-6716228.8209757265,-6716150.5178850815,-6716071.273733063,-6715991.069943235,-6715909.88740135,-6715827.706437455,-6715744.506807254,-6715660.26767268,-6715574.967581621,-6715488.584446757,-6715401.095523496,-6715312.477386917,-6715222.705907688,-6715131.756226923,-6715039.602729902,-6714946.2190185785,-6714851.577882874,-6714755.651270614,-6714658.410256097,-6714559.825007199,-6714459.864750931,-6714358.49773738,-6714255.691201951,-6714151.411325792,-6714045.623194339,-6713938.290753861,-6713829.376765894,-6713718.842759466,-6713606.6489809705,-6713492.754341591,-6713377.116362108,-6713259.691114977,-6713140.433163505,-6713019.29549798,-6712896.22946858,-6712771.184714886,-6712644.109091818,-6712514.948591779,-6712383.647262823,-6712250.14712261,-6712114.388067928,-6711976.30777953,-6711835.84162204,-6711692.922538659,-6711547.480940384,-6711399.444589462,-6711248.738476768,-6711095.284692779,-6710939.002291846,-6710779.807149402,-6710617.611811778,-6710452.325338268,-6710283.853135105,-6710112.096780979,-6709936.953843778,-6709758.317688202,-6709576.077273946,-6709390.116944213,-6709200.316204265,-6709006.549489909,-6708808.685925819,-6708606.589073722,-6708400.116670644,-6708189.120357569,-6707973.445399149,-6707752.930395355,-6707527.406986387,-6707296.699552644,-6707060.624912173,-6706818.992018769,-6706571.601664949,-6706318.246195179,-6706058.709236346,-6705792.765454406,-6705520.180348633,-6705240.710097968,-6704954.101477994,-6704660.091871992,-6704358.409405941,-6704048.77324537,-6703730.894102309,-6703404.475013763,-6703069.212470034,-6702724.7979929615,-6702370.920292228,-6702007.268164153,-6701633.534344457,-6701249.4205878945,-6700854.644327524,-6700448.947371259,-6700032.107230645,-6699603.951857341,-6699164.378800297,-6698713.380108666,-6698251.074715123,-6697777.750568795,-6697293.919478125,-6696800.388502698,-6696298.352816857,-6695789.516231982,-6695276.246873585,-6694761.776473179,-6694250.451391896,-6693748.039645029,-6693262.086017357,-6692802.276571751,-6692380.703386313,-6692011.769909412,-6691711.18229269,-6691492.9867923055,-6691363.210872544,-6691310.161645647,-6691300.281333253,-6691300.000007482,0.0
38.25,-6674025.523942919,-6673985.667791806,-6673945.405564023,-6673904.735149372,-6673863.654375537,-6673822.161006188,-6673780.252739022,-6673737.927203769,-6673695.181960154,-6673652.014495802,-6673608.422224097,-6673564.402481989,-6673519.952527762,-6673475.069538727,-6673429.750608882,-6673383.992746505,-6673337.792871702,-6673291.147813882,-6673244.054309188,-6673196.508997864,-6673148.508421559,-6673100.049020562,-6673051.127130985,-6673001.738981877,-6672951.880692261,-6672901.548268117,-6672850.737599275,-6672799.444456257,-6672747.66448703,-6672695.3932136865,-6672642.626029042,-6672589.358193162,-6672535.584829794,-6672481.300922725,-6672426.501312048,-6672371.180690329,-6672315.333598689,-6672258.9544228,-6672202.037388763,-6672144.576558896,-6672086.565827416,-6672027.99891601,-6671968.8693692945,-6671909.170550163,-6671848.895635016,-6671788.037608853,-6671726.589260261,-6671664.543176247,-6671601.89173695,-6671538.6271102065,-6671474.741245964,-6671410.22587055,-6671345.072480784,-6671279.272337916,-6671212.816461399,-6671145.695622495,-6671077.900337676,-6671009.420861855,-6670940.247181408,-6670870.369006984,-6670799.775766117,-6670728.456595589,-6670656.400333583,-6670583.595511576,-6670510.030345986,-6670435.692729553,-6670360.570222439,-6670284.650043045,-6670207.919058524,-6670130.363774985,-6670051.970327358,-6669972.724468923,-6669892.611560494,-6669811.6165591935,-6669729.724006875,-6669646.918018122,-6669563.182267803,-6669478.49997821,-6669392.853905711,-6669306.226326923,-6669218.599024371,-6669129.953271617,-6669040.269817832,-6668949.52887179,-6668857.710085242,-6668764.792535666,-6668670.754708358,-6668575.574477805,-6668479.229088367,-6668381.695134173,-6668282.948538247,-6668182.9645308005,-6668081.717626669,-6667979.1816018475,-6667875.3294691,-6667770.133452582,-6667663.564961461,-6667555.594562475,-6667446.19195138,-6667335.325923285,-6667222.964341767,-6667109.07410677,-6666993.621121224,-6666876.57025634,-6666757.885315526,-6666637.52899689,-6666515.462854287,-6666391.647256838,-6666266.041346921,-6666138.602996542,-6666009.288762102,-6665878.053837465,-6665744.852005348,-6665609.635586977,-6665472.355389995,-6665332.960654624,-6665191.398998061,-6665047.616357138,-6664901.556929257,-6664753.163111666,-6664602.375439109,-6664449.132519985,-6664293.37097109,-6664135.025351137,-6663974.0280932365,-6663810.309436583,-6663643.797357671,-6663474.417501404,-6663302.093112564,-6663126.744968201,-6662948.291311618,-6662766.647788744,-6662581.727387879,-6662393.440383961,-6662201.694288744,-6662006.3938084915,-6661807.4408112,-6661604.734305612,-6661398.170434812,-6661187.642487653,-6660973.04093193,-6660754.253473868,-6660531.16514944,-6660303.658454006,-6660071.613518007,-6659834.908337932,-6659593.419073501,-6659347.020424147,-6659095.58610039,-6658838.989408694,-6658577.103972144,-6658309.804613583,-6658036.9684332535,-6657758.47611942,-6657474.213538209,-6657184.073658515,-6656887.958879235,-6656585.783840248,-6656277.478815626,-6655962.9938085005,-6655642.303492431,-6655315.413175207,-6654982.36599876,-6654643.251634663,-6654298.216789958,-6653947.477904232,-6653591.33649703,-6653230.197715413,-6652864.592733407,-6652495.205763774,-6652122.906547069,-6651748.789261379,-6651374.2188052125,-6651000.885267244,-6650630.866966927,-6650266.7014774345,-6649911.462087272,-6649568.833467361,-6649243.17363091,-6648939.5375941135,-6648663.6184976585,-6648421.530720452,-6648219.314893419,-6648061.996023156,-6647952.022128367,-6647887.110723572,-6647858.303473512,-6647850.708608647,-6647850.005546896,-6647850.000000004,0.0
38.0,-6627830.237673609,-6627788.004139599,-6627745.320893605,-6627702.186068528,-6627658.597744735,-6627614.553948269,-6627570.052648999,-6627525.091758716,-6627479.6691292,-6627433.782550234,-6627387.429747557,-6627340.608380794,-6627293.3160413075,-6627245.550250025,-6627197.308455191,-6627148.588030085,-6627099.386270683,-6627049.700393246,-6626999.527531879,-6626948.864736019,-6626897.708967869,-6626846.057099771,-6626793.905911521,-6626741.2520876285,-6626688.092214506,-6626634.422777596,-6626580.240158442,-6626525.540631687,-6626470.320362011,-6626414.575400985,-6626358.301683882,-6626301.495026396,-6626244.151121301,-6626186.265535025,-6626127.833704162,-6626068.850931909,-6626009.312384397,-6625949.213086987,-6625888.547920448,-6625827.311617072,-6625765.498756694,-6625703.10376263,-6625640.12089753,-6625576.54425913,-6625512.367775921,-6625447.585202719,-6625382.190116136,-6625316.175909957,-6625249.535790411,-6625182.26277133,-6625114.34966922,-6625045.789098199,-6624976.573464841,-6624906.694962884,-6624836.145567839,-6624764.917031458,-6624693.000876086,-6624620.38838888,-6624547.070615889,-6624473.038356,-6624398.282154744,-6624322.792297943,-6624246.558805212,-6624169.571423318,-6624091.819619344,-6624013.292573716,-6623933.979173041,-6623853.868002772,-6623772.947339683,-6623691.20514416,-6623608.629052288,-6623525.206367728,-6623440.924053402,-6623355.768722936,-6623269.72663189,-6623182.783668748,-6623094.925345671,-6623006.136788989,-6622916.402729448,-6622825.707492172,-6622734.034986365,-6622641.368694721,-6622547.691662529,-6622452.986486494,-6622357.23530323,-6622260.419777435,-6622162.521089743,-6622063.519924212,-6621963.3964555105,-6621862.13033569,-6621759.700680641,-6621656.086056151,-6621551.264463603,-6621445.213325274,-6621337.90946927,-6621229.329114048,-6621119.447852566,-6621008.240636043,-6620895.681757325,-6620781.744833875,-6620666.402790409,-6620549.627841141,-6620431.391471727,-6620311.66442086,-6620190.416661592,-6620067.61738239,-6619943.234967982,-6619817.236980027,-6619689.590137685,-6619560.260298146,-6619429.212437204,-6619296.410629962,-6619161.818031803,-6619025.396859735,-6618887.108374273,-6618746.912862035,-6618604.769619244,-6618460.636936387,-6618314.472084291,-6618166.231301916,-6618015.869786252,-6617863.341684688,-6617708.600090362,-6617551.597040997,-6617392.283521866,-6617230.6094735805,-6617066.523805497,-6616899.974415716,-6616730.908218674,-6616559.271181601,-6616385.00837121,-6616208.064012227,-6616028.381559608,-6615845.903786531,-6615660.572890604,-6615472.3306210525,-6615281.118430097,-6615086.877652178,-6614889.549715266,-6614689.07638913,-6614485.400076161,-6614278.464151228,-6614068.2133580195,-6613854.594270511,-6613637.555829468,-6613417.049965551,-6613193.0323222745,-6612965.463094269,-6612734.307998669,-6612499.539400281,-6612261.137614474,-6612019.092415523,-6611773.404782514,-6611524.088920001,-6611271.174596434,-6611014.709850038,-6610754.764119452,-6610491.4318650225,-6610224.836756261,-6609955.13651151,-6609682.528487267,-6609407.2561263805,-6609129.616385914,-6608849.968275713,-6608568.74264564,-6608286.453360243,-6608003.709989263,-6607721.23211378,-6607439.865289267,-6607160.59860104,-6606884.583568072,-6606613.153857755,-6606347.844807541,-6606090.411021542,-6605842.839195193,-6605607.351643793,-6605386.393544433,-6605182.593389465,-6604998.681407111,-6604837.344898207,-6604700.99380485,-6604591.408296859,-6604509.252637123,-6604453.487253895,-6604420.829879236,-6604405.637456442,-6604400.810292865,-6604400.033118708,-6604400.000059615,-6604400.0,0.0
37.75,-6581726.723338204,-6581683.373989484,-6581639.53304203,-6581595.198982704,-6581550.370260471,-6581505.045284808,-6581459.222424085,-6581412.900003908,-6581366.076305406,-6581318.749563474,-6581270.91796499,-6581222.579646957,-6581173.7326946305,-6581124.375139566,-6581074.504957649,-6581024.120067057,-6580973.218326177,-6580921.797531486,-6580869.855415355,-6580817.3896438265,-6580764.39781433,-6580710.877453342,-6580656.826014007,-6580602.240873683,-6580547.119331453,-6580491.458605574,-6580435.255830868,-6580378.508056058,-6580321.212241058,-6580263.365254188,-6580204.963869351,-6580146.00476313,-6580086.484511853,-6580026.399588573,-6579965.746360011,-6579904.521083419,-6579842.719903406,-6579780.338848677,-6579717.373828734,-6579653.820630501,-6579589.674914901,-6579524.932213356,-6579459.587924234,-6579393.637309233,-6579327.075489702,-6579259.897442901,-6579192.097998193,-6579123.671833175,-6579054.613469753,-6578984.917270145,-6578914.577432821,-6578843.58798839,-6578771.94279541,-6578699.635536149,-6578626.659712267,-6578553.008640457,-6578478.675447999,-6578403.653068268,-6578327.934236174,-6578251.511483554,-6578174.377134468,-6578096.523300481,-6578017.941875838,-6577938.624532625,-6577858.562715833,-6577777.747638382,-6577696.1702760905,-6577613.821362583,-6577530.691384135,-6577446.770574483,-6577362.048909569,-6577276.516102235,-6577190.161596876,-6577102.97456404,-6577014.943894988,-6576926.058196208,-6576836.305783905,-6576745.674678432,-6576654.152598715,-6576561.726956638,-6576468.38485141,-6576374.113063917,-6576278.898051069,-6576182.725940138,-6576085.582523107,-6575987.453251036,-6575888.323228455,-6575788.17720779,-6575686.99958385,-6575584.774388367,-6575481.485284639,-6575377.115562254,-6575271.648131964,-6575165.065520685,-6575057.349866682,-6574948.48291497,-6574838.446012943,-6574727.220106294,-6574614.785735255,-6574501.123031205,-6574386.21171372,-6574270.03108811,-6574152.560043503,-6574033.777051579,-6573913.660166033,-6573792.187022845,-6573669.334841497,-6573545.080427233,-6573419.400174517,-6573292.270071832,-6573163.665708005,-6573033.5622802265,-6572901.934604002,-6572768.7571252715,-6572634.003934957,-6572497.648786249,-6572359.665114963,-6572220.026063355,-6572078.7045077905,-6571935.6730907895,-6571790.904257912,-6571644.37030014,-6571496.043402379,-6571345.895698838,-6571193.899336118,-6571040.02654496,-6570884.2497216705,-6570726.541520443,-6570566.87495785,-6570405.22353104,-6570241.561351266,-6570075.8632946415,-6569908.105172233,-6569738.263921843,-6569566.31782417,-6569392.2467463445,-6569216.032416206,-6569037.658731163,-6568857.112105899,-6568674.3818637775,-6568489.460677387,-6568302.345064376,-6568113.035945487,-6567921.539272595,-6567727.866735499,-6567532.036557357,-6567334.0743898135,-6567134.014320271,-6566931.900005211,-6566727.785945082,-6566521.738918072,-6566313.8395919,-6566104.184334763,-6565892.887248522,-6565680.082449198,-6565465.926621584,-6565250.601876168,-6565034.318937318,-6564817.32069139,-6564599.886121366,-6564382.334650354,-6564165.030908085,-6563948.3899213,-6563732.8827080205,-6563519.042224128,-6563307.469564047,-6563098.840249758,-6562893.91034567,-6562693.522000581,-6562498.607827783,-6562310.193272661,-6562129.395762317,-6561957.418959847,-6561795.539835164,-6561645.085505314,-6561507.395916231,-6561383.767542217,-6561275.372644181,-6561183.148851216,-6561107.656087467,-6561048.904259956,-6561006.168968792,-6560977.837852631,-6560961.368475773,-6560953.477655713,-6560950.671594338,-6560950.058225999,-6560950.001025913,-6560950.000000344,-6560950.0,0.0
37.5,-6535716.052292151,-6535673.021700967,-6535629.45826841,-6535585.360899794,-6535540.728481661,-6535495.559880544,-6535449.8539417265,-6535403.609487914,-6535356.825317908,-6535309.500205229,-6535261.632896681,-6535213.222110907,-6535164.266536872,-6535114.764832327,-6535064.715622222,-6535014.11749707,-6534962.9690112835,-6534911.268681456,-6534859.0149846,-6534806.206356345,-6534752.841189087,-6534698.9178300975,-6534644.434579587,-6534589.389688714,-6534533.781357568,-6534477.607733077,-6534420.86690691,-6534363.556913287,-6534305.675726792,-6534247.221260092,-6534188.191361657,-6534128.583813397,-6534068.396328276,-6534007.62654788,-6533946.272039933,-6533884.330295771,-6533821.798727788,-6533758.674666813,-6533694.955359474,-6533630.63796551,-6533565.7195550315,-6533500.197105771,-6533434.067500273,-6533367.327523061,-6533299.973857767,-6533232.003084231,-6533163.411675567,-6533094.195995215,-6533024.35229394,-6532953.876706842,-6532882.765250313,-6532811.013819006,-6532738.61818276,-6532665.573983536,-6532591.876732334,-6532517.521806106,-6532442.504444675,-6532366.819747639,-6532290.462671311,-6532213.428025638,-6532135.710471172,-6532057.304516033,-6531978.204512918,-6531898.404656141,-6531817.8989787055,-6531736.6813494405,-6531654.745470168,-6531572.084872966,-6531488.692917456,-6531404.562788219,-6531319.687492263,-6531234.059856606,-6531147.672525964,-6531060.517960558,-6530972.588434053,-6530883.876031639,-6530794.37264828,-6530704.069987118,-6530612.959558085,-6530521.0326767005,-6530428.280463101,-6530334.693841317,-6530240.263538793,-6530144.980086208,-6530048.8338176,-6529951.814870807,-6529853.913188293,-6529755.118518341,-6529655.420416679,-6529554.808248559,-6529453.271191321,-6529350.7982375035,-6529247.378198507,-6529142.999708916,-6529037.651231458,-6528931.321062722,-6528823.99733965,-6528715.668046899,-6528606.3210251285,-6528495.943980296,-6528384.524494055,-6528272.050035328,-6528158.507973194,-6528043.885591167,-6527928.1701030005,-6527811.348670172,-6527693.408421168,-6527574.33647275,-6527454.119953372,-6527332.746028949,-6527210.2019311935,-6527086.474988752,-6526961.552661402,-6526835.422577598,-6526708.072575681,-6526579.490749093,-6526449.665495979,-6526318.585573605,-6526186.240158023,-6526052.618909535,-6525917.712044472,-6525781.510413935,-6525644.005590154,-6525505.18996122,-6525365.05683503,-6525223.60055331,-6525080.816616763,-6524936.701822404,-6524791.25441432,-6524644.474249182,-6524496.3629779685,-6524346.924245547,-6524196.163909869,-6524044.090282759,-6523890.71439445,-6523736.05028423,-6523580.115319803,-6523422.93054823,-6523264.521081543,-6523104.916520479,-6522944.151420031,-6522782.26580087,-6522619.305711021,-6522455.323842531,-6522290.380208215,-6522124.54288389,-6521957.88882185,-6521790.504741583,-6521622.4881039355,-6521453.948175011,-6521285.007185973,-6521115.801594656,-6520946.483454132,-6520777.221892362,-6520608.204705186,-6520439.6400623955,-6520271.758322842,-6520104.813949237,-6519939.08750608,-6519774.887714173,-6519612.553521736,-6519452.456134261,-6519295.000921316,-6519140.6290871715,-6518989.818951003,-6518843.086629368,-6518700.985845328,-6518564.106502432,-6518433.071554273,-6518308.531569818,-6518191.156241402,-6518081.621911662,-6517980.594023657,-6517888.703258472,-6517806.514082039,-6517734.484594351,-6517672.917156067,-6517621.900569556,-6517581.2470596135,-6517550.431479167,-6517528.546484774,-6517514.295538202,-6517506.05285855,-6517502.018316009,-6517500.471015417,-6517500.06224881,-6517500.003054339,-6517500.000020839,-6517500.000000001,-6517500.0,0.0
37.25,-6489794.818547668,-6489753.728944282,-6489712.064717845,-6489669.825195251,-6489627.009707305,-6489583.617587993,-6489539.648173693,-6489495.100802364,-6489449.974812708,-6489404.269543288,-6489357.984331626,-6489311.118513248,-6489263.671420712,-6489215.6423825985,-6489167.030722455,-6489117.835757713,-6489068.0567985745,-6489017.693146851,-6488966.744094772,-6488915.208923755,-6488863.086903144,-6488810.377288906,-6488757.079322291,-6488703.192228455,-6488648.715215058,-6488593.6474708,-6488537.988163953,-6488481.736440826,-6488424.891424225,-6488367.452211848,-6488309.417874677,-6488250.787455302,-6488191.559966252,-6488131.734388254,-6488071.3096685,-6488010.284718852,-6487948.658414037,-6487886.429589824,-6487823.597041147,-6487760.159520239,-6487696.115734724,-6487631.464345699,-6487566.2039657915,-6487500.333157227,-6487433.850429854,-6487366.754239191,-6487299.042984448,-6487230.7150065685,-6487161.768586254,-6487092.201942021,-6487022.013228244,-6486951.200533245,-6486879.761877381,-6486807.695211175,-6486734.998413477,-6486661.669289668,-6486587.705569915,-6486513.104907462,-6486437.864877019,-6486361.982973187,-6486285.456608982,-6486208.283114445,-6486130.459735351,-6486051.983632019,-6485972.851878258,-6485893.06146043,-6485812.609276665,-6485731.492136235,-6485649.706759094,-6485567.249775606,-6485484.117726481,-6485400.307062919,-6485315.814146999,-6485230.635252322,-6485144.766564918,-6485058.204184457,-6484970.944125779,-6484882.982320753,-6484794.314620515,-6484704.9367980845,-6484614.844551402,-6484524.033506824,-6484432.499223079,-6484340.237195751,-6484247.242862309,-6484153.511607704,-6484059.0387706105,-6483963.819650319,-6483867.849514346,-6483771.1236067945,-6483673.637157533,-6483575.385392227,-6483476.363543296,-6483376.566861849,-6483275.9906306695,-6483174.6301783165,-6483072.480894419,-6482969.538246243,-6482865.79779662,-6482761.255223322,-6482655.906340001,-6482549.747118778,-6482442.773714595,-6482334.982491503,-6482226.370050928,-6482116.933262164,-6482006.669295151,-6481895.57565578,-6481783.650223866,-6481670.891293982,-6481557.297619389,-6481442.868459271,-6481327.603629513,-6481211.503557317,-6481094.5693399105,-6480976.802807679,-6480858.206592044,-6480738.784198463,-6480618.540084934,-6480497.4797464255,-6480375.609805698,-6480252.9381110035,-6480129.473841205,-6480005.227618868,-6479880.211631972,-6479754.439764874,-6479627.927739272,-6479500.6932658935,-6479372.756207757,-6479244.138755875,-6479114.865618308,-6478984.964223579,-6478854.464939481,-6478723.401308368,-6478591.810300092,-6478459.732583769,-6478327.212819606,-6478194.299972041,-6478061.047645473,-6477927.514443822,-6477793.764355116,-6477659.867162241,-6477525.898880858,-6477391.942225242,-6477258.087102588,-6477124.43113592,-6476991.080215175,-6476858.149075434,-6476725.761900321,-6476594.0529474355,-6476463.16719124,-6476333.260976897,-6476204.5026761815,-6476077.073333582,-6475951.167286893,-6475826.992741947,-6475704.772275221,-6475584.743230857,-6475467.157969742,-6475352.2839174215,-6475240.403344514,-6475131.812797502,-6475026.82207905,-6474925.752655217,-6474828.935341954,-6474736.707095687,-6474649.406703625,-6474567.369140945,-6474490.918338416,-6474420.358092081,-6474355.960857635,-6474297.954223397,-6474246.504973061,-6474201.700869987,-6474163.530668246,-6474131.863443831,-6474106.429205291,-6474086.803923726,-6474072.403563371,-6474062.49312559,-6474056.217445366,-6474052.65912374,-6474050.92341318,-6474050.238054706,-6474050.039192442,-6474050.003128216,-6474050.000068149,-6474050.000000082,-6474050.0,-6474050.0,0.0
37.0,-6443954.208728181,-6443916.8888933575,-6443878.95106437,-6443840.394918829,-6443801.220163113,-6443761.4265322145,-6443721.013789562,-6443679.9817268215,-6443638.330163672,-6443596.058947558,-6443553.167953416,-6443509.657083384,-6443465.526266464,-6443420.775458188,-6443375.404640225,-6443329.413819994,-6443282.8030302245,-6443235.572328505,-6443187.721796791,-6443139.251540899,-6443090.161689965,-6443040.452395874,-6442990.123832668,-6442939.176195919,-6442887.6097020805,-6442835.42458781,-6442782.621109259,-6442729.199541351,-6442675.160177014,-6442620.503326404,-6442565.229316096,-6442509.338488259,-6442452.83119979,-6442395.707821451,-6442337.968736973,-6442279.61434214,-6442220.64504386,-6442161.06125922,-6442100.863414531,-6442040.051944356,-6441978.6272905385,-6441916.5899012135,-6441853.94022983,-6441790.678734168,-6441726.805875354,-6441662.322116895,-6441597.2279237155,-6441531.523761222,-6441465.210094386,-6441398.287386838,-6441330.756100027,-6441262.616692379,-6441193.869618535,-6441124.515328626,-6441054.554267606,-6440983.986874652,-6440912.8135826485,-6440841.034817756,-6440768.650999058,-6440695.662538332,-6440622.069839937,-6440547.873300808,-6440473.073310614,-6440397.670252056,-6440321.664501332,-6440245.056428795,-6440167.846399795,-6440090.034775746,-6440011.621915413,-6439932.608176466,-6439852.993917289,-6439772.779499088,-6439691.965288307,-6439610.5516593885,-6439528.538997882,-6439445.927703956,-6439362.718196306,-6439278.910916519,-6439194.506333899,-6439109.504950813,-6439023.907308555,-6438937.713993815,-6438850.925645719,-6438763.542963555,-6438675.566715183,-6438586.997746165,-6438497.836989698,-6438408.085477376,-6438317.744350814,-6438226.814874243,-6438135.298448057,-6438043.196623452,-6437950.511118155,-6437857.243833345,-6437763.396871821,-6437668.972557509,-6437573.97345635,-6437478.402398695,-6437382.262503273,-6437285.557202785,-6437188.290271324,-6437090.4658535905,-6436992.0884961225,-6436893.163180586,-6436793.695359271,-6436693.690992925,-6436593.156591043,-6436492.099254756,-6436390.526722489,-6436288.447418507,-6436185.870504561,-6436082.80593477,-6435979.2645139545,-6435875.257959589,-6435770.7989676045,-6435665.901282243,-6435560.579770191,-6435454.850499239,-6435348.7308217045,-6435242.23946289,-6435135.396614829,-6435028.224035632,-6434920.745154677,-6434812.98518398,-6434704.971236026,-6434596.732448366,-6434488.300115297,-6434379.707826905,-6434270.991615782,-6434162.19011166,-6434053.344704259,-6433944.499714489,-6433835.7025742475,-6433727.004014856,-6433618.458264183,-6433510.123252348,-6433402.060825809,-6433294.336969409,-6433187.0220358325,-6433080.190981563,-6432973.923608234,-6432868.304807758,-6432763.424809268,-6432659.379425232,-6432556.270293491,-6432454.20511109,-6432353.297854809,-6432253.668982087,-6432155.445604609,-6432058.761625144,-6431963.757826187,-6431870.581896619,-6431779.388379758,-6431690.338522957,-6431603.600005088,-6431519.346513884,-6431437.757140148,-6431359.015550211,-6431283.308891838,-6431210.826382084,-6431141.757518599,-6431076.289849036,-6431014.606226928,-6430956.88147792,-6430903.278398752,-6430853.943015218,-6430808.999037542,-6430768.541476596,-6430732.629428104,-6430701.278102674,-6430674.450287047,-6430652.047579072,-6430633.901958376,-6430619.768548027,-6430609.320792151,-6430602.149702414,-6430597.769252043,-6430595.630282374,-6430595.145174155,-6430595.724597694,-6430596.825308932,-6430598.003647206,-6430598.963181598,-6430599.578783056,-6430599.878684023,-6430599.979339272,-6430599.998557387,-6430599.9999825265,-6430599.999999997,-6430600.0,0.0
36.75,-6398178.918657984,-6398147.426257213,-6398115.27024875,-6398082.4505076045,-6398048.966962661,-6398014.819597212,-6397980.008449483,-6397944.533613151,-6397908.395237841,-6397871.593529612,-6397834.128751433,-6397796.001223646,-6397757.211324402,-6397717.7594901025,-6397677.646215806,-6397636.872055632,-6397595.437623144,-6397553.343591713,-6397510.590694869,-6397467.179726637,-6397423.111541848,-6397378.3870564345,-6397333.007247725,-6397286.973154686,-6397240.285878185,-6397192.946581208,-6397144.956489078,-6397096.316889634,-6397047.029133423,-6396997.094633852,-6396946.51486733,-6396895.291373399,-6396843.425754852,-6396790.9196778275,-6396737.774871901,-6396683.99313016,-6396629.576309274,-6396574.526329551,-6396518.8451749915,-6396462.534893338,-6396405.597596112,-6396348.035458677,-6396289.850720271,-6396231.0456840675,-6396171.62271724,-6396111.584251042,-6396050.932780895,-6395989.670866505,-6395927.801132001,-6395865.326266112,-6395802.249022365,-6395738.572219341,-6395674.298740969,-6395609.431536878,-6395543.973622818,-6395477.928081134,-6395411.298061343,-6395344.086780779,-6395276.297525349,-6395207.933650393,-6395138.998581657,-6395069.495816412,-6394999.428924707,-6394928.8015507795,-6394857.61741465,-6394785.880313887,-6394713.594125593,-6394640.7628086,-6394567.390405918,-6394493.481047424,-6394419.038952852,-6394344.068435073,-6394268.573903705,-6394192.559869066,-6394116.030946518,-6394038.991861198,-6393961.447453187,-6393883.402683143,-6393804.862638428,-6393725.8325397605,-6393646.317748425,-6393566.323774098,-6393485.856283294,-6393404.921108501,-6393323.524258042,-6393241.6719266875,-6393159.370507104,-6393076.626602146,-6392993.447038068,-6392909.838878718,-6392825.809440727,-6392741.366309811,-6392656.517358183,-6392571.270763203,-6392485.635027272,-6392399.618999086,-6392313.23189628,-6392226.483329577,-6392139.383328479,-6392051.9423686005,-6391964.171400735,-6391876.081881703,-6391787.685807105,-6391698.995746059,-6391610.02487799,-6391520.78703159,-6391431.296726063,-6391341.569214691,-6391251.620530886,-6391161.467536778,-6391071.127974502,-6390980.620520195,-6390889.96484091,-6390799.181654471,-6390708.292792393,-6390617.321265988,-6390526.291335709,-6390435.228583854,-6390344.159990684,-6390253.114014061,-6390162.120672625,-6390071.211632585,-6389980.420298142,-6389889.781905532,-6389799.33362071,-6389709.114640551,-6389619.166297529,-6389529.532167711,-6389440.258181833,-6389351.3927392205,-6389262.9868241865,-6389175.094124423,-6389087.771150848,-6389001.077358175,-6388915.075265324,-6388829.83057462,-6388745.412288453,-6388661.892821868,-6388579.348109173,-6388497.857702334,-6388417.5048584975,-6388338.376613438,-6388260.563837206,-6388184.161267548,-6388109.2675159,-6388035.985039859,-6387964.420075025,-6387894.682517913,-6387826.8857502965,-6387761.146393853,-6387697.583982246,-6387636.320535903,-6387577.48002264,-6387521.187685022,-6387467.569212889,-6387416.749736942,-6387368.852616752,-6387323.99799408,-6387282.301080318,-6387243.870145362,-6387208.804174818,-6387177.190163697,-6387149.100018417,-6387124.587046327,-6387103.682024225,-6387086.388856784,-6387072.679864429,-6387062.490781254,-6387055.715600394,-6387052.201480569,-6387051.744026905,-6387054.083384059,-6387058.901729815,-6387065.822926603,-6387074.41526166,-6387084.198352564,-6387094.655361484,-6387105.251569223,-6387115.460003395,-6387124.794076925,-6387132.845977833,-6387139.327823073,-6387144.110342696,-6387147.250881316,-6387148.997966246,-6387149.753109545,-6387149.969187213,-6387149.999004788,-6387149.9999988815,-6387150.0,0.0
36.5,-6352445.895891123,-6352422.541398026,-6352398.475492302,-6352373.698008291,-6352348.208857235,-6352322.008028567,-6352295.095591205,-6352267.47169485,-6352239.136571281,-6352210.090535647,-6352180.33398778,-6352149.86741348,-6352118.691385824,-6352086.806566463,-6352054.213706914,-6352020.913649866,-6351986.907330465,-6351952.195777607,-6351916.780115229,-6351880.661563596,-6351843.841440568,-6351806.3211628925,-6351768.1022474645,-6351729.1863125935,-6351689.575079271,-6351649.270372413,-6351608.274122115,-6351566.588364894,-6351524.215244923,-6351481.157015254,-6351437.416039051,-6351392.994790793,-6351347.895857495,-6351302.121939906,-6351255.6758536985,-6351208.560530678,-6351160.7790199565,-6351112.334489144,-6351063.230225528,-6351013.469637247,-6350963.056254481,-6350911.993730616,-6350860.285843444,-6350807.936496332,-6350754.949719424,-6350701.329670841,-6350647.080637896,-6350592.207038319,-6350536.713421497,-6350480.60446975,-6350423.884999621,-6350366.559963189,-6350308.634449435,-6350250.113685632,-6350191.003038781,-6350131.308017114,-6350071.034271637,-6350010.187597742,-6349948.773936907,-6349886.799378456,-6349824.270161429,-6349761.192676537,-6349697.57346825,-6349633.419236976,-6349568.736841411,-6349503.533301013,-6349437.81579864,-6349371.591683389,-6349304.868473591,-6349237.653860052,-6349169.955709499,-6349101.78206829,-6349033.141166375,-6348964.041421567,-6348894.491444115,-6348824.500041615,-6348754.076224286,-6348683.229210646,-6348611.968433587,-6348540.303546921,-6348468.244432398,-6348395.801207239,-6348322.984232217,-6348249.804120335,-6348176.271746118,-6348102.398255575,-6348028.195076877,-6347953.673931764,-6347878.846847774,-6347803.726171297,-6347728.324581535,-6347652.655105392,-6347576.731133372,-6347500.566436507,-6347424.175184418,-6347347.571964505,-6347270.771802376,-6347193.790183542,-6347116.643076455,-6347039.346956939,-6346961.918834075,-6346884.376277611,-6346806.73744695,-6346729.021121764,-6346651.246734328,-6346573.434403586,-6346495.604971036,-6346417.780038481,-6346339.982007673,-6346262.234121936,-6346184.560509754,-6346106.986230399,-6346029.537321591,-6345952.240849235,-6345875.124959211,-6345798.218931203,-6345721.5532345865,-6345645.159586271,-6345569.071010474,-6345493.32190033,-6345417.948081209,-6345342.986875623,-6345268.477169507,-6345194.459479693,-6345120.976022253,-6345048.070781458,-6344975.7895789,-6344904.180142367,-6344833.292173918,-6344763.177416539,-6344693.889718626,-6344625.485095484,-6344558.021786811,-6344491.560309049,-6344426.163501281,-6344361.896563139,-6344298.82708298,-6344237.025054352,-6344176.562878391,-6344117.515349579,-6344059.959621834,-6344003.975151514,-6343949.643613469,-6343897.048785719,-6343846.276397788,-6343797.413937084,-6343750.5504070185,-6343705.776029772,-6343663.181885898,-6343622.859481985,-6343584.900236787,-6343549.394875337,-6343516.43271962,-6343486.100863637,-6343458.483219989,-6343433.659424577,-6343411.703585992,-6343392.682866327,-6343376.655881239,-6343363.670908867,-6343353.763900267,-6343346.956288554,-6343343.252600405,-6343342.637882407,-6343345.074966361,-6343350.50161257,-6343358.82758854,-6343369.931762516,-6343383.659316277,-6343399.8192083705,-6343418.1820449885,-6343438.47853696,-6343460.398732013,-6343483.592204799,-6343507.669356557,-6343532.203921594,-6343556.736714796,-6343580.780634873,-6343603.827081204,-6343625.354472051,-6343644.840822281,-6343661.784762024,-6343675.7430705875,-6343686.39653707,-6343693.654731295,-6343697.790914488,-6343699.537233615,-6343699.9646192035,-6343699.999777742,-6343700.0,0.0
36.25,-6306722.89493571,-6306710.264002435,-6306696.872743188,-6306682.720634947,-6306667.807249833,-6306652.13225719,-6306635.695425647,-6306618.496625226,-6306600.535829453,-6306581.813117495,-6306562.328676325,-6306542.082802887,-6306521.07590629,-6306499.308510019,-6306476.781254169,-6306453.494897674,-6306429.450320576,-6306404.648526299,-6306379.090643931,-6306352.777930532,-6306325.711773447,-6306297.893692639,-6306269.325343023,-6306240.008516819,-6306209.945145919,-6306179.137304251,-6306147.587210162,-6306115.297228814,-6306082.269874569,-6306048.507813403,-6306014.013865309,-6305978.791006712,-6305942.842372901,-6305906.171260435,-6305868.7811295865,-6305830.675606764,-6305791.858486955,-6305752.33373615,-6305712.105493793,-6305671.178075211,-6305629.5559740625,-6305587.243864774,-6305544.2466049865,-6305500.569237998,-6305456.216995208,-6305411.195298571,-6305365.509763038,-6305319.1661990145,-6305272.170614812,-6305224.529219122,-6305176.248423466,-6305127.33484469,-6305077.795307433,-6305027.636846638,-6304976.8667100575,-6304925.492360786,-6304873.521479807,-6304820.961968571,-6304767.821951595,-6304714.109779099,-6304659.834029673,-6304605.003513003,-6304549.627272629,-6304493.714588767,-6304437.2749811895,-6304380.318212189,-6304322.854289607,-6304264.893469964,-6304206.446261677,-6304147.523428403,-6304088.135992488,-6304028.295238576,-6303968.012717336,-6303907.300249387,-6303846.169929377,-6303784.634130274,-6303722.705507873,-6303660.3970055375,-6303597.721859184,-6303534.693602574,-6303471.326072879,-6303407.633416588,-6303343.630095763,-6303279.330894674,-6303214.750926843,-6303149.905642523,-6303084.81083666,-6303019.482657335,-6302953.937614763,-6302888.1925908625,-6302822.264849413,-6302756.172046894,-6302689.932243974,-6302623.5639177505,-6302557.085974737,-6302490.517764676,-6302423.879095171,-6302357.19024724,-6302290.471991772,-6302223.745606973,-6302157.032896797,-6302090.356210465,-6302023.738463014,-6301957.203157021,-6301890.774405423,-6301824.476955553,-6301758.336214343,-6301692.378274758,-6301626.629943444,-6301561.118769592,-6301495.873075036,-6301430.921985536,-6301366.2954632295,-6301302.024340208,-6301238.14035315,-6301174.676178952,-6301111.665471236,-6301049.142897612,-6300987.144177578,-6300925.706120844,-6300864.866665889,-6300804.664918503,-6300745.141190046,-6300686.337035037,-6300628.295287764,-6300571.060097428,-6300514.676961347,-6300459.19275563,-6300404.655762705,-6300351.115694972,-6300298.623713744,-6300247.23244258,-6300196.995973991,-6300147.969868351,-6300100.211143751,-6300053.778255384,-6300008.7310628835,-6299965.13078387,-6299923.039931805,-6299882.522236052,-6299843.642541818,-6299806.466687494,-6299771.061356639,-6299737.493901681,-6299705.832136149,-6299676.144092079,-6299648.49773901,-6299622.960660832,-6299599.599686651,-6299578.480471719,-6299559.66702459,-6299543.221176701,-6299529.2019909695,-6299517.665106451,-6299508.66201679,-6299502.239281322,-6299498.437669016,-6299497.291237265,-6299498.826349858,-6299503.060641266,-6299510.001937676,-6299519.647149058,-6299531.981150582,-6299546.975675859,-6299564.588247918,-6299584.761175916,-6299607.420644661,-6299632.475918115,-6299659.8186641885,-6299689.322381982,-6299720.841868974,-6299754.212597679,-6299789.249771407,-6299825.7466901,-6299863.471875903,-6299902.1641893145,-6299941.524934519,-6299981.20576591,-6300020.791190728,-6300059.774850796,-6300097.529997619,-6300133.277464282,-6300166.060531741,-6300194.748283404,-6300218.112052389,-6300235.056706019,-6300245.11823016,-6300249.21893512,-6300249.978593715,-6300249.999999449,0.0
36.0,-6260966.84533546,-6260967.815004375,-6260967.97675912,-6260967.329340501,-6260965.871595057,-6260963.602477832,-6260960.521055193,-6260956.626507677,-6260951.918132895,-6260946.395348463,-6260940.057694982,-6260932.904839046,-6260924.936576312,-6260916.152834586,-6260906.553676963,-6260896.139304997,-6260884.910061919,-6260872.866435881,-6260860.009063247,-6260846.338731916,-6260831.856384673,-6260816.563122597,-6260800.460208479,-6260783.549070286,-6260765.831304653,-6260747.308680412,-6260727.983142146,-6260707.85681377,-6260686.932002147,-6260665.211200728,-6260642.697093214,-6260619.392557246,-6260595.30066812,-6260570.424702516,-6260544.76814225,-6260518.33467805,-6260491.128213338,-6260463.152868035,-6260434.412982374,-6260404.913120734,-6260374.658075462,-6260343.65287073,-6260311.902766373,-6260279.413261754,-6260246.190099602,-6260212.239269881,-6260177.5670136325,-6260142.179826829,-6260106.084464211,-6260069.287943115,-6260031.79754731,-6259993.620830789,-6259954.765621586,-6259915.240025535,-6259875.052430051,-6259834.211507862,-6259792.726220734,-6259750.605823179,-6259707.85986612,-6259664.498200554,-6259620.530981178,-6259575.968669988,-6259530.822039858,-6259485.102178086,-6259438.820489924,-6259391.988702067,-6259344.618866139,-6259296.723362128,-6259248.314901825,-6259199.40653223,-6259150.011638944,-6259100.143949549,-6259049.817536977,-6258999.046822874,-6258947.846580962,-6258896.231940418,-6258844.218389244,-6258791.821777681,-6258739.058321635,-6258685.944606142,-6258632.49758889,-6258578.734603779,-6258524.673364582,-6258470.331968649,-6258415.728900744,-6258360.883036964,-6258305.813648805,-6258250.54040736,-6258195.083387679,-6258139.463073315,-6258083.700361063,-6258027.81656591,-6257971.833426252,-6257915.773109339,-6257859.658217028,-6257803.511791831,-6257747.357323295,-6257691.218754735,-6257635.120490326,-6257579.087402615,-6257523.144840421,-6257467.3186371755,-6257411.635119725,-6257356.121117576,-6257300.803972627,-6257245.711549376,-6257190.872245613,-6257136.315003587,-6257082.06932165,-6257028.165266345,-6256974.633484926,-6256921.505218257,-6256868.812314068,-6256816.587240471,-6256764.863099691,-6256713.673641909,-6256663.053279095,-6256613.037098721,-6256563.66087716,-6256514.961092649,-6256466.974937547,-6256419.740329675,-6256373.295922482,-6256327.681113687,-6256282.936052074,-6256239.101642052,-6256196.219545514,-6256154.332180554,-6256113.482716451,-6256073.71506438,-6256035.07386318,-6255997.604459472,-6255961.352881394,-6255926.365805107,-6255892.690513215,-6255860.374844171,-6255829.467131697,-6255800.016133189,-6255772.070946071,-6255745.680911034,-6255720.895501081,-6255697.7641953435,-6255676.336336678,-6255656.660972136,-6255638.786675553,-6255622.7613516655,-6255608.632021468,-6255596.444588827,-6255586.243588859,-6255578.071919119,-6255571.970555371,-6255567.978254594,-6255566.131248955,-6255566.46293574,-6255569.00356978,-6255573.779966667,-6255580.815227112,-6255590.128495,-6255601.734764282,-6255615.644752266,-6255631.864859555,-6255650.3972389605,-6255671.2399973385,-6255694.38755453,-6255719.831181765,-6255747.559736834,-6255777.560603417,-6255809.820825148,-6255844.3283983,-6255881.073646916,-6255920.050546027,-6255961.257776332,-6256004.699179938,-6256050.383131674,-6256098.320130813,-6256148.517634118,-6256200.97076174,-6256255.6469598925,-6256312.461908774,-6256371.242776468,-6256431.673138388,-6256493.211335313,-6256554.970986144,-6256615.550885361,-6256672.810014226,-6256723.630486017,-6256763.884212751,-6256789.328053224,-6256799.007844195,-6256799.999016115,0.0
35.75,-6215122.053424943,-6215139.796049189,-6215156.688547459,-6215172.728511931,-6215187.9136405755,-6215202.241740517,-6215215.710731443,-6215228.318649086,-6215240.063648769,-6215250.944009003,-6215260.958135173,-6215270.104563259,-6215278.381963649,-6215285.789145,-6215292.3250581715,-6215297.988800218,-6215302.779618452,-6215306.696914569,-6215309.740248834,-6215311.909344342,-6215313.204091324,-6215313.624551538,-6215313.170962702,-6215311.843743003,-6215309.643495656,-6215306.571013538,-6215302.62728386,-6215297.813492918,-6215292.13103088,-6215285.581496648,-6215278.1667027585,-6215269.888680343,-6215260.749684134,-6215250.752197524,-6215239.898937666,-6215228.192860616,-6215215.637166534,-6215202.235304888,-6215187.99097974,-6215172.908155028,-6215156.991059893,-6215140.244194032,-6215122.672333079,-6215104.280533994,-6215085.074140479,-6215065.058788391,-6215044.240411185,-6215022.625245338,-6215000.219835781,-6214977.031041327,-6214953.06604007,-6214928.3323348025,-6214902.8377583595,-6214876.590478984,-6214849.599005615,-6214821.872193174,-6214793.419247764,-6214764.249731844,-6214734.373569334,-6214703.80105064,-6214672.542837623,-6214640.609968467,-6214608.013862468,-6214574.766324721,-6214540.879550693,-6214506.366130696,-6214471.23905422,-6214435.51171415,-6214399.197910833,-6214362.311856001,-6214324.868176527,-6214286.881918043,-6214248.368548343,-6214209.343960638,-6214169.824476601,-6214129.826849223,-6214089.368265451,-6214048.466348612,-6214007.139160625,-6213965.405203959,-6213923.283423378,-6213880.793207417,-6213837.954389619,-6213794.7872495,-6213751.31251327,-6213707.55135426,-6213663.525393088,-6213619.256697536,-6213574.767782151,-6213530.081607553,-6213485.221579456,-6213440.211547396,-6213395.07580316,-6213349.839078928,-6213304.526545118,-6213259.163807921,-6213213.776906577,-6213168.392310299,-6213123.036914966,-6213077.738039468,-6213032.523421803,-6212987.421214841,-6212942.459981828,-6212897.668691569,-6212853.076713337,-6212808.713811455,-6212764.610139593,-6212720.796234729,-6212677.303010781,-6212634.161751901,-6212591.404105382,-6212549.062074186,-6212507.168009022,-6212465.754599965,-6212424.854867544,-6212384.502153253,-6212344.730109411,-6212305.572688274,-6212267.064130336,-6212229.238951672,-6212192.131930218,-6212155.778090845,-6212120.212689053,-6212085.471193111,-6212051.589264434,-6212018.602735994,-6211986.547588496,-6211955.459924065,-6211925.375937169,-6211896.331882473,-6211868.364039284,-6211841.508672309,-6211815.801988344,-6211791.28008859,-6211767.978916297,-6211745.934199375,-6211725.181387814,-6211705.755585624,-6211687.691477263,-6211671.02324848,-6211655.784501756,-6211642.0081666615,-6211629.726405671,-6211618.970516289,-6211609.770830687,-6211602.1566144675,-6211596.155966716,-6211591.795724085,-6211589.1013724115,-6211588.096970234,-6211588.805089524,-6211591.246780181,-6211595.441566085,-6211601.4074820485,-6211609.161162658,-6211618.71799586,-6211630.09235616,-6211643.2979344325,-6211658.348183602,-6211675.256901668,-6211694.0389757035,-6211714.711312361,-6211737.293981854,-6211761.811603153,-6211788.294997925,-6211816.783139093,-6211847.325416611,-6211879.9842374865,-6211914.837968957,-6211951.984222617,-6211991.5434626825,-6212033.6629028665,-6212078.520632041,-6212126.329875277,-6212177.343245637,-6212231.8567537395,-6212290.213175552,-6212352.804048674,-6212420.068902627,-6212492.488989258,-6212570.570088623,-6212654.803552002,-6212745.583757937,-6212843.037539076,-6212946.673998806,-6213054.666031511,-6213162.395112673,-6213259.734345669,-6213327.9323429745,-6213349.610833193,0.0
35.5,-6169118.287450186,-6169156.254769826,-6169193.340960782,-6169229.542061403,-6169264.854202959,-6169299.273613332,-6169332.796620813,-6169365.419657961,-6169397.139265568,-6169427.952096696,-6169457.854920823,-6169486.844628053,-6169514.918233446,-6169542.072881413,-6169568.305850218,-6169593.614556574,-6169617.996560324,-6169641.44956922,-6169663.971443798,-6169685.560202348,-6169706.214025976,-6169725.931263761,-6169744.710438013,-6169762.550249619,-6169779.449583492,-6169795.407514101,-6169810.423311113,-6169824.49644512,-6169837.62659345,-6169849.81364609,-6169861.057711678,-6169871.359123603,-6169880.718446183,-6169889.136480932,-6169896.614272907,-6169903.153117149,-6169908.7545651905,-6169913.420431648,-6169917.152800887,-6169919.954033759,-6169921.826774409,-6169922.773957132,-6169922.798813316,-6169921.9048784105,-6169920.095998971,-6169917.37633973,-6169913.750390718,-6169909.222974417,-6169903.799252938,-6169897.484735214,-6169890.285284224,-6169882.2071242,-6169873.256847841,-6169863.441423528,-6169852.7682024855,-6169841.244925944,-6169828.87973224,-6169815.681163879,-6169801.658174518,-6169786.820135879,-6169771.176844586,-6169754.7385288635,-6169737.515855159,-6169719.519934606,-6169700.76232935,-6169681.255058707,-6169661.0106051415,-6169640.041920049,-6169618.3624293115,-6169595.9860386355,-6169572.927138611,-6169549.200609511,-6169524.821825786,-6169499.806660234,-6169474.171487841,-6169447.9331892375,-6169421.109153779,-6169393.717282201,-6169365.775988841,-6169337.304203383,-6169308.321372117,-6169278.847458674,-6169248.902944208,-6169218.50882701,-6169187.686621502,-6169156.458356609,-6169124.846573456,-6169092.874322384,-6169060.565159213,-6169027.943140795,-6168995.032819749,-6168961.859238383,-6168928.447921803,-6168894.82487011,-6168861.016549728,-6168827.049883787,-6168792.952241551,-6168758.7514268635,-6168724.475665586,-6168690.153591992,-6168655.814234115,-6168621.486998003,-6168587.201650871,-6168552.988303136,-6168518.877389305,-6168484.899647696,-6168451.086098996,-6168417.468023614,-6168384.076937843,-6168350.944568804,-6168318.102828159,-6168285.583784605,-6168253.419635119,-6168221.642674964,-6168190.285266452,-6168159.3798064515,-6168128.958692643,-6168099.054288528,-6168069.698887182,-6168040.924673754,-6168012.76368672,-6167985.247777895,-6167958.408571181,-6167932.2774201,-6167906.885364081,-6167882.263083537,-6167858.440853721,-6167835.448497423,-6167813.315336492,-6167792.070142277,-6167771.741085002,-6167752.355682207,-6167733.940746325,-6167716.522331596,-6167700.125680491,-6167684.775169923,-6167670.494257625,-6167657.305429097,-6167645.2301457375,-6167634.288794863,-6167624.50064254,-6167615.883790341,-6167608.455137435,-6167602.230349707,-6167597.223838007,-6167593.448748012,-6167590.916964751,-6167589.639135385,-6167589.624714513,-6167590.88203706,-6167593.418424638,-6167597.24033227,-6167602.353543397,-6167608.763422351,-6167616.475234689,-6167625.49454725,-6167635.827721279,-6167647.482513638,-6167660.468802745,-6167674.799457867,-6167690.491372305,-6167707.566683309,-6167726.054204114,-6167745.99109669,-6167767.424817903,-6167790.415377436,-6167815.037953895,-6167841.385927448,-6167869.574405089,-6167899.74434117,-6167932.06739545,-6167966.751729394,-6168004.049027184,-6168044.263151968,-6168087.761026049,-6168134.986577316,-6168186.478953708,-6168242.896716225,-6168305.050441507,-6168373.947183465,-6168450.851658993,-6168537.37086807,-6168635.570764694,-6168748.133534733,-6168878.55362114,-6169031.316644537,-6169211.770775185,-6169424.368123444,-6169663.059105521,-6169865.927964179,0.0
35.25,-6122868.8331865715,-6122930.711923304,-6122991.697353363,-6123051.783615879,-6123110.964915487,-6123169.235526043,-6123226.589794447,-6123283.022144554,-6123338.527081216,-6123393.099194403,-6123446.7331634695,-6123499.423761504,-6123551.165859804,-6123601.954432476,-6123651.784561132,-6123700.651439728,-6123748.5503795035,-6123795.476814061,-6123841.426304557,-6123886.394545027,-6123930.37736783,-6123973.370749226,-6124015.370815084,-6124056.373846719,-6124096.376286858,-6124135.374745738,-6124173.366007351,-6124210.347035801,-6124246.314981812,-6124281.267189362,-6124315.20120246,-6124348.114772043,-6124380.005863031,-6124410.872661489,-6124440.713581943,-6124469.527274815,-6124497.312634,-6124524.068804567,-6124549.7951905755,-6124574.491463048,-6124598.157568031,-6124620.7937348,-6124642.400484164,-6124662.978636902,-6124682.52932229,-6124701.053986737,-6124718.554402528,-6124735.032676647,-6124750.491259702,-6124764.932954907,-6124778.360927165,-6124790.778712188,-6124802.190225688,-6124812.599772617,-6124822.01205642,-6124830.43218834,-6124837.865696713,-6124844.318536271,-6124849.797097435,-6124854.308215562,-6124857.859180165,-6124860.457744057,-6124862.112132424,-6124862.831051783,-6124862.623698839,-6124861.4997691875,-6124859.469465851,-6124856.543507638,-6124852.733137276,-6124848.050129299,-6124842.50679769,-6124836.116003187,-6124828.89116029,-6124820.846243878,-6124811.995795445,-6124802.354928887,-6124791.939335827,-6124780.76529042,-6124768.849653595,-6124756.209876717,-6124742.864004596,-6124728.830677806,-6124714.12913427,-6124698.779210054,-6124682.801339336,-6124666.216553459,-6124649.046479065,-6124631.313335211,-6124613.039929424,-6124594.249652655,-6124574.966473033,-6124555.214928396,-6124535.020117523,-6124514.407689995,-6124493.403834632,-6124472.035266457,-6124450.329212089,-6124428.313393542,-6124406.016010338,-6124383.465719896,-6124360.691616115,-6124337.72320612,-6124314.590385091,-6124291.3234091485,-6124267.952866222,-6124244.509644874,-6124221.024901032,-6124197.530022608,-6124174.056591946,-6124150.63634612,-6124127.301135033,-6124104.082877325,-6124081.01351409,-6124058.1249604495,-6124035.449054933,-6124013.017506798,-6123990.861841262,-6123969.013342777,-6123947.50299637,-6123926.361427205,-6123905.618838446,-6123885.304947579,-6123865.448921343,-6123846.079309473,-6123827.223977416,-6123808.910038316,-6123791.163784492,-6123774.010618683,-6123757.474985461,-6123741.580303067,-6123726.34889618,-6123711.801929983,-6123697.959346052,-6123684.839800609,-6123672.46060575,-6123660.837674281,-6123649.985468945,-6123639.916956855,-6123630.643570032,-6123622.175173098,-6123614.520039285,-6123607.684836017,-6123601.67462158,-6123596.49285445,-6123592.141417189,-6123588.6206569625,-6123585.929445044,-6123584.065257949,-6123583.024283193,-6123582.801553026,-6123583.391109897,-6123584.786207813,-6123586.979554297,-6123589.963598046,-6123593.7308680015,-6123598.274370065,-6123603.588048272,-6123609.667317949,-6123616.509678988,-6123624.115418389,-6123632.488412198,-6123641.637038492,-6123651.575215172,-6123662.323579389,-6123673.9108299995,-6123686.37526132,-6123699.766526714,-6123714.147685783,-6123729.59761144,-6123746.213866056,-6123764.116203878,-6123783.450926614,-6123804.396420399,-6123827.170350652,-6123852.039210784,-6123879.331251711,-6123909.454330757,-6123942.921033833,-6123980.384769744,-6124022.692838883,-6124070.966585089,-6124126.72638731,-6124192.0942128245,-6124270.137487369,-6124365.487050472,-6124485.529123487,-6124642.921270125,-6124861.5645414535,-6125193.11376643,-6125768.755461551,0.0
35.0,-6076268.6525523765,-6076358.282425483,-6076447.0348162325,-6076534.9017402595,-6076621.875236484,-6076707.947370424,-6076793.110237622,-6076877.355967176,-6076960.676725403,-6077043.064719618,-6077124.51220204,-6077205.011473815,-6077284.55488919,-6077363.134859799,-6077440.743859104,-6077517.3744269535,-6077593.019174308,-6077667.670788088,-6077741.3220361825,-6077813.96577261,-6077885.594942821,-6077956.202589167,-6078025.781856527,-6078094.325998088,-6078161.828381313,-6078228.282494035,-6078293.681950769,-6078358.0204991605,-6078421.292026623,-6078483.49056715,-6078544.610308309,-6078604.645598408,-6078663.59095386,-6078721.441066714,-6078778.190812381,-6078833.835257551,-6078888.369668289,-6078941.789518333,-6078994.0904975645,-6079045.268520682,-6079095.3197360635,-6079144.240534806,-6079192.027559971,-6079238.677716009,-6079284.188178366,-6079328.556403274,-6079371.780137735,-6079413.857429667,-6079454.786638234,-6079494.566444334,-6079533.195861273,-6079570.674245575,-6079607.001307957,-6079642.177124445,-6079676.202147631,-6079709.077218053,-6079740.803575689,-6079771.382871577,-6079800.817179495,-6079829.109007762,-6079856.261311069,-6079882.27750239,-6079907.161464898,-6079930.917563926,-6079953.550658888,-6079975.066115203,-6079995.46981615,-6080014.768174643,-6080032.968144916,-6080050.077234066,-6080066.103513429,-6080081.055629756,-6080094.942816174,-6080107.774902844,-6080119.5623273365,-6080130.316144634,-6080140.048036739,-6080148.770321834,-6080156.495962945,-6080163.238576035,-6080169.012437521,-6080173.832491087,-6080177.714353793,-6080180.674321368,-6080182.729372644,-6080183.897173058,-6080184.196077134,-6080183.645129875,-6080182.264066991,-6080180.073313857,-6080177.093983144,-6080173.347870995,-6080168.857451706,-6080163.645870754,-6080157.736936116,-6080151.155107786,-6080143.925485338,-6080136.073793492,-6080127.6263655415,-6080118.610124539,-6080109.052562159,-6080098.981715108,-6080088.426138986,-6080077.414879512,-6080065.9774409905,-6080054.143751952,-6080041.944127852,-6080029.409230768,-6080016.570026002,-6080003.457735532,-6079990.103788246,-6079976.539766927,-6079962.797351946,-6079948.908261653,-6079934.904189464,-6079920.816737684,-6079906.677348084,-6079892.517229313,-6079878.367281266,-6079864.25801648,-6079850.219478777,-6079836.28115931,-6079822.471910248,-6079808.819856397,-6079795.352305045,-6079782.095654415,-6079769.075301118,-6079756.315547096,-6079743.83950655,-6079731.669013414,-6079719.824530053,-6079708.325057789,-6079697.188050085,-6079686.429329095,-6079676.063006526,-6079666.10140962,-6079656.555013305,-6079647.432379437,-6079638.740104235,-6079630.482774934,-6079622.662936779,-6079615.2810714645,-6079608.335588109,-6079601.822827886,-6079595.737083347,-6079590.0706334505,-6079584.813795252,-6079579.954993051,-6079575.480845738,-6079571.376272846,-6079567.624619676,-6079564.207801562,-6079561.106467068,-6079558.300179594,-6079555.767616348,-6079553.486783306,-6079551.4352440685,-6079549.590359991,-6079547.929538227,-6079546.430483501,-6079545.0714486735,-6079543.831478231,-6079542.690638097,-6079541.630224406,-6079540.632943364,-6079539.683054207,-6079538.766467473,-6079537.870791757,-6079536.9853237495,-6079536.1009788485,-6079535.21016285,-6079534.306589162,-6079533.385049995,-6079532.441153548,-6079531.471041519,-6079530.471101042,-6079529.437681874,-6079528.366822489,-6079527.2539778855,-6079526.09372768,-6079524.879425449,-6079523.602726548,-6079522.25289343,-6079520.815703306,-6079519.271622006,-6079517.59252676,-6079515.735255109,-6079513.627148686,-6079511.12653503,-6079507.867658779,0.0
34.75,-6029192.8290026905,-6029314.074555071,-6029434.496695102,-6029554.085276711,-6029672.830121583,-6029790.721021586,-6029907.7477413155,-6030023.90002075,-6030139.1675780155,-6030253.540112283,-6030367.007306801,-6030479.55883203,-6030591.184348939,-6030701.873512425,-6030811.615974881,-6030920.4013899,-6031028.219416139,-6031135.05972134,-6031240.911986496,-6031345.76591019,-6031449.611213095,-6031552.437642659,-6031654.234977953,-6031754.993034696,-6031854.701670483,-6031953.350790187,-6032050.930351575,-6032147.430371085,-6032242.840929857,-6032337.15217994,-6032430.354350712,-6032522.437755536,-6032613.392798627,-6032703.209982144,-6032791.879913518,-6032879.393313027,-6032965.741021575,-6033050.914008766,-6033134.903381188,-6033217.700390956,-6033299.296444536,-6033379.68311179,-6033458.852135315,-6033536.795440038,-6033613.505143071,-6033688.9735638555,-6033763.193234561,-6033836.156910772,-6033907.857582444,-6033978.288485149,-6034047.443111572,-6034115.31522332,-6034181.898862977,-6034247.188366448,-6034311.178375576,-6034373.863851017,-6034435.2400854,-6034495.302716723,-6034554.04774202,-6034611.471531276,-6034667.570841562,-6034722.342831429,-6034775.785075493,-6034827.895579243,-6034878.672794035,-6034928.115632268,-6034976.223482717,-6035022.996226002,-6035068.434250189,-6035112.538466476,-6035155.310324957,-6035196.751830422,-6035236.865558178,-6035275.654669847,-6035313.122929103,-6035349.274717311,-6035384.11504905,-6035417.649587418,-6035449.884659131,-6035480.8272693325,-6035510.485116046,-6035538.866604249,-6035565.980859467,-6035591.837740824,-6035616.447853505,-6035639.822560508,-6035661.973993649,-6035682.915063682,-6035702.659469499,-6035721.221706252,-6035738.6170723345,-6035754.861675115,-6035769.972435263,-6035783.9670896195,-6035796.864192408,-6035808.683114731,-6035819.444042161,-6035829.167970312,-6035837.876698243,-6035845.592819545,-6035852.3397109425,-6035858.141518292,-6035863.023139761,-6035867.010206082,-6035870.129057681,-6035872.406718523,-6035873.870866522,-6035874.549800354,-6035874.4724024935,-6035873.668098341,-6035872.166811287,-6035869.99891358,-6035867.195172848,-6035863.786694193,-6035859.804857727,-6035855.281251492,-6035850.247599692,-6035844.735686219,-6035838.777273433,-6035832.404016286,-6035825.647371783,-6035818.5385039365,-6035811.108184356,-6035803.386688659,-6035795.403688955,-6035787.1881427495,-6035778.768178599,-6035770.1709789885,-6035761.42266093,-6035752.548154867,-6035743.571082538,-6035734.513634539,-6035725.396448382,-6035716.238487917,-6035707.056925092,-6035697.867025001,-6035688.682035323,-6035679.513081193,-6035670.369066644,-6035661.256583691,-6035652.179830132,-6035643.140537092,-6035634.137907156,-6035625.16856388,-6035616.22651322,-6035607.303117113,-6035598.387079228,-6035589.464442313,-6035580.518596266,-6035571.530295283,-6035562.477681836,-6035553.336314402,-6035544.079194888,-6035534.676790655,-6035525.097044824,-6035515.3053671345,-6035505.264596124,-6035494.934921574,-6035484.273754225,-6035473.235527415,-6035461.771412658,-6035449.828927964,-6035437.351413868,-6035424.277347236,-6035410.539456811,-6035396.063596172,-6035380.767318871,-6035364.558085237,-6035347.331009186,-6035328.966023121,-6035309.324295631,-6035288.243673501,-6035265.5328265475,-6035240.963635184,-6035214.261151028,-6035185.090138513,-6035153.036699206,-6035117.582665985,-6035078.069105098,-6035033.642954787,-6034983.176723184,-6034925.143545156,-6034857.415018528,-6034776.918440406,-6034679.021680744,-6034556.348612027,-6034396.284123037,-6034175.070330408,-6033841.576224828,-6033267.224958176,0.0
34.5,-5981495.536971709,-5981652.106352681,-5981807.955140416,-5981963.071236031,-5982117.442443172,-5982271.056469072,-5982423.90092571,-5982575.963331065,-5982727.231110475,-5982877.691598093,-5983027.332038474,-5983176.139588248,-5983324.101317942,-5983471.204213901,-5983617.435180351,-5983762.7810416,-5983907.22854436,-5984050.764360234,-5984193.375088332,-5984335.047258065,-5984475.767332071,-5984615.521709337,-5984754.296728469,-5984892.078671155,-5985028.853765802,-5985164.608191381,-5985299.328081448,-5985432.999528378,-5985565.608587828,-5985697.141283379,-5985827.583611443,-5985956.921546374,-5986085.141045845,-5986212.22805644,-5986338.168519532,-5986462.94837741,-5986586.553579667,-5986708.97008989,-5986830.183892621,-5986950.1810006155,-5987068.9474624,-5987186.469370159,-5987302.732867919,-5987417.724160074,-5987531.429520248,-5987643.835300491,-5987754.927940846,-5987864.693979253,-5987973.120061858,-5988080.192953649,-5988185.899549536,-5988290.226885764,-5988393.162151774,-5988494.692702446,-5988594.80607075,-5988693.489980844,-5988790.732361566,-5988886.521360374,-5988980.84535772,-5989073.692981855,-5989165.053124083,-5989254.914954461,-5989343.267937937,-5989430.101850942,-5989515.406798421,-5989599.17323132,-5989681.391964496,-5989762.054195078,-5989841.151521253,-5989918.675961469,-5989994.619974053,-5990068.976477235,-5990141.738869538,-5990212.901050562,-5990282.457442096,-5990350.403009567,-5990416.733283786,-5990481.444382969,-5990544.533034998,-5990605.996599888,-5990665.83309242,-5990724.04120489,-5990780.620329932,-5990835.570583366,-5990888.892826999,-5990940.588691319,-5990990.66059803,-5991039.111782316,-5991085.94631478,-5991131.16912297,-5991174.78601237,-5991216.803686784,-5991257.229767963,-5991296.0728144,-5991333.342339127,-5991369.048826398,-5991403.203747104,-5991435.819572757,-5991466.909787909,-5991496.488900787,-5991524.572452001,-5991551.177021095,-5991576.320230778,-5991600.020748585,-5991622.298285766,-5991643.173593163,-5991662.668453848,-5991680.805672259,-5991697.609059585,-5991713.103415144,-5991727.314503483,-5991740.269026931,-5991751.994593343,-5991762.519678738,-5991771.873584606,-5991780.086389577,-5991787.188895232,-5991793.212565775,-5991798.189461389,-5991802.152165007,-5991805.133702371,-5991807.167455171,-5991808.2870671805,-5991808.526343293,-5991807.919141404,-5991806.4992572125,-5991804.300301933,-5991801.355573147,-5991797.697918948,-5991793.359595712,-5991788.372119846,-5991782.766114002,-5991776.571148328,-5991769.8155773925,-5991762.52637358,-5991754.728957796,-5991746.447028425,-5991737.702389613,-5991728.514779942,-5991718.901702678,-5991708.878258769,-5991698.456983767,-5991687.647689803,-5991676.45731364,-5991664.889771657,-5991652.945822388,-5991640.622936893,-5991627.91517683,-5991614.81307951,-5991601.303548574,-5991587.369748075,-5991572.990996756,-5991558.142658176,-5991542.796020939,-5991526.91816177,-5991510.47178238,-5991493.415009112,-5991475.701142091,-5991457.27833808,-5991438.089208504,-5991418.070310773,-5991397.151507394,-5991375.255162945,-5991352.295143565,-5991328.175576898,-5991302.789321709,-5991276.01608477,-5991247.7201071065,-5991217.747320305,-5991185.921844246,-5991152.041656937,-5991115.873210548,-5991077.144688824,-5991035.537490593,-5990990.675368455,-5990942.110431403,-5990889.304905856,-5990831.607099369,-5990768.219365937,-5990698.154957151,-5990620.179393418,-5990532.730450915,-5990433.809576744,-5990320.838920122,-5990190.491408763,-5990038.561432975,-5989860.1911566,-5989651.817833597,-5989421.013313081,-5989230.194950543,0.0
34.25,-5933009.82263083,-5933205.0297872415,-5933399.677563686,-5933593.752411958,-5933787.240617295,-5933980.128297655,-5934172.401403049,-5934364.0457149595,-5934555.046845792,-5934745.390238431,-5934935.061165845,-5935124.044730781,-5935312.325865544,-5935499.889331861,-5935686.719720835,-5935872.801453006,-5936058.118778504,-5936242.65577732,-5936426.396359683,-5936609.324266569,-5936791.423070318,-5936972.676175403,-5937153.066819332,-5937332.57807368,-5937511.192845305,-5937688.893877699,-5937865.663752519,-5938041.484891289,-5938216.339557299,-5938390.209857681,-5938563.077745693,-5938734.92502322,-5938905.733343492,-5939075.484214031,-5939244.158999841,-5939411.73892685,-5939578.205085606,-5939743.538435267,-5939907.7198078465,-5940070.729912788,-5940232.549341817,-5940393.158574141,-5940552.537981969,-5940710.667836389,-5940867.528313585,-5941023.099501471,-5941177.361406671,-5941330.293961936,-5941481.877033956,-5941632.090431639,-5941780.913914803,-5941928.3272033725,-5942074.309987027,-5942218.841935376,-5942361.902708633,-5942503.471968835,-5942643.529391605,-5942782.054678496,-5942919.027569905,-5943054.427858612,-5943188.235403917,-5943320.430146443,-5943450.9921235815,-5943579.901485608,-5943707.138512512,-5943832.683631505,-5943956.517435288,-5944078.620701041,-5944198.974410165,-5944317.559768822,-5944434.358229232,-5944549.351511788,-5944662.521627974,-5944773.850904116,-5944883.322005943,-5944990.917964005,-5945096.622199923,-5945200.418553488,-5945302.291310613,-5945402.225232116,-5945500.205583359,-5945596.218164706,-5945690.249342803,-5945782.286082674,-5945872.315980578,-5945960.327297643,-5946046.308994218,-5946130.250764919,-5946212.143074321,-5946291.977193251,-5946369.7452356275,-5946445.440195759,-5946519.05598607,-5946590.587475136,-5946660.030525941,-5946727.382034275,-5946792.639967118,-5946855.80340094,-5946916.872559706,-5946975.848852493,-5947032.734910526,-5947087.534623437,-5947140.253174559,-5947190.897075058,-5947239.4741966175,-5947285.9938024655,-5947330.466576454,-5947372.904649898,-5947413.321625842,-5947451.732600461,-5947488.154181184,-5947522.604501219,-5947555.103230019,-5947585.6715793125,-5947614.332304239,-5947641.109699122,-5947666.029587394,-5947689.1193052,-5947710.407678121,-5947729.92499053,-5947747.702947019,-5947763.774625366,-5947778.174420468,-5947790.937978755,-5947802.102122489,-5947811.704763484,-5947819.784805714,-5947826.3820364,-5947831.537005117,-5947835.290890596,-5947837.6853549145,-5947838.762384863,-5947838.564120375,-5947837.132669999,-5947834.509913531,-5947830.737292025,-5947825.855585608,-5947819.90467962,-5947812.923319822,-5947804.948857552,-5947796.016985946,-5947786.161468439,-5947775.413861048,-5947763.803229969,-5947751.355866242,-5947738.0949993,-5947724.040511222,-5947709.208653534,-5947693.611768223,-5947677.258014425,-5947660.151101865,-5947642.290031638,-5947623.668844163,-5947604.276373288,-5947584.096004386,-5947563.105432944,-5947541.27641852,-5947518.574527177,-5947494.958853376,-5947470.381710122,-5947444.788273739,-5947418.116167093,-5947390.2949626595,-5947361.245584233,-5947330.879583804,-5947299.098268093,-5947265.791647447,-5947230.837178844,-5947194.098274533,-5947155.42254928,-5947114.639783394,-5947071.559587829,-5947025.968776093,-5946977.628482992,-5946926.271136723,-5946871.597514246,-5946813.27433785,-5946750.933292007,-5946684.173121814,-5946612.567943198,-5946535.687694587,-5946453.142093634,-5946364.670217425,-5946270.319478359,-5946170.801630767,-5946068.199677687,-5945967.343257982,-5945878.2116426565,-5945818.067773631,-5945800.269816348,0.0
34.0,-5883548.5220753625,-5883784.993814515,-5884021.133177858,-5884256.925988933,-5884492.357839671,-5884727.414087613,-5884962.0798531575,-5885196.340016811,-5885430.179216452,-5885663.581844603,-5885896.53204573,-5886129.013713563,-5886361.0104884375,-5886592.5057546655,-5886823.482637949,-5887053.9240028085,-5887283.812450084,-5887513.130314453,-5887741.8596620215,-5887969.982287958,-5888197.479714201,-5888424.333187214,-5888650.523675841,-5888876.031869223,-5889100.838174811,-5889324.922716456,-5889548.265332639,-5889770.845574757,-5889992.642705575,-5890213.635697771,-5890433.803232634,-5890653.123698902,-5890871.575191753,-5891089.135511954,-5891305.782165211,-5891521.492361671,-5891736.243015658,-5891950.010745595,-5892162.771874168,-5892374.502428717,-5892585.178141898,-5892794.774452586,-5893003.2665070975,-5893210.6291606845,-5893416.83697936,-5893621.864242065,-5893825.684943169,-5894028.272795378,-5894229.601233005,-5894429.643415672,-5894628.3722324595,-5894825.7603064915,-5895021.780000036,-5895216.40342008,-5895409.602424484,-5895601.3486286495,-5895791.613412822,-5895980.367929984,-5896167.583114399,-5896353.2296908535,-5896537.278184587,-5896719.698931984,-5896900.462092029,-5897079.537658587,-5897256.895473527,-5897432.505240729,-5897606.336541018,-5897778.358848067,-5897948.541545285,-5898116.85394377,-5898283.265301325,-5898447.744842627,-5898610.2617805395,-5898770.78533866,-5898929.284775113,-5899085.729407654,-5899240.088640113,-5899392.331990246,-5899542.429118995,-5899690.349861264,-5899836.0642582,-5899979.542591039,-5900120.755416583,-5900259.673604309,-5900396.268375171,-5900530.511342149,-5900662.374552529,-5900791.830531995,-5900918.8523305375,-5901043.413570196,-5901165.488494684,-5901285.0520208515,-5901402.079792071,-5901516.54823346,-5901628.43460901,-5901737.717080546,-5901844.374768515,-5901948.38781456,-5902049.737445819,-5902148.4060408985,-5902244.377197425,-5902337.635801071,-5902428.168095961,-5902515.961756292,-5902601.005959017,-5902683.291457418,-5902762.810655334,-5902839.557681821,-5902913.528465948,-5902984.720811457,-5903053.134470906,-5903118.771218941,-5903181.634924253,-5903241.731619777,-5903299.069570581,-5903353.659338939,-5903405.513845897,-5903454.648428736,-5903501.080893567,-5903544.831562278,-5903585.923313005,-5903624.381613226,-5903660.234544496,-5903693.512817843,-5903724.249778707,-5903752.481400333,-5903778.246264411,-5903801.5855277525,-5903822.542873742,-5903841.16444729,-5903857.498771977,-5903871.596648093,-5903883.511030331,-5903893.296883836,-5903901.011017509,-5903906.711893468,-5903910.459411711,-5903912.314669233,-5903912.339693005,-5903910.597146548,-5903907.150010027,-5903902.061234278,-5903895.393369499,-5903887.208169859,-5903877.566175751,-5903866.5262760725,-5903854.145253466,-5903840.477316175,-5903825.573620819,-5903809.481791154,-5903792.245438479,-5903773.903690119,-5903754.490732847,-5903734.035378694,-5903712.5606608065,-5903690.083467185,-5903666.614219982,-5903642.15660772,-5903616.7073770985,-5903590.256190308,-5903562.785552692,-5903534.270814678,-5903504.680251154,-5903473.975221365,-5903442.110413531,-5903409.034181373,-5903374.688985797,-5903339.0119653195,-5903301.93567552,-5903263.389063135,-5903223.298778173,-5903181.590982252,-5903138.193890721,-5903093.041400627,-5903046.078322838,-5902997.267979584,-5902946.603286857,-5902894.122970704,-5902839.935347177,-5902784.253225424,-5902727.445053535,-5902670.1093389755,-5902613.180930737,-5902558.076143577,-5902506.869655581,-5902462.441499691,-5902428.361034904,-5902407.841939003,-5902400.639310633,-5902400.000429025,0.0
33.75,-5832906.661368328,-5833185.997443773,-5833465.297520824,-5833744.547921137,-5834023.734683053,-5834302.843556756,-5834581.859999363,-5834860.769169973,-5835139.55592464,-5835418.204811307,-5835696.7000646815,-5835975.025601058,-5836253.165013089,-5836531.101564507,-5836808.818184806,-5837086.297463871,-5837363.521646568,-5837640.472627299,-5837917.131944509,-5838193.480775178,-5838469.49992926,-5838745.169844116,-5839020.4705789145,-5839295.38180901,-5839569.882820325,-5839843.952503699,-5840117.569349259,-5840390.711440772,-5840663.356450023,-5840935.481631199,-5841207.063815289,-5841478.0794045385,-5841748.504366914,-5842018.314230627,-5842287.484078726,-5842555.988543727,-5842823.801802349,-5843090.897570317,-5843357.249097273,-5843622.829161804,-5843887.610066582,-5844151.563633662,-5844414.661199918,-5844676.8736126665,-5844938.171225457,-5845198.523894102,-5845457.900972897,-5845716.2713111155,-5845973.603249747,-5846229.864618554,-5846485.022733413,-5846739.044394019,-5846991.895881946,-5847243.542959104,-5847493.95086662,-5847743.084324179,-5847990.907529853,-5848237.384160453,-5848482.477372445,-5848726.149803463,-5848968.363574467,-5849209.080292582,-5849448.261054668,-5849685.866451662,-5849921.856573753,-5850156.1910164235,-5850388.828887439,-5850619.728814808,-5850848.848955802,-5851076.14700709,-5851301.580216043,-5851525.105393276,-5851746.678926525,-5851966.256795894,-5852183.794590582,-5852399.247527144,-5852612.570469394,-5852823.71795002,-5853032.644193996,-5853239.303143903,-5853443.648487239,-5853645.633685822,-5853845.212007384,-5854042.336559463,-5854236.960325712,-5854429.036204697,-5854618.517051351,-5854805.355721154,-5854989.505117161,-5855170.918240021,-5855349.548241079,-5855525.34847868,-5855698.272577807,-5855868.2744931765,-5856035.308575861,-5856199.329643614,-5856360.293054961,-5856518.154787176,-5856672.871518259,-5856824.400712956,-5856972.700712965,-5857117.730831356,-5857259.451451268,-5857397.824128952,-5857532.811701138,-5857664.378396786,-5857792.489953144,-5857917.1137361135,-5858038.218864815,-5858155.776340265,-5858269.75917798,-5858380.142544362,-5858486.903896574,-5858590.023125636,-5858689.482702389,-5858785.267825876,-5858877.366573667,-5858965.770053557,-5859050.472555942,-5859131.47170615,-5859208.768615846,-5859282.36803254,-5859352.278486128,-5859418.512431211,-5859481.086383884,-5859540.021051476,-5859595.341453607,-5859647.077032778,-5859695.261752544,-5859739.934181148,-5859781.137558385,-5859818.919843247,-5859853.333739809,-5859884.436698645,-5859912.290890995,-5859936.963152719,-5859958.524895163,-5859977.051979896,-5859992.624554409,-5860005.326845937,-5860015.246910738,-5860022.476336446,-5860027.109895485,-5860029.245148052,-5860028.981993779,-5860026.42217209,-5860021.668712152,-5860014.8253345825,-5860005.995808442,-5859995.283268698,-5859982.789501112,-5859968.614203665,-5859952.854235817,-5859935.602869349,-5859916.949057157,-5859896.976738899,-5859875.764205063,-5859853.383543514,-5859829.900194818,-5859805.372644559,-5859779.852282346,-5859753.383458147,-5859726.003767015,-5859697.744593313,-5859668.63194539,-5859638.687612052,-5859607.930673569,-5859576.379404056,-5859544.053609891,-5859510.977463009,-5859477.182910105,-5859442.7137717325,-5859407.630690432,-5859372.017144708,-5859335.986812837,-5859299.692637994,-5859263.337992385,-5859227.190317491,-5859191.597436377,-5859157.006202202,-5859123.981883716,-5859093.223949901,-5859065.568323959,-5859041.955472503,-5859023.325396622,-5859010.377506593,-5859003.137895089,-5859000.441713802,-5859000.009384429,-5859000.000000114,0.0
33.5,-5780865.670267446,-5781188.072706622,-5781510.803078345,-5781833.8495778125,-5782157.200088303,-5782480.842174511,-5782804.763075784,-5783128.949699189,-5783453.388612484,-5783778.066036941,-5784102.967840039,-5784428.079528025,-5784753.386238336,-5785078.872731888,-5785404.5233852295,-5785730.322182552,-5786056.252707563,-5786382.298135229,-5786708.441223362,-5787034.664304079,-5787360.949275123,-5787687.277591032,-5788013.630254182,-5788339.987805683,-5788666.330316146,-5788992.637376296,-5789318.888087473,-5789645.061051977,-5789971.134363301,-5790297.08559622,-5790622.8917967575,-5790948.52947204,-5791273.974580009,-5791599.202519043,-5791924.18811745,-5792248.90562286,-5792573.328691528,-5792897.430377519,-5793221.183121833,-5793544.55874144,-5793867.528418238,-5794190.062687961,-5794512.131429034,-5794833.703851385,-5795154.748485229,-5795475.23316985,-5795795.12504236,-5796114.390526505,-5796432.995321475,-5796750.904390773,-5797068.081951169,-5797384.491461734,-5797700.095612975,-5798014.856316137,-5798328.73469265,-5798641.691063767,-5798953.684940453,-5799264.67501349,-5799574.619143906,-5799883.474353716,-5800191.196817038,-5800497.741851613,-5800803.063910788,-5801107.116576002,-5801409.852549826,-5801711.223649615,-5802011.180801844,-5802309.674037146,-5802606.65248619,-5802902.064376399,-5803195.857029626,-5803487.976860858,-5803778.369378026,-5804066.979183013,-5804353.749973968,-5804638.624549011,-5804921.5448114285,-5805202.451776515,-5805481.285580118,-5805757.985489067,-5806032.489913574,-5806304.7364218,-5806574.661756667,-5806842.20185513,-5807107.291870032,-5807369.866194747,-5807629.858490756,-5807887.20171836,-5808141.828170734,-5808393.669511529,-5808642.656816189,-5808888.720617296,-5809131.790954079,-5809371.797426396,-5809608.669253404,-5809842.335337197,-5810072.724331656,-5810299.764716786,-5810523.384878867,-5810743.51319662,-5810960.078133776,-5811173.0083382595,-5811382.232748349,-5811587.680706091,-5811789.282078242,-5811986.967385096,-5812180.667937422,-5812370.315981855,-5812555.844854957,-5812737.189146248,-5812914.284870415,-5813087.069648925,-5813255.482901198,-5813419.466045524,-5813578.962709756,-5813733.91895189,-5813884.283490467,-5814030.0079447115,-5814171.047084268,-5814307.359088207,-5814438.905812966,-5814565.653068717,-5814687.570903492,-5814804.633894295,-5814916.821444213,-5815024.11808435,-5815126.513779208,-5815224.004233887,-5815316.59120121,-5815404.2827866115,-5815487.093748307,-5815565.0457899375,-5815638.167842532,-5815706.4963322515,-5815770.075430002,-5815828.957278582,-5815883.202192668,-5815932.878826466,-5815978.064303537,-5816018.844302905,-5816055.31309518,-5816087.5735222995,-5816115.7369141225,-5816139.922935217,-5816160.259355166,-5816176.881735991,-5816189.9330308335,-5816199.563088776,-5816205.928061822,-5816209.18971156,-5816209.514615029,-5816207.073271783,-5816202.039117226,-5816194.5874510165,-5816184.894293688,-5816173.135189662,-5816159.483980512,-5816144.111578576,-5816127.184777621,-5816108.865144134,-5816089.308039466,-5816068.661829218,-5816047.067341163,-5816024.657636292,-5816001.55815815,-5815977.88732297,-5815953.75760632,-5815929.277170366,-5815904.552059015,-5815879.688966004,-5815854.798553193,-5815829.999263085,-5815805.421529677,-5815781.212241807,-5815757.539245084,-5815734.5955652315,-5815712.602867366,-5815691.813383043,-5815672.509069577,-5815654.996027108,-5815639.591119081,-5815626.596377058,-5815616.255601901,-5815608.688244906,-5815603.80249803,-5815601.211418876,-5815600.222272018,-5815600.013636975,-5815600.0000552405,-5815600.0,0.0
33.25,-5727199.687703399,-5727563.584428807,-5727928.231949028,-5728293.621852774,-5728659.745420036,-5729026.593614222,-5729394.157074095,-5729762.426105539,-5730131.390673095,-5730501.040391328,-5730871.3645159565,-5731242.351934798,-5731613.991158482,-5731986.270310947,-5732359.177119718,-5732732.698905958,-5733106.822574269,-5733481.534602285,-5733856.821029995,-5734232.667448835,-5734609.058990535,-5734985.980315692,-5735363.415602099,-5735741.348532815,-5736119.762283951,-5736498.639512192,-5736877.962342056,-5737257.712352849,-5737637.870565355,-5738018.417428236,-5738399.332804141,-5738780.595955508,-5739162.185530097,-5739544.079546197,-5739926.255377542,-5740308.689737927,-5740691.358665507,-5741074.237506797,-5741457.300900355,-5741840.522760167,-5742223.876258708,-5742607.333809704,-5742990.867050578,-5743374.446824597,-5743758.043162706,-5744141.625265063,-5744525.161482281,-5744908.619296366,-5745291.96530138,-5745675.165183814,-5746058.183702695,-5746440.9846694255,-5746823.530927371,-5747205.78433121,-5747587.705726051,-5747969.254926349,-5748350.3906946145,-5748731.070719961,-5749111.251596488,-5749490.888801537,-5749869.9366738545,-5750248.34839166,-5750626.075950692,-5751003.070142238,-5751379.280531185,-5751754.655434158,-5752129.141897762,-5752502.685677005,-5752875.231213929,-5753246.721616525,-5753617.098637996,-5753986.302656423,-5754354.27265492,-5754720.94620237,-5755086.259434794,-5755450.147037477,-5755812.542227959,-5756173.376739959,-5756532.5808084,-5756890.083155622,-5757245.810978952,-5757599.6899397345,-5757951.644154041,-5758301.596185156,-5758649.467038082,-5758995.176156206,-5759338.641420385,-5759679.779150606,-5760018.504110534,-5760354.729515121,-5760688.367041611,-5761019.326844162,-5761347.51757246,-5761672.846394576,-5761995.21902446,-5762314.53975441,-5762630.711492904,-5762943.6358082155,-5763253.212978217,-5763559.342046853,-5763861.920887745,-5764160.846275434,-5764456.013964792,-5764747.318779167,-5765034.654707817,-5765317.915013276,-5765596.99234924,-5765871.77888968,-5766142.166469825,-5766408.04673973,-5766669.3113311585,-5766925.852038525,-5767177.561014625,-5767424.330981974,-5767666.055460468,-5767902.629012201,-5768133.947504145,-5768359.908389512,-5768580.4110084735,-5768795.356908953,-5769004.650188155,-5769208.19785537,-5769405.910216596,-5769597.70128133,-5769783.489191857,-5769963.196675101,-5770136.751517012,-5770304.087059177,-5770465.142717187,-5770619.864519854,-5770768.205668175,-5770910.1271124445,-5771045.598145536,-5771174.597009782,-5771297.111514415,-5771413.139659768,-5771522.69026379,-5771625.783585601,-5771722.4519399395,-5771812.740295393,-5771896.706848292,-5771974.423563,-5772045.976668264,-5772111.467098002,-5772171.0108637735,-5772224.739344929,-5772272.799481396,-5772315.353852938,-5772352.5806280505,-5772384.673365041,-5772411.840647756,-5772434.305538824,-5772452.3048343565,-5772466.088106025,-5772475.916519383,-5772482.061421629,-5772484.802697713,-5772484.426901078,-5772481.22517463,-5772475.490988586,-5772467.517734861,-5772457.59623225,-5772446.012212233,-5772433.043871131,-5772418.959588865,-5772404.015926057,-5772388.456016885,-5772372.5084717395,-5772356.386887497,-5772340.290029984,-5772324.402698968,-5772308.8972078245,-5772293.935306735,-5772279.670252162,-5772266.248582661,-5772253.81101366,-5772242.491729085,-5772232.415251117,-5772223.690050009,-5772216.398185119,-5772210.580689827,-5772206.219410958,-5772203.218073255,-5772201.389038432,-5772200.457452584,-5772200.097945483,-5772200.009911475,-5772200.000225895,-5772200.000000127,-5772200.0,0.0
33.0,-5671684.133695461,-5672085.830135168,-5672488.742773253,-5672892.868105879,-5673298.202361569,-5673704.741493028,-5674112.481168754,-5674521.416764399,-5674931.543353881,-5675342.855700251,-5675755.348246304,-5676169.015104905,-5676583.850049065,-5676999.846501717,-5677416.997525212,-5677835.295810507,-5678254.733666064,-5678675.303006429,-5679096.995340478,-5679519.80175934,-5679943.712923998,-5680368.719052502,-5680794.809906865,-5681221.97477956,-5681650.202479667,-5682079.481318614,-5682509.799095526,-5682941.143082175,-5683373.500007506,-5683806.856041737,-5684241.196780023,-5684676.507225673,-5685112.771772899,-5685549.974189109,-5685988.09759671,-5686427.124454411,-5686867.036538041,-5687307.814920836,-5687749.439953205,-5688191.89124196,-5688635.147628993,-5689079.187169393,-5689523.987108996,-5689969.523861345,-5690415.772984054,-5690862.709154577,-5691310.306145355,-5691758.536798331,-5692207.372998837,-5692656.785648833,-5693106.744639484,-5693557.218823077,-5694008.175984274,-5694459.582810657,-5694911.404862628,-5695363.606542571,-5695816.15106335,-5696269.000416084,-5696722.115337233,-5697175.455274958,-5697628.978354803,-5698082.641344644,-5698536.399618956,-5698990.20712238,-5699444.0163326,-5699897.778222562,-5700351.442221996,-5700804.956178326,-5701258.266316936,-5701711.317200832,-5702164.051689738,-5702616.410898635,-5703068.334155796,-5703519.758960358,-5703970.620939466,-5704420.853805053,-5704870.389310318,-5705319.15720595,-5705767.085196194,-5706214.098894841,-5706660.12178121,-5707105.075156262,-5707548.87809892,-5707991.4474227615,-5708432.69763318,-5708872.540885198,-5709310.886942081,-5709747.643134951,-5710182.714323574,-5710616.002858566,-5711047.408545248,-5711476.828609396,-5711904.157665183,-5712329.287685639,-5712752.107975915,-5713172.505149772,-5713590.363109652,-5714005.563030772,-5714417.983349704,-5714827.49975796,-5715233.985201082,-5715637.309883874,-5716037.341282374,-5716433.944163257,-5716826.9806114,-5717216.310066404,-5717601.78936892,-5717983.272817663,-5718360.612238119,-5718733.657063972,-5719102.254432347,-5719466.249294087,-5719825.484540293,-5720179.801146484,-5720529.038335814,-5720873.033762815,-5721211.62371929,-5721544.643364016,-5721871.926978026,-5722193.308247286,-5722508.620574719,-5722817.697423536,-5723120.372693958,-5723416.48113542,-5723705.858796423,-5723988.343514218,-5724263.7754465025,-5724531.997647279,-5724792.856689018,-5725046.20333312,-5725291.8932505585,-5725529.787794393,-5725759.754825577,-5725981.669593148,-5726195.41566944,-5726400.885940467,-5726597.983650908,-5726786.623502371,-5726966.732802642,-5727138.252662444,-5727301.139234951,-5727455.36499163,-5727600.920026231,-5727737.813376573,-5727866.074351393,-5727985.753846755,-5728096.925633509,-5728199.687593835,-5728294.16288126,-5728380.50097448,-5728458.878591174,-5728529.500423546,-5728592.599653063,-5728648.438197656,-5728697.3066409305,-5728739.523790099,-5728775.435807575,-5728805.414861407,-5728829.857242203,-5728849.18090003,-5728863.8223646395,-5728874.2330272095,-5728880.874782549,-5728884.215058027,-5728884.721289802,-5728882.854947862,-5728879.065257746,-5728873.78281588,-5728867.413342379,-5728860.331853226,-5728852.877553055,-5728845.349739096,-5728838.00495374,-5728831.055518354,-5728824.66942272,-5728818.971346734,-5728814.044392553,-5728809.931975942,-5728806.639365975,-5728804.134683759,-5728802.349847682,-5728801.18293351,-5728800.504393563,-5728800.169818267,-5728800.040172717,-5728800.005415688,-5728800.00027401,-5728800.000001969,-5728800.0,-5728800.0,0.0
32.75,-5614106.564652548,-5614539.9642366115,-5614975.063533082,-5615411.8652673345,-5615850.371977851,-5616290.586008868,-5616732.509502799,-5617176.144392402,-5617621.492392681,-5618068.55499253,-5618517.333446086,-5618967.828763808,-5619420.041703257,-5619873.972759557,-5620329.622155565,-5620786.989831692,-5621246.075435394,-5621706.8783103265,-5622169.397485114,-5622633.631661773,-5623099.579203734,-5623567.238123474,-5624036.606069738,-5624507.680314337,-5624980.457738502,-5625454.934818796,-5625931.107612553,-5626408.97174284,-5626888.522382906,-5627369.75424014,-5627852.661539481,-5628337.238006277,-5628823.476848593,-5629311.370738919,-5629800.911795281,-5630292.091561725,-5630784.900988168,-5631279.330409561,-5631775.369524394,-5632273.007372473,-5632772.232311981,-5633273.031995764,-5633775.393346872,-5634279.302533272,-5634784.744941739,-5635291.705150907,-5635800.166903425,-5636310.113077227,-5636821.525655839,-5637334.385697761,-5637848.67330483,-5638364.367589575,-5638881.446641525,-5639399.887492432,-5639919.66608038,-5640440.75721276,-5640963.134528064,-5641486.770456475,-5642011.636179214,-5642537.701586615,-5643064.935234895,-5643593.304301587,-5644122.774539593,-5644653.310229828,-5645184.874132441,-5645717.427436547,-5646250.929708449,-5646785.338838342,-5647320.610985425,-5647856.700521437,-5648393.559972541,-5648931.139959564,-5649469.389136559,-5650008.254127646,-5650547.679462137,-5651087.6075079115,-5651627.978403028,-5652168.7299855575,-5652709.797721642,-5653251.114631759,-5653792.611215215,-5654334.2153728455,-5654875.852327972,-5655417.444545609,-5655958.911649971,-5656500.170340316,-5657041.134305165,-5657581.71413497,-5658121.817233326,-5658661.347726775,-5659200.20637335,-5659738.290469954,-5660275.493758749,-5660811.706332699,-5661346.8145404635,-5661880.70089087,-5662413.243957201,-5662944.318281596,-5663473.794279854,-5664001.5381470295,-5664527.411764193,-5665051.272606819,-5665572.973655297,-5666092.363308124,-5666609.285298391,-5667123.578614268,-5667635.077424229,-5668143.611007871,-5668649.003693279,-5669151.074801934,-5669649.638602316,-5670144.504273461,-5670635.475879839,-5671122.352359056,-5671604.92752404,-5672082.990081551,-5672556.323668931,-5673024.70691134,-5673487.913501783,-5673945.712306518,-5674397.867498641,-5674844.138722868,-5675284.28129483,-5675718.046438386,-5676145.181564811,-5676565.4305979805,-5676978.534349949,-5677384.230951665,-5677782.256343859,-5678172.344833444,-5678554.229721103,-5678927.644005977,-5679292.321173716,-5679647.996074315,-5679994.4058963815,-5680331.291244614,-5680658.397327301,-5680975.4752605595,-5681282.283495839,-5681578.58937684,-5681864.170831346,-5682138.818202618,-5682402.336223786,-5682654.546137047,-5682895.287957395,-5683124.422877995,-5683341.835810895,-5683547.438052791,-5683741.17006045,-5683923.004314421,-5684092.948242453,-5684251.047165567,-5684397.387219839,-5684532.098195592,-5684655.35622286,-5684767.386217594,-5684868.4639875265,-5684958.917879987,-5685039.12983703,-5685109.535706786,-5685170.624645304,-5685222.937432147,-5685267.0635180455,-5685303.636627189,-5685333.328754151,-5685356.84243083,-5685374.90119707,-5685388.238295553,-5685397.583731239,-5685403.649990695,-5685407.1169048995,-5685408.616351375,-5685408.717707772,-5685407.915155601,-5685406.618040433,-5685405.14546218,-5685403.726033749,-5685402.50326919,-5685401.54636197,-5685400.865303531,-5685400.42858493,-5685400.181363804,-5685400.06206793,-5685400.015733948,-5685400.002549234,-5685400.000202373,-5685400.00000463,-5685400.000000009,-5685400.0,-5685400.0,0.0
32.5,-5554279.618000826,-5554736.056750393,-5555194.66501125,-5555655.4526651,-5556118.429523436,-5556583.60532222,-5557050.989716353,-5557520.592273912,-5557992.422470175,-5558466.489681381,-5558942.803178264,-5559421.372119308,-5559902.2055437565,-5560385.31236431,-5560870.701359569,-5561358.381166143,-5561848.360270479,-5562340.64700032,-5562835.24951588,-5563332.175800615,-5563831.433651672,-5564333.030669917,-5564836.974249611,-5565343.271567639,-5565851.929572338,-5566362.954971865,-5566876.354222119,-5567392.13351417,-5567910.298761205,-5568430.8555849455,-5568953.809301529,-5569479.164906841,-5570006.927061252,-5570537.100073761,-5571069.687885509,-5571604.694052632,-5572142.121728446,-5572681.973644921,-5573224.252093413,-5573768.958904656,-5574316.095427929,-5574865.662509425,-5575417.660469741,-5575972.089080496,-5576528.947539997,-5577088.234447971,-5577649.947779252,-5578214.084856475,-5578780.642321631,-5579349.616106544,-5579921.001402134,-5580494.792626487,-5581070.983391646,-5581649.566469079,-5582230.533753781,-5582813.876226953,-5583399.583917195,-5583987.645860153,-5584578.050056579,-5585170.783428707,-5585765.8317749165,-5586363.179722589,-5586962.8106790995,-5587564.70678086,-5588168.848840369,-5588775.216291127,-5589383.78713043,-5589994.537859865,-5590607.44342347,-5591222.47714348,-5591839.6106535345,-5592458.813829269,-5593080.0547162,-5593703.29945479,-5594328.512202599,-5594955.655053425,-5595584.687953299,-5596215.568613262,-5596848.252418782,-5597482.692335721,-5598118.83881271,-5598756.639679839,-5599396.0400435375,-5600036.982177509,-5600679.405409634,-5601323.246004684,-5601968.437042757,-5602614.908293303,-5603262.5860846285,-5603911.3931687595,-5604561.248581582,-5605212.067498107,-5605863.761082824,-5606516.23633501,-5607169.395928929,-5607823.1380488705,-5608477.356218949,-5609131.939127645,-5609786.770447076,-5610441.728646985,-5611096.686803484,-5611751.512402639,-5612406.067138945,-5613060.206708884,-5613713.780599686,-5614366.6318735825,-5615018.596947802,-5615669.505370688,-5616319.17959435,-5616967.434744403,-5617614.078387352,-5618258.910296392,-5618901.722216444,-5619542.297629399,-5620180.41152072,-5620815.830148675,-5621448.310817732,-5622077.6016577985,-5622703.441411249,-5623325.559229979,-5623943.674484977,-5624557.496591238,-5625166.724851295,-5625771.048320858,-5626370.145700755,-5626963.685259621,-5627551.3247925,-5628132.711621023,-5628707.48264153,-5629275.264428216,-5629835.67339913,-5630388.316053772,-5630932.78929188,-5631468.680824029,-5631995.56968573,-5632513.026867795,-5633020.616076973,-5633517.8946420625,-5634004.414581991,-5634479.723853619,-5634943.367798363,-5635394.890807886,-5635833.838230288,-5636259.758539169,-5636672.205788694,-5637070.7423781045,-5637454.942149062,-5637824.3938384075,-5638178.70490729,-5638517.505764902,-5638840.454400868,-5639147.241434397,-5639437.59558011,-5639711.289519509,-5639968.146152805,-5640208.045187496,-5640430.929997069,-5640636.814654644,-5640825.791011618,-5640998.035649631,-5641153.816485204,-5641293.498750039,-5641417.550007192,-5641526.543795576,-5641621.161426522,-5641702.191391757,-5641770.525791476,-5641827.153167164,-5641873.1471446855,-5641909.650382495,-5641937.853506729,-5641958.969031097,-5641974.2007343955,-5641984.709618362,-5641991.57837853,-5641995.777219037,-5641998.134668397,-5641999.317532229,-5641999.823866434,-5641999.991461238,-5642000.021572343,-5642000.013849912,-5642000.004830681,-5642000.001011227,-5642000.000113072,-5642000.000005031,-5642000.000000047,-5642000.0,-5642000.0,-5642000.0,0.0
32.25,-5492055.5965587115,-5492523.836938189,-5492994.665405238,-5493468.099338564,-5493944.156189483,-5494422.853479692,-5494904.208798882,-5495388.239802204,-5495874.964207588,-5496364.399792877,-5496856.564392807,-5497351.475895797,-5497849.152240546,-5498349.611412446,-5498852.8714397615,-5499358.950389621,-5499867.86636376,-5500379.63749403,-5500894.281937662,-5501411.81787226,-5501932.263490527,-5502455.636994703,-5502981.956590696,-5503511.240481905,-5504043.506862709,-5504578.77391161,-5505117.059784016,-5505658.382604644,-5506202.760459518,-5506750.211387569,-5507300.753371781,-5507854.404329883,-5508411.182104575,-5508971.104453234,-5509534.189037104,-5510100.4534099465,-5510669.915006088,-5511242.591127886,-5511818.498932547,-5512397.655418289,-5512980.077409804,-5513565.781542991,-5514154.784248922,-5514747.10173701,-5515342.749977336,-5515941.74468209,-5516544.101286089,-5517149.834926337,-5517758.960420548,-5518371.492244621,-5518987.444508989,-5519606.830933798,-5520229.664822851,-5520855.959036279,-5521485.725961829,-5522118.977484764,-5522755.7249562545,-5523395.979160211,-5524039.750278482,-5524687.047854316,-5525337.880754048,-5525992.257126854,-5526650.18436255,-5527311.669047277,-5527976.716917017,-5528645.332808796,-5529317.520609479,-5529993.2832020335,-5530672.622409126,-5531355.538933943,-5532042.032298064,-5532732.100776269,-5533425.741328125,-5534122.949526162,-5534823.7194805145,-5535528.043759818,-5536235.913308194,-5536947.317358106,-5537662.243338922,-5538380.676780933,-5539102.601214617,-5539827.998064932,-5540556.846540353,-5541289.123516443,-5542024.8034136575,-5542763.858069115,-5543506.256602041,-5544251.965272581,-5545000.947333656,-5545753.1628755415,-5546508.568662819,-5547267.117963337,-5548028.760368824,-5548793.441606732,-5549561.103342974,-5550331.682975059,-5551105.113415276,-5551881.322863426,-5552660.234568698,-5553441.766580176,-5554225.831485555,-5555012.336137545,-5555801.181367491,-5556592.261685709,-5557385.464968038,-5558180.672128141,-5558977.75677501,-5559776.584855245,-5560577.014279629,-5561378.894533518,-5562182.06627069,-5562986.360890223,-5563791.600096084,-5564597.5954391835,-5565404.1478416305,-5566211.047103151,-5567018.071389598,-5567824.986703716,-5568631.546338411,-5569437.490312969,-5570242.544792917,-5571046.4214943815,-5571848.81707421,-5572649.41250731,-5573447.872453202,-5574243.844614127,-5575036.959087619,-5575826.827717046,-5576613.043444368,-5577395.179670043,-5578172.789626097,-5578945.405769279,-5579712.539202515,-5580473.679134212,-5581228.292386539,-5581975.822965578,-5582715.691708252,-5583447.296023223,-5584170.00974548,-5584883.18312729,-5585586.1429913,-5586278.193075302,-5586958.614602039,-5587626.667111961,-5588281.5896015465,-5588922.602015165,-5589548.907144044,-5590159.692991938,-5590754.135673383,-5591331.402916841,-5591890.658251418,-5592431.065961858,-5592951.796901822,-5593452.035259479,-5593930.986371317,-5594387.885679147,-5594822.00891977,-5595232.6836253675,-5595619.3019931475,-5595981.335152169,-5596318.348810583,-5596630.020203425,-5596916.156174913,-5597176.712114656,-5597411.811318309,-5597621.764154879,-5597807.086190847,-5597968.514144467,-5598107.018227527,-5598223.809091721,-5598320.3372652065,-5598398.282699079,-5598459.531935786,-5598506.140598597,-5598540.279568669,-5598564.164586501,-5598579.971302869,-5598589.741112541,-5598595.287226321,-5598598.114570696,-5598599.369556978,-5598599.833954327,-5598599.968480844,-5598599.996249042,-5598599.999778099,-5598599.999995701,-5598599.999999989,-5598600.0,-5598600.0,-5598600.0,0.0
32.0,-5427341.960643614,-5427808.384247935,-5428277.722905455,-5428750.001096738,-5429225.243528468,-5429703.475135004,-5430184.721079901,-5430669.006757374,-5431156.35779374,-5431646.8000487825,-5432140.359617082,-5432637.062829279,-5433136.936253266,-5433640.0066953255,-5434146.301201164,-5434655.847056907,-5435168.671789959,-5435684.803169808,-5436204.2692087,-5436727.098162221,-5437253.318529751,-5437782.959054802,-5438316.048725215,-5438852.616773216,-5439392.692675304,-5439936.306152006,-5440483.487167411,-5441034.26592856,-5441588.672884602,-5442146.738725753,-5442708.494382018,-5443273.97102168,-5443843.200049509,-5444416.213104721,-5444993.042058612,-5445573.719011911,-5446158.276291768,-5446746.746448412,-5447339.162251409,-5447935.556685544,-5448535.962946243,-5449140.414434573,-5449748.9447517395,-5450361.58769307,-5450978.377241469,-5451599.347560276,-5452224.532985515,-5452853.968017496,-5453487.687311706,-5454125.725668986,-5454768.118024898,-5455414.899438292,-5456066.105078959,-5456721.7702143695,-5457381.930195399,-5458046.620441018,-5458715.876421846,-5459389.7336425185,-5460068.227622782,-5460751.39387727,-5461439.2678938275,-5462131.885110351,-5462829.280889994,-5463531.4904946955,-5464238.549056883,-5464950.491549266,-5465667.35275258,-5466389.167221182,-5467115.969246327,-5467847.792817029,-5468584.671578312,-5469326.638786725,-5470073.727262921,-5470825.969341159,-5471583.3968154825,-5472346.040882432,-5473113.932080012,-5473887.100222743,-5474665.574332502,-5475449.382564919,-5476238.552131059,-5477033.109214055,-5477833.078880437,-5478638.484985775,-5479449.350074303,-5480265.695272158,-5481087.540173815,-5481914.902721299,-5482747.799075742,-5483586.243480767,-5484430.248117233,-5485279.822948765,-5486134.975557524,-5486995.710969564,-5487862.031469188,-5488733.936401548,-5489611.421962814,-5490494.480977093,-5491383.102659312,-5492277.272363156,-5493176.971313171,-5494082.176320015,-5494992.85947786,-5495908.987842785,-5496830.523091082,-5497757.421156165,-5498689.631842812,-5499627.098417396,-5500569.757172624,-5501517.536965276,-5502470.35872534,-5503428.134934883,-5504390.769074848,-5505358.155038017,-5506330.1765061105,-5507306.706289121,-5508287.6056247335,-5509272.723435711,-5510261.895543015,-5511254.943832409,-5512251.675372186,-5513251.881479695,-5514255.3367343135,-5515261.797934474,-5516271.002996485,-5517282.669792863,-5518296.494928129,-5519312.152450084,-5520329.292494907,-5521347.539864733,-5522366.49253676,-5523385.7201034855,-5524404.762144405,-5525423.126530272,-5526440.287662111,-5527455.6846485175,-5528468.71942621,-5529478.754830854,-5530485.112627384,-5531487.071511855,-5532483.865100178,-5533474.679923045,-5534458.653451124,-5535434.872180165,-5536402.369812386,-5537360.125578352,-5538307.062752821,-5539242.047428938,-5540163.887627918,-5541071.332836143,-5541963.074078866,-5542837.744659589,-5543693.92171691,-5544530.1287766,-5545344.839505826,-5546136.482908966,-5546903.450240028,-5547644.10394484,-5548356.78898586,-5549039.846941873,-5549691.633311079,-5550310.53847499,-5550895.012795389,-5551443.596308375,-5551954.953434849,-5552427.913027714,-5552861.513898091,-5553255.05567381,-5553608.154402805,-5553920.801672681,-5554193.425120739,-5554426.947003573,-5554622.835947363,-5554783.145124758,-5554910.528022179,-5555008.220984588,-5555079.980481559,-5555129.963619065,-5555162.544474871,-5555182.068437126,-5555192.563627424,-5555197.452171698,-5555199.3282029135,-5555199.878033473,-5555199.987329833,-5555199.999459975,-5555199.9999951385,-5555199.999999998,-5555200.0,-5555200.0,0.0
31.75,-5360116.7130122855,-5360565.739810213,-5361017.877494599,-5361473.156441608,-5361931.607398196,-5362393.261487618,-5362858.150215057,-5363326.305473307,-5363797.7595485635,-5364272.545126296,-5364750.6952971965,-5365232.2435632255,-5365717.223843743,-5366205.670481728,-5366697.618250079,-5367193.102358005,-5367692.158457504,-5368194.822649919,-5368701.131492597,-5369211.122005606,-5369724.831678558,-5370242.298477502,-5370763.560851891,-5371288.657741643,-5371817.6285842685,-5372350.513322067,-5372887.352409402,-5373428.186820039,-5373973.058054548,-5374522.008147771,-5375075.079676334,-5375632.315766229,-5376193.760100412,-5376759.456926477,-5377329.451064332,-5377903.7879139185,-5378482.513462947,-5379065.6742946375,-5379653.317595467,-5380245.4911629,-5380842.2434131075,-5381443.623388647,-5382049.6807661,-5382660.465863643,-5383276.02964856,-5383896.423744636,-5384521.700439462,-5385151.912691612,-5385787.114137641,-5386427.35909894,-5387072.702588376,-5387723.20031669,-5388378.908698679,-5389039.884859046,-5389706.186637957,-5390377.872596221,-5391055.0020200815,-5391737.634925561,-5392425.832062315,-5393119.654916951,-5393819.16571575,-5394524.427426733,-5395235.503761025,-5395952.45917342,-5396675.358862105,-5397404.268767437,-5398139.255569707,-5398880.386685793,-5399627.730264602,-5400381.355181189,-5401141.331029455,-5401907.728113288,-5402680.617436014,-5403460.070688018,-5404246.160232382,-5405038.959088375,-5405838.540912606,-5406644.97997766,-5407458.351148001,-5408278.729852925,-5409106.192056306,-5409940.814222903,-5410782.673280917,-5411631.8465805175,-5412488.411848,-5413352.447135246,-5414224.030764069,-5415103.241265076,-5415990.157310586,-5416884.85764114,-5417787.420985084,-5418697.925970678,-5419616.451030144,-5420543.074294996,-5421477.873481976,-5422420.925768836,-5423372.307659185,-5424332.0948354965,-5425300.361999372,-5426277.182698026,-5427262.629135918,-5428256.771970328,-5429259.680089642,-5430271.420372916,-5431292.057429287,-5432321.653315592,-5433360.267230481,-5434407.955183146,-5435464.769634643,-5436530.759109626,-5437605.967776132,-5438690.434990895,-5439784.194807373,-5440887.275443607,-5441999.698706628,-5443121.479369987,-5444252.624500666,-5445393.132731319,-5446542.993473508,-5447702.186067249,-5448870.678861769,-5450048.428222087,-5451235.377455494,-5452431.455651668,-5453636.576429624,-5454850.636584234,-5456073.514624495,-5457305.069195245,-5458545.137373343,-5459793.532828875,-5461050.043841216,-5462314.431159272,-5463586.425694543,-5464865.726035129,-5466151.995768194,-5467444.86059792,-5468743.905245605,-5470048.670118235,-5471358.647731731,-5472673.278875265,-5473991.948503326,-5475313.981343159,-5476638.637206465,-5477965.105996222,-5479292.502402416,-5480619.860284285,-5481946.126742044,-5483270.155888005,-5484590.702336133,-5485906.414440941,-5487215.827331752,-5488517.355807685,-5489809.2871831935,-5491089.774204775,-5492356.828198076,-5493608.312652833,-5494841.937512815,-5496055.254511925,-5497245.653988313,-5498410.363719381,-5499546.450454941,-5500650.8249874795,-5501720.251790489,-5502751.364480593,-5503740.68861717,-5504684.67364056,-5505579.736056797,-5506422.316281384,-5507208.951817729,-5507936.369599536,-5508601.600260858,-5509202.116639307,-5509735.997706804,-5510202.116980236,-5510600.3507751785,-5510931.795779701,-5511198.976646812,-5511406.01216155,-5511558.693419192,-5511664.411873483,-5511731.865892677,-5511770.485506963,-5511789.568563851,-5511797.240468498,-5511799.526601287,-5511799.959292633,-5511799.998950435,-5511799.999997547,-5511800.0,-5511800.0,0.0
31.5,-5290442.412250475,-5290857.156105082,-5291275.041261446,-5291696.101998283,-5292120.373079973,-5292547.889765597,-5292978.687818159,-5293412.803514038,-5293850.273652645,-5294291.135566298,-5294735.427130333,-5295183.186773444,-5295634.45348826,-5296089.266842163,-5296547.6669883635,-5297009.694677221,-5297475.391267839,-5297944.798739928,-5298417.959705925,-5298894.917423422,-5299375.715807866,-5299860.399445556,-5300349.013606952,-5300841.604260283,-5301338.218085481,-5301838.902488432,-5302343.705615569,-5302852.676368794,-5303365.864420754,-5303883.320230479,-5304405.095059365,-5304931.2409875505,-5305461.810930656,-5305996.858656925,-5306536.438804749,-5307080.606900609,-5307629.419377421,-5308182.933593307,-5308741.207850799,-5309304.301416475,-5309872.274541047,-5310445.188479905,-5311023.105514113,-5311606.088971893,-5312194.203250575,-5312787.513839038,-5313386.087340652,-5313989.991496703,-5314599.295210347,-5315214.068571064,-5315834.382879646,-5316460.310673685,-5317091.925753619,-5317729.303209312,-5318372.519447135,-5319021.652217635,-5319676.780643713,-5320337.985249356,-5321005.347988911,-5321678.952276887,-5322358.8830183,-5323045.226639541,-5323738.071119775,-5324437.50602283,-5325143.622529604,-5325856.513470946,-5326576.273361,-5327302.998431002,-5328036.786663483,-5328777.737826878,-5329525.95351048,-5330281.5371597195,-5331044.594111717,-5331815.231631063,-5332593.558945779,-5333379.687283364,-5334173.729906914,-5334975.802151162,-5335786.021458426,-5336604.5074143,-5337431.381783031,-5338266.768542421,-5339110.793918134,-5339963.5864172615,-5340825.276860971,-5341695.998416051,-5342575.886625149,-5343465.07943547,-5344363.717225699,-5345271.942830845,-5346189.901564719,-5347117.741239694,-5348055.612183379,-5349003.6672517955,-5349962.061838592,-5350930.953879797,-5351910.503853571,-5352900.87477432,-5353902.2321805265,-5354914.744115534,-5355938.581100495,-5356973.916098542,-5358020.924469257,-5359079.783912273,-5360150.6743988665,-5361233.778090188,-5362329.279240679,-5363437.36408507,-5364558.220707193,-5365692.038888641,-5366839.009935142,-5367999.326478266,-5369173.182249848,-5370360.771826236,-5371562.290339184,-5372777.933149877,-5374007.895482199,-5375252.37201096,-5376511.556400339,-5377785.6407873295,-5379074.8152043875,-5380379.266934877,-5381699.1797942845,-5383034.733329319,-5384386.1019262895,-5385753.453819163,-5387136.949986665,-5388536.742926725,-5389952.97529522,-5391385.778394591,-5392835.2704964,-5394301.554980083,-5395784.718268305,-5397284.827537193,-5398801.928177336,-5400336.040978906,-5401887.159011343,-5403455.244164887,-5405040.22331782,-5406641.984089389,-5408260.370134289,-5409895.175929967,-5411546.141003178,-5413212.943536851,-5414895.193292696,-5416592.423779052,-5418304.083587168,-5420029.52681287,-5421768.002474157,-5423518.642829349,-5425280.450495033,-5427052.284258886,-5428832.843480326,-5430620.650972451,-5432414.034263877,-5434211.105150048,-5436009.737463448,-5437807.543023978,-5439601.845779307,-5441389.654216341,-5443167.632227387,-5444932.068758952,-5446678.846771967,-5448403.412318632,-5450100.7449180065,-5451765.330921915,-5453391.142246068,-5454971.623749038,-5456499.693735417,-5457967.763608258,-5459367.784670058,-5460691.332525233,-5461929.742472019,-5463074.312567812,-5464116.594336178,-5465048.793500171,-5465864.302946789,-5466558.384138333,-5467128.995835705,-5467577.7315019015,-5467910.757061059,-5468139.527032697,-5468280.901720195,-5468356.143814109,-5468388.311893567,-5468398.138794418,-5468399.879161637,-5468399.998684939,-5468399.999999832,-5468400.0,0.0
31.25,-5218477.3721327735,-5218840.519261872,-5219206.648145264,-5219575.794321362,-5219947.993880414,-5220323.283475916,-5220701.700336321,-5221083.282277058,-5221468.067712856,-5221856.09567043,-5222247.405801443,-5222642.038395872,-5223040.034395702,-5223441.43540898,-5223846.283724277,-5224254.622325519,-5224666.494907224,-5225081.945890161,-5225501.020437442,-5225923.76447104,-5226350.22468878,-5226780.448581792,-5227214.484452459,-5227652.381432857,-5228094.189503713,-5228539.959513906,-5228989.743200515,-5229443.593209433,-5229901.563116571,-5230363.707449667,-5230830.081710734,-5231300.742399129,-5231775.74703532,-5232255.1541853165,-5232739.023485833,-5233227.415670174,-5233720.392594888,-5234218.017267208,-5234720.353873291,-5235227.467807315,-5235739.425701423,-5236256.29545658,-5236778.146274338,-5237305.048689575,-5237837.074604205,-5238374.297321922,-5238916.791583998,-5239464.633606161,-5240017.90111662,-5240576.673395238,-5241141.031313919,-5241711.05737825,-5242286.83577041,-5242868.452393428,-5243455.994916817,-5244049.552823618,-5244649.217458937,-5245255.082079983,-5245867.241907689,-5246485.794179958,-5247110.83820659,-5247742.475425941,-5248380.809463381,-5249025.946191603,-5249677.993792858,-5250337.062823155,-5251003.266278518,-5251676.719663355,-5252357.541060997,-5253045.851206507,-5253741.773561796,-5254445.434393153,-5255156.962851232,-5255876.491053616,-5256604.154169979,-5257340.090509997,-5258084.441614016,-5258837.352346623,-5259598.970993158,-5260369.449359276,-5261148.942873639,-5261937.610693815,-5262735.615815467,-5263543.125184936,-5264360.30981528,-5265187.3449058365,-5266024.40996543,-5266871.688939254,-5267729.37033952,-5268597.647379944,-5269476.718114091,-5270366.78557769,-5271268.057934892,-5272180.748628572,-5273105.076534609,-5274041.266120248,-5274989.547606422,-5275950.157134087,-5276923.336934464,-5277909.3355031,-5278908.4077776605,-5279920.815319274,-5280946.826497237,-5281986.71667686,-5283040.76841011,-5284109.2716287505,-5285192.523839505,-5286290.830320756,-5287404.504320164,-5288533.867252523,-5289679.248897004,-5290840.987592838,-5292019.4304323215,-5293214.933449859,-5294427.861805533,-5295658.589961518,-5296907.5018493235,-5298174.991025622,-5299461.46081405,-5300767.324429975,-5302093.005084828,-5303438.936066078,-5304805.560788339,-5306193.332810505,-5307602.715813039,-5309034.183528692,-5310488.219618993,-5311965.317487743,-5313465.980021476,-5314990.719245418,-5316540.055881822,-5318114.518795673,-5319714.644310563,-5321340.9753750535,-5322994.060556966,-5324674.452839734,-5326382.708191157,-5328119.383870485,-5329885.036434724,-5331680.219399192,-5333505.48050061,-5335361.358503193,-5337248.379479156,-5339167.052484612,-5341117.864539652,-5343101.274807334,-5345117.707850045,-5347167.545822652,-5349251.119439972,-5351368.697530535,-5353520.474959114,-5355706.558666192,-5357926.951532979,-5360181.533734863,-5362470.041193569,-5364792.040677996,-5367146.901034962,-5369533.759953373,-5371951.485578287,-5374398.632195519,-5376873.389103954,-5379373.521684984,-5381896.303571929,-5384438.438727286,-5386995.972168609,-5389564.188071941,-5392137.494067644,-5394709.290794095,-5397271.826293884,-5399816.0357838655,-5402331.368948042,-5404805.609558102,-5407224.696471147,-5409572.561699977,-5411831.0114696575,-5413979.691593137,-5415996.20123286,-5417856.451546835,-5419535.409579674,-5421008.421475685,-5422253.361128187,-5423253.864227224,-5424003.791699123,-5424512.625545256,-5424810.403744141,-5424948.773922074,-5424992.657472828,-5424999.701373821,-5424999.9994680295,-5425000.0,0.0
31.0,-5144482.53511696,-5144777.406162431,-5145074.898685795,-5145375.046437788,-5145677.883725026,-5145983.445422185,-5146291.766984521,-5146602.884460738,-5146916.834506215,-5147233.654396617,-5147553.382041896,-5147876.0560006825,-5148201.715495104,-5148530.400426022,-5148862.151388723,-5149197.009689059,-5149535.017360076,-5149876.21717912,-5150220.652685449,-5150568.368198407,-5150919.408836085,-5151273.820534601,-5151631.650067926,-5151992.945068337,-5152357.754047491,-5152726.126418138,-5153098.112516529,-5153473.763625496,-5153853.131998273,-5154236.270883062,-5154623.234548367,-5155014.078309146,-5155408.8585537905,-5155807.632771976,-5156210.459583413,-5156617.398767515,-5157028.5112940725,-5157443.859354885,-5157863.506396479,-5158287.517153882,-5158715.957685541,-5159148.895409401,-5159586.3991402,-5160028.539128035,-5160475.387098242,-5160927.016292626,-5161383.501512131,-5161844.919160978,-5162311.347292345,-5162782.865655635,-5163259.555745429,-5163741.500852149,-5164228.786114541,-5164721.498574039,-5165219.727231066,-5165723.563103399,-5166233.099286644,-5166748.431016931,-5167269.655735914,-5167796.873158181,-5168330.185341184,-5168869.696757767,-5169415.514371454,-5169967.747714563,-5170526.508969324,-5171091.913052082,-5171664.077700768,-5172243.1235657465,-5172829.174304214,-5173422.356678298,-5174022.800657032,-5174630.639522369,-5175246.009979434,-5175869.052271202,-5176499.910297797,-5177138.731740655,-5177785.668191743,-5178440.875288087,-5179104.512851865,-5179776.745036323,-5180457.740477776,-5181147.672454008,-5181846.7190493625,-5182555.063326846,-5183272.893507583,-5184000.403157992,-5184737.791385036,-5185485.263039949,-5186243.028930876,-5187011.306044822,-5187790.317779402,-5188580.2941848785,-5189381.4722169535,-5190194.096000908,-5191018.417107617,-5191854.694842022,-5192703.196544734,-5193564.197907356,-5194437.983302271,-5195324.846127576,-5196225.089167957,-5197139.024972252,-5198066.976248603,-5199009.276278008,-5199966.269347229,-5200938.311202003,-5201925.769521558,-5202929.024415477,-5203948.468944014,-5204984.50966298,-5206037.567194389,-5207108.076824096,-5208196.489127671,-5209303.2706258455,-5210428.904470835,-5211573.8911649585,-5212738.749312921,-5213924.016409205,-5215130.249661976,-5216358.026854966,-5217607.947248724,-5218880.63252262,-5220176.727758905,-5221496.902470086,-5222841.851670726,-5224212.296994582,-5225608.987857848,-5227032.702668989,-5228484.250085196,-5229964.470315232,-5231474.236467713,-5233014.4559432985,-5234586.071868392,-5236190.064566876,-5237827.453065234,-5239499.29662471,-5241206.696292436,-5242950.7964609815,-5244732.78642307,-5246553.901904748,-5248415.426556099,-5250318.693373559,-5252265.086021677,-5254256.040014672,-5256293.043708968,-5258377.639046708,-5260511.421976606,-5262696.042461875,-5264933.2039644895,-5267224.6622701585,-5269572.223487592,-5271977.74101803,-5274443.1112444345,-5276970.267632475,-5279561.1728644315,-5282217.808539254,-5284942.161862758,-5287736.208615973,-5290601.891519973,-5293541.092903272,-5296555.60031197,-5299647.063368694,-5302816.939766234,-5306066.427752128,-5309396.381792613,-5312807.207261894,-5316298.728940827,-5319870.026774372,-5323519.230667624,-5327243.26402997,-5331037.523247503,-5334895.477248585,-5338808.167885822,-5342763.588241292,-5346745.912828142,-5350734.552486507,-5354703.010648286,-5358617.532804633,-5362435.5796794165,-5366104.240236107,-5369558.876923542,-5372722.640211999,-5375508.12793925,-5377823.552746819,-5379587.321635678,-5380755.973338193,-5381366.440165847,-5381571.63556863,-5381599.551362136,-5381599.999997769,0.0
30.75,-5068822.578387992,-5069034.308836732,-5069248.105712404,-5069463.997855117,-5069682.014597969,-5069902.185778124,-5070124.541748193,-5070349.113387957,-5070575.932116449,-5070805.02990436,-5071036.439286837,-5071270.1933766585,-5071506.325877797,-5071744.871099396,-5071985.863970181,-5072229.340053286,-5072475.3355615605,-5072723.887373334,-5072975.033048673,-5073228.810846154,-5073485.25974015,-5073744.419438674,-5074006.330401785,-5074271.033860585,-5074538.571836826,-5074808.987163149,-5075082.32350399,-5075358.625377155,-5075637.938176128,-5075920.308193099,-5076205.782642769,-5076494.409686947,-5076786.238459992,-5077081.319095097,-5077379.702751488,-5077681.441642552,-5077986.589064933,-5078295.199428658,-5078607.328288283,-5078923.032375179,-5079242.369630932,-5079565.399241944,-5079892.18167528,-5080222.778715801,-5080557.253504665,-5080895.670579208,-5081238.095914325,-5081584.596965363,-5081935.24271263,-5082290.1037075585,-5082649.2521206355,-5083012.761791139,-5083380.708278792,-5083753.168917402,-5084130.222870585,-5084511.951189681,-5084898.436873926,-5085289.764933034,-5085686.022452263,-5086087.298660103,-5086493.6849987,-5086905.275197158,-5087322.165347849,-5087744.453985878,-5088172.242171859,-5088605.633578166,-5089044.734578834,-5089489.65434328,-5089940.504934057,-5090397.401408819,-5090860.461926739,-5091329.807859591,-5091805.563907744,-5092287.858221323,-5092776.822526806,-5093272.5922593605,-5093775.3067011945,-5094285.109126279,-5094802.146951769,-5095326.571896483,-5095858.540146853,-5096398.212530726,-5096945.754699484,-5097501.337318943,-5098065.136269501,-5098637.332856109,-5099218.114028602,-5099807.672612977,-5100406.207554298,-5101013.924171872,-5101631.034427448,-5102257.757207198,-5102894.318618331,-5103540.952301207,-5104197.899757913,-5104865.410698298,-5105543.743404566,-5106233.165115585,-5106933.952432136,-5107646.391744465,-5108370.779683518,-5109107.423597443,-5109856.642054943,-5110618.765377283,-5111394.13620082,-5112183.110072081,-5112986.056077597,-5113803.35751081,-5114635.412578599,-5115482.63515014,-5116345.455551021,-5117224.321405778,-5118119.698532256,-5119032.07189146,-5119961.946596867,-5120909.848987491,-5121876.327769304,-5122861.955230053,-5123867.328532854,-5124893.071094469,-5125939.83405456,-5127008.297842874,-5128099.173851754,-5129213.206222137,-5130351.173751792,-5131513.891935371,-5132702.215146634,-5133917.038974169,-5135159.302722841,-5136429.992094355,-5137730.1420614775,-5139060.839951734,-5140423.228757847,-5141818.510693708,-5143247.951016334,-5144712.882136129,-5146214.708039745,-5147754.909051977,-5149335.046965476,-5150956.7705695955,-5152621.821612321,-5154332.041232196,-5156089.376900084,-5157895.889913886,-5159753.763492501,-5161665.311518743,-5163632.98798404,-5165659.397190925,-5167747.304771889,-5169899.649585208,-5172119.556549294,-5174410.350476473,-5176775.570964099,-5179218.988394673,-5181744.621085485,-5184356.753610671,-5187059.956291369,-5189859.105809634,-5192759.406843342,-5195766.414535794,-5198886.057494729,-5202124.660847355,-5205488.968640853,-5208986.164543585,-5212623.889331168,-5216410.252975931,-5220353.838215079,-5224463.691130454,-5228749.292353088,-5233220.499743436,-5237887.449398252,-5242760.396000254,-5247849.46495083,-5253164.276021009,-5258713.379286775,-5264503.41558747,-5270537.870593756,-5276815.226096177,-5283326.21299077,-5290049.7221452035,-5296946.714570582,-5303951.185259521,-5310956.930984674,-5317798.833009846,-5324228.620837033,-5329890.9767735945,-5334326.164993215,-5337081.965418605,-5338100.809916446,-5338199.914449245,0.0
30.5,-4991960.039225874,-4992076.790577555,-4992194.882504383,-4992314.336107066,-4992435.172854892,-4992557.414593927,-4992681.083555439,-4992806.202364585,-4992932.794049337,-4993060.882049683,-4993190.490227106,-4993321.642874341,-4993454.364725432,-4993588.680966096,-4993724.617244403,-4993862.199681788,-4994001.45488441,-4994142.409954857,-4994285.092504231,-4994429.530664609,-4994575.753101908,-4994723.789029157,-4994873.668220212,-4995025.421023901,-4995179.078378651,-4995334.6718275845,-4995492.2335341275,-4995651.796298135,-4995813.393572564,-4995977.0594807165,-4996142.828834059,-4996310.73715067,-4996480.820674318,-4996653.116394213,-4996827.662065443,-4997004.496230137,-4997183.658239389,-4997365.188275962,-4997549.127377808,-4997735.517462453,-4997924.40135227,-4998115.822800689,-4998309.826519375,-4998506.4582064245,-4998705.764575626,-4998907.793386837,-4999112.593477515,-4999320.214795454,-4999530.708432821,-4999744.126661489,-4999960.522969779,-5000179.95210066,-5000402.47009147,-5000628.134315231,-5000857.003523662,-5001089.13789192,-5001324.59906521,-5001563.450207309,-5001805.756051145,-5002051.582951474,-5002300.998939834,-5002554.073781823,-5002810.879036864,-5003071.488120568,-5003335.976369834,-5003604.42111083,-5003876.901730001,-5004153.499748277,-5004434.298898641,-5004719.385207252,-5005008.847078294,-5005302.775382788,-5005601.263551559,-5005904.407672611,-5006212.306593137,-5006525.062026453,-5006842.778664117,-5007165.564293552,-5007493.52992147,-5007826.789903471,-5008165.462080149,-5008509.667920116,-5008859.532670381,-5009215.185514461,-5009576.759738797,-5009944.392907913,-5010318.227048895,-5010698.408845789,-5011085.089844524,-5011478.426669051,-5011878.581249434,-5012285.721062651,-5012700.019386966,-5013121.655570758,-5013550.815316804,-5013987.6909830235,-5014432.481900858,-5014885.394712457,-5015346.643728034,-5015816.451304746,-5016295.048248688,-5016782.674241618,-5017279.578294218,-5017786.0192278195,-5018302.266186708,-5018828.599183258,-5019365.309678395,-5019912.701200032,-5020471.090002424,-5021040.805769585,-5021622.192366221,-5022215.608639922,-5022821.42927873,-5023440.045728503,-5024071.867174987,-5024717.321595909,-5025376.8568889005,-5026050.942081671,-5026740.06863138,-5027444.751820933,-5028165.53226059,-5028902.977504187,-5029657.683790163,-5030430.277918661,-5031221.419277093,-5032031.8020279175,-5032862.1574737765,-5033713.256616826,-5034585.912930896,-5035480.985367182,-5036399.381616528,-5037342.061653954,-5038310.041594052,-5039304.397889271,-5040326.2719068965,-5041376.874924856,-5042457.493591497,-5043569.495900014,-5044714.337734774,-5045893.570054066,-5047108.846782405,-5048361.933495197,-5049654.716989921,-5050989.215850987,-5052367.59213054,-5053792.164285089,-5055265.421528199,-5056790.039783477,-5058368.899449976,-5060005.105224978,-5061702.008267792,-5063463.231033792,-5065292.695161947,-5067194.652863239,-5069173.722333742,-5071234.927807427,-5073383.74497314,-5075626.152611747,-5077968.691468121,-5080418.5315646455,-5082983.549396098,-5085672.41672963,-5088494.703080388,-5091460.994357934,-5094583.030699794,-5097873.867148907,-5101348.061619165,-5105021.895559965,-5108913.63391293,-5113043.832388223,-5117435.7018017145,-5122115.541207102,-5127113.253756891,-5132462.961400939,-5138203.736103671,-5144380.464922484,-5151044.861186628,-5158256.618012471,-5166084.660285294,-5174608.3583276095,-5183918.357259719,-5194116.206740167,-5205310.911405223,-5217608.057603739,-5231081.307774426,-5245701.714542724,-5261164.901339094,-5276475.656633308,-5289074.9771624375,-5294591.222248131,0.0
30.25,-4914441.634394127,-4914455.7331578825,-4914470.31714183,-4914485.3975275485,-4914500.985694806,-4914517.093225557,-4914533.731908046,-4914550.913741016,-4914568.65093805,-4914586.955932018,-4914605.8413796555,-4914625.320166273,-4914645.4054106055,-4914666.110469782,-4914687.448944469,-4914709.434684145,-4914732.081792538,-4914755.404633228,-4914779.417835412,-4914804.136299856,-4914829.575205026,-4914855.7500134,-4914882.676477991,-4914910.370649074,-4914938.848881118,-4914968.1278399555,-4914998.224510173,-4915029.15620275,-4915060.940562949,-4915093.595578468,-4915127.139587869,-4915161.591289288,-4915196.969749451,-4915233.294412994,-4915270.585112111,-4915308.862076538,-4915348.145943903,-4915388.457770419,-4915429.819042,-4915472.251685744,-4915515.778081867,-4915560.421076057,-4915606.203992304,-4915653.150646213,-4915701.285358802,-4915750.632970858,-4915801.2188578285,-4915853.068945297,-4915906.2097250745,-4915960.668271922,-4916016.47226094,-4916073.649985673,-4916132.2303769365,-4916192.243022423,-4916253.718187133,-4916316.686834634,-4916381.180649245,-4916447.23205915,-4916514.874260505,-4916584.141242595,-4916655.067814098,-4916727.689630485,-4916802.043222675,-4916878.166026952,-4916956.096416251,-4917035.873732877,-4917117.538322746,-4917201.131571202,-4917286.69594055,-4917374.275009365,-4917463.91351368,-4917555.657390188,-4917649.553821565,-4917745.651284015,-4917843.999597218,-4917944.649976777,-4918047.655089364,-4918153.069110687,-4918260.947786487,-4918371.348496736,-4918484.330323253,-4918599.954120946,-4918718.282592921,-4918839.380369703,-4918963.314092864,-4919090.152503306,-4919219.96653457,-4919352.82941146,-4919488.816754386,-4919628.0066898,-4919770.479967151,-4919916.3200828405,-4920065.613411652,-4920218.449346215,-4920374.920445072,-4920535.122589991,-4920699.155153207,-4920867.121175333,-4921039.127554762,-4921215.285249414,-4921395.709491808,-4921580.520018478,-4921769.841314872,-4921963.802876974,-4922162.539490962,-4922366.191532403,-4922574.905286562,-4922788.83329157,-4923008.13470639,-4923232.975705638,-4923463.529903567,-4923699.978809743,-4923942.512319138,-4924191.329239704,-4924446.637860721,-4924708.656565636,-4924977.614493369,-4925253.752252588,-4925537.322693844,-4925828.591745002,-4926127.839315977,-4926435.360279417,-4926751.465534738,-4927076.48316367,-4927410.759686432,-4927754.661428685,-4928108.57601054,-4928472.91397023,-4928848.110536563,-4929234.627565911,-4929632.955661454,-4930043.616494546,-4930467.165350568,-4930904.193924482,-4931355.333394579,-4931821.25780659,-4932302.687804741,-4932800.394751217,-4933315.20528132,-4933848.0063482225,-4934399.750819065,-4934971.463693104,-4935564.249023312,-4936179.29763519,-4936817.895751224,-4937481.43464669,-4938171.421482971,-4938889.491488905,-4939637.42168969,-4940417.146417673,-4941230.774881125,-4942080.611117559,-4942969.176719348,-4943899.236793792,-4944873.829710937,-4945896.301304315,-4946970.344328169,-4948100.044146377,-4949289.931842975,-4950545.04621377,-4951871.006439621,-4953274.0976763945,-4954761.372353773,-4956340.770695642,-4958021.264914192,-4959813.032765711,-4961727.6677979315,-4963778.435822728,-4965980.590140227,-4968351.762152851,-4970912.449735524,-4973686.633821755,-4976702.565283558,-4979993.781151013,-4983600.434469199,-4987571.060454503,-4991964.961230097,-4996855.4863877185,-5002334.642053116,-5008519.7231660485,-5015563.1199610215,-5023667.272715092,-5033108.291993719,-5044274.778978492,-5057734.552094686,-5074355.191319997,-5095533.4364164425,-5123648.670305064,-5162881.830690399,-5218377.000731374,0.0
30.0,-4836876.478008278,-4836785.374068903,-4836693.826359177,-4836601.834892694,-4836509.399688232,-4836416.52076897,-4836323.198161664,-4836229.4318957785,-4836135.222002565,-4836040.568514104,-4835945.471462291,-4835849.930877764,-4835753.946788791,-4835657.519220089,-4835560.64819159,-4835463.333717149,-4835365.575803184,-4835267.374447254,-4835168.729636572,-4835069.641346438,-4834970.109538613,-4834870.134159606,-4834769.71513889,-4834668.852387032,-4834567.545793738,-4834465.795225815,-4834363.600525038,-4834260.961505921,-4834157.87795339,-4834054.34962036,-4833950.376225199,-4833845.957449075,-4833741.092933209,-4833635.782275984,-4833530.025029953,-4833423.8206986915,-4833317.1687335465,-4833210.06853022,-4833102.519425216,-4832994.520692146,-4832886.0715378625,-4832777.171098434,-4832667.818434957,-4832558.012529173,-4832447.752278921,-4832337.036493385,-4832225.863888144,-4832114.233080003,-4832002.142581633,-4831889.590795949,-4831776.576010278,-4831663.096390263,-4831549.149973519,-4831434.73466301,-4831319.848220158,-4831204.488257645,-4831088.652231915,-4830972.337435355,-4830855.540988144,-4830738.259829741,-4830620.490710023,-4830502.230180032,-4830383.474582318,-4830264.220040876,-4830144.462450636,-4830024.197466492,-4829903.420491871,-4829782.126666775,-4829660.310855315,-4829537.967632691,-4829415.091271601,-4829291.675728025,-4829167.7146264175,-4829043.201244194,-4828918.12849556,-4828792.48891459,-4828666.274637559,-4828539.477384467,-4828412.088439732,-4828284.098632011,-4828155.498313093,-4828026.277335835,-4827896.425031096,-4827765.9301836,-4827634.781006705,-4827502.965116006,-4827370.46950173,-4827237.280499849,-4827103.383761864,-4826968.764223217,-4826833.406070206,-4826697.292705406,-4826560.406711485,-4826422.7298133485,-4826284.24283855,-4826144.92567588,-4826004.757232057,-4825863.715386435,-4825721.776943663,-4825578.917584173,-4825435.11181246,-4825290.332903007,-4825144.552843829,-4824997.742277485,-4824849.870439513,-4824700.905094169,-4824550.812467399,-4824399.557176943,-4824247.102159493,-4824093.408594823,-4823938.435826806,-4823782.141281263,-4823624.480380553,-4823465.406454882,-4823304.870650264,-4823142.821833107,-4822979.206491413,-4822813.968632596,-4822647.049677949,-4822478.388353779,-4822307.920579347,-4822135.5793516645,-4821961.294627359,-4821784.9932017485,-4821606.598585437,-4821426.0308786975,-4821243.20664404,-4821058.038777435,-4820870.436378722,-4820680.30462186,-4820487.544625815,-4820292.053326956,-4820093.723354042,-4819892.442907031,-4819688.095641151,-4819480.560557907,-4819269.711904966,-4819055.4190871585,-4818837.5465912195,-4818615.953927273,-4818390.495590562,-4818161.021047482,-4817927.374750632,-4817689.396188348,-4817446.919975119,-4817199.77599034,-4816947.789574107,-4816690.78179036,-4816428.56976937,-4816160.967143922,-4815887.784596072,-4815608.830534638,-4815323.911927519,-4815032.835317674,-4814735.408057568,-4814431.439804011,-4814120.744324297,-4813803.141675489,-4813478.46083227,-4813146.542855533,-4812807.244714649,-4812460.443901907,-4812106.044009281,-4811743.981476553,-4811374.2337674815,-4810996.829288895,-4810611.859437647,-4810219.493244093,-4809819.995178182,-4809413.746794152,-4809001.273006354,-4808583.273897853,-4808160.663035911,-4807734.613245432,-4807306.61056166,-4806878.516438465,-4806452.63684822,-4806031.793987638,-4805619.390691723,-4805219.447278052,-4804836.572002788,-4804475.794583414,-4804142.141597651,-4803839.762514224,-4803570.352645416,-4803330.683391182,-4803109.575052477,-4802886.065200781,-4802630.927707916,-4802299.680606566,0.0
29.75,-4759906.538461585,-4759713.479984985,-4759519.041001788,-4759323.2101996,-4759125.976082737,-4758927.326966965,-4758727.250974065,-4758525.7360262135,-4758322.769840151,-4758118.339921161,-4757912.433556821,-4757705.037810546,-4757496.1395149,-4757285.725264658,-4757073.781409643,-4756860.294047282,-4756645.249014919,-4756428.63188183,-4756210.427940971,-4755990.622200403,-4755769.199374442,-4755546.143874441,-4755321.439799279,-4755095.070925476,-4754867.020696957,-4754637.272214429,-4754405.808224384,-4754172.611107664,-4753937.662867636,-4753700.945117903,-4753462.439069561,-4753222.125517975,-4752979.98482906,-4752735.996925043,-4752490.141269684,-4752242.396852921,-4751992.742174947,-4751741.155229658,-4751487.613487475,-4751232.093877482,-4750974.572768896,-4750715.025951771,-4750453.428616991,-4750189.755335435,-4749923.980036336,-4749656.075984763,-4749386.015758218,-4749113.771222281,-4748839.313505259,-4748562.612971826,-4748283.639195564,-4748002.360930394,-4747718.746080804,-4747432.761670859,-4747144.373811899,-4746853.547668897,-4746560.247425367,-4746264.436246804,-4745966.076242539,-4745665.128425964,-4745361.552673015,-4745055.3076788625,-4744746.350912674,-4744434.638570405,-4744120.125525453,-4743802.765277124,-4743482.509896762,-4743159.309971427,-4742833.114544987,-4742503.871056506,-4742171.525275752,-4741836.021235693,-4741497.301161798,-4741155.305397987,-4740809.972329023,-4740461.238299153,-4740109.03752679,-4739753.302015016,-4739393.961457639,-4739030.943140576,-4738664.171838268,-4738293.56970485,-4737919.056159746,-4737540.547767362,-4737157.958110537,-4736771.197657325,-4736380.173620757,-4735984.789811099,-4735584.946480153,-4735180.54015711,-4734771.463475392,-4734357.60498993,-4733938.848984235,-4733515.07526661,-4733086.15895478,-4732651.970248175,-4732212.374187033,-4731767.230397427,-4731316.39282126,-4730859.709430201,-4730397.021922418,-4729928.16540093,-4729452.968032272,-4728971.250684029,-4728482.826539775,-4727987.500689718,-4727485.069695291,-4726975.3211257495,-4726458.033064661,-4725932.973584028,-4725399.9001835445,-4724858.559192296,-4724308.685129964,-4723750.000024332,-4723182.212681592,-4722605.017905642,-4722018.095662183,-4721421.110183057,-4720813.709005807,-4720195.5219429415,-4719566.159974881,-4718925.214059906,-4718272.253853772,-4717606.826330916,-4716928.454298256,-4716236.634791723,-4715530.837344493,-4714810.502114721,-4714075.037859197,-4713323.819737753,-4712556.186931515,-4711771.440056041,-4710968.838348124,-4710147.596602381,-4709306.881830717,-4708445.809614372,-4707563.440114163,-4706658.773699998,-4705730.746155405,-4704778.2234065905,-4703799.995718366,-4702794.771290858,-4701761.169181062,-4700697.711461701,-4699602.814516257,-4698474.779352846,-4697311.780800542,-4696111.855428945,-4694872.888004577,-4693592.596265142,-4692268.513753369,-4690897.970404785,-4689478.070526183,-4688005.667731499,-4686477.33631586,-4684889.338443025,-4683237.586390825,-4681517.598936758,-4679724.450763016,-4677852.71350464,-4675896.386741178,-4673848.816819798,-4671702.600868081,-4669449.472668871,-4667080.166173968,-4664584.251253399,-4661949.934706884,-4659163.817453045,-4656210.595941765,-4653072.691885332,-4649729.78889762,-4646158.246845387,-4642330.353539057,-4638213.357075065,-4633768.1978856,-4628947.822755093,-4623694.905982971,-4617938.712105013,-4611590.686208062,-4604538.107734288,-4596634.707261503,-4587686.354754494,-4577428.432431582,-4565488.545874955,-4551322.0817118995,-4534094.77764388,-4512456.884349346,-4484094.07559554,-4444933.656161988,-4390182.091156127,0.0
29.5,-4684170.369425721,-4683884.7079386385,-4683596.791599982,-4683306.598714814,-4683014.10724677,-4682719.294809467,-4682422.138657645,-4682122.61567799,-4681820.702379684,-4681516.374884628,-4681209.608917338,-4680900.37979451,-4680588.662414234,-4680274.431244844,-4679957.660313386,-4679638.323193705,-4679316.392994122,-4678991.842344681,-4678664.643383974,-4678334.767745498,-4678002.18654354,-4677666.870358585,-4677328.789222197,-4676987.912601371,-4676644.209382359,-4676297.647853881,-4675948.19568978,-4675595.81993103,-4675240.486967118,-4674882.162516742,-4674520.811607815,-4674156.398556755,-4673788.886946996,-4673418.2396067325,-4673044.41858584,-4672667.385131927,-4672287.099665524,-4671903.52175432,-4671516.610086448,-4671126.322442764,-4670732.61566807,-4670335.44564124,-4669934.767244217,-4669530.534329798,-4669122.6996882,-4668711.215012294,-4668296.030861524,-4667877.096624365,-4667454.360479339,-4667027.769354454,-4666597.268885049,-4666162.803369926,-4665724.315725735,-4665281.74743948,-4664835.038519113,-4664384.127442084,-4663928.951101767,-4663469.444751658,-4663005.5419472465,-4662537.174485431,-4662064.272341367,-4661586.763602628,-4661104.574400535,-4660617.628838516,-4660125.848917353,-4659629.1544571435,-4659127.463015833,-4658620.689804102,-4658108.747596466,-4657591.546638346,-4657068.994548925,-4656540.99621955,-4656007.45370745,-4655468.266124503,-4654923.329520792,-4654372.536762655,-4653815.777404924,-4653252.937557026,-4652683.899742596,-4652108.542752231,-4651526.741488982,-4650938.366806179,-4650343.285337109,-4649741.359316077,-4649132.446390354,-4648516.399422404,-4647893.066281871,-4647262.289626609,-4646623.906672158,-4645977.74894887,-4645323.642045941,-4644661.405341498,-4643990.851717833,-4643311.787260832,-4642624.010942536,-4641927.314285731,-4641221.481009336,-4640506.286653325,-4639781.498181735,-4639046.873562293,-4638302.161320986,-4637547.100069847,-4636781.418006028,-4636004.832380104,-4635217.048931392,-4634417.761287838,-4633606.650327886,-4632783.383501474,-4631947.614107062,-4631098.980521383,-4630237.105378239,-4629361.594692399,-4628472.036924293,-4627568.001980813,-4626649.040147068,-4625714.680943545,-4624764.431902537,-4623797.777257179,-4622814.176535764,-4621813.063053348,-4620793.84229184,-4619755.8901589485,-4618698.551115356,-4617621.136158482,-4616522.920649951,-4615403.141972606,-4614260.997001372,-4613095.639370685,-4611906.176519268,-4610691.666490987,-4609451.114468156,-4608183.469011005,-4606887.617974011,-4605562.384066429,-4604206.520020471,-4602818.703326236,-4601397.5304874955,-4599941.510746731,-4598449.059221374,-4596918.489385623,-4595348.004823767,-4593735.690170949,-4592079.5011459235,-4590377.253567141,-4588626.611228119,-4586825.072490166,-4584969.955429648,-4583058.381352513,-4581087.256460089,-4579053.251416346,-4576952.778526804,-4574781.966192062,-4572536.630242524,-4570212.241694024,-4567803.890383867,-4565306.2438507695,-4562713.500706779,-4560019.337609993,-4557216.848778655,-4554298.476783203,-4551255.93310506,-4548080.106649258,-4544760.958030079,-4541287.396999753,-4537647.139841739,-4533826.542880786,-4529810.407447299,-4525581.750646901,-4521121.535101964,-4516408.3494326575,-4511418.029635977,-4506123.209759488,-4500492.788522329,-4494491.29721012,-4488078.154133403,-4481206.794010285,-4473823.670561585,-4465867.155105416,-4457266.409015365,-4447940.427286371,-4437797.706696433,-4426737.545428481,-4414655.196421051,-4401455.832533123,-4387088.619059756,-4371627.24540872,-4355458.995774951,-4339719.178122755,-4327133.760352364,-4321924.173622292,0.0
29.25,-4610261.850223643,-4609898.914734357,-4609532.980583937,-4609164.017602812,-4608791.995171648,-4608416.882211129,-4608038.647171446,-4607657.258021439,-4607272.682237427,-4606884.886791669,-4606493.838140474,-4606099.502211937,-4605701.844393282,-4605300.82951781,-4604896.421851409,-4604488.585078668,-4604077.282288504,-4603662.47595935,-4603244.127943841,-4602822.199453016,-4602396.651039978,-4601967.44258304,-4601534.533268289,-4601097.881571575,-4600657.445239902,-4600213.181272174,-4599765.045899314,-4599312.994563679,-4598856.98189779,-4598396.961702324,-4597932.886923346,-4597464.709628745,-4596992.380983863,-4596515.851226262,-4596035.069639588,-4595549.98452654,-4595060.543180858,-4594566.69185831,-4594068.375746648,-4593565.538934475,-4593058.124378985,-4592546.073872524,-4592029.3280079365,-4591507.826142627,-4590981.506361299,-4590450.305437318,-4589914.15879261,-4589373.000456078,-4588826.763020441,-4588275.377597437,-4587718.773771316,-4587156.87955056,-4586589.6213177405,-4586016.923777425,-4585438.709902075,-4584854.900875811,-4584265.416035971,-4583670.17281235,-4583069.0866640415,-4582462.071013714,-4581849.037179288,-4581229.8943027975,-4580604.5492764,-4579972.906665316,-4579334.86862761,-4578690.334830643,-4578039.202364026,-4577381.365648926,-4576716.71634353,-4576045.143244477,-4575366.5321840765,-4574680.7659230875,-4573987.724038825,-4573287.2828083895,-4572579.315086728,-4571863.690179293,-4571140.273709005,-4570408.927477204,-4569669.509318308,-4568921.872947797,-4568165.867803204,-4567401.338877691,-4566628.126545846,-4565846.066381224,-4565054.988965207,-4564254.719686663,-4563445.078531912,-4562625.87986439,-4561796.932193467,-4560958.037931749,-4560108.993140166,-4559249.58726017,-4558379.602832203,-4557498.815199622,-4556606.992197195,-4555703.893823185,-4554789.271893993,-4553862.869680269,-4552924.421523275,-4551973.65243025,-4551010.277647374,-4550034.00220886,-4549044.520460604,-4548041.515556636,-4547024.658926567,-4545993.609711995,-4544948.01416976,-4543887.505039692,-4542811.700874377,-4541720.205328196,-4540612.606402734,-4539488.475645379,-4538347.367297677,-4537188.817389741,-4536012.342776653,-4534817.440112562,-4533603.584757652,-4532370.229612938,-4531116.803877235,-4529842.711720302,-4528547.330865532,-4527230.011075076,-4525890.07252957,-4524526.804094054,-4523139.461460791,-4521727.265159027,-4520289.398420698,-4518825.004890185,-4517333.186165137,-4515812.999154195,-4514263.453236148,-4512683.50720372,-4511072.065973567,-4509427.97704246,-4507750.026667772,-4506036.935748424,-4504287.355380287,-4502499.862057671,-4500672.95249004,-4498805.038000334,-4496894.438468353,-4494939.375779508,-4492937.966735945,-4490888.215383484,-4488788.0047042165,-4486635.08762081,-4484427.077254835,-4482161.436377754,-4479835.465989808,-4477446.292959138,-4474990.8566514505,-4472465.894479742,-4469867.926304783,-4467193.237621137,-4464437.86147152,-4461597.559046271,-4458667.798946745,-4455643.73512499,-4452520.183561714,-4449291.597816689,-4445952.043689426,-4442495.173375933,-4438914.199717518,-4435201.871435745,-4431350.450670136,-4427351.694734861,-4423196.844863326,-4418876.625925981,-4414381.262847893,-4409700.521956103,-4404823.789101943,-4399740.201648799,-4394438.8590609785,-4388909.148019391,-4383141.234422034,-4377126.798797912,-4370860.127168262,-4364339.721194378,-4357570.665771606,-4350568.094895645,-4343362.226578133,-4336005.565670982,-4328582.878142755,-4321224.018719986,-4314117.419354092,-4307514.497973245,-4301693.359164018,-4296798.790136624,-4292440.664197092,-4287579.281486888,0.0
29.0,-4538686.328788535,-4538266.838501058,-4537843.796518982,-4537417.166818548,-4536986.912877084,-4536552.997663089,-4536115.383626022,-4535674.032685819,-4535228.906222108,-4534779.965063124,-4534327.169474312,-4533870.479146591,-4533409.853184307,-4532945.2500928035,-4532476.627765663,-4532003.943471555,-4531527.153840703,-4531046.21485096,-4530561.081813446,-4530071.709357792,-4529578.051416899,-4529080.061211272,-4528577.691232861,-4528070.893228398,-4527559.618182246,-4527043.816298699,-4526523.436983738,-4525998.428826219,-4525468.739578471,-4524934.316136269,-4524395.104518198,-4523851.049844332,-4523302.096314249,-4522748.187184322,-4522189.264744293,-4521625.270293076,-4521056.144113767,-4520481.825447837,-4519902.252468483,-4519317.362253076,-4518727.090754717,-4518131.372772821,-4517530.141922724,-4516923.330604268,-4516310.869969307,-4515692.689888131,-4515068.718914714,-4514438.884250793,-4513803.1117087,-4513161.325672904,-4512513.449060227,-4511859.403278652,-4511199.108184712,-4510532.482039361,-4509859.441462295,-4509179.901384645,-4508493.774999992,-4507800.973713629,-4507101.407089996,-4506394.982798226,-4505681.60655572,-4504961.18206966,-4504233.610976417,-4503498.792778702,-4502756.624780444,-4502007.002019236,-4501249.817196295,-4500484.960603815,-4499712.320049605,-4498931.780778901,-4498143.225393241,-4497346.53376628,-4496541.582956401,-4495728.247116008,-4494906.397397358,-4494075.901854771,-4493236.625343081,-4492388.429412153,-4491531.17219732,-4490664.708305534,-4489788.888697074,-4488903.5605626,-4488008.567195355,-4487103.74785832,-4486188.9376460565,-4485263.967341066,-4484328.663264352,-4483382.847119987,-4482426.335833378,-4481458.941382966,-4480480.470625052,-4479490.725111443,-4478489.500899585,-4477476.588354852,-4476451.771944608,-4475414.830023677,-4474365.534610823,-4473303.651155803,-4472228.938296577,-4471141.147606178,-4470040.023328793,-4468925.302104514,-4467796.712682231,-4466653.975620099,-4465496.802973003,-4464324.897966367,-4463137.9546556985,-4461935.657571152,-4460717.68134641,-4459483.690331155,-4458233.338186337,-4456966.26746143,-4455682.109152873,-4454380.482242779,-4453060.993217076,-4451723.235562128,-4450366.78923891,-4448991.220133818,-4447596.079485111,-4446180.90328408,-4444745.21165,-4443288.508177958,-4441810.279258701,-4440309.993369762,-4438787.100337152,-4437241.0305671375,-4435671.194247722,-4434076.980519757,-4432457.756617919,-4430812.866982109,-4429141.632340432,-4427443.348765455,-4425717.286706244,-4423962.689999623,-4422178.774865302,-4420364.728890919,-4418519.710014853,-4416642.845516868,-4414733.231029259,-4412789.929584502,-4410811.970719361,-4408798.349660347,-4406748.02662137,-4404659.926251721,-4402532.937281548,-4400365.912422844,-4398157.668597438,-4395906.987579911,-4393612.617163499,-4391273.272981827,-4388887.641149767,-4386454.38192414,-4383972.13463119,-4381439.524164696,-4378855.16942895,-4376217.694187891,-4373525.74088947,-4370777.988168017,-4367973.172893311,-4365110.117841232,-4362187.766317206,-4359205.225382492,-4356161.819729792,-4353057.158747375,-4349891.219922005,-4346664.452486879,-4343377.906151087,-4340033.390883491,-4336633.675095438,-4333182.731191502,-4329686.039324171,-4326150.962222568,-4322587.205963784,-4319007.383065141,-4315427.694368691,-4311868.74304803,-4308356.484228122,-4304923.290694803,-4301609.067084491,-4298462.250420329,-4295540.35692761,-4292909.41425868,-4290641.074362945,-4288805.383164363,-4287456.29232846,-4286607.271456568,-4286200.061891819,-4286089.607256478,-4286097.47027562,-4286127.3692495655,0.0
28.75,-4469817.138052586,-4469366.1557735065,-4468911.306932998,-4468452.552675676,-4467989.853655454,-4467523.1700275205,-4467052.461440155,-4466577.687026336,-4466098.805395188,-4465615.7746232115,-4465128.55224533,-4464637.095245719,-4464141.360048429,-4463641.302507793,-4463136.877898603,-4462628.040906065,-4462114.745615503,-4461596.945501827,-4461074.593418755,-4460547.641587752,-4460016.041586732,-4459479.744338454,-4458938.700098659,-4458392.8584439,-4457842.168259066,-4457286.577724618,-4456726.034303478,-4456160.484727605,-4455589.874984232,-4455014.150301735,-4454433.255135167,-4453847.133151403,-4453255.727213905,-4452658.9793671025,-4452056.830820354,-4451449.221931503,-4450836.092189994,-4450217.380199548,-4449593.02366039,-4448962.959350993,-4448327.123109353,-4447685.449813755,-4447037.8733630385,-4446384.326656323,-4445724.741572207,-4445059.048947407,-4444387.178554815,-4443709.059080983,-4443024.618102995,-4442333.782064722,-4441636.476252445,-4440932.624769821,-4440222.15051218,-4439504.975140143,-4438781.019052535,-4438050.20135858,-4437312.439849352,-4436567.650968497,-4435815.749782158,-4435056.649948152,-4434290.26368431,-4433516.501736037,-4432735.273343023,-4431946.486205126,-4431150.0464473935,-4430345.85858422,-4429533.825482639,-4428713.848324717,-4427885.82656907,-4427049.657911475,-4426205.23824459,-4425352.46161677,-4424491.220189997,-4423621.404196908,-4422742.901896948,-4421855.599531661,-4420959.381279132,-4420054.129207593,-4419139.723228251,-4418216.041047346,-4417282.9581174925,-4416340.347588364,-4415388.080256764,-4414426.024516164,-4413454.046305797,-4412472.009059372,-4411479.773653556,-4410477.198356306,-4409464.138775228,-4408440.447806087,-4407405.975581664,-4406360.569421165,-4405304.073780392,-4404236.330202949,-4403157.177272748,-4402066.450568151,-4400963.982618105,-4399849.602860648,-4398723.137604269,-4397584.40999257,-4396433.239972838,-4395269.4442690965,-4394092.836360353,-4392903.226464801,-4391700.4215308,-4390484.225235633,-4389254.437993025,-4388010.856970647,-4386753.276118861,-4385481.486212177,-4384195.274905002,-4382894.426803473,-4381578.723555363,-4380247.943960226,-4378901.864102278,-4377540.257508699,-4376162.8953364175,-4374769.546590736,-4373359.978379569,-4371933.956207508,-4370491.24431436,-4369031.60606344,-4367554.804385396,-4366060.602284164,-4364548.763412313,-4363019.052723993,-4361471.237214646,-4359905.086757808,-4358320.375050515,-4356716.8806803785,-4355094.3883289285,-4353452.690127719,-4351791.587185822,-4350110.891309697,-4348410.426939216,-4346690.033326707,-4344949.566989539,-4343188.904470798,-4341407.945447375,-4339606.616230187,-4337784.873707418,-4335942.709788899,-4334080.1564178895,-4332197.291226093,-4330294.2439186005,-4328371.2034881795,-4326428.426372841,-4324466.245687494,-4322485.081679998,-4320485.4535843665,-4318467.993069862,-4316433.459514686,-4314382.75736738,-4312316.955898686,-4310237.311691901,-4308145.294271331,-4306042.615326866,-4303931.262058033,-4301813.535233362,-4299692.092639355,-4297569.998676423,-4295450.780943016,-4293338.494727876,-4291237.796393682,-4289154.026666965,-4287093.304823519,-4285062.634636112,-4283070.022672287,-4281124.609004719,-4279236.809492402,-4277418.467314992,-4275683.009119747,-4274045.597589842,-4272523.266960525,-4271135.020381505,-4269901.857424011,-4268846.6861293195,-4267994.05755092,-4267369.645446665,-4266999.390288,-4266908.261027489,-4267118.717367658,-4267649.295316914,-4268514.497452669,-4269728.642630875,-4271318.688339561,-4273353.465122836,-4275995.243179164,-4279556.5772290025,-4284272.3542016195,0.0
28.5,-4403855.925872853,-4403401.385960586,-4402942.933662212,-4402480.530412187,-4402014.137208343,-4401543.714606764,-4401069.222716614,-4400590.621194912,-4400107.869241259,-4399620.925592517,-4399129.748517432,-4398634.295811217,-4398134.524790076,-4397630.392285688,-4397121.854639643,-4396608.867697823,-4396091.386804745,-4395569.3667978635,-4395042.762001817,-4394511.526222632,-4393975.612741906,-4393434.974310926,-4392889.563144763,-4392339.330916322,-4391784.228750374,-4391224.207217531,-4390659.216328217,-4390089.2055265885,-4389514.123684456,-4388933.919095162,-4388348.539467462,-4387757.931919371,-4387162.042972023,-4386560.8185435105,-4385954.203942738,-4385342.143863259,-4384724.582377157,-4384101.462928919,-4383472.72832935,-4382838.320749508,-4382198.181714697,-4381552.2520984905,-4380900.472116842,-4380242.781322235,-4379579.11859795,-4378909.422152391,-4378233.629513554,-4377551.677523595,-4376863.50233356,-4376169.039398239,-4375468.2234712355,-4374760.988600206,-4374047.268122321,-4373326.994659981,-4372600.100116786,-4371866.5156738125,-4371126.171786215,-4370378.998180181,-4369624.923850295,-4368863.87705733,-4368095.785326513,-4367320.575446333,-4366538.173467889,-4365748.504704907,-4364951.493734403,-4364147.064398125,-4363335.139804803,-4362515.642333281,-4361688.493636646,-4360853.614647396,-4360010.925583784,-4359160.3459574105,-4358301.794582201,-4357435.189584872,-4356560.448417028,-4355677.487869033,-4354786.2240858115,-4353886.572584756,-4352978.448275902,-4352061.765484619,-4351136.437976969,-4350202.378988045,-4349259.501253481,-4348307.717044462,-4347346.938206513,-4346377.0762024075,-4345398.042159561,-4344409.746922296,-4343412.101109407,-4342405.015177512,-4341388.399490649,-4340362.164396729,-4339326.220311419,-4338280.4778100895,-4337224.847728589,-4336159.2412735885,-4335083.570143353,-4333997.746659873,-4332901.683913351,-4331795.29592016,-4330678.49779546,-4329551.205941783,-4328413.338255029,-4327264.814349402,-4326105.555803022,-4324935.48642605,-4323754.532553352,-4322562.623363924,-4321359.6912295045,-4320145.672094998,-4318920.505893615,-4317684.136999874,-4316436.514723935,-4315177.593850998,-4313907.335229941,-4312625.706415672,-4311332.682370147,-4310028.246227443,-4308712.39012881,-4307385.116134143,-4306046.43721697,-4304696.378350688,-4303334.977694526,-4301962.287888524,-4300578.377467676,-4299183.332406366,-4297777.257805282,-4296360.279734129,-4294932.547244741,-4293494.234570564,-4292045.543529998,-4290586.706152694,-4289117.987549739,-4287639.68905055,-4286152.151631475,-4284655.759663289,-4283150.945007315,-4281638.19149249,-4280118.039808554,-4278591.092853525,-4277058.021576767,-4275519.571362334,-4273976.569000604,-4272429.930299731,-4270880.668391846,-4269329.90279218,-4267778.8692723075,-4266228.930611069,-4264681.588288381,-4263138.49518751,-4261601.469370046,-4260072.508984023,-4258553.8083585035,-4257047.77532628,-4255557.049798628,-4254084.523590206,-4252633.36145563,-4251207.023248696,-4249809.287046287,-4248444.272986148,-4247116.467444231,-4245830.747014232,-4244592.401538568,-4243407.155163295,-4242281.1840333985,-4241221.128791395,-4240234.099471416,-4239327.669672704,-4238509.856034815,-4237789.078016037,-4237174.091814376,-4236673.891028776,-4236297.565477509,-4236054.108743189,-4235952.164979478,-4235999.707077551,-4236203.642623888,-4236569.35271894,-4237100.183127524,-4237796.927209204,-4238657.359402699,-4239675.8736508535,-4240843.189299688,-4242145.756907057,-4243563.618787362,-4245063.53726032,-4246580.710391527,-4247978.886439165,-4248994.326905448,-4249342.4023970915,0.0
28.25,-4340800.571794432,-4340371.446810173,-4339938.644574264,-4339502.129789863,-4339061.866806717,-4338617.819619069,-4338169.95186364,-4337718.226817678,-4337262.607397094,-4336803.056154691,-4336339.535278469,-4335872.006590047,-4335400.4315431705,-4334924.77122236,-4334444.986341646,-4333961.037243452,-4333472.883897608,-4332980.485900504,-4332483.802474394,-4331982.7924668705,-4331477.414350491,-4330967.626222606,-4330453.385805364,-4329934.6504459195,-4329411.377116863,-4328883.522416867,-4328351.042571578,-4327813.8934347555,-4327272.0304896785,-4326725.408850838,-4326173.983265921,-4325617.708118106,-4325056.537428703,-4324490.424860121,-4323919.323719219,-4323343.186961045,-4322761.967192977,-4322175.616679298,-4321584.087346233,-4320987.330787458,-4320385.298270117,-4319777.940741371,-4319165.208835524,-4318547.052881713,-4317923.422912255,-4317294.268671629,-4316659.539626166,-4316019.18497447,-4315373.1536586,-4314721.394376086,-4314063.855592785,-4313400.485556658,-4312731.23231249,-4312056.043717624,-4311374.867458757,-4310687.651069861,-4309994.34195128,-4309294.887390084,-4308589.23458174,-4307877.33065317,-4307159.122687295,-4306434.557749109,-4305703.582913421,-4304966.1452943105,-4304222.19207643,-4303471.670548239,-4302714.528137292,-4301950.712447696,-4301180.171299863,-4300402.852772685,-4299618.705248297,-4298827.677459552,-4298029.718540385,-4297224.778079246,-4296412.806175759,-4295593.753500843,-4294767.571360469,-4293934.211763291,-4293093.627492401,-4292245.772181447,-4291390.60039539,-4290528.0677162055,-4289658.130833824,-4288780.747642668,-4287895.8773441175,-4287003.480555311,-4286103.519424694,-4285195.957754736,-4284280.761132316,-4283357.8970672805,-4282427.335139709,-4281489.047156491,-4280543.007317845,-4279589.192394447,-4278627.581915933,-4277658.15837151,-4276680.907423599,-4275695.818135338,-4274702.883213019,-4273702.099264441,-4272693.467074385,-4271676.991898403,-4270652.683776286,-4269620.557866625,-4268580.634804015,-4267532.941080604,-4266477.509453756,-4265414.379381804,-4264343.597489998,-4263265.218068897,-4262179.303607711,-4261085.92536518,-4259985.1639809115,-4258877.110130226,-4257761.86522588,-4256639.542170214,-4255510.266161673,-4254374.175559815,-4253231.422813377,-4252082.175456197,-4250926.61717625,-4249764.948963408,-4248597.390341943,-4247424.180694239,-4246245.580682659,-4245061.873776959,-4243873.367895164,-4242680.397166335,-4241483.323824171,-4240282.540240926,-4239078.471111665,-4237871.575799347,-4236662.350851793,-4235451.332701937,-4234239.100563202,-4233026.279532098,-4231813.5439102715,-4230601.620758222,-4229391.2936926335,-4228183.40693871,-4226978.869647972,-4225778.660490531,-4224583.832528855,-4223395.5183772,-4222214.935647135,-4221043.392674642,-4219882.294517813,-4218733.149205924,-4217597.574210113,-4216477.303092643,-4215374.1922749905,-4214290.227844238,-4213227.532291267,-4212188.371042384,-4211175.1586064715,-4210190.464111555,-4209237.01594575,-4208317.705145978,-4207435.587091701,-4206593.880957342,-4205795.966254304,-4205045.375648752,-4204345.783073424,-4203700.9859599285,-4203114.880204085,-4202591.4262460405,-4202134.604410027,-4201748.357425334,-4201436.51787281,-4201202.718220944,-4201050.281208315,-4200982.088704328,-4201000.427985717,-4201106.815791427,-4201301.802779564,-4201584.764310369,-4201953.687916243,-4202404.973220384,-4202933.265751921,-4203531.350733962,-4204190.134939442,-4204898.745069353,-4205644.782369813,-4206414.844064673,-4207195.693147334,-4207977.259895395,-4208760.549336929,-4209576.159104515,-4210510.5345624,-4211619.146164604,0.0
28.0,-4280424.615633804,-4280048.816486636,-4279669.847562953,-4279287.67951552,-4278902.282739765,-4278513.627374073,-4278121.683300213,-4277726.4201439405,-4277327.807275749,-4276925.813811817,-4276520.408615133,-4276111.560296815,-4275699.237217636,-4275283.407489781,-4274864.038978806,-4274441.099305862,-4274014.555850151,-4273584.375751667,-4273150.52591419,-4272712.973008602,-4272271.683476471,-4271826.623533996,-4271377.759176259,-4270925.05618185,-4270468.480117847,-4270007.996345196,-4269543.570024496,-4269075.166122207,-4268602.749417312,-4268126.284508442,-4267645.735821495,-4267161.067617775,-4266672.244002662,-4266179.22893485,-4265681.986236182,-4265180.479602094,-4264674.672612725,-4264164.528744681,-4263650.011383535,-4263131.083837061,-4262607.709349238,-4262079.851115093,-4261547.472296366,-4261010.536038105,-4260469.00548616,-4259922.843805678,-4259372.014200619,-4258816.479934333,-4258256.204351264,-4257691.150899826,-4257121.283156507,-4256546.564851245,-4255966.959894171,-4255382.432403718,-4254792.94673624,-4254198.467517133,-4253598.959673584,-4252994.388468992,-4252384.71953915,-4251769.918930261,-4251149.953138889,-4250524.789153908,-4249894.39450057,-4249258.737286756,-4248617.786251549,-4247971.5108162025,-4247319.881137641,-4246662.868164572,-4246000.443696383,-4245332.580444902,-4244659.252099181,-4243980.433393434,-4243296.100178273,-4242606.2294954015,-4241910.799655911,-4241209.790322357,-4240503.182594796,-4239790.959100943,-4239073.104090664,-4238349.6035349835,-4237620.445229842,-4236885.618904779,-4236145.1163368225,-4235398.931469783,-4234647.060539226,-4233889.502203365,-4233126.2576801805,-4232357.330891012,-4231582.728610958,-4230802.460626374,-4230016.53989981,-4229224.982742733,-4228427.808996369,-4227625.042221077,-4226816.709894614,-4226002.843619723,-4225183.4793414455,-4224358.657574649,-4223528.423642169,-4222692.82792413,-4221851.926118869,-4221005.779516067,-4220154.455282559,-4219298.026761468,-4218436.573785194,-4217570.183002897,-4216698.948223109,-4215822.970772138,-4214942.359868905,-4214057.233016959,-4213167.716414355,-4212273.945382122,-4211376.064812092,-4210474.229634811,-4209568.605308335,-4208659.368328623,-4207746.706762334,-4206830.820802756,-4205911.923349567,-4204990.240613151,-4204066.0127441045,-4203139.494488487,-4202210.955869331,-4201280.682894792,-4200348.978293165,-4199416.162274858,-4198482.573321169,-4197548.568999457,-4196614.526804005,-4195680.8450214155,-4194747.943619013,-4193816.265154063,-4192886.275701019,-4191958.4657931696,-4191033.3513741195,-4190111.474753415,-4189193.4055592786,-4188279.7416798715,-4187371.1101826495,-4186468.168199234,-4185571.6037607114,-4184682.1365653644,-4183800.518657452,-4182927.534991774,-4182064.00385429,-4181210.777103944,-4180368.7401950727,-4179538.811933242,-4178721.943910038,-4177919.1195542994,-4177131.352728407,-4176359.685788784,-4175605.1870197575,-4174868.9473396773,-4174152.0761681576,-4173455.6963340584,-4172780.937896256,-4172128.93074465,-4171500.7958488395,-4170897.6350287385,-4170320.5191380708,-4169770.474581841,-4169248.4681372107,-4168755.390119295,-4168292.0360354627,-4167859.087010544,-4167457.08944676,-4167086.4346096143,-4166747.3391018496,-4166439.827487667,-4166163.718623937,-4165918.6174753266,-4165703.914213828,-4165518.792030138,-4165362.244011409,-4165233.097246864,-4165130.038506657,-4165051.6299672024,-4164996.2955842284,-4164962.2503194953,-4164947.3402059865,-4164948.772058412,-4164962.75809083,-4164984.213295508,-4165006.8445208073,-4165024.19269753,-4165032.040307759,-4165031.0662238104,-4165025.700213326,-4165018.1751842084,0.0
27.75,-4222272.00837317,-4221974.147083824,-4221673.865561507,-4221371.142705128,-4221065.957254667,-4220758.287792719,-4220448.11274619,-4220135.410388187,-4219820.158840067,-4219502.336073722,-4219181.919914038,-4218858.888041588,-4218533.217995536,-4218204.887176798,-4217873.872851436,-4217540.1521543255,-4217203.702093079,-4216864.499552275,-4216522.521297979,-4216177.7439825665,-4215830.144149898,-4215479.698240817,-4215126.382599014,-4214770.173477273,-4214411.047044105,-4214048.979390783,-4213683.946538835,-4213315.924447952,-4212944.889024391,-4212570.81612986,-4212193.68159091,-4211813.461208877,-4211430.130770367,-4211043.666058338,-4210654.042863784,-4210261.236998063,-4209865.22430588,-4209465.980678979,-4209063.482070538,-4208657.704510341,-4208248.624120723,-4207836.217133342,-4207420.459906813,-4207001.328945222,-4206578.800917584,-4206152.852678278,-4205723.461288463,-4205290.6040385915,-4204854.258471981,-4204414.402409559,-4203971.013975787,-4203524.071625814,-4203073.554173951,-4202619.440823455,-4202161.711197728,-4201700.345372979,-4201235.323912367,-4200766.627901759,-4200294.238987079,-4199818.139413383,-4199338.312065687,-4198854.740511627,-4198367.40904602,-4197876.302737401,-4197381.407476597,-4196882.710027433,-4196380.198079636,-4195873.8603040045,-4195363.6864099605,-4194849.667205514,-4194331.794659785,-4193810.061968107,-4193284.463619854,-4192754.9954690323,-4192221.65480776,-4191684.4404427027,-4191143.3527745674,-4190598.3938807296,-4190049.567601096,-4189496.879627286,-4188940.3375952085,-4188379.951181133,-4187815.7322013294,-4187247.694715345,-4186675.8551330063,-4186100.2323252093,-4185520.8477385473,-4184937.7255138457,-4184350.8926086402,-4183760.3789236257,-4183166.217433111,-4182568.444319473,-4181967.0991116073,-4181362.224827336,-4180753.8681197404,-4180142.0794273242,-4179526.91312791,-4178908.42769614,-4178286.6858643997,-4177661.7547869594,-4177033.7062070677,-4176402.6166267064,-4175768.5674786163,-4175131.6453001816,-4174491.9419086636,-4173849.5545772016,-4173204.586210902,-4172557.1455222545,-4171907.347204976,-4171255.312105281,-4170601.1673894227,-4169945.046706211,-4169287.0903430143,-4168627.4453736143,-4167966.2657959927,-4167303.712657987,-4166639.954168415,-4165975.1657910245,-4165309.530318312,-4164643.2379218685,-4163976.4861755623,-4163309.4800474285,-4162642.431855649,-4161975.5611835453,-4161309.0947478525,-4160643.266214021,-4159978.3159515173,-4159314.4907214157,-4158652.0432877187,-4157991.231942963,-4157332.319937691,-4156675.5748023377,-4156021.2675488866,-4155369.671738492,-4154721.0623998544,-4154075.7147817984,-4153433.9029219258,-4152795.8980116765,-4152161.9665364134,-4151532.3681674665,-4150907.3533812515,-4150287.1607788657,-4149672.014077786,-4149062.1187457126,-4148457.6582451407,-4147858.789856137,-4147265.6400441052,-4146678.2993392986,-4146096.816695679,-4145521.1932988176,-4144951.3757962054,-4144387.2489291993,-4143828.6275545126,-4143275.2480554557,-4142726.75916021,-4142182.712207479,-4141642.5509306197,-4141105.600871776,-4140571.058590134,-4140037.9808960743,-4139505.2744293683,-4138971.686008774,-4138435.7943173274,-4137896.0036578863,-4137350.5407231706,-4136797.4555804357,-4136234.628379897,-4135659.7836651416,-4135070.5145994904,-4134464.3199303243,-4133838.657098141,-4133191.0155608486,-4132519.01514548,-4131820.5350497174,-4131093.8799619447,-4130337.9905534456,-4129552.7060450264,-4128739.085934966,-4127899.794467582,-4127039.5406570584,-4126165.538732902,-4125287.8872916056,-4124419.6166416868,-4123575.842055355,-4122770.8623899226,-4122011.0764464224,-4121280.744005519,-4120520.2997929,-4119617.5157078924,-4118533.9511368265,0.0
27.5,-4165670.4775043717,-4165469.6624709656,-4165267.366115265,-4165063.577421645,-4164858.285314205,-4164651.4786584526,-4164443.146263088,-4164233.276881942,-4164021.8592160405,-4163808.8819158156,-4163594.333583465,-4163378.2027754732,-4163160.4780053007,-4162941.1477462323,-4162720.2004344254,-4162497.6244721296,-4162273.4082311178,-4162047.540056309,-4161820.0082696294,-4161590.80117407,-4161359.9070580075,-4161127.31419975,-4160893.010872352,-4160656.9853486945,-4160419.2259068405,-4160179.720835691,-4159938.4584409366,-4159695.4270513332,-4159450.6150253047,-4159204.010757897,-4158955.602688087,-4158705.379306464,-4158453.329163318,-4158199.44087711,-4157943.703143391,-4157686.1047441484,-4157426.634557618,-4157165.2815685705,-4156902.0348791005,-4156636.88371993,-4156369.8174622543,-4156100.825630143,-4155829.897913526,-4155557.024181784,-4155282.1944979676,-4155005.399133666,-4154726.628584556,-4154445.8735866486,-4154163.12513327,-4153878.374492795,-4153591.613227162,-4153302.833211197,-4153012.0266527873,-4152719.186113912,-4152424.3045325764,-4152127.3752456824,-4151828.3920128425,-4151527.3490412068,-4151224.241011293,-4150919.06310389,-4150611.811028034,-4150302.4810501123,-4149991.07002412,-4149677.5754230972,-4149361.995371781,-4149044.3286805083,-4148724.574880399,-4148402.734259835,-4148078.807902292,-4147752.7977255117,-4147424.7065220885,-4147094.5380014475,-4146762.2968332605,-4146427.988692315,-4146091.6203048406,-4145753.199496321,-4145412.73524077,-4145070.2377115022,-4144725.7183333677,-4144379.189836458,-4144030.666311241,-4143680.1632651254,-4143327.697680379,-4142973.2880733814,-4142616.954555132,-4142258.718892937,-4141898.6045731823,-4141536.6368650873,-4141172.842885292,-4140807.2516631433,-4140439.8942064755,-4140070.80356771,-4139700.0149100022,-4139327.5655731848,-4138953.4951391867,-4138577.8454965786,-4138200.660903828,-4137821.9880508403,-4137441.8761182353,-4137060.376833806,-4136677.5445255176,-4136293.436170286,-4135908.111437761,-4135521.6327281804,-4135134.065203278,-4134745.476809123,-4134355.938289621,-4133965.5231892713,-4133574.307843617,-4133182.371355671,-4132789.795556363,-4132396.664946916,-4132003.0666207653,-4131609.090162425,-4131214.827520423,-4130820.3728511245,-4130425.8223299207,-4130031.273925953,-4129636.8271360802,-4129242.582673445,-4128848.6421054797,-4128455.107435724,-4128062.080623266,-4127669.6630330505,-4127277.9548096433,-4126887.054166372,-4126497.0565810325,-4126108.0538885663,-4125720.133260272,-4125333.376058235,-4124947.8565527117,-4124563.640489247,-4124180.7834912105,-4123799.3292824486,-4123419.3077135743,-4123040.732574344,-4122663.5991734173,-4122287.8816657155,-4121913.530106458,-4121540.467210052,-4121168.5847909795,-4120797.73986318,-4120427.7503738087,-4120058.3905469603,-4119689.3858130216,-4119320.4072997305,-4118951.0658620503,-4118580.9056295394,-4118209.3970522694,-4117835.929429612,-4117459.8029104434,-4117080.219958786,-4116696.276285651,-4116306.951256005,-4115911.097789506,-4115507.4317849493,-4115094.5211111843,-4114670.7742215768,-4114234.4284645272,-4113783.5381788057,-4113315.9626788707,-4112829.354251092,-4112321.1462959913,-4111788.5417631906,-4111228.5020340714,-4110637.7364120516,-4110012.6923838267,-4109349.546821855,-4108644.1983203935,-4107892.2609168324,-4107089.0595883164,-4106229.6282038125,-4105308.7111804737,-4104320.7711569928,-4103260.0069257305,-4102120.3892979007,-4100895.728631402,-4099579.798442661,-4098166.558579909,-4096650.5559490398,-4095027.6445332947,-4093296.286396903,-4091459.923552276,-4089531.3421954336,-4087540.7336230595,-4085550.383091016,-4083679.7868045582,-4082138.929421907,-4081218.4276025384,-4081001.9183847676,0.0
27.25,-4109765.695573273,-4109673.5750541445,-4109581.0264329133,-4109488.050030603,-4109394.6462118523,-4109300.8153861337,-4109206.5580089977,-4109111.874583373,-4109016.765660898,-4108921.2318433085,-4108825.273783868,-4108728.8921888364,-4108632.0878190096,-4108534.861491292,-4108437.214080334,-4108339.1465202225,-4108240.659806223,-4108141.754996598,-4108042.4332144703,-4107942.6956497566,-4107842.543561173,-4107741.9782783017,-4107641.0012037363,-4107539.61381529,-4107437.8176682945,-4107335.6143979616,-4107233.005721838,-4107129.9934423417,-4107026.5794493747,-4106922.765723042,-4106818.5543364473,-4106713.9474585904,-4106608.947357361,-4106503.5564026306,-4106397.777069449,-4106291.61194135,-4106185.0637137573,-4106078.1351975068,-4105970.829322486,-4105863.1491413815,-4105755.0978335543,-4105646.678709034,-4105537.8952126363,-4105428.750928207,-4105319.2495829975,-4105209.395052173,-4105099.1913634473,-4104988.6427018573,-4104877.753414672,-4104766.5280164424,-4104654.971194182,-4104543.0878126947,-4104430.882920034,-4104318.3617531024,-4104205.5297433916,-4104092.392522854,-4103978.955929905,-4103865.226015568,-4103751.209049725,-4103636.9115275103,-4103522.340175803,-4103407.5019598384,-4103292.4040899193,-4103177.054028207,-4103061.4594956064,-4102945.6284787087,-4102829.569236789,-4102713.2903088373,-4102596.800520603,-4102480.108991642,-4102363.2251423164,-4102246.1587007553,-4102128.9197097095,-4102011.51853329,-4101893.965863546,-4101776.272726826,-4101658.4504898977,-4101540.5108657503,-4101422.4659190285,-4101304.3280710448,-4101186.110104273,-4101067.8251662627,-4100949.486772875,-4100831.108810743,-4100712.705538855,-4100594.2915891293,-4100475.881965859,-4100357.4920438784,-4100239.137565284,-4100120.834634554,-4100002.599711848,-4099884.449604295,-4099766.4014550326,-4099648.472729731,-4099530.6812003343,-4099413.044925714,-4099295.5822288743,-4099178.3116703765,-4099061.2520175395,-4098944.4222090025,-4098827.8413141477,-4098711.528486849,-4098595.502912987,-4098479.783751054,-4098364.3900651904,-4098249.340749861,-4098134.654445356,-4098020.3494431856,-4097906.443580384,-4097792.9541216283,-4097679.897627981,-4097567.289810945,-4097455.1453704303,-4097343.4778150506,-4097232.299263101,-4097121.6202223073,-4097011.4493463975,-4096901.793166259,-4096792.6557932952,-4096684.038592395,-4096575.939821658,-4096468.354235811,-4096361.2726499485,-4096254.6814599764,-4096148.5621157843,-4096042.890542893,-4095937.6365079,-4095832.7629227336,-4095728.225082264,-4095623.9698294117,-4095519.934641426,-4095416.04663052,-4095312.221451542,-4095208.3621087987,-4095104.3576536025,-4095000.0817635222,-4094895.3911936693,-4094790.1240897686,-4094684.0981520335,-4094577.1086382456,-4094468.926193698,-4094359.294494944,-4094247.927693547,-4094134.5076452238,-4094018.680908944,-4093900.0554996096,-4093778.1973769413,-4093652.6266519534,-4093522.8134909817,-4093388.1736953743,-4093248.063932631,-4093101.7765915967,-4092948.534230119,-4092787.4835778107,-4092617.6890486362,-4092438.125707215,-4092247.6716178223,-4092045.099484743,-4091829.067464846,-4091598.108995638,-4091350.62143117,-4091084.853209792,-4090798.889186183,-4090490.6336379186,-4090157.790294492,-4089797.838521172,-4089408.00450462,-4088985.2259083777,-4088526.107962528,-4088026.8682776717,-4087483.2667630585,-4086890.515783586,-4086243.163958233,-4085534.9445427223,-4084758.5757627133,-4083905.49512881,-4082965.5015918994,-4081926.2665363546,-4080772.6538161137,-4079485.754498047,-4078041.48302364,-4076408.478290775,-4074544.8688985044,-4072393.1313694506,-4069871.697361331,-4066861.119097553,-4063182.2750824266,-4058571.167786263,-4052722.9990181727,-4046094.540113258,0.0
27.0,-4053576.576015767,-4053595.8874605554,-4053615.8430952565,-4053636.4550010785,-4053657.735418451,-4053679.6967479754,-4053702.3515513344,-4053725.7125521563,-4053749.7926368103,-4053774.6048551695,-4053800.1624212903,-4053826.4787140437,-4053853.567277677,-4053881.4418222923,-4053910.1162242647,-4053939.604526564,-4053969.9209389994,-4054001.0798383686,-4054033.0957685118,-4054065.983440256,-4054099.757731262,-4054134.43368574,-4054170.026514059,-4054206.5515922154,-4054244.0244611735,-4054282.4608260496,-4054321.876555154,-4054362.2876788755,-4054403.710388375,-4054446.1610341263,-4054489.656124248,-4054534.212322646,-4054579.8464469397,-4054626.575466173,-4054674.4164982825,-4054723.3868073286,-4054773.503800461,-4054824.785024614,-4054877.2481629155,-4054930.91103079,-4054985.7915717424,-4055041.907852811,-4055099.278059667,-4055157.9204913415,-4055217.853554559,-4055279.095757669,-4055341.6657041367,-4055405.582085591,-4055470.8636743864,-4055537.529315668,-4055605.5979189095,-4055675.0884488993,-4055746.019916145,-4055818.411366667,-4055892.281871151,-4055967.65051343,-4056044.5363782556,-4056122.9585383297,-4056202.936040564,-4056284.4878915073,-4056367.63304193,-4056452.3903705054,-4056538.778666541,-4056626.81661173,-4056716.5227608634,-4056807.9155214457,-4056901.0131321875,-4056995.8336402914,-4057092.3948774873,-4057190.714434772,-4057290.8096357584,-4057392.697508603,-4057496.3947564284,-4057601.917726175,-4057709.2823758055,-4057818.504239803,-4057929.5983928707,-4058042.579411755,-4058157.461335121,-4058274.2576213893,-4058392.9811044405,-4058513.643947111,-4058636.2575923814,-4058760.8327121614,-4058887.3791535837,-4059015.9058827045,-4059146.420925513,-4059278.931306147,-4059413.4429822243,-4059549.960777182,-4059688.4883095254,-4059829.0279188873,-4059971.5805888064,-4060116.1458661254,-4060262.721776918,-4060411.3047388755,-4060561.889470046,-4060714.4688938833,-4060869.0340405297,-4061025.5739442874,-4061184.075537247,-4061344.523539038,-4061506.9003427303,-4061671.1858968744,-4061837.3575837533,-4062005.3900939194,-4062175.25529711,-4062346.922109721,-4062520.3563590096,-4062695.5206442806,-4062872.3741953615,-4063050.8727287315,-4063230.968301738,-4063412.6091654343,-4063595.7396166413,-4063780.299849953,-4063966.2258105115,-4064153.449048521,-4064341.896576568,-4064531.4907310377,-4064722.1490390194,-4064913.7840923266,-4065106.3034304455,-4065299.6094344635,-4065493.5992342466,-4065688.1646314454,-4065883.1920411503,-4066078.5624553524,-4066274.1514316783,-4066469.8291112296,-4066665.4602696993,-4066860.904406336,-4067056.015875699,-4067250.6440675505,-4067444.6336406115,-4067637.8248162935,-4067830.0537388492,-4068021.152908727,-4068210.9516961076,-4068399.276941825,-4068585.9536528485,-4068770.8057994493,-4068953.6572208265,-4069134.3326454163,-4069312.6588312783,-4069488.4658306194,-4069661.588380917,-4069831.867422738,-4069999.1517415033,-4070163.2997267325,-4070324.1812377605,-4070481.6795593607,-4070635.693424045,-4070786.1390699297,-4070932.9522939366,-4071076.090449602,-4071215.534327078,-4071351.289840023,-4071483.38943036,-4071611.8930876763,-4071736.8888659906,-4071858.492767591,-4071976.847852706,-4072092.122426232,-4072204.5071502184,-4072314.2109347386,-4072421.4554717266,-4072526.468297343,-4072629.474298476,-4072730.6856173133,-4072830.2899517263,-4072928.437295077,-4073025.2252034317,-4073120.682721557,-4073214.753152593,-4073307.2759535536,-4073397.9682537825,-4073486.406965315,-4073572.0134202945,-4073654.0443123765,-4073731.596036341,-4073803.635259761,-4073869.078165096,-4073926.955872169,-4073976.7226003655,-4074018.7671469143,-4074055.0982895647,-4074089.8158570984,-4074128.576126335,-4074178.786460645,0.0
26.75,-3996069.317597418,-3996193.220002785,-3996318.7485868107,-3996445.92645101,-3996574.776983269,-3996705.323859477,-3996837.5910450704,-3996971.6027964787,-3997107.3836624706,-3997244.9584853803,-3997384.3524022237,-3997525.59084568,-3997668.6995449467,-3997813.7045264486,-3997960.6321143894,-3998109.5089311535,-3998260.361897522,-3998413.218232726,-3998568.105454292,-3998725.0513776867,-3998884.084115761,-3999045.232077947,-3999208.5239692265,-3999373.988788849,-3999541.655828772,-3999711.5546718263,-3999883.7151895817,-4000058.1675398992,-4000234.942164154,-4000414.0697841058,-4000595.581398406,-4000779.508278723,-4000965.8819654495,-4001154.7342629954,-4001346.097234626,-4001540.00319682,-4001736.4847131544,-4001935.574587639,-4002137.3058575257,-4002341.7117855316,-4002548.8258514646,-4002758.681743209,-4002971.313347058,-4003186.754737336,-4003405.0401653033,-4003626.2040472785,-4003850.28095198,-4004077.3055870114,-4004307.312784461,-4004540.3374856,-4004776.414724592,-4005015.5796112083,-4005257.867312471,-4005503.313033205,-4005751.951995415,-4006003.8194164657,-4006258.9504859927,-4006517.380341487,-4006779.1440425036,-4007044.2765434254,-4007312.8126647193,-4007584.787062623,-4007860.234197193,-4008139.188298634,-4008421.683331855,-4008707.7529591657,-4008997.4305010224,-4009290.748894782,-4009587.7406513374,-4009888.437809579,-4010192.8718885896,-4010501.0738374707,-4010813.0739827342,-4011128.901973139,-4011448.5867218976,-4011772.1563461535,-4012099.6381036234,-4012431.058326312,-4012766.4423512076,-4013105.8144478444,-4013449.1977426433,-4013796.6141399317,-4014148.084239543,-4014503.6272509005,-4014863.2609034996,-4015227.001353696,-4015594.8630877165,-4015966.8588208156,-4016342.999392518,-4016723.293657871,-4017107.748374669,-4017496.368086609,-4017889.1550023654,-4018286.1088705612,-4018687.2268506708,-4019092.5033798884,-4019501.9300360265,-4019915.4953965507,-4020333.1848938805,-4020754.9806671343,-4021180.861410538,-4021610.8022187822,-4022044.774429648,-4022482.7454643166,-4022924.6786658415,-4023370.5331363347,-4023820.2635735497,-4024273.8201076165,-4024731.148138831,-4025192.1881775223,-4025656.8756871847,-4026125.140932235,-4026596.908831933,-4027072.0988222244,-4027550.624727511,-4028032.3946446124,-4028517.3108414584,-4029005.2696734224,-4029496.161520513,-4029989.870749099,-4030486.2757022353,-4030985.248723184,-4031486.656217257,-4031990.358757688,-4032496.2112419256,-4033004.063105424,-4033513.7586008483,-4034025.1371514145,-4034538.033788087,-4035052.279681344,-4035567.7027793694,-4036084.1285657217,-4036601.3809508584,-4037119.283313289,-4037637.659707679,-4038156.3362588165,-4038675.142762097,-4039193.9145130096,-4039712.494390033,-4040230.7352173617,-4040748.502435961,-4041265.67711361,-4041782.159326757,-4042297.8719492014,-4042812.764884774,-4043326.819783268,-4043840.05528085,-4044352.5328079527,-4044864.363009247,-4045375.712821506,-4045886.8132561455,-4046397.9679337223,-4046909.56241781,-4047422.0743954377,-4047936.084750744,-4048452.289578005,-4048971.51318003,-4049494.7220988274,-4050023.0402285717,-4050557.7650677143,-4051100.3851802545,-4051652.59895912,-4052216.334822643,-4052793.773035574,-4053387.369439563,-4053999.8815193744,-4054634.397440959,-4055294.369005023,-4055983.6499049943,-4056706.5413174736,-4057467.847764688,-4058272.9474824867,-4059127.883362397,-4060039.483144875,-4061015.5212780046,-4062064.9402870224,-4063198.1575699896,-4064427.495894307,-4065767.795501902,-4067237.2981571592,-4068858.9490021523,-4070662.359958451,-4072686.854010889,-4074986.325221727,-4077637.198162314,-4080751.593308469,-4084498.154389971,-4089125.970701861,-4094917.5348086334,-4101377.2953901533,0.0
26.5,-3936244.428815334,-3936456.8666352285,-3936671.710278334,-3936888.99163335,-3937108.7430000966,-3937330.9970930344,-3937555.7870447235,-3937783.1464091972,-3938013.109165253,-3938245.709719673,-3938480.98291032,-3938718.964009155,-3938959.688725118,-3939203.1932069105,-3939449.514045626,-3939698.6882772576,-3939950.7533850395,-3940205.747301641,-3940463.708411177,-3940724.6755510434,-3940988.6880135494,-3941255.785547347,-3941526.0083586304,-3941799.3971121046,-3942075.992931706,-3942355.837401045,-3942638.972563576,-3942925.4409224656,-3943215.2854401367,-3943508.5495374864,-3943805.277092747,-3944105.5124399583,-3944409.3003670652,-3944716.6861135764,-3945027.7153677912,-3945342.4342635637,-3945660.889376561,-3945983.127720021,-3946309.196739948,-3946639.1443097508,-3946973.0187242622,-3947310.868693131,-3947652.743333541,-3947998.69216223,-3948348.7650867756,-3948703.012396088,-3949061.4847501134,-3949424.233168662,-3949791.309019353,-3950162.764004608,-3950538.6501476713,-3950919.019777582,-3951303.9255130813,-3951693.4202453652,-3952087.5571196657,-3952486.3895155825,-3952889.9710261133,-3953298.3554353206,-3953711.5966945863,-3954129.748897361,-3954552.866252376,-3954981.0030552214,-3955414.213658222,-3955852.552438564,-3956296.0737645435,-3956744.831959914,-3957198.8812662065,-3957658.2758029606,-3958123.0695257727,-3958593.316182064,-3959069.0692644906,-3959550.381961878,-3960037.307107606,-3960529.897125317,-3961028.203971868,-3961532.2790774,-3962042.173282432,-3962557.9367718557,-3963079.619005721,-3963607.268646718,-3964140.933484193,-3964680.6603546357,-3965226.4950584793,-3965778.48227311,-3966336.6654619672,-3966901.0867796144,-3967471.7869726615,-3968048.805276424,-3968632.179307211,-3969221.944950125,-3969818.1362422737,-3970420.7852513,-3971029.9219491268,-3971645.5740808463,-3972267.7670286796,-3972896.5236709323,-3973531.8642359367,-3974173.8061509086,-3974822.3638857477,-3975477.548791782,-3976139.368935503,-3976807.8289273586,-3977482.9297457254,-3978164.668556198,-3978853.0385264023,-3979548.028636559,-3980249.623486139,-3980957.803096941,-3981672.542713082,-3982393.812598403,-3983121.5778319426,-3983855.7981022117,-3984596.4275011374,-3985343.4143186645,-3986096.700839203,-3986856.223141212,-3987621.9109015036,-3988393.687205958,-3989171.4683687123,-3989955.16376205,-3990744.6756596174,-3991539.8990958994,-3992340.721745297,-3993147.023824589,-3993958.678023066,-3994775.5494651687,-3995597.4957111175,-3996424.3668016978,-3997256.0053541716,-3998092.246717202,-3998932.9191936287,-3999777.844341125,-4000626.8373619877,-4001479.7075947877,-4002336.25912219,-4003196.29151109,-4004059.600703277,-4004925.9800771438,-4005795.2217035573,-4006667.117822016,-4007541.462566486,-4008418.053974125,-4009296.6963143144,-4010177.2027802253,-4011059.398590516,-4011943.124554832,-4012828.241163555,-4013714.6332698483,-4014602.215440502,-4015490.9380614576,-4016380.7942941585,-4017271.827990142,-4018164.1426833477,-4019057.911792416,-4019953.390178499,-4020850.9272173527,-4021750.981557084,-4022654.13774386,-4023561.1249057935,-4024472.8376880237,-4025390.3596269856,-4026314.989135267,-4027248.2682351707,-4028192.014122489,-4029148.35355335,-4030119.759914925,-4031109.092650912,-4032119.638446637,-4033155.1532129,-4034219.9034121325,-4035318.704604758,-4036456.954200711,-4037640.6541926377,-4038876.417974255,-4040171.4529359806,-4041533.5068517355,-4042970.760076849,-4044491.6351713166,-4046104.4765776964,-4047817.017239559,-4049635.4807866653,-4051563.03751057,-4053597.086017169,-4055724.378619877,-4057912.217467355,-4060092.775614759,-4062136.9661714593,-4063821.0757318474,-4064839.5449828207,-4065096.522944041,0.0
26.25,-3873227.387384326,-3873504.632192159,-3873784.762610389,-3874067.8154484197,-3874353.8280195575,-3874642.8381471494,-3874934.8841707394,-3875230.004952237,-3875528.239882099,-3875829.628885519,-3876134.2124286215,-3876442.0315246596,-3876753.127740199,-3877067.5432013026,-3877385.320599692,-3877706.5031988965,-3878031.1348403776,-3878359.259949609,-3878690.923542142,-3879026.1712296014,-3879365.049225652,-3879707.604351899,-3880053.8840437126,-3880403.936355997,-3880757.809968861,-3881115.554193206,-3881477.218976213,-3881842.8549067075,-3882212.513220419,-3882586.2458050973,-3882964.1052054856,-3883346.1446281397,-3883732.4179460825,-3884122.979703262,-3884517.8851188305,-3884917.190091204,-3885320.951201887,-3885729.2257190775,-3886142.071600989,-3886559.547498909,-3886981.712759955,-3887408.6274295254,-3887840.3522534017,-3888276.948679507,-3888718.478859273,-3889165.005648624,-3889616.5926085105,-3890073.304005016,-3890535.204808967,-3891002.360695048,-3891474.8380403803,-3891952.703922538,-3892436.026116962,-3892924.8730937513,-3893419.314013794,-3893919.4187241886,-3894425.2577529433,-3894936.9023028924,-3895454.424244797,-3895977.896109594,-3896507.391079738,-3897042.982979598,-3897584.7462648633,-3898132.756010893,-3898687.0878999783,-3899247.81820745,-3899815.023786579,-3900388.7820522003,-3900969.1709630326,-3901556.2690025726,-3902150.1551585565,-3902750.9089008817,-3903358.610157924,-3903973.339291187,-3904595.177068188,-3905224.204633501,-3905860.503477889,-3906504.15540541,-3907155.242498408,-3907813.847080316,-3908480.051676129,-3909153.93897047,-3909835.591763121,-3910525.0929219057,-3911222.5253327945,-3911927.9718471146,-3912641.5152257034,-3913363.2380798976,-3914093.22280916,-3914831.5515352264,-3915578.3060325743,-3916333.5676550516,-3917097.4172584563,-3917869.9351188876,-3918651.2008466357,-3919441.2932953914,-3920240.2904665275,-3921048.2694081995,-3921865.3061089665,-3922691.475385669,-3923526.8507652055,-3924371.5043598837,-3925225.5067359763,-3926088.926775064,-3926961.8315277486,-3927844.2860592566,-3928736.3532864135,-3929638.093805468,-3930549.565710109,-3931470.8243990736,-3932401.922372584,-3933342.90901686,-3934293.8303758265,-3935254.7289091037,-3936225.643235225,-3937206.6078589866,-3938197.652881676,-3939198.8036928466,-3940210.08064214,-3941231.4986895565,-3942263.0670323847,-3943304.7887068484,-3944356.660162359,-3945418.67080603,-3946490.802514946,-3947573.029113411,-3948665.315812185,-3949767.618606462,-3950879.883629086,-3952002.0464551947,-3953134.031354274,-3954275.7504852577,-3955427.1030301023,-3956587.9742609896,-3957758.2345361016,-3958937.738218756,-3960126.3225145866,-3961323.8062214707,-3962529.988386989,-3963744.64686858,-3964967.5367919984,-3966198.3889045636,-3967436.9078208073,-3968682.77015983,-3969935.622575848,-3971195.0796863916,-3972460.7219064566,-3973732.093201858,-3975008.69878132,-3976290.0027548317,-3977575.4257956645,-3978864.3428558474,-3980156.081000006,-3981449.9174410934,-3982745.0778839807,-3984040.7353099813,-3985336.009367667,-3986629.9665733455,-3987921.621568961,-3989209.939735954,-3990493.841520611,-3991772.208888657,-3993043.8943917356,-3994307.733391721,-3995562.56004301,-3996807.227665725,-3998040.6341353008,-3999261.75283738,-4000469.6695491164,-4001663.625248314,-4002843.064237206,-4004007.6859888313,-4005157.4976489195,-4006292.8620188544,-4007414.5330196177,-4008523.66718547,-4009621.7962104734,-4010710.7435446675,-4011792.471197276,-4012868.8590466864,-4013941.463401496,-4015011.4024674236,-4016079.721606376,-4017148.9728164896,-4018227.3814270217,-4019337.8488421985,-4020534.501117329,-4021925.895167232,-4023679.5412549595,-4025823.3647415764,0.0
26.0,-3806350.725451149,-3806664.0534354555,-3806980.3848392963,-3807299.75615128,-3807622.204386107,-3807947.7670928747,-3808276.4823635,-3808608.388841293,-3808943.5257296604,-3809281.932800942,-3809623.6504054023,-3809968.719480349,-3810317.1815594085,-3810669.0787819424,-3811024.4539026115,-3811383.3503010958,-3811745.811991965,-3812111.8836347004,-3812481.6105438825,-3812855.0386995287,-3813232.214757597,-3813613.186060655,-3813998.0006487095,-3814386.707270211,-3814779.3553932197,-3815175.995216751,-3815576.6776822936,-3815981.454485504,-3816390.378088078,-3816803.501729808,-3817220.879440824,-3817642.5660540126,-3818068.6172176385,-3818499.089408142,-3818934.0399431414,-3819373.526994624,-3819817.6096023414,-3820266.3476873953,-3820719.8020660384,-3821178.034463673,-3821641.1075290623,-3822109.084848746,-3822582.030961677,-3823060.011374067,-3823543.092574457,-3824031.3420490045,-3824524.828296993,-3825023.6208465733,-3825527.790270733,-3826037.408203489,-3826552.547356331,-3827073.2815348827,-3827599.685655822,-3828131.8357640277,-3828669.809049983,-3829213.6838674224,-3829763.5397512275,-3830319.4574355767,-3830881.5188723574,-3831449.8072498245,-3832024.4070115266,-3832605.403875496,-3833192.884853696,-3833786.93827174,-3834387.653788874,-3834995.122418233,-3835609.436547359,-3836230.689958992,-3836858.977852134,-3837494.3968633716,-3838137.04508847,-3838787.0221042363,-3839444.428990625,-3840109.3683531205,-3840781.94434535,-3841462.262691942,-3842150.430711623,-3842846.557340519,-3843550.7531556725,-3844263.130398735,-3844983.802999837,-3845712.8866015845,-3846450.4985831785,-3847196.7580846087,-3847951.7860308792,-3848715.705156234,-3849488.640028309,-3850270.717072172,-3851062.0645941533,-3851862.812805406,-3852673.093845077,-3853493.041803005,-3854322.792741801,-3855162.4847181668,-3856012.257803295,-3856872.2541021556,-3857742.6177714546,-3858623.495036013,-3859515.034203294,-3860417.385675754,-3861330.7019606438,-3862255.1376768705,-3863190.849558419,-3864137.9964538235,-3865096.739321075,-3866067.241217274,-3867049.667282262,-3868044.184715337,-3869050.962744066,-3870070.172584073,-3871101.987388502,-3872146.582185751,-3873204.1338038105,-3874274.8207794097,-3875358.823249849,-3876456.322825225,-3877567.5024383613,-3878692.546169516,-3879831.6390424627,-3880984.9667881937,-3882152.715571981,-3883335.0716789835,-3884532.221153017,-3885744.3493824033,-3886971.6406260463,-3888214.2774720755,-3889472.440220365,-3890746.3061792403,-3892036.048865417,-3893341.8370949095,-3894663.83395109,-3896002.195614427,-3897357.0700364853,-3898728.595438673,-3900116.8986138003,-3901522.09300589,-3902944.2765406375,-3904383.5291756303,-3905839.9101356547,-3907313.4547943096,-3908804.1711584385,-3910312.0359067847,-3911836.9899284537,-3913378.933300463,-3914937.719636528,-3916513.1497314787,-3918104.9644171577,-3919712.836536235,-3921336.361930312,-3922975.049327681,-3924628.309004592,-3926295.440081709,-3927975.616305139,-3929667.870149269,-3931371.075067413,-3933083.9257069747,-3934804.915899859,-3936532.3142385185,-3938264.137056178,-3939998.118650868,-3941731.678633011,-3943461.8863438093,-3945185.4223985653,-3946898.537571575,-3948597.0094799427,-3950276.097873423,-3951930.499838088,-3953554.306929598,-3955140.9672418246,-3956683.2567858077,-3958173.2664251206,-3959602.4131338685,-3960961.4876745334,-3962240.755079438,-3963430.129616754,-3964519.452037425,-3965498.903083501,-3966359.5915986947,-3967094.3540503513,-3967698.7869362473,-3968172.4903852376,-3968520.4083382664,-3968753.981255409,-3968891.570510532,-3968957.3411287884,-3968977.798447148,-3968976.113809389,-3968966.7273553293,-3968954.507738308,-3968938.5428594835,0.0
25.75,-3735214.3646865985,-3735533.5705752084,-3735855.528622923,-3736180.2691719877,-3736507.8230096633,-3736838.221376777,-3737171.4959764946,-3737507.678983306,-3737846.803052242,-3738188.901328328,-3738534.0074562794,-3738882.155590442,-3739233.380404998,-3739587.717104438,-3739945.201434302,-3740305.8696922143,-3740669.7587392046,-3741036.906011339,-3741407.3495316594,-3741781.1279224525,-3742158.2804178516,-3742538.8468767847,-3742922.8677962827,-3743310.384325159,-3743701.4382780674,-3744096.0721499706,-3744494.3291309997,-3744896.2531217556,-3745301.888749047,-3745711.2813820736,-3746124.477149095,-3746541.5229545794,-3746962.466496867,-3747387.356286341,-3747816.241664163,-3748249.1728215567,-3748686.2008196786,-3749127.377610101,-3749572.756055903,-3750022.389953438,-3750476.3340547536,-3750934.6440907205,-3751397.3767948877,-3751864.5899280827,-3752336.3423038097,-3752812.6938144304,-3753293.7054582206,-3753779.4393672654,-3754269.9588362896,-3754765.328352413,-3755265.6136258873,-3755770.8816218474,-3756281.2005931204,-3756796.6401141244,-3757317.271115911,-3757843.165922379,-3758374.39828773,-3758911.04343519,-3759453.178097054,-3760000.880556119,-3760554.2306885435,-3761113.3100081836,-3761678.201712497,-3762248.9907300323,-3762825.7637696057,-3763408.609371198,-3763997.617958668,-3764592.8818943375,-3765194.4955355152,-3765802.555293063,-3766417.1596920458,-3767038.409434588,-3767666.407464987,-3768301.2590371864,-3768943.0717847142,-3769591.9557931502,-3770248.023675241,-3770911.3906487683,-3771582.1746172467,-3772260.4962535985,-3772946.4790868764,-3773640.2495921743,-3774341.9372838307,-3775051.67481205,-3775769.5980630587,-3776495.8462629267,-3777230.5620851787,-3777973.891762323,-3778725.985201439,-3779486.9961039373,-3780257.082089648,-3781036.40482536,-3781825.130157943,-3782623.4282521904,-3783431.47373352,-3784249.445835643,-3785077.528553344,-3785915.9108004835,-3786764.7865733323,-3787624.3551193406,-3788494.821111442,-3789376.394827961,-3790269.292338188,-3791173.735693672,-3792089.9531252454,-3793018.179245768,-3793958.6552585647,-3794911.629171476,-3795877.3560163886,-3796856.098074108,-3797848.125104307,-3798853.714580282,-3799873.1519281412,-3800906.730769946,-3801954.7531702504,-3803017.529885364,-3804095.3806144823,-3805188.6342517384,-3806297.629137995,-3807422.7133110138,-3808564.244752385,-3809722.591629344,-3810898.13252927,-3812091.2566842968,-3813302.3641830706,-3814531.8661661767,-3815780.1850012275,-3817047.7544329637,-3818335.0197029514,-3819642.4376326785,-3820970.4766627685,-3822319.616839993,-3823690.349742373,-3825083.1783311553,-3826498.6167166657,-3827937.18982297,-3829399.432933843,-3830885.8910997575,-3832397.1183822565,-3833933.6769082616,-3835496.1357022854,-3837085.069259225,-3838701.0558141107,-3840344.675257771,-3842016.506638663,-3843717.1251806756,-3845447.098734481,-3847206.9835653435,-3848997.31936288,-3850818.6233375007,-3852671.3832433675,-3854556.049137996,-3856473.023652831,-3858422.650506257,-3860405.20093871,-3862420.8576872363,-3864469.696041429,-3866551.6614315193,-3868666.542889028,-3870813.941586516,-3872993.233500844,-3875203.5250477004,-3877443.6002971786,-3879711.8580926317,-3882006.237049028,-3884324.1259930865,-3886662.25691714,-3889016.576946141,-3891382.0951645058,-3893752.699433473,-3896120.9375973665,-3898477.7568305684,-3900812.1945192665,-3903111.0143863093,-3905358.283257015,-3907534.888191359,-3909618.0029043993,-3911580.530328752,-3913390.5813654717,-3915011.108833439,-3916399.9157629125,-3917510.4161294834,-3918293.746904362,-3918703.038418248,-3918700.5040204865,-3918266.449195365,-3917404.017053481,-3916123.6257827487,-3914401.176765061,-3912305.458179304,0.0
25.5,-3659713.108917565,-3660010.2853539907,-3660309.6528896387,-3660611.2305845367,-3660915.0377514954,-3661221.0939619923,-3661529.4190522567,-3661840.033129578,-3662152.956578822,-3662468.2100691916,-3662785.8145612315,-3663105.7913140715,-3663428.161892947,-3663752.9481769786,-3664080.172367255,-3664409.8569951938,-3664742.024931224,-3665076.699393788,-3665413.903958676,-3665753.662568722,-3666095.9995438443,-3666440.93959149,-3666788.5078174593,-3667138.729737157,-3667491.6312872553,-3667847.238837833,-3668205.579204961,-3668566.6796637885,-3668930.567962131,-3669297.2723346036,-3669666.8215172924,-3670039.244763015,-3670414.5718571814,-3670792.8331342824,-3671174.059495039,-3671558.282424228,-3671945.5340092336,-3672335.846959332,-3672729.2546257637,-3673125.7910226076,-3673525.4908485115,-3673928.389509295,-3674334.523141482,-3674743.928636791,-3675156.643667629,-3675572.7067136294,-3675992.15708929,-3676415.034972745,-3676841.3814357263,-3677271.2384747695,-3677704.6490437184,-3678141.6570875775,-3678582.307577775,-3679026.6465489087,-3679474.7211370226,-3679926.579619489,-3680382.271456575,-3680841.847334747,-3681305.359211814,-3681772.8603639724,-3682244.4054348413,-3682720.0504865726,-3683199.8530531507,-3683683.8721959293,-3684172.16856156,-3684664.804442377,-3685161.843839367,-3685663.3525278354,-3686169.398125877,-3686680.0501658036,-3687195.3801686172,-3687715.46172171,-3688240.3705598987,-3688770.1846499676,-3689304.9842788563,-3689844.8521456784,-3690389.8734577144,-3690940.136030591,-3691495.7303928076,-3692056.74989482,-3692623.290822888,-3693195.4525179053,-3693773.337499431,-3694357.051595169,-3694946.70407615,-3695542.4077978707,-3696144.279347674,-3696752.439198667,-3697367.011870474,-3697988.1260971623,-3698615.915002674,-3699250.516284133,-3699892.072403407,-3700540.7307873364,-3701196.6440370474,-3701859.9701468213,-3702530.872732996,-3703209.521273415,-3703896.0913579823,-3704590.7649508966,-3705293.730665205,-3706005.184050334,-3706725.327893325,-3707454.372534549,-3708192.5361987147,-3708940.0453420873,-3709697.135016855,-3710464.0492537185,-3711241.0414638,-3712028.3748611314,-3712826.3229070213,-3713635.169777783,-3714455.2108573755,-3715286.7532567177,-3716130.116361543,-3716985.6324108858,-3717853.647108469,-3718734.520269503,-3719628.626505652,-3720536.3559512137,-3721458.1150338664,-3722394.3272937075,-3723345.4342546775,-3724311.896352958,-3725294.1939273486,-3726292.8282772847,-3727308.3227946917,-3728341.2241766285,-3729392.1037264215,-3730461.5587518853,-3731550.2140701828,-3732658.723630006,-3733787.7722629327,-3734938.0775772305,-3736110.3920088666,-3737305.5050462126,-3738524.245646814,-3739767.4848667164,-3741036.138725202,-3742331.171330365,-3743653.5982939224,-3745004.490466786,-3746384.9780305205,-3747796.254983671,-3749239.5840662383,-3750716.302170202,-3752227.8262890694,-3753775.660064793,-3755361.4009961886,-3756986.7483789357,-3758653.5120534003,-3760363.6220425316,-3762119.139167725,-3763922.2667352734,-3765775.3633891745,-3767680.957226537,-3769641.7612681403,-3771660.6903666127,-3773740.8796151476,-3775885.7042858996,-3778098.801272915,-3780384.0919300257,-3782745.8060661107,-3785188.506668944,-3787717.1146461465,-3790336.9324565073,-3793053.664897137,-3795873.4344237605,-3798802.787083645,-3801848.683241196,-3805018.4644892826,-3808319.7840346624,-3811760.4817727525,-3815348.3762329374,-3819090.9320563274,-3822994.741309213,-3827064.726089974,-3831302.9229201823,-3835706.6377444156,-3840265.6514687724,-3844957.993460841,-3849743.569803012,-3854554.649003378,-3859282.0169105674,-3863756.149032135,-3867726.303774798,-3870854.4627075153,-3872785.2736836835,-3873438.686339668,-3873451.706967496,0.0
25.25,-3580025.9358134447,-3580278.7526016366,-3580533.011193373,-3580788.7163789505,-3581045.8729290687,-3581304.4855952356,-3581564.5591102582,-3581826.0981888333,-3582089.1075282297,-3582353.5918090786,-3582619.555696284,-3582887.003840036,-3583155.9408769687,-3583426.3714314383,-3583698.3001169534,-3583971.731537752,-3584246.6702905376,-3584523.120966391,-3584801.088152854,-3585080.5764362086,-3585361.590403955,-3585644.134647506,-3585928.2137650964,-3586213.8323649433,-3586500.9950686437,-3586789.706514848,-3587079.971363203,-3587371.794298598,-3587665.180035714,-3587960.1333239065,-3588256.658952429,-3588554.7617560257,-3588854.4466208997,-3589155.7184910914,-3589458.5823752815,-3589763.0433540368,-3590069.1065875283,-3590376.777323753,-3590686.0609072642,-3590996.9627884557,-3591309.4885334284,-3591623.6438344526,-3591939.4345210735,-3592256.8665718874,-3592575.946127017,-3592896.679501331,-3593219.073198436,-3593543.133925483,-3593868.8686088426,-3594196.2844106643,-3594525.3887463845,-3594856.1893032333,-3595188.6940597715,-3595522.911306528,-3595858.849667776,-3596196.518124515,-3596535.9260387165,-3596877.083178882,-3597219.9997470053,-3597564.6864069737,-3597911.154314509,-3598259.4151486983,-3598609.4811452106,-3598961.3651312715,-3599315.080562483,-3599670.6415615776,-3600028.062959199,-3600387.360336815,-3600748.5500718565,-3601111.6493851915,-3601476.6763910577,-3601843.6501495517,-3602212.5907218275,-3602583.519228108,-3602956.457908663,-3603331.430187891,-3603708.4607416596,-3604087.575568068,-3604468.8020617827,-3604852.1690921416,-3605237.707085207,-3605625.4481099537,-3606015.425968805,-3606407.676292749,-3606802.236641233,-3607199.146607111,-3607598.447926884,-3608000.1845965115,-3608404.402993083,-3608811.1520026536,-3609220.4831545837,-3609632.4507627026,-3610047.1120736995,-3610464.527423113,-3610884.7603993486,-3611307.8780161897,-3611733.9508942557,-3612163.0534519698,-3612595.2641065507,-3613030.6654856796,-3613469.3446504464,-3613911.393330324,-3614356.9081708957,-3614805.990995196,-3615258.74907954,-3615715.295444843,-3616175.7491644896,-3616640.235689931,-3617108.8871952896,-3617581.842942383,-3618059.249667726,-3618541.261993201,-3619028.042862298,-3619519.7640040074,-3620016.6064266707,-3620518.760944353,-3621026.4287385913,-3621539.8219586867,-3622059.1643640706,-3622584.6920127063,-3623116.6539999237,-3623655.313252659,-3624200.947384602,-3624753.849618526,-3625314.3297827765,-3625882.715389792,-3626459.3528055823,-3627044.608520162,-3627638.870530293,-3628242.5498473686,-3628856.0821449645,-3629479.929562531,-3630114.5826839767,-3630760.5627123755,-3631418.423865052,-3632088.7560166204,-3632772.187621491,-3633469.3889517984,-3634181.0756919277,-3634908.012936785,-3635651.019647887,-3636410.973629433,-3637188.817095852,-3637985.562913243,-3638802.301609884,-3639640.2092659026,-3640500.5564097036,-3641384.7180694286,-3642294.1851520324,-3643230.5773514807,-3644195.657821897,-3645191.3498925003,-3646219.756150331,-3647283.1802760013,-3648384.15208934,-3649525.4563490003,-3650710.165956716,-3651941.6803480554,-3653223.7700139205,-3654560.6282992773,-3655956.9318793947,-3657417.911634386,-3658949.4360508244,-3660558.109802507,-3662251.390838992,-3664037.73019265,-3665926.739874945,-3667929.3957716576,-3670058.2845073296,-3672327.9060340626,-3674755.0474998066,-3677359.249187186,-3680163.390599895,-3683194.435013212,-3686484.3853366924,-3690071.5249554124,-3694002.047301432,-3698332.221699084,-3703131.3070390453,-3708485.518212338,-3714503.4843228697,-3721323.821002349,-3729125.654400516,-3738143.0484068794,-3748683.70130435,-3761148.5209972635,-3776031.2290253127,-3793796.9716220056,-3814139.8511789544,-3832155.0407152646,0.0
25.0,-3496570.5892765494,-3496764.2927454296,-3496958.6610440155,-3497153.6849902016,-3497349.355099539,-3497545.661578923,-3497742.5943201883,-3497940.1428935826,-3498138.2965411497,-3498337.0441699894,-3498536.374345428,-3498736.275284065,-3498936.734846721,-3499137.740531271,-3499339.2794653745,-3499541.3383990903,-3499743.9036973882,-3499946.961332547,-3500150.496876445,-3500354.4954927405,-3500558.941928944,-3500763.8205083855,-3500969.11512207,-3501174.809220427,-3501380.8858049577,-3501587.3274197686,-3501794.1161430166,-3502001.2335782326,-3502208.660845563,-3502416.3785728943,-3502624.366886899,-3502832.6054039747,-3503041.0732210847,-3503249.7489065295,-3503458.610490615,-3503667.635456239,-3503876.8007293977,-3504086.0826696227,-3504295.4570603375,-3504504.899099144,-3504714.383388052,-3504923.8839236493,-3505133.3740872117,-3505342.826634771,-3505552.213687144,-3505761.5067199212,-3505970.6765534254,-3506179.693342664,-3506388.5265672524,-3506597.1450213464,-3506805.516803573,-3507013.609306979,-3507221.3892090013,-3507428.8224614854,-3507635.874280734,-3507842.5091376277,-3508048.690747816,-3508254.382061993,-3508459.5452562743,-3508664.141722687,-3508868.132059802,-3509071.476063497,-3509274.132717905,-3509476.0601865333,-3509677.2158036,-3509877.556065581,-3510077.0366230165,-3510275.612272591,-3510473.2369494922,-3510669.863720102,-3510865.444775034,-3511059.9314225432,-3511253.2740823342,-3511445.422279817,-3511636.3246408207,-3511825.92888681,-3512014.1818306404,-3512201.0293728895,-3512386.4164987947,-3512570.2872758578,-3512752.5848521306,-3512933.251455259,-3513112.228392307,-3513289.4560504216,-3513464.8738983893,-3513638.4204891375,-3513810.0334632355,-3513979.6495534545,-3514147.2045904533,-3514312.6335096415,-3514475.87035931,-3514636.848310068,-3514795.4996656906,-3514951.7558754347,-3515105.5475479024,-3515256.8044665507,-3515405.455606913,-3515551.4291556394,-3515694.652531439,-3515835.052408023,-3515972.5547391553,-3516107.084785904,-3516238.567146207,-3516366.9257868635,-3516492.084078071,-3516613.964830603,-3516732.4903357825,-3516847.582408344,-3516959.1624323283,-3517067.1514101317,-3517171.470014837,-3517272.038645968,-3517368.7774887793,-3517461.6065772455,-3517550.4458608315,-3517635.21527522,-3517715.83481709,-3517792.22462307,-3517864.305052987,-3517931.9967775033,-3517995.2208702383,-3518053.898904463,-3518107.9530544127,-3518157.3062012917,-3518201.882043969,-3518241.6052143928,-3518276.4013976837,-3518306.197456865,-3518330.921562136,-3518350.503324588,-3518364.873934179,-3518373.9663018067,-3518377.7152052177,-3518376.0574384993,-3518368.931964849,-3518356.280072268,-3518338.0455318405,-3518314.174758204,-3518284.616971853,-3518249.324362937,-3518208.2522562356,-3518161.359277135,-3518108.607518511,-3518049.962708654,-3517985.3943806104,-3517914.876043662,-3517838.385358131,-3517755.9043152495,-3517667.4194245664,-3517572.921912249,-3517472.4079347067,-3517365.8788133264,-3517253.341297632,-3517134.8078661123,-3517010.2970761666,-3516879.8339772606,-3516743.450604451,-3516601.186573105,-3516453.089799874,-3516299.2173800548,-3516139.63665752,-3515974.426530653,-3515803.6790466807,-3515627.501347804,-3515446.0180463954,-3515259.3741239836,-3515067.738470738,-3514871.308209625,-3514670.3139827265,-3514465.026415878,-3514255.7640189244,-3514042.902814945,-3513826.888007961,-3513608.2479662816,-3513387.6106693028,-3513165.7224593093,-3512943.468333683,-3512721.8919270206,-3512502.2115230495,-3512285.8256059093,-3512074.2973239482,-3511869.3017122997,-3511672.5131660826,-3511485.4054778623,-3511308.9364724597,-3511143.09244532,-3510986.2211858192,-3510833.6890712976,-3510673.7998560597,-3510475.8855098644,0.0
24.75,-3409936.950558414,-3410064.542722548,-3410192.154724972,-3410319.7672614437,-3410447.3605214,-3410574.914176295,-3410702.4073676635,-3410829.8186948732,-3410957.126202587,-3411084.307367917,-3411211.33908725,-3411338.1976627544,-3411464.858788546,-3411591.297536506,-3411717.488341748,-3411843.4049877166,-3411969.020590906,-3412094.3075851984,-3412219.237705791,-3412343.781972729,-3412467.910674004,-3412591.5933482233,-3412714.7987668277,-3412837.4949158556,-3412959.6489772224,-3413081.2273095245,-3413202.1954283253,-3413322.5179859353,-3413442.15875065,-3413561.0805854397,-3413679.2454260746,-3413796.614258658,-3413913.147096566,-3414028.802956752,-3414143.5398354274,-3414257.314683059,-3414370.083378704,-3414481.8007036247,-3414592.420314188,-3414701.894714005,-3414810.1752252965,-3414917.211959466,-3415022.9537868365,-3415127.348305538,-3415230.341809509,-3415331.8792555924,-3415431.9042296796,-3415530.358911887,-3415627.184040723,-3415722.3188762083,-3415815.7011619257,-3415907.2670859457,-3415996.951240605,-3416084.686581085,-3416170.40438275,-3416254.034197216,-3416335.5038070786,-3416414.7391792773,-3416491.664417022,-3416566.2017102595,-3416638.2712845956,-3416707.7913486385,-3416774.6780396886,-3416838.845367729,-3416900.205157642,-3416958.666989576,-3417014.138137425,-3417066.523505302,-3417115.7255619727,-3417161.64427314,-3417204.177031505,-3417243.218584523,-3417278.6609597513,-3417310.3933877014,-3417338.302222089,-3417362.270857377,-3417382.1796435006,-3417397.9057976613,-3417409.323313054,-3417416.302864419,-3417418.7117102584,-3417416.413591596,-3417409.268627111,-3417397.133204495,-3417379.859867872,-3417357.297201074,-3417329.2897066246,-3417295.677680187,-3417256.2970803035,-3417210.979393167,-3417159.5514922077,-3417101.8354922244,-3417037.648597798,-3416966.8029456795,-3416889.105440857,-3416804.357585945,-3416712.355303555,-3416612.888751245,-3416505.7421286283,-3416390.693476184,-3416267.514465292,-3416135.970178941,-3415995.818882527,-3415846.811784124,-3415688.6927835094,-3415521.1982092094,-3415344.0565427053,-3415156.9881288987,-3414959.7048718147,-3414751.9099144377,-3414533.297301421,-3414303.5516233137,-3414062.347640772,-3413809.3498870526,-3413544.2122468934,-3413266.5775096538,-3412976.0768943443,-3412672.329543877,-3412354.9419855378,-3412023.507554306,-3411677.6057752334,-3411316.801700568,-3410940.6451967913,-3410548.6701760674,-3410140.393765881,-3409715.315409802,-3409272.915891354,-3408812.6562718484,-3408333.9767318205,-3407836.2953041773,-3407319.00648559,-3406781.4797106627,-3406223.0576712457,-3405643.0544606936,-3405040.7535199546,-3404415.405358951,-3403766.22502285,-3403092.389268251,-3402393.0334091135,-3401667.247786172,-3400914.07380654,-3400132.4994920506,-3399321.4544653487,-3398479.804291695,-3397606.3440814656,-3396699.7912432845,-3395758.7772599035,-3394781.8383381926,-3393767.4047600655,-3392713.788732142,-3391619.170497687,-3390481.5824334533,-3389298.8908053082,-3388068.77479802,-3386788.7023640205,-3385455.9023505272,-3384067.332260199,-3382619.64087273,-3381109.1247970015,-3379531.6778271156,-3377882.7317297417,-3376157.1867795098,-3374349.329963693,-3372452.738269536,-3370460.163810102,-3368363.3966860087,-3366153.100350199,-3363818.6127422764,-3361347.704450232,-3358726.2824462084,-3355938.0242531295,-3352963.922335225,-3349781.7114954363,-3346365.142271446,-3342683.049518151,-3338698.145716444,-3334365.440317654,-3329630.145528822,-3324424.8693498527,-3318665.8099568384,-3312247.541413048,-3305035.812448269,-3296857.5883447495,-3287487.491901896,-3276630.4642805224,-3263904.426090853,-3248844.8311375235,-3231035.4227302014,-3210872.933189154,-3193368.9029017882,0.0
24.5,-3320820.4308846877,-3320880.974722086,-3320941.1380838174,-3321000.898023076,-3321060.2310351427,-3321119.1130442554,-3321177.519390114,-3321235.424814031,-3321292.8034446836,-3321349.6287834905,-3321405.8736895663,-3321461.510364264,-3321516.510335285,-3321570.844440331,-3321624.482810302,-3321677.394852009,-3321729.5492303916,-3321780.9138502292,-3321831.4558373136,-3321881.141519079,-3321929.936404658,-3321977.805164362,-3322024.711608543,-3322070.618665835,-3322115.4883607347,-3322159.2817905177,-3322201.9591014553,-3322243.479464301,-3322283.8010490346,-3322322.880998834,-3322360.675403229,-3322397.139270438,-3322432.22649883,-3322465.8898474993,-3322498.0809058975,-3322528.7500625257,-3322557.846472596,-3322585.3180246935,-3322611.1113063307,-3322635.1715684063,-3322657.4426885005,-3322677.8671329594,-3322696.385917747,-3322712.9385679904,-3322727.4630761803,-3322739.8958589802,-3322750.1717125736,-3322758.2237665094,-3322763.9834359754,-3322767.3803724493,-3322768.3424126413,-3322766.7955256943,-3322762.663758539,-3322755.8691793527,-3322746.331819027,-3322733.9696105965,-3322718.698326499,-3322700.431513626,-3322679.0804260434,-3322654.5539552965,-3322626.7585582086,-3322595.5981820547,-3322560.9741870095,-3322522.7852657735,-3322480.927360222,-3322435.293574991,-3322385.7740878505,-3322332.256056746,-3322274.6235233424,-3322212.7573129563,-3322146.5349307004,-3322075.8304536864,-3322000.5144191203,-3321920.4537081122,-3321835.5114250206,-3321745.5467721345,-3321650.4149194965,-3321549.966869659,-3321444.049317142,-3321332.5045023765,-3321215.170059889,-3321091.878860466,-3320962.4588470487,-3320826.7328640623,-3320684.518479914,-3320535.6278023315,-3320379.8672862425,-3320217.0375338476,-3320046.933086542,-3319869.342208321,-3319684.0466602775,-3319490.821465781,-3319289.434665935,-3319079.647064833,-3318861.2119641686,-3318633.8748866883,-3318397.3732879744,-3318151.436256005,-3317895.784197915,-3317630.1285133394,-3317354.171253711,-3317067.604766817,-3316770.1113258936,-3316461.3627425237,-3316141.019962489,-3315808.732643769,-3315464.138715739,-3315106.8639186383,-3314736.521322255,-3314352.71082276,-3313955.0186165175,-3313543.0166496197,-3313116.2620418374,-3312674.2964835456,-3312216.645604103,-3311742.818310047,-3311252.306091333,-3310744.5822937046,-3310219.1013551466,-3309675.2980041783,-3309112.586417572,-3308530.359334848,-3307927.987126698,-3307304.816814172,-3306660.171035228,-3305993.3469548407,-3305303.6151145548,-3304590.2182169086,-3303852.3698396743,-3303089.2530743317,-3302300.019082593,-3301483.7855640454,-3300639.63512727,-3299766.613555801,-3298863.7279593586,-3297929.9447995387,-3296964.18777787,-3295965.3355725924,-3294932.219408793,-3293863.620444563,-3292758.2669535545,-3291614.831281783,-3290431.9265535795,-3289208.1030982737,-3287941.8445654646,-3286631.563692486,-3285275.597682947,-3283872.203149977,-3282419.5505719706,-3280915.7182023483,-3279358.6853680727,-3277746.325084662,-3276076.3959083725,-3274346.5329396063,-3272554.237886036,-3270696.8680904848,-3268771.6244287775,-3266775.537988787,-3264705.4554570536,-3262558.0231684134,-3260329.6698238105,-3258016.5879619075,-3255614.7143952604,-3253119.71001236,-3250526.939631899,-3247831.4530178374,-3245027.968784314,-3242110.863827462,-3239074.172246615,-3235911.5996516393,-3232616.561579262,-3229182.25888268,-3225601.809053747,-3221868.4614577545,-3217975.937901062,-3213918.9601214235,-3209694.0562707577,-3205300.7847660417,-3200743.584324507,-3196034.56540184,-3191197.71513833,-3186275.20512317,-3181336.7435479187,-3176493.0339172888,-3171913.7337557925,-3167846.603527456,-3164620.8723261,-3162577.273054217,-3161797.378642574,-3161719.1061124746,0.0
24.25,-3229978.4391012792,-3229974.05357193,-3229969.16137061,-3229963.743041433,-3229957.778693425,-3229951.247990863,-3229944.1301433593,-3229936.403895667,-3229928.0475171977,-3229919.0387912486,-3229909.3550039195,-3229898.9729327206,-3229887.8688348373,-3229876.018435081,-3229863.3969134516,-3229849.978892374,-3229835.738423529,-3229820.6489743004,-3229804.6834138236,-3229787.813998596,-3229770.012357666,-3229751.249477364,-3229731.495685548,-3229710.720635391,-3229688.8932886273,-3229665.981898301,-3229641.9539909493,-3229616.7763482253,-3229590.414987934,-3229562.8351444523,-3229534.001248513,-3229503.8769063307,-3229472.4248780385,-3229439.607055411,-3229405.384438853,-3229369.7171136,-3229332.564225136,-3229293.8839537674,-3229253.633488327,-3229211.7689989856,-3229168.245609115,-3229123.017366181,-3229076.0372116175,-3229027.2569496436,-3228976.6272149812,-3228924.0974394227,-3228869.615817212,-3228813.1292691776,-3228754.5834055743,-3228693.922487581,-3228631.0893873884,-3228566.025546827,-3228498.670934482,-3228428.964001204,-3228356.8416339844,-3228282.2391080917,-3228205.090037424,-3228125.326322987,-3228042.878099413,-3227957.6736794584,-3227869.6394963735,-3227778.700044056,-3227684.7778149163,-3227587.7932353145,-3227487.6645985125,-3227384.307994993,-3227277.637240065,-3227167.563798612,-3227053.996706881,-3226936.8424911685,-3226816.00508328,-3226691.385732622,-3226562.882914769,-3226430.3922363715,-3226293.806336229,-3226153.0147823794,-3226007.9039650084,-3225858.356985022,-3225704.2535380824,-3225545.469793898,-3225381.878270602,-3225213.347703954,-3225039.7429111847,-3224860.924649226,-3224676.7494671056,-3224487.0695522353,-3224291.7325703483,-3224090.581498808,-3223883.4544530027,-3223670.1845055437,-3223450.5994979595,-3223224.521844574,-3222991.7683282425,-3222752.1498876135,-3222505.4713955713,-3222251.5314285075,-3221990.122026047,-3221721.028440867,-3221444.0288782166,-3221158.894224756,-3220865.3877663035,-3220563.264894118,-3220252.2727992847,-3219932.1501548123,-3219602.626785045,-3219263.42332199,-3218914.250848166,-3218554.8105256166,-3218184.7932107323,-3217803.8790545478,-3217411.737088248,-3217008.0247936174,-3216592.3876582594,-3216164.4587154663,-3215723.8580687074,-3215270.1924007954,-3214803.0544679402,-3214322.0225790283,-3213826.660060639,-3213316.514708545,-3212791.1182266665,-3212249.985654782,-3211692.614786602,-3211118.485580272,-3210527.0595638407,-3209917.7792387893,-3209290.0674854117,-3208643.3269746164,-3207976.9395916406,-3207290.2658782564,-3206582.6445013075,-3205853.3917569052,-3205101.801121344,-3204327.142861792,-3203528.663722238,-3202705.5867028628,-3201857.110954291,-3200982.411811923,-3200080.6409999365,-3199150.9270397197,-3198192.375903494,-3197204.071960882,-3196185.079274423,-3195134.443309584,-3194051.193136032,-3192934.3442100496,-3191782.9018432526,-3190595.865480717,-3189372.2339325314,-3188111.0117273065,-3186811.2167848214,-3185471.8896385008,-3184092.1044775955,-3182670.9823248005,-3181207.706718584,-3179701.5423321277,-3178151.8570338413,-3176558.147979635,-3174920.07242646,-3173237.484071946,-3171510.47585876,-3169739.4303367496,-3167925.078853264,-3166068.571044143,-3164171.5563254273,-3162236.279337684,-3160265.691565711,-3158263.581634258,-3156234.7270402955,-3154185.0702775326,-3152121.922353306,-3150054.1964377384,-3147992.6735472037,-3145950.300269005,-3143942.51474449,-3141987.5899950797,-3140106.970727083,-3138325.556855615,-3136671.8474996933,-3135177.7931468147,-3133878.098170744,-3132808.560487618,-3132002.842791788,-3131486.9387052674,-3131270.861340766,-3131338.567225789,-3131641.043839508,-3132101.8934696484,-3132628.7526938226,-3133042.2399438634,0.0
24.0,-3138226.1968592433,-3138158.8422138053,-3138091.0639606975,-3138022.851562484,-3137954.194296792,-3137885.081253844,-3137815.501333932,-3137745.443244867,-3137674.8954993715,-3137603.846412431,-3137532.2840985954,-3137460.1964692334,-3137387.571229732,-3137314.395876642,-3137240.6576947756,-3137166.343754228,-3137091.440907358,-3137015.935785692,-3136939.8147967616,-3136863.0641208845,-3136785.669707857,-3136707.6172735854,-3136628.892296626,-3136549.4800146585,-3136469.3654208547,-3136388.5332601797,-3136306.9680255824,-3136224.6539540947,-3136141.575022834,-3136057.7149448907,-3135973.057165111,-3135887.584855759,-3135801.2809120663,-3135714.1279476415,-3135626.1082897587,-3135537.203974503,-3135447.39674177,-3135356.66803012,-3135264.9989714636,-3135172.370385594,-3135078.7627745387,-3134984.156316729,-3134888.530860991,-3134791.865920326,-3134694.140665496,-3134595.3339183773,-3134495.4241451155,-3134394.389449016,-3134292.2075632014,-3134188.8558430136,-3134084.3112581386,-3133978.5503844577,-3133871.5493955947,-3133763.284054168,-3133653.729702706,-3133542.8612542427,-3133430.6531825466,-3133317.0795119973,-3133202.113807068,-3133085.7291614143,-3132967.898186537,-3132848.5930000246,-3132727.7852133163,-3132605.445919012,-3132481.5456776703,-3132356.0545040923,-3132228.9418530627,-3132100.1766045312,-3131969.727048196,-3131837.560867477,-3131703.645122845,-3131567.9462344884,-3131430.4299642653,-3131291.0613969504,-3131149.804920707,-3131006.6242067777,-3130861.482188346,-3130714.341038551,-3130565.162147599,-3130413.906098951,-3130260.532644553,-3130105.0006790496,-3129947.2682129666,-3129787.292344798,-3129625.0292319795,-3129460.434060691,-3129293.4610144445,-3129124.063241426,-3128952.192820536,-3128777.8007260887,-3128600.836791128,-3128421.2496693037,-3128238.98679529,-3128053.9943436715,-3127866.2171862763,-3127675.5988479205,-3127482.081460502,-3127285.6057154383,-3127086.110814401,-3126883.5344183315,-3126677.812594709,-3126468.879763077,-3126256.6686388114,-3126041.110175143,-3125822.13350347,-3125599.6658719787,-3125373.6325826524,-3125143.9569267253,-3124910.5601187036,-3124673.361229087,-3124432.2771159457,-3124187.222355595,-3123938.109172597,-3123684.847369434,-3123427.344256209,-3123165.5045808703,-3122899.230460464,-3122628.421314112,-3122352.9737984403,-3122072.7817464177,-3121787.736110631,-3121497.7249122746,-3121202.633197339,-3120902.343001687,-3120596.7333270637,-3120285.6801303537,-3119969.056328849,-3119646.731824676,-3119318.5735520953,-3118984.445551954,-3118644.209078287,-3118297.722742841,-3117944.8427042263,-3117585.4229094745,-3117219.3153970074,-3116846.3706714427,-3116466.43816234,-3116079.3667808417,-3115685.005590429,-3115283.204610482,-3114873.8157743346,-3114456.6940668277,-3114031.698870318,-3113598.695552538,-3113157.5573348757,-3112708.1674855705,-3112250.4218890625,-3111784.232050474,-3111309.528603039,-3110826.265396184,-3110334.42425324,-3109834.020500298,-3109325.109381529,-3108807.7934914907,-3108282.23137109,-3107748.647430787,-3107207.3433815255,-3106658.711369708,-3106103.2490255097,-3105541.5766413724,-3104974.4566956507,-3104402.8159192237,-3103827.770062078,-3103250.65144019,-3102673.0392131107,-3102096.792135289,-3101524.083205285,-3100957.435160351,-3100399.7550668167,-3099854.3652578713,-3099325.026466678,-3098815.947073803,-3098331.769808129,-3097877.5239163586,-3097458.526767049,-3097080.2143756635,-3096747.876304584,-3096466.2687979923,-3096239.0848002485,-3096068.2776612677,-3095953.2776480145,-3095890.219895105,-3095871.425218607,-3095885.513442397,-3095918.568335892,-3095956.477224221,-3095987.779534991,-3096005.801819128,-3096010.233462061,-3096007.6443502195,0.0
23.75,-3046472.828986659,-3046342.2092918255,-3046211.3205507714,-3046080.163094128,-3045948.737344421,-3045817.043821218,-3045685.083146495,-3045552.8560502008,-3045420.3633760572,-3045287.6060875766,-3045154.5852743285,-3045021.30215844,-3044887.7581013623,-3044753.954610892,-3044619.8933484787,-3044485.576136803,-3044351.004967658,-3044216.182010135,-3044081.1096191257,-3043945.7903441507,-3043810.226938531,-3043674.4223689116,-3043538.3798251566,-3043402.102730615,-3043265.594752791,-3043128.859814419,-3042991.9021049635,-3042854.72609256,-3042717.336536419,-3042579.738499696,-3042441.9373628628,-3042303.938837594,-3042165.7489811713,-3042027.3742114594,-3041888.8213224458,-3041750.0975003713,-3041611.2103405045,-3041472.167864533,-3041332.978538645,-3041193.6512922943,-3041054.195537704,-3040914.6211901116,-3040774.938688803,-3040635.1590189617,-3040495.293734367,-3040355.354980975,-3040215.35552142,-3040075.308760466,-3039935.228771467,-3039795.1303238515,-3039655.0289116995,-3039514.940783431,-3039374.882972682,-3039234.8733303947,-3039094.9305581823,-3038955.074243018,-3038815.324893319,-3038675.703976461,-3038536.233957805,-3038396.9383412953,-3038257.841711693,-3038118.969778514,-3037980.3494217647,-3037842.0087395217,-3037703.9770974712,-3037566.285180466,-3037428.965046207,-3037292.0501811346,-3037155.575558638,-3037019.577699671,-3036884.094735893,-3036749.16647545,-3036614.834471507,-3036481.1420936617,-3036348.1346023655,-3036215.8592264946,-3036084.3652442093,-3035953.7040672516,-3035823.929328847,-3035695.096975354,-3035567.265361864,-3035440.4953519087,-3035314.850421463,-3035190.3967674733,-3035067.2034210614,-3034945.3423656924,-3034824.888660458,-3034705.920568778,-3034588.5196927222,-3034472.771113231,-3034358.763536506,-3034246.58944684,-3034136.3452661913,-3034028.131520803,-3033922.0530151846,-3033818.219013786,-3033716.7434307095,-3033617.7450278113,-3033521.3476215666,-3033427.680299065,-3033336.8776435466,-3033249.079969862,-3033164.4335702816,-3033083.090971069,-3033005.2112002526,-3032930.960067019,-3032860.5104531823,-3032794.04261715,-3032731.7445108257,-3032673.8121098815,-3032620.449757799,-3032571.8705240856,-3032528.2965770187,-3032489.9595712544,-3032457.1010505804,-3032429.9728660295,-3032408.837609494,-3032393.9690628946,-3032385.652662827,-3032384.1859804746,-3032389.879216387,-3032403.055709547,-3032424.052459842,-3032453.2206627983,-3032490.9262550473,-3032537.5504685575,-3032593.4903911566,-3032659.1595302504,-3032734.9883758924,-3032821.4249585313,-3032918.9353956887,-3033028.004420646,-3033149.1358847558,-3033282.8532233015,-3033429.699872849,-3033590.2396256323,-3033765.056903778,-3033954.7569328346,-3034159.965790276,-3034381.330300011,-3034619.5177386436,-3034875.2153128707,-3035149.1293599913,-3035441.98421479,-3035754.520675779,-3036087.4939917712,-3036441.671275624,-3036817.828235468,-3037216.7450944004,-3037639.2015470313,-3038085.9705750076,-3038557.8109130827,-3039055.457922002,-3039579.6125838202,-3040130.9282887415,-3040709.995029749,-3041317.3205620274,-3041953.3080184516,-3042618.229401101,-3043312.194293445,-3044035.1130617256,-3044786.653742359,-3045566.1917537507,-3046372.7515391824,-3047204.93926313,-3048060.86577768,-3048938.0592942014,-3049833.367605017,-3050742.8503956785,-3051661.663305563,-3052583.9371191044,-3053502.6580536063,-3054409.558879132,-3055295.0359623535,-3056148.1147120153,-3056956.4957005857,-3057706.7260180777,-3058384.5544141927,-3058975.5418453966,-3059466.0046574245,-3059844.352110997,-3060102.8175012753,-3060239.429999579,-3060259.7774647744,-3060177.649757797,-3060013.2381372415,-3059788.1775010233,-3059520.9174271435,-3059237.1645056475,-3059026.2483515227,0.0
23.5,-2955778.1324927593,-2955581.8232059428,-2955385.3076182483,-2955188.5950180544,-2954991.6949816383,-2954794.617382738,-2954597.3724024673,-2954399.970539576,-2954202.4226210727,-2954004.739813228,-2953806.933632966,-2953609.0159596596,-2953410.9990473473,-2953212.8955373885,-2953014.7184715685,-2952816.4813056616,-2952618.1979235043,-2952419.882651546,-2952221.550273941,-2952023.216048168,-2951824.895721233,-2951626.605546432,-2951428.362300735,-2951230.183302799,-2951032.086431623,-2950834.0901458957,-2950636.2135040304,-2950438.4761849446,-2950240.8985095867,-2950043.5014632638,-2949846.3067187676,-2949649.3366603754,-2949452.6144087077,-2949256.1638465244,-2949060.0096454644,-2948864.1772937668,-2948668.6931250477,-2948473.584348116,-2948278.8790779226,-2948084.6063676625,-2947890.7962420685,-2947697.4797319723,-2947504.688910153,-2947312.4569285493,-2947120.81805687,-2946929.807722678,-2946739.4625529964,-2946549.8204174996,-2946360.920473361,-2946172.8032118166,-2945985.510506522,-2945799.0856637773,-2945613.573474687,-2945429.020269356,-2945245.473973183,-2945062.9841653565,-2944881.602139645,-2944701.3809675644,-2944522.3755640415,-2944344.6427556723,-2944168.2413516757,-2943993.2322176895,-2943819.6783524794,-2943647.644967748,-2943477.1995711285,-2943308.4120525285,-2943141.3547739587,-2942976.102663006,-2942812.733310108,-2942651.3270697906,-2942491.9671660624,-2942334.73980212,-2942179.734274589,-2942027.0430924813,-2941876.762101083,-2941728.9906110046,-2941583.8315326087,-2941441.3915160773,-2941301.7810973567,-2941165.1148502543,-2941031.511544969,-2940901.09431334,-2940773.9908211343,-2940650.333447671,-2940530.2594731534,-2940413.9112740206,-2940301.4365267223,-2940192.988420295,-2940088.7258781237,-2939988.8137893416,-2939893.4232502994,-2939802.7318165647,-2939716.9237659406,-2939636.190373024,-2939560.730195806,-2939490.7493749084,-2939426.461946001,-2939368.090166029,-2939315.8648538687,-2939270.0257460894,-2939230.821868483,-2939198.511924098,-2939173.3646985223,-2939155.659483172,-2939145.6865174156,-2939143.747450332,-2939150.1558230175,-2939165.237572275,-2939189.331556652,-2939222.7901057545,-2939265.9795938097,-2939319.2810384855,-2939383.0907259732,-2939457.8208633717,-2939543.900259422,-2939641.77503464,-2939751.9093619077,-2939874.7862385656,-2940010.90829103,-2940160.7986129313,-2940325.001637738,-2940504.0840467406,-2940698.63571321,-2940909.270683437,-2941136.628195224,-2941381.3737342223,-2941644.200128318,-2941925.828680022,-2942227.0103364955,-2942548.526896498,-2942891.1922530937,-2943255.85367045,-2943643.3930924097,-2944054.728479837,-2944490.8151728096,-2944952.6472727773,-2945441.259038574,-2945957.7262887596,-2946503.1678011785,-2947078.7466986403,-2947685.6718074246,-2948325.198972681,-2948998.6323117255,-2949707.325382675,-2950452.6822416736,-2951236.1583570903,-2952059.261343348,-2952923.55147035,-2953830.6418966013,-2954782.198564788,-2955779.939687685,-2956825.6347390874,-2957921.102848899,-2959068.210482662,-2960268.8682629615,-2961525.026762121,-2962838.6710609747,-2964211.813825045,-2965646.4865945065,-2967144.7289136783,-2968708.574834018,-2970340.036203724,-2972041.0819959114,-2973813.6127100186,-2975659.428584944,-2977580.189955092,-2979577.367515922,-2981652.1794781582,-2983805.5114867245,-2986037.8136310815,-2988348.966696367,-2990738.106751389,-2993203.392909656,-2995741.6972127967,-2998348.1875778977,-3001015.76413635,-3003734.295831717,-3006489.5884312713,-3009261.9999387297,-3012024.6128989253,-3014740.895730383,-3017361.885526234,-3019823.2137378217,-3022043.0184535827,-3023923.4414852364,-3025361.8014199906,-3026282.8127012365,-3026703.185450091,-3026796.417723467,-3026799.9998311177,0.0
23.25,-2867390.5211699815,-2867126.817999025,-2866862.7452975414,-2866598.316676689,-2866333.54609187,-2866068.447851587,-2865803.0366265643,-2865537.327459155,-2865271.3357730517,-2865005.0773833008,-2864738.5685066395,-2864471.825772156,-2864204.866232304,-2863937.7073742556,-2863670.367131639,-2863402.86389664,-2863135.2165325126,-2862867.444386483,-2862599.5673030983,-2862331.605637983,-2862063.5802720827,-2861795.5126263555,-2861527.4246769645,-2861259.3389709652,-2860991.278642536,-2860723.2674297304,-2860455.3296918077,-2860187.4904271443,-2859919.7752917535,-2859652.2106184256,-2859384.823436533,-2859117.641492502,-2858850.6932709822,-2858584.008016755,-2858317.615757388,-2858051.5473266705,-2857785.8343888675,-2857520.50946381,-2857255.605952857,-2856991.1581657697,-2856727.201348522,-2856463.771712088,-2856200.906462245,-2855938.643830415,-2855677.023105617,-2855416.084667534,-2855155.870020765,-2854896.4218302886,-2854637.7839582097,-2854380.001501796,-2854123.1208329084,-2853867.189638827,-2853612.256964559,-2853358.3732566847,-2853105.5904087704,-2852853.9618084603,-2852603.542386258,-2852354.3886661027,-2852106.5588177983,-2851860.1127113597,-2851615.11197336,-2851371.6200453625,-2851129.7022445016,-2850889.425826321,-2850650.8600499453,-2850414.076245665,-2850179.147885072,-2849946.1506537986,-2849715.162526997,-2849486.263847669,-2849259.5374079337,-2849035.068533389,-2848812.945170666,-2848593.2579783187,-2848376.100421179,-2848161.568868331,-2847949.7626948347,-2847740.7843873785,-2847534.739654002,-2847331.737538068,-2847131.8905366706,-2846935.314723645,-2846742.129877397,-2846552.4596137367,-2846366.431523947,-2846184.1773182955,-2846005.8329752325,-2845831.538896531,-2845661.440068603,-2845495.686230283,-2845334.4320473634,-2845177.8372941627,-2845026.067042465,-2844879.29185814,-2844737.688005817,-2844601.4376619468,-2844470.729136676,-2844345.75710491,-2844226.72284702,-2844113.8344996423,-2844007.307317052,-2843907.363943629,-2843814.2346979645,-2843728.157869182,-2843649.3800260955,-2843578.156339874,-2843514.750920899,-2843459.4371705907,-2843412.498149019,-2843374.226959156,-2843344.927148736,-2843324.9131307364,-2843314.510623601,-2843314.0571124004,-2843323.902332264,-2843344.4087755275,-2843375.9522241754,-2843418.922309337,-2843473.7230997765,-2843540.773721508,-2843620.509010941,-2843713.3802042194,-2843819.8556657396,-2843940.421659218,-2844075.5831650877,-2844225.8647485157,-2844391.81148291,-2844573.989934438,-2844772.9892138843,-2844989.4221030674,-2845223.9262641147,-2845477.1655411,-2845749.831365087,-2846042.64427521,-2846356.3555705454,-2846691.7491097786,-2847049.643278515,-2847430.8931472716,-2847836.392847075,-2848267.0781940524,-2848723.929599808,-2849207.9753105873,-2849720.2950257678,-2850262.0239549507,-2850834.3573834137,-2851438.555828009,-2852075.9508802984,-2852747.951851084,-2853456.0533512216,-2854201.8439681954,-2854987.0162272183,-2855813.378060576,-2856682.8660505502,-2857597.560761058,-2858559.7045326727,-2859571.7221870376,-2860636.2451723265,-2861756.139784423,-2862934.5402227594,-2864174.887389986,-2865480.9745271346,-2866857.0009981752,-2868307.635810289,-2869838.0927916095,-2871454.2197643104,-2873162.6045708577,-2874970.7014665864,-2876886.982225277,-2878921.117374779,-2881084.194367429,-2883388.981304833,-2885850.247227107,-2888485.153138893,-2891313.732126546,-2894359.4824102935,-2897650.104240725,-2901218.420267324,-2905103.528807911,-2909352.247974613,-2914020.908869001,-2919177.5291715083,-2924904.2946892465,-2931299.9634391544,-2938480.92140574,-2946577.118574797,-2955711.8359999005,-2965932.0245386455,-2976985.233176475,-2987627.189343638,-2994088.7827931843,0.0
23.0,-2782713.1090910314,-2782386.3225897783,-2782058.7135172226,-2781730.29436447,-2781401.077903138,-2781071.077189499,-2780740.3055686825,-2780408.7766789445,-2780076.504455992,-2779743.5031373794,-2779409.7872669734,-2779075.371699474,-2778740.271605016,-2778404.502473835,-2778068.080121012,-2777731.0206912803,-2777393.340663912,-2777055.0568576884,-2776716.18643594,-2776376.7469116603,-2776036.7561527174,-2775696.232387131,-2775355.1942084413,-2775013.660581164,-2774671.650846326,-2774329.184727094,-2773986.282334496,-2773642.96417322,-2773299.2511475235,-2772955.164567221,-2772610.726153777,-2772265.9580464824,-2771920.8828087477,-2771575.5234344727,-2771229.9033545298,-2770884.046443336,-2770537.9770255378,-2770191.7198827853,-2769845.3002606113,-2769498.743875408,-2769152.0769215156,-2768805.3260783916,-2768458.518517899,-2768111.681911678,-2767764.844438625,-2767418.034792456,-2767071.282189375,-2766724.6163758216,-2766378.0676363152,-2766031.666801371,-2765685.445255509,-2765339.434945322,-2764993.6683876286,-2764648.1786776707,-2764302.999497384,-2763958.1651236974,-2763613.7104368857,-2763269.670928942,-2762926.0827119653,-2762582.9825265585,-2762240.4077502107,-2761898.3964056587,-2761556.9871692043,-2761216.219378979,-2760876.133043112,-2760536.7688478185,-2760198.1681653503,-2759860.3730617883,-2759523.426304672,-2759187.371370405,-2758852.2524514208,-2758518.1144630625,-2758185.0030501555,-2757852.964593199,-2757522.046214161,-2757192.2957818112,-2756863.7619165396,-2756536.4939946076,-2756210.5421517594,-2755885.9572861413,-2755562.7910604463,-2755241.0959032057,-2754920.9250091477,-2754602.3323385394,-2754285.3726154054,-2753970.1013245285,-2753656.5747071197,-2753344.8497550464,-2753034.984203478,-2752727.0365218404,-2752421.06590291,-2752117.1322499206,-2751815.2961615007,-2751515.6189142833,-2751218.1624430045,-2750922.9893178847,-2750630.162719105,-2750339.746408152,-2750051.804695792,-2749766.4024064494,-2749483.604838718,-2749203.477721738,-2748926.0871671527,-2748651.4996163393,-2748379.7817826113,-2748111.0005880445,-2747845.2230945877,-2747582.5164291044,-2747322.9477019454,-2747066.5839186977,-2746813.491884659,-2746563.738101663,-2746317.388656797,-2746074.509102581,-2745835.16432817,-2745599.4184210966,-2745367.3345191455,-2745138.974651862,-2744914.3995712767,-2744693.668571397,-2744476.8392960695,-2744263.9675348015,-2744055.107006227,-2743850.30912889,-2743649.622779116,-2743453.094035829,-2743260.765912227,-2743072.6780743864,-2742888.8665469787,-2742709.3634064654,-2742534.196462315,-2742363.388927055,-2742196.959076167,-2742034.919899258,-2741877.278744167,-2741724.0369562004,-2741575.1895150673,-2741430.724672654,-2741290.6235953798,-2741154.860015474,-2741023.3998963237,-2740896.2011177493,-2740773.2131879646,-2740654.3769898675,-2740539.624570252,-2740428.878981474,-2740322.0541861006,-2740219.055035914,-2740119.7773374943,-2740024.108017186,-2739931.925398643,-2739843.099606125,-2739757.493106205,-2739674.9613993256,-2739595.353870617,-2739518.514806164,-2739444.2845764305,-2739372.50098236,-2739303.000751636,-2739235.6211622776,-2739170.201758148,-2739106.58610569,-2739044.6235235655,-2738984.170696888,-2738925.0930663026,-2738867.2658601264,-2738810.5746170776,-2738754.9150300813,-2738700.1919315094,-2738646.317241099,-2738593.2067139964,-2738540.7753627775,-2738488.931487438,-2738437.5693332404,-2738386.560505877,-2738335.744398827,-2738284.91801246,-2738233.825638885,-2738182.148900347,-2738129.4974731123,-2738075.400336572,-2738019.296234598,-2737960.519591757,-2737898.2731838273,-2737831.569096246,-2737759.0999089605,-2737678.9581726464,-2737587.9953067033,-2737480.0964423595,-2737339.479651621,0.0
22.75,-2703141.0667676628,-2702768.313587587,-2702394.0198279335,-2702018.192101487,-2701640.8371937415,-2701261.9620621,-2700881.573834909,-2700499.6798103163,-2700116.2874549613,-2699731.4044024604,-2699345.038451706,-2698957.197564948,-2698567.8898656676,-2698177.123636212,-2697784.907315208,-2697391.249494699,-2696996.158917053,-2696599.6444715722,-2696201.7151908334,-2695802.380246717,-2695401.648946137,-2694999.530726434,-2694596.0351504385,-2694191.1719011604,-2693784.950776129,-2693377.381681322,-2692968.4746247074,-2692558.239709343,-2692146.6871260465,-2691733.8271455937,-2691319.6701104343,-2690904.2264259,-2690487.506550895,-2690069.5209880113,-2689650.2802730934,-2689229.7949641794,-2688808.0756298257,-2688385.132836765,-2687960.977136884,-2687535.6190534686,-2687109.069066724,-2686681.3375984775,-2686252.4349960894,-2685822.3715154873,-2685391.1573033114,-2684958.8023781246,-2684525.316610634,-2684090.709702896,-2683654.9911664478,-2683218.1702993037,-2682780.256161801,-2682341.2575511956,-2681901.182974985,-2681460.0406228816,-2681017.8383373716,-2680574.583582813,-2680130.283412968,-2679684.9444369343,-2679238.5727833705,-2678791.174062943,-2678342.753328917,-2677893.3150357837,-2677442.862995847,-2676991.400333661,-2676538.929438198,-2676085.4519126783,-2675630.9685218898,-2675175.479136913,-2674718.9826771137,-2674261.4770492483,-2673802.959083554,-2673343.4244666714,-2672882.86767122,-2672421.281881874,-2671958.658917746,-2671494.9891508967,-2671030.261420758,-2670564.4629442664,-2670097.5792214726,-2669629.5939364,-2669160.4888528846,-2668690.2437051367,-2668218.8360827537,-2667746.2413098635,-2667272.432318099,-2666797.3795130523,-2666321.0506338817,-2665843.4106056644,-2665364.421384115,-2664884.0417922465,-2664402.227348524,-2663918.9300860395,-2663434.098362202,-2662947.67665842,-2662459.605369193,-2661969.8205800448,-2661478.2538336175,-2660984.8318832982,-2660489.4764336217,-2659992.103866715,-2659492.6249539526,-2658990.944551971,-2658486.9612821243,-2657980.567192399,-2657471.647400746,-2656960.079718729,-2656445.7342542782,-2655928.472992325,-2655408.1493519116,-2654884.607718371,-2654357.682948986,-2653827.1998504926,-2653292.9726266065,-2652754.8042936577,-2652212.4860622506,-2651665.7966827033,-2651114.5017518327,-2650558.3529784475,-2649997.087404687,-2649430.4265800957,-2648858.075684998,-2648279.7225994864,-2647695.0369138885,-2647103.668876244,-2646505.248271799,-2645899.3832290326,-2645285.658946095,-2644663.636330869,-2644032.8505470515,-2643392.8094577524,-2642742.991957041,-2642082.8461786765,-2641411.787569824,-2640729.196815956,-2640034.4176012264,-2639326.7541864146,-2638605.468783973,-2637869.778706711,-2637118.8532631625,-2636351.8103686045,-2635567.7128358586,-2634765.564304459,-2633944.3047600905,-2633102.8055884936,-2632239.8640988437,-2631354.197440836,-2630444.435826973,-2629509.114956443,-2628546.6675191512,-2627555.413637224,-2626533.5500761145,-2625479.1380273844,-2624390.089229323,-2623264.1501485934,-2622098.8838944514,-2620891.64947484,-2619639.577928424,-2618339.544775216,-2616988.1381169837,-2615581.621582016,-2614115.891140448,-2612586.4246078557,-2610988.2223947695,-2609315.737733784,-2607562.7942043887,-2605722.4878529375,-2603787.0705370973,-2601747.8102651536,-2599594.8231902556,-2597316.870478048,-2594901.111388045,-2592332.80145891,-2589594.921495355,-2586667.718918385,-2583528.1377522503,-2580149.106938494,-2576498.648913876,-2572538.7623552503,-2568224.0275705764,-2563499.8881314844,-2558300.5986065543,-2552546.9486821634,-2546144.21700899,-2538981.747258789,-2530938.1286039082,-2521903.349219079,-2511851.3939188533,-2501065.496743773,-2490815.278434372,-2484753.0113199092,0.0
22.5,-2629720.538831345,-2629338.553782029,-2628954.1640423215,-2628567.366575655,-2628178.1584314206,-2627786.5367427273,-2627392.498723947,-2626996.041668005,-2626597.162943421,-2626195.859991081,-2625792.1303207204,-2625385.971507119,-2624977.381185993,-2624566.357049547,-2624152.896841703,-2623736.998352968,-2623318.659414933,-2622897.877894384,-2622474.6516870093,-2622048.9787106803,-2621620.856898297,-2621190.2841901607,-2620757.258525872,-2620321.7778357207,-2619883.840031553,-2619443.442997086,-2619000.584577645,-2618555.262569312,-2618107.474707438,-2617657.2186545185,-2617204.491987371,-2616749.2921836204,-2616291.6166074406,-2615831.46249452,-2615368.8269362357,-2614903.7068629796,-2614436.099026626,-2613965.9999820804,-2613493.406067889,-2613018.313385863,-2612540.7177796746,-2612060.614812391,-2611577.9997428884,-2611092.8675011164,-2610605.2126621557,-2610115.029419019,-2609622.3115541507,-2609127.0524095725,-2608629.2448556027,-2608128.8812581226,-2607625.9534443086,-2607120.452666759,-2606612.3695659963,-2606101.6941312174,-2605588.415659279,-2605072.5227118055,-2604554.00307037,-2604032.8436896605,-2603509.030648554,-2602982.549099013,-2602453.383212722,-2601921.5161253675,-2601386.9298784817,-2600849.6053587296,-2600309.522234563,-2599766.658890122,-2599220.9923562817,-2598672.4982387167,-2598121.1506428947,-2597566.922095837,-2597009.7834645556,-2596449.703871007,-2595886.650603437,-2595320.589023966,-2594751.482472277,-2594179.292165221,-2593603.977092218,-2593025.493906239,-2592443.796810226,-2591858.837438743,-2591270.5647346782,-2590678.924820777,-2590083.8608658235,-2589485.312945212,-2588883.217895713,-2588277.509164168,-2587668.1166498703,-2587054.966540367,-2586437.9811403994,-2585817.0786937037,-2585192.1731973495,-2584563.17420831,-2583929.9866419276,-2583292.510561924,-2582650.6409615735,-2582004.267535673,-2581353.2744428865,-2580697.5400580354,-2580036.936713897,-2579371.330432026,-2578700.580642102,-2578024.539889287,-2577343.0535290297,-2576655.959408742,-2575963.0875357315,-2575264.2597307423,-2574559.2892664294,-2573847.9804900396,-2573130.1284295493,-2572405.51838245,-2571673.9254863546,-2570935.114270518,-2570188.838187342,-2569434.839122883,-2568672.846885297,-2567902.578670149,-2567123.738501403,-2566336.0166468783,-2565539.0890068915,-2564732.6164747193,-2563916.244267446,-2563089.601225726,-2562252.2990808496,-2561403.931687492,-2560544.074220403,-2559672.282333233,-2558788.0912776305,-2557891.0149806477,-2556980.5450784406,-2556056.1499042087,-2555117.2734282296,-2554163.3341478743,-2553193.72392544,-2552207.80677169,-2551204.9175730585,-2550184.360760604,-2549145.408919001,-2548087.301334157,-2547009.2424784643,-2545910.4004332763,-2544789.905249,-2543646.8472442287,-2542480.2752467473,-2541289.1947810566,-2540072.5662094573,-2538829.3028367953,-2537558.2689929814,-2536258.2781125256,-2534928.0908369585,-2533566.4131744937,-2532171.894762229,-2530743.1272901613,-2529278.6431642775,-2527776.9145090715,-2526236.352639456,-2524655.3081702054,-2523032.0719801253,-2521364.8773116115,-2519651.903368115,-2517891.280878344,-2516081.1002340224,-2514219.4229879705,-2512304.2977344473,-2510333.7817021273,-2508305.9697958683,-2506219.033359029,-2504071.2716371953,-2501861.179865714,-2499587.53915639,-2497249.5350288088,-2494846.9136585733,-2492380.187879573,-2489850.908907267,-2487262.024911804,-2484618.3542345455,-2481927.209378107,-2479199.2177050035,-2476449.394836843,-2473698.533359574,-2470974.963151543,-2468316.6979917847,-2465773.854949418,-2463410.906204903,-2461307.5636378243,-2459555.4697304396,-2458244.814598754,-2457431.1076870915,-2457076.0711643016,-2457002.5402051085,-2457000.000119175,0.0
22.25,-2562601.6926710852,-2562271.527482617,-2561938.171321792,-2561601.6083820523,-2561261.822865702,-2560918.798984312,-2560572.520959043,-2560222.9730208865,-2559870.139410802,-2559514.0043797726,-2559154.552188733,-2558791.7671084036,-2558425.6334189884,-2558056.135409758,-2557683.257378489,-2557306.9836307582,-2556927.2984790895,-2556544.18624193,-2556157.6312424624,-2555767.6178072314,-2555374.1302645765,-2554977.152942865,-2554576.6701685134,-2554172.66626377,-2553765.1255442756,-2553354.032316371,-2552939.370874124,-2552521.125496105,-2552099.280441848,-2551673.8199480264,-2551244.728224284,-2550811.9894487555,-2550375.587763209,-2549935.5072678374,-2549491.7320156526,-2549044.2460064753,-2548593.0331804976,-2548138.077411418,-2547679.3624990867,-2547216.8721616906,-2546750.590027422,-2546280.499625619,-2545806.584377369,-2545328.827585522,-2544847.2124241283,-2544361.7219272377,-2543872.338977074,-2543379.046291516,-2542881.82641091,-2542380.661684134,-2541875.534253939,-2541366.4260414843,-2540853.3187301015,-2540336.193748195,-2539815.032251304,-2539289.8151032664,-2538760.5228564553,-2538227.135731083,-2537689.633593511,-2537147.99593357,-2536602.2018408165,-2536052.2299797544,-2535498.058563935,-2534939.665328946,-2534377.027504246,-2533810.1217838177,-2533238.9242956163,-2532663.410569786,-2532083.555505619,-2531499.3333372385,-2530910.717597984,-2530317.681083465,-2529720.1958133033,-2529118.2329914956,-2528511.762965444,-2527900.755183589,-2527285.178151696,-2526664.9993877388,-2526040.185375436,-2525410.701516412,-2524776.512081014,-2524137.5801577973,-2523493.8676017183,-2522845.33498105,-2522191.9415230877,-2521533.645058663,-2520870.4019655637,-2520202.1671108953,-2519528.893792494,-2518850.533679468,-2518167.036751981,-2517478.3512404026,-2516784.423563957,-2516085.198269029,-2515380.6179672987,-2514670.623273898,-2513955.152745808,-2513234.1428207187,-2512507.52775664,-2511775.239572526,-2511037.2079902454,-2510293.360378258,-2509543.6216973527,-2508787.914448903,-2508026.158626075,-2507258.2716685063,-2506484.1684210068,-2505703.7610968784,-2504916.959246525,-2504123.6697320594,-2503323.796708704,-2502517.241613844,-2501703.9031646685,-2500883.677365427,-2500056.4575254493,-2499222.1342891264,-2498380.5956792324,-2497531.7271550847,-2496675.4116871515,-2495811.529849938,-2494939.959935148,-2494060.5780873224,-2493173.2584644104,-2492277.8734260276,-2491374.293752413,-2490462.388897517,-2489542.0272800345,-2488613.07661667,-2487675.4043024695,-2486728.8778437027,-2485773.365349457,-2484808.7360889935,-2483834.861122839,-2482851.6140167504,-2481858.871648929,-2480856.51512244,-2479844.430796457,-2478822.511452027,-2477790.6576103587,-2476748.77902434,-2475696.796367135,-2474634.6431453032,-2473562.26786805,-2472479.636509021,-2471386.7353025554,-2470283.573922615,-2469170.189099828,-2468046.6487402855,-2466913.0566190192,-2465769.557731576,-2464616.3443987994,-2463453.663232943,-2462281.82308749,-2461101.204128452,-2459912.2681812253,-2458715.5705239153,-2457511.773314531,-2456301.6608547014,-2455086.1569046057,-2453866.3442703118,-2452643.4868817367,-2451419.054561677,-2450194.750645989,-2448972.542540839,-2447754.6951793367,-2446543.807144686,-2445342.848929029,-2444155.202353507,-2442984.699525972,-2441835.6587771913,-2440712.9136851104,-2439621.829427095,-2438568.2981123663,-2437558.7012307127,-2436599.8226982206,-2435698.690057476,-2434862.3143506483,-2434097.2918915,-2433409.2260715393,-2432801.9301883667,-2432276.3951110337,-2431829.571271017,-2431453.161241559,-2431132.8968438474,-2430849.2061649277,-2430580.6329247225,-2430311.3872662885,-2430043.557491621,-2429814.3149621664,-2429705.0233735647,0.0
22.0,-2500309.7247418356,-2500116.0730574243,-2499918.8664274327,-2499718.074624639,-2499513.6672797445,-2499305.613884475,-2499093.883794881,-2498878.4462347776,-2498659.270299388,-2498436.324959155,-2498209.5790637457,-2497979.0013462557,-2497744.5604276066,-2497506.224821163,-2497263.962937554,-2497017.7430897243,-2496767.5334982155,-2496513.302296673,-2496255.017537616,-2495992.647198443,-2495726.1591877025,-2495455.5213516387,-2495180.701481008,-2494901.6673181816,-2494618.386564543,-2494330.826888196,-2494038.9559319746,-2493742.7413217896,-2493442.1506752963,-2493137.1516109193,-2492827.711757222,-2492513.798762647,-2492195.3803056306,-2491872.424105115,-2491544.89793145,-2491212.7696177196,-2490876.007071487,-2490534.578286989,-2490188.4513577768,-2489837.59448983,-2489481.9760151515,-2489121.5644058655,-2488756.328288826,-2488386.2364607584,-2488011.257903946,-2487631.361802495,-2487246.517559163,-2486856.69481281,-2486461.863456465,-2486061.993656034,-2485657.055869685,-2485247.0208679065,-2484831.859754288,-2484411.5439870353,-2483986.04540125,-2483555.3362319884,-2483119.389138154,-2482678.177227225,-2482231.674080864,-2481779.853781441,-2481322.6909395037,-2480860.1607222212,-2480392.2388828686,-2479918.9017913523,-2479440.126465855,-2478955.8906056294,-2478466.1726249894,-2477970.9516885583,-2477470.2077478208,-2476963.9215790443,-2476452.0748226284,-2475934.650023951,-2475411.630675779,-2474883.0012623305,-2474348.747305056,-2473808.85541024,-2473263.313318513,-2472712.1099563595,-2472155.2354897717,-2471592.6813801182,-2471024.440442385,-2470450.5069059185,-2469870.8764778106,-2469285.54640909,-2468694.5155638945,-2468097.784491796,-2467495.35550349,-2466887.232750061,-2466273.422306051,-2465653.932256597,-2465028.7727888837,-2464397.956288243,-2463761.4974391814,-2463119.4133316968,-2462471.7235732703,-2461818.4504069025,-2461159.6188356588,-2460495.2567541865,-2459825.3950877003,-2459150.067939006,-2458469.3127441383,-2457783.170437274,-2457091.685625593,-2456394.9067748436,-2455692.8864064254,-2454985.681306846,-2454273.352750495,-2453555.966736733,-2452833.594242389,-2452106.311490818,-2451374.200238772,-2450637.3480824153,-2449895.8487839173,-2449149.8026201436,-2448399.316755092,-2447644.5056377887,-2446885.4914275017,-2446122.404448235,-2445355.383674562,-2444584.5772509915,-2443810.143047178,-2443032.2492513685,-2442251.0750046195,-2441466.8110784083,-2440679.6605983353,-2439889.839816715,-2439097.5789368902,-2438303.12299215,-2437506.732782124,-2436708.68586949,-2435909.2776397383,-2435108.822426604,-2434307.6547055366,-2433506.130357265,-2432704.628003106,-2431903.55041309,-2431103.325987268,-2430304.410309642,-2429507.287773028,-2428712.4732717276,-2427920.513957128,-2427131.9910492008,-2426347.521694246,-2425567.7608560147,-2424793.403223512,-2424025.1851141024,-2423263.8863449334,-2422510.332038987,-2421765.3943240196,-2421029.993873032,-2420305.1012235377,-2419591.7377992757,-2418890.9765420323,-2418203.9420422986,-2417531.810035317,-2416875.806103189,-2416237.203393707,-2415617.319132076,-2415017.509662475,-2414439.1637124703,-2413883.6935249926,-2413352.523450942,-2412847.075542556,-2412368.751636735,-2411918.911374483,-2411498.8455760158,-2411109.744394385,-2410752.659723093,-2410428.4614631473,-2410137.7875015577,-2409880.987669379,-2409658.0626027137,-2409468.5994100603,-2409311.707450912,-2409185.959443613,-2409089.3455888727,-2409019.251335341,-2408972.472467832,-2408945.2835007324,-2408933.5752156745,-2408933.071806103,-2408939.6238334863,-2408949.5473817345,-2408959.945877578,-2408968.9273430067,-2408975.6516592097,-2408980.2234698124,-2408983.481274077,-2408986.5808908194,-2408990.5119791613,0.0
21.75,-2438960.5924920444,-2439001.222536726,-2439038.792429516,-2439073.2607085877,-2439104.585495835,-2439132.724497158,-2439157.635002989,-2439179.2738890834,-2439197.597617587,-2439212.562238387,-2439224.123390767,-2439232.2363053868,-2439236.8558065887,-2439237.9363150606,-2439235.4318508646,-2439229.296036858,-2439219.482102509,-2439205.9428881514,-2439188.6308496725,-2439167.498063675,-2439142.4962331257,-2439113.57669351,-2439080.69041953,-2439043.788032357,-2439002.81980747,-2438957.7356831045,-2438908.48526934,-2438855.017857862,-2438797.282432411,-2438735.227679964,-2438668.802002681,-2438597.953530636,-2438522.6301353816,-2438442.77944437,-2438358.3488562857,-2438269.2855573017,-2438175.5365383215,-2438077.0486132368,-2437973.7684382508,-2437865.6425322955,-2437752.617298608,-2437634.639047502,-2437511.654020378,-2437383.6084150383,-2437250.4484123336,-2437112.1202042303,-2436968.570023313,-2436819.744173811,-2436665.589064188,-2436506.051241366,-2436341.077426644,-2436170.6145533635,-2435994.6098064105,-2435813.0106635937,-2435625.764938991,-2435432.820828329,-2435234.1269564563,-2435029.6324270084,-2434819.286874323,-2434603.040517691,-2434380.844218032,-2434152.6495370613,-2433918.4087990443,-2433678.0751552233,-2433431.6026510065,-2433178.946295997,-2432920.0621369695,-2432654.9073338793,-2432383.4402390006,-2432105.620479283,-2431821.409042035,-2431530.7683640253,-2431233.662424096,-2430930.056839403,-2430619.9189653723,-2430303.217999466,-2429979.925088886,-2429650.013442283,-2429313.458445598,-2428970.2377821235,-2428620.3315568906,-2428263.722425469,-2427900.3957272912,-2427530.33962359,-2427153.545240036,-2426770.0068141767,-2426379.7218477535,-2425982.6912639895,-2425578.9195699184,-2425168.415023838,-2424751.1898079556,-2424327.2602062854,-2423896.6467878637,-2423459.3745953282,-2423015.4733389122,-2422564.977595884,-2422107.927015464,-2421644.3665292454,-2421174.3465671153,-2420697.9232786964,-2420215.1587602813,-2419726.121287257,-2419230.885551976,-2418729.5329070473,-2418222.1516139763,-2417708.8370971093,-2417189.6922027976,-2416664.827463693,-2416134.3613680853,-2415598.420634177,-2415057.1404891666,-2414510.664953035,-2413959.147126891,-2413402.7494857386,-2412841.644175539,-2412276.0133144055,-2411706.049297805,-2411131.9551076125,-2410553.944624883,-2409972.2429462266,-2409387.086703639,-2408798.7243877053,-2408207.4166740654,-2407613.436753072,-2407017.0706625762,-2406418.617623795,-2405818.3903802354,-2405216.715539658,-2404613.9339190726,-2404010.400892754,-2403406.486743264,-2402802.577015422,-2402199.0728731216,-2401596.39145882,-2400994.9662553864,-2400395.247449852,-2399797.702298359,-2399202.815491357,-2398611.0895176237,-2398023.0450253203,-2397439.221177569,-2396860.1759993862,-2396286.4867118155,-2395718.750048059,-2395157.582545062,-2394603.6208024854,-2394057.5216991985,-2393519.9625553987,-2392991.6412261175,-2392473.276109348,-2391965.6060491647,-2391469.39011127,-2390985.407205215,-2390514.4555244595,-2390057.351772362,-2389614.9301395076,-2389188.0409955685,-2388777.549257515,-2388384.332395705,-2388009.27804052,-2387653.281155072,-2387317.2407442047,-2387002.056076702,-2386708.6224057903,-2386437.8261819296,-2386190.5397598697,-2385967.6156063154,-2385769.880011331,-2385598.1262904615,-2385453.107429138,-2385335.5280601205,-2385246.035576196,-2385185.2100715525,-2385153.552706399,-2385151.4720729003,-2385179.2683508066,-2385237.1157282516,-2385325.045095824,-2385442.9318084633,-2385590.497445066,-2385767.33874637,-2385972.9963062187,-2386207.056497889,-2386469.2116248985,-2386759.024373588,-2387074.743017767,-2387409.685794911,-2387743.052852979,-2388020.359033161,-2388144.9390596324,0.0
21.5,-2371712.581507001,-2372073.699352896,-2372433.485566486,-2372791.899827715,-2373148.9011264797,-2373504.4477536404,-2373858.49729202,-2374211.006607412,-2374561.9318395955,-2374911.2283933708,-2375258.8509296156,-2375604.7533563864,-2375948.8888200596,-2376291.2096965276,-2376631.6675824663,-2376970.213286674,-2377306.7968215076,-2377641.3673944143,-2377973.8733995794,-2378304.2624097145,-2378632.4811679763,-2378958.4755800567,-2379282.1907064444,-2379603.5707548875,-2379922.559073062,-2380239.09814148,-2380553.1295666443,-2380864.594074489,-2381173.431504102,-2381479.5808017813,-2381782.980015433,-2382083.566289339,-2382381.2758593317,-2382676.044048386,-2382967.805262684,-2383256.492988159,-2383542.0397875686,-2383824.377298129,-2384103.436229738,-2384379.146363839,-2384651.436552952,-2384920.234720927,-2385185.4678639513,-2385447.062052363,-2385704.9424333214,-2385959.0332343746,-2386209.2577679846,-2386455.538437065,-2386697.796741578,-2386935.9532862618,-2387169.927789542,-2387399.6390936957,-2387625.005176336,-2387845.943163272,-2388062.3693428407,-2388274.199181768,-2388481.347342636,-2388683.7277030596,-2388881.25337661,-2389073.8367356313,-2389261.3894359902,-2389443.822443877,-2389621.046064746,-2389792.9699744955,-2389959.503252984,-2390120.5544200027,-2390276.03147379,-2390425.8419322157,-2390569.8928767433,-2390708.090999284,-2390840.3426520578,-2390966.553900602,-2391086.6305800225,-2391200.4783546315,-2391308.002781096,-2391409.1093752203,-2391503.7036824953,-2391591.6913525416,-2391672.9782175785,-2391747.4703750475,-2391815.074274513,-2391875.696808972,-2391929.245410691,-2391975.628151692,-2392014.753848996,-2392046.532174738,-2392070.8737712437,-2392087.6903711725,-2392096.8949227952,-2392098.4017204717,-2392092.126540398,-2392077.986781639,-2392055.9016124727,-2392025.7921220395,-2391987.581477267,-2391941.195085001,-2391886.56075926,-2391823.6088934825,-2391752.27263759,-2391672.488079664,-2391584.194431952,-2391487.334220905,-2391381.8534808294,-2391267.7019507303,-2391144.833273791,-2391013.2051988915,-2390872.7797834384,-2390723.523596718,-2390565.407922839,-2390398.408962228,-2390222.508030511,-2390037.691753459,-2389843.952256545,-2389641.287347457,-2389429.7006897926,-2389209.201965899,-2388979.807026692,-2388741.5380260097,-2388494.423536887,-2388238.498646869,-2387973.8050292255,-2387700.3909867285,-2387418.311464337,-2387127.6280269064,-2386828.4087977903,-2386520.728353923,-2386204.667572769,-2385880.3134262827,-2385547.758716877,-2385207.101750221,-2384858.4459396475,-2384501.899336927,-2384137.574084272,-2383765.585782646,-2383386.052771834,-2382999.095318268,-2382604.8347074054,-2382203.392238479,-2381794.888120855,-2381379.4402729636,-2380957.1630270174,-2380528.165745482,-2380092.5513586462,-2379650.4148367844,-2379201.8416153346,-2378746.905997455,-2378285.669565354,-2377818.179640044,-2377344.4678388773,-2376864.54879141,-2376378.419087178,-2375886.0565438126,-2375387.4199009193,-2374882.4490643507,-2374371.0660471707,-2373853.176777816,-2373328.6739728856,-2372797.4413018026,-2372259.3591033425,-2371714.311949933,-2371162.198394823,-2370602.943279918,-2370036.5130286166,-2369462.9343987065,-2368882.317225809,-2368294.8817484584,-2367700.9911717135,-2367101.190196509,-2366496.2503133253,-2365887.2227229956,-2365275.49978595,-2364662.885875959,-2364051.6783515527,-2363444.7589188884,-2362845.6946902,-2362258.8462902326,-2361689.476642965,-2361143.8472527512,-2360629.2767133354,-2360154.115521243,-2359727.5575365857,-2359359.157218305,-2359057.8545147483,-2358830.252222347,-2358677.9468708765,-2358594.1777461884,-2358561.5195595236,-2358554.9843973783,-2358554.19640974,-2358552.989788757,0.0
21.25,-2288922.2836498423,-2289640.3085701647,-2290359.971158404,-2291081.253795866,-2291804.1382017448,-2292528.6054164404,-2293254.635784474,-2293982.208936983,-2294711.3037737845,-2295441.8984450116,-2296173.970332285,-2296907.496029435,-2297642.4513227493,-2298378.8111707373,-2299116.5496834037,-2299855.640101009,-2300596.05477232,-2301337.765132326,-2302080.7416794095,-2302824.9539519656,-2303570.370504451,-2304316.958882852,-2305064.685599551,-2305813.516107594,-2306563.4147743247,-2307314.344854388,-2308066.268462071,-2308819.1465430013,-2309572.938845127,-2310327.603889035,-2311083.098937537,-2311839.3799645347,-2312596.401623139,-2313354.1172130387,-2314112.4786470816,-2314871.4364170735,-2315630.9395587742,-2316390.935616059,-2317151.3706042524,-2317912.1889725975,-2318673.333565863,-2319434.745585057,-2320196.364547235,-2320958.1282443996,-2321719.97270145,-2322481.8321331944,-2323243.63890039,-2324005.3234648043,-2324766.814343281,-2325528.0380608053,-2326288.9191025295,-2327049.3798647914,-2327809.340605063,-2328568.7193908556,-2329327.432047559,-2330085.3921052045,-2330842.510744143,-2331598.696739641,-2332353.8564053886,-2333107.8935359027,-2333860.7093478455,-2334612.2024202496,-2335362.268633652,-2336110.801108154,-2336857.6901404,-2337602.823139511,-2338346.084561969,-2339087.355845484,-2339826.5153418635,-2340563.43824892,-2341297.9965414475,-2342030.058901294,-2342759.4906466096,-2343486.153660279,-2344209.9063176396,-2344930.603413512,-2345648.0960886567,-2346362.2317557083,-2347072.854024701,-2347779.802628281,-2348482.9133467246,-2349182.0179328755,-2349876.9440371683,-2350567.515132857,-2351253.5504416465,-2351934.8648598944,-2352611.2688855836,-2353282.568546297,-2353948.5653284187,-2354609.0561078265,-2355263.8330823584,-2355912.683706354,-2356555.3906275937,-2357191.7316270024,-2357821.4795614895,-2358444.402310332,-2359060.26272556,-2359668.8185867914,-2360269.822561037,-2360863.0221680123,-2361448.159751525,-2362024.9724575556,-2362593.192219667,-2363152.5457524415,-2363702.7545536584,-2364243.5349159637,-2364774.5979488525,-2365295.6496117623,-2365806.3907591677,-2366306.517198547,-2366795.719762164,-2367273.684393585,-2367740.0922498875,-2368194.6198205245,-2368636.939063798,-2369066.7175618666,-2369483.6186951865,-2369887.3018372403,-2370277.4225703166,-2370653.6329229935,-2371015.5816298663,-2371362.914413862,-2371695.2742912634,-2372012.3018993116,-2372313.6358458824,-2372598.913080362,-2372867.769284314,-2373119.839279985,-2373354.757453925,-2373572.158192245,-2373771.676322964,-2373952.9475598144,-2374115.6089404807,-2374259.299250676,-2374383.6594236577,-2374488.3329026396,-2374572.965951153,-2374637.207893598,-2374680.7112650233,-2374703.131845572,-2374704.1285508233,-2374683.363144661,-2374640.499735983,-2374575.2040146836,-2374487.1421757713,-2374375.9794731876,-2374241.3783368804,-2374082.995977874,-2373900.4813965987,-2373693.4716994604,-2373461.587617753,-2373204.428111567,-2372921.5639294526,-2372612.5299825184,-2372276.816379552,-2371913.857957953,-2371523.022134114,-2371103.594886684,-2370654.76467724,-2370175.6041054763,-2369665.049090158,-2369121.8753625443,-2368544.6720549096,-2367931.812161899,-2367281.4196442193,-2366591.332929422,-2365859.064538734,-2365081.756527032,-2364256.1313610543,-2363378.437777877,-2362444.39107038,-2361449.107167662,-2360387.0298850685,-2359251.850955364,-2358036.4232056355,-2356732.669061173,-2355331.490477578,-2353822.6944109364,-2352194.9638927705,-2350435.93636964,-2348532.513936487,-2346471.657536556,-2344242.180401287,-2341838.6111920867,-2339269.387355118,-2336574.1797421183,-2333860.1691258242,-2331373.1440473916,-2329591.5429267506,-2329009.184181678,0.0
21.0,-2179520.448047553,-2180540.841238609,-2181566.4005713323,-2182597.1521719596,-2183633.122065807,-2184674.3361661616,-2185720.820262683,-2186772.6000093143,-2187829.7009116425,-2188892.14831374,-2189959.9673844143,-2191033.183102878,-2192111.8202437903,-2193195.9033616744,-2194285.456774643,-2195380.5045474456,-2196481.070473788,-2197587.1780578913,-2198698.850495272,-2199816.110652705,-2200938.981047333,-2202067.483824896,-2203201.64073703,-2204341.473117618,-2205487.0018581343,-2206638.247381951,-2207795.229617565,-2208957.9679706944,-2210126.4812952043,-2211300.7878628126,-2212480.9053315194,-2213666.850712722,-2214858.6403369443,-2216056.289818133,-2217259.8140164646,-2218469.2269995967,-2219684.5420022965,-2220905.771384389,-2222132.9265869553,-2223366.01808669,-2224605.0553483814,-2225850.0467753867,-2227100.9996580724,-2228357.9201200916,-2229620.813062444,-2230889.6821052027,-2232164.5295268316,-2233445.356200981,-2234732.1615306684,-2236024.9433797374,-2237323.6980014713,-2238628.4199642683,-2239939.10207424,-2241255.7352946172,-2242578.308661838,-2243906.809198178,-2245241.2218207857,-2246581.5292469817,-2247927.7118956745,-2249279.747784735,-2250637.6124241683,-2252001.278704929,-2253370.7167831915,-2254745.8939599157,-2256126.774555515,-2257513.3197794384,-2258905.4875944806,-2260303.23257561,-2261706.505763107,-2263115.25450981,-2264529.4223222462,-2265948.9486954077,-2267373.768940968,-2268803.8140086806,-2270239.010300727,-2271679.2794787674,-2273124.5382634387,-2274574.698226042,-2276029.665572162,-2277489.340916954,-2278953.6190518257,-2280422.3887022515,-2281895.5322764455,-2283372.925604614,-2284854.437668544,-2286339.930321221,-2287829.257996256,-2289322.2674068315,-2290818.79723393,-2292318.6778036184,-2293821.7307531396,-2295327.7686856235,-2296836.594813215,-2298348.0025884607,-2299861.7753238166,-2301377.685799165,-2302895.495857281,-2304414.955987232,-2305935.804895726,-2307457.7690665107,-2308980.5623079753,-2310503.8852891973,-2312027.425064748,-2313550.8545886865,-2315073.832218291,-2316596.001208184,-2318116.9891956653,-2319636.4076782493,-2321153.8514845483,-2322668.8982398943,-2324181.107828294,-2325690.0218525897,-2327195.1630949867,-2328696.034980426,-2330192.121045675,-2331682.8844173634,-2333167.767302705,-2334646.1904970994,-2336117.552913392,-2337581.2311381777,-2339036.579021233,-2340482.9273048923,-2341919.583301049,-2343345.83062436,-2344760.9289912647,-2346164.1140955123,-2347554.597572144,-2348931.567063174,-2350294.186399681,-2351641.595916583,-2352972.9129180913,-2354287.2323136358,-2355583.627446065,-2356861.1511359955,-2358118.836968407,-2359355.7008499503,-2360570.7428678195,-2361762.9494835855,-2362931.296097893,-2364074.750024437,-2365192.2739140685,-2366282.8296720767,-2367345.382913655,-2368378.9080040087,-2369382.3937303643,-2370354.849653071,-2371295.3131816606,-2372202.8574188626,-2373076.5998105993,-2373915.71163243,-2374719.428332013,-2375487.060732125,-2376218.0070786537,-2376911.7658916526,-2377567.9495436335,-2378186.298446559,-2378766.6956756385,-2379309.1817927863,-2379813.969553604,-2380281.45808814,-2380712.246036434,-2381107.1429956243,-2381467.1784980707,-2381793.607594058,-2382087.9119666875,-2382351.795373881,-2382587.172113833,-2382796.1471754955,-2382980.986805622,-2383144.078451613,-2383287.879489596,-2383414.854891586,-2383527.40509222,-2383627.78682844,-2383718.031630934,-2383799.8688271716,-2383874.662101213,-2383943.3703874615,-2384006.5445458535,-2384064.370283173,-2384116.764902829,-2384163.5310955015,-2384204.5658064303,-2384240.114692421,-2384271.043435514,-2384299.0453632493,-2384326.615140714,-2384356.637724765,-2384392.108088941,-2384438.3532295167,0.0
20.75,-2033837.234736549,-2034992.6492025752,-2036155.9248806273,-2037327.1349409004,-2038506.3533578592,-2039693.6549194467,-2040889.1152363112,-2042092.8107510586,-2043304.818747516,-2044525.2173599976,-2045754.085582576,-2046991.5032783335,-2048237.5511886019,-2049492.3109421765,-2050755.8650644864,-2052028.296986719,-2053309.6910548902,-2054600.1325388378,-2055899.7076411392,-2057208.503505921,-2058526.608227574,-2059854.1108593275,-2061191.1014216875,-2062537.67091072,-2063893.9113061507,-2065259.9155792715,-2066635.777700629,-2068021.592647476,-2069417.4564109582,-2070823.4660030194,-2072239.7194629875,-2073666.315863831,-2075103.3553180345,-2076550.9389830853,-2078009.1690665174,-2079478.1488304967,-2080957.982595896,-2082448.775745829,-2083950.634728594,-2085463.6670599973,-2086987.9813249938,-2088523.6871786034,-2090070.8953460515,-2091629.7176220764,-2093200.266869345,-2094782.657015908,-2096377.0030516463,-2097983.4210236203,-2099602.0280302507,-2101232.9422142673,-2102876.282754322,-2104532.1698551853,-2106200.724736451,-2107882.069619607,-2109576.327713419,-2111283.6231974666,-2113004.0812037583,-2114737.827796256,-2116484.9899482126,-2118245.6955171623,-2120020.073217412,-2121808.2525898884,-2123610.363969157,-2125426.538447442,-2127256.9078354575,-2129101.604619844,-2130960.7619169946,-2132834.5134230442,-2134722.993359787,-2136626.3364162543,-2138544.677685676,-2140478.1525975596,-2142426.8968445403,-2144391.0463037053,-2146370.736952029,-2148366.1047755433,-2150377.2856718614,-2152404.415345618,-2154447.6291963872,-2156507.0621986017,-2158582.848772955,-2160675.122648763,-2162784.0167166847,-2164909.6628712094,-2167052.1918422473,-2169211.733015116,-2171388.4142381977,-2173582.3616174534,-2175793.699296964,-2178022.5492245844,-2180269.0309017524,-2182533.2611164204,-2184815.353658016,-2187115.419013252,-2189433.564041552,-2191769.8916287352,-2194124.5003175414,-2196497.4839134836,-2198888.9310643864,-2201298.924811879,-2203727.54211299,-2206174.853329851,-2208640.921685412,-2211125.8026828817,-2213629.5434865095,-2216152.182261104,-2218693.7474675598,-2221254.257111449,-2223833.717941558,-2226432.124595023,-2229049.458685521,-2231685.6878307406,-2234340.7646150817,-2237014.6254833546,-2239707.18956089,-2242418.357395277,-2245148.0096146176,-2247896.00549692,-2250662.1814449355,-2253446.3493604534,-2256248.294911803,-2259067.7756879423,-2261904.5192323276,-2264758.2209494375,-2267628.5418766225,-2270515.1063137483,-2273417.4993030084,-2276335.2639511945,-2279267.8985867733,-2282214.853744318,-2285175.528969139,-2288149.2694355566,-2291135.3623729944,-2294133.0332952677,-2297141.4420298766,-2300159.678546176,-2303186.758583854,-2306221.6190864947,-2309263.113449223,-2312310.006594729,-2315360.9698986392,-2318414.5759933963,-2321469.2934900615,-2324523.4816699633,-2327575.3852135306,-2330623.1290524737,-2333664.713454424,-2336698.009477027,-2339720.7549623377,-2342730.5512831854,-2345724.8611025694,-2348701.007466337,-2351656.1746204807,-2354587.4110292178,-2357491.635170919,-2360365.644808408,-2363206.1305707004,-2366009.694847516,-2368772.8771880744,-2371492.18761341,-2374164.149496832,-2376785.353938126,-2379352.527847431,-2381862.618252233,-2384312.8956237957,-2386701.079251496,-2389025.4878181387,-2391285.2182591627,-2393480.355594244,-2395612.21551335,-2397683.6198154427,-2399699.2019734024,-2401665.735653018,-2403592.472343898,-2405491.4646600867,-2407377.838601622,-2409269.9605104923,-2411189.4222814795,-2413160.741614213,-2415210.6422322546,-2417366.7372743245,-2419655.366499171,-2422098.1660818714,-2424706.4922843664,-2427471.6429714393,-2430346.09464702,-2433205.7843495235,-2435779.1021681237,-2437566.5841919174,-2438117.5735197836,0.0
20.5,-1847388.4766505717,-1848421.4895503907,-1849462.6616694157,-1850512.0872065676,-1851569.8617606985,-1852636.0823584418,-1853710.8474827497,-1854794.2571021474,-1855886.4127007094,-1856987.4173087927,-1858097.3755345412,-1859216.393596186,-1860344.579355164,-1861482.042350077,-1862628.8938315283,-1863785.2467978369,-1864951.216031684,-1866126.9181377084,-1867312.4715810628,-1868507.9967269925,-1869713.6158814402,-1870929.4533327166,-1872155.6353942777,-1873392.29044863,-1874639.5489924015,-1875897.5436826234,-1877166.4093842444,-1878446.2832189342,-1879737.3046151972,-1881039.6153598547,-1882353.3596509243,-1883678.6841519554,-1885015.7380478499,-1886364.6731022329,-1887725.6437164068,-1889098.8069899546,-1890484.3227830324,-1891882.3537804147,-1893293.0655573483,-1894716.6266472654,-1896153.2086114304,-1897602.9861105713,-1899066.136978571,-1900542.8422982784,-1902033.286479514,-1903537.657339344,-1905056.1461846957,-1906588.947897392,-1908136.2610216942,-1909698.2878544189,-1911275.234537746,-1912867.3111547732,-1914474.731827938,-1916097.7148203945,-1917736.482640437,-1919391.2621490932,-1921062.2846709783,-1922749.7861085262,-1924454.0070597169,-1926175.1929394149,-1927913.5941044472,-1929669.4659825377,-1931443.0692052452,-1933234.6697450276,-1935044.5390565784,-1936872.9542225804,-1938720.1981040265,-1940586.5594952607,-1942472.3332838914,-1944377.820615758,-1946303.3290650926,-1948249.1728100758,-1950215.6728139354,-1952203.1570117967,-1954211.9605034455,-1956242.4257522058,-1958294.9027901187,-1960369.7494296234,-1962467.3314819285,-1964588.0229822865,-1966732.2064223671,-1968900.272989932,-1971092.6228160171,-1973309.6652298325,-1975551.8190215712,-1977819.5127133287,-1980113.1848383388,-1982433.2842286972,-1984780.270311772,-1987154.613415456,-1989556.7950824383,-1991987.308393617,-1994446.6583007972,-1996935.3619687688,-1999453.9491268336,-2002002.962429845,-2004582.957828747,-2007194.5049505965,-2009838.1874879673,-2012514.603597606,-2015224.366308118,-2017968.1039364072,-2020746.4605124814,-2023560.0962121421,-2026409.687796972,-2029295.9290608661,-2032219.5312822391,-2035181.2236808173,-2038181.75387777,-2041221.888357657,-2044302.412930438,-2047424.1331914729,-2050587.874977098,-2053794.4848129735,-2057044.830351952,-2060339.8007976927,-2063680.3073096876,-2067067.2833846696,-2070501.6852086445,-2073984.4919729005,-2077516.7061463583,-2081099.3536955274,-2084733.4842419806,-2088420.1711458515,-2092160.5115021137,-2095955.6260344898,-2099806.658869625,-2103714.7771715857,-2107681.17061387,-2111707.0506627155,-2115793.6496416824,-2119942.2195430147,-2124154.0305462005,-2128430.369198272,-2132772.536203571,-2137181.843762883,-2141659.612392784,-2146207.1671455274,-2150825.8331376757,-2155516.930281583,-2160281.767097473,-2165121.6334648817,-2170037.792150141,-2175031.4689208674,-2180103.8410285017,-2185256.023805039,-2190489.0550794243,-2195803.877071593,-2201201.3153667506,-2206682.054507819,-2212246.6096685273,-2217895.293781603,-2223628.1793940295,-2229445.0544020087,-2235345.3706798386,-2241328.1844567484,-2247392.0871111564,-2253535.1248406554,-2259754.7054261775,-2266047.4900398953,-2272409.2677497617,-2278834.8100546603,-2285317.702454104,-2291850.1497368314,-2298422.7514003725,-2305024.243450572,-2311641.2028761767,-2318257.711508369,-2324854.977008959,-2331410.9107732265,-2337899.666184497,-2344291.146834331,-2350550.5044117724,-2356637.6620361963,-2362506.9238861883,-2368106.7703447365,-2373379.995272768,-2378264.425303695,-2382694.576348482,-2386604.749305371,-2389934.222667675,-2392635.2832659595,-2394684.6319180178,-2396097.7246100134,-2396942.982353221,-2397347.579388105,-2397480.1598604093,-2397499.6034606327,-2397495.843017835,-2397489.729340921,0.0
20.25,-1624206.282335677,-1624846.6084028282,-1625492.2186168835,-1626143.182143262,-1626799.5692330154,-1627461.4512466006,-1628128.9006783536,-1628801.9911816933,-1629480.7975950863,-1630165.395968795,-1630855.8635924337,-1631552.2790233737,-1632254.722116013,-1632963.2740519587,-1633678.017371141,-1634399.036003899,-1635126.4153040776,-1635860.2420831684,-1636600.6046455328,-1637347.5928247513,-1638101.2980211428,-1638861.8132404878,-1639629.2331340166,-1640403.654039698,-1641185.1740248802,-1641973.8929303472,-1642769.9124158288,-1643573.3360070297,-1644384.2691442398,-1645202.8192325796,-1646029.0956939484,-1646863.2100207466,-1647705.2758314384,-1648555.4089280225,-1649413.7273555067,-1650280.3514634396,-1651155.4039696108,-1652039.010025984,-1652931.2972869708,-1653832.3959801362,-1654742.438979431,-1655661.5618810668,-1656589.9030821316,-1657527.6038620744,-1658474.8084671702,-1659431.66419809,-1660398.3215007284,-1661374.934060396,-1662361.6588995487,-1663358.6564792045,-1664366.0908041885,-1665384.1295324021,-1666412.9440882753,-1667452.7097805934,-1668503.605924901,-1669565.8159706711,-1670639.5276334814,-1671724.933032399,-1672822.2288328346,-1673931.6163951028,-1675053.301928966,-1676187.4966544304,-1677334.4169690984,-1678494.2846223821,-1679667.3268969054,-1680853.7767974494,-1682053.873247789,-1683267.8612958195,-1684495.9923273777,-1685738.5242891833,-1686995.7219213513,-1688267.8569999686,-1689555.2085902346,-1690858.063310692,-1692176.7156091484,-1693511.4680508557,-1694862.631619615,-1696230.526032469,-1697615.4800687071,-1699017.831913947,-1700437.9295201027,-1701876.1309820951,-1703332.804932238,-1704808.3309532504,-1706303.1000109464,-1707817.5149077112,-1709351.9907579222,-1710906.9554865826,-1712482.8503525078,-1714080.1304974726,-1715699.2655228688,-1717340.7400954848,-1719005.0545841588,-1720692.7257291605,-1722404.2873463111,-1724140.291067969,-1725901.307123177,-1727687.9251594394,-1729500.755108762,-1731340.4281008018,-1733207.5974261728,-1735102.9395532114,-1737027.1552017136,-1738980.9704774963,-1740965.138071868,-1742980.4385304716,-1745027.6815963069,-1747107.7076321202,-1749221.3891277933,-1751369.6322988272,-1753553.3787825385,-1755773.6074391427,-1758031.3362655274,-1760327.6244302064,-1762663.5744386883,-1765040.3344393366,-1767459.1006807138,-1769921.1201323995,-1772427.6932824221,-1774980.1771256612,-1777579.98835896,-1780228.6068002323,-1782927.5790505128,-1785678.5224198315,-1788483.1291398576,-1791343.1708886388,-1794260.5036553757,-1797237.0729760907,-1800274.9195743715,-1803376.1854450237,-1806543.1204226264,-1809778.089281639,-1813083.579419949,-1816462.2091836764,-1819916.7368977123,-1823450.0706740636,-1827065.2790786056,-1830765.6027465821,-1834554.4670482376,-1838435.495918509,-1842412.5269790576,-1846489.6280972438,-1850671.1155453438,-1854961.5739446885,-1859365.878203918,-1863889.2176886806,-1868537.1228924268,-1873315.4949151082,-1878230.63809942,-1883289.2962234837,-1888498.6927057088,-1893866.5753429986,-1899401.266178907,-1905111.717185084,-1911007.5725390024,-1917099.23839508,-1923397.9611763884,-1929915.9155615664,-1936666.3035069646,-1943663.4658272674,-1950923.008056594,-1958461.9425210857,-1966298.8487624403,-1974454.0546404112,-1982949.8405772299,-1991810.6694317597,-2001063.444312469,-2010737.7961027627,-2020866.4013298652,-2031485.328851268,-2042634.4099933978,-2054357.6201585385,-2066703.4487017181,-2079725.215035239,-2093481.2573221128,-2108034.8670162433,-2123453.752728188,-2139808.663768145,-2157170.5396085004,-2175605.090055674,-2195162.893557172,-2215861.634993463,-2237654.4552592603,-2260373.634294931,-2283630.720073366,-2306642.8450982203,-2327953.041115065,-2345105.578160462,-2354944.8167055924,-2357084.353550101,0.0
20.0,-1377745.0665203158,-1377819.9097809785,-1377894.7248313872,-1377969.5189526367,-1378044.2994245149,-1378119.0735223412,-1378193.8485137143,-1378268.631655166,-1378343.4301887169,-1378418.2513383415,-1378493.1023063262,-1378567.990269537,-1378642.9223755817,-1378717.9057388671,-1378792.9474365585,-1378868.0545044309,-1378943.23393261,-1379018.492661212,-1379093.8375758699,-1379169.2755031444,-1379244.8132058326,-1379320.4573781493,-1379396.2146408055,-1379472.0915359606,-1379548.0945220552,-1379624.2299685345,-1379700.5041504302,-1379776.9232428388,-1379853.4933152595,-1379930.22032581,-1380007.1101153116,-1380084.1684012462,-1380161.4007715716,-1380238.8126784107,-1380316.4094315937,-1380394.1961920687,-1380472.1779651614,-1380550.359593695,-1380628.7457509597,-1380707.3409335322,-1380786.1494539378,-1380865.1754331617,-1380944.4227929907,-1381023.8952482017,-1381103.5962985673,-1381183.5292207005,-1381263.6970597196,-1381344.1026207265,-1381424.748460098,-1381505.6368765938,-1381586.7699022496,-1381668.1492930795,-1381749.776519555,-1381831.652756873,-1381913.7788749891,-1381996.1554284173,-1382078.7826457827,-1382161.6604191223,-1382244.7882929146,-1382328.1654528333,-1382411.7907142127,-1382495.6625102053,-1382579.778879629,-1382664.1374544734,-1382748.7354470652,-1382833.569636859,-1382918.6363568562,-1383003.9314796021,-1383089.4504027716,-1383175.1880343005,-1383261.1387770448,-1383347.2965129411,-1383433.6545866411,-1383520.2057885951,-1383606.9423375444,-1383693.8558623963,-1383780.9373834499,-1383868.177292924,-1383955.5653347613,-1384043.0905836606,-1384130.7414232905,-1384218.5055236474,-1384306.3698175005,-1384394.3204758787,-1384482.342882541,-1384570.4216073798,-1384658.5403786923,-1384746.682054262,-1384834.8285911821,-1384922.961014363,-1385011.0593836359,-1385099.1027594046,-1385187.0691667455,-1385274.9355578949,-1385362.6777730384,-1385450.270499317,-1385537.6872279695,-1385624.900209524,-1385711.880406948,-1385798.5974466726,-1385885.0195673972,-1385971.1135665874,-1386056.8447445747,-1386142.1768461699,-1386227.071999704,-1386311.4906534126,-1386395.3915090817,-1386478.731452882,-1386561.465483321,-1386643.5466362515,-1386724.9259068873,-1386805.5521687833,-1386885.3720897546,-1386964.3300447313,-1387042.3680255467,-1387119.4255477078,-1387195.4395541965,-1387270.3443163964,-1387344.071332276,-1387416.5492219904,-1387487.7036211186,-1387557.4570718182,-1387625.728912209,-1387692.4351644092,-1387757.488421705,-1387820.7977354198,-1387882.2685021844,-1387941.8023523972,-1387999.2970408122,-1388054.6463403571,-1388107.7399404226,-1388158.4633510988,-1388206.6978150243,-1388252.3202287678,-1388295.2030759444,-1388335.214374574,-1388372.2176415166,-1388406.0718772383,-1388436.6315745492,-1388463.7467554484,-1388487.2630407175,-1388507.021757468,-1388522.8600904667,-1388534.611283717,-1388542.104899481,-1388545.1671426755,-1388543.6212593243,-1388537.2880185524,-1388525.986288352,-1388509.5337160714,-1388487.7475252063,-1388460.4454405275,-1388427.446753809,-1388388.573542296,-1388343.6520514353,-1388292.5142521013,-1388234.9995803789,-1388170.9568645807,-1388100.2464392905,-1388022.742439369,-1387938.3352575598,-1387846.9341370158,-1387748.4698541106,-1387642.89742663,-1387530.1987572962,-1387410.3850919935,-1387283.4991359937,-1387149.6166301204,-1387008.8471434256,-1386861.333791681,-1386707.251545448,-1386546.8037522135,-1386380.2164685298,-1386207.7301813,-1386029.588482072,-1385846.0232080065,-1385657.235387312,-1385463.3708341834,-1385264.4880693574,-1385060.5137914603,-1384851.1765004613,-1384635.9010398153,-1384413.6351940888,-1384182.5653534727,-1383939.6666178391,-1383680.0279849893,-1383395.8539340703,-1383074.6546519403,-1382693.9403530883,-1382197.7972162932,0.0
19.75,-1127825.4787064018,-1127354.281415876,-1126877.3659503842,-1126394.675729635,-1125906.153202688,-1125411.7398219754,-1124911.3760165123,-1124405.0011642464,-1123892.55356354,-1123373.9704037353,-1122849.1877347778,-1122318.1404358724,-1121780.76218313,-1121236.9854161688,-1120686.7413036418,-1120129.959707649,-1119566.5691469894,-1118996.4967592214,-1118419.668261482,-1117836.0079100288,-1117245.438458447,-1116647.8811144892,-1116043.2554954842,-1115431.4795822743,-1114812.4696716191,-1114186.1403270196,-1113552.404327897,-1112911.1726170676,-1112262.3542464545,-1111605.8563209714,-1110941.583940499,-1110269.4401399025,-1109589.3258270011,-1108901.1397184178,-1108204.778273229,-1107500.135624332,-1106787.1035074417,-1106065.571187622,-1105335.4253832651,-1104596.5501874106,-1103848.8269863056,-1103092.1343750956,-1102326.3480705395,-1101551.340820614,-1100766.9823109007,-1099973.1390676226,-1099169.6743571823,-1098356.4480820743,-1097533.316673019,-1096700.1329771536,-1095856.7461421315,-1095003.0014959427,-1094138.7404222907,-1093263.800231324,-1092378.0140255345,-1091481.2105606068,-1090573.214101008,-1089653.844270076,-1088722.915894383,-1087780.2388421001,-1086825.6178551123,-1085858.8523745898,-1084879.7363597276,-1083888.0580993367,-1082883.6000159618,-1081866.138462169,-1080835.443508647,-1079791.278723728,-1078733.4009439286,-1077661.5600350604,-1076575.4986434758,-1075474.9519369497,-1074359.6473346935,-1073229.304225959,-1072083.6336766558,-1070922.3381233786,-1069745.1110541981,-1068551.6366755324,-1067341.5895643695,-1066114.634305082,-1064870.4251099953,-1063608.6054228586,-1062328.8075042833,-1061030.6519981578,-1059713.7474779997,-1058377.6899721199,-1057022.0624664053,-1055646.4343834505,-1054250.361036683,-1052833.3830580132,-1051395.0257974924,-1049934.798693279,-1048452.1946101732,-1046946.6891447983,-1045417.7398954035,-1043864.7856940996,-1042287.2457991875,-1040684.5190450642,-1039055.982947007,-1037400.9927579283,-1035718.8804739739,-1034008.9537856107,-1032270.4949705668,-1030502.7597247157,-1028704.9759267046,-1026876.342331738,-1025016.0271896273,-1023123.1667817603,-1021196.8638712241,-1019236.1860598458,-1017240.1640453653,-1015207.7897713879,-1013138.0144621267,-1011029.7465332493,-1008881.8493693614,-1006693.1389578348,-1004462.3813677343,-1002188.2900615694,-999869.523026484,-997504.6797101862,-995092.2977455833,-992630.8494464924,-990118.7380551035,-987554.2937199608,-984935.7691810877,-982261.3351365249,-979529.075261912,-976736.9808517713,-973882.945047866,-970964.7566163117,-967980.0932309421,-964926.514215817,-961801.4526944798,-958602.2070877159,-955325.9318948893,-951969.6276864621,-948530.1302268055,-945004.0986368548,-941388.0024952703,-937678.1077644819,-933870.4614140006,-929960.8745975012,-925944.9042220905,-921817.8327276069,-917574.6458703361,-913210.0082787505,-908718.2365183686,-904093.2693679621,-899328.6349695357,-894417.414469082,-889352.2017132858,-884125.0585082625,-878727.4648792482,-873150.263693861,-867383.5989253594,-861416.8467353447,-855238.5384470916,-848836.2743611304,-842196.627234595,-835305.0341075313,-828145.675017381,-820701.3370057011,-812953.2617032182,-804880.9747046276,-796462.0949522217,-787672.1225005377,-778484.2034339374,-768868.8715172014,-758793.7676354578,-748223.3406417938,-737118.537555092,-725436.4982403035,-713130.2815750313,-700148.6696819295,-686436.1291737458,-671933.0621936943,-656576.5703440948,-640302.1077130956,-623046.6620177076,-604754.5599771057,-585387.7985078798,-564944.2379723234,-543489.558134642,-521213.3942616876,-498527.522512948,-476233.4945403289,-455784.1615567784,-439559.9262139039,-430476.2184767969,-428587.3718099755,0.0
19.5,-893556.5699291729,-892780.4803967504,-891994.9492661363,-891199.8861189096,-890395.199447877,-889580.7966369042,-888756.5839402068,-887922.4664610416,-887078.3481298339,-886224.1316816661,-885359.7186331449,-884485.0092586142,-883599.9025656757,-882704.2962700287,-881798.08676957,-880881.16911775,-879953.436996155,-879014.7826862871,-878065.0970405146,-877104.2694521707,-876132.1878247614,-875148.7385402565,-874153.8064264456,-873147.2747232981,-872129.0250483237,-871098.9373608786,-870056.8899253955,-869002.7592734866,-867936.4201648956,-866857.745547249,-865766.606514571,-864662.8722645217,-863546.410054306,-862417.0851552241,-861274.7608057968,-860119.2981634382,-858950.5562546173,-857768.3919234511,-856572.6597786889,-855363.2121390303,-854139.8989767144,-852902.567859329,-851651.0638897863,-850385.2296443859,-849104.905108922,-847809.9276127631,-846500.1317608298,-845175.3493634162,-843835.4093637757,-842480.1377634001,-841109.357544925,-839722.8885925707,-838320.5476100597,-836902.1480359172,-835467.4999560766,-834016.4100137053,-832548.6813161728,-831064.1133390631,-829562.5018271456,-828043.6386922203,-826507.3119077319,-824953.3054000706,-823381.3989364612,-821791.3680093318,-820182.9837170799,-818556.0126411286,-816910.2167191689,-815245.353114495,-813561.1740813226,-811857.4268259943,-810133.8533639653,-808390.1903724743,-806626.169038789,-804841.5149039371,-803035.947701818,-801209.1811936013,-799360.9229973224,-797490.87441258,-795598.7302402597,-793684.178597196,-791746.900725706,-789786.5707979242,-787802.8557148839,-785795.4149003053,-783763.9000890374,-781707.9551101507,-779627.2156646643,-777521.3090979204,-775389.854166633,-773232.4608006723,-771048.7298596584,-768838.2528844675,-766600.611843802,-764335.3788759938,-762042.1160262638,-759720.3749796993,-757369.6967902753,-754989.611606296,-752579.6383926992,-750139.2846507498,-747668.0461357308,-745165.4065733232,-742630.8373755033,-740063.7973568698,-737463.73245248,-734830.0754384095,-732162.245656433,-729459.6487444085,-726721.6763741713,-723947.7059989937,-721137.1006129374,-718289.2085247433,-715403.36314925,-712478.8828197528,-709515.0706251385,-706511.214276155,-703466.5860057706,-700380.4425091889,-697252.0249298835,-694080.5588988045,-690865.2546349094,-687605.3071162183,-684299.8963318726,-680948.1876270336,-677549.3321541039,-674102.46744555,-670606.7181257058,-667061.1967813172,-663465.0050133024,-659817.2346953326,-656116.9694684006,-652363.286504637,-648555.2585783392,-644691.9564875759,-640772.4518759206,-636795.8205110299,-632761.1460849798,-628667.5246107749,-624514.0695003455,-620299.9174219992,-616024.2350498318,-611686.2268344661,-607285.1439439568,-602820.2945462152,-598291.0556303866,-593696.8865947812,-589037.3448638465,-584312.1038370844,-579520.9735194911,-574663.9242370505,-569741.1139030503,-564752.9193726453,-559699.972505403,-554583.2016497528,-549403.8793705489,-544163.6773623578,-538864.7296273187,-533509.7051473852,-528101.8914454004,-522645.2906045011,-517144.7294947835,-511605.98612893326,-506035.93421642354,-500442.7080794246,-494835.89008635184,-489226.7225792069,-483628.34580859845,-478056.06247893773,-472527.6278951704,-467063.5620174518,-461687.47541738907,-456426.3943771955,-451311.06000827247,-446376.1606287757,-441660.43346042733,-437206.5380545295,-433060.5563731369,-429270.91030363395,-425886.40704069886,-422953.03679650096,-420509.0915967912,-418578.24076819915,-417160.5915314126,-416222.86346785177,-415691.13876679883,-415453.28287041566,-415380.3303229343,-415367.1596692308,-415363.66078559664,-415359.6587566137,0.0
19.25,-684068.998198143,-683391.1242937656,-682703.6569000577,-682006.5082993812,-681299.5901711463,-680582.8135947975,-679856.0890531435,-679119.3264360543,-678372.4350445431,-677615.3235952425,-676847.9002253001,-676070.0724977057,-675281.747407069,-674482.831385875,-673673.230311229,-672852.8495121085,-672021.5937771644,-671179.3673630658,-670326.0740034414,-669461.6169184132,-668585.8988247798,-667698.8219468431,-666800.2880279417,-665890.1983426876,-664968.4537099599,-664034.954506681,-663089.6006824003,-662132.2917747371,-661162.9269257004,-660181.4048989445,-659187.6240979786,-658181.4825853911,-657162.8781031182,-656131.7080938136,-655087.8697233573,-654031.2599045591,-652961.7753221083,-651879.3124588293,-650783.7676232815,-649675.036978789,-648553.0165739491,-647417.6023746816,-646268.6902978976,-645106.176246858,-643929.9561482966,-642739.9259913735,-641535.9818685788,-640318.0200186347,-639085.9368715073,-637839.6290956264,-636578.9936474151,-635303.9278232235,-634014.3293137924,-632710.0962613702,-631391.1273195789,-630057.3217162087,-628708.5793190261,-627344.8007047819,-625965.8872315498,-624571.7411145744,-623162.2655057784,-621737.3645771324,-620296.9436080588,-618840.9090770785,-617369.1687579156,-615881.6318202767,-614378.208935548,-612858.8123876511,-611323.3561893388,-609771.7562041898,-608203.930274618,-606619.7983561945,-605019.2826586302,-603402.3077937539,-601768.8009308727,-600118.6919599029,-598451.9136626952,-596768.4018929936,-595068.0957655063,-593350.9378545842,-591616.8744030423,-589865.8555416912,-588097.8355201688,-586312.7729497252,-584510.6310586263,-582691.3779609045,-580854.986939216,-579001.4367426313,-577130.7119002176,-575242.8030513361,-573337.7072936473,-571415.428549861,-569475.9779543456,-567519.3742607937,-565545.6442721973,-563554.8232944822,-561546.9556152396,-559522.0950090808,-557480.3052712386,-555421.6607811599,-553346.247097926,-551254.1615894774,-549145.5140977382,-547020.4276418653,-544879.0391620093,-542721.5003061101,-540547.9782624234,-538358.656640633,-536153.7364046073,-533933.4368600103,-531697.9967002226,-529447.6751141972,-527182.7529601136,-524903.5340089137,-522610.3462620395,-520303.54334792285,-517983.5060020392,-515650.6436355702,-513305.3959979725,-510948.2349390027,-508579.6662759758,-506200.2317722629,-503810.5112332435,-501411.1247260966,-499002.73492996226,-496586.0496230882,-494161.8243135976,-491730.86502045183,-489294.03121101717,-486852.2389013134,-484406.4639245928,-481957.7453731484,-479507.18921736727,-477055.9721047495,-474605.3453399759,-472156.6390449973,-469711.2664954338,-467270.7286261907,-464836.6186950138,-462410.6270874913,-459994.5462406271,-457590.2756542836,-455199.82695025636,-452825.3289271828,-450469.0325455194,-448133.3157599872,-445820.6880966999,-443533.794848057,-441275.4207297187,-439048.49280985276,-436856.0824805082,-434701.4061934982,-432587.82462764607,-430518.83988957864,-428498.09027566254,-426529.3420371672,-424616.4774940245,-422763.4787345003,-420974.4060198001,-419253.3698862641,-417604.4958080007,-416031.88015699934,-414539.5360882668,-413131.3279029522,-411810.8924306426,-410581.5460632208,-409446.1763238853,-408407.1173445278,-407466.0094576264,-406623.644420598,-405879.7997471733,-405233.06840936485,-404680.6939770407,-404218.42619527614,-403840.4179921908,-403539.19149693527,-403305.7066364405,-403129.56889046734,-402999.40876576275,-402903.4486612492,-402830.23665091605,-402769.468939481,-402712.75554438564,-402654.1508027653,-402590.3584999687,-402520.8286810773,-402448.45884523663,-402381.7913635024,-402337.0431358714,-402325.14216161997,0.0
19.0,-490531.42144127854,-490372.6529705822,-490208.1725294815,-490037.9230545273,-489861.84723445657,-489679.88752067485,-489491.98613832303,-489298.0850979811,-489098.1262079998,-488892.05108751555,-488679.80118015886,-488461.31776849454,-488236.5419892125,-488005.41484910593,-487767.8772418739,-487523.8699657676,-487273.3337421248,-487016.2092348195,-486752.4370706794,-486481.9578608807,-486204.71222339215,-485920.6408064822,-485629.6843133478,-485331.78352790227,-485026.8793417651,-484714.9127825065,-484395.8250431972,-484069.5575132968,-483736.0518109619,-483395.24981679476,-483047.09370912437,-482691.5260008389,-482328.4895778687,-481957.92773935024,-481579.78423955885,-481194.003331656,-480800.5298133413,-480399.3090744671,-479990.2871466911,-479573.4107552478,-479148.627372916,-478715.8852762649,-478275.13360425684,-477826.32241931156,-477369.4027708946,-476904.3267617572,-476431.04761688947,-475949.51975531504,-475459.6988648116,-474961.54197967215,-474455.0075616124,-473940.0555839394,-473416.64761909423,-472884.74692969385,-472344.3185631856,-471795.3294502583,-471237.748507111,-470671.5467417503,-470096.69736442267,-469513.1759023395,-468920.9603188315,-468320.03113708686,-467710.3715686259,-467091.96764665545,-466464.8083644756,-465828.88581909955,-465184.1953602423,-464530.73574485176,-463868.5092973639,-463197.52207583416,-462517.78404414153,-461829.3092504328,-461132.11601198756,-460426.2271066927,-459711.66997129656,-458988.4769066369,-458256.68529001245,-457516.33779489313,-456767.4826181303,-456010.17371486244,-455244.47104127,-454470.4408053575,-453688.1557259249,-452897.6952998676,-452099.1460779648,-451292.60194928106,-450478.16443429416,-449655.9429868638,-448826.0553051145,-447988.6276513025,-447143.79518070904,-446291.70227955905,-445432.5029119584,-444566.3609757795,-443693.4506674133,-442813.9568552238,-441928.07546152506,-441036.0138528084,-440137.9912379111,-439234.23907371366,-438325.00147789496,-437410.53564815747,-436491.1122872518,-435567.0160329898,-434638.5458923181,-433706.0156783839,-432769.7544493367,-431830.1069474586,-430887.43403699563,-429942.11313884414,-428994.5386600019,-428045.1224154219,-427094.294039591,-426142.50138483837,-425190.21090299997,-424237.9080066636,-423286.0974057548,-422335.3034147678,-421386.0702253586,-420438.96213846933,-419494.5637494795,-418553.4800791779,-417616.3366425887,-416683.77944685123,-415756.4749084319,-414835.10967899935,-413920.39036822284,-413013.04315064836,-412113.81324260903,-411223.464233863,-410342.77725733083,-409472.54997892445,-408613.59538803436,-407766.74036780914,-406932.8240229077,-406112.69574101013,-405307.2129630375,-404517.2386358404,-403743.63832011196,-402987.27692559105,-402249.01504528115,-401529.7048606381,-400830.18559055484,-400151.27845872677,-399493.78115684533,-398858.46178525244,-398246.0522586101,-397657.24117203045,-397092.66613348643,-396552.9055816068,-396038.4701246231,-395549.7934568924,-395087.22293458536,-394651.00992235605,-394241.3000586372,-393858.1236289769,-393501.3862847504,-393170.86039848113,-392866.1774062005,-392586.8215504261,-392332.1255019536,-392101.2684009967,-391893.2769126263,-391707.029930023,-391541.2675710357,-391394.60508482385,-391265.5521983899,-391152.53826651524,-391053.9433196119,-390968.13470880594,-390893.5085072958,-390828.5341347673,-390771.79984410875,-390722.05580248754,-390678.2506244594,-390639.55655748915,-390605.3783377513,-390575.34132797166,-390549.256185628,-390527.060088142,-390508.73826287774,-390494.2337631013,-390483.35776103206,-390475.717637624,-390470.6871311025,-390467.4496314382,-390465.1362741905,-390463.0212916413,-390460.626578101,-390457.5141063075,0.0
18.75,-284147.3829154774,-284745.8414476775,-285345.5552986809,-285946.5222249677,-286548.73992843257,-287152.20605526847,-287756.91819479153,-288362.87387820304,-288970.070577276,-289578.50570297346,-290188.17660399305,-290799.0805652198,-291411.2148060939,-292024.57647889707,-292639.16266692156,-293254.97038255434,-293871.99656523764,-294490.23807932064,-295109.69171178166,-295730.354169821,-296352.2220783247,-296975.2919771586,-297599.56031833246,-298225.02346297505,-298851.67767815443,-299479.51913349424,-300108.5438976062,-300738.74793430645,-301370.1270986151,-302002.6771325122,-302636.39366045827,-303271.27218463866,-303907.308079934,-304544.4965885938,-305182.8328145914,-305822.3117176498,-306462.9281069126,-307104.67663423525,-307747.5517870842,-308391.54788100836,-309036.659051665,-309682.87924637226,-310330.2022151548,-310978.6215012502,-311628.1304310589,-312278.72210347664,-312930.3893786069,-313583.1248657734,-314236.9209108275,-314891.76958268863,-315547.66265907156,-316204.59161134955,-316862.54758851434,-317521.5214001561,-318181.50349841703,-318842.48395885475,-319504.4524601434,-320167.3982625426,-320831.3101850633,-321496.1765812369,-322161.98531342275,-322828.723725542,-323496.3786141588,-324164.9361977921,-324834.38208436436,-325504.7012366571,-326175.87793567235,-326847.8957417374,-327520.73745325726,-328194.3850629373,-328868.81971133745,-329544.0216375916,-330219.97012712405,-330896.64345617377,-331574.01883294055,-332252.0723351454,-332930.77884379274,-333610.11197291105,-334290.0439950201,-334970.5457620843,-335651.58662168815,-336333.13432813913,-337015.15494821634,-337697.61276125367,-338380.4701532286,-339063.6875045215,-339747.22307097586,-340431.03285791376,-341115.07048668124,-341799.2870533506,-342483.63097913744,-343168.04785210325,-343852.4802596869,-344536.86761159316,-345221.14595256804,-345905.24776455166,-346589.10175770806,-347272.6326498199,-347955.76093352214,-348638.4026308487,-349320.46903457295,-350001.86643581453,-350682.4958374095,-351362.2526525462,-352041.0263881952,-352718.70031290234,-353395.1511085445,-354070.2485057109,-354743.8549024282,-355415.82496605726,-356086.00521825044,-356754.2336030196,-357420.3390380834,-358084.1409498424,-358745.44879253505,-359404.0615523615,-360059.767237625,-360712.34235628473,-361361.5513826435,-362007.14621535596,-362648.8656293807,-363286.4347250897,-363919.5643783377,-364547.95069602656,-365171.274482477,-365789.2007228218,-366401.37809064175,-367007.4384881655,-367606.9966286153,-368199.64967162284,-368784.9769241714,-369362.5396211392,-369931.8808013196,-370492.52529670455,-371043.97985488595,-371585.7334165803,-372117.25757258263,-372638.0072267564,-373147.4214940493,-373644.9248648386,-374129.9286690983,-374601.8328758886,-375060.0282652815,-375503.8990109657,-375932.8257121888,-376346.188913134,-376743.3731460175,-377123.77153080615,-377486.79095898225,-377831.857880914,-378158.4247054343,-378465.9768057345,-378754.0401069575,-379022.18920734705,-379270.0559559022,-379497.3383746805,-379703.8097729793,-379889.32785359665,-380053.84355878085,-380197.4093465835,-380320.1865293067,-380422.45124810515,-380504.5986066577,-380567.14444923634,-380610.72425383993,-380636.0886310282,-380644.09498778137,-380635.69504879793,-380611.918141344,-380573.85045850434,-380522.6109289713,-380459.3248400462,-380385.0969718725,-380300.98667772906,-380207.988048337,-380107.01899186394,-379998.92374723527,-379884.49412446184,-379764.515904514,-379639.8488409234,-379511.55226700834,-379381.07386140263,-379250.5255752611,-379123.0720918015,-379003.4330510929,-378898.3863739297,-378816.7629241808,-378767.27702634194,-378750.697832171,-378749.9836357258,0.0
18.5,-24909.089020991,-26136.07427424623,-27371.558697152534,-28615.606896319456,-29868.283919708803,-31129.655253716017,-32399.78681990708,-33678.74497136634,-34966.5964886618,-36263.40857540371,-37569.24885335684,-38884.18535712271,-40208.28652832541,-41541.62120933281,-42884.25863643529,-44236.26843249824,-45597.72059904679,-46968.68550775907,-48349.23389134169,-49739.43683375945,-51139.36575979178,-52549.09242388731,-53968.6888982775,-55398.22756032148,-56837.78107906078,-58287.42240091978,-59747.224734542135,-61217.26153471903,-62697.60648535495,-64188.33348145557,-65689.51661006757,-67201.23013014789,-68723.54845130857,-70256.5461113872,-71800.29775279651,-73354.87809760006,-74920.36192127012,-76496.82402505277,-78084.33920690471,-79682.98223092868,-81292.82779525324,-82913.95049828957,-84546.42480329768,-86190.32500119979,-87845.72517156639,-89512.69914170119,-91191.3204437521,-92881.66226976394,-94583.79742460173,-96297.79827664421,-98023.73670618577,-99761.68405143205,-101511.71105200567,-103273.88778987467,-105048.28362759213,-106834.96714374995,-108634.00606554751,-110445.4671983472,-112269.41635212912,-114105.91826471373,-115955.03652163147,-117816.8334725281,-119691.37014396387,-121578.70614848826,-123478.89958985287,-125392.00696421119,-127318.08305718818,-129257.18083663902,-131209.35134098277,-133174.64356291963,-135153.1043284053,-137144.77817068718,-139149.7071992613,-141167.9309635521,-143199.48631115956,-145244.40724046825,-147302.72474744765,-149374.46666643937,-151459.65750474087,-153558.3182707683,-155670.46629560576,-157796.11504770344,-159935.27394052086,-162087.9481328774,-164254.13832176256,-166433.84052738274,-168627.0458701707,-170833.74033950298,-173053.904553864,-175287.51351214427,-177534.5363358057,-179794.93600159476,-182068.66906446923,-184355.6853704148,-186655.92775877655,-188969.33175373185,-191295.8252444949,-193635.32815382455,-195987.75209436097,-198353.000012298,-200730.96581784458,-203121.5340018883,-205524.57923821794,-207939.96597059112,-210367.5479838872,-212807.16795847088,-215258.65700682974,-217721.83419141092,-220196.5060225059,-222682.46593482583,-225179.49374132042,-227687.35506255628,-230205.8007297929,-232734.5661596308,-235273.37069786456,-237821.91692982876,-240379.88995419993,-242946.95661679158,-245522.76470045536,-248106.94206664723,-250699.09574366471,-253298.81095589837,-255905.65008767557,-258519.15157448058,-261138.82871336228,-263764.1683833184,-266394.6296652756,-269029.6423499794,-271668.60532068147,-274310.88479593064,-276955.81241601973,-279602.6831547629,-282250.75303621177,-284899.23663368594,-287547.30432617135,-290194.0792845977,-292838.63415795093,-295479.9874265183,-298117.0993869268,-300748.8677311028,-303374.1226789691,-305991.62162275566,-308600.0432394814,-311197.9810276781,-313783.9362251982,-316356.31006739376,-318913.39534961217,-321453.3672656304,-323974.27350513573,-326474.02360983106,-328950.3776105429,-331400.93399845465,-333823.1171243686,-336214.1641730108,-338571.1119278016,-340890.78362848156,-343169.7763334152,-345404.44933466054,-347590.91434178967,-349725.02835510194,-351802.3903953721,-353818.3435502037,-355767.98413957364,-357646.18019575597,-359447.60189104977,-361166.7670183638,-362798.1051095514,-364336.0442200882,-365775.1247422614,-367110.1447159383,-368336.3408080676,-369449.6081669172,-370446.7603504915,-371325.82697083865,-372086.38093482784,-372729.87844909047,-373259.9826162381,-373682.82529409556,-374007.1430821392,-374244.2058789696,-374407.4495423825,-374511.74392994225,-374572.2953919099,-374603.31179029704,-374616.71909931145,-374621.3014797003,-374622.50748330617,-374622.92058798514,-374623.30393584585,-374623.8007026608,0.0
18.25,317715.32267776376,316393.7487284816,315060.12348174985,313714.3418172442,312356.29769603675,310985.88415337936,309602.9932914658,308207.51627216,306799.3433097067,305378.3636634138,303944.46563030337,302497.5365377468,301037.462736064,299564.12959109683,298077.42147675564,296577.221767535,295063.4128309975,293535.87602022116,291994.49166622513,290439.1390703402,288869.6964965556,287286.0411638198,285688.0492382962,284075.59582556976,282448.5549628085,280806.799610866,279150.20164632396,277478.631853472,275791.9599162227,274090.0544099418,272372.78279320395,270640.0113994557,268891.6054285841,267127.42893837835,265347.34483587765,263551.21486859233,261738.89961559017,259910.2584784378,258065.1496719731,256203.43021490928,254324.9559202448,252429.5813854638,250517.1599825155,248587.54384754098,246640.58387033732,244676.12968352876,242694.02965142543,240694.1308585338,238676.27909770084,236640.31885784972,234586.09331128048,232513.4443004967,230422.21232451597,228312.23652461957,226183.35466950943,224035.40313979695,221868.21691179427,219681.62954053824,217475.47314198548,215249.57837430865,213003.77441823078,210737.88895631066,208451.74815109486,206145.17662204997,203817.9974211812,201470.0320072123,199101.1002182417,196711.02024272794,194299.60858868586,191866.6800509444,189412.04767631835,186935.52272652043,184436.9146386518,181916.0309830537,179372.6774183315,176806.6576433295,174217.7733457944,171605.82414749046,168970.60754546686,166311.91884918726,163629.55111317593,160923.29506484602,158192.9390271079,155438.2688353539,152659.06774836162,149855.11635263998,147026.1924596827,144172.07099556096,141292.5238822472,138387.3199099805,135456.2245999712,132499.00005663824,129515.40480853332,126505.19363702474,123468.11739172017,120403.92279154784,117312.35221028773,114193.14344526346,111046.02946777447,107870.73815373634,104666.99199283916,101434.50777439724,98172.9962478916,94882.16175602087,91561.70183787365,88211.30679961789,84830.65924984598,81419.4335964747,77977.29550174673,74503.90129161981,70998.89731542068,67461.91925125397,63892.591352232295,60290.525628092204,56655.32095622331,52986.562115565845,49283.81873615745,45546.64415639803,41774.574179308314,37967.125718160416,34123.79532092494,30244.05756185118,26327.36328736924,22373.13770216072,18380.778279835416,14349.652481054101,10279.095260209375,6168.4063398841245,2016.84723020604,-2176.3620320302434,-6412.046452103052,-10691.079984249707,-15014.38980990136,-19382.96102355185,-23797.84176589419,-28260.14884733608,-32771.073908685095,-37331.890169593506,-41943.95981917165,-46608.742106983846,-51327.80219624675,-56102.82084428921,-60935.60497795195,-65828.0992332678,-70782.39852902021,-75800.76174201733,-80885.6265474111,-86039.62547908627,-91265.60325171848,-96566.63536590309,-101946.04798850694,-107407.43905929798,-112954.7005182424,-118592.04147092711,-124324.01200619398,-130155.52724246905,-136091.89099725278,-142138.81823479422,-148302.45513326325,-154589.39520312115,-161006.6893547795,-167561.84711989004,-174262.82532955066,-181117.9993833174,-188136.1107251917,-195326.18217199182,-202697.3901776281,-210258.87978056172,-218019.50362668897,-225987.46075755087,-234169.8033607542,-242571.76979609282,-251195.8891303438,-260040.7850701997,-269099.5842302117,-278357.80358355143,-287790.55346256634,-297358.8460004393,-307004.75015454635,-316645.10358876665,-326163.5350479103,-335400.8109932828,-344144.3369256978,-352119.78338590567,-358992.8580591207,-364399.8780728733,-368043.25508379005,-369893.7236890322,-370429.9899384163,-370474.93332098384,0.0
18.0,739404.9077784348,738723.5033600962,738032.7743471425,737332.6310581769,736622.9830260819,735903.7389905375,735174.8068904527,734436.0938562632,733687.5062021364,732928.9494180501,732160.328161753,731381.5462506049,730592.5066532916,729793.1114814071,728983.2619809108,728162.8585234424,727331.8005974989,726489.986799473,725637.3148245369,724773.681457386,723898.9825628155,723013.1130761458,722115.9669934881,721207.4373618298,720287.416268961,719355.7948332243,718412.4631930669,717457.3104964369,716490.224889957,715511.0935079331,714519.80246114,713516.2368254194,712500.2806300607,711471.8168459733,710430.7273736339,709376.8930308201,708310.1935401089,707230.5075161518,706137.7124527039,705031.6847094262,703912.2994984296,702779.4308705896,701632.9517015954,700472.7336777551,699298.6472815499,698110.5617769188,696908.3451943041,695691.8643154285,694460.9846578212,693215.5704590853,691955.4846609246,690680.5888929137,689390.7434560314,688085.8073059646,686765.6380361845,685430.0918608098,684079.0235972764,682712.2866488212,681329.7329868063,679931.213132899,678516.5761411451,677085.6695799532,675638.3395140308,674174.4304863142,672693.7854999352,671196.2460002702,669681.651857143,668149.8413472313,666600.6511367608,665033.9162645715,663449.470125634,661847.1444551457,660226.7693132912,658588.1730708228,656931.1823955956,655255.6222402137,653561.3158309718,651848.0846582919,650115.7484688652,648364.1252597582,646593.0312747415,644802.2810031413,642991.6871815489,641161.0607987547,639310.2111043003,637438.9456211035,635547.0701626443,633634.3888552549,631700.7041661111,629745.8169375767,627769.5264286369,625771.6303642096,623751.924993217,621710.2051563819,619646.264364812,617559.8948905435,615450.8878703217,613319.0334240403,611164.1207893847,608985.9384743895,606784.2744297801,604558.9162431625,602309.6513573149,600036.2673150704,597738.5520335231,595416.294110535,593069.2831668558,590697.3102274495,588300.1681460011,585877.6520769605,583429.5599998967,580955.6933014169,578455.8574204228,575929.8625630178,573377.5244940396,570798.6654128283,568193.114921629,565560.711095843,562901.3016662201,560214.7453241168,557500.9131620155,554759.69026271,551990.977451863,549194.6932301251,546370.7759025572,543519.185924862,540639.9084878537,537732.9563636691,534798.3730395486,531836.2361675224,528846.6613610904,525829.8063729934,522785.87569146196,519715.12559587916,516617.869716688,513494.48514854966,510345.4191703019,507171.1966300999,503972.42805932474,500749.81858433946,497504.17771095026,494236.4300624242,490947.6271580879,487638.9603256561,484311.77484644915,480967.58543821494,477608.0931850703,474235.2040276087,470851.0489278693,467458.0058227482,464058.7234743885,460656.14731563407,457253.5473706785,453854.5483030252,450463.1616012186,447083.8198530597,443721.41297518014,440381.32614923915,437069.4790587261,433792.365808527,430557.09462668974,427371.4260734659,424243.80799053167,421183.4047810522,418200.11777971196,415304.5924047934,412508.2064299181,409823.03201740514,407261.7620712239,404837.5889723798,402564.0208863536,400454.61772740976,398522.625885286,396780.4886951749,395239.20971847314,393907.5505659057,392791.05813339713,391890.9437451182,391202.88724027376,390715.9224144314,390411.6832793726,390264.44415726676,390242.51669804467,390311.52690087457,390439.61203310045,390603.38845900714,390792.0558875628,391007.42810013733,391262.9690899609,391595.9974941297,0.0
17.75,1186200.8212130184,1186698.3002509675,1187194.8144346396,1187690.336067413,1188184.8371367315,1188678.2893082327,1189170.6639196144,1189661.9319743332,1190152.0641350676,1190641.0307169429,1191128.80168057,1191615.3466247937,1192100.6347792447,1192584.6349965874,1193067.3157445642,1193548.6450977386,1194028.5907289586,1194507.1199005772,1194984.1994553285,1195459.7958069644,1195933.874930541,1196406.4023524227,1196877.343139941,1197346.6618907563,1197814.3227218497,1198280.2892581997,1198744.5246210871,1199206.9914160613,1199667.6517205224,1200126.4670709325,1200583.3984496538,1201038.4062713976,1201491.4503692624,1201942.4899803833,1202391.4837311776,1202838.3896221477,1203283.165012287,1203725.7666030494,1204166.1504218746,1204604.2718052878,1205040.0853815456,1205473.5450528301,1205904.6039769955,1206333.2145488523,1206759.328380988,1207182.896284128,1207603.8682470275,1208022.1934158923,1208437.8200733324,1208850.6956168497,1209260.7665368412,1209667.978394153,1210072.2757971496,1210473.6023783262,1210871.9007704612,1211267.1125823022,1211659.1783738062,1212048.03763093,1212433.6287399814,1212815.8889615312,1213194.7544039064,1213570.1599962641,1213942.039461258,1214310.3252873113,1214674.9487005037,1215035.8396360818,1215392.926709616,1215746.1371878055,1216095.3969589507,1216440.6305030975,1216781.7608618871,1217118.7096080973,1217451.3968149098,1217779.7410249005,1218103.6592187732,1218423.0667838422,1218737.877482265,1219048.003419036,1219353.355009744,1219653.8409480802,1219949.368173101,1220239.8418362234,1220525.1652679406,1220805.2399442233,1221079.9654525735,1221349.2394576906,1221612.9576666746,1221871.013793715,1222123.299524156,1222369.7044778448,1222610.1161716345,1222844.419980883,1223072.499099777,1223294.2345002699,1223509.5048893928,1223718.1866646535,1223920.1538672042,1224115.278132393,1224303.4286372815,1224484.4720446297,1224658.2724427776,1224824.6912807948,1224983.5872981641,1225134.8164481607,1225278.2318140012,1225413.683516689,1225541.018613359,1225660.0809847577,1225770.7112103389,1225872.7464292417,1225966.0201852175,1226050.3622533206,1226125.5984459268,1226191.5503953095,1226248.0353097147,1226294.8656994703,1226331.8490692507,1226358.7875721916,1226375.477620971,1226381.7094504712,1226377.2666259282,1226361.9254898182,1226335.4545398823,1226297.613729865,1226248.1536834892,1226186.8148111335,1226113.3263174514,1226027.4050867537,1225928.754431515,1225817.062687599,1225692.0016379403,1225553.224744255,1225400.3651640047,1225233.0335271629,1225050.8154443605,1224853.268714659,1224639.9201974492,1224410.2623087922,1224163.7490977938,1223899.7918532807,1223617.7541850903,1223316.9465174768,1222996.6199245197,1222655.9592286972,1222294.075273928,1221909.996273086,1221502.6581171425,1221070.8935182486,1220613.4198421268,1220128.825465443,1219615.554471189,1219071.8894686769,1218495.9322941513,1217885.5823122642,1217238.5119970147,1216552.1394221673,1215823.5972346019,1215049.6976183983,1214226.8926818431,1213351.229613212,1212418.2998543573,1211423.1814352064,1210360.3735012477,1209223.7219581762,1208006.3350684466,1206700.487790838,1205297.5137032098,1203787.6835694946,1202160.070136612,1200402.399794338,1198500.8936637514,1196440.1040989277,1194202.758492459,1191769.6323408564,1189119.4905637414,1186229.1648368472,1183073.8832680564,1179628.0508402574,1175866.8178492782,1171769.0075001444,1167322.363499782,1162532.7079433356,1157439.5410613674,1152141.7366100089,1146837.1889603965,1141874.7704905907,1137789.1814291272,1135197.630812107,1134292.5045526065,1134225.0014619161,0.0
17.5,1566882.8214740441,1568482.5784717496,1570091.5295427237,1571709.7318772874,1573337.2430979921,1574974.1212622337,1576620.4248647452,1578276.2128399631,1579941.5445642525,1581616.479857991,1583301.0789874592,1584995.4026665897,1586699.5120584848,1588413.4687767453,1590137.3348865667,1591871.17290558,1593615.0458044503,1595369.0170071502,1597133.1503909752,1598907.5102861908,1600692.1614753492,1602487.1691922082,1604292.5991202665,1606108.5173908442,1607934.9905807073,1609772.0857092002,1611619.8702348345,1613478.4120513347,1615347.779483045,1617228.0412797295,1619119.2666106555,1621021.5250579705,1622934.8866092786,1624859.4216494076,1626795.2009512857,1628742.2956658727,1630700.7773111183,1632670.7177598472,1634652.1892265133,1636645.2642527788,1638650.0156918163,1640666.5166912666,1642694.8406747705,1644735.0613219966,1646787.2525470485,1648851.4884751944,1650927.8434177686,1653016.391845195,1655117.208357954,1657230.367655435,1659355.9445025069,1661494.0136936854,1663644.6500147665,1665807.9282017574,1667983.9228969715,1670172.708602092,1672374.3596280627,1674588.950041606,1676816.5536081474,1679057.2437310042,1681311.093386546,1683578.175055162,1685858.5606477484,1688152.3214274906,1690459.527926646,1692780.2498580667,1695114.5560211353,1697462.5142018218,1699824.19106651,1702199.6520492441,1704588.9612320247,1706992.1812177487,1709409.372995397,1711840.5957970058,1714285.9069459687,1716745.3616961855,1719219.013061516,1721706.9116350187,1724209.1053973709,1726725.6395138693,1729256.556119368,1731801.8940904606,1734361.6888041887,1736935.9718825151,1739524.770921751,1742128.1092060888,1744746.0054043336,1747378.4732488869,1750025.521195971,1752687.1520660268,1755363.3626631699,1758054.143372506,1760759.4777340516,1763479.3419919298,1766213.704617444,1768962.5258045336,1771725.756936054,1774503.34001922,1777295.207088464,1780101.2795738592,1782921.4676331657,1785755.6694454232,1788603.7704639467,1791465.6426263982,1794341.1435195622,1797230.1154962415,1800132.384741624,1803047.7602863002,1805976.0329629509,1808916.9743036274,1811870.335374333,1814835.8455435182,1817813.2111808907,1820802.1142828255,1823802.211020479,1826813.1302065577,1829834.4716765494,1832865.8045800738,1835906.6655778624,1838956.5569397914,1842014.9445392482,1845081.2557390658,1848154.8771641986,1851235.1523563107,1854321.379305495,1857412.8078544284,1860508.6369704749,1863608.0118814781,1866710.0210713947,1869813.6931324056,1872917.9934708271,1876021.8208649654,1879124.0038741846,1882223.2970997707,1885318.3772998524,1888407.8393627082,1891490.1921452503,1894563.8541865363,1897627.1493098056,1900678.3021309166,1903715.433496355,1906736.555880244,1909739.568777296,1912722.2541375337,1915682.2718991619,1918617.155688448,1921524.3087701942,1924401.0003497284,1927244.3623477416,1930051.3867932037,1932818.9240075808,1935543.6817862592,1938222.2258210853,1940850.9816520852,1943426.2384874304,1945944.1552894097,1948400.7695914027,1950792.009587248,1953113.71012056,1955361.6332976825,1957531.4945535595,1959618.9951136687,1961619.861914302,1963529.8961628573,1965345.031830798,1967061.4054607362,1968675.4387143322,1970183.9350567688,1971584.191817706,1972874.1285162605,1974052.4316852572,1975118.715331979,1976073.6944298567,1976919.3661896582,1977659.1900027355,1978298.2515787622,1978843.3897567398,1979303.2560483941,1979688.26853079,1980010.4166283235,1980282.8782583885,1980519.43621997,1980733.7381715642,1980938.5365480382,1981145.1467754468,1981363.4232718041,1981602.5897514797,1981873.5713095646,1982194.96434617,1982613.81173075,0.0
17.25,1802485.1047234088,1804311.2316546065,1806152.1074156007,1808007.8476309902,1809878.5689596694,1811764.3891120153,1813665.4268677076,1815581.8020942183,1817513.6357659837,1819461.0499843108,1821424.167998033,1823403.1142249666,1825398.0142741888,1827408.99496917,1829436.184371846,1831479.7118075807,1833539.7078911653,1835616.304553819,1837709.6350712897,1839819.8340930564,1841947.0376727288,1844091.383299667,1846253.0099319024,1848432.0580303762,1850628.6695945968,1852842.98819978,1855075.1590354717,1857325.3289458398,1859593.6464715758,1861880.261893582,1864185.32727848,1866508.9965260033,1868851.425418415,1871212.7716719948,1873593.1949906815,1875992.8571220222,1878411.92191548,1880850.5553832143,1883308.9257634617,1885787.2035866296,1888285.5617442173,1890804.1755606718,1893343.2228683676,1895902.8840857856,1898483.342299081,1901084.7833471578,1903707.3959104517,1906351.3716035318,1909016.9050717417,1911704.1940920404,1914413.43967824,1917144.846190825,1919898.621451594,1922674.9768632848,1925474.127534491,1928296.2924100356,1931141.6944070952,1934010.5605573282,1936903.1221552694,1939819.61491332,1942760.2791235768,1945725.3598268884,1948715.1069894037,1951729.7756870273,1954769.626298123,1957834.9247048446,1960925.9425035217,1964042.957224525,1967186.2525620712,1970356.1186144394,1973552.8521350827,1976776.7567952098,1980028.1434583643,1983307.330467579,1986614.6439457894,1989950.4181100763,1993314.995600511,1996708.7278243052,2000131.9753160384,2003585.1081148013,2007068.5061591123,2010582.5597005656,2014127.6697371379,2017704.248467247,2021312.7197656315,2024953.5196822518,2028627.096965434,2032333.913610607,2036074.4454360285,2039849.182687017,2043658.63067028,2047503.3104200554,2051383.7593978827,2055300.5322279544,2059254.2014701087,2063245.3584327097,2067274.61402775,2071342.5996707338,2075449.9682280524,2079597.3950147347,2083785.5788457033,2088015.2431438337,2092287.1371084177,2096602.0369478045,2100960.7471803566,2105364.1020080666,2109812.966767573,2114308.2394635817,2118850.8523901347,2123441.7738454826,2128082.009946808,2132772.6065514213,2137514.651291588,2142309.2757306006,2147157.657648283,2152061.0234646588,2157020.6508111265,2162037.871259133,2167114.0732169654,2172250.7050060295,2177449.278128651,2182711.3707402437,2188038.631339396,2193432.7826902717,2198895.62599246,2204429.0453142044,2210035.0123057156,2215715.591209955,2221472.9441889683,2227309.336984369,2233227.144931036,2239228.8593433225,2245317.0942930807,2251494.5937985736,2257764.2394426074,2264129.0584371174,2270592.2321496075,2277157.105104307,2283827.1944673513,2290606.2000205293,2297498.014621924,2304506.7351435926,2311636.6738660675,2318892.3702961938,2326278.6033580587,2333800.403885751,2341463.067320307,2349272.166480348,2357233.564234911,2365353.425856134,2373638.2307661697,2382094.783314288,2390730.2221227014,2399552.02741869,2408568.0256202808,2417786.3902555117,2427215.6380619165,2436864.618820992,2446742.4971164903,2456858.7237450816,2467222.9939266555,2477845.1887242915,2488735.2951444844,2499903.2991846916,2511359.044544922,2523112.0477109575,2535171.257497267,2547544.743700932,2560239.294981351,2573259.9000569927,2586609.078269572,2600286.0147823314,2614285.4411650626,2628596.1825424335,2643199.2660761895,2658065.45003727,2673151.98532627,2688398.3590640267,2703720.690843184,2719004.3590899217,2734094.345656343,2748782.7650968535,2762793.2906149765,2775763.302573378,2787228.3561985325,2796625.159302054,2803361.891464933,2807076.7126550986,2808219.4516210775,2808299.9715970084,0.0
17.0,1899373.367227137,1900129.3925638627,1900896.119118015,1901673.6476561264,1902462.0796258613,1903261.5171521863,1904072.063033209,1904893.8207356655,1905726.8943900436,1906571.38878534,1907427.409363439,1908295.062213093,1909174.4540634954,1910065.692277445,1910968.8848440663,1911884.1403711075,1912811.5680767621,1913751.2777810406,1914703.3798966552,1915667.9854194066,1916645.2059180725,1917635.1535237697,1918637.9409187932,1919653.6813248945,1920682.4884910132,1921724.4766804278,1922779.7606573147,1923848.4556727232,1924930.677449923,1926026.542169116,1927136.1664515343,1928259.6673428614,1929397.1622959804,1930548.7691530692,1931714.60612698,1932894.7917819116,1934089.4450133771,1935298.6850274333,1936522.6313191648,1937761.4036504184,1939015.122026777,1940283.9066737562,1941567.8780122036,1942867.156632928,1944181.8632705212,1945512.1187763354,1946858.044090703,1948219.7602142761,1949597.3881785783,1950991.0490157,1952400.8637271547,1953826.9532519104,1955269.4384335715,1956728.4399867086,1958204.0784623623,1959696.4742126926,1961205.7473547938,1962732.017733681,1964275.4048844362,1965836.0279935393,1967414.0058593727,1969009.4568519304,1970622.4988717076,1972253.2493078243,1973901.8249953368,1975568.3421718194,1977252.91643315,1978955.6626885734,1980676.6951150089,1982416.1271106582,1984174.0712478664,1985950.6392252971,1987745.941819381,1989560.0888350906,1991393.1890559737,1993245.3501935203,1995116.6788357678,1997007.2803951863,1998917.2590558082,2000846.7177195137,2002795.7579515008,2004764.4799248218,2006752.9823639195,2008761.362487081,2010789.715947665,2012838.136773982,2014906.717307631,2016995.5481400974,2019104.718047374,2021234.3139222907,2023384.4207042514,2025555.1213059323,2027746.4965365524,2029958.6250211098,2032191.583115037,2034445.4448135307,2036720.2816547677,2039016.1626160725,2041333.154002007,2043671.319323145,2046030.7191641936,2048411.411039926,2050813.449237129,2053236.884640645,2055681.7645412143,2058148.1324226414,2060636.0277254325,2063145.4855837312,2065676.5365319573,2068229.2061771739,2070803.5148326736,2073399.477107793,2076017.1014483483,2078656.3896214603,2081317.3361378217,2083999.9276036676,2086704.141993873,2089429.94783663,2092177.3032991379,2094946.1551626092,2097736.4376736386,2100548.0712576336,2103380.9610785455,2106234.9954274967,2109110.043921208,2112005.9554891833,2114922.5561266053,2117859.646387701,2120816.9985919134,2123794.353712743,2126791.4179163715,2129807.858714319,2132843.300691306,2135897.3207663232,2138969.4429414975,2142059.1324899006,2145165.789529832,2148288.7419294636,2151427.2374820905,2154580.435288674,2157747.396280907,2160927.0728149842,2164118.29726357,2167319.769531495,2170530.0434197127,2173747.5117623173,2176970.390263496,2180196.699965689,2183424.248287739,2186650.6085834242,2189873.0981876366,2193088.7549413526,2196294.312219277,2199486.172528553,2202660.3798062745,2205812.5906223953,2208938.0445982646,2212031.5344866496,2215087.3765356224,2218099.3819873175,2221060.8308572695,2223964.4495181167,2226802.3940935917,2229566.242279467,2232246.996975257,2234835.1060636365,2237320.503841784,2239692.6810105448,2241940.7917632866,2244053.808346171,2246020.735367867,2247830.8978687585,2249474.31824085,2250942.1966790087,2252227.5065358193,2253325.707511695,2254235.5626905775,2254960.0154186487,2255507.033461881,2255890.256449514,2256129.190695138,2256248.6045598504,2256276.7502146964,2256242.2028319696,2256169.644747734,2256075.8710771766,2255968.0389535157,2255845.06454489,2255699.167708952,2255509.0309846625,0.0
16.75,1990571.2862740494,1989437.7214373865,1988302.4555285235,1987165.516996751,1986026.9350565476,1984886.739696648,1983744.961688991,1982601.6325974937,1981456.7847866057,1980310.4514296954,1979162.6665171226,1978013.4648641094,1976862.8821182605,1975710.9547667783,1974557.7201433084,1973403.2164343817,1972247.4826854235,1971090.5588062932,1969932.4855762916,1968773.3046486313,1967613.0585542668,1966451.790705099,1965289.5453964246,1964126.3678086712,1962962.3040082487,1961797.40094755,1960631.7064639716,1959465.269277898,1958298.1389895957,1957130.3660749146,1955962.0018797116,1954793.0986129194,1953623.7093381567,1952453.8879637795,1951283.6892312847,1950113.1687019097,1948942.3827413612,1947771.3885025294,1946600.2439060176,1945429.0076184224,1944257.7390281342,1943086.4982185692,1941915.3459386218,1940744.343570191,1939573.5530925808,1938403.0370435892,1937232.8584770688,1936063.0809167628,1934893.768306172,1933724.9849542198,1932556.7954764487,1931389.2647315094,1930222.4577526327,1929056.439673794,1927891.2756502787,1926727.0307732916,1925563.7699782806,1924401.5579466086,1923240.4590001786,1922080.5369886477,1920921.8551687412,1919764.4760752874,1918608.4613834629,1917453.8717617863,1916300.766715302,1915149.2044184715,1913999.2415371728,1912850.933039179,1911704.331992567,1910559.4893513473,1909416.4537276435,1908275.271149709,1907135.9848050412,1905998.6347677812,1904863.257709629,1903729.88659336,1902598.550348112,1901469.2735254786,1900342.0759354455,1899216.9722612028,1898093.9716517248,1896973.077291112,1895854.2859434988,1894737.5874724402,1893622.9643334995,1892510.3910388746,1891399.833592748,1890291.2488960447,1889184.5841192878,1888079.7760421478,1886976.7503583252,1885875.4209442805,1884775.6890904373,1883677.442693384,1882580.555407573,1881484.8857551233,1880390.2761922665,1879296.5521309637,1878203.5209144056,1877110.9707449547,1876018.6695633675,1874926.363878043,1873833.777543269,1872740.610485546,1871646.5373771943,1870551.2062567011,1869454.237095508,1868355.2203111136,1867253.7152268826,1866149.2484791265,1865041.312372642,1863929.3631862905,1862812.8194308477,1861691.0600620287,1860563.4226523435,1859429.2015263774,1858287.6458650213,1857137.9577854197,1855979.2904045982,1854810.7458962945,1853631.3735521038,1852440.1678599562,1851236.0666149869,1850017.9490802959,1848784.634217629,1847534.8790110054,1846267.3769096306,1844980.7564200133,1843673.5798813624,1842344.3424627942,1840991.4714259333,1839613.3257020244,1838208.1958387734,1836774.3043789132,1835309.806739886,1833812.7926721778,1832281.2883827486,1830713.259419744,1829106.6144252394,1827459.2098743266,1825768.8559312732,1824033.3235669944,1822250.3530965548,1820417.664310996,1818532.9683944364,1816593.9818351597,1814598.4425583137,1812544.128527849,1810428.8790865852,1808250.619325652,1806007.3877983121,1803697.367918171,1801318.9234084992,1798870.638197818,1796351.3611877412,1793760.256352692,1791096.858668607,1788361.1364101379,1785553.5604047254,1782675.1808891224,1779727.7126815992,1776713.629463219,1773636.2680559435,1770499.9436936795,1767310.0774011705,1764073.3367140042,1760797.7910671695,1757493.0832024694,1754170.617809965,1750843.7681714164,1747528.100549303,1744241.614016078,1741004.9896055995,1737841.8358916366,1734778.906449108,1731846.245182473,1729077.1838328624,1726508.066021615,1724177.4965560306,1722124.8071645221,1720387.293324293,1718995.645435465,1717966.9889877785,1717295.3758391056,1716941.1254321737,1716824.2364506838,1716833.4894304483,1716864.8513777289,1716874.6193758468,1716874.9999803584,0.0
16.5,2285065.142353619,2282496.136730156,2279911.9060403565,2277312.33061394,2274697.2904159,2272066.665063506,2269420.3338442366,2266758.175734692,2264080.069420518,2261385.89331742,2258675.525593289,2255948.8441915214,2253205.726855545,2250446.0511547015,2247669.694511416,2244876.53422987,2242066.4475261015,2239239.311559742,2236395.0034673414,2233533.4003974632,2230654.379547569,2227757.8182028234,2224843.593776871,2221911.583854727,2218961.666237841,2215993.718991489,2213007.6204945594,2210003.249491874,2206980.4851491936,2203939.2071109596,2200879.2955610245,2197800.6312864036,2194703.095744261,2191586.571132289,2188450.9404625935,2185296.0876393477,2182121.8975403067,2178928.2561024213,2175715.0504117673,2172482.168797943,2169229.500933234,2165956.9379366967,2162664.3724834654,2159351.698919516,2156018.813382143,2152665.613926456,2149292.0006581717,2145897.875873013,2142483.1442030496,2139047.712770319,2135591.49134807,2132114.3925300166,2128616.331908007,2125097.228258491,2121557.003738228,2117995.584089711,2114412.898856762,2110808.8816107693,2107183.470188165,2103536.606939606,2099868.2389914803,2096178.3185203334,2092466.8030408414,2088733.655707972,2084978.8456340602,2081202.3482214895,2077404.1455117632,2073584.2265517288,2069742.5877778232,2065879.2334191615,2061994.1759204345,2058087.436385515,2054159.045042776,2050209.0417332042,2046237.4764223197,2042244.4097370976,2038229.9135290422,2034194.0714646452,2030136.9796445428,2026058.7472526582,2021959.49723679,2017839.367022031,2013698.50925859,2009537.092605533,2005355.3025520842,2001153.3422781995,1996931.433556119,1992689.8176947231,1988428.7565285503,1984148.5334534112,1979849.454510553,1975531.8495214107,1971196.0732750364,1966842.5067703328,1962471.5585152218,1958083.665884986,1953679.2965419984,1949258.9499190638,1944823.158768635,1940372.490780149,1935907.5502676296,1931428.979929841,1926937.4626849724,1922433.7235819267,1917918.5317901084,1913392.7026693898,1908857.0999218584,1904312.6378265733,1899760.2835583847,1895201.0595914295,1890636.0461875498,1886066.3839693402,1881493.276576965,1876917.9934071943,1872341.8724322626,1867766.323095282,1863192.8292777925,1858622.952333786,1854058.3341831346,1849500.7004556288,1844951.8636749918,1840413.7264699738,1835888.2847972452,1831377.6311578816,1826883.957786088,1822409.5597850876,1817956.8381810752,1813528.3028613194,1809126.5753573684,1804754.3914283027,1800414.6033923503,1796110.18214769,1791844.2188149712,1787619.9259247445,1783440.6380626215,1779309.8118736318,1775231.0253144614,1771207.9760284396,1767244.4787029058,1763344.4612520044,1759511.9596501119,1755751.1112219312,1752066.146174907,1748461.377138387,1744941.1864518893,1741510.0109226862,1738172.323751129,1734932.6133016502,1731795.3583794194,1728764.9996587057,1725845.9069012757,1723042.3416042095,1720358.4147298378,1717798.0392004363,1715364.8768921914,1713062.279943546,1710893.2263104685,1708860.249665264,1706965.3639577513,1705209.9832513062,1703594.837825975,1702119.8880222922,1700784.237897566,1699586.0514938328,1698522.4753798987,1697589.5721235313,1696782.2704490428,1696094.3389833705,1695518.3915859764,1695045.9331215906,1694667.4549045118,1694372.5885369435,1694150.324969042,1693989.3016961257,1693878.1544099974,1693805.919617783,1693762.4617349966,1693738.883080955,1693727.8611282215,1693723.850035029,1693723.0912026754,1693723.4086334752,1693723.820922431,1693724.0679538616,1693724.190149128,1693724.269805397,1693724.3475682826,1693724.4349914796,1693724.5386736337,1693724.6737938058,0.0
16.25,2931650.814524875,2929357.6148543125,2927049.47318428,2924726.156830014,2922387.429896368,2920033.053226671,2917662.784350297,2915276.3774289126,2912873.5832013,2910454.14892676,2908017.8183270036,2905564.3315264722,2903093.424991058,2900604.8314651386,2898098.279906864,2895573.495421627,2893030.199193665,2890468.1084156833,2887886.9362164773,2885286.3915864155,2882666.179300742,2880025.999840606,2877365.549311702,2874684.5193604715,2871982.5970877325,2869259.464959647,2866514.800715939,2863748.2772752144,2860959.562637316,2858148.31978256,2855314.206567736,2852456.8756187637,2849575.9742198507,2846671.144199012,2843742.021809805,2840788.237609186,2837809.416331209,2834805.1767565226,2831775.131577457,2828718.8872584817,2825636.043891903,2822526.195048591,2819388.9276235425,2816223.821676047,2813030.4502642774,2809808.3792740502,2806557.167241547,2803276.365169729,2799965.516338197,2796624.156106268,2793251.81170893,2789848.00204545,2786412.2374602994,2782944.019516119,2779442.840758366,2775908.184471343,2772339.524425234,2768736.3246138142,2765098.0389824337,2761424.1111458763,2757713.974095726,2753967.049896776,2750182.7493720516,2746360.471776008,2742499.604455381,2738599.522497264,2734659.588363802,2730679.151513061,2726657.5480054542,2722594.1000951417,2718488.1158058583,2714338.8884904636,2710145.696373635,2705907.802076964,2701624.4521258073,2697294.876437108,2692918.287787486,2688493.881260753,2684020.833674074,2679498.30298193,2674925.427656941,2670301.3260467686,2665625.095705991,2660895.8127021138,2656112.530894663,2651274.2811862724,2646380.0707447883,2641428.882195193,2636419.672780294,2631351.3734889403,2626222.888150633,2621033.092495244,2615780.833176668,2610464.9267590553,2605084.15866441,2599637.2820802135,2594123.016825746,2588540.0481758583,2582887.0256408066,2577162.5617009285,2571365.230494861,2565493.5664601102,2559546.0629247595,2553521.170649312,2547417.2963175927,2541232.8009759164,2534965.998419766,2528615.1535274754,2522178.4805406136,2515654.141291085,2509040.2433751854,2502334.838275374,2495535.919430893,2488641.4202589532,2481649.212128816,2474557.1022918997,2467362.8317718627,2460064.073219692,2452658.4287400167,2445143.427696222,2437516.524503615,2429775.096421751,2421916.4413592406,2413937.775706831,2405836.2322176355,2397608.8579566223,2389252.612345608,2380764.3653344675,2372140.895734646,2363378.889757244,2354474.939805082,2345425.5435765167,2336227.103548368,2326875.9269166887,2317368.2260870603,2307700.1198214474,2297867.6351663778,2287866.710307961,2277693.1985236383,2267342.873428868,2256811.4357503513,2246094.521896576,2235187.7146424456,2224086.5562990797,2212786.564803866,2201283.253241535,2189572.1533967247,2177648.844044764,2165508.98481376,2153148.356601486,2140562.909709635,2127748.8210720555,2114702.5622090083,2101420.9798452854,2087901.391495938,2074141.6987615519,2060140.5215995423,2045897.3574656162,2031412.769969252,2016688.6125803094,2001728.2939843335,1986537.0929353684,1971122.5319197779,1955494.820637973,1939667.382234492,1923657.4773328681,1907486.9431808111,1891183.0674125634,1874779.6177625784,1858318.0499291578,1841848.9146644548,1825433.4803159575,1809145.5755474118,1793073.6340017295,1777322.880356703,1762017.522871549,1747302.6910624153,1733345.6478176285,1720335.4684254224,1708479.8567178939,1697997.0055146425,1689099.4151206876,1681965.626801665,1676695.9290575215,1673252.114230037,1671395.5409638423,1670669.9000078964,1670511.102839741,1670500.0540453254,1670500.000000033,0.0
16.0,3894806.0908420854,3894069.666149132,3893343.5545268306,3892627.749972169,3891922.2449347447,3891227.03029255,3890542.0953279543,3889867.4277038504,3889203.013440059,3888548.8368899706,3887904.8807174736,3887271.1258742185,3886647.5515772263,3886034.1352868723,3885430.8526853165,3884837.6776553886,3884254.582259968,3883681.5367219257,3883118.5094046127,3882565.466793024,3882022.373475607,3881489.1921267905,3880965.8834902938,3880452.406363252,3879948.7175812097,3879454.7720040237,3878970.52250277,3878495.9199476624,3878030.9131970815,3877575.4490877367,3877129.4724260517,3876692.9259808226,3876265.7504772237,3875847.8845921974,3875439.264951349,3875039.8261273457,3874649.500639964,3874268.218957794,3873895.9095017146,3873532.4986501895,3873177.910746488,3872832.068107863,3872494.891036811,3872166.2978344625,3871846.204816187,3871534.5263295122,3871231.1747743986,3870936.060625997,3870649.0924599264,3870370.176980193,3870099.2190498007,3869836.1217241394,3869580.7862872495,3869333.1122910245,3869092.9975974234,3868860.3384237885,3868635.0293913353,3868416.963576874,3868206.0325678536,3868002.126520787,3867805.134223096,3867614.9431585083,3867431.4395759627,3867254.5085621537,3867084.0341177336,3866919.899237207,3866761.985992565,3866610.175620681,3866464.348614481,3866324.384817935,3866190.1635248233,3866061.5635813284,3865938.4634923902,3865820.7415318345,3865708.2758562244,3865600.944622396,3865498.6261086105,3865401.1988392468,3865308.541712981,3865220.5341343014,3865137.0561482804,3865057.988578465,3864983.21316774,3864912.6127219703,3864846.07125629,3864783.474143789,3864724.7082664235,3864669.662167844,3864618.2262079897,3864570.2927190457,3864525.756162573,3864484.5132874157,3864446.4632881097,3864411.507963393,3864379.551874455,3864350.502502544,3864324.2704054834,3864300.7693727296,3864279.9165784316,3864261.632732139,3864245.842226592,3864232.473282147,3864221.458087361,3864212.732935164,3864206.23835419,3864201.9192346735,3864199.724948476,3864199.609462643,3864201.5314460853,3864205.45436879,3864211.346593152,3864219.1814569198,3864228.937347323,3864240.597765943,3864254.1513839536,3864269.5920873336,3864286.9190117377,3864306.136566725,3864327.254449068,3864350.287644949,3864375.256420835,3864402.1863029045,3864431.108044939,3864462.0575845772,3864495.075987978,3864530.2093828092,3864567.508879675,3864607.0304819825,3864648.834984348,3864692.9878595625,3864739.559134238,3864788.6232531206,3864840.2589321304,3864894.5490000527,3864951.580228844,3865011.4431524067,3865074.231873611,3865140.0438593295,3865208.979723137,3865281.1429952853,3865356.639879579,3865435.578996691,3865518.0711136074,3865604.2288589096,3865694.166423871,3865787.999249625,3865885.8437010776,3865987.8167289644,3866094.035522111,3866204.617153244,3866319.6782228784,3866439.3345077345,3866563.700622113,3866692.88970339,3866827.0131358844,3866966.1803310937,3867110.4985867594,3867260.073052291,3867415.0068340707,3867575.40128093,3867741.3564977394,3867912.972143584,3868090.3485805327,3868273.5884493147,3868462.798759468,3868658.0935938647,3868859.597540753,3869067.449981704,3869281.8103815713,3869502.864749462,3869730.833471295,3869965.980761678,3870208.626056672,3870459.15778718,3870718.0501624392,3870985.883895745,3871263.372281719,3871551.394780995,3871851.04143726,3872163.6733160233,3872491.0072488324,3872835.2386202877,3873199.2262365804,3873586.7841176707,3874003.169869621,3874455.9636540907,3874956.8038924728,3875525.283509828,3876199.6058413414,3877078.4004431562,0.0
15.75,5052010.911423028,5050762.402154018,5049545.411169561,5048360.372976622,5047207.726957939,5046087.917409804,5045001.393579541,5043948.609702579,5042930.025039127,5041946.103910421,5040997.3157344805,5040084.135061405,5039207.0416081045,5038366.520292507,5037563.06126714,5036797.159952111,5036069.317067425,5035380.038664605,5034729.83615759,5034119.226352883,5033548.731478883,5033018.879214421,5032530.202716405,5032083.240646594,5031678.537197417,5031316.642116859,5030998.1107323235,5030723.503973485,5030493.388394079,5030308.336192597,5030168.925231882,5030075.739057547,5030029.366915258,5030030.403766813,5030079.450304985,5030177.11296716,5030324.003947715,5030520.741209132,5030767.948491853,5031066.255322842,5031416.297022898,5031818.714712693,5032274.1553175375,5032783.271570934,5033346.7220168905,5033965.171011076,5034639.288720822,5035369.751124021,5036157.24000702,5037002.442961523,5037906.053380628,5038868.7704540705,5039891.299162791,5040974.350272945,5042118.640329501,5043324.89164957,5044593.83231567,5045926.196169077,5047322.72280353,5048784.157559495,5050311.251519279,5051904.761503268,5053565.450067642,5055294.085503869,5057091.44184045,5058958.298847259,5060895.442042966,5062903.662706099,5064983.757890215,5067136.530443814,5069362.789035653,5071663.348186143,5074039.02830557,5076490.655739971,5079019.062825545,5081625.087952536,5084309.575639584,5087073.376619685,5089917.347938856,5092842.353068805,5095849.262034942,5098938.951561133,5102112.305232735,5105370.213679519,5108713.57478023,5112143.293890617,5115660.284096817,5119265.4664962515,5122959.77050811,5126744.1342158,5130619.504743721,5134586.838670954,5138647.102484491,5142801.273074875,5147050.338277081,5151395.297459778,5155837.1621660525,5160376.956808944,5165015.719425168,5169754.502490447,5174594.373800146,5179536.417418725,5184581.734701791,5189731.445394418,5194986.6888094945,5200348.625089734,5205818.436557018,5211397.329152498,5217086.533970824,5222887.308891557,5228800.940310505,5234828.744973394,5240972.071913692,5247232.304495847,5253610.862564501,5260109.20469917,5266728.830573099,5273471.283413406,5280338.152558452,5287331.076106373,5294451.743646858,5301701.899065778,5309083.343409568,5316597.937793104,5324247.606331088,5332034.339068818,5339960.194883302,5348027.304320157,5356237.872325268,5364594.180822973,5373098.591084033,5381753.545817091,5390561.570906336,5399525.276705385,5408647.358783029,5417930.597999779,5427377.859775184,5436992.0923838075,5446776.324092573,5456733.658922922,5466867.270787422,5477180.3957113,5487676.321803871,5498358.376591582,5509229.9112625215,5520294.28129931,5531554.822892007,5543014.824421726,5554677.492186751,5566545.909401823,5578622.987333924,5590911.407238598,5603413.55152366,5616131.42228382,5629066.545011869,5642219.8548883395,5655591.562569997,5669180.995823464,5682986.412668126,5697004.780884667,5711231.517794107,5725660.183100955,5740282.116310136,5755086.008767944,5770057.398758523,5785178.076357413,5800425.3830102915,5815771.3892721925,5831181.93317789,5846615.501952822,5862021.942287819,5877340.9909696635,5892500.63119973,5907415.305174425,5921984.058019246,5936088.763916441,5949592.7106769215,5962340.021446594,5974156.709569325,5984854.639705811,5994240.336376331,6002131.3887380315,6008383.821518486,6012933.170476168,6015847.388037946,6017375.741101252,6017949.626135812,6018067.6085587125,6018074.972414141,6018074.999999998,0.0
15.5,6672968.872805777,6667026.128222614,6661074.34478942,6655113.695278371,6649144.357903366,6643166.516453652,6637180.360430589,6631186.085187666,6625183.892073806,6619173.988580026,6613156.5884895455,6607131.9120314345,6601100.1860377835,6595061.6441046,6589016.526756381,6582965.081614524,6576907.563569623,6570844.23495768,6564775.3657404,6558701.233689566,6552622.124575583,6546538.332360302,6540450.1593941925,6534357.916617859,6528261.9237680985,6522162.509588487,6516060.012044583,6509954.77854382,6503847.166160174,6497737.541863651,6491626.282754657,6485513.776303315,6479400.420593794,6473286.624573706,6467172.808308586,6461059.403241551,6454946.852458126,6448835.610956327,6442726.145921979,6436618.937009302,6430514.476626798,6424413.270228409,6418315.836609998,6412222.708211047,6406134.431421621,6400051.566894531,6393974.689862646,6387904.3904612465,6381841.274055422,6375785.9615722755,6369739.089837975,6363701.311919349,6357673.297469952,6351655.733080386,6345649.322632652,6339654.7876582565,6333672.867699834,6327704.320675945,6321749.923248669,6315810.471193653,6309886.779772088,6303979.6841042265,6298090.0395438075,6292218.722052839,6286366.628576058,6280534.677414384,6274723.8085965,6268934.984247741,6263169.188955349,6257427.4301290065,6251710.738355539,6246020.167746557,6240356.7962776655,6234721.726117796,6229116.083947057,6223541.021261361,6217997.714661984,6212487.366127985,6207011.2032693075,6201570.4795581605,6196166.474536118,6190800.49399413,6185473.870122439,6180187.9616271565,6174944.153810002,6169743.858607375,6164588.51458479,6159479.586882134,6154418.567105232,6149406.973158441,6144446.34901297,6139538.26440503,6134684.314457494,6129886.119218394,6125145.323109005,6120463.5942737935,6115842.623823971,6111284.124965775,6106789.832004143,6102361.499211541,6098000.899551396,6093709.823244498,6089490.0761664,6085343.478062732,6081271.86056883,6077277.065019065,6073360.94003057,6069525.338845104,6065772.116411954,6062103.126193886,6058520.2166772885,6055025.22756674,6051619.985643396,6048306.300265793,6045085.958490827,6041960.719792079,6038932.310351921,6036002.416903511,6033172.680098363,6030444.687375166,6027819.96530555,6025299.971393102,6022886.085302648,6020579.59949813,6018381.709269203,6016293.502129153,6014315.946569889,6012449.880163874,6010695.997007938,6009054.8345103115,6007526.759529812,6006111.9538855795,6004810.399266829,6003621.861585493,6002545.874830323,6001581.724499451,6000728.4307100605,5999984.731108776,5999349.063735196,5998819.550024169,5998393.978169958,5998069.787118164,5997844.051498974,5997713.467868759,5997674.342685694,5997722.582509173,5997853.686981882,5998062.745226338,5998344.436363473,5998693.034937171,5999102.4221026525,5999566.103504051,6000077.234822106,6000628.656009068,6001212.935235496,6001822.423540757,6002449.321091007,6003085.755787762,6003723.874716047,6004355.948549993,6004974.488520301,6005572.374866169,6006142.99482091,6006680.3870992595,6007179.3885632325,6007635.7772635305,6008046.404443717,6008409.306466175,6008723.786157159,6008990.452049137,6009211.203804717,6009389.153222988,6009528.4732127255,6009634.17250497,6009711.802018851,6009767.1095709605,6009805.672064875,6009832.546185724,6009851.986217146,6009867.275962784,6009880.706220194,6009893.698500245,6009907.036022309,6009921.131073006,6009936.255670141,6009952.700821376,6009970.890899116,6009991.537576573,6010016.0283654565,6010047.945402606,0.0
15.25,9592839.760392597,9584990.281365203,9577076.696465887,9569098.252143312,9561054.183405837,9552943.713616155,9544766.054281922,9536520.404842265,9528205.95245009,9519821.871750161,9511367.324652784,9502841.460103126,9494243.413845968,9485572.30818591,9476827.25174289,9468007.339202942,9459111.651064118,9450139.253377484,9441089.197483122,9431960.519741008,9422752.241256744,9413463.367601993,9404092.888529599,9394639.777683245,9385102.99230161,9375481.472916914,9365774.143047793,9355979.908886397,9346097.658979662,9336126.263904622,9326064.575937783,9315911.428718358,9305665.63690541,9295325.995828772,9284891.281133654,9274360.24841898,9263731.632869259,9253004.14888008,9242176.489677055,9231247.326928286,9220215.310350211,9209079.067306912,9197837.202402787,9186488.29706862,9175030.90914101,9163463.572435252,9151784.796311585,9139993.065234957,9128086.83832826,9116064.548919175,9103924.604080709,9091665.38416546,9079285.242333861,9066782.504076399,9054155.466730146,9041402.398989676,9028521.540412664,9015511.100920426,9002369.26029368,8989094.167663887,8975683.941000555,8962136.666594878,8948450.398540288,8934623.158210339,8920652.933734603,8906537.67947313,8892275.315490315,8877863.727028862,8863300.763984751,8848584.240384215,8833711.933863735,8818681.585154247,8803490.897570847,8788137.536509365,8772619.128951395,8756933.262979433,8741077.487303967,8725049.31080458,8708846.202087205,8692465.589059995,8675904.85853047,8659161.355826706,8642232.384445868,8625115.205733383,8607807.038596578,8590305.059256878,8572606.401044961,8554708.154243855,8536607.365985168,8518301.040204398,8499786.137661522,8481059.576033922,8462118.230089076,8442958.9319454,8423578.47143011,8403973.596544087,8384141.014044415,8364077.390156382,8343779.351427836,8323243.485739886,8302466.343489431,8281444.438960279,8260174.2519013425,8238652.229332114,8216874.7875975035,8194838.314696423,8172539.172910596,8149973.70176293,8127138.221337455,8104029.035996123,8080642.4385311585,8056974.714795589,8033022.1488588685,8008781.028739119,7984247.652769013,7959418.33665787,7934289.421319222,7908857.281540191,7883118.335577026,7857069.055770031,7830705.98028101,7804025.726067394,7777025.0032194,7749700.630800358,7722049.554345547,7694068.865191952,7665755.821830328,7637107.87349227,7608122.68620873,7578798.171602898,7549132.518710185,7519124.229150987,7488772.156019345,7458075.54689162,7427034.091406019,7395647.973915227,7363917.931772169,7331845.319873126,7299432.182154016,7266681.330814806,7233596.434135274,7200182.113842129,7166444.053094595,7132389.116272475,7098025.481878057,7063362.790000778,7028412.305940552,6993187.10174076,6957702.257542604,6921975.084834703,6886025.373829771,6849875.667344452,6813551.563676807,6777082.051049767,6740499.876192825,6703841.949533479,6667149.789215159,6630470.005684128,6593854.827802904,6557362.670230636,6521058.739995476,6485015.677549604,6449314.223846721,6414043.899721065,6379303.676556262,6345202.607231894,6311860.372749611,6279407.681661184,6247986.435086663,6217749.538127457,6188860.197126923,6161490.489962516,6135818.932651582,6112026.691464691,6090292.0116236685,6070782.367018098,6053643.813089476,6038987.11047687,6026870.493353597,6017279.6694852505,6010107.0283159595,6005134.39806222,6002027.105937638,6000350.663085166,5999621.70563167,5999394.270554469,5999352.946125253,5999350.031901781,5999350.000001828,5999350.0,0.0
15.0,14044958.839323029,14045927.140259646,14046891.79549437,14047852.770635327,14048810.03139559,14049763.543607332,14050713.27323647,14051659.186397776,14052601.249370456,14053539.428614236,14054473.690785948,14055404.002756603,14056330.331628993,14057252.644755838,14058170.909758445,14059085.094545936,14059995.167335011,14060901.096670287,14061802.851445222,14062700.400923604,14063593.714761632,14064482.763030615,14065367.516240256,14066247.945362566,14067124.021856394,14067995.717692591,14068863.005379789,14069725.857990861,14070584.249189977,14071438.153260356,14072287.54513265,14073132.400413966,14073972.695417603,14074808.407193394,14075639.513558742,14076465.993130308,14077287.825356362,14078104.990549788,14078917.469921743,14079725.245615983,14080528.30074379,14081326.61941957,14082120.18679707,14082908.989106188,14083693.013690412,14084472.249044817,14085246.684854638,14086016.312034408,14086781.122767592,14087541.110546755,14088296.270214174,14089046.598002933,14089792.091578398,14090532.750080084,14091268.574163886,14091999.566044562,14092725.72953851,14093447.07010673,14094163.594897952,14094875.31279184,14095582.234442258,14096284.372320488,14096981.74075835,14097674.355991159,14098362.236200418,14099045.401556188,14099723.874259029,14100397.678581407,14101066.840908524,14101731.389778374,14102391.355920998,14103046.772296796,14103697.674133725,14104344.098963352,14104986.086655535,14105623.679451648,14106256.921996182,14106885.861366576,14107510.54710113,14108131.031224836,14108747.36827292,14109359.615312004,14109967.831958646,14110572.08039507,14111172.425381988,14111768.9342682,14112361.676996911,14112950.726108471,14113536.156739434,14114118.046617653,14114696.476053327,14115271.527925722,14115843.287665471,14116411.843232205,14116977.285087412,14117539.706162345,14118099.20182085,14118655.869816981,14119209.81024735,14119761.125498047,14120309.92018618,14120856.30109595,14121400.377109285,14121942.259131141,14122482.06000948,14123019.894450165,14123555.878926959,14124090.131586822,14124622.772150991,14125153.921812104,14125683.703128006,14126212.239912715,14126739.657125322,14127266.08075758,14127791.637721106,14128316.455735248,14128840.66321677,14129364.389172714,14129887.763097849,14130410.91487839,14130933.974703753,14131457.072988361,14131980.340305595,14132503.907336302,14133027.904834393,14133552.463612234,14134077.71454883,14134603.788623897,14135130.816981228,14135658.93102482,14136188.262551565,14136718.943924362,14137251.10828976,14137784.88984433,14138320.424154129,14138857.848531747,14139397.302475438,14139938.928174958,14140482.871088726,14141029.280596895,14141578.310734939,14142130.121012168,14142684.87731963,14143242.752931556,14143803.929604512,14144368.598778157,14144936.962881424,14145509.236747822,14146085.649143474,14146666.444411676,14147251.88423785,14147842.249539305,14148437.842484906,14149038.988650933,14149646.039321091,14150259.373941164,14150879.40274209,14151506.569550138,14152141.354809152,14152784.278848648,14153435.90544334,14154096.845725266,14154767.762530845,14155449.375293363,14156142.465628518,14156847.88381041,14157566.556401081,14158299.495383507,14159047.80926289,14159812.716752768,14160595.563863376,14161397.845477462,14162221.232858524,14163067.609028656,14163939.114640892,14164838.207961185,14165767.744050562,14166731.080519784,14167732.220892012,14168776.012704998,14169868.427993475,14171016.972604658,14172231.306001507,14173524.222861832,14174913.295834305,14176423.823740179,14178094.634923156,14179991.091904908,14182240.641544906,14185172.313410824,0.0
14.75,18343261.9955998,18353429.146002177,18363657.18022703,18373946.771285094,18384298.60215397,18394713.36595348,18405191.766124435,18415734.516610973,18426342.342046373,18437015.97794258,18447756.17088337,18458563.678721387,18469439.27077893,18480383.728052776,18491397.843422934,18502482.421865534,18513638.280669834,18524866.249659557,18536167.171418447,18547541.901520293,18558991.308763444,18570516.275409847,18582117.69742882,18593796.484745454,18605553.561493922,18617389.866275664,18629306.352422524,18641303.98826503,18653383.75740575,18665546.658997957,18677793.708029564,18690125.935612477,18702544.38927745,18715050.133274447,18727644.24887872,18740327.834702536,18753102.007012725,18765967.900054045,18778926.666378547,18791979.477180824,18805127.52263938,18818372.01226407,18831714.17524968,18845155.260835692,18858696.53867228,18872339.299192525,18886084.853990942,18899934.53620823,18913889.70092229,18927951.725545533,18942122.010228366,18956401.97826887,18970793.07652859,18985296.775854375,18999914.5715061,19014647.983590256,19029498.55749917,19044467.864355717,19059557.501463316,19074769.092760973,19090104.289283082,19105564.769623704,19121152.240404915,19136868.436748892,19152715.12275319,19168694.091968782,19184807.16788019,19201056.2043872,19217443.086287282,19233969.72975799,19250638.0828385,19267450.12590915,19284407.872168023,19301513.368103255,19318768.693959795,19336175.964199025,19353737.3279497,19371454.96944831,19389331.108466897,19407368.000726093,19425567.938290987,19443933.249947093,19462466.301553495,19481169.49636998,19500045.275354456,19519096.117426954,19538324.539695736,19557733.097640853,19577324.38525001,19597101.035101,19617065.718384456,19637221.144860115,19657570.062739007,19678115.25848336,19698859.55651513,19719805.81882318,19740956.94445827,19762315.86890372,19783885.563308753,19805669.033569936,19827669.319244858,19849889.492280673,19872332.655538302,19895001.94109122,19917900.50827579,19941031.54146763,19964398.24755607,19988003.853086073,20011851.60103353,20035944.747177046,20060286.556025013,20084880.296252906,20109729.235601213,20134836.635179125,20160205.74311376,20185839.78747832,20211741.968425862,20237915.44944767,20264363.347666882,20291088.723068755,20318094.566558484,20345383.786726147,20372959.19518576,20400823.490340963,20428979.239414796,20457428.85856305,20486174.59087186,20515218.4820186,20544562.3533515,20574207.772116754,20604156.018533066,20634408.04938064,20664964.457735777,20695825.42844235,20726990.688867006,20758459.45443606,20790230.36839803,20822301.43519589,20854669.94676766,20887332.40102176,20920284.411654692,20953520.60839288,20987034.526647307,21020818.485469565,21054863.45259118,21089158.895215392,21123692.615113597,21158450.566459868,21193416.654719315,21228572.514795665,21263897.266547043,21299367.245707322,21334955.70821846,21370632.50600669,21406363.732350353,21442111.335226838,21477832.697441757,21513480.183003325,21549000.650201563,21584334.933308206,21619417.296893686,21654174.86967934,21688527.06889384,21722385.0316583,21755651.07747228,21788218.236038424,21819969.888233405,21850779.585971404,21880511.140149623,21909019.096057013,21936149.75375491,21961742.937752612,21985634.77536281,22007661.80336305,22027666.779714208,22045506.61306023,22061062.802348074,22074254.63841978,22085055.05140447,22093508.22696793,22099746.743849494,22104003.81544219,22106613.367876425,22107988.282670654,22108568.560241386,22108742.828842998,22108772.977508772,22108774.97913518,22108774.9999976,22108775.0,0.0
14.5,20658230.086447857,20666614.313977543,20675013.07584218,20683426.21975064,20691853.587528,20700295.014960404,20708750.33163589,20717219.360781513,20725701.919096302,20734197.8165802,20742706.856358733,20751228.834503505,20759763.53984819,20768310.75380011,20776870.25014725,20785441.79486054,20794025.145891424,20802620.052964505,20811226.25736523,20819843.491722506,20828471.47978611,20837109.936198816,20845758.566263136,20854417.065702558,20863085.120417163,20871762.406233538,20880448.588648904,20889143.322569266,20897846.25204157,20906557.009979736,20915275.217884433,20924000.485556524,20932732.4108041,20941470.579142943,20950214.5634904,20958963.923852496,20967718.207004298,20976476.946163308,20985239.660655953,20994005.855576977,21002775.02144175,21011546.633831374,21020320.153030545,21029095.023658164,21037870.674290575,21046646.517077506,21055421.94735057,21064196.343224473,21072969.065190762,21081739.455704305,21090506.83876239,21099270.51947664,21108029.783637706,21116783.89727286,21125532.10619669,21134273.63555492,21143007.68936161,21151733.450029876,21160450.077896472,21169156.710740346,21177852.46329562,21186536.42675926,21195207.66829388,21203865.230526052,21212508.131040726,21221135.3618722,21229745.888992336,21238338.651796658,21246912.562589124,21255466.50606633,21263999.33880218,21272509.888733916,21280996.954650637,21289459.3056856,21297895.68081349,21306304.788354203,21314685.30548469,21323035.877760537,21331355.118649244,21339641.60907707,21347893.89699188,21356110.496944122,21364289.889688753,21372430.521810748,21380530.805377405,21388589.117620487,21396603.80065203,21404573.16121739,21412495.47048988,21420368.963911224,21428191.841082834,21435962.265712887,21443678.365624886,21451338.232833568,21458939.923694585,21466481.45913479,21473960.824970577,21481375.972321965,21488724.818131007,21496005.24579341,21503215.105913047,21510352.21718953,21517414.3674498,21524399.314835288,21531304.789157048,21538128.493431892,21544868.105613373,21551521.28053233,21558085.652062442,21564558.83552711,21570938.43036481,21577222.02307092,21583407.190434866,21589491.503092185,21595472.529411986,21601347.839740906,21607115.011025447,21612771.631835055,21618315.3078088,21623743.66754892,21629054.368984446,21634245.10622825,21639313.61695036,21644257.690289743,21649075.175325777,21653763.990128968,21658322.131408535,21662747.684771705,21667038.83560621,21671193.88059304,21675211.239851404,21679089.46971132,21682827.276101552,21686423.52853155,21689877.274634995,21693187.75523011,21696354.419836976,21699376.94257507,21702255.238344714,21704989.479173884,21707580.110586498,21710027.867820356,21712333.791691158,21714499.243864685,21716525.921261493,21718415.869277727,21720171.493463036,21721795.5692515,21723291.249296397,21724662.067914926,21725911.942107346,21727045.1685784,21728066.416161593,21728980.71303192,21729793.428096518,21730510.245980363,21731137.13508396,21731680.30828915,21732146.17603736,21732541.291710302,21732872.28951522,21733145.8154212,21733368.45211344,21733546.639424868,21733686.59225708,21733794.21858948,21733875.040755138,21733934.123670343,21733976.014057755,21734004.694792878,21734023.558210876,21734035.401419234,21734042.44528888,21734046.376837365,21734048.412296742,21734049.375580072,21734049.7846189,21734049.936774597,21734049.984825477,21734049.997180644,21734049.999624334,21734049.99996785,21734049.999998502,21734049.99999997,21734050.0,21734050.0,21734050.0,21734050.0,21734050.0,21734050.0,0.0
14.25,21177516.184271894,21180386.684618607,21183239.973942436,21186075.85679223,21188894.137104467,21191694.618247658,21194477.10306865,21197241.393940993,21199987.292815384,21202714.60127222,21205423.12057639,21208112.651734307,21210782.995553266,21213433.952703197,21216065.323780857,21218676.909376543,21221268.510143396,21223839.926869366,21226390.960551832,21228921.4124751,21231431.084290694,21233919.778100576,21236387.29654339,21238833.44288372,21241258.021104544,21243660.83600286,21246041.693288565,21248400.399686728,21250736.76304325,21253050.59243401,21255341.698277593,21257609.892451588,21259854.98841263,21262076.801320188,21264275.148164134,21266449.84789625,21268600.72156566,21270727.59245822,21272830.286240052,21274908.631105136,21276962.457927063,21278991.600415003,21280995.89527394,21282975.18236918,21284929.304895155,21286858.109548625,21288761.446706194,21290639.170606248,21292491.13953523,21294317.21601837,21296117.267014723,21297891.16411659,21299638.783753306,21301360.007399224,21303054.72178603,21304722.819119174,21306364.1972984,21307978.7601423,21309566.41761673,21311127.08606701,21312660.68845375,21314167.154592127,21315646.42139445,21317098.43311579,21318523.141602494,21319920.50654321,21321290.495722353,21322633.085275467,21323948.259946343,21325236.013345413,21326496.348209072,21327729.276659496,21328934.82046444,21330113.011296578,21331263.890991807,21332387.511805907,21333483.936668977,21334553.239436917,21335595.505139276,21336610.83022269,21337599.32278906,21338561.102827627,21339496.30243999,21340405.06605712,21341287.550647307,21342143.925913915,21342974.374481857,21343779.09207152,21344558.28765887,21345312.18362043,21346041.0158617,21346745.033927582,21347424.5010933,21348079.69443422,21348710.90487299,21349318.43720226,21349902.610081337,21350463.75600494,21351002.221242275,21351518.365744643,21352012.563019644,21352485.19997017,21352936.676696304,21353367.406258255,21353777.814398482,21354168.339221247,21354539.430827808,21354891.550905634,21355225.17227002,21355540.778356694,21355838.8626641,21356119.928144235,21356384.486541092,21356633.057676047,21356866.168679796,21357084.353170685,21357288.15037974,21357478.104222964,21357654.76232207,21357818.67497511,21357970.394079085,21358110.472007256,21358239.46044426,21358357.909183063,21358466.364888277,21358565.369831137,21358655.460602295,21358737.16680917,21358811.00976562,21358877.501182288,21358937.141866878,21358990.42044434,21359037.81210769,21359079.77741074,21359116.761114676,21359149.191100836,21359177.477362234,21359202.011086695,21359223.16384414,21359241.286890436,21359256.710599497,21359269.744034488,21359280.6746677,21359289.76825718,21359297.268886138,21359303.39916897,21359308.360625014,21359312.334218256,21359315.48105779,21359317.943250686,21359319.844895,21359321.293197375,21359322.379696093,21359323.181567445,21359323.762990505,21359324.176543597,21359324.464604456,21359324.66072601,21359324.790960725,21359324.87510854,21359324.927866824,21359324.959865138,21359324.978572857,21359324.98907356,21359324.994706094,21359324.99757784,21359324.998960882,21359324.999585494,21359324.99984777,21359324.999949127,21359324.99998475,21359324.999995966,21359324.999999076,21359324.99999982,21359324.99999997,21359324.999999996,21359325.0,21359325.0,21359325.0,21359325.0,21359325.0,21359325.0,21359325.0,21359325.0,21359325.0,21359325.0,21359325.0,21359325.0,21359325.0,21359325.0,0.0
14.0,20967486.856604155,20967947.248196896,20968399.77747989,20968844.47844414,20969281.38630388,20969710.53750422,20970131.969728336,20970545.72190418,20970951.83421071,20971350.348083537,20971741.30622015,20972124.752584428,20972500.732410666,20972869.292206917,20973230.47975775,20973584.344126247,20973930.935655415,20974270.30596877,20974602.50797022,20974927.59584319,20975245.62504885,20975556.652323615,20975860.735675707,20976157.934380837,20976448.30897697,20976731.92125815,20977008.83426732,20977279.11228811,20977542.820835654,20977800.026646268,20978050.797666047,20978295.203038357,20978533.31309013,20978765.19931701,20978990.934367236,20979210.59202435,20979424.247188568,20979631.975856908,20979833.855101943,20980029.96304929,20980220.37885362,20980405.18267338,20980584.45564404,20980758.279849935,20980926.738294628,20981089.914869845,20981247.894322902,20981400.762222648,20981548.604923878,20981691.509530276,20981829.56385581,20981962.856384594,20982091.47622927,20982215.513087828,20982335.057198923,20982450.199295714,20982561.030558176,20982667.642563958,20982770.127237786,20982868.576799434,20982963.083710317,20983053.74061868,20983140.64030351,20983223.87561714,20983303.539426636,20983379.72455401,20983452.52371533,20983522.029458754,20983588.33410164,20983651.529666726,20983711.707817532,20983768.959793035,20983823.376341723,20983875.04765517,20983924.06330119,20983970.51215674,20984014.482340652,20984056.061146382,20984095.33497484,20984132.389267564,20984167.308440246,20984200.17581691,20984231.073564805,20984260.08263024,20984287.28267555,20984312.752017282,20984336.56756594,20984358.804767348,20984379.537545867,20984398.838249713,20984416.777598515,20984433.42463331,20984448.846669234,20984463.10925104,20984476.276111715,20984488.4091343,20984499.568317153,20984509.81174291,20984519.195551116,20984527.77391492,20984535.599021856,20984542.721058868,20984549.18820176,20984555.04660911,20984560.34042083,20984565.111761346,20984569.400747556,20984573.245501515,20984576.682167925,20984579.744936343,20984582.466068123,20984584.87592796,20984587.00302001,20984588.874028362,20984590.513861768,20984591.945702396,20984593.1910584,20984594.26982003,20984595.20031903,20984595.999390934,20984596.68244002,20984597.263506472,20984597.75533536,20984598.169447113,20984598.516208936,20984598.804906864,20984599.04381789,20984599.240281813,20984599.40077233,20984599.5309669,20984599.635815065,20984599.719604734,20984599.786026094,20984599.838232823,20984599.8789003,20984599.910280526,20984599.93425357,20984599.95237539,20984599.96592185,20984599.97592897,20984599.983229283,20984599.98848448,20984599.992214315,20984599.99482197,20984599.996616058,20984599.997829463,20984599.998635273,20984599.999160044,20984599.99949471,20984599.9997034,20984599.999830425,20984599.999905765,20984599.99994921,20984599.999973513,20984599.999986675,20984599.99999355,20984599.99999701,20984599.999998674,20984599.99999944,20984599.999999776,20984599.999999918,20984599.99999997,20984599.99999999,20984599.999999996,20984600.0,20984600.0,20984600.0,20984600.0,20984600.0,20984600.0,20984600.0,20984600.0,20984600.0,20984600.0,20984600.0,20984600.0,20984600.0,20984600.0,20984600.0,20984600.0,20984600.0,20984600.0,20984600.0,20984600.0,20984600.0,20984600.0,20984600.0,20984600.0,20984600.0,20984600.0,0.0
13.75,20609022.803208087,20609057.967160776,20609092.02199531,20609124.99003786,20609156.893518526,20609187.75456482,20609217.595195156,20609246.437312275,20609274.302696735,20609301.213000357,20609327.18973967,20609352.254289426,20609376.42787606,20609399.731571224,20609422.186285347,20609443.812761195,20609464.631567523,20609484.663092755,20609503.9275387,20609522.444914352,20609540.235029794,20609557.317490086,20609573.71168934,20609589.436804824,20609604.511791177,20609618.955374748,20609632.78604802,20609646.022064187,20609658.681431837,20609670.78190978,20609682.341002014,20609693.375952877,20609703.90374229,20609713.941081256,20609723.504407443,20609732.609881032,20609741.2733807,20609749.51049983,20609757.336542916,20609764.766522165,20609771.81515437,20609778.496857952,20609784.82575026,20609790.81564513,20609796.480050635,20609801.832167167,20609806.884885702,20609811.650786366,20609816.142137267,20609820.3708936,20609824.348697007,20609828.086875252,20609831.596442148,20609834.888097804,20609837.972229127,20609840.85891064,20609843.55790557,20609846.07866727,20609848.43034087,20609850.621765293,20609852.66147548,20609854.557705007,20609856.31838887,20609857.951166667,20609859.46338596,20609860.86210599,20609862.154101618,20609863.345867526,20609864.443622693,20609865.45331512,20609866.380626768,20609867.23097875,20609868.00953673,20609868.721216537,20609869.370689977,20609869.96239081,20609870.500520937,20609870.989056714,20609871.43175541,20609871.832161814,20609872.193614945,20609872.519254867,20609872.812029563,20609873.074701913,20609873.309856698,20609873.519907627,20609873.707104415,20609873.873539817,20609874.02115666,20609874.15175487,20609874.266998384,20609874.36842204,20609874.457438372,20609874.535344284,20609874.603327632,20609874.662473645,20609874.713771235,20609874.758119117,20609874.79633178,20609874.829145238,20609874.85722264,20609874.881159626,20609874.90148951,20609874.918688223,20609874.93317902,20609874.945336998,20609874.95549333,20609874.963939317,20609874.970930155,20609874.97668849,20609874.981407758,20609874.98525525,20609874.98837499,20609874.990890373,20609874.992906585,20609874.99451284,20609874.995784372,20609874.996784292,20609874.997565202,20609874.9981707,20609874.998636674,20609874.99899248,20609874.999261945,20609874.99946429,20609874.999614872,20609874.999725897,20609874.999806955,20609874.999865532,20609874.99990741,20609874.999937013,20609874.999957696,20609874.99997196,20609874.99998168,20609874.9999882,20609874.99999252,20609874.999995336,20609874.99999714,20609874.99999828,20609874.999998987,20609874.99999941,20609874.999999665,20609874.999999814,20609874.999999903,20609874.999999948,20609874.999999974,20609874.999999985,20609874.999999993,20609874.999999996,20609875.0,20609875.0,20609875.0,20609875.0,20609875.0,20609875.0,20609875.0,20609875.0,20609875.0,20609875.0,20609875.0,20609875.0,20609875.0,20609875.0,20609875.0,20609875.0,20609875.0,20609875.0,20609875.0,20609875.0,20609875.0,20609875.0,20609875.0,20609875.0,20609875.0,20609875.0,20609875.0,20609875.0,20609875.0,20609875.0,20609875.0,20609875.0,20609875.0,20609875.0,20609875.0,20609875.0,20609875.0,20609875.0,20609875.0,20609875.0,20609875.0,20609875.0,0.0
13.5,20235128.591799665,20235129.853434335,20235131.052730702,20235132.192104965,20235133.27391025,20235134.300437175,20235135.273914374,20235136.196509104,20235137.07032784,20235137.89741691,20235138.679763142,20235139.41929459,20235140.117881183,20235140.777335513,20235141.399413556,20235141.985815458,20235142.538186327,20235143.05811708,20235143.547145236,20235144.006755825,20235144.438382227,20235144.843407087,20235145.22316322,20235145.578934543,20235145.911957007,20235146.223419562,20235146.51446512,20235146.786191538,20235147.039652612,20235147.275859073,20235147.49577959,20235147.70034179,20235147.8904333,20235148.066902738,20235148.23056078,20235148.382181164,20235148.522501748,20235148.652225535,20235148.772021722,20235148.882526703,20235148.984345134,20235149.07805095,20235149.164188374,20235149.24327293,20235149.315792482,20235149.382208187,20235149.442955516,20235149.49844522,20235149.549064294,20235149.595176924,20235149.637125447,20235149.67523125,20235149.70979569,20235149.74110098,20235149.769411083,20235149.794972524,20235149.81801527,20235149.83875352,20235149.85738652,20235149.87409931,20235149.88906353,20235149.90243808,20235149.914369904,20235149.924994607,20235149.934437186,20235149.942812607,20235149.950226482,20235149.95677562,20235149.962548602,20235149.967626363,20235149.97208266,20235149.97598462,20235149.97939319,20235149.982363597,20235149.984945774,20235149.98718478,20235149.98912118,20235149.990791395,20235149.99222807,20235149.993460376,20235149.99451433,20235149.99541306,20235149.99617709,20235149.996824563,20235149.997371487,20235149.997831944,20235149.998218276,20235149.99854127,20235149.998810336,20235149.999033637,20235149.999218244,20235149.999370262,20235149.999494925,20235149.99959673,20235149.999679506,20235149.999746505,20235149.99980049,20235149.99984377,20235149.99987831,20235149.99990572,20235149.99992737,20235149.999944374,20235149.99995765,20235149.999967955,20235149.99997591,20235149.999982007,20235149.999986656,20235149.999990173,20235149.999992818,20235149.999994792,20235149.999996252,20235149.999997325,20235149.999998108,20235149.999998674,20235149.999999076,20235149.999999363,20235149.999999568,20235149.99999971,20235149.999999806,20235149.999999873,20235149.999999918,20235149.999999948,20235149.999999963,20235149.999999978,20235149.999999985,20235149.999999993,20235149.999999993,20235149.999999996,20235150.0,20235150.0,20235150.0,20235150.0,20235150.0,20235150.0,20235150.0,20235150.0,20235150.0,20235150.0,20235150.0,20235150.0,20235150.0,20235150.0,20235150.0,20235150.0,20235150.0,20235150.0,20235150.0,20235150.0,20235150.0,20235150.0,20235150.0,20235150.0,20235150.0,20235150.0,20235150.0,20235150.0,20235150.0,20235150.0,20235150.0,20235150.0,20235150.0,20235150.0,20235150.0,20235150.0,20235150.0,20235150.0,20235150.0,20235150.0,20235150.0,20235150.0,20235150.0,20235150.0,20235150.0,20235150.0,20235150.0,20235150.0,20235150.0,20235150.0,20235150.0,20235150.0,20235150.0,20235150.0,20235150.0,20235150.0,20235150.0,20235150.0,20235150.0,20235150.0,20235150.0,20235150.0,0.0
13.25,19860424.74100051,19860424.76170122,19860424.780938827,19860424.79880201,19860424.815375082,19860424.83073814,19860424.8449672,19860424.85813438,19860424.87030804,19860424.881552905,19860424.89193024,19860424.901497975,19860424.91031083,19860424.918420475,19860424.925875634,19860424.932722233,19860424.93900351,19860424.944760133,19860424.950030334,19860424.954850007,19860424.959252823,19860424.963270333,19860424.96693209,19860424.97026573,19860424.973297067,19860424.976050198,19860424.9785476,19860424.9808102,19860424.98285747,19860424.9847075,19860424.986377094,19860424.98788182,19860424.98923611,19860424.990453288,19860424.991545692,19860424.992524676,19860424.993400734,19860424.99418349,19860424.99488181,19860424.995503824,19860424.996056985,19860424.996548105,19860424.99698342,19860424.99736861,19860424.997708857,19860424.998008877,19860424.998272937,19860424.99850492,19860424.998708345,19860424.998886377,19860424.999041878,19860424.99917743,19860424.999295346,19860424.999397706,19860424.999486372,19860424.999563005,19860424.99962909,19860424.99968595,19860424.999734756,19860424.99977655,19860424.999812245,19860424.99984266,19860424.99986851,19860424.999890417,19860424.99990894,19860424.999924548,19860424.999937672,19860424.99994867,19860424.99995786,19860424.99996552,19860424.999971874,19860424.999977138,19860424.99998148,19860424.999985054,19860424.999987982,19860424.99999037,19860424.99999231,19860424.99999389,19860424.999995165,19860424.999996185,19860424.999997005,19860424.99999766,19860424.999998182,19860424.999998588,19860424.999998912,19860424.999999166,19860424.999999367,19860424.999999516,19860424.999999635,19860424.999999724,19860424.9999998,19860424.999999847,19860424.99999989,19860424.999999918,19860424.99999994,19860424.999999955,19860424.99999997,19860424.999999978,19860424.999999985,19860424.99999999,19860424.999999993,19860424.999999993,19860424.999999996,19860424.999999996,19860425.0,19860425.0,19860425.0,19860425.0,19860425.0,19860425.0,19860425.0,19860425.0,19860425.0,19860425.0,19860425.0,19860425.0,19860425.0,19860425.0,19860425.0,19860425.0,19860425.0,19860425.0,19860425.0,19860425.0,19860425.0,19860425.0,19860425.0,19860425.0,19860425.0,19860425.0,19860425.0,19860425.0,19860425.0,19860425.0,19860425.0,19860425.0,19860425.0,19860425.0,19860425.0,19860425.0,19860425.0,19860425.0,19860425.0,19860425.0,19860425.0,19860425.0,19860425.0,19860425.0,19860425.0,19860425.0,19860425.0,19860425.0,19860425.0,19860425.0,19860425.0,19860425.0,19860425.0,19860425.0,19860425.0,19860425.0,19860425.0,19860425.0,19860425.0,19860425.0,19860425.0,19860425.0,19860425.0,19860425.0,19860425.0,19860425.0,19860425.0,19860425.0,19860425.0,19860425.0,19860425.0,19860425.0,19860425.0,19860425.0,19860425.0,19860425.0,19860425.0,19860425.0,19860425.0,19860425.0,19860425.0,19860425.0,19860425.0,19860425.0,19860425.0,19860425.0,0.0
13.0,19485699.99856005,19485699.998710107,19485699.998845864,19485699.99896855,19485699.999079295,19485699.999179143,19485699.99926907,19485699.999349955,19485699.999422632,19485699.999487843,19485699.99954629,19485699.999598604,19485699.999645367,19485699.99968712,19485699.999724343,19485699.999757487,19485699.999786954,19485699.99981312,19485699.99983632,19485699.99985686,19485699.999875017,19485699.99989104,19485699.99990517,19485699.999917597,19485699.999928515,19485699.999938093,19485699.999946482,19485699.99995382,19485699.999960218,19485699.999965794,19485699.999970645,19485699.999974854,19485699.9999785,19485699.999981657,19485699.999984384,19485699.999986727,19485699.999988742,19485699.99999048,19485699.999991957,19485699.999993224,19485699.999994308,19485699.999995224,19485699.999996006,19485699.999996666,19485699.99999722,19485699.999997694,19485699.99999809,19485699.99999842,19485699.999998696,19485699.99999893,19485699.999999125,19485699.999999285,19485699.999999415,19485699.999999527,19485699.999999616,19485699.99999969,19485699.99999975,19485699.9999998,19485699.99999984,19485699.999999873,19485699.999999896,19485699.999999918,19485699.999999937,19485699.999999948,19485699.999999963,19485699.99999997,19485699.999999978,19485699.99999998,19485699.999999985,19485699.99999999,19485699.999999993,19485699.999999993,19485699.999999993,19485699.999999996,19485699.999999996,19485700.0,19485700.0,19485700.0,19485700.0,19485700.0,19485700.0,19485700.0,19485700.0,19485700.0,19485700.0,19485700.0,19485700.0,19485700.0,19485700.0,19485700.0,19485700.0,19485700.0,19485700.0,19485700.0,19485700.0,19485700.0,19485700.0,19485700.0,19485700.0,19485700.0,19485700.0,19485700.0,19485700.0,19485700.0,19485700.0,19485700.0,19485700.0,19485700.0,19485700.0,19485700.0,19485700.0,19485700.0,19485700.0,19485700.0,19485700.0,19485700.0,19485700.0,19485700.0,19485700.0,19485700.0,19485700.0,19485700.0,19485700.0,19485700.0,19485700.0,19485700.0,19485700.0,19485700.0,19485700.0,19485700.0,19485700.0,19485700.0,19485700.0,19485700.0,19485700.0,19485700.0,19485700.0,19485700.0,19485700.0,19485700.0,19485700.0,19485700.0,19485700.0,19485700.0,19485700.0,19485700.0,19485700.0,19485700.0,19485700.0,19485700.0,19485700.0,19485700.0,19485700.0,19485700.0,19485700.0,19485700.0,19485700.0,19485700.0,19485700.0,19485700.0,19485700.0,19485700.0,19485700.0,19485700.0,19485700.0,19485700.0,19485700.0,19485700.0,19485700.0,19485700.0,19485700.0,19485700.0,19485700.0,19485700.0,19485700.0,19485700.0,19485700.0,19485700.0,19485700.0,19485700.0,19485700.0,19485700.0,19485700.0,19485700.0,19485700.0,19485700.0,19485700.0,19485700.0,19485700.0,19485700.0,0.0
12.75,19110974.999996495,19110974.99999696,19110974.999997362,19110974.999997716,19110974.999998026,19110974.999998294,19110974.999998532,19110974.999998737,19110974.999998916,19110974.99999907,19110974.999999203,19110974.999999322,19110974.99999942,19110974.999999505,19110974.99999958,19110974.999999642,19110974.9999997,19110974.999999747,19110974.999999784,19110974.99999982,19110974.999999847,19110974.999999873,19110974.999999896,19110974.99999991,19110974.999999925,19110974.99999994,19110974.999999948,19110974.999999955,19110974.999999966,19110974.99999997,19110974.999999978,19110974.99999998,19110974.999999985,19110974.999999985,19110974.99999999,19110974.999999993,19110974.999999993,19110974.999999993,19110974.999999993,19110974.999999996,19110974.999999996,19110974.999999996,19110975.0,19110975.0,19110975.0,19110975.0,19110975.0,19110975.0,19110975.0,19110975.0,19110975.0,19110975.0,19110975.0,19110975.0,19110975.0,19110975.0,19110975.0,19110975.0,19110975.0,19110975.0,19110975.0,19110975.0,19110975.0,19110975.0,19110975.0,19110975.0,19110975.0,19110975.0,19110975.0,19110975.0,19110975.0,19110975.0,19110975.0,19110975.0,19110975.0,19110975.0,19110975.0,19110975.0,19110975.0,19110975.0,19110975.0,19110975.0,19110975.0,19110975.0,19110975.0,19110975.0,19110975.0,19110975.0,19110975.0,19110975.0,19110975.0,19110975.0,19110975.0,19110975.0,19110975.0,19110975.0,19110975.0,19110975.0,19110975.0,19110975.0,19110975.0,19110975.0,19110975.0,19110975.0,19110975.0,19110975.0,19110975.0,19110975.0,19110975.0,19110975.0,19110975.0,19110975.0,19110975.0,19110975.0,19110975.0,19110975.0,19110975.0,19110975.0,19110975.0,19110975.0,19110975.0,19110975.0,19110975.0,19110975.0,19110975.0,19110975.0,19110975.0,19110975.0,19110975.0,19110975.0,19110975.0,19110975.0,19110975.0,19110975.0,19110975.0,19110975.0,19110975.0,19110975.0,19110975.0,19110975.0,19110975.0,19110975.0,19110975.0,19110975.0,19110975.0,19110975.0,19110975.0,19110975.0,19110975.0,19110975.0,19110975.0,19110975.0,19110975.0,19110975.0,19110975.0,19110975.0,19110975.0,19110975.0,19110975.0,19110975.0,19110975.0,19110975.0,19110975.0,19110975.0,19110975.0,19110975.0,19110975.0,19110975.0,19110975.0,19110975.0,19110975.0,19110975.0,19110975.0,19110975.0,19110975.0,19110975.0,19110975.0,19110975.0,19110975.0,19110975.0,19110975.0,19110975.0,19110975.0,19110975.0,19110975.0,19110975.0,19110975.0,19110975.0,19110975.0,19110975.0,0.0
12.5,18736249.999999996,18736249.999999996,18736249.999999996,18736249.999999996,18736250.0,18736250.0,18736250.0,18736250.0,18736250.0,18736250.0,18736250.0,18736250.0,18736250.0,18736250.0,18736250.0,18736250.0,18736250.0,18736250.0,18736250.0,18736250.0,18736250.0,18736250.0,18736250.0,18736250.0,18736250.0,18736250.0,18736250.0,18736250.0,18736250.0,18736250.0,18736250.0,18736250.0,18736250.0,18736250.0,18736250.0,18736250.0,18736250.0,18736250.0,18736250.0,18736250.0,18736250.0,18736250.0,18736250.0,18736250.0,18736250.0,18736250.0,18736250.0,18736250.0,18736250.0,18736250.0,18736250.0,18736250.0,18736250.0,18736250.0,18736250.0,18736250.0,18736250.0,18736250.0,18736250.0,18736250.0,18736250.0,18736250.0,18736250.0,18736250.0,18736250.0,18736250.0,18736250.0,18736250.0,18736250.0,18736250.0,18736250.0,18736250.0,18736250.0,18736250.0,18736250.0,18736250.0,18736250.0,18736250.0,18736250.0,18736250.0,18736250.0,18736250.0,18736250.0,18736250.0,18736250.0,18736250.0,18736250.0,18736250.0,18736250.0,18736250.0,18736250.0,18736250.0,18736250.0,18736250.0,18736250.0,18736250.0,18736250.0,18736250.0,18736250.0,18736250.0,18736250.0,18736250.0,18736250.0,18736250.0,18736250.0,18736250.0,18736250.0,18736250.0,18736250.0,18736250.0,18736250.0,18736250.0,18736250.0,18736250.0,18736250.0,18736250.0,18736250.0,18736250.0,18736250.0,18736250.0,18736250.0,18736250.0,18736250.0,18736250.0,18736250.0,18736250.0,18736250.0,18736250.0,18736250.0,18736250.0,18736250.0,18736250.0,18736250.0,18736250.0,18736250.0,18736250.0,18736250.0,18736250.0,18736250.0,18736250.0,18736250.0,18736250.0,18736250.0,18736250.0,18736250.0,18736250.0,18736250.0,18736250.0,18736250.0,18736250.0,18736250.0,18736250.0,18736250.0,18736250.0,18736250.0,18736250.0,18736250.0,18736250.0,18736250.0,18736250.0,18736250.0,18736250.0,18736250.0,18736250.0,18736250.0,18736250.0,18736250.0,18736250.0,18736250.0,18736250.0,18736250.0,18736250.0,18736250.0,18736250.0,18736250.0,18736250.0,18736250.0,18736250.0,18736250.0,18736250.0,18736250.0,18736250.0,18736250.0,18736250.0,18736250.0,18736250.0,18736250.0,18736250.0,18736250.0,18736250.0,0.0
12.25,18361525.0,18361525.0,18361525.0,18361525.0,18361525.0,18361525.0,18361525.0,18361525.0,18361525.0,18361525.0,18361525.0,18361525.0,18361525.0,18361525.0,18361525.0,18361525.0,18361525.0,18361525.0,18361525.0,18361525.0,18361525.0,18361525.0,18361525.0,18361525.0,18361525.0,18361525.0,18361525.0,18361525.0,18361525.0,18361525.0,18361525.0,18361525.0,18361525.0,18361525.0,18361525.0,18361525.0,18361525.0,18361525.0,18361525.0,18361525.0,18361525.0,18361525.0,18361525.0,18361525.0,18361525.0,18361525.0,18361525.0,18361525.0,18361525.0,18361525.0,18361525.0,18361525.0,18361525.0,18361525.0,18361525.0,18361525.0,18361525.0,18361525.0,18361525.0,18361525.0,18361525.0,18361525.0,18361525.0,18361525.0,18361525.0,18361525.0,18361525.0,18361525.0,18361525.0,18361525.0,18361525.0,18361525.0,18361525.0,18361525.0,18361525.0,18361525.0,18361525.0,18361525.0,18361525.0,18361525.0,18361525.0,18361525.0,18361525.0,18361525.0,18361525.0,18361525.0,18361525.0,18361525.0,18361525.0,18361525.0,18361525.0,18361525.0,18361525.0,18361525.0,18361525.0,18361525.0,18361525.0,18361525.0,18361525.0,18361525.0,18361525.0,18361525.0,18361525.0,18361525.0,18361525.0,18361525.0,18361525.0,18361525.0,18361525.0,18361525.0,18361525.0,18361525.0,18361525.0,18361525.0,18361525.0,18361525.0,18361525.0,18361525.0,18361525.0,18361525.0,18361525.0,18361525.0,18361525.0,18361525.0,18361525.0,18361525.0,18361525.0,18361525.0,18361525.0,18361525.0,18361525.0,18361525.0,18361525.0,18361525.0,18361525.0,18361525.0,18361525.0,18361525.0,18361525.0,18361525.0,18361525.0,18361525.0,18361525.0,18361525.0,18361525.0,18361525.0,18361525.0,18361525.0,18361525.0,18361525.0,18361525.0,18361525.0,18361525.0,18361525.0,18361525.0,18361525.0,18361525.0,18361525.0,18361525.0,18361525.0,18361525.0,18361525.0,18361525.0,18361525.0,18361525.0,18361525.0,18361525.0,18361525.0,18361525.0,18361525.0,18361525.0,18361525.0,18361525.0,18361525.0,18361525.0,18361525.0,18361525.0,18361525.0,18361525.0,18361525.0,18361525.0,18361525.0,18361525.0,18361525.0,18361525.0,18361525.0,18361525.0,18361525.0,18361525.0,18361525.0,0.0
12.0,17986800.0,17986800.0,17986800.0,17986800.0,17986800.0,17986800.0,17986800.0,17986800.0,17986800.0,17986800.0,17986800.0,17986800.0,17986800.0,17986800.0,17986800.0,17986800.0,17986800.0,17986800.0,17986800.0,17986800.0,17986800.0,17986800.0,17986800.0,17986800.0,17986800.0,17986800.0,17986800.0,17986800.0,17986800.0,17986800.0,17986800.0,17986800.0,17986800.0,17986800.0,17986800.0,17986800.0,17986800.0,17986800.0,17986800.0,17986800.0,17986800.0,17986800.0,17986800.0,17986800.0,17986800.0,17986800.0,17986800.0,17986800.0,17986800.0,17986800.0,17986800.0,17986800.0,17986800.0,17986800.0,17986800.0,17986800.0,17986800.0,17986800.0,17986800.0,17986800.0,17986800.0,17986800.0,17986800.0,17986800.0,17986800.0,17986800.0,17986800.0,17986800.0,17986800.0,17986800.0,17986800.0,17986800.0,17986800.0,17986800.0,17986800.0,17986800.0,17986800.0,17986800.0,17986800.0,17986800.0,17986800.0,17986800.0,17986800.0,17986800.0,17986800.0,17986800.0,17986800.0,17986800.0,17986800.0,17986800.0,17986800.0,17986800.0,17986800.0,17986800.0,17986800.0,17986800.0,17986800.0,17986800.0,17986800.0,17986800.0,17986800.0,17986800.0,17986800.0,17986800.0,17986800.0,17986800.0,17986800.0,17986800.0,17986800.0,17986800.0,17986800.0,17986800.0,17986800.0,17986800.0,17986800.0,17986800.0,17986800.0,17986800.0,17986800.0,17986800.0,17986800.0,17986800.0,17986800.0,17986800.0,17986800.0,17986800.0,17986800.0,17986800.0,17986800.0,17986800.0,17986800.0,17986800.0,17986800.0,17986800.0,17986800.0,17986800.0,17986800.0,17986800.0,17986800.0,17986800.0,17986800.0,17986800.0,17986800.0,17986800.0,17986800.0,17986800.0,17986800.0,17986800.0,17986800.0,17986800.0,17986800.0,17986800.0,17986800.0,17986800.0,17986800.0,17986800.0,17986800.0,17986800.0,17986800.0,17986800.0,17986800.0,17986800.0,17986800.0,17986800.0,17986800.0,17986800.0,17986800.0,17986800.0,17986800.0,17986800.0,17986800.0,17986800.0,17986800.0,17986800.0,17986800.0,17986800.0,17986800.0,17986800.0,17986800.0,17986800.0,17986800.0,17986800.0,17986800.0,17986800.0,17986800.0,17986800.0,17986800.0,17986800.0,17986800.0,17986800.0,0.0
11.75,17612075.0,17612075.0,17612075.0,17612075.0,17612075.0,17612075.0,17612075.0,17612075.0,17612075.0,17612075.0,17612075.0,17612075.0,17612075.0,17612075.0,17612075.0,17612075.0,17612075.0,17612075.0,17612075.0,17612075.0,17612075.0,17612075.0,17612075.0,17612075.0,17612075.0,17612075.0,17612075.0,17612075.0,17612075.0,17612075.0,17612075.0,17612075.0,17612075.0,17612075.0,17612075.0,17612075.0,17612075.0,17612075.0,17612075.0,17612075.0,17612075.0,17612075.0,17612075.0,17612075.0,17612075.0,17612075.0,17612075.0,17612075.0,17612075.0,17612075.0,17612075.0,17612075.0,17612075.0,17612075.0,17612075.0,17612075.0,17612075.0,17612075.0,17612075.0,17612075.0,17612075.0,17612075.0,17612075.0,17612075.0,17612075.0,17612075.0,17612075.0,17612075.0,17612075.0,17612075.0,17612075.0,17612075.0,17612075.0,17612075.0,17612075.0,17612075.0,17612075.0,17612075.0,17612075.0,17612075.0,17612075.0,17612075.0,17612075.0,17612075.0,17612075.0,17612075.0,17612075.0,17612075.0,17612075.0,17612075.0,17612075.0,17612075.0,17612075.0,17612075.0,17612075.0,17612075.0,17612075.0,17612075.0,17612075.0,17612075.0,17612075.0,17612075.0,17612075.0,17612075.0,17612075.0,17612075.0,17612075.0,17612075.0,17612075.0,17612075.0,17612075.0,17612075.0,17612075.0,17612075.0,17612075.0,17612075.0,17612075.0,17612075.0,17612075.0,17612075.0,17612075.0,17612075.0,17612075.0,17612075.0,17612075.0,17612075.0,17612075.0,17612075.0,17612075.0,17612075.0,17612075.0,17612075.0,17612075.0,17612075.0,17612075.0,17612075.0,17612075.0,17612075.0,17612075.0,17612075.0,17612075.0,17612075.0,17612075.0,17612075.0,17612075.0,17612075.0,17612075.0,17612075.0,17612075.0,17612075.0,17612075.0,17612075.0,17612075.0,17612075.0,17612075.0,17612075.0,17612075.0,17612075.0,17612075.0,17612075.0,17612075.0,17612075.0,17612075.0,17612075.0,17612075.0,17612075.0,17612075.0,17612075.0,17612075.0,17612075.0,17612075.0,17612075.0,17612075.0,17612075.0,17612075.0,17612075.0,17612075.0,17612075.0,17612075.0,17612075.0,17612075.0,17612075.0,17612075.0,17612075.0,17612075.0,17612075.0,17612075.0,17612075.0,17612075.0,17612075.0,0.0
11.5,17237350.0,17237350.0,17237350.0,17237350.0,17237350.0,17237350.0,17237350.0,17237350.0,17237350.0,17237350.0,17237350.0,17237350.0,17237350.0,17237350.0,17237350.0,17237350.0,17237350.0,17237350.0,17237350.0,17237350.0,17237350.0,17237350.0,17237350.0,17237350.0,17237350.0,17237350.0,17237350.0,17237350.0,17237350.0,17237350.0,17237350.0,17237350.0,17237350.0,17237350.0,17237350.0,17237350.0,17237350.0,17237350.0,17237350.0,17237350.0,17237350.0,17237350.0,17237350.0,17237350.0,17237350.0,17237350.0,17237350.0,17237350.0,17237350.0,17237350.0,17237350.0,17237350.0,17237350.0,17237350.0,17237350.0,17237350.0,17237350.0,17237350.0,17237350.0,17237350.0,17237350.0,17237350.0,17237350.0,17237350.0,17237350.0,17237350.0,17237350.0,17237350.0,17237350.0,17237350.0,17237350.0,17237350.0,17237350.0,17237350.0,17237350.0,17237350.0,17237350.0,17237350.0,17237350.0,17237350.0,17237350.0,17237350.0,17237350.0,17237350.0,17237350.0,17237350.0,17237350.0,17237350.0,17237350.0,17237350.0,17237350.0,17237350.0,17237350.0,17237350.0,17237350.0,17237350.0,17237350.0,17237350.0,17237350.0,17237350.0,17237350.0,17237350.0,17237350.0,17237350.0,17237350.0,17237350.0,17237350.0,17237350.0,17237350.0,17237350.0,17237350.0,17237350.0,17237350.0,17237350.0,17237350.0,17237350.0,17237350.0,17237350.0,17237350.0,17237350.0,17237350.0,17237350.0,17237350.0,17237350.0,17237350.0,17237350.0,17237350.0,17237350.0,17237350.0,17237350.0,17237350.0,17237350.0,17237350.0,17237350.0,17237350.0,17237350.0,17237350.0,17237350.0,17237350.0,17237350.0,17237350.0,17237350.0,17237350.0,17237350.0,17237350.0,17237350.0,17237350.0,17237350.0,17237350.0,17237350.0,17237350.0,17237350.0,17237350.0,17237350.0,17237350.0,17237350.0,17237350.0,17237350.0,17237350.0,17237350.0,17237350.0,17237350.0,17237350.0,17237350.0,17237350.0,17237350.0,17237350.0,17237350.0,17237350.0,17237350.0,17237350.0,17237350.0,17237350.0,17237350.0,17237350.0,17237350.0,17237350.0,17237350.0,17237350.0,17237350.0,17237350.0,17237350.0,17237350.0,17237350.0,17237350.0,17237350.0,17237350.0,17237350.0,17237350.0,17237350.0,0.0
11.25,16862625.0,16862625.0,16862625.0,16862625.0,16862625.0,16862625.0,16862625.0,16862625.0,16862625.0,16862625.0,16862625.0,16862625.0,16862625.0,16862625.0,16862625.0,16862625.0,16862625.0,16862625.0,16862625.0,16862625.0,16862625.0,16862625.0,16862625.0,16862625.0,16862625.0,16862625.0,16862625.0,16862625.0,16862625.0,16862625.0,16862625.0,16862625.0,16862625.0,16862625.0,16862625.0,16862625.0,16862625.0,16862625.0,16862625.0,16862625.0,16862625.0,16862625.0,16862625.0,16862625.0,16862625.0,16862625.0,16862625.0,16862625.0,16862625.0,16862625.0,16862625.0,16862625.0,16862625.0,16862625.0,16862625.0,16862625.0,16862625.0,16862625.0,16862625.0,16862625.0,16862625.0,16862625.0,16862625.0,16862625.0,16862625.0,16862625.0,16862625.0,16862625.0,16862625.0,16862625.0,16862625.0,16862625.0,16862625.0,16862625.0,16862625.0,16862625.0,16862625.0,16862625.0,16862625.0,16862625.0,16862625.0,16862625.0,16862625.0,16862625.0,16862625.0,16862625.0,16862625.0,16862625.0,16862625.0,16862625.0,16862625.0,16862625.0,16862625.0,16862625.0,16862625.0,16862625.0,16862625.0,16862625.0,16862625.0,16862625.0,16862625.0,16862625.0,16862625.0,16862625.0,16862625.0,16862625.0,16862625.0,16862625.0,16862625.0,16862625.0,16862625.0,16862625.0,16862625.0,16862625.0,16862625.0,16862625.0,16862625.0,16862625.0,16862625.0,16862625.0,16862625.0,16862625.0,16862625.0,16862625.0,16862625.0,16862625.0,16862625.0,16862625.0,16862625.0,16862625.0,16862625.0,16862625.0,16862625.0,16862625.0,16862625.0,16862625.0,16862625.0,16862625.0,16862625.0,16862625.0,16862625.0,16862625.0,16862625.0,16862625.0,16862625.0,16862625.0,16862625.0,16862625.0,16862625.0,16862625.0,16862625.0,16862625.0,16862625.0,16862625.0,16862625.0,16862625.0,16862625.0,16862625.0,16862625.0,16862625.0,16862625.0,16862625.0,16862625.0,16862625.0,16862625.0,16862625.0,16862625.0,16862625.0,16862625.0,16862625.0,16862625.0,16862625.0,16862625.0,16862625.0,16862625.0,16862625.0,16862625.0,16862625.0,16862625.0,16862625.0,16862625.0,16862625.0,16862625.0,16862625.0,16862625.0,16862625.0,16862625.0,16862625.0,16862625.0,16862625.0,0.0
11.0,16487900.0,16487900.0,16487900.0,16487900.0,16487900.0,16487900.0,16487900.0,16487900.0,16487900.0,16487900.0,16487900.0,16487900.0,16487900.0,16487900.0,16487900.0,16487900.0,16487900.0,16487900.0,16487900.0,16487900.0,16487900.0,16487900.0,16487900.0,16487900.0,16487900.0,16487900.0,16487900.0,16487900.0,16487900.0,16487900.0,16487900.0,16487900.0,16487900.0,16487900.0,16487900.0,16487900.0,16487900.0,16487900.0,16487900.0,16487900.0,16487900.0,16487900.0,16487900.0,16487900.0,16487900.0,16487900.0,16487900.0,16487900.0,16487900.0,16487900.0,16487900.0,16487900.0,16487900.0,16487900.0,16487900.0,16487900.0,16487900.0,16487900.0,16487900.0,16487900.0,16487900.0,16487900.0,16487900.0,16487900.0,16487900.0,16487900.0,16487900.0,16487900.0,16487900.0,16487900.0,16487900.0,16487900.0,16487900.0,16487900.0,16487900.0,16487900.0,16487900.0,16487900.0,16487900.0,16487900.0,16487900.0,16487900.0,16487900.0,16487900.0,16487900.0,16487900.0,16487900.0,16487900.0,16487900.0,16487900.0,16487900.0,16487900.0,16487900.0,16487900.0,16487900.0,16487900.0,16487900.0,16487900.0,16487900.0,16487900.0,16487900.0,16487900.0,16487900.0,16487900.0,16487900.0,16487900.0,16487900.0,16487900.0,16487900.0,16487900.0,16487900.0,16487900.0,16487900.0,16487900.0,16487900.0,16487900.0,16487900.0,16487900.0,16487900.0,16487900.0,16487900.0,16487900.0,16487900.0,16487900.0,16487900.0,16487900.0,16487900.0,16487900.0,16487900.0,16487900.0,16487900.0,16487900.0,16487900.0,16487900.0,16487900.0,16487900.0,16487900.0,16487900.0,16487900.0,16487900.0,16487900.0,16487900.0,16487900.0,16487900.0,16487900.0,16487900.0,16487900.0,16487900.0,16487900.0,16487900.0,16487900.0,16487900.0,16487900.0,16487900.0,16487900.0,16487900.0,16487900.0,16487900.0,16487900.0,16487900.0,16487900.0,16487900.0,16487900.0,16487900.0,16487900.0,16487900.0,16487900.0,16487900.0,16487900.0,16487900.0,16487900.0,16487900.0,16487900.0,16487900.0,16487900.0,16487900.0,16487900.0,16487900.0,16487900.0,16487900.0,16487900.0,16487900.0,16487900.0,16487900.0,16487900.0,16487900.0,16487900.0,16487900.0,16487900.0,16487900.0,0.0
10.75,16113175.0,16113175.0,16113175.0,16113175.0,16113175.0,16113175.0,16113175.0,16113175.0,16113175.0,16113175.0,16113175.0,16113175.0,16113175.0,16113175.0,16113175.0,16113175.0,16113175.0,16113175.0,16113175.0,16113175.0,16113175.0,16113175.0,16113175.0,16113175.0,16113175.0,16113175.0,16113175.0,16113175.0,16113175.0,16113175.0,16113175.0,16113175.0,16113175.0,16113175.0,16113175.0,16113175.0,16113175.0,16113175.0,16113175.0,16113175.0,16113175.0,16113175.0,16113175.0,16113175.0,16113175.0,16113175.0,16113175.0,16113175.0,16113175.0,16113175.0,16113175.0,16113175.0,16113175.0,16113175.0,16113175.0,16113175.0,16113175.0,16113175.0,16113175.0,16113175.0,16113175.0,16113175.0,16113175.0,16113175.0,16113175.0,16113175.0,16113175.0,16113175.0,16113175.0,16113175.0,16113175.0,16113175.0,16113175.0,16113175.0,16113175.0,16113175.0,16113175.0,16113175.0,16113175.0,16113175.0,16113175.0,16113175.0,16113175.0,16113175.0,16113175.0,16113175.0,16113175.0,16113175.0,16113175.0,16113175.0,16113175.0,16113175.0,16113175.0,16113175.0,16113175.0,16113175.0,16113175.0,16113175.0,16113175.0,16113175.0,16113175.0,16113175.0,16113175.0,16113175.0,16113175.0,16113175.0,16113175.0,16113175.0,16113175.0,16113175.0,16113175.0,16113175.0,16113175.0,16113175.0,16113175.0,16113175.0,16113175.0,16113175.0,16113175.0,16113175.0,16113175.0,16113175.0,16113175.0,16113175.0,16113175.0,16113175.0,16113175.0,16113175.0,16113175.0,16113175.0,16113175.0,16113175.0,16113175.0,16113175.0,16113175.0,16113175.0,16113175.0,16113175.0,16113175.0,16113175.0,16113175.0,16113175.0,16113175.0,16113175.0,16113175.0,16113175.0,16113175.0,16113175.0,16113175.0,16113175.0,16113175.0,16113175.0,16113175.0,16113175.0,16113175.0,16113175.0,16113175.0,16113175.0,16113175.0,16113175.0,16113175.0,16113175.0,16113175.0,16113175.0,16113175.0,16113175.0,16113175.0,16113175.0,16113175.0,16113175.0,16113175.0,16113175.0,16113175.0,16113175.0,16113175.0,16113175.0,16113175.0,16113175.0,16113175.0,16113175.0,16113175.0,16113175.0,16113175.0,16113175.0,16113175.0,16113175.0,16113175.0,16113175.0,16113175.0,16113175.0,0.0
10.5,15738450.0,15738450.0,15738450.0,15738450.0,15738450.0,15738450.0,15738450.0,15738450.0,15738450.0,15738450.0,15738450.0,15738450.0,15738450.0,15738450.0,15738450.0,15738450.0,15738450.0,15738450.0,15738450.0,15738450.0,15738450.0,15738450.0,15738450.0,15738450.0,15738450.0,15738450.0,15738450.0,15738450.0,15738450.0,15738450.0,15738450.0,15738450.0,15738450.0,15738450.0,15738450.0,15738450.0,15738450.0,15738450.0,15738450.0,15738450.0,15738450.0,15738450.0,15738450.0,15738450.0,15738450.0,15738450.0,15738450.0,15738450.0,15738450.0,15738450.0,15738450.0,15738450.0,15738450.0,15738450.0,15738450.0,15738450.0,15738450.0,15738450.0,15738450.0,15738450.0,15738450.0,15738450.0,15738450.0,15738450.0,15738450.0,15738450.0,15738450.0,15738450.0,15738450.0,15738450.0,15738450.0,15738450.0,15738450.0,15738450.0,15738450.0,15738450.0,15738450.0,15738450.0,15738450.0,15738450.0,15738450.0,15738450.0,15738450.0,15738450.0,15738450.0,15738450.0,15738450.0,15738450.0,15738450.0,15738450.0,15738450.0,15738450.0,15738450.0,15738450.0,15738450.0,15738450.0,15738450.0,15738450.0,15738450.0,15738450.0,15738450.0,15738450.0,15738450.0,15738450.0,15738450.0,15738450.0,15738450.0,15738450.0,15738450.0,15738450.0,15738450.0,15738450.0,15738450.0,15738450.0,15738450.0,15738450.0,15738450.0,15738450.0,15738450.0,15738450.0,15738450.0,15738450.0,15738450.0,15738450.0,15738450.0,15738450.0,15738450.0,15738450.0,15738450.0,15738450.0,15738450.0,15738450.0,15738450.0,15738450.0,15738450.0,15738450.0,15738450.0,15738450.0,15738450.0,15738450.0,15738450.0,15738450.0,15738450.0,15738450.0,15738450.0,15738450.0,15738450.0,15738450.0,15738450.0,15738450.0,15738450.0,15738450.0,15738450.0,15738450.0,15738450.0,15738450.0,15738450.0,15738450.0,15738450.0,15738450.0,15738450.0,15738450.0,15738450.0,15738450.0,15738450.0,15738450.0,15738450.0,15738450.0,15738450.0,15738450.0,15738450.0,15738450.0,15738450.0,15738450.0,15738450.0,15738450.0,15738450.0,15738450.0,15738450.0,15738450.0,15738450.0,15738450.0,15738450.0,15738450.0,15738450.0,15738450.0,15738450.0,15738450.0,15738450.0,15738450.0,0.0
10.25,15363725.0,15363725.0,15363725.0,15363725.0,15363725.0,15363725.0,15363725.0,15363725.0,15363725.0,15363725.0,15363725.0,15363725.0,15363725.0,15363725.0,15363725.0,15363725.0,15363725.0,15363725.0,15363725.0,15363725.0,15363725.0,15363725.0,15363725.0,15363725.0,15363725.0,15363725.0,15363725.0,15363725.0,15363725.0,15363725.0,15363725.0,15363725.0,15363725.0,15363725.0,15363725.0,15363725.0,15363725.0,15363725.0,15363725.0,15363725.0,15363725.0,15363725.0,15363725.0,15363725.0,15363725.0,15363725.0,15363725.0,15363725.0,15363725.0,15363725.0,15363725.0,15363725.0,15363725.0,15363725.0,15363725.0,15363725.0,15363725.0,15363725.0,15363725.0,15363725.0,15363725.0,15363725.0,15363725.0,15363725.0,15363725.0,15363725.0,15363725.0,15363725.0,15363725.0,15363725.0,15363725.0,15363725.0,15363725.0,15363725.0,15363725.0,15363725.0,15363725.0,15363725.0,15363725.0,15363725.0,15363725.0,15363725.0,15363725.0,15363725.0,15363725.0,15363725.0,15363725.0,15363725.0,15363725.0,15363725.0,15363725.0,15363725.0,15363725.0,15363725.0,15363725.0,15363725.0,15363725.0,15363725.0,15363725.0,15363725.0,15363725.0,15363725.0,15363725.0,15363725.0,15363725.0,15363725.0,15363725.0,15363725.0,15363725.0,15363725.0,15363725.0,15363725.0,15363725.0,15363725.0,15363725.0,15363725.0,15363725.0,15363725.0,15363725.0,15363725.0,15363725.0,15363725.0,15363725.0,15363725.0,15363725.0,15363725.0,15363725.0,15363725.0,15363725.0,15363725.0,15363725.0,15363725.0,15363725.0,15363725.0,15363725.0,15363725.0,15363725.0,15363725.0,15363725.0,15363725.0,15363725.0,15363725.0,15363725.0,15363725.0,15363725.0,15363725.0,15363725.0,15363725.0,15363725.0,15363725.0,15363725.0,15363725.0,15363725.0,15363725.0,15363725.0,15363725.0,15363725.0,15363725.0,15363725.0,15363725.0,15363725.0,15363725.0,15363725.0,15363725.0,15363725.0,15363725.0,15363725.0,15363725.0,15363725.0,15363725.0,15363725.0,15363725.0,15363725.0,15363725.0,15363725.0,15363725.0,15363725.0,15363725.0,15363725.0,15363725.0,15363725.0,15363725.0,15363725.0,15363725.0,15363725.0,15363725.0,15363725.0,15363725.0,15363725.0,15363725.0,0.0
10.0,14989000.0,14989000.0,14989000.0,14989000.0,14989000.0,14989000.0,14989000.0,14989000.0,14989000.0,14989000.0,14989000.0,14989000.0,14989000.0,14989000.0,14989000.0,14989000.0,14989000.0,14989000.0,14989000.0,14989000.0,14989000.0,14989000.0,14989000.0,14989000.0,14989000.0,14989000.0,14989000.0,14989000.0,14989000.0,14989000.0,14989000.0,14989000.0,14989000.0,14989000.0,14989000.0,14989000.0,14989000.0,14989000.0,14989000.0,14989000.0,14989000.0,14989000.0,14989000.0,14989000.0,14989000.0,14989000.0,14989000.0,14989000.0,14989000.0,14989000.0,14989000.0,14989000.0,14989000.0,14989000.0,14989000.0,14989000.0,14989000.0,14989000.0,14989000.0,14989000.0,14989000.0,14989000.0,14989000.0,14989000.0,14989000.0,14989000.0,14989000.0,14989000.0,14989000.0,14989000.0,14989000.0,14989000.0,14989000.0,14989000.0,14989000.0,14989000.0,14989000.0,14989000.0,14989000.0,14989000.0,14989000.0,14989000.0,14989000.0,14989000.0,14989000.0,14989000.0,14989000.0,14989000.0,14989000.0,14989000.0,14989000.0,14989000.0,14989000.0,14989000.0,14989000.0,14989000.0,14989000.0,14989000.0,14989000.0,14989000.0,14989000.0,14989000.0,14989000.0,14989000.0,14989000.0,14989000.0,14989000.0,14989000.0,14989000.0,14989000.0,14989000.0,14989000.0,14989000.0,14989000.0,14989000.0,14989000.0,14989000.0,14989000.0,14989000.0,14989000.0,14989000.0,14989000.0,14989000.0,14989000.0,14989000.0,14989000.0,14989000.0,14989000.0,14989000.0,14989000.0,14989000.0,14989000.0,14989000.0,14989000.0,14989000.0,14989000.0,14989000.0,14989000.0,14989000.0,14989000.0,14989000.0,14989000.0,14989000.0,14989000.0,14989000.0,14989000.0,14989000.0,14989000.0,14989000.0,14989000.0,14989000.0,14989000.0,14989000.0,14989000.0,14989000.0,14989000.0,14989000.0,14989000.0,14989000.0,14989000.0,14989000.0,14989000.0,14989000.0,14989000.0,14989000.0,14989000.0,14989000.0,14989000.0,14989000.0,14989000.0,14989000.0,14989000.0,14989000.0,14989000.0,14989000.0,14989000.0,14989000.0,14989000.0,14989000.0,14989000.0,14989000.0,14989000.0,14989000.0,14989000.0,14989000.0,14989000.0,14989000.0,14989000.0,14989000.0,14989000.0,0.0
9.75,14614275.0,14614275.0,14614275.0,14614275.0,14614275.0,14614275.0,14614275.0,14614275.0,14614275.0,14614275.0,14614275.0,14614275.0,14614275.0,14614275.0,14614275.0,14614275.0,14614275.0,14614275.0,14614275.0,14614275.0,14614275.0,14614275.0,14614275.0,14614275.0,14614275.0,14614275.0,14614275.0,14614275.0,14614275.0,14614275.0,14614275.0,14614275.0,14614275.0,14614275.0,14614275.0,14614275.0,14614275.0,14614275.0,14614275.0,14614275.0,14614275.0,14614275.0,14614275.0,14614275.0,14614275.0,14614275.0,14614275.0,14614275.0,14614275.0,14614275.0,14614275.0,14614275.0,14614275.0,14614275.0,14614275.0,14614275.0,14614275.0,14614275.0,14614275.0,14614275.0,14614275.0,14614275.0,14614275.0,14614275.0,14614275.0,14614275.0,14614275.0,14614275.0,14614275.0,14614275.0,14614275.0,14614275.0,14614275.0,14614275.0,14614275.0,14614275.0,14614275.0,14614275.0,14614275.0,14614275.0,14614275.0,14614275.0,14614275.0,14614275.0,14614275.0,14614275.0,14614275.0,14614275.0,14614275.0,14614275.0,14614275.0,14614275.0,14614275.0,14614275.0,14614275.0,14614275.0,14614275.0,14614275.0,14614275.0,14614275.0,14614275.0,14614275.0,14614275.0,14614275.0,14614275.0,14614275.0,14614275.0,14614275.0,14614275.0,14614275.0,14614275.0,14614275.0,14614275.0,14614275.0,14614275.0,14614275.0,14614275.0,14614275.0,14614275.0,14614275.0,14614275.0,14614275.0,14614275.0,14614275.0,14614275.0,14614275.0,14614275.0,14614275.0,14614275.0,14614275.0,14614275.0,14614275.0,14614275.0,14614275.0,14614275.0,14614275.0,14614275.0,14614275.0,14614275.0,14614275.0,14614275.0,14614275.0,14614275.0,14614275.0,14614275.0,14614275.0,14614275.0,14614275.0,14614275.0,14614275.0,14614275.0,14614275.0,14614275.0,14614275.0,14614275.0,14614275.0,14614275.0,14614275.0,14614275.0,14614275.0,14614275.0,14614275.0,14614275.0,14614275.0,14614275.0,14614275.0,14614275.0,14614275.0,14614275.0,14614275.0,14614275.0,14614275.0,14614275.0,14614275.0,14614275.0,14614275.0,14614275.0,14614275.0,14614275.0,14614275.0,14614275.0,14614275.0,14614275.0,14614275.0,14614275.0,14614275.0,14614275.0,14614275.0,14614275.0,14614275.0,0.0
9.5,14239550.0,14239550.0,14239550.0,14239550.0,14239550.0,14239550.0,14239550.0,14239550.0,14239550.0,14239550.0,14239550.0,14239550.0,14239550.0,14239550.0,14239550.0,14239550.0,14239550.0,14239550.0,14239550.0,14239550.0,14239550.0,14239550.0,14239550.0,14239550.0,14239550.0,14239550.0,14239550.0,14239550.0,14239550.0,14239550.0,14239550.0,14239550.0,14239550.0,14239550.0,14239550.0,14239550.0,14239550.0,14239550.0,14239550.0,14239550.0,14239550.0,14239550.0,14239550.0,14239550.0,14239550.0,14239550.0,14239550.0,14239550.0,14239550.0,14239550.0,14239550.0,14239550.0,14239550.0,14239550.0,14239550.0,14239550.0,14239550.0,14239550.0,14239550.0,14239550.0,14239550.0,14239550.0,14239550.0,14239550.0,14239550.0,14239550.0,14239550.0,14239550.0,14239550.0,14239550.0,14239550.0,14239550.0,14239550.0,14239550.0,14239550.0,14239550.0,14239550.0,14239550.0,14239550.0,14239550.0,14239550.0,14239550.0,14239550.0,14239550.0,14239550.0,14239550.0,14239550.0,14239550.0,14239550.0,14239550.0,14239550.0,14239550.0,14239550.0,14239550.0,14239550.0,14239550.0,14239550.0,14239550.0,14239550.0,14239550.0,14239550.0,14239550.0,14239550.0,14239550.0,14239550.0,14239550.0,14239550.0,14239550.0,14239550.0,14239550.0,14239550.0,14239550.0,14239550.0,14239550.0,14239550.0,14239550.0,14239550.0,14239550.0,14239550.0,14239550.0,14239550.0,14239550.0,14239550.0,14239550.0,14239550.0,14239550.0,14239550.0,14239550.0,14239550.0,14239550.0,14239550.0,14239550.0,14239550.0,14239550.0,14239550.0,14239550.0,14239550.0,14239550.0,14239550.0,14239550.0,14239550.0,14239550.0,14239550.0,14239550.0,14239550.0,14239550.0,14239550.0,14239550.0,14239550.0,14239550.0,14239550.0,14239550.0,14239550.0,14239550.0,14239550.0,14239550.0,14239550.0,14239550.0,14239550.0,14239550.0,14239550.0,14239550.0,14239550.0,14239550.0,14239550.0,14239550.0,14239550.0,14239550.0,14239550.0,14239550.0,14239550.0,14239550.0,14239550.0,14239550.0,14239550.0,14239550.0,14239550.0,14239550.0,14239550.0,14239550.0,14239550.0,14239550.0,14239550.0,14239550.0,14239550.0,14239550.0,14239550.0,14239550.0,14239550.0,14239550.0,0.0
9.25,13864825.0,13864825.0,13864825.0,13864825.0,13864825.0,13864825.0,13864825.0,13864825.0,13864825.0,13864825.0,13864825.0,13864825.0,13864825.0,13864825.0,13864825.0,13864825.0,13864825.0,13864825.0,13864825.0,13864825.0,13864825.0,13864825.0,13864825.0,13864825.0,13864825.0,13864825.0,13864825.0,13864825.0,13864825.0,13864825.0,13864825.0,13864825.0,13864825.0,13864825.0,13864825.0,13864825.0,13864825.0,13864825.0,13864825.0,13864825.0,13864825.0,13864825.0,13864825.0,13864825.0,13864825.0,13864825.0,13864825.0,13864825.0,13864825.0,13864825.0,13864825.0,13864825.0,13864825.0,13864825.0,13864825.0,13864825.0,13864825.0,13864825.0,13864825.0,13864825.0,13864825.0,13864825.0,13864825.0,13864825.0,13864825.0,13864825.0,13864825.0,13864825.0,13864825.0,13864825.0,13864825.0,13864825.0,13864825.0,13864825.0,13864825.0,13864825.0,13864825.0,13864825.0,13864825.0,13864825.0,13864825.0,13864825.0,13864825.0,13864825.0,13864825.0,13864825.0,13864825.0,13864825.0,13864825.0,13864825.0,13864825.0,13864825.0,13864825.0,13864825.0,13864825.0,13864825.0,13864825.0,13864825.0,13864825.0,13864825.0,13864825.0,13864825.0,13864825.0,13864825.0,13864825.0,13864825.0,13864825.0,13864825.0,13864825.0,13864825.0,13864825.0,13864825.0,13864825.0,13864825.0,13864825.0,13864825.0,13864825.0,13864825.0,13864825.0,13864825.0,13864825.0,13864825.0,13864825.0,13864825.0,13864825.0,13864825.0,13864825.0,13864825.0,13864825.0,13864825.0,13864825.0,13864825.0,13864825.0,13864825.0,13864825.0,13864825.0,13864825.0,13864825.0,13864825.0,13864825.0,13864825.0,13864825.0,13864825.0,13864825.0,13864825.0,13864825.0,13864825.0,13864825.0,13864825.0,13864825.0,13864825.0,13864825.0,13864825.0,13864825.0,13864825.0,13864825.0,13864825.0,13864825.0,13864825.0,13864825.0,13864825.0,13864825.0,13864825.0,13864825.0,13864825.0,13864825.0,13864825.0,13864825.0,13864825.0,13864825.0,13864825.0,13864825.0,13864825.0,13864825.0,13864825.0,13864825.0,13864825.0,13864825.0,13864825.0,13864825.0,13864825.0,13864825.0,13864825.0,13864825.0,13864825.0,13864825.0,13864825.0,13864825.0,13864825.0,13864825.0,0.0
9.0,13490100.0,13490100.0,13490100.0,13490100.0,13490100.0,13490100.0,13490100.0,13490100.0,13490100.0,13490100.0,13490100.0,13490100.0,13490100.0,13490100.0,13490100.0,13490100.0,13490100.0,13490100.0,13490100.0,13490100.0,13490100.0,13490100.0,13490100.0,13490100.0,13490100.0,13490100.0,13490100.0,13490100.0,13490100.0,13490100.0,13490100.0,13490100.0,13490100.0,13490100.0,13490100.0,13490100.0,13490100.0,13490100.0,13490100.0,13490100.0,13490100.0,13490100.0,13490100.0,13490100.0,13490100.0,13490100.0,13490100.0,13490100.0,13490100.0,13490100.0,13490100.0,13490100.0,13490100.0,13490100.0,13490100.0,13490100.0,13490100.0,13490100.0,13490100.0,13490100.0,13490100.0,13490100.0,13490100.0,13490100.0,13490100.0,13490100.0,13490100.0,13490100.0,13490100.0,13490100.0,13490100.0,13490100.0,13490100.0,13490100.0,13490100.0,13490100.0,13490100.0,13490100.0,13490100.0,13490100.0,13490100.0,13490100.0,13490100.0,13490100.0,13490100.0,13490100.0,13490100.0,13490100.0,13490100.0,13490100.0,13490100.0,13490100.0,13490100.0,13490100.0,13490100.0,13490100.0,13490100.0,13490100.0,13490100.0,13490100.0,13490100.0,13490100.0,13490100.0,13490100.0,13490100.0,13490100.0,13490100.0,13490100.0,13490100.0,13490100.0,13490100.0,13490100.0,13490100.0,13490100.0,13490100.0,13490100.0,13490100.0,13490100.0,13490100.0,13490100.0,13490100.0,13490100.0,13490100.0,13490100.0,13490100.0,13490100.0,13490100.0,13490100.0,13490100.0,13490100.0,13490100.0,13490100.0,13490100.0,13490100.0,13490100.0,13490100.0,13490100.0,13490100.0,13490100.0,13490100.0,13490100.0,13490100.0,13490100.0,13490100.0,13490100.0,13490100.0,13490100.0,13490100.0,13490100.0,13490100.0,13490100.0,13490100.0,13490100.0,13490100.0,13490100.0,13490100.0,13490100.0,13490100.0,13490100.0,13490100.0,13490100.0,13490100.0,13490100.0,13490100.0,13490100.0,13490100.0,13490100.0,13490100.0,13490100.0,13490100.0,13490100.0,13490100.0,13490100.0,13490100.0,13490100.0,13490100.0,13490100.0,13490100.0,13490100.0,13490100.0,13490100.0,13490100.0,13490100.0,13490100.0,13490100.0,13490100.0,13490100.0,13490100.0,13490100.0,13490100.0,0.0
8.75,13115375.0,13115375.0,13115375.0,13115375.0,13115375.0,13115375.0,13115375.0,13115375.0,13115375.0,13115375.0,13115375.0,13115375.0,13115375.0,13115375.0,13115375.0,13115375.0,13115375.0,13115375.0,13115375.0,13115375.0,13115375.0,13115375.0,13115375.0,13115375.0,13115375.0,13115375.0,13115375.0,13115375.0,13115375.0,13115375.0,13115375.0,13115375.0,13115375.0,13115375.0,13115375.0,13115375.0,13115375.0,13115375.0,13115375.0,13115375.0,13115375.0,13115375.0,13115375.0,13115375.0,13115375.0,13115375.0,13115375.0,13115375.0,13115375.0,13115375.0,13115375.0,13115375.0,13115375.0,13115375.0,13115375.0,13115375.0,13115375.0,13115375.0,13115375.0,13115375.0,13115375.0,13115375.0,13115375.0,13115375.0,13115375.0,13115375.0,13115375.0,13115375.0,13115375.0,13115375.0,13115375.0,13115375.0,13115375.0,13115375.0,13115375.0,13115375.0,13115375.0,13115375.0,13115375.0,13115375.0,13115375.0,13115375.0,13115375.0,13115375.0,13115375.0,13115375.0,13115375.0,13115375.0,13115375.0,13115375.0,13115375.0,13115375.0,13115375.0,13115375.0,13115375.0,13115375.0,13115375.0,13115375.0,13115375.0,13115375.0,13115375.0,13115375.0,13115375.0,13115375.0,13115375.0,13115375.0,13115375.0,13115375.0,13115375.0,13115375.0,13115375.0,13115375.0,13115375.0,13115375.0,13115375.0,13115375.0,13115375.0,13115375.0,13115375.0,13115375.0,13115375.0,13115375.0,13115375.0,13115375.0,13115375.0,13115375.0,13115375.0,13115375.0,13115375.0,13115375.0,13115375.0,13115375.0,13115375.0,13115375.0,13115375.0,13115375.0,13115375.0,13115375.0,13115375.0,13115375.0,13115375.0,13115375.0,13115375.0,13115375.0,13115375.0,13115375.0,13115375.0,13115375.0,13115375.0,13115375.0,13115375.0,13115375.0,13115375.0,13115375.0,13115375.0,13115375.0,13115375.0,13115375.0,13115375.0,13115375.0,13115375.0,13115375.0,13115375.0,13115375.0,13115375.0,13115375.0,13115375.0,13115375.0,13115375.0,13115375.0,13115375.0,13115375.0,13115375.0,13115375.0,13115375.0,13115375.0,13115375.0,13115375.0,13115375.0,13115375.0,13115375.0,13115375.0,13115375.0,13115375.0,13115375.0,13115375.0,13115375.0,13115375.0,13115375.0,13115375.0,0.0
8.5,12740650.0,12740650.0,12740650.0,12740650.0,12740650.0,12740650.0,12740650.0,12740650.0,12740650.0,12740650.0,12740650.0,12740650.0,12740650.0,12740650.0,12740650.0,12740650.0,12740650.0,12740650.0,12740650.0,12740650.0,12740650.0,12740650.0,12740650.0,12740650.0,12740650.0,12740650.0,12740650.0,12740650.0,12740650.0,12740650.0,12740650.0,12740650.0,12740650.0,12740650.0,12740650.0,12740650.0,12740650.0,12740650.0,12740650.0,12740650.0,12740650.0,12740650.0,12740650.0,12740650.0,12740650.0,12740650.0,12740650.0,12740650.0,12740650.0,12740650.0,12740650.0,12740650.0,12740650.0,12740650.0,12740650.0,12740650.0,12740650.0,12740650.0,12740650.0,12740650.0,12740650.0,12740650.0,12740650.0,12740650.0,12740650.0,12740650.0,12740650.0,12740650.0,12740650.0,12740650.0,12740650.0,12740650.0,12740650.0,12740650.0,12740650.0,12740650.0,12740650.0,12740650.0,12740650.0,12740650.0,12740650.0,12740650.0,12740650.0,12740650.0,12740650.0,12740650.0,12740650.0,12740650.0,12740650.0,12740650.0,12740650.0,12740650.0,12740650.0,12740650.0,12740650.0,12740650.0,12740650.0,12740650.0,12740650.0,12740650.0,12740650.0,12740650.0,12740650.0,12740650.0,12740650.0,12740650.0,12740650.0,12740650.0,12740650.0,12740650.0,12740650.0,12740650.0,12740650.0,12740650.0,12740650.0,12740650.0,12740650.0,12740650.0,12740650.0,12740650.0,12740650.0,12740650.0,12740650.0,12740650.0,12740650.0,12740650.0,12740650.0,12740650.0,12740650.0,12740650.0,12740650.0,12740650.0,12740650.0,12740650.0,12740650.0,12740650.0,12740650.0,12740650.0,12740650.0,12740650.0,12740650.0,12740650.0,12740650.0,12740650.0,12740650.0,12740650.0,12740650.0,12740650.0,12740650.0,12740650.0,12740650.0,12740650.0,12740650.0,12740650.0,12740650.0,12740650.0,12740650.0,12740650.0,12740650.0,12740650.0,12740650.0,12740650.0,12740650.0,12740650.0,12740650.0,12740650.0,12740650.0,12740650.0,12740650.0,12740650.0,12740650.0,12740650.0,12740650.0,12740650.0,12740650.0,12740650.0,12740650.0,12740650.0,12740650.0,12740650.0,12740650.0,12740650.0,12740650.0,12740650.0,12740650.0,12740650.0,12740650.0,12740650.0,12740650.0,12740650.0,0.0
8.25,12365925.0,12365925.0,12365925.0,12365925.0,12365925.0,12365925.0,12365925.0,12365925.0,12365925.0,12365925.0,12365925.0,12365925.0,12365925.0,12365925.0,12365925.0,12365925.0,12365925.0,12365925.0,12365925.0,12365925.0,12365925.0,12365925.0,12365925.0,12365925.0,12365925.0,12365925.0,12365925.0,12365925.0,12365925.0,12365925.0,12365925.0,12365925.0,12365925.0,12365925.0,12365925.0,12365925.0,12365925.0,12365925.0,12365925.0,12365925.0,12365925.0,12365925.0,12365925.0,12365925.0,12365925.0,12365925.0,12365925.0,12365925.0,12365925.0,12365925.0,12365925.0,12365925.0,12365925.0,12365925.0,12365925.0,12365925.0,12365925.0,12365925.0,12365925.0,12365925.0,12365925.0,12365925.0,12365925.0,12365925.0,12365925.0,12365925.0,12365925.0,12365925.0,12365925.0,12365925.0,12365925.0,12365925.0,12365925.0,12365925.0,12365925.0,12365925.0,12365925.0,12365925.0,12365925.0,12365925.0,12365925.0,12365925.0,12365925.0,12365925.0,12365925.0,12365925.0,12365925.0,12365925.0,12365925.0,12365925.0,12365925.0,12365925.0,12365925.0,12365925.0,12365925.0,12365925.0,12365925.0,12365925.0,12365925.0,12365925.0,12365925.0,12365925.0,12365925.0,12365925.0,12365925.0,12365925.0,12365925.0,12365925.0,12365925.0,12365925.0,12365925.0,12365925.0,12365925.0,12365925.0,12365925.0,12365925.0,12365925.0,12365925.0,12365925.0,12365925.0,12365925.0,12365925.0,12365925.0,12365925.0,12365925.0,12365925.0,12365925.0,12365925.0,12365925.0,12365925.0,12365925.0,12365925.0,12365925.0,12365925.0,12365925.0,12365925.0,12365925.0,12365925.0,12365925.0,12365925.0,12365925.0,12365925.0,12365925.0,12365925.0,12365925.0,12365925.0,12365925.0,12365925.0,12365925.0,12365925.0,12365925.0,12365925.0,12365925.0,12365925.0,12365925.0,12365925.0,12365925.0,12365925.0,12365925.0,12365925.0,12365925.0,12365925.0,12365925.0,12365925.0,12365925.0,12365925.0,12365925.0,12365925.0,12365925.0,12365925.0,12365925.0,12365925.0,12365925.0,12365925.0,12365925.0,12365925.0,12365925.0,12365925.0,12365925.0,12365925.0,12365925.0,12365925.0,12365925.0,12365925.0,12365925.0,12365925.0,12365925.0,12365925.0,12365925.0,12365925.0,0.0
8.0,11991200.0,11991200.0,11991200.0,11991200.0,11991200.0,11991200.0,11991200.0,11991200.0,11991200.0,11991200.0,11991200.0,11991200.0,11991200.0,11991200.0,11991200.0,11991200.0,11991200.0,11991200.0,11991200.0,11991200.0,11991200.0,11991200.0,11991200.0,11991200.0,11991200.0,11991200.0,11991200.0,11991200.0,11991200.0,11991200.0,11991200.0,11991200.0,11991200.0,11991200.0,11991200.0,11991200.0,11991200.0,11991200.0,11991200.0,11991200.0,11991200.0,11991200.0,11991200.0,11991200.0,11991200.0,11991200.0,11991200.0,11991200.0,11991200.0,11991200.0,11991200.0,11991200.0,11991200.0,11991200.0,11991200.0,11991200.0,11991200.0,11991200.0,11991200.0,11991200.0,11991200.0,11991200.0,11991200.0,11991200.0,11991200.0,11991200.0,11991200.0,11991200.0,11991200.0,11991200.0,11991200.0,11991200.0,11991200.0,11991200.0,11991200.0,11991200.0,11991200.0,11991200.0,11991200.0,11991200.0,11991200.0,11991200.0,11991200.0,11991200.0,11991200.0,11991200.0,11991200.0,11991200.0,11991200.0,11991200.0,11991200.0,11991200.0,11991200.0,11991200.0,11991200.0,11991200.0,11991200.0,11991200.0,11991200.0,11991200.0,11991200.0,11991200.0,11991200.0,11991200.0,11991200.0,11991200.0,11991200.0,11991200.0,11991200.0,11991200.0,11991200.0,11991200.0,11991200.0,11991200.0,11991200.0,11991200.0,11991200.0,11991200.0,11991200.0,11991200.0,11991200.0,11991200.0,11991200.0,11991200.0,11991200.0,11991200.0,11991200.0,11991200.0,11991200.0,11991200.0,11991200.0,11991200.0,11991200.0,11991200.0,11991200.0,11991200.0,11991200.0,11991200.0,11991200.0,11991200.0,11991200.0,11991200.0,11991200.0,11991200.0,11991200.0,11991200.0,11991200.0,11991200.0,11991200.0,11991200.0,11991200.0,11991200.0,11991200.0,11991200.0,11991200.0,11991200.0,11991200.0,11991200.0,11991200.0,11991200.0,11991200.0,11991200.0,11991200.0,11991200.0,11991200.0,11991200.0,11991200.0,11991200.0,11991200.0,11991200.0,11991200.0,11991200.0,11991200.0,11991200.0,11991200.0,11991200.0,11991200.0,11991200.0,11991200.0,11991200.0,11991200.0,11991200.0,11991200.0,11991200.0,11991200.0,11991200.0,11991200.0,11991200.0,11991200.0,11991200.0,0.0
7.75,11616475.0,11616475.0,11616475.0,11616475.0,11616475.0,11616475.0,11616475.0,11616475.0,11616475.0,11616475.0,11616475.0,11616475.0,11616475.0,11616475.0,11616475.0,11616475.0,11616475.0,11616475.0,11616475.0,11616475.0,11616475.0,11616475.0,11616475.0,11616475.0,11616475.0,11616475.0,11616475.0,11616475.0,11616475.0,11616475.0,11616475.0,11616475.0,11616475.0,11616475.0,11616475.0,11616475.0,11616475.0,11616475.0,11616475.0,11616475.0,11616475.0,11616475.0,11616475.0,11616475.0,11616475.0,11616475.0,11616475.0,11616475.0,11616475.0,11616475.0,11616475.0,11616475.0,11616475.0,11616475.0,11616475.0,11616475.0,11616475.0,11616475.0,11616475.0,11616475.0,11616475.0,11616475.0,11616475.0,11616475.0,11616475.0,11616475.0,11616475.0,11616475.0,11616475.0,11616475.0,11616475.0,11616475.0,11616475.0,11616475.0,11616475.0,11616475.0,11616475.0,11616475.0,11616475.0,11616475.0,11616475.0,11616475.0,11616475.0,11616475.0,11616475.0,11616475.0,11616475.0,11616475.0,11616475.0,11616475.0,11616475.0,11616475.0,11616475.0,11616475.0,11616475.0,11616475.0,11616475.0,11616475.0,11616475.0,11616475.0,11616475.0,11616475.0,11616475.0,11616475.0,11616475.0,11616475.0,11616475.0,11616475.0,11616475.0,11616475.0,11616475.0,11616475.0,11616475.0,11616475.0,11616475.0,11616475.0,11616475.0,11616475.0,11616475.0,11616475.0,11616475.0,11616475.0,11616475.0,11616475.0,11616475.0,11616475.0,11616475.0,11616475.0,11616475.0,11616475.0,11616475.0,11616475.0,11616475.0,11616475.0,11616475.0,11616475.0,11616475.0,11616475.0,11616475.0,11616475.0,11616475.0,11616475.0,11616475.0,11616475.0,11616475.0,11616475.0,11616475.0,11616475.0,11616475.0,11616475.0,11616475.0,11616475.0,11616475.0,11616475.0,11616475.0,11616475.0,11616475.0,11616475.0,11616475.0,11616475.0,11616475.0,11616475.0,11616475.0,11616475.0,11616475.0,11616475.0,11616475.0,11616475.0,11616475.0,11616475.0,11616475.0,11616475.0,11616475.0,11616475.0,11616475.0,11616475.0,11616475.0,11616475.0,11616475.0,11616475.0,11616475.0,11616475.0,11616475.0,11616475.0,11616475.0,11616475.0,11616475.0,11616475.0,11616475.0,11616475.0,0.0
7.5,11241750.0,11241750.0,11241750.0,11241750.0,11241750.0,11241750.0,11241750.0,11241750.0,11241750.0,11241750.0,11241750.0,11241750.0,11241750.0,11241750.0,11241750.0,11241750.0,11241750.0,11241750.0,11241750.0,11241750.0,11241750.0,11241750.0,11241750.0,11241750.0,11241750.0,11241750.0,11241750.0,11241750.0,11241750.0,11241750.0,11241750.0,11241750.0,11241750.0,11241750.0,11241750.0,11241750.0,11241750.0,11241750.0,11241750.0,11241750.0,11241750.0,11241750.0,11241750.0,11241750.0,11241750.0,11241750.0,11241750.0,11241750.0,11241750.0,11241750.0,11241750.0,11241750.0,11241750.0,11241750.0,11241750.0,11241750.0,11241750.0,11241750.0,11241750.0,11241750.0,11241750.0,11241750.0,11241750.0,11241750.0,11241750.0,11241750.0,11241750.0,11241750.0,11241750.0,11241750.0,11241750.0,11241750.0,11241750.0,11241750.0,11241750.0,11241750.0,11241750.0,11241750.0,11241750.0,11241750.0,11241750.0,11241750.0,11241750.0,11241750.0,11241750.0,11241750.0,11241750.0,11241750.0,11241750.0,11241750.0,11241750.0,11241750.0,11241750.0,11241750.0,11241750.0,11241750.0,11241750.0,11241750.0,11241750.0,11241750.0,11241750.0,11241750.0,11241750.0,11241750.0,11241750.0,11241750.0,11241750.0,11241750.0,11241750.0,11241750.0,11241750.0,11241750.0,11241750.0,11241750.0,11241750.0,11241750.0,11241750.0,11241750.0,11241750.0,11241750.0,11241750.0,11241750.0,11241750.0,11241750.0,11241750.0,11241750.0,11241750.0,11241750.0,11241750.0,11241750.0,11241750.0,11241750.0,11241750.0,11241750.0,11241750.0,11241750.0,11241750.0,11241750.0,11241750.0,11241750.0,11241750.0,11241750.0,11241750.0,11241750.0,11241750.0,11241750.0,11241750.0,11241750.0,11241750.0,11241750.0,11241750.0,11241750.0,11241750.0,11241750.0,11241750.0,11241750.0,11241750.0,11241750.0,11241750.0,11241750.0,11241750.0,11241750.0,11241750.0,11241750.0,11241750.0,11241750.0,11241750.0,11241750.0,11241750.0,11241750.0,11241750.0,11241750.0,11241750.0,11241750.0,11241750.0,11241750.0,11241750.0,11241750.0,11241750.0,11241750.0,11241750.0,11241750.0,11241750.0,11241750.0,11241750.0,11241750.0,11241750.0,11241750.0,11241750.0,11241750.0,0.0
7.25,10867025.0,10867025.0,10867025.0,10867025.0,10867025.0,10867025.0,10867025.0,10867025.0,10867025.0,10867025.0,10867025.0,10867025.0,10867025.0,10867025.0,10867025.0,10867025.0,10867025.0,10867025.0,10867025.0,10867025.0,10867025.0,10867025.0,10867025.0,10867025.0,10867025.0,10867025.0,10867025.0,10867025.0,10867025.0,10867025.0,10867025.0,10867025.0,10867025.0,10867025.0,10867025.0,10867025.0,10867025.0,10867025.0,10867025.0,10867025.0,10867025.0,10867025.0,10867025.0,10867025.0,10867025.0,10867025.0,10867025.0,10867025.0,10867025.0,10867025.0,10867025.0,10867025.0,10867025.0,10867025.0,10867025.0,10867025.0,10867025.0,10867025.0,10867025.0,10867025.0,10867025.0,10867025.0,10867025.0,10867025.0,10867025.0,10867025.0,10867025.0,10867025.0,10867025.0,10867025.0,10867025.0,10867025.0,10867025.0,10867025.0,10867025.0,10867025.0,10867025.0,10867025.0,10867025.0,10867025.0,10867025.0,10867025.0,10867025.0,10867025.0,10867025.0,10867025.0,10867025.0,10867025.0,10867025.0,10867025.0,10867025.0,10867025.0,10867025.0,10867025.0,10867025.0,10867025.0,10867025.0,10867025.0,10867025.0,10867025.0,10867025.0,10867025.0,10867025.0,10867025.0,10867025.0,10867025.0,10867025.0,10867025.0,10867025.0,10867025.0,10867025.0,10867025.0,10867025.0,10867025.0,10867025.0,10867025.0,10867025.0,10867025.0,10867025.0,10867025.0,10867025.0,10867025.0,10867025.0,10867025.0,10867025.0,10867025.0,10867025.0,10867025.0,10867025.0,10867025.0,10867025.0,10867025.0,10867025.0,10867025.0,10867025.0,10867025.0,10867025.0,10867025.0,10867025.0,10867025.0,10867025.0,10867025.0,10867025.0,10867025.0,10867025.0,10867025.0,10867025.0,10867025.0,10867025.0,10867025.0,10867025.0,10867025.0,10867025.0,10867025.0,10867025.0,10867025.0,10867025.0,10867025.0,10867025.0,10867025.0,10867025.0,10867025.0,10867025.0,10867025.0,10867025.0,10867025.0,10867025.0,10867025.0,10867025.0,10867025.0,10867025.0,10867025.0,10867025.0,10867025.0,10867025.0,10867025.0,10867025.0,10867025.0,10867025.0,10867025.0,10867025.0,10867025.0,10867025.0,10867025.0,10867025.0,10867025.0,10867025.0,10867025.0,10867025.0,10867025.0,0.0
7.0,10492300.0,10492300.0,10492300.0,10492300.0,10492300.0,10492300.0,10492300.0,10492300.0,10492300.0,10492300.0,10492300.0,10492300.0,10492300.0,10492300.0,10492300.0,10492300.0,10492300.0,10492300.0,10492300.0,10492300.0,10492300.0,10492300.0,10492300.0,10492300.0,10492300.0,10492300.0,10492300.0,10492300.0,10492300.0,10492300.0,10492300.0,10492300.0,10492300.0,10492300.0,10492300.0,10492300.0,10492300.0,10492300.0,10492300.0,10492300.0,10492300.0,10492300.0,10492300.0,10492300.0,10492300.0,10492300.0,10492300.0,10492300.0,10492300.0,10492300.0,10492300.0,10492300.0,10492300.0,10492300.0,10492300.0,10492300.0,10492300.0,10492300.0,10492300.0,10492300.0,10492300.0,10492300.0,10492300.0,10492300.0,10492300.0,10492300.0,10492300.0,10492300.0,10492300.0,10492300.0,10492300.0,10492300.0,10492300.0,10492300.0,10492300.0,10492300.0,10492300.0,10492300.0,10492300.0,10492300.0,10492300.0,10492300.0,10492300.0,10492300.0,10492300.0,10492300.0,10492300.0,10492300.0,10492300.0,10492300.0,10492300.0,10492300.0,10492300.0,10492300.0,10492300.0,10492300.0,10492300.0,10492300.0,10492300.0,10492300.0,10492300.0,10492300.0,10492300.0,10492300.0,10492300.0,10492300.0,10492300.0,10492300.0,10492300.0,10492300.0,10492300.0,10492300.0,10492300.0,10492300.0,10492300.0,10492300.0,10492300.0,10492300.0,10492300.0,10492300.0,10492300.0,10492300.0,10492300.0,10492300.0,10492300.0,10492300.0,10492300.0,10492300.0,10492300.0,10492300.0,10492300.0,10492300.0,10492300.0,10492300.0,10492300.0,10492300.0,10492300.0,10492300.0,10492300.0,10492300.0,10492300.0,10492300.0,10492300.0,10492300.0,10492300.0,10492300.0,10492300.0,10492300.0,10492300.0,10492300.0,10492300.0,10492300.0,10492300.0,10492300.0,10492300.0,10492300.0,10492300.0,10492300.0,10492300.0,10492300.0,10492300.0,10492300.0,10492300.0,10492300.0,10492300.0,10492300.0,10492300.0,10492300.0,10492300.0,10492300.0,10492300.0,10492300.0,10492300.0,10492300.0,10492300.0,10492300.0,10492300.0,10492300.0,10492300.0,10492300.0,10492300.0,10492300.0,10492300.0,10492300.0,10492300.0,10492300.0,10492300.0,10492300.0,10492300.0,10492300.0,0.0
6.75,10117575.0,10117575.0,10117575.0,10117575.0,10117575.0,10117575.0,10117575.0,10117575.0,10117575.0,10117575.0,10117575.0,10117575.0,10117575.0,10117575.0,10117575.0,10117575.0,10117575.0,10117575.0,10117575.0,10117575.0,10117575.0,10117575.0,10117575.0,10117575.0,10117575.0,10117575.0,10117575.0,10117575.0,10117575.0,10117575.0,10117575.0,10117575.0,10117575.0,10117575.0,10117575.0,10117575.0,10117575.0,10117575.0,10117575.0,10117575.0,10117575.0,10117575.0,10117575.0,10117575.0,10117575.0,10117575.0,10117575.0,10117575.0,10117575.0,10117575.0,10117575.0,10117575.0,10117575.0,10117575.0,10117575.0,10117575.0,10117575.0,10117575.0,10117575.0,10117575.0,10117575.0,10117575.0,10117575.0,10117575.0,10117575.0,10117575.0,10117575.0,10117575.0,10117575.0,10117575.0,10117575.0,10117575.0,10117575.0,10117575.0,10117575.0,10117575.0,10117575.0,10117575.0,10117575.0,10117575.0,10117575.0,10117575.0,10117575.0,10117575.0,10117575.0,10117575.0,10117575.0,10117575.0,10117575.0,10117575.0,10117575.0,10117575.0,10117575.0,10117575.0,10117575.0,10117575.0,10117575.0,10117575.0,10117575.0,10117575.0,10117575.0,10117575.0,10117575.0,10117575.0,10117575.0,10117575.0,10117575.0,10117575.0,10117575.0,10117575.0,10117575.0,10117575.0,10117575.0,10117575.0,10117575.0,10117575.0,10117575.0,10117575.0,10117575.0,10117575.0,10117575.0,10117575.0,10117575.0,10117575.0,10117575.0,10117575.0,10117575.0,10117575.0,10117575.0,10117575.0,10117575.0,10117575.0,10117575.0,10117575.0,10117575.0,10117575.0,10117575.0,10117575.0,10117575.0,10117575.0,10117575.0,10117575.0,10117575.0,10117575.0,10117575.0,10117575.0,10117575.0,10117575.0,10117575.0,10117575.0,10117575.0,10117575.0,10117575.0,10117575.0,10117575.0,10117575.0,10117575.0,10117575.0,10117575.0,10117575.0,10117575.0,10117575.0,10117575.0,10117575.0,10117575.0,10117575.0,10117575.0,10117575.0,10117575.0,10117575.0,10117575.0,10117575.0,10117575.0,10117575.0,10117575.0,10117575.0,10117575.0,10117575.0,10117575.0,10117575.0,10117575.0,10117575.0,10117575.0,10117575.0,10117575.0,10117575.0,10117575.0,10117575.0,10117575.0,10117575.0,0.0
6.5,9742850.0,9742850.0,9742850.0,9742850.0,9742850.0,9742850.0,9742850.0,9742850.0,9742850.0,9742850.0,9742850.0,9742850.0,9742850.0,9742850.0,9742850.0,9742850.0,9742850.0,9742850.0,9742850.0,9742850.0,9742850.0,9742850.0,9742850.0,9742850.0,9742850.0,9742850.0,9742850.0,9742850.0,9742850.0,9742850.0,9742850.0,9742850.0,9742850.0,9742850.0,9742850.0,9742850.0,9742850.0,9742850.0,9742850.0,9742850.0,9742850.0,9742850.0,9742850.0,9742850.0,9742850.0,9742850.0,9742850.0,9742850.0,9742850.0,9742850.0,9742850.0,9742850.0,9742850.0,9742850.0,9742850.0,9742850.0,9742850.0,9742850.0,9742850.0,9742850.0,9742850.0,9742850.0,9742850.0,9742850.0,9742850.0,9742850.0,9742850.0,9742850.0,9742850.0,9742850.0,9742850.0,9742850.0,9742850.0,9742850.0,9742850.0,9742850.0,9742850.0,9742850.0,9742850.0,9742850.0,9742850.0,9742850.0,9742850.0,9742850.0,9742850.0,9742850.0,9742850.0,9742850.0,9742850.0,9742850.0,9742850.0,9742850.0,9742850.0,9742850.0,9742850.0,9742850.0,9742850.0,9742850.0,9742850.0,9742850.0,9742850.0,9742850.0,9742850.0,9742850.0,9742850.0,9742850.0,9742850.0,9742850.0,9742850.0,9742850.0,9742850.0,9742850.0,9742850.0,9742850.0,9742850.0,9742850.0,9742850.0,9742850.0,9742850.0,9742850.0,9742850.0,9742850.0,9742850.0,9742850.0,9742850.0,9742850.0,9742850.0,9742850.0,9742850.0,9742850.0,9742850.0,9742850.0,9742850.0,9742850.0,9742850.0,9742850.0,9742850.0,9742850.0,9742850.0,9742850.0,9742850.0,9742850.0,9742850.0,9742850.0,9742850.0,9742850.0,9742850.0,9742850.0,9742850.0,9742850.0,9742850.0,9742850.0,9742850.0,9742850.0,9742850.0,9742850.0,9742850.0,9742850.0,9742850.0,9742850.0,9742850.0,9742850.0,9742850.0,9742850.0,9742850.0,9742850.0,9742850.0,9742850.0,9742850.0,9742850.0,9742850.0,9742850.0,9742850.0,9742850.0,9742850.0,9742850.0,9742850.0,9742850.0,9742850.0,9742850.0,9742850.0,9742850.0,9742850.0,9742850.0,9742850.0,9742850.0,9742850.0,9742850.0,9742850.0,9742850.0,0.0
6.25,9368125.0,9368125.0,9368125.0,9368125.0,9368125.0,9368125.0,9368125.0,9368125.0,9368125.0,9368125.0,9368125.0,9368125.0,9368125.0,9368125.0,9368125.0,9368125.0,9368125.0,9368125.0,9368125.0,9368125.0,9368125.0,9368125.0,9368125.0,9368125.0,9368125.0,9368125.0,9368125.0,9368125.0,9368125.0,9368125.0,9368125.0,9368125.0,9368125.0,9368125.0,9368125.0,9368125.0,9368125.0,9368125.0,9368125.0,9368125.0,9368125.0,9368125.0,9368125.0,9368125.0,9368125.0,9368125.0,9368125.0,9368125.0,9368125.0,9368125.0,9368125.0,9368125.0,9368125.0,9368125.0,9368125.0,9368125.0,9368125.0,9368125.0,9368125.0,9368125.0,9368125.0,9368125.0,9368125.0,9368125.0,9368125.0,9368125.0,9368125.0,9368125.0,9368125.0,9368125.0,9368125.0,9368125.0,9368125.0,9368125.0,9368125.0,9368125.0,9368125.0,9368125.0,9368125.0,9368125.0,9368125.0,9368125.0,9368125.0,9368125.0,9368125.0,9368125.0,9368125.0,9368125.0,9368125.0,9368125.0,9368125.0,9368125.0,9368125.0,9368125.0,9368125.0,9368125.0,9368125.0,9368125.0,9368125.0,9368125.0,9368125.0,9368125.0,9368125.0,9368125.0,9368125.0,9368125.0,9368125.0,9368125.0,9368125.0,9368125.0,9368125.0,9368125.0,9368125.0,9368125.0,9368125.0,9368125.0,9368125.0,9368125.0,9368125.0,9368125.0,9368125.0,9368125.0,9368125.0,9368125.0,9368125.0,9368125.0,9368125.0,9368125.0,9368125.0,9368125.0,9368125.0,9368125.0,9368125.0,9368125.0,9368125.0,9368125.0,9368125.0,9368125.0,9368125.0,9368125.0,9368125.0,9368125.0,9368125.0,9368125.0,9368125.0,9368125.0,9368125.0,9368125.0,9368125.0,9368125.0,9368125.0,9368125.0,9368125.0,9368125.0,9368125.0,9368125.0,9368125.0,9368125.0,9368125.0,9368125.0,9368125.0,9368125.0,9368125.0,9368125.0,9368125.0,9368125.0,9368125.0,9368125.0,9368125.0,9368125.0,9368125.0,9368125.0,9368125.0,9368125.0,9368125.0,9368125.0,9368125.0,9368125.0,9368125.0,9368125.0,9368125.0,9368125.0,9368125.0,9368125.0,9368125.0,9368125.0,9368125.0,9368125.0,9368125.0,9368125.0,0.0
6.0,8993400.0,8993400.0,8993400.0,8993400.0,8993400.0,8993400.0,8993400.0,8993400.0,8993400.0,8993400.0,8993400.0,8993400.0,8993400.0,8993400.0,8993400.0,8993400.0,8993400.0,8993400.0,8993400.0,8993400.0,8993400.0,8993400.0,8993400.0,8993400.0,8993400.0,8993400.0,8993400.0,8993400.0,8993400.0,8993400.0,8993400.0,8993400.0,8993400.0,8993400.0,8993400.0,8993400.0,8993400.0,8993400.0,8993400.0,8993400.0,8993400.0,8993400.0,8993400.0,8993400.0,8993400.0,8993400.0,8993400.0,8993400.0,8993400.0,8993400.0,8993400.0,8993400.0,8993400.0,8993400.0,8993400.0,8993400.0,8993400.0,8993400.0,8993400.0,8993400.0,8993400.0,8993400.0,8993400.0,8993400.0,8993400.0,8993400.0,8993400.0,8993400.0,8993400.0,8993400.0,8993400.0,8993400.0,8993400.0,8993400.0,8993400.0,8993400.0,8993400.0,8993400.0,8993400.0,8993400.0,8993400.0,8993400.0,8993400.0,8993400.0,8993400.0,8993400.0,8993400.0,8993400.0,8993400.0,8993400.0,8993400.0,8993400.0,8993400.0,8993400.0,8993400.0,8993400.0,8993400.0,8993400.0,8993400.0,8993400.0,8993400.0,8993400.0,8993400.0,8993400.0,8993400.0,8993400.0,8993400.0,8993400.0,8993400.0,8993400.0,8993400.0,8993400.0,8993400.0,8993400.0,8993400.0,8993400.0,8993400.0,8993400.0,8993400.0,8993400.0,8993400.0,8993400.0,8993400.0,8993400.0,8993400.0,8993400.0,8993400.0,8993400.0,8993400.0,8993400.0,8993400.0,8993400.0,8993400.0,8993400.0,8993400.0,8993400.0,8993400.0,8993400.0,8993400.0,8993400.0,8993400.0,8993400.0,8993400.0,8993400.0,8993400.0,8993400.0,8993400.0,8993400.0,8993400.0,8993400.0,8993400.0,8993400.0,8993400.0,8993400.0,8993400.0,8993400.0,8993400.0,8993400.0,8993400.0,8993400.0,8993400.0,8993400.0,8993400.0,8993400.0,8993400.0,8993400.0,8993400.0,8993400.0,8993400.0,8993400.0,8993400.0,8993400.0,8993400.0,8993400.0,8993400.0,8993400.0,8993400.0,8993400.0,8993400.0,8993400.0,8993400.0,8993400.0,8993400.0,8993400.0,8993400.0,8993400.0,8993400.0,8993400.0,8993400.0,8993400.0,0.0
5.75,8618675.0,8618675.0,8618675.0,8618675.0,8618675.0,8618675.0,8618675.0,8618675.0,8618675.0,8618675.0,8618675.0,8618675.0,8618675.0,8618675.0,8618675.0,8618675.0,8618675.0,8618675.0,8618675.0,8618675.0,8618675.0,8618675.0,8618675.0,8618675.0,8618675.0,8618675.0,8618675.0,8618675.0,8618675.0,8618675.0,8618675.0,8618675.0,8618675.0,8618675.0,8618675.0,8618675.0,8618675.0,8618675.0,8618675.0,8618675.0,8618675.0,8618675.0,8618675.0,8618675.0,8618675.0,8618675.0,8618675.0,8618675.0,8618675.0,8618675.0,8618675.0,8618675.0,8618675.0,8618675.0,8618675.0,8618675.0,8618675.0,8618675.0,8618675.0,8618675.0,8618675.0,8618675.0,8618675.0,8618675.0,8618675.0,8618675.0,8618675.0,8618675.0,8618675.0,8618675.0,8618675.0,8618675.0,8618675.0,8618675.0,8618675.0,8618675.0,8618675.0,8618675.0,8618675.0,8618675.0,8618675.0,8618675.0,8618675.0,8618675.0,8618675.0,8618675.0,8618675.0,8618675.0,8618675.0,8618675.0,8618675.0,8618675.0,8618675.0,8618675.0,8618675.0,8618675.0,8618675.0,8618675.0,8618675.0,8618675.0,8618675.0,8618675.0,8618675.0,8618675.0,8618675.0,8618675.0,8618675.0,8618675.0,8618675.0,8618675.0,8618675.0,8618675.0,8618675.0,8618675.0,8618675.0,8618675.0,8618675.0,8618675.0,8618675.0,8618675.0,8618675.0,8618675.0,8618675.0,8618675.0,8618675.0,8618675.0,8618675.0,8618675.0,8618675.0,8618675.0,8618675.0,8618675.0,8618675.0,8618675.0,8618675.0,8618675.0,8618675.0,8618675.0,8618675.0,8618675.0,8618675.0,8618675.0,8618675.0,8618675.0,8618675.0,8618675.0,8618675.0,8618675.0,8618675.0,8618675.0,8618675.0,8618675.0,8618675.0,8618675.0,8618675.0,8618675.0,8618675.0,8618675.0,8618675.0,8618675.0,8618675.0,8618675.0,8618675.0,8618675.0,8618675.0,8618675.0,8618675.0,8618675.0,8618675.0,8618675.0,8618675.0,8618675.0,8618675.0,8618675.0,8618675.0,8618675.0,8618675.0,8618675.0,8618675.0,8618675.0,8618675.0,8618675.0,8618675.0,8618675.0,8618675.0,8618675.0,8618675.0,8618675.0,8618675.0,8618675.0,0.0
5.5,8243950.0,8243950.0,8243950.0,8243950.0,8243950.0,8243950.0,8243950.0,8243950.0,8243950.0,8243950.0,8243950.0,8243950.0,8243950.0,8243950.0,8243950.0,8243950.0,8243950.0,8243950.0,8243950.0,8243950.0,8243950.0,8243950.0,8243950.0,8243950.0,8243950.0,8243950.0,8243950.0,8243950.0,8243950.0,8243950.0,8243950.0,8243950.0,8243950.0,8243950.0,8243950.0,8243950.0,8243950.0,8243950.0,8243950.0,8243950.0,8243950.0,8243950.0,8243950.0,8243950.0,8243950.0,8243950.0,8243950.0,8243950.0,8243950.0,8243950.0,8243950.0,8243950.0,8243950.0,8243950.0,8243950.0,8243950.0,8243950.0,8243950.0,8243950.0,8243950.0,8243950.0,8243950.0,8243950.0,8243950.0,8243950.0,8243950.0,8243950.0,8243950.0,8243950.0,8243950.0,8243950.0,8243950.0,8243950.0,8243950.0,8243950.0,8243950.0,8243950.0,8243950.0,8243950.0,8243950.0,8243950.0,8243950.0,8243950.0,8243950.0,8243950.0,8243950.0,8243950.0,8243950.0,8243950.0,8243950.0,8243950.0,8243950.0,8243950.0,8243950.0,8243950.0,8243950.0,8243950.0,8243950.0,8243950.0,8243950.0,8243950.0,8243950.0,8243950.0,8243950.0,8243950.0,8243950.0,8243950.0,8243950.0,8243950.0,8243950.0,8243950.0,8243950.0,8243950.0,8243950.0,8243950.0,8243950.0,8243950.0,8243950.0,8243950.0,8243950.0,8243950.0,8243950.0,8243950.0,8243950.0,8243950.0,8243950.0,8243950.0,8243950.0,8243950.0,8243950.0,8243950.0,8243950.0,8243950.0,8243950.0,8243950.0,8243950.0,8243950.0,8243950.0,8243950.0,8243950.0,8243950.0,8243950.0,8243950.0,8243950.0,8243950.0,8243950.0,8243950.0,8243950.0,8243950.0,8243950.0,8243950.0,8243950.0,8243950.0,8243950.0,8243950.0,8243950.0,8243950.0,8243950.0,8243950.0,8243950.0,8243950.0,8243950.0,8243950.0,8243950.0,8243950.0,8243950.0,8243950.0,8243950.0,8243950.0,8243950.0,8243950.0,8243950.0,8243950.0,8243950.0,8243950.0,8243950.0,8243950.0,8243950.0,8243950.0,8243950.0,8243950.0,8243950.0,8243950.0,8243950.0,8243950.0,8243950.0,8243950.0,8243950.0,8243950.0,8243950.0,0.0
5.25,7869225.0,7869225.0,7869225.0,7869225.0,7869225.0,7869225.0,7869225.0,7869225.0,7869225.0,7869225.0,7869225.0,7869225.0,7869225.0,7869225.0,7869225.0,7869225.0,7869225.0,7869225.0,7869225.0,7869225.0,7869225.0,7869225.0,7869225.0,7869225.0,7869225.0,7869225.0,7869225.0,7869225.0,7869225.0,7869225.0,7869225.0,7869225.0,7869225.0,7869225.0,7869225.0,7869225.0,7869225.0,7869225.0,7869225.0,7869225.0,7869225.0,7869225.0,7869225.0,7869225.0,7869225.0,7869225.0,7869225.0,7869225.0,7869225.0,7869225.0,7869225.0,7869225.0,7869225.0,7869225.0,7869225.0,7869225.0,7869225.0,7869225.0,7869225.0,7869225.0,7869225.0,7869225.0,7869225.0,7869225.0,7869225.0,7869225.0,7869225.0,7869225.0,7869225.0,7869225.0,7869225.0,7869225.0,7869225.0,7869225.0,7869225.0,7869225.0,7869225.0,7869225.0,7869225.0,7869225.0,7869225.0,7869225.0,7869225.0,7869225.0,7869225.0,7869225.0,7869225.0,7869225.0,7869225.0,7869225.0,7869225.0,7869225.0,7869225.0,7869225.0,7869225.0,7869225.0,7869225.0,7869225.0,7869225.0,7869225.0,7869225.0,7869225.0,7869225.0,7869225.0,7869225.0,7869225.0,7869225.0,7869225.0,7869225.0,7869225.0,7869225.0,7869225.0,7869225.0,7869225.0,7869225.0,7869225.0,7869225.0,7869225.0,7869225.0,7869225.0,7869225.0,7869225.0,7869225.0,7869225.0,7869225.0,7869225.0,7869225.0,7869225.0,7869225.0,7869225.0,7869225.0,7869225.0,7869225.0,7869225.0,7869225.0,7869225.0,7869225.0,7869225.0,7869225.0,7869225.0,7869225.0,7869225.0,7869225.0,7869225.0,7869225.0,7869225.0,7869225.0,7869225.0,7869225.0,7869225.0,7869225.0,7869225.0,7869225.0,7869225.0,7869225.0,7869225.0,7869225.0,7869225.0,7869225.0,7869225.0,7869225.0,7869225.0,7869225.0,7869225.0,7869225.0,7869225.0,7869225.0,7869225.0,7869225.0,7869225.0,7869225.0,7869225.0,7869225.0,7869225.0,7869225.0,7869225.0,7869225.0,7869225.0,7869225.0,7869225.0,7869225.0,7869225.0,7869225.0,7869225.0,7869225.0,7869225.0,7869225.0,7869225.0,7869225.0,7869225.0,0.0
5.0,7494500.0,7494500.0,7494500.0,7494500.0,7494500.0,7494500.0,7494500.0,7494500.0,7494500.0,7494500.0,7494500.0,7494500.0,7494500.0,7494500.0,7494500.0,7494500.0,7494500.0,7494500.0,7494500.0,7494500.0,7494500.0,7494500.0,7494500.0,7494500.0,7494500.0,7494500.0,7494500.0,7494500.0,7494500.0,7494500.0,7494500.0,7494500.0,7494500.0,7494500.0,7494500.0,7494500.0,7494500.0,7494500.0,7494500.0,7494500.0,7494500.0,7494500.0,7494500.0,7494500.0,7494500.0,7494500.0,7494500.0,7494500.0,7494500.0,7494500.0,7494500.0,7494500.0,7494500.0,7494500.0,7494500.0,7494500.0,7494500.0,7494500.0,7494500.0,7494500.0,7494500.0,7494500.0,7494500.0,7494500.0,7494500.0,7494500.0,7494500.0,7494500.0,7494500.0,7494500.0,7494500.0,7494500.0,7494500.0,7494500.0,7494500.0,7494500.0,7494500.0,7494500.0,7494500.0,7494500.0,7494500.0,7494500.0,7494500.0,7494500.0,7494500.0,7494500.0,7494500.0,7494500.0,7494500.0,7494500.0,7494500.0,7494500.0,7494500.0,7494500.0,7494500.0,7494500.0,7494500.0,7494500.0,7494500.0,7494500.0,7494500.0,7494500.0,7494500.0,7494500.0,7494500.0,7494500.0,7494500.0,7494500.0,7494500.0,7494500.0,7494500.0,7494500.0,7494500.0,7494500.0,7494500.0,7494500.0,7494500.0,7494500.0,7494500.0,7494500.0,7494500.0,7494500.0,7494500.0,7494500.0,7494500.0,7494500.0,7494500.0,7494500.0,7494500.0,7494500.0,7494500.0,7494500.0,7494500.0,7494500.0,7494500.0,7494500.0,7494500.0,7494500.0,7494500.0,7494500.0,7494500.0,7494500.0,7494500.0,7494500.0,7494500.0,7494500.0,7494500.0,7494500.0,7494500.0,7494500.0,7494500.0,7494500.0,7494500.0,7494500.0,7494500.0,7494500.0,7494500.0,7494500.0,7494500.0,7494500.0,7494500.0,7494500.0,7494500.0,7494500.0,7494500.0,7494500.0,7494500.0,7494500.0,7494500.0,7494500.0,7494500.0,7494500.0,7494500.0,7494500.0,7494500.0,7494500.0,7494500.0,7494500.0,7494500.0,7494500.0,7494500.0,7494500.0,7494500.0,7494500.0,7494500.0,7494500.0,7494500.0,7494500.0,7494500.0,7494500.0,0.0
4.75,7119775.0,7119775.0,7119775.0,7119775.0,7119775.0,7119775.0,7119775.0,7119775.0,7119775.0,7119775.0,7119775.0,7119775.0,7119775.0,7119775.0,7119775.0,7119775.0,7119775.0,7119775.0,7119775.0,7119775.0,7119775.0,7119775.0,7119775.0,7119775.0,7119775.0,7119775.0,7119775.0,7119775.0,7119775.0,7119775.0,7119775.0,7119775.0,7119775.0,7119775.0,7119775.0,7119775.0,7119775.0,7119775.0,7119775.0,7119775.0,7119775.0,7119775.0,7119775.0,7119775.0,7119775.0,7119775.0,7119775.0,7119775.0,7119775.0,7119775.0,7119775.0,7119775.0,7119775.0,7119775.0,7119775.0,7119775.0,7119775.0,7119775.0,7119775.0,7119775.0,7119775.0,7119775.0,7119775.0,7119775.0,7119775.0,7119775.0,7119775.0,7119775.0,7119775.0,7119775.0,7119775.0,7119775.0,7119775.0,7119775.0,7119775.0,7119775.0,7119775.0,7119775.0,7119775.0,7119775.0,7119775.0,7119775.0,7119775.0,7119775.0,7119775.0,7119775.0,7119775.0,7119775.0,7119775.0,7119775.0,7119775.0,7119775.0,7119775.0,7119775.0,7119775.0,7119775.0,7119775.0,7119775.0,7119775.0,7119775.0,7119775.0,7119775.0,7119775.0,7119775.0,7119775.0,7119775.0,7119775.0,7119775.0,7119775.0,7119775.0,7119775.0,7119775.0,7119775.0,7119775.0,7119775.0,7119775.0,7119775.0,7119775.0,7119775.0,7119775.0,7119775.0,7119775.0,7119775.0,7119775.0,7119775.0,7119775.0,7119775.0,7119775.0,7119775.0,7119775.0,7119775.0,7119775.0,7119775.0,7119775.0,7119775.0,7119775.0,7119775.0,7119775.0,7119775.0,7119775.0,7119775.0,7119775.0,7119775.0,7119775.0,7119775.0,7119775.0,7119775.0,7119775.0,7119775.0,7119775.0,7119775.0,7119775.0,7119775.0,7119775.0,7119775.0,7119775.0,7119775.0,7119775.0,7119775.0,7119775.0,7119775.0,7119775.0,7119775.0,7119775.0,7119775.0,7119775.0,7119775.0,7119775.0,7119775.0,7119775.0,7119775.0,7119775.0,7119775.0,7119775.0,7119775.0,7119775.0,7119775.0,7119775.0,7119775.0,7119775.0,7119775.0,7119775.0,7119775.0,7119775.0,7119775.0,7119775.0,7119775.0,7119775.0,7119775.0,7119775.0,0.0
4.5,6745050.0,6745050.0,6745050.0,6745050.0,6745050.0,6745050.0,6745050.0,6745050.0,6745050.0,6745050.0,6745050.0,6745050.0,6745050.0,6745050.0,6745050.0,6745050.0,6745050.0,6745050.0,6745050.0,6745050.0,6745050.0,6745050.0,6745050.0,6745050.0,6745050.0,6745050.0,6745050.0,6745050.0,6745050.0,6745050.0,6745050.0,6745050.0,6745050.0,6745050.0,6745050.0,6745050.0,6745050.0,6745050.0,6745050.0,6745050.0,6745050.0,6745050.0,6745050.0,6745050.0,6745050.0,6745050.0,6745050.0,6745050.0,6745050.0,6745050.0,6745050.0,6745050.0,6745050.0,6745050.0,6745050.0,6745050.0,6745050.0,6745050.0,6745050.0,6745050.0,6745050.0,6745050.0,6745050.0,6745050.0,6745050.0,6745050.0,6745050.0,6745050.0,6745050.0,6745050.0,6745050.0,6745050.0,6745050.0,6745050.0,6745050.0,6745050.0,6745050.0,6745050.0,6745050.0,6745050.0,6745050.0,6745050.0,6745050.0,6745050.0,6745050.0,6745050.0,6745050.0,6745050.0,6745050.0,6745050.0,6745050.0,6745050.0,6745050.0,6745050.0,6745050.0,6745050.0,6745050.0,6745050.0,6745050.0,6745050.0,6745050.0,6745050.0,6745050.0,6745050.0,6745050.0,6745050.0,6745050.0,6745050.0,6745050.0,6745050.0,6745050.0,6745050.0,6745050.0,6745050.0,6745050.0,6745050.0,6745050.0,6745050.0,6745050.0,6745050.0,6745050.0,6745050.0,6745050.0,6745050.0,6745050.0,6745050.0,6745050.0,6745050.0,6745050.0,6745050.0,6745050.0,6745050.0,6745050.0,6745050.0,6745050.0,6745050.0,6745050.0,6745050.0,6745050.0,6745050.0,6745050.0,6745050.0,6745050.0,6745050.0,6745050.0,6745050.0,6745050.0,6745050.0,6745050.0,6745050.0,6745050.0,6745050.0,6745050.0,6745050.0,6745050.0,6745050.0,6745050.0,6745050.0,6745050.0,6745050.0,6745050.0,6745050.0,6745050.0,6745050.0,6745050.0,6745050.0,6745050.0,6745050.0,6745050.0,6745050.0,6745050.0,6745050.0,6745050.0,6745050.0,6745050.0,6745050.0,6745050.0,6745050.0,6745050.0,6745050.0,6745050.0,6745050.0,6745050.0,6745050.0,6745050.0,6745050.0,6745050.0,6745050.0,6745050.0,6745050.0,0.0
4.25,6370325.0,6370325.0,6370325.0,6370325.0,6370325.0,6370325.0,6370325.0,6370325.0,6370325.0,6370325.0,6370325.0,6370325.0,6370325.0,6370325.0,6370325.0,6370325.0,6370325.0,6370325.0,6370325.0,6370325.0,6370325.0,6370325.0,6370325.0,6370325.0,6370325.0,6370325.0,6370325.0,6370325.0,6370325.0,6370325.0,6370325.0,6370325.0,6370325.0,6370325.0,6370325.0,6370325.0,6370325.0,6370325.0,6370325.0,6370325.0,6370325.0,6370325.0,6370325.0,6370325.0,6370325.0,6370325.0,6370325.0,6370325.0,6370325.0,6370325.0,6370325.0,6370325.0,6370325.0,6370325.0,6370325.0,6370325.0,6370325.0,6370325.0,6370325.0,6370325.0,6370325.0,6370325.0,6370325.0,6370325.0,6370325.0,6370325.0,6370325.0,6370325.0,6370325.0,6370325.0,6370325.0,6370325.0,6370325.0,6370325.0,6370325.0,6370325.0,6370325.0,6370325.0,6370325.0,6370325.0,6370325.0,6370325.0,6370325.0,6370325.0,6370325.0,6370325.0,6370325.0,6370325.0,6370325.0,6370325.0,6370325.0,6370325.0,6370325.0,6370325.0,6370325.0,6370325.0,6370325.0,6370325.0,6370325.0,6370325.0,6370325.0,6370325.0,6370325.0,6370325.0,6370325.0,6370325.0,6370325.0,6370325.0,6370325.0,6370325.0,6370325.0,6370325.0,6370325.0,6370325.0,6370325.0,6370325.0,6370325.0,6370325.0,6370325.0,6370325.0,6370325.0,6370325.0,6370325.0,6370325.0,6370325.0,6370325.0,6370325.0,6370325.0,6370325.0,6370325.0,6370325.0,6370325.0,6370325.0,6370325.0,6370325.0,6370325.0,6370325.0,6370325.0,6370325.0,6370325.0,6370325.0,6370325.0,6370325.0,6370325.0,6370325.0,6370325.0,6370325.0,6370325.0,6370325.0,6370325.0,6370325.0,6370325.0,6370325.0,6370325.0,6370325.0,6370325.0,6370325.0,6370325.0,6370325.0,6370325.0,6370325.0,6370325.0,6370325.0,6370325.0,6370325.0,6370325.0,6370325.0,6370325.0,6370325.0,6370325.0,6370325.0,6370325.0,6370325.0,6370325.0,6370325.0,6370325.0,6370325.0,6370325.0,6370325.0,6370325.0,6370325.0,6370325.0,6370325.0,6370325.0,6370325.0,6370325.0,6370325.0,6370325.0,6370325.0,6370325.0,0.0
4.0,5995600.0,5995600.0,5995600.0,5995600.0,5995600.0,5995600.0,5995600.0,5995600.0,5995600.0,5995600.0,5995600.0,5995600.0,5995600.0,5995600.0,5995600.0,5995600.0,5995600.0,5995600.0,5995600.0,5995600.0,5995600.0,5995600.0,5995600.0,5995600.0,5995600.0,5995600.0,5995600.0,5995600.0,5995600.0,5995600.0,5995600.0,5995600.0,5995600.0,5995600.0,5995600.0,5995600.0,5995600.0,5995600.0,5995600.0,5995600.0,5995600.0,5995600.0,5995600.0,5995600.0,5995600.0,5995600.0,5995600.0,5995600.0,5995600.0,5995600.0,5995600.0,5995600.0,5995600.0,5995600.0,5995600.0,5995600.0,5995600.0,5995600.0,5995600.0,5995600.0,5995600.0,5995600.0,5995600.0,5995600.0,5995600.0,5995600.0,5995600.0,5995600.0,5995600.0,5995600.0,5995600.0,5995600.0,5995600.0,5995600.0,5995600.0,5995600.0,5995600.0,5995600.0,5995600.0,5995600.0,5995600.0,5995600.0,5995600.0,5995600.0,5995600.0,5995600.0,5995600.0,5995600.0,5995600.0,5995600.0,5995600.0,5995600.0,5995600.0,5995600.0,5995600.0,5995600.0,5995600.0,5995600.0,5995600.0,5995600.0,5995600.0,5995600.0,5995600.0,5995600.0,5995600.0,5995600.0,5995600.0,5995600.0,5995600.0,5995600.0,5995600.0,5995600.0,5995600.0,5995600.0,5995600.0,5995600.0,5995600.0,5995600.0,5995600.0,5995600.0,5995600.0,5995600.0,5995600.0,5995600.0,5995600.0,5995600.0,5995600.0,5995600.0,5995600.0,5995600.0,5995600.0,5995600.0,5995600.0,5995600.0,5995600.0,5995600.0,5995600.0,5995600.0,5995600.0,5995600.0,5995600.0,5995600.0,5995600.0,5995600.0,5995600.0,5995600.0,5995600.0,5995600.0,5995600.0,5995600.0,5995600.0,5995600.0,5995600.0,5995600.0,5995600.0,5995600.0,5995600.0,5995600.0,5995600.0,5995600.0,5995600.0,5995600.0,5995600.0,5995600.0,5995600.0,5995600.0,5995600.0,5995600.0,5995600.0,5995600.0,5995600.0,5995600.0,5995600.0,5995600.0,5995600.0,5995600.0,5995600.0,5995600.0,5995600.0,5995600.0,5995600.0,5995600.0,5995600.0,5995600.0,5995600.0,5995600.0,5995600.0,5995600.0,5995600.0,5995600.0,0.0
3.75,5620875.0,5620875.0,5620875.0,5620875.0,5620875.0,5620875.0,5620875.0,5620875.0,5620875.0,5620875.0,5620875.0,5620875.0,5620875.0,5620875.0,5620875.0,5620875.0,5620875.0,5620875.0,5620875.0,5620875.0,5620875.0,5620875.0,5620875.0,5620875.0,5620875.0,5620875.0,5620875.0,5620875.0,5620875.0,5620875.0,5620875.0,5620875.0,5620875.0,5620875.0,5620875.0,5620875.0,5620875.0,5620875.0,5620875.0,5620875.0,5620875.0,5620875.0,5620875.0,5620875.0,5620875.0,5620875.0,5620875.0,5620875.0,5620875.0,5620875.0,5620875.0,5620875.0,5620875.0,5620875.0,5620875.0,5620875.0,5620875.0,5620875.0,5620875.0,5620875.0,5620875.0,5620875.0,5620875.0,5620875.0,5620875.0,5620875.0,5620875.0,5620875.0,5620875.0,5620875.0,5620875.0,5620875.0,5620875.0,5620875.0,5620875.0,5620875.0,5620875.0,5620875.0,5620875.0,5620875.0,5620875.0,5620875.0,5620875.0,5620875.0,5620875.0,5620875.0,5620875.0,5620875.0,5620875.0,5620875.0,5620875.0,5620875.0,5620875.0,5620875.0,5620875.0,5620875.0,5620875.0,5620875.0,5620875.0,5620875.0,5620875.0,5620875.0,5620875.0,5620875.0,5620875.0,5620875.0,5620875.0,5620875.0,5620875.0,5620875.0,5620875.0,5620875.0,5620875.0,5620875.0,5620875.0,5620875.0,5620875.0,5620875.0,5620875.0,5620875.0,5620875.0,5620875.0,5620875.0,5620875.0,5620875.0,5620875.0,5620875.0,5620875.0,5620875.0,5620875.0,5620875.0,5620875.0,5620875.0,5620875.0,5620875.0,5620875.0,5620875.0,5620875.0,5620875.0,5620875.0,5620875.0,5620875.0,5620875.0,5620875.0,5620875.0,5620875.0,5620875.0,5620875.0,5620875.0,5620875.0,5620875.0,5620875.0,5620875.0,5620875.0,5620875.0,5620875.0,5620875.0,5620875.0,5620875.0,5620875.0,5620875.0,5620875.0,5620875.0,5620875.0,5620875.0,5620875.0,5620875.0,5620875.0,5620875.0,5620875.0,5620875.0,5620875.0,5620875.0,5620875.0,5620875.0,5620875.0,5620875.0,5620875.0,5620875.0,5620875.0,5620875.0,5620875.0,5620875.0,5620875.0,5620875.0,5620875.0,5620875.0,5620875.0,5620875.0,5620875.0,0.0
3.5,5246150.0,5246150.0,5246150.0,5246150.0,5246150.0,5246150.0,5246150.0,5246150.0,5246150.0,5246150.0,5246150.0,5246150.0,5246150.0,5246150.0,5246150.0,5246150.0,5246150.0,5246150.0,5246150.0,5246150.0,5246150.0,5246150.0,5246150.0,5246150.0,5246150.0,5246150.0,5246150.0,5246150.0,5246150.0,5246150.0,5246150.0,5246150.0,5246150.0,5246150.0,5246150.0,5246150.0,5246150.0,5246150.0,5246150.0,5246150.0,5246150.0,5246150.0,5246150.0,5246150.0,5246150.0,5246150.0,5246150.0,5246150.0,5246150.0,5246150.0,5246150.0,5246150.0,5246150.0,5246150.0,5246150.0,5246150.0,5246150.0,5246150.0,5246150.0,5246150.0,5246150.0,5246150.0,5246150.0,5246150.0,5246150.0,5246150.0,5246150.0,5246150.0,5246150.0,5246150.0,5246150.0,5246150.0,5246150.0,5246150.0,5246150.0,5246150.0,5246150.0,5246150.0,5246150.0,5246150.0,5246150.0,5246150.0,5246150.0,5246150.0,5246150.0,5246150.0,5246150.0,5246150.0,5246150.0,5246150.0,5246150.0,5246150.0,5246150.0,5246150.0,5246150.0,5246150.0,5246150.0,5246150.0,5246150.0,5246150.0,5246150.0,5246150.0,5246150.0,5246150.0,5246150.0,5246150.0,5246150.0,5246150.0,5246150.0,5246150.0,5246150.0,5246150.0,5246150.0,5246150.0,5246150.0,5246150.0,5246150.0,5246150.0,5246150.0,5246150.0,5246150.0,5246150.0,5246150.0,5246150.0,5246150.0,5246150.0,5246150.0,5246150.0,5246150.0,5246150.0,5246150.0,5246150.0,5246150.0,5246150.0,5246150.0,5246150.0,5246150.0,5246150.0,5246150.0,5246150.0,5246150.0,5246150.0,5246150.0,5246150.0,5246150.0,5246150.0,5246150.0,5246150.0,5246150.0,5246150.0,5246150.0,5246150.0,5246150.0,5246150.0,5246150.0,5246150.0,5246150.0,5246150.0,5246150.0,5246150.0,5246150.0,5246150.0,5246150.0,5246150.0,5246150.0,5246150.0,5246150.0,5246150.0,5246150.0,5246150.0,5246150.0,5246150.0,5246150.0,5246150.0,5246150.0,5246150.0,5246150.0,5246150.0,5246150.0,5246150.0,5246150.0,5246150.0,5246150.0,5246150.0,5246150.0,5246150.0,5246150.0,5246150.0,5246150.0,5246150.0,0.0
3.25,4871425.0,4871425.0,4871425.0,4871425.0,4871425.0,4871425.0,4871425.0,4871425.0,4871425.0,4871425.0,4871425.0,4871425.0,4871425.0,4871425.0,4871425.0,4871425.0,4871425.0,4871425.0,4871425.0,4871425.0,4871425.0,4871425.0,4871425.0,4871425.0,4871425.0,4871425.0,4871425.0,4871425.0,4871425.0,4871425.0,4871425.0,4871425.0,4871425.0,4871425.0,4871425.0,4871425.0,4871425.0,4871425.0,4871425.0,4871425.0,4871425.0,4871425.0,4871425.0,4871425.0,4871425.0,4871425.0,4871425.0,4871425.0,4871425.0,4871425.0,4871425.0,4871425.0,4871425.0,4871425.0,4871425.0,4871425.0,4871425.0,4871425.0,4871425.0,4871425.0,4871425.0,4871425.0,4871425.0,4871425.0,4871425.0,4871425.0,4871425.0,4871425.0,4871425.0,4871425.0,4871425.0,4871425.0,4871425.0,4871425.0,4871425.0,4871425.0,4871425.0,4871425.0,4871425.0,4871425.0,4871425.0,4871425.0,4871425.0,4871425.0,4871425.0,4871425.0,4871425.0,4871425.0,4871425.0,4871425.0,4871425.0,4871425.0,4871425.0,4871425.0,4871425.0,4871425.0,4871425.0,4871425.0,4871425.0,4871425.0,4871425.0,4871425.0,4871425.0,4871425.0,4871425.0,4871425.0,4871425.0,4871425.0,4871425.0,4871425.0,4871425.0,4871425.0,4871425.0,4871425.0,4871425.0,4871425.0,4871425.0,4871425.0,4871425.0,4871425.0,4871425.0,4871425.0,4871425.0,4871425.0,4871425.0,4871425.0,4871425.0,4871425.0,4871425.0,4871425.0,4871425.0,4871425.0,4871425.0,4871425.0,4871425.0,4871425.0,4871425.0,4871425.0,4871425.0,4871425.0,4871425.0,4871425.0,4871425.0,4871425.0,4871425.0,4871425.0,4871425.0,4871425.0,4871425.0,4871425.0,4871425.0,4871425.0,4871425.0,4871425.0,4871425.0,4871425.0,4871425.0,4871425.0,4871425.0,4871425.0,4871425.0,4871425.0,4871425.0,4871425.0,4871425.0,4871425.0,4871425.0,4871425.0,4871425.0,4871425.0,4871425.0,4871425.0,4871425.0,4871425.0,4871425.0,4871425.0,4871425.0,4871425.0,4871425.0,4871425.0,4871425.0,4871425.0,4871425.0,4871425.0,4871425.0,4871425.0,4871425.0,4871425.0,4871425.0,4871425.0,0.0
3.0,4496700.0,4496700.0,4496700.0,4496700.0,4496700.0,4496700.0,4496700.0,4496700.0,4496700.0,4496700.0,4496700.0,4496700.0,4496700.0,4496700.0,4496700.0,4496700.0,4496700.0,4496700.0,4496700.0,4496700.0,4496700.0,4496700.0,4496700.0,4496700.0,4496700.0,4496700.0,4496700.0,4496700.0,4496700.0,4496700.0,4496700.0,4496700.0,4496700.0,4496700.0,4496700.0,4496700.0,4496700.0,4496700.0,4496700.0,4496700.0,4496700.0,4496700.0,4496700.0,4496700.0,4496700.0,4496700.0,4496700.0,4496700.0,4496700.0,4496700.0,4496700.0,4496700.0,4496700.0,4496700.0,4496700.0,4496700.0,4496700.0,4496700.0,4496700.0,4496700.0,4496700.0,4496700.0,4496700.0,4496700.0,4496700.0,4496700.0,4496700.0,4496700.0,4496700.0,4496700.0,4496700.0,4496700.0,4496700.0,4496700.0,4496700.0,4496700.0,4496700.0,4496700.0,4496700.0,4496700.0,4496700.0,4496700.0,4496700.0,4496700.0,4496700.0,4496700.0,4496700.0,4496700.0,4496700.0,4496700.0,4496700.0,4496700.0,4496700.0,4496700.0,4496700.0,4496700.0,4496700.0,4496700.0,4496700.0,4496700.0,4496700.0,4496700.0,4496700.0,4496700.0,4496700.0,4496700.0,4496700.0,4496700.0,4496700.0,4496700.0,4496700.0,4496700.0,4496700.0,4496700.0,4496700.0,4496700.0,4496700.0,4496700.0,4496700.0,4496700.0,4496700.0,4496700.0,4496700.0,4496700.0,4496700.0,4496700.0,4496700.0,4496700.0,4496700.0,4496700.0,4496700.0,4496700.0,4496700.0,4496700.0,4496700.0,4496700.0,4496700.0,4496700.0,4496700.0,4496700.0,4496700.0,4496700.0,4496700.0,4496700.0,4496700.0,4496700.0,4496700.0,4496700.0,4496700.0,4496700.0,4496700.0,4496700.0,4496700.0,4496700.0,4496700.0,4496700.0,4496700.0,4496700.0,4496700.0,4496700.0,4496700.0,4496700.0,4496700.0,4496700.0,4496700.0,4496700.0,4496700.0,4496700.0,4496700.0,4496700.0,4496700.0,4496700.0,4496700.0,4496700.0,4496700.0,4496700.0,4496700.0,4496700.0,4496700.0,4496700.0,4496700.0,4496700.0,4496700.0,4496700.0,4496700.0,4496700.0,4496700.0,4496700.0,4496700.0,4496700.0,0.0
2.75,4121975.0,4121975.0,4121975.0,4121975.0,4121975.0,4121975.0,4121975.0,4121975.0,4121975.0,4121975.0,4121975.0,4121975.0,4121975.0,4121975.0,4121975.0,4121975.0,4121975.0,4121975.0,4121975.0,4121975.0,4121975.0,4121975.0,4121975.0,4121975.0,4121975.0,4121975.0,4121975.0,4121975.0,4121975.0,4121975.0,4121975.0,4121975.0,4121975.0,4121975.0,4121975.0,4121975.0,4121975.0,4121975.0,4121975.0,4121975.0,4121975.0,4121975.0,4121975.0,4121975.0,4121975.0,4121975.0,4121975.0,4121975.0,4121975.0,4121975.0,4121975.0,4121975.0,4121975.0,4121975.0,4121975.0,4121975.0,4121975.0,4121975.0,4121975.0,4121975.0,4121975.0,4121975.0,4121975.0,4121975.0,4121975.0,4121975.0,4121975.0,4121975.0,4121975.0,4121975.0,4121975.0,4121975.0,4121975.0,4121975.0,4121975.0,4121975.0,4121975.0,4121975.0,4121975.0,4121975.0,4121975.0,4121975.0,4121975.0,4121975.0,4121975.0,4121975.0,4121975.0,4121975.0,4121975.0,4121975.0,4121975.0,4121975.0,4121975.0,4121975.0,4121975.0,4121975.0,4121975.0,4121975.0,4121975.0,4121975.0,4121975.0,4121975.0,4121975.0,4121975.0,4121975.0,4121975.0,4121975.0,4121975.0,4121975.0,4121975.0,4121975.0,4121975.0,4121975.0,4121975.0,4121975.0,4121975.0,4121975.0,4121975.0,4121975.0,4121975.0,4121975.0,4121975.0,4121975.0,4121975.0,4121975.0,4121975.0,4121975.0,4121975.0,4121975.0,4121975.0,4121975.0,4121975.0,4121975.0,4121975.0,4121975.0,4121975.0,4121975.0,4121975.0,4121975.0,4121975.0,4121975.0,4121975.0,4121975.0,4121975.0,4121975.0,4121975.0,4121975.0,4121975.0,4121975.0,4121975.0,4121975.0,4121975.0,4121975.0,4121975.0,4121975.0,4121975.0,4121975.0,4121975.0,4121975.0,4121975.0,4121975.0,4121975.0,4121975.0,4121975.0,4121975.0,4121975.0,4121975.0,4121975.0,4121975.0,4121975.0,4121975.0,4121975.0,4121975.0,4121975.0,4121975.0,4121975.0,4121975.0,4121975.0,4121975.0,4121975.0,4121975.0,4121975.0,4121975.0,4121975.0,4121975.0,4121975.0,4121975.0,4121975.0,4121975.0,4121975.0,0.0
2.5,3747250.0,3747250.0,3747250.0,3747250.0,3747250.0,3747250.0,3747250.0,3747250.0,3747250.0,3747250.0,3747250.0,3747250.0,3747250.0,3747250.0,3747250.0,3747250.0,3747250.0,3747250.0,3747250.0,3747250.0,3747250.0,3747250.0,3747250.0,3747250.0,3747250.0,3747250.0,3747250.0,3747250.0,3747250.0,3747250.0,3747250.0,3747250.0,3747250.0,3747250.0,3747250.0,3747250.0,3747250.0,3747250.0,3747250.0,3747250.0,3747250.0,3747250.0,3747250.0,3747250.0,3747250.0,3747250.0,3747250.0,3747250.0,3747250.0,3747250.0,3747250.0,3747250.0,3747250.0,3747250.0,3747250.0,3747250.0,3747250.0,3747250.0,3747250.0,3747250.0,3747250.0,3747250.0,3747250.0,3747250.0,3747250.0,3747250.0,3747250.0,3747250.0,3747250.0,3747250.0,3747250.0,3747250.0,3747250.0,3747250.0,3747250.0,3747250.0,3747250.0,3747250.0,3747250.0,3747250.0,3747250.0,3747250.0,3747250.0,3747250.0,3747250.0,3747250.0,3747250.0,3747250.0,3747250.0,3747250.0,3747250.0,3747250.0,3747250.0,3747250.0,3747250.0,3747250.0,3747250.0,3747250.0,3747250.0,3747250.0,3747250.0,3747250.0,3747250.0,3747250.0,3747250.0,3747250.0,3747250.0,3747250.0,3747250.0,3747250.0,3747250.0,3747250.0,3747250.0,3747250.0,3747250.0,3747250.0,3747250.0,3747250.0,3747250.0,3747250.0,3747250.0,3747250.0,3747250.0,3747250.0,3747250.0,3747250.0,3747250.0,3747250.0,3747250.0,3747250.0,3747250.0,3747250.0,3747250.0,3747250.0,3747250.0,3747250.0,3747250.0,3747250.0,3747250.0,3747250.0,3747250.0,3747250.0,3747250.0,3747250.0,3747250.0,3747250.0,3747250.0,3747250.0,3747250.0,3747250.0,3747250.0,3747250.0,3747250.0,3747250.0,3747250.0,3747250.0,3747250.0,3747250.0,3747250.0,3747250.0,3747250.0,3747250.0,3747250.0,3747250.0,3747250.0,3747250.0,3747250.0,3747250.0,3747250.0,3747250.0,3747250.0,3747250.0,3747250.0,3747250.0,3747250.0,3747250.0,3747250.0,3747250.0,3747250.0,3747250.0,3747250.0,3747250.0,3747250.0,3747250.0,3747250.0,3747250.0,3747250.0,3747250.0,3747250.0,3747250.0,0.0
2.25,3372525.0,3372525.0,3372525.0,3372525.0,3372525.0,3372525.0,3372525.0,3372525.0,3372525.0,3372525.0,3372525.0,3372525.0,3372525.0,3372525.0,3372525.0,3372525.0,3372525.0,3372525.0,3372525.0,3372525.0,3372525.0,3372525.0,3372525.0,3372525.0,3372525.0,3372525.0,3372525.0,3372525.0,3372525.0,3372525.0,3372525.0,3372525.0,3372525.0,3372525.0,3372525.0,3372525.0,3372525.0,3372525.0,3372525.0,3372525.0,3372525.0,3372525.0,3372525.0,3372525.0,3372525.0,3372525.0,3372525.0,3372525.0,3372525.0,3372525.0,3372525.0,3372525.0,3372525.0,3372525.0,3372525.0,3372525.0,3372525.0,3372525.0,3372525.0,3372525.0,3372525.0,3372525.0,3372525.0,3372525.0,3372525.0,3372525.0,3372525.0,3372525.0,3372525.0,3372525.0,3372525.0,3372525.0,3372525.0,3372525.0,3372525.0,3372525.0,3372525.0,3372525.0,3372525.0,3372525.0,3372525.0,3372525.0,3372525.0,3372525.0,3372525.0,3372525.0,3372525.0,3372525.0,3372525.0,3372525.0,3372525.0,3372525.0,3372525.0,3372525.0,3372525.0,3372525.0,3372525.0,3372525.0,3372525.0,3372525.0,3372525.0,3372525.0,3372525.0,3372525.0,3372525.0,3372525.0,3372525.0,3372525.0,3372525.0,3372525.0,3372525.0,3372525.0,3372525.0,3372525.0,3372525.0,3372525.0,3372525.0,3372525.0,3372525.0,3372525.0,3372525.0,3372525.0,3372525.0,3372525.0,3372525.0,3372525.0,3372525.0,3372525.0,3372525.0,3372525.0,3372525.0,3372525.0,3372525.0,3372525.0,3372525.0,3372525.0,3372525.0,3372525.0,3372525.0,3372525.0,3372525.0,3372525.0,3372525.0,3372525.0,3372525.0,3372525.0,3372525.0,3372525.0,3372525.0,3372525.0,3372525.0,3372525.0,3372525.0,3372525.0,3372525.0,3372525.0,3372525.0,3372525.0,3372525.0,3372525.0,3372525.0,3372525.0,3372525.0,3372525.0,3372525.0,3372525.0,3372525.0,3372525.0,3372525.0,3372525.0,3372525.0,3372525.0,3372525.0,3372525.0,3372525.0,3372525.0,3372525.0,3372525.0,3372525.0,3372525.0,3372525.0,3372525.0,3372525.0,3372525.0,3372525.0,3372525.0,3372525.0,3372525.0,3372525.0,3372525.0,0.0
2.0,2997800.0,2997800.0,2997800.0,2997800.0,2997800.0,2997800.0,2997800.0,2997800.0,2997800.0,2997800.0,2997800.0,2997800.0,2997800.0,2997800.0,2997800.0,2997800.0,2997800.0,2997800.0,2997800.0,2997800.0,2997800.0,2997800.0,2997800.0,2997800.0,2997800.0,2997800.0,2997800.0,2997800.0,2997800.0,2997800.0,2997800.0,2997800.0,2997800.0,2997800.0,2997800.0,2997800.0,2997800.0,2997800.0,2997800.0,2997800.0,2997800.0,2997800.0,2997800.0,2997800.0,2997800.0,2997800.0,2997800.0,2997800.0,2997800.0,2997800.0,2997800.0,2997800.0,2997800.0,2997800.0,2997800.0,2997800.0,2997800.0,2997800.0,2997800.0,2997800.0,2997800.0,2997800.0,2997800.0,2997800.0,2997800.0,2997800.0,2997800.0,2997800.0,2997800.0,2997800.0,2997800.0,2997800.0,2997800.0,2997800.0,2997800.0,2997800.0,2997800.0,2997800.0,2997800.0,2997800.0,2997800.0,2997800.0,2997800.0,2997800.0,2997800.0,2997800.0,2997800.0,2997800.0,2997800.0,2997800.0,2997800.0,2997800.0,2997800.0,2997800.0,2997800.0,2997800.0,2997800.0,2997800.0,2997800.0,2997800.0,2997800.0,2997800.0,2997800.0,2997800.0,2997800.0,2997800.0,2997800.0,2997800.0,2997800.0,2997800.0,2997800.0,2997800.0,2997800.0,2997800.0,2997800.0,2997800.0,2997800.0,2997800.0,2997800.0,2997800.0,2997800.0,2997800.0,2997800.0,2997800.0,2997800.0,2997800.0,2997800.0,2997800.0,2997800.0,2997800.0,2997800.0,2997800.0,2997800.0,2997800.0,2997800.0,2997800.0,2997800.0,2997800.0,2997800.0,2997800.0,2997800.0,2997800.0,2997800.0,2997800.0,2997800.0,2997800.0,2997800.0,2997800.0,2997800.0,2997800.0,2997800.0,2997800.0,2997800.0,2997800.0,2997800.0,2997800.0,2997800.0,2997800.0,2997800.0,2997800.0,2997800.0,2997800.0,2997800.0,2997800.0,2997800.0,2997800.0,2997800.0,2997800.0,2997800.0,2997800.0,2997800.0,2997800.0,2997800.0,2997800.0,2997800.0,2997800.0,2997800.0,2997800.0,2997800.0,2997800.0,2997800.0,2997800.0,2997800.0,2997800.0,2997800.0,2997800.0,2997800.0,2997800.0,2997800.0,2997800.0,0.0
1.75,2623075.0,2623075.0,2623075.0,2623075.0,2623075.0,2623075.0,2623075.0,2623075.0,2623075.0,2623075.0,2623075.0,2623075.0,2623075.0,2623075.0,2623075.0,2623075.0,2623075.0,2623075.0,2623075.0,2623075.0,2623075.0,2623075.0,2623075.0,2623075.0,2623075.0,2623075.0,2623075.0,2623075.0,2623075.0,2623075.0,2623075.0,2623075.0,2623075.0,2623075.0,2623075.0,2623075.0,2623075.0,2623075.0,2623075.0,2623075.0,2623075.0,2623075.0,2623075.0,2623075.0,2623075.0,2623075.0,2623075.0,2623075.0,2623075.0,2623075.0,2623075.0,2623075.0,2623075.0,2623075.0,2623075.0,2623075.0,2623075.0,2623075.0,2623075.0,2623075.0,2623075.0,2623075.0,2623075.0,2623075.0,2623075.0,2623075.0,2623075.0,2623075.0,2623075.0,2623075.0,2623075.0,2623075.0,2623075.0,2623075.0,2623075.0,2623075.0,2623075.0,2623075.0,2623075.0,2623075.0,2623075.0,2623075.0,2623075.0,2623075.0,2623075.0,2623075.0,2623075.0,2623075.0,2623075.0,2623075.0,2623075.0,2623075.0,2623075.0,2623075.0,2623075.0,2623075.0,2623075.0,2623075.0,2623075.0,2623075.0,2623075.0,2623075.0,2623075.0,2623075.0,2623075.0,2623075.0,2623075.0,2623075.0,2623075.0,2623075.0,2623075.0,2623075.0,2623075.0,2623075.0,2623075.0,2623075.0,2623075.0,2623075.0,2623075.0,2623075.0,2623075.0,2623075.0,2623075.0,2623075.0,2623075.0,2623075.0,2623075.0,2623075.0,2623075.0,2623075.0,2623075.0,2623075.0,2623075.0,2623075.0,2623075.0,2623075.0,2623075.0,2623075.0,2623075.0,2623075.0,2623075.0,2623075.0,2623075.0,2623075.0,2623075.0,2623075.0,2623075.0,2623075.0,2623075.0,2623075.0,2623075.0,2623075.0,2623075.0,2623075.0,2623075.0,2623075.0,2623075.0,2623075.0,2623075.0,2623075.0,2623075.0,2623075.0,2623075.0,2623075.0,2623075.0,2623075.0,2623075.0,2623075.0,2623075.0,2623075.0,2623075.0,2623075.0,2623075.0,2623075.0,2623075.0,2623075.0,2623075.0,2623075.0,2623075.0,2623075.0,2623075.0,2623075.0,2623075.0,2623075.0,2623075.0,2623075.0,2623075.0,2623075.0,2623075.0,2623075.0,0.0
1.5,2248350.0,2248350.0,2248350.0,2248350.0,2248350.0,2248350.0,2248350.0,2248350.0,2248350.0,2248350.0,2248350.0,2248350.0,2248350.0,2248350.0,2248350.0,2248350.0,2248350.0,2248350.0,2248350.0,2248350.0,2248350.0,2248350.0,2248350.0,2248350.0,2248350.0,2248350.0,2248350.0,2248350.0,2248350.0,2248350.0,2248350.0,2248350.0,2248350.0,2248350.0,2248350.0,2248350.0,2248350.0,2248350.0,2248350.0,2248350.0,2248350.0,2248350.0,2248350.0,2248350.0,2248350.0,2248350.0,2248350.0,2248350.0,2248350.0,2248350.0,2248350.0,2248350.0,2248350.0,2248350.0,2248350.0,2248350.0,2248350.0,2248350.0,2248350.0,2248350.0,2248350.0,2248350.0,2248350.0,2248350.0,2248350.0,2248350.0,2248350.0,2248350.0,2248350.0,2248350.0,2248350.0,2248350.0,2248350.0,2248350.0,2248350.0,2248350.0,2248350.0,2248350.0,2248350.0,2248350.0,2248350.0,2248350.0,2248350.0,2248350.0,2248350.0,2248350.0,2248350.0,2248350.0,2248350.0,2248350.0,2248350.0,2248350.0,2248350.0,2248350.0,2248350.0,2248350.0,2248350.0,2248350.0,2248350.0,2248350.0,2248350.0,2248350.0,2248350.0,2248350.0,2248350.0,2248350.0,2248350.0,2248350.0,2248350.0,2248350.0,2248350.0,2248350.0,2248350.0,2248350.0,2248350.0,2248350.0,2248350.0,2248350.0,2248350.0,2248350.0,2248350.0,2248350.0,2248350.0,2248350.0,2248350.0,2248350.0,2248350.0,2248350.0,2248350.0,2248350.0,2248350.0,2248350.0,2248350.0,2248350.0,2248350.0,2248350.0,2248350.0,2248350.0,2248350.0,2248350.0,2248350.0,2248350.0,2248350.0,2248350.0,2248350.0,2248350.0,2248350.0,2248350.0,2248350.0,2248350.0,2248350.0,2248350.0,2248350.0,2248350.0,2248350.0,2248350.0,2248350.0,2248350.0,2248350.0,2248350.0,2248350.0,2248350.0,2248350.0,2248350.0,2248350.0,2248350.0,2248350.0,2248350.0,2248350.0,2248350.0,2248350.0,2248350.0,2248350.0,2248350.0,2248350.0,2248350.0,2248350.0,2248350.0,2248350.0,2248350.0,2248350.0,2248350.0,2248350.0,2248350.0,2248350.0,2248350.0,2248350.0,2248350.0,2248350.0,2248350.0,0.0
1.25,1873625.0,1873625.0,1873625.0,1873625.0,1873625.0,1873625.0,1873625.0,1873625.0,1873625.0,1873625.0,1873625.0,1873625.0,1873625.0,1873625.0,1873625.0,1873625.0,1873625.0,1873625.0,1873625.0,1873625.0,1873625.0,1873625.0,1873625.0,1873625.0,1873625.0,1873625.0,1873625.0,1873625.0,1873625.0,1873625.0,1873625.0,1873625.0,1873625.0,1873625.0,1873625.0,1873625.0,1873625.0,1873625.0,1873625.0,1873625.0,1873625.0,1873625.0,1873625.0,1873625.0,1873625.0,1873625.0,1873625.0,1873625.0,1873625.0,1873625.0,1873625.0,1873625.0,1873625.0,1873625.0,1873625.0,1873625.0,1873625.0,1873625.0,1873625.0,1873625.0,1873625.0,1873625.0,1873625.0,1873625.0,1873625.0,1873625.0,1873625.0,1873625.0,1873625.0,1873625.0,1873625.0,1873625.0,1873625.0,1873625.0,1873625.0,1873625.0,1873625.0,1873625.0,1873625.0,1873625.0,1873625.0,1873625.0,1873625.0,1873625.0,1873625.0,1873625.0,1873625.0,1873625.0,1873625.0,1873625.0,1873625.0,1873625.0,1873625.0,1873625.0,1873625.0,1873625.0,1873625.0,1873625.0,1873625.0,1873625.0,1873625.0,1873625.0,1873625.0,1873625.0,1873625.0,1873625.0,1873625.0,1873625.0,1873625.0,1873625.0,1873625.0,1873625.0,1873625.0,1873625.0,1873625.0,1873625.0,1873625.0,1873625.0,1873625.0,1873625.0,1873625.0,1873625.0,1873625.0,1873625.0,1873625.0,1873625.0,1873625.0,1873625.0,1873625.0,1873625.0,1873625.0,1873625.0,1873625.0,1873625.0,1873625.0,1873625.0,1873625.0,1873625.0,1873625.0,1873625.0,1873625.0,1873625.0,1873625.0,1873625.0,1873625.0,1873625.0,1873625.0,1873625.0,1873625.0,1873625.0,1873625.0,1873625.0,1873625.0,1873625.0,1873625.0,1873625.0,1873625.0,1873625.0,1873625.0,1873625.0,1873625.0,1873625.0,1873625.0,1873625.0,1873625.0,1873625.0,1873625.0,1873625.0,1873625.0,1873625.0,1873625.0,1873625.0,1873625.0,1873625.0,1873625.0,1873625.0,1873625.0,1873625.0,1873625.0,1873625.0,1873625.0,1873625.0,1873625.0,1873625.0,1873625.0,1873625.0,1873625.0,1873625.0,1873625.0,1873625.0,0.0
1.0,1498900.0,1498900.0,1498900.0,1498900.0,1498900.0,1498900.0,1498900.0,1498900.0,1498900.0,1498900.0,1498900.0,1498900.0,1498900.0,1498900.0,1498900.0,1498900.0,1498900.0,1498900.0,1498900.0,1498900.0,1498900.0,1498900.0,1498900.0,1498900.0,1498900.0,1498900.0,1498900.0,1498900.0,1498900.0,1498900.0,1498900.0,1498900.0,1498900.0,1498900.0,1498900.0,1498900.0,1498900.0,1498900.0,1498900.0,1498900.0,1498900.0,1498900.0,1498900.0,1498900.0,1498900.0,1498900.0,1498900.0,1498900.0,1498900.0,1498900.0,1498900.0,1498900.0,1498900.0,1498900.0,1498900.0,1498900.0,1498900.0,1498900.0,1498900.0,1498900.0,1498900.0,1498900.0,1498900.0,1498900.0,1498900.0,1498900.0,1498900.0,1498900.0,1498900.0,1498900.0,1498900.0,1498900.0,1498900.0,1498900.0,1498900.0,1498900.0,1498900.0,1498900.0,1498900.0,1498900.0,1498900.0,1498900.0,1498900.0,1498900.0,1498900.0,1498900.0,1498900.0,1498900.0,1498900.0,1498900.0,1498900.0,1498900.0,1498900.0,1498900.0,1498900.0,1498900.0,1498900.0,1498900.0,1498900.0,1498900.0,1498900.0,1498900.0,1498900.0,1498900.0,1498900.0,1498900.0,1498900.0,1498900.0,1498900.0,1498900.0,1498900.0,1498900.0,1498900.0,1498900.0,1498900.0,1498900.0,1498900.0,1498900.0,1498900.0,1498900.0,1498900.0,1498900.0,1498900.0,1498900.0,1498900.0,1498900.0,1498900.0,1498900.0,1498900.0,1498900.0,1498900.0,1498900.0,1498900.0,1498900.0,1498900.0,1498900.0,1498900.0,1498900.0,1498900.0,1498900.0,1498900.0,1498900.0,1498900.0,1498900.0,1498900.0,1498900.0,1498900.0,1498900.0,1498900.0,1498900.0,1498900.0,1498900.0,1498900.0,1498900.0,1498900.0,1498900.0,1498900.0,1498900.0,1498900.0,1498900.0,1498900.0,1498900.0,1498900.0,1498900.0,1498900.0,1498900.0,1498900.0,1498900.0,1498900.0,1498900.0,1498900.0,1498900.0,1498900.0,1498900.0,1498900.0,1498900.0,1498900.0,1498900.0,1498900.0,1498900.0,1498900.0,1498900.0,1498900.0,1498900.0,1498900.0,1498900.0,1498900.0,1498900.0,1498900.0,1498900.0,0.0
0.75,1124175.0,1124175.0,1124175.0,1124175.0,1124175.0,1124175.0,1124175.0,1124175.0,1124175.0,1124175.0,1124175.0,1124175.0,1124175.0,1124175.0,1124175.0,1124175.0,1124175.0,1124175.0,1124175.0,1124175.0,1124175.0,1124175.0,1124175.0,1124175.0,1124175.0,1124175.0,1124175.0,1124175.0,1124175.0,1124175.0,1124175.0,1124175.0,1124175.0,1124175.0,1124175.0,1124175.0,1124175.0,1124175.0,1124175.0,1124175.0,1124175.0,1124175.0,1124175.0,1124175.0,1124175.0,1124175.0,1124175.0,1124175.0,1124175.0,1124175.0,1124175.0,1124175.0,1124175.0,1124175.0,1124175.0,1124175.0,1124175.0,1124175.0,1124175.0,1124175.0,1124175.0,1124175.0,1124175.0,1124175.0,1124175.0,1124175.0,1124175.0,1124175.0,1124175.0,1124175.0,1124175.0,1124175.0,1124175.0,1124175.0,1124175.0,1124175.0,1124175.0,1124175.0,1124175.0,1124175.0,1124175.0,1124175.0,1124175.0,1124175.0,1124175.0,1124175.0,1124175.0,1124175.0,1124175.0,1124175.0,1124175.0,1124175.0,1124175.0,1124175.0,1124175.0,1124175.0,1124175.0,1124175.0,1124175.0,1124175.0,1124175.0,1124175.0,1124175.0,1124175.0,1124175.0,1124175.0,1124175.0,1124175.0,1124175.0,1124175.0,1124175.0,1124175.0,1124175.0,1124175.0,1124175.0,1124175.0,1124175.0,1124175.0,1124175.0,1124175.0,1124175.0,1124175.0,1124175.0,1124175.0,1124175.0,1124175.0,1124175.0,1124175.0,1124175.0,1124175.0,1124175.0,1124175.0,1124175.0,1124175.0,1124175.0,1124175.0,1124175.0,1124175.0,1124175.0,1124175.0,1124175.0,1124175.0,1124175.0,1124175.0,1124175.0,1124175.0,1124175.0,1124175.0,1124175.0,1124175.0,1124175.0,1124175.0,1124175.0,1124175.0,1124175.0,1124175.0,1124175.0,1124175.0,1124175.0,1124175.0,1124175.0,1124175.0,1124175.0,1124175.0,1124175.0,1124175.0,1124175.0,1124175.0,1124175.0,1124175.0,1124175.0,1124175.0,1124175.0,1124175.0,1124175.0,1124175.0,1124175.0,1124175.0,1124175.0,1124175.0,1124175.0,1124175.0,1124175.0,1124175.0,1124175.0,1124175.0,1124175.0,1124175.0,1124175.0,1124175.0,0.0
0.5,749450.0,749450.0,749450.0,749450.0,749450.0,749450.0,749450.0,749450.0,749450.0,749450.0,749450.0,749450.0,749450.0,749450.0,749450.0,749450.0,749450.0,749450.0,749450.0,749450.0,749450.0,749450.0,749450.0,749450.0,749450.0,749450.0,749450.0,749450.0,749450.0,749450.0,749450.0,749450.0,749450.0,749450.0,749450.0,749450.0,749450.0,749450.0,749450.0,749450.0,749450.0,749450.0,749450.0,749450.0,749450.0,749450.0,749450.0,749450.0,749450.0,749450.0,749450.0,749450.0,749450.0,749450.0,749450.0,749450.0,749450.0,749450.0,749450.0,749450.0,749450.0,749450.0,749450.0,749450.0,749450.0,749450.0,749450.0,749450.0,749450.0,749450.0,749450.0,749450.0,749450.0,749450.0,749450.0,749450.0,749450.0,749450.0,749450.0,749450.0,749450.0,749450.0,749450.0,749450.0,749450.0,749450.0,749450.0,749450.0,749450.0,749450.0,749450.0,749450.0,749450.0,749450.0,749450.0,749450.0,749450.0,749450.0,749450.0,749450.0,749450.0,749450.0,749450.0,749450.0,749450.0,749450.0,749450.0,749450.0,749450.0,749450.0,749450.0,749450.0,749450.0,749450.0,749450.0,749450.0,749450.0,749450.0,749450.0,749450.0,749450.0,749450.0,749450.0,749450.0,749450.0,749450.0,749450.0,749450.0,749450.0,749450.0,749450.0,749450.0,749450.0,749450.0,749450.0,749450.0,749450.0,749450.0,749450.0,749450.0,749450.0,749450.0,749450.0,749450.0,749450.0,749450.0,749450.0,749450.0,749450.0,749450.0,749450.0,749450.0,749450.0,749450.0,749450.0,749450.0,749450.0,749450.0,749450.0,749450.0,749450.0,749450.0,749450.0,749450.0,749450.0,749450.0,749450.0,749450.0,749450.0,749450.0,749450.0,749450.0,749450.0,749450.0,749450.0,749450.0,749450.0,749450.0,749450.0,749450.0,749450.0,749450.0,749450.0,749450.0,749450.0,749450.0,749450.0,749450.0,749450.0,749450.0,0.0
0.25,374725.0,374725.0,374725.0,374725.0,374725.0,374725.0,374725.0,374725.0,374725.0,374725.0,374725.0,374725.0,374725.0,374725.0,374725.0,374725.0,374725.0,374725.0,374725.0,374725.0,374725.0,374725.0,374725.0,374725.0,374725.0,374725.0,374725.0,374725.0,374725.0,374725.0,374725.0,374725.0,374725.0,374725.0,374725.0,374725.0,374725.0,374725.0,374725.0,374725.0,374725.0,374725.0,374725.0,374725.0,374725.0,374725.0,374725.0,374725.0,374725.0,374725.0,374725.0,374725.0,374725.0,374725.0,374725.0,374725.0,374725.0,374725.0,374725.0,374725.0,374725.0,374725.0,374725.0,374725.0,374725.0,374725.0,374725.0,374725.0,374725.0,374725.0,374725.0,374725.0,374725.0,374725.0,374725.0,374725.0,374725.0,374725.0,374725.0,374725.0,374725.0,374725.0,374725.0,374725.0,374725.0,374725.0,374725.0,374725.0,374725.0,374725.0,374725.0,374725.0,374725.0,374725.0,374725.0,374725.0,374725.0,374725.0,374725.0,374725.0,374725.0,374725.0,374725.0,374725.0,374725.0,374725.0,374725.0,374725.0,374725.0,374725.0,374725.0,374725.0,374725.0,374725.0,374725.0,374725.0,374725.0,374725.0,374725.0,374725.0,374725.0,374725.0,374725.0,374725.0,374725.0,374725.0,374725.0,374725.0,374725.0,374725.0,374725.0,374725.0,374725.0,374725.0,374725.0,374725.0,374725.0,374725.0,374725.0,374725.0,374725.0,374725.0,374725.0,374725.0,374725.0,374725.0,374725.0,374725.0,374725.0,374725.0,374725.0,374725.0,374725.0,374725.0,374725.0,374725.0,374725.0,374725.0,374725.0,374725.0,374725.0,374725.0,374725.0,374725.0,374725.0,374725.0,374725.0,374725.0,374725.0,374725.0,374725.0,374725.0,374725.0,374725.0,374725.0,374725.0,374725.0,374725.0,374725.0,374725.0,374725.0,374725.0,374725.0,374725.0,374725.0,374725.0,374725.0,374725.0,374725.0,374725.0,0.0
