,900,897,894,891,888,885,882,879,876,873,870,867,864,861,858,855,852,849,846,843,840,837,834,831,828,825,822,819,816,813,810,807,804,801,798,795,792,789,786,783,780,777,774,771,768,765,762,759,756,753,750,747,744,741,738,735,732,729,726,723,720,717,714,711,708,705,702,699,696,693,690,687,684,681,678,675,672,669,666,663,660,657,654,651,648,645,642,639,636,633,630,627,624,621,618,615,612,609,606,603,600,597,594,591,588,585,582,579,576,573,570,567,564,561,558,555,552,549,546,543,540,537,534,531,528,525,522,519,516,513,510,507,504,501,498,495,492,489,486,483,480,477,474,471,468,465,462,459,456,453,450,447,444,441,438,435,432,429,426,423,420,417,414,411,408,405,402,399,396,393,390,387,384,381,378,375,372,369,366,363,360,357,354,351,348,345,342,339,336,333,330,327,324,321,318,315,312,309,306,303,300,297,294,291,288,285,282,279,276,273,270,267,264,261,258,255,252,249,246,243,240,237,234,231,228,225,222,219,216,213,210,207,204,201,198,195,192,189,186,183,180,177,174,171,168,165,162,159,156,153,150,147,144,141,138,135,132,129,126,123,120,117,114,111,108,105,102,99,96,93,90,87,84,81,78,75,72,69,66,63,60,57,54,51,48,45,42,39,36,33,30,27,24,21,18,15,12,9,6,3,0
723.0,8055248725.565095,8079213396.651876,8103327394.453977,8127592084.300745,8152008847.622038,8176579082.176838,8201304202.28618,8226185639.069338,8251224840.684181,8276423272.571438,8301782417.702898,8327303776.833738,8352988868.759064,8378839230.574563,8404856417.941595,8431042005.356581,8457397586.42489,8483924774.139328,8510625201.163109,8537500520.117727,8564552403.87551,8591782545.857037,8619192660.333614,8646784482.734818,8674559769.961037,8702520300.701496,8730667875.757385,8759004318.370663,8787531474.558134,8816251213.451406,8845165427.642475,8874276033.535088,8903584971.70219,8933094207.249317,8962805730.184135,8992721555.79245,9022843725.02026,9053174304.86263,9083715388.75903,9114469096.995314,9145437577.112844,9176623004.324202,9208027581.936333,9239653541.780697,9271503144.650888,9303578680.747671,9335882470.131706,9368416863.18382,9401184241.073448,9434187016.234896,9467427632.851768,9500908567.349728,9534632328.89778,9568601459.917988,9602818536.603994,9637286169.448446,9672007003.779455,9706983720.306156,9742219035.673683,9777715703.027674,9813476512.588284,9849504292.234173,9885801908.09636,9922372265.162258,9959218307.889977,9996343020.833109,10033749429.276169,10071440599.8807,10109419641.342644,10147689705.060385,10186253985.814568,10225115722.459064,10264278198.623783,10303744743.429134,10343518732.212587,10383603587.267347,10424002778.593449,10464719824.661152,10505758293.187202,10547121801.92382,10588814019.460793,10630838666.040615,10673199514.386992,10715900390.546885,10758945174.74622,10802337802.25931,10846082264.292265,10890182608.88058,10934642941.800888,10979467427.49698,11024660290.020676,11070225813.98686,11116168345.543722,11162492293.357456,11209202129.61213,11256302391.024609,11303797679.874428,11351692665.049004,11399992083.103966,11448700739.338852,11497823508.88804,11547365337.82686,11597331244.293385,11647726319.62493,11698555729.510136,11749824715.156078,11801538594.470406,11853702763.258265,11906322696.434092,11959403949.247936,12012952158.526049,12066973043.925535,12121472409.202896,12176456143.495846,12231930222.618233,12287900710.367662,12344373759.845098,12401355614.78613,12458852610.90324,12516871177.23832,12575417837.524887,12634499211.55892,12694122016.57771,12754293068.645573,12815019284.045431,12876307680.675043,12938165379.446651,13000599605.68868,13063617690.54806,13127227072.391308,13191435298.202711,13256250024.978096,13321679021.111197,13387730167.771444,13454411460.2699,13521731009.411257,13589697042.82873,13658317906.29912,13727602065.034452,13797558104.94685,13868194733.882685,13939520782.822231,14011545207.039877,14084277087.22066,14157725630.527609,14231900171.614904,14306810173.580294,14382465228.851055,14458875059.99632,14536049520.458817,14613998595.197523,14692732401.233738,14772261188.090818,14852595338.11803,14933745366.688631,15015721922.260157,15098535786.285774,15182197872.963488,15266719228.80935,15352111032.04018,15438384591.749966,15525551346.862717,15613622864.843904,15702610840.150787,15792527092.400951,15883383564.236216,15975192318.858482,16067965537.211231,16161715514.779312,16256454657.977425,16352195480.095236,16448950596.765553,16546732720.918491,16645554657.182932,16745429295.692707,16846369605.253094,16948388625.81857,17051499460.23042,17155715265.158394,17261049241.18651,17367514621.979122,17475124662.45823,17583892625.91849,17693831770.00018,17804955331.435444,17917276509.476112,18030808447.90517,18145564215.52624,18261556785.01812,18378799010.032555,18497303600.404697,18617083095.33587,18738149834.39773,18860515926.195908,18984193214.518646,19109193241.783333,19235527209.57955,19363205936.09246,19492239810.1734,19622638741.807888,19754412108.711987,19887568698.76737,20022116647.98471,20158063373.66008,20295415502.3651,20434178792.383915,20574358050.180622,20715957040.45021,20858978389.27175,21003423479.846664,21149292340.26632,21296583522.711407,21445293973.4413,21595418892.88333,21746951585.08187,21899883295.71183,22054203037.80353,22209897404.26408,22366950366.21417,22525343056.09013,22685053534.386623,22846056538.83765,23008323214.75167,23171820825.130573,23336512439.112324,23502356597.185085,23669306951.52378,23837311879.7028,24006314069.93986,24176250075.92677,24347049839.20652,24518636176.96359,24690924233.00864,24863820889.66337,25037224138.19193,25211022405.38476,25385093833.88968,25559305513.90812,25733512663.94629,25907557758.4411,26081269600.288696,26254462336.606453,26426934416.4837,26598467490.051777,26768825248.967503,26937752209.399456,27104972439.892128,27270188238.122475,27433078762.642784,27593298628.321747,27750476477.475,27904213542.76888,28054082223.065475,28199624699.67953,28340351628.30229,28475740951.44514,28605236888.059235,28728249171.473587,28844152624.537464,28952287182.540085,29051958500.930973,29142439317.04616,29222971774.09335,29292770962.877293,29351029993.644188,29396926978.64146,29429634387.276302,29448331331.8526,29452219454.27312,29440543213.70698,29412615521.68092,32742004187.032623,32750295559.589428,32743182951.868145,32720342424.85469,32681663272.00392,32627306087.187973,26594756656.539463,26373984310.73064,26137418010.749104,25888174674.6668,25630421921.925804,29482518217.94101,29232020717.533684,28943627564.74964,28621366841.64205,28272023649.17345,20491825636.75935,20103730346.78846,19657164124.24144,19164387118.58699,18649287697.800022,21781453798.677723,21397310335.417816,21008487260.12184,20685135989.44418,20482286523.82934,21500814178.526268,19227491271.51463,13089236081.534872,0.0
722.5,7122526667.5453005,7145023642.837983,7167664584.72654,7190450839.653105,7213383770.316016,7236464755.907286,7259695192.354279,7283076492.565409,7306610086.679927,7330297422.322142,7354139964.859774,7378139197.666929,7402296622.391396,7426613759.226656,7451092147.188457,7475733344.396291,7500538928.359563,7525510496.268815,7550649665.292005,7575958072.875838,7601437377.052386,7627089256.750994,7652915412.115814,7678917564.828548,7705097458.437175,7731456858.690237,7757997553.877048,7784721355.173944,7811630096.996491,7838725637.358156,7866009858.23497,7893484665.937037,7921151991.486294,7949013791.001227,7977072046.08827,8005328764.240284,8033785979.242083,8062445751.583273,8091310168.87842,8120381346.294744,8149661426.987614,8179152582.543735,8208857013.4323635,8238776949.464693,8268914650.261465,8299272405.729167,8329852536.54467,8360657394.648805,8391689363.748827,8422950859.83001,8454444331.676578,8486172261.402143,8518137164.989705,8550341592.841679,8582788130.339819,8615479398.415493,8648418054.1303,8681606791.267452,8715048340.933859,8748745472.173386,8782700992.591312,8816917748.990238,8851398628.01783,8886146556.826317,8921164503.74415,8956455478.960226,8992022535.220457,9027868768.537388,9063997318.912766,9100411371.073486,9137114155.22116,9174108947.7954,9211399072.251326,9248987899.851242,9286878850.47108,9325075393.42159,9363581048.284698,9402399385.76529,9441534028.558613,9480988652.233738,9520766986.133106,9560872814.288754,9601309976.355127,9642082368.559242,9683193944.668028,9724648716.973362,9766450757.295162,9808604198.002644,9851113233.054092,9893982119.055653,9937215176.338966,9980816790.058617,10024791411.30891,10069143558.260984,10113877817.320108,10158998844.30352,10204511365.639328,10250420179.586468,10296730157.4761,10343446244.974922,10390573463.370144,10438116910.87712,10486081763.969316,10534473278.730911,10583296792.232742,10632557723.931164,10682261577.090572,10732413940.229458,10783020488.590382,10834086985.633862,10885619284.556553,10937623329.83358,10990105158.785366,11043070903.16886,11096526790.793385,11150479147.16098,11204934397.131378,11259899066.611347,11315379784.268688,11371383283.270348,11427916403.04486,11484986091.06851,11542599404.675407,11600763512.890747,11659485698.286972,11718773358.862638,11778634009.943085,11839075286.102367,11900104943.106195,11961730859.874329,12023961040.462114,12086803616.060255,12150266847.010942,12214359124.840073,12279088974.303444,12344465055.445812,12410496165.670927,12477191241.820845,12544559362.262348,12612609748.978344,12681351769.661764,12750794939.80929,12820948924.81205,12891823542.03999,12963428762.916603,13035774714.980228,13108871683.92752,13182730115.635395,13257360618.15554,13332773963.677383,13408981090.452951,13485993104.67792,13563821282.32225,13642477070.90286,13721972091.190918,13802318138.844969,13883527185.96117,13965611382.530563,14048583057.79265,14132454721.474268,14217239064.90081,14302948961.966797,14389597469.951408,14477197830.163044,14565763468.396715,14655307995.185783,14745845205.828545,14837389080.16893,14929953782.108397,15023553658.824814,15118203239.671768,15213917234.730236,15310710532.98185,15408598200.070766,15507595475.619177,15607717770.057213,15708980660.92709,15811399888.616585,15914991351.473907,16019771100.252483,16125755331.830416,16232960382.143982,16341402718.271511,16451098929.597036,16562065717.979755,16674319886.847437,16787878329.127254,16902758013.91964,17018975971.813946,17136549278.73635,17255495038.212353,17375830361.916107,17497572348.36996,17620738059.645523,17745344495.90681,17871408567.622684,17998947065.26267,18127976626.2752,18258513699.131207,18390574504.19886,18524174991.19688,18659330792.95293,18796057175.17251,18934368981.899685,19074280576.3256,19215805776.573387,19358957786.057617,19503749117.985046,19650191513.52807,19798295853.16424,19948072060.636063,20099528998.939407,20252674357.70316,20407514531.270542,20564054486.738503,20722297621.150475,20882245606.9762,21043898224.941208,21207253183.1964,21372305921.73759,21539049400.900417,21707473872.66484,21877566633.406025,22049311756.62459,22222689804.078987,22397677513.62589,22574247461.950413,22752367700.238564,22932001360.70717,23113106231.765823,23295634299.43806,23479531252.51948,23664735948.79872,23851179839.516205,24038786349.08754,24227470206.97888,24417136728.493835,24607681041.122986,24798987253.027008,24990927560.180832,25183361288.71594,25376133869.07408,25569075738.752647,25762001170.70307,25954707024.874043,26146971421.010727,26338552331.679924,26529186095.65486,26718585853.33751,26906439907.92091,27092410018.61925,27276129635.670094,27457202091.12588,27635198764.93444,27809657252.74364,27980079570.609947,28145930442.782104,28306635732.5128,28461581093.09182,28610110937.82283,28751527854.504864,28885092623.37728,29010025038.99008,29125505787.94514,29230679698.20357,29324660754.43205,29406539370.95757,29475392533.21128,29530297564.559063,29570350453.200977,29594689888.788303,32980986505.702576,33054295433.69362,33113907380.74699,33159499656.002712,33190995607.67505,33208644791.676216,27573208339.52562,27341251024.084053,27085858899.70837,26810127080.13897,26518459851.11828,29940436373.159782,29740057952.05205,29495695756.521164,29210052844.270573,28888845593.554688,20807721748.833813,20484753498.49333,20095574959.864143,19649476450.40884,19168110631.82756,22222304909.38927,21800021362.922096,21342016521.459606,20943378773.97008,20752006440.79213,22833959016.30576,21609574406.14142,16431262964.05065,0.0
722.0,6168220266.303455,6189125020.664297,6210167274.872195,6231348343.236195,6252669556.279078,6274132260.980065,6295737821.021786,6317487617.04156,6339383046.887077,6361425525.87658,6383616487.063582,6405957381.506279,6428449678.541751,6451094866.064909,6473894450.812541,6496849958.652259,6519962934.876675,6543234944.502865,6566667572.57706,6590262424.484909,6614021126.267338,6637945324.941887,6662036688.830191,6686296907.891047,6710727694.059669,6735330781.593188,6760107927.422184,6785060911.508926,6810191537.211893,6835501631.657127,6860993046.116356,6886667656.392036,6912527363.209583,6938574092.616612,6964809796.389921,6991236452.449623,7017856065.281247,7044670666.3656025,7071682314.616568,7098893096.827206,7126305128.124159,7153920552.430457,7181741542.93722,7209770302.584026,7238009064.5485935,7266460092.745359,7295125682.333821,7324008160.236375,7353109885.665874,7382433250.6634865,7411980680.646568,7441754634.967108,7471757607.480792,7501992127.127092,7532460758.520257,7563166102.551926,7594110797.005142,7625297517.18026,7656728976.533011,7688407927.324879,7720337161.285929,7752519510.290718,7784957847.047221,7817655085.799135,7850614183.041899,7883838138.252735,7917329994.634866,7951092839.876291,7985129806.923526,8019444074.770377,8054038869.262263,8088917463.916361,8124083180.757859,8159539391.172665,8195289516.776926,8231337030.303728,8267685456.507257,8304338373.084973,8341299411.617621,8378572258.528501,8416160656.060969,8454068403.276008,8492299357.069015,8530857433.207077,8569746607.386715,8608970916.312614,8648534458.797722,8688441396.885231,8728695956.9928,8769302431.079487,8810265177.83574,8851588623.897161,8893277265.08207,8935335667.653875,8977768469.608091,9020580381.985134,9063776190.208818,9107360755.45137,9151339016.025305,9195715988.802769,9240496770.66257,9285686539.965849,9331290558.0605,9377314170.814928,9423762810.181768,9470641995.792055,9517957336.580109,9565714532.439993,9613919375.913738,9662577753.912125,9711695649.468124,9761279143.523909,9811334416.751669,9861867751.40864,9912885533.227142,9964394253.33963,10016400510.239582,10068911011.77844,10121932577.199038,10175472139.205923,10229536746.072985,10284133563.78858,10339269878.238705,10394953097.428162,10451190753.7403,10507990506.235231,10565360142.986992,10623307583.459455,10681840880.921255,10740968224.899666,10800697943.673292,10861038506.803654,10921998527.70522,10983586766.253649,11045812131.432056,11108683684.014524,11172210639.286446,11236402369.801077,11301268408.17112,11366818449.894806,11433062356.214882,11500010157.009758,11567672053.714684,11636058422.27192,11705179816.107529,11775046969.13308,11845670798.76942,11917062408.990578,11989233093.384089,12062194338.225204,12135957825.56092,12210535436.300114,12285939253.305511,12362181564.482376,12439274865.859118,12517231864.65368,12596065482.319653,12675788857.56508,12756415349.336506,12837958539.759949,12920432237.03003,13003850478.23706,13088227532.121922,13173577901.746794,13259916327.069143,13347257787.40537,13435617503.768944,13525010941.067207,13615453810.138617,13706962069.611769,13799551927.56538,13893239842.966354,13988042526.86179,14083976943.29835,14181060309.940071,14279310098.353537,14378744033.926636,14479380095.384178,14581236513.86066,14684331771.487206,14788684599.445929,14894313975.44133,15001239120.533829,15109479495.27632,15219054795.089214,15329984944.804527,15442290092.303663,15555990601.166866,15671107042.246157,15787660184.06537,15905670981.943935,16025160565.730968,16146150226.028175,16268661398.769114,16392715648.010998,16518334646.783983,16645540155.829023,16774354000.04181,16904798042.424109,17036894155.328045,17170664188.759708,17306129935.489445,17443313092.69429,17582235219.83492,17722917692.443764,17865381651.474174,18009647947.82955,18155737081.65968,18303669135.97577,18453463704.097187,18605139810.401604,18758715823.80396,18914209363.34166,19071637195.188408,19231015120.36212,19392357852.32833,19555678883.63237,19720990340.61864,19888302825.215576,20057625242.67597,20228964614.06836,20402325872.21263,20577711639.64131,20755121987.048504,20934554170.558723,21116002346.00897,21299457258.28645,21484905903.60424,21672331162.42452,21861711400.554768,22053020035.746807,22246225066.92123,22441288562.920486,22638166107.465324,22836806196.75035,23037149585.8685,23239128580.00468,23442666266.08676,23647675680.335888,23854058906.923504,24061706102.72654,24270494442.992058,24480286982.587307,24690931427.446457,24902258810.85288,25114082069.35127,25326194513.40605,25538368188.46796,25750352122.94313,25961870460.766422,26172620477.968056,26382270484.93002,26590457619.12141,26796785537.2048,27000822020.78494,27202096517.07661,27400097644.83372,27594270707.55711,27784015270.97615,27968682880.95528,28147575022.4151,28319941450.968987,28484979068.519684,28641831564.24622,28789590106.02724,28927295447.891068,29053941920.94413,29168483903.88876,29269845531.50597,29356934603.753616,29428661914.669724,32729317437.538647,32855305259.67937,32968291465.882725,33067746220.01718,33153368916.35536,33225179102.20241,28859795719.95508,28619702222.50485,28342043828.53176,28028547509.99829,27682367774.95228,30069986503.22057,29914178142.58643,29706569115.66065,29447554766.571594,29140381019.93322,20931807146.6968,20673421609.11076,20339420036.105247,19934113555.316307,19473456579.209,22481647565.256317,21965309294.25151,21353122312.736427,20744833037.35024,20350855883.009933,23228737355.868786,23211638135.371296,19275658027.468533,0.0
721.5,5194193625.176233,5213389803.304509,5232715963.236732,5252173374.373105,5271763322.091019,5291487107.989477,5311346050.1378,5331341483.328831,5351474759.3366585,5371747247.17906,5392160333.384526,5412715422.264326,5433413936.189269,5454257315.871693,5475247020.652472,5496384528.793274,5517671337.77424,5539108964.597076,5560698946.093624,5582442839.240313,5604342221.478269,5626398691.039339,5648613867.278339,5670989391.011262,5693526924.859904,5716228153.60295,5739094784.533611,5762128547.823904,5785331196.895869,5808704508.799829,5832250284.599623,5855970349.765345,5879866554.573425,5903940774.514303,5928194910.707973,5952630890.327409,5977250667.030102,6002056221.397951,6027049561.385521,6052232722.777037,6077607769.652193,6103176794.86092,6128941920.507574,6154905298.44421,6181069110.773903,6207435570.363513,6234006921.366785,6260785439.757638,6287773433.8738165,6314973244.971483,6342387247.790655,6370017851.131857,6397867498.444194,6425938668.42528,6454233875.632854,6482755671.108905,6511506643.016063,6540489417.286991,6569706658.28656,6599161069.487604,6628855394.160198,6658792416.074882,6688974960.220199,6719405893.53474,6750088125.654103,6781024609.67317,6812218342.92373,6843672367.768303,6875389772.4100485,6907373691.719311,6939627308.077296,6972153852.237053,7004956604.20222,7038038894.124,7071404103.216734,7105055664.692363,7138997064.714516,7173231843.372274,7207763595.674358,7242595972.564035,7277732681.955248,7313177489.790544,7348934221.121035,7385006761.209219,7421399056.654843,7458115116.544601,7495159013.626021,7532534885.506126,7570246935.875461,7608299435.757968,7646696724.787397,7685443212.510764,7724543379.719351,7764001779.808133,7803823040.164019,7844011863.583544,7884573029.720806,7925511396.566256,7966831901.956844,8008539565.118414,8050639488.241032,8093136858.087604,8136036947.637238,8179345117.763112,8223066818.946382,8267207593.026545,8311773074.988989,8356768994.790598,8402201179.224184,8448075553.822483,8494398144.802529,8541175081.051261,8588412596.153127,8636117030.460552,8684294833.207981,8732952564.670578,8782096898.368076,8831734623.314913,8881872646.317383,8932517994.31859,8983677816.792173,9035359388.185505,9087570110.413263,9140317515.402342,9193609267.68845,9247453167.065926,9301857151.290924,9356829298.838936,9412377831.71765,9468511118.335457,9525237676.426666,9582566176.033829,9640505442.547972,9699064459.807266,9758252373.25454,9818078493.154432,9878552297.870152,9939683437.200762,10001481735.778618,10063957196.527683,10127120004.182589,10190980528.868298,10255549329.740658,10320837158.68696,10386854964.086851,10453613894.632463,10521125303.207125,10589400750.82221,10658452010.61037,10728291071.87424,10798930144.188929,10870381661.556305,10942658286.60934,11015772914.863306,11089738679.011988,11164568953.264812,11240277357.72187,11316877762.782528,11394384293.583012,11472811334.458172,11552173533.421331,11632485806.656187,11713763343.01371,11796021608.505997,11879276350.789032,11963543603.62418,12048839691.308523,12135181233.062126,12222585147.359764,12311068656.193058,12400649289.247871,12491344887.979984,12583173609.570747,12676153930.742678,12770304651.412945,12865644898.16028,12962194127.479448,13059972128.79429,13158999027.197704,13259295285.88435,13360881708.238682,13463779439.537056,13568009968.219666,13673595126.683302,13780557091.5419,13888918383.297031,13998701865.355282,14109930742.32349,14222628557.507051,14336819189.529572,14452526847.98471,14569776068.023136,14688591703.769178,14808998920.45147,14931023185.122423,15054690255.829489,15180026169.089128,15307057225.501038,15435809973.32558,15566311189.831116,15698587860.201015,15832667153.770967,15968576397.34602,16106343045.325294,16245994646.336086,16387558806.053505,16531063145.851408,16676535256.898582,16824002649.278856,16973492695.67498,17125032569.115175,17278649174.23369,17434369071.447777,17592218393.39779,17752222752.93756,17914407141.89588,18078795819.75864,18245412191.342224,18414278672.44308,18585416542.35445,18758845782.03851,18934584896.630062,19112650720.825653,19293058205.57773,19475820184.36821,19660947117.175816,19848446810.07864,20038324108.244514,20230580559.85561,20425214048.291355,20622218389.65092,20821582892.43512,21023291875.923645,21227324143.47889,21433652406.67973,21642242655.837414,21853053472.07214,22066035275.73257,22281129505.522907,22498267722.267487,22717370630.792404,22938347012.94594,23161092564.32181,23385488626.803,23611400808.6262,23838677483.297768,24067148158.40128,24296621705.161068,24526884439.61471,24757698046.46559,24988797337.2151,25219887835.1253,25450643181.07072,25680702356.58859,25909666723.65797,26137096885.23203,26362509376.697487,26585373206.73989,26805106277.18606,27021071726.10517,27232574257.828323,27438856548.963657,27639095852.69422,27832400966.919083,28017809788.06157,28194287745.39784,28360727505.43442,28515950458.477715,28658710658.214,28787702090.316307,28901570411.262085,31974607377.67325,32140354333.27933,32292819354.38867,32431060119.21569,32554293002.366104,32661980617.048336,30418956833.462807,30203351753.81849,29932232028.335423,29604266341.097404,29219342697.497765,29855926073.12372,29740058542.482685,29563466655.307,29323380621.98185,29019283761.548584,20849944013.61772,20655855149.573524,20375924500.457985,20007787974.613674,19558544706.28042,22793642378.42758,22220127908.354725,21482464066.90852,20655902161.94177,19947355524.043736,22207259367.54718,23309793339.74579,20526644327.551,0.0
721.0,4202391234.597359,4219771331.817711,4237272904.7978783,4254897165.8416224,4272645342.8056126,4290518679.34198,4308518435.145323,4326645886.20418,4344902325.057213,4363289061.053938,4381807420.620489,4400458747.530088,4419244403.178647,4438165766.8655,4457224236.079287,4476421226.789199,4495758173.741736,4515236530.763005,4534857771.066671,4554623387.567722,4574534893.202232,4594593821.253137,4614801725.682196,4635160181.468263,4655670784.952123,4676335154.187805,4697154929.300696,4718131772.852565,4739267370.213568,4760563429.941539,4782021684.16857,4803643888.995112,4825431824.891753,4847387297.108934,4869512136.0945,4891808197.919675,4914277364.713226,4936921545.104383,4959742674.674343,4982742716.41677,5005923661.207609,5029287528.284063,5052836365.733203,5076572250.990414,5100497291.347849,5124613624.473008,5148923418.93792,5173428874.758941,5198132223.947552,5223035731.072308,5248141693.832258,5273452443.642111,5298970346.229336,5324697802.243526,5350637247.878337,5376791155.50626,5403162034.326439,5429752431.025984,5456564930.455073,5483602156.315974,5510866771.866582,5538361480.638603,5566089027.170859,5594052197.75794,5622253821.214712,5650696769.656901,5679383959.29825,5708318351.264608,5737502952.425247,5766940816.242044,5796635043.6366205,5826588783.876269,5856805235.478691,5887287647.136292,5918039318.660461,5949063601.946102,5980363901.957165,6011943677.73354,6043806443.419779,6075955769.316296,6108395282.953518,6141128670.189533,6174159676.331728,6207492107.283146,6241129830.714083,6275076777.259481,6309336941.742688,6343914384.426558,6378813232.291992,6414037680.345151,6449591992.953526,6485480505.211986,6521707624.33919,6558277831.105393,6595195681.292048,6632465807.184288,6670092919.096944,6708081806.934902,6746437341.788526,6785164477.565262,6824268252.657991,6863753791.651145,6903626307.065546,6943891101.142741,6984553567.669813,7025619193.845798,7067093562.19046,7108982352.496447,7151291343.82613,7194026416.55373,7237193554.454144,7280798846.839431,7324848490.744074,7369348793.160089,7414306173.323121,7459727165.051019,7505618419.135419,7551986705.788271,7598838917.14394,7646182069.818551,7694023307.527602,7742369903.763139,7791229264.532,7840608931.156069,7890516583.136272,7940960041.081309,7991947269.702768,8043486380.877707,8095585636.78026,8148253453.083624,8201498402.233664,8255329216.795735,8309754792.875852,8364784193.617775,8420426652.777347,8476691578.375212,8533588556.429594,8591127354.770203,8649317926.934525,8708170416.148037,8767695159.389036,8827902691.539902,8888803749.625244,8950409277.138458,9012730428.457382,9075778573.35006,9139565301.571371,9204102427.55111,9269401995.17429,9335476282.653908,9402337807.496325,9469999331.559856,9538473866.20589,9607774677.542427,9677915291.75995,9748909500.557877,9820771366.661528,9893515229.427511,9967155710.536053,10041707719.768032,10117186460.86425,10193607437.463749,10270986459.117746,10349339647.375048,10428683441.933971,10509034606.8558,10590410236.83302,10672827763.505808,10756304961.818516,10840859956.407463,10926511228.00992,11013277619.883186,11101178344.221169,11190232988.554688,11280461522.119968,11371884302.178185,11464522080.266949,11558396008.362724,11653527644.93113,11749938960.838696,11847652345.098425,11946690610.417313,12047076998.511633,12148835185.151634,12251989284.894138,12356563855.456806,12462583901.683502,12570074879.045366,12679062696.616253,12789573719.455645,12901634770.325554,13015273130.6603,13130516540.70098,13247393198.697132,13365931759.068975,13486161329.413574,13608111466.226212,13731812169.196997,13857293873.92796,13984587442.902102,14113724154.518677,14244735689.991898,14377654117.889929,14512511876.07005,14649341750.74213,14788176852.366283,14929050588.062784,15071996630.180412,15217048880.635435,15364241430.595558,15513608515.041891,15665184461.695875,15819003633.748877,15975100365.775766,16133508892.15445,16294263267.245434,16457397276.512608,16622944337.685556,16790937390.974178,16961408777.248716,17134390102.990198,17309912090.697037,17488004413.302837,17668695511.015797,17852012388.831226,18037980392.793484,18226622962.89087,18417961360.254456,18612014366.09822,18808797949.580845,19008324901.48625,19210604430.309704,19415641716.994305,19623437424.188965,19833987155.48752,20047280859.66031,20263302174.39833,20482027703.55485,20703426221.28756,20927457795.87282,21154072825.28165,21383210975.87292,21614800014.774315,21848754525.686543,22084974496.96769,22323343769.93688,22563728334.39632,22805974457.420635,23049906630.53521,23295325319.528656,23542004500.37929,23789688964.179527,24038091373.617577,24286889053.640675,24535720499.5474,24784181587.159523,25031821472.197006,25278138169.912285,25522573811.94183,25764509585.87725,26003260375.13692,26238069133.49795,26468101051.67874,26692437604.67588,26910070610.850155,27119896490.578224,27320710988.34024,27511204723.627827,27689960071.28217,27855450051.76036,28006040150.919743,30716409319.320152,30909228485.75915,31087669152.770027,31250201892.8916,31395334688.31618,31521682067.208885,32034774435.33932,31906168582.962807,31706495824.35031,31430119267.952045,31071952782.48521,29287417699.24549,29208092596.33016,29058822975.362705,28833047949.762672,28525465337.44372,20549556859.07428,20419748312.563004,20194063803.611416,19862267022.250626,19420102568.64516,23141973493.191,22574542874.83222,21781101875.132317,20798852098.622528,19800914990.789883,19616167887.719242,21134380629.7818,19908225944.133278,0.0
720.5,3194832431.16848,3210298434.686657,3225876490.794381,3241567743.21336,3257373350.6144524,3273294486.8550634,3289332341.220928,3305488118.6724434,3321763040.095582,3338158342.557524,3354675279.567127,3371315121.340254,3388079155.0701275,3404968685.2028933,3421985033.718275,3439129540.4157343,3456403563.20592,3473808478.4079456,3491345681.0521183,3509016585.1886625,3526822624.202368,3544765251.1332693,3562845939.003665,3581066181.1513786,3599427491.569621,3617931405.253452,3636579478.5530176,3655373289.5338383,3674314438.344036,3693404547.589018,3712645262.713368,3732038252.390583,3751585208.920356,3771287848.633914,3791147912.307448,3811167165.583844,3831347399.4029446,3851690430.4404335,3872198101.555727,3892872282.248763,3913714869.126316,3934727786.377695,3955912986.26019,3977272449.594514,3998808186.2704544,4020522235.762869,4042416667.6585,4064493582.1935663,4086755110.802653,4109203416.678968,4131840695.346362,4154669175.243373,4177691118.319395,4200908820.643609,4224324613.0266495,4247940861.65554,4271759968.741976,4295784373.184581,4320016551.245208,4344459017.239745,4369114324.243738,4393985064.813288,4419073871.721396,4444383418.710237,4469916421.259924,4495675637.373793,4521663868.380959,4547883959.756304,4574338801.958619,4601031331.286905,4627964530.755847,4655141430.990362,4682565111.140185,4710238699.814554,4738165376.03795,4766348370.226915,4794790965.188918,4823496497.143528,4852468356.76659,4881709990.258003,4911224900.433455,4941016647.8411045,4971088851.903454,5001445192.085368,5032089409.08861,5063025306.073817,5094256749.9104,5125787672.455334,5157622071.861168,5189764013.914484,5222217633.405176,5254987135.527605,5288076797.314236,5321490969.102708,5355234076.037283,5389310619.605221,5423725179.209427,5458482413.777843,5493587063.410969,5529043951.068045,5564857984.293319,5601034156.9830265,5637577551.194529,5674493338.998302,5711786784.374175,5749463245.1528015,5787528175.003573,5825987125.47016,5864845748.054863,5904109796.353183,5943785128.239645,5983877708.106321,6024393609.155577,6065339015.748092,6106720225.807661,6148543653.284536,6190815830.678303,6233543411.622112,6276733173.52985,6320392020.307593,6364526985.131222,6409145233.291594,6454254065.109324,6499860918.920413,6545973374.135052,6592599154.370817,6639746130.662663,6687422324.750999,6735635912.450304,6784395227.099825,6833708763.098433,6883585179.525809,6934033303.851602,6985062135.735126,7036680850.917158,7088898805.20631,7141725538.56205,7195170779.276334,7249244448.256186,7303956663.409382,7359317744.135456,7415338215.92402,7472028815.0629635,7529400493.458342,7587464423.568295,7646232003.453426,7705714861.945044,7765924863.934315,7826874115.783564,7888574970.862217,7951040035.209166,8014282173.323253,8078314514.084096,8143150456.804239,8208803677.414866,8275288134.785958,8342618077.182145,8410808048.855812,8479872896.777398,8549827777.504286,8620688164.188072,8692469853.72041,8765188974.016981,8838861991.438995,8913505718.350842,8989137320.812397,9065774326.403885,9143434632.180077,9222136512.751053,9301898628.484743,9382740033.826685,9464680185.730844,9547738952.194782,9631936620.891245,9717293907.88673,9803831966.43686,9891572395.846296,9980537250.379757,10070749048.208532,10162230780.375353,10255005919.75778,10349098430.00827,10444532774.446342,10541333924.875242,10639527370.292349,10739139125.4591,10840195739.292328,10942724303.034592,11046752458.156292,11152308403.93728,11259420904.67023,11368119296.421062,11478433493.275688,11590393992.994146,11704031881.984886,11819378839.503042,11936467140.966375,12055329660.270758,12175999870.975777,12298511846.216743,12422900257.184605,12549200369.999111,12677448040.781836,12807679708.716318,12939932386.859953,13074243650.448215,13210651622.404713,13349194955.740932,13489912812.496956,13632844838.837671,13778031135.879663,13925512225.77897,14075329012.561749,14227522737.12494,14382134925.774822,14539207331.604671,14698781867.939306,14860900532.993336,15025605324.799364,15192938145.362844,15362940692.889765,15535654340.809666,15711120002.181528,15889377977.917934,16070467787.09508,16254427977.430737,16441295913.804075,16631107542.462406,16823897128.303469,17019696962.339005,17218537036.128674,17420444679.62406,17625444158.471443,17833556226.389725,18044797627.75864,18259180545.01715,18476711984.87909,18697393096.71358,18921218415.707336,19148175022.61613,19378241611.015694,19611387451.971912,19847571244.955463,20086739842.62156,20328826835.751232,20573750983.20081,20821414470.1237,21071700976.01107,21324473532.243256,21579572146.85803,21836811172.135025,22095976388.391026,22356821775.11133,22619065938.26655,22882388160.45984,23146424038.535736,23410760671.62736,23674931361.55365,23938409787.33181,24200603616.78448,24460847521.41562,24718395566.73339,24972412960.159744,25221967154.130272,25466018325.065483,25703409282.44441,25932854910.12588,26152931309.630863,26362064909.51902,26558521936.08654,26740398821.78132,28966017911.15552,29174198981.491894,29366357758.25178,29540259766.935127,29693546146.05835,29823770649.3268,33260864391.248947,33292798420.84232,33247992729.93325,33116612838.23088,32888326193.122387,28358093665.130344,28313275208.932022,28189925972.2134,27977387728.61576,27664959621.454468,20019964393.82564,19954573573.749027,19784549681.34409,19491232255.64431,19057472545.579044,23215571781.149105,22653523056.197296,21793011077.25024,20615559060.158573,19218430733.95808,16817036391.540066,17593509930.202713,16682609616.729706,0.0
720.0,2173605473.1974926,2187069459.5138693,2200635236.1406183,2214303867.542177,2228076432.3592453,2241954023.63774,2255937749.062214,2270028731.1935835,2284228107.711426,2298537031.661001,2312956671.704837,2327488212.379262,2342132854.35586,2356891814.70794,2371766327.1821785,2386757642.475504,2401867028.517475,2417095770.758071,2432445172.461072,2447916555.003351,2463511258.179905,2479230640.515023,2495076079.57946,2511048972.314112,2527150735.3598747,2543382805.3943567,2559746639.4750643,2576243715.3896656,2592875532.013204,2609643609.672531,2626549490.5181103,2643594738.90337,2660780941.7717896,2678109709.051771,2695582674.0597982,2713201493.9115744,2730967849.941882,2748883448.132971,2766950019.551779,2785169320.79628,2803543134.451085,2822073269.552603,2840761562.063757,2859609875.3588924,2878620100.718689,2897794157.835598,2917133995.3299465,2936641591.277004,2956318953.745201,2976168121.345889,2996191163.794813,3016390182.4857435,3036767311.076117,3057324716.0857944,3078064597.5083256,3098989189.435733,3120100760.6967945,3141401615.5092354,3162894094.14626,3184580573.617567,3206463468.365551,3228545230.976609,3250828352.9084234,3273315365.2331934,3296008839.397545,3318911387.999258,3342025665.5815268,3365354369.4448338,3388900240.47736,3412666064.003833,3436654670.6538496,3460868937.2497225,3485311787.7145767,3509986194.001239,3534895177.042216,3560041807.7217207,3585429207.8697805,3611060551.279504,3636939064.74774,3663068029.140015,3689450780.480125,3716090711.0652313,3742991270.60695,3770155967.399397,3797588369.514399,3825292106.025296,3853270868.25929,3881528411.0798025,3910068554.19915,3938895183.522533,3968012252.524315,3997423783.6570215,4027133869.794471,4057146675.709512,4087466439.5874977,4118097474.576456,4149044170.3749294,4180310994.85839,4211902495.7453966,4243823302.3045473,4276078127.103302,4308671767.799795,4341609108.9788265,4374895124.033247,4408534877.091953,4442533524.99571,4476896319.322231,4511628608.46172,4546735839.744341,4582223561.621017,4618097425.8989525,4654363190.033503,4691026719.477813,4728093990.091847,4765571090.612452,4803464225.186178,4841779715.966387,4880524005.77663,4919703660.841963,4959325373.590232,4999395965.524847,5039922390.171664,5080911736.101231,5122371230.029096,5164308239.995834,5206730278.629426,5249645006.491675,5293060235.511454,5336983932.50679,5381424222.798353,5426389393.916748,5471887899.4061165,5517928362.726613,5564519581.258528,5611670530.410477,5659390367.834693,5707688437.752006,5756574275.389504,5806057611.533794,5856148377.202715,5906856708.438701,5958192951.226755,6010167666.540205,6062791635.517474,6116075864.772903,6170031591.845251,6224670290.786684,6280003677.89608,6336043717.599597,6392802628.48226,6450292889.473531,6508527246.190715,6567518717.443287,6627280601.901575,6687826484.933309,6749170245.61112,6811326063.894403,6874308427.988815,6938132141.886243,7002812333.088512,7068364460.51757,7134804322.614961,7202148065.632896,7270412192.119629,7339613569.600741,7409769439.458632,7480897426.011129,7553015545.790815,7626142217.025424,7700296269.319469,7775496953.536987,7851763951.884207,7929117388.190409,8007577838.384766,8087166341.165663,8167904408.858124,8249814038.45421,8332917722.829449,8417238462.127598,8502799775.304044,8589625711.816733,8677740863.451618,8767170376.26736,8857939962.641909,8950075913.400848,9043605110.00468,9138555036.768848,9234953793.08704,9332830105.62428,9432213340.441685,9533133515.010862,9635621310.069372,9739708081.263992,9845425870.52113,9952807417.07708,10061886168.09234,10172696288.76595,10285272671.855228,10399650946.496292,10515867486.207865,10633959415.948051,10753964618.079023,10875921737.077394,10999870182.811102,11125850132.18224,11253902528.913765,11384069081.2326,11516392257.174591,11650915277.205708,11787682103.82032,11926737427.73922,12068126650.28864,12211895861.494251,12358091813.372717,12506761887.845636,12657954058.636047,12811716846.436865,12968099266.560123,13127150768.187862,13288921164.24577,13453460550.811008,13620819214.841646,13791047528.877964,13964195831.212364,14140314289.851828,14319452748.406391,14501660551.820436,14686986349.624723,14875477874.1165,15067181690.574545,15262142916.276752,15460404904.710032,15662008890.936111,15866993593.600449,16075394768.535131,16287244708.305977,16502571681.377722,16721399303.812178,16943745835.561129,17169623392.456257,17399037063.920547,17631983925.213463,17868451931.659374,18108418680.778866,18351850026.521564,18598698527.870163,18848901711.918045,19102380129.09788,19359035175.52249,19618746654.36621,19881370044.83463,20146733443.51485,20414634138.73796,20684834774.0026,20957059051.48602,21230986921.20997,21506249195.55268,21782421522.561302,22059017645.01733,22335481865.612694,22611180632.16777,22885393150.966053,23157300931.59065,23425976163.99424,23690368829.16956,23949292450.511124,24201408406.32308,24445208748.564148,24678997513.95497,24900870578.26741,25108694203.2284,26745817923.664684,26959242308.45333,27154805604.23832,27329527938.541733,27480119447.4471,27602974873.11476,33458096437.56713,33698799527.478188,33871376958.824303,33963632310.41277,33961807430.45636,27066097882.245216,27055050806.35106,26958485943.64135,26761720090.032047,26448552989.45479,19252722470.474136,19251806507.288105,19139837437.801632,18889911495.39704,18471621833.15746,22682206555.524338,22066107214.67236,21057882486.40994,19562643539.24425,17549067528.950806,15320604055.677979,15151052652.037127,15277843825.766357,0.0
719.5,1140861253.8998833,1152245938.278474,1163721396.2398863,1175288603.2283745,1186948547.9345913,1198702232.5131474,1210550672.8044786,1222494898.5609522,1234535953.6773243,1246674896.4257317,1258912799.6951704,1271250751.2357595,1283689853.9077015,1296231225.9351826,1308876001.1652355,1321625329.33171,1334480376.3245163,1347442324.4641705,1360512372.7818136,1373691737.3047943,1386981651.3480816,1400383365.8113422,1413898149.482159,1427527289.345316,1441272090.8982716,1455133878.4731865,1469113995.565359,1483213805.1685038,1497434690.116726,1511778053.4337006,1526245318.6888945,1540837930.3612404,1555557354.2102757,1570405077.655098,1585382610.1609943,1600491483.6344335,1615733252.8260574,1631109495.742405,1646621814.066043,1662271833.5848074,1678061204.629938,1693991602.523757,1710064728.036605,1726282307.8538332,1742646095.0526114,1759157869.5890112,1775819438.7957516,1792632637.8904345,1809599330.4951155,1826721409.1669188,1844000795.940343,1861439442.8815336,1879039332.6544287,1896802479.09974,1914730927.8264048,1932826756.8163128,1951092077.0424109,1969529033.100551,1988139803.855486,2006926603.1013744,2025891680.2370548,2045037320.956541,2064365847.9552567,2083879621.65211,2103581040.9281173,2123472543.881808,2143556608.6019669,2163835753.958049,2184312540.408821,2204989570.829704,2225869491.35917,2246954992.264942,2268248808.8302307,2289753722.2607546,2311472560.6130075,2333408199.7442923,2355563564.28526,2377941628.635332,2400545417.981728,2423378009.342886,2446442532.636545,2469742171.773591,2493280165.778022,2517059809.9339094,2541084456.9601145,2565357518.213318,2589882464.9204044,2614662829.4407654,2639702206.5594635,2665004254.812145,2690572697.842431,2716411325.792799,2742523996.729821,2768914638.1047945,2795587248.250638,2822545897.916109,2849794731.8384447,2877337970.3553343,2905179911.0576267,2933324930.4835253,2961777485.8557587,2990542116.8627806,3019623447.485327,3049026187.8695087,3078755136.247888,3108815180.9097605,3139211302.2223005,3169948574.703515,3201032169.149235,3232467354.8149548,3264259501.6545296,3296414082.617258,3328936676.004964,3361832967.891038,3395108754.60272,3428769945.269129,3462822564.4364147,3497272754.752178,3532126779.721142,3567391026.5342293,3603072008.9729776,3639176370.391695,3675710886.779505,3712682469.9045534,3750098170.543021,3787965181.794991,3826290842.4901466,3865082640.6856346,3904348217.2588816,3944095369.59802,3984332055.393004,4025066396.530072,4066306683.092697,4108061377.472165,4150339118.590728,4193148726.240964,4236499205.5443153,4280399751.532485,4324859753.855141,4369888801.617523,4415496688.3518,4461693417.12574,4508489205.792868,4555894492.387893,4603919940.671639,4652576445.829551,4701875140.328067,4751827399.933323,4802444849.896473,4853739371.310347,4905723107.641869,4958408471.445057,5011808151.259429,5065935118.698524,5120802635.733566,5176424262.177118,5232813863.371921,5289985618.089815,5347954026.645906,5406733919.233015,5466340464.481647,5526789178.250423,5588095932.652098,5650276965.320169,5713348888.920996,5777328700.916207,5842233793.580121,5908081964.276722,5974891426.000398,6042680818.184583,6111469217.782097,6181276150.620408,6252121603.035068,6324026033.783695,6397010386.242503,6471096100.886736,6546305128.055523,6622659941.001281,6700183549.2220745,6778899512.075003,6858831952.667131,6940005572.019195,7022445663.495618,7106178127.493022,7191229486.377063,7277626899.655301,7365398179.371759,7454571805.705387,7545176942.752347,7637243454.467609,7730801920.738801,7825883653.559439,7922520713.26515,8020745924.790309,8120592893.896842,8222096023.32008,8325290528.76936,8430212454.712244,8536898689.862448,8645386982.280771,8755715953.987003,8867925114.967743,8982054876.450758,9098146563.300291,9216242425.370169,9336385647.630833,9458620358.865322,9582991638.702906,9709545522.732496,9838329005.406178,9969390040.408836,10102777538.131256,10238541359.84014,10376732308.091145,10517402112.875702,10660603412.932783,10806389731.588173,10954815446.408417,11105935751.871002,11259806614.157145,11416484717.06632,11576027397.93146,11738492572.279,11903938645.825874,12072424412.235567,12244008934.862947,12418751410.502407,12596711012.909986,12777946713.596458,12962517077.07922,13150480027.431952,13341892582.577105,13536810552.320885,13735288195.62748,13937377832.058851,14143129401.661772,14352589966.852526,14565803149.020151,14782808491.629084,15003640740.532476,15228329030.994087,15456895969.536076,15689356597.158436,15925717218.688463,16165974080.980951,16410111880.36816,16658102077.111963,16909900991.59068,17165447653.508375,17424661371.483246,17687438985.884808,17953651762.67054,18223141880.13177,18495718453.80042,18771153037.18186,19049174527.34796,19329463394.618847,19611645144.44821,19895282907.06674,20179869036.29857,20464815583.13132,20749443492.006096,21032970348.380943,21314496484.99172,21592989231.633408,21867265069.716824,22135969429.21219,22397553843.357216,22650250158.046745,22892041481.815285,23120629564.410526,24088242260.99065,24298822942.00091,24489907647.97148,24657821275.768414,24798390705.520607,24906891970.65268,31959303228.79468,32393312035.759228,32779445476.34069,33105969407.34306,33358987443.63284,25414137340.028755,25437176634.57219,25370217043.80959,25195022197.7168,24890354095.576546,18241994713.85771,18305204258.120064,18254211489.335026,18054799438.972805,17664207044.13462,21469089809.861275,20768256070.344696,19590912413.75231,17771182240.68318,15149038206.2784,14387861686.17704,12053094060.874846,12213558526.804659,0.0
719.0,98806675.66811655,108045909.79896356,117364237.08442496,126762535.19233228,136241693.964036,145802615.61785507,155446214.95652103,165173419.57874107,174985170.09481812,184882420.34663585,194866137.6319132,204937302.9329805,215096911.15003967,225345971.33909607,235685506.95472145,246116556.09755707,256640171.76690105,267257422.1183805,277969390.7267876,288777176.854269,299681895.7240181,310684678.7995014,321786674.06939983,332989046.3384571,344292977.52421665,355699666.9599991,367210331.70403767,378826206.8551531,390548545.8748932,402378620.9164715,414317723.1605587,426367163.1580944,438528271.1805,450802397.5770483,463190913.1399069,475695209.4770727,488316699.3929596,501056817.2774992,513917019.5032272,526898784.83114815,540003614.8252678,553233034.2761049,566588591.6333494,580071859.4480972,593684434.8244915,607427939.8814678,621304022.2245445,635314355.4280338,649460639.5278835,663744601.5254173,678167995.9024067,692732605.1474609,707440240.2942858,722292741.4719896,737291978.467762,752439851.3023224,767738290.8182926,783189259.2819748,798794750.9989367,814556792.9434338,830477445.402525,846558802.634798,862802993.5443888,879212182.3705568,895788569.3932467,912534391.6551476,929451923.7005272,946543478.3314284,963811407.3815756,981258102.5086412,998885996.0050182,1016697561.628172,1034695315.450344,1052881816.7288436,1071259668.7970408,1089831519.9768076,1108600064.512844,1127568043.5297346,1146738246.0120888,1166113509.808587,1185696722.660471,1205490823.255247,1225498802.3062055,1245723703.6586435,1266168625.4232302,1286836721.1376867,1307731200.9571085,1328855332.874216,1350212443.9699287,1371805921.695425,1393639215.1865673,1415715836.6113014,1438039362.5513887,1460613435.4191742,1483441764.9105396,1506528129.4948778,1529876377.9434814,1553490430.8971348,1577374282.474203,1601532001.9204226,1625967735.3014698,1650685707.2397013,1675690222.696283,1700985668.8000107,1726576516.724266,1752467323.6135254,1778662734.5607452,1805167484.637395,1831986400.9774027,1859124404.9168148,1886586514.1908,1914377845.18964,1942503615.2755373,1970969145.1620808,1999779861.3580663,2028941298.67809,2058459102.8211727,2088339033.0203123,2118586964.7643936,2149208892.595201,2180210932.981429,2211599327.272277,2243380444.7329626,2275560785.664632,2308146984.6113377,2341145813.656705,2374564185.8129683,2408409158.505437,2442687937.1549835,2477407878.862007,2512576496.1944733,2548201461.083907,2584290608.8319035,2620851942.231267,2657893635.804887,2695424040.1661425,2733451686.504504,2771985291.200516,2811033760.5736094,2850606195.767309,2890711897.775939,2931360372.6170864,2972561336.6544943,3014324722.075804,3056660682.530042,3099579598.929878,3143092085.4232216,3187208995.5398808,3231941428.518215,3277300735.8175125,3323298527.82139,3369946680.7381945,3417257343.704308,3465242946.096197,3513916205.0575266,3563290133.247675,3613378046.817983,3664193573.622484,3715750661.669645,3768063587.822218,3821146966.75185,3875015760.155869,3929685286.243066,3985171229.4960623,4041489650.717352,4098656997.3665466,4156690114.1961975,4215606254.193565,4275423089.836032,4336158724.667315,4397831705.201728,4460461033.164274,4524066178.072815,4588667090.17002,4654284213.71119,4720938500.614481,4788651424.479571,4857444994.980062,4927341772.63474,4998364883.9620285,5070538037.020934,5143885537.341607,5218432304.246805,5294203887.565121,5371226484.734701,5449526958.295773,5529132853.76705,5610072417.900603,5692374617.306479,5776069157.436004,5861186501.910281,5947757892.176096,6035815367.468948,6125391785.057482,6216520840.739731,6309237089.555774,6403575966.675478,6499573808.413153,6597267873.313519,6696696363.244423,6797898444.4223,6900914268.285667,7005784992.119369,7112552799.318881,7221260919.168532,7331953645.990367,7444676357.50034,7559475532.188019,7676398765.51008,7795494784.661421,7916813461.656438,8040405824.418382,8166324065.535752,8294621548.300772,8425352809.595936,8558573559.13872,8694340674.532532,8832712191.501331,8973747288.606564,9117506265.655045,9264050514.906591,9413442484.07603,9565745629.995989,9721024361.662271,9879343971.219372,10040770551.258938,10205370896.593744,10373212388.432486,10544362858.611528,10718890431.233768,10896863338.71865,11078349708.872965,11263417319.143724,11452133313.705303,11644563878.451096,11840773868.298475,12040826380.459644,12244782266.4677,12452699574.760223,12664632914.493189,12880632729.963375,13100744473.534538,13325007663.25743,13553454809.41796,13786110191.99471,14022988468.414885,14264093088.008158,14509414486.10938,14758928026.7763,15012591658.481297,15270343241.802675,15532097501.961582,15797742551.882263,16067135923.133057,16340100032.435917,16616417000.1897,16895822724.367516,17178000097.915283,17462571240.031136,17749088591.02896,18037024696.39644,18325760477.59577,18614571754.488625,18902613746.290653,19188903233.88969,19472298015.35684,19751473227.67984,20024894040.326366,20290784149.528343,20547089415.820618,20791435891.66648,21034423620.060028,21236339913.741936,21417731782.510303,21574372405.31086,21701370015.471416,21793068977.60506,28339062003.039616,28871329701.21228,29377649105.76915,29848880547.036285,30273799855.41997,23409569634.748417,23467648827.12547,23434509189.174374,23289210694.37891,23006489482.80675,16984958460.080383,17111156452.971975,17123988410.877682,16983543979.44172,16636839361.345932,19761360448.42996,19016356074.251488,17749537475.69475,15741986495.430378,12717198993.438442,13314088433.493877,7656200003.868792,5429698585.297349,0.0
718.5,-950302288.9937172,-943263074.7312716,-936157015.2175876,-928983338.2249212,-921741260.5522718,-914429987.8385772,-907048714.3722248,-899596622.8967085,-892072884.4125109,-884476657.9748316,-876807090.4874601,-869063316.4923296,-861244457.9548969,-853349624.0451651,-845377910.9141655,-837328401.4660854,-829200165.1254807,-820992257.599905,-812703720.6375656,-804333581.7800255,-795880854.1097422,-787344535.9924173,-778723610.8139591,-770017046.7119551,-761223796.3015146,-752342796.3954334,-743372967.7183199,-734313214.6148062,-725162424.7516165,-715919468.8131046,-706583200.190527,-697152454.6645927,-687626050.0811453,-678002786.0200148,-668281443.4565687,-658460784.4160938,-648539551.6205883,-638516468.127923,-628390236.9630651,-618159540.7413282,-607823041.283267,-597379379.2211094,-586827173.5965862,-576165021.4496927,-565391497.3984642,-554505153.209281,-543504517.3576488,-532388094.579051,-521154365.4097843,-509801785.71733,-498328786.2202005,-486733771.9968271,-475015121.9832773,-463171188.4594708,-451200296.5236912,-439100743.5549059,-426870798.6628494,-414508702.1251802,-402012664.8117724,-389380867.5954609,-376611460.7491264,-363702563.3285856,-350652262.5409889,-337458613.0984001,-324119636.5559826,-310633320.6345358,-296997618.52690697,-283210448.1878633,-269269691.6068363,-255173194.0633773,-240918763.3644886,-226504169.06357384,-211927141.6604786,-197185371.781991,-182276509.3423061,-167198162.68301487,-151947897.69182682,-136523236.89971828,-120921658.55553436,-105140595.67778206,-89177435.08276558,-73029516.3883152,-56694130.99280262,-40168521.02815056,-23449878.286691666,-6535343.120650291,10577996.68611145,27893107.0753994,45413008.90125847,63140779.14727783,81079552.17499924,99232521.00475691,117602938.62956429,136194119.36322117,155009440.2236309,174052342.35216618,193326332.4705381,212834984.37581253,232581940.4750576,252570913.36077023,272805687.4279747,293290120.53479385,314028145.70726776,335023772.8900757,356281090.7444992,377804268.4949074,399597557.8255081,421665294.82860565,444011902.0061722,466641890.3263035,489559861.3360853,512770509.332922,536278623.595871,560089090.678997,584206896.7685375,608637130.1060762,633384983.479538,658455756.7843513,683854859.6568584,709587814.1822977,735660257.6796494,762077945.5659199,788846754.3022099,815972684.4243078,843461863.6603823,871320550.1387358,899555135.6882248,928172149.2346324,957178260.2958698,986580282.5791616,1016385177.683815,1046600058.9124756,1077232195.19485,1108289015.1273966,1139778111.1324885,1171707243.7414303,1204084346.0048714,1236917528.035098,1270215081.6844437,1303985485.364008,1338237409.0077372,1372979719.18618,1408221484.3750925,1443971980.3838282,1480240695.9488115,1517037338.497491,1554371840.088253,1592254363.5322847,1630695308.7030888,1669705319.0398932,1709295288.2513514,1749476367.2258575,1790259971.1555357,1831657786.8803573,1873681780.460084,1916344204.9808853,1959657608.604504,2003634842.8676813,2048289071.239741,2093633777.9466567,2139682777.0699663,2186450221.929287,2233950614.7570124,2282198816.674732,2331210057.98012,2380999948.754162,2431584489.7982826,2482980083.911045,2535203547.514718,2588272122.641735,2642203489.291296,2697015778.1666927,2752727583.803772,2809357978.1010265,2866926524.262205,2925453291.1615973,2984958868.142885,3045464380.261772,3106991503.9827547,3169562483.3398275,3233200146.570983,3297927923.235717,3363769861.8242483,3430750647.866523,3498895622.5485115,3568230801.842041,3638782896.153682,3710579330.496644,3783648265.18843,3858018617.0749264,3933720081.28001,4010783153.476841,4089239152.675338,4169120244.515873,4250459465.05712,4333290745.040946,4417648934.613287,4503569828.47438,4591090191.425822,4680247784.275605,4771081390.05382,4863630840.483881,4957937042.643797,5054042005.74074,5151988867.910145,5251821922.935686,5353586646.770299,5457329723.72099,5563099072.138027,5670943869.42721,5780914576.176392,5893062959.158033,6007442112.935677,6124106479.763601,6243111867.426338,6364515464.614922,6488375853.381863,6614753018.153801,6743708350.709755,6875304650.452173,7009606119.206792,7146678349.683258,7286588306.611577,7429404299.434862,7575195945.287875,7724034120.81805,7875990901.208872,8031139484.542698,8189554099.384533,8351309893.178173,8516482798.714548,8685149375.553053,8857386622.843678,9033271759.502283,9212881967.123363,9396294090.363905,9583584288.784576,9774827633.27597,9970097639.210089,10169465727.319614,10373000601.996452,10580767535.187237,10792827542.313574,11009236434.620668,11230043730.01126,11455291401.70009,11685012440.860294,11919229205.753578,12157951525.54704,12401174522.015133,12648876106.476452,12901014102.46974,13157522936.646765,13418309830.937458,13683250417.958223,13952183688.579687,14224906165.163746,14501165175.772776,14780651083.09682,15062988296.28368,15347724863.493362,15634320406.875963,15922132118.629557,16210398485.42854,16498220347.131895,16784538822.23521,17068109544.561768,17347472550.235794,17620917027.517666,17886439990.424667,18141697755.3209,17632640369.30857,17822357693.99817,17991489695.99616,18135486463.621742,18249009935.129272,18325796782.05259,22686975606.83089,23168675091.20368,23635980084.427223,24082319804.14152,24499500914.917328,21064543424.167458,21158727281.88172,21164255751.347984,21058648403.11563,20814101554.467552,15482240814.978586,15669111330.80236,15747858213.04316,15675055675.164804,15390679156.355747,17791950029.915733,17071957233.499062,15819270756.45517,13771892270.555584,10539559653.03376,12501033442.754114,4062341681.3566113,496206483.8432975,0.0
718.0,-2004167822.275349,-1999371235.2418327,-1994520517.291051,-1989615008.1298857,-1984654037.802576,-1979636926.5227404,-1974562984.502104,-1969431511.775734,-1964241798.0237064,-1958993122.389102,-1953684753.29241,-1948315948.2419348,-1942885953.640484,-1937394004.587964,-1931839324.6799164,-1926221125.8018875,-1920538607.9195173,-1914790958.8642647,-1908977354.1145773,-1903096956.5725813,-1897148916.3359768,-1891132370.465184,-1885046442.7455173,-1878890243.4443443,-1872662869.0630293,-1866363402.0836303,-1859990910.710164,-1853544448.60425,-1847023054.6151648,-1840425752.5039625,-1833751550.6616693,-1826999441.821385,-1820168402.763999,-1813257394.0175493,-1806265359.5500696,-1799191226.45541,-1792033904.6324778,-1784792286.4570608,-1777465246.4465857,-1770051640.9172957,-1762550307.6337976,-1754960065.450758,-1747279713.9465525,-1739508033.0486813,-1731643782.6506004,-1723685702.220024,-1715632510.398203,-1707482904.5900412,-1699235560.5449295,-1690889131.9278605,-1682442249.880661,-1673893522.5731668,-1665241534.7438793,-1656484847.2300138,-1647621996.486557,-1638651494.0940304,-1629571826.254774,-1620381453.2772655,-1611078809.048335,-1601662300.4928074,-1592130307.0203035,-1582481179.9588604,-1572713241.9749727,-1562824786.479661,-1552814077.0203438,-1542679346.6578798,-1532418797.328539,-1522030599.1905231,-1511512889.9543686,-1500863774.197121,-1490081322.6595385,-1479163571.526001,-1468108521.686587,-1456914137.9809103,-1445578348.4229574,-1434099043.406743,-1422474074.8919325,-1410701255.5689878,-1398778358.0033064,-1386703113.757575,-1374473212.4919586,-1362086301.041194,-1349539982.468213,-1336831815.0933762,-1323959311.4987488,-1310919937.5066233,-1297711111.1315546,-1284330201.505127,-1270774527.7726564,-1257041357.9609718,-1243127907.81643,-1229031339.6123,-1214748760.9245348,-1200277223.3750925,-1185613721.3416824,-1170755190.6330729,-1155698507.1287937,-1140440485.3822556,-1124977877.186078,-1109307370.098506,-1093425585.9298103,-1077329079.1872482,-1061014335.4774694,-1044477769.8650084,-1027715725.1854688,-1010724470.3119632,-993500198.3734732,-976039024.923439,-958336986.0572128,-940390036.4765576,-922194047.4996568,-903744805.0149728,-885038007.3768044,-866069263.2412062,-846834089.3399172,-827327908.1905413,-807546045.7408466,-787483728.9450808,-767136083.2700348,-746498130.1287088,-725564784.2390575,-704330850.9054728,-682791023.2204132,-660939879.1835918,-638771878.736043,-616281360.7060652,-593462539.6643982,-570309502.6853638,-546816206.0110369,-522976471.61501694,-498783983.6626349,-474232284.8638916,-449314772.71580696,-424024695.6301012,-398355148.9426956,-372299070.8006458,-345849237.92275906,-318998261.22921944,-291738581.33593464,-264062463.90907764,-235961994.8747921,-207429075.47927952,-178455417.1940632,-149032536.46115398,-119151749.27251434,-88804165.57814503,-57980683.51698399,-26671983.464238167,5131478.110886574,37439474.98391247,70262017.71689415,103609360.41032696,137492007.6726818,171920721.81481552,206906530.2771139,242460733.29771328,278594911.82967186,315320935.7161913,352650972.1322813,390597494.3026409,429173290.5047159,468391473.3671303,508265489.4732933,548809129.2809496,590036537.3679733,631962223.0159311,674601071.1424217,717968353.594141,762079740.8124628,806951313.8841639,852599576.989706,899041470.2620296,946294383.0693904,994376167.735302,1043305153.7099456,1093100162.2064905,1143780521.3171673,1195366081.6230717,1247877232.3126812,1301334917.8236694,1355760655.0225992,1411176550.937767,1467605321.059656,1525070308.2234783,1583595502.088602,1643205559.22855,1703925823.845354,1765782349.1213226,1828801919.2203453,1893012071.9501648,1958441122.0960808,2025118185.434331,2093073203.4331613,2162336968.6462755,2232941150.801977,2304918323.588156,2378301992.130569,2453126621.157777,2529427663.842108,2607241591.301393,2686605922.7400246,2767559256.2020016,2850141299.900949,2934392904.0834284,3020356093.3727083,3108074099.528202,3197591394.543864,3288953723.993557,3382208140.515602,3477403037.3090963,3574588181.4933195,3673814747.1574097,3775135347.89847,3878604068.615584,3984276496.289954,4092209749.440707,4202462505.8982096,4315095028.483635,4430169188.12197,4547748483.846102,4667898059.0702095,4790684713.419928,4916176909.303392,5044444772.289303,5175560084.223067,5309596267.858124,5446628361.603377,5586732982.785622,5729988277.595283,5876473855.618647,6026270706.556579,6179461096.380585,6336128439.777279,6496357145.270739,6660232428.883133,6827840091.581718,6999266255.056219,7174597049.556013,7353918246.575001,7537314828.082556,7724870482.735233,7916667018.038123,8112783675.720369,8313296335.606646,8518276590.954987,8727790675.533604,8941898219.555687,9160650807.899044,9384090309.706272,9612246943.37445,9845137034.95559,10082760420.931166,10325097437.98668,10572105432.54553,10823714711.12312,11079823838.66069,11340294175.448372,11604943523.497684,11873538729.607006,12145787064.056065,12421326159.858446,12699712256.546083,12980406443.019348,13262758534.161867,13545988143.321093,13829162424.44405,14111169849.950724,14390689258.72294,14666153247.11638,14935704777.436348,15197145633.775398,13936664655.49309,14112750520.963274,14269435465.912552,14402141344.327473,14505441042.575754,14572896853.171902,15734397220.973925,16027576110.48956,16301717566.490095,16550777399.852234,16767357340.926865,18396195410.962296,18527078136.890472,18575880410.205173,18519957823.38885,18330793344.94118,13738368370.073784,13982065194.587029,14127365220.60775,14129872214.24006,13926456366.509369,15684507472.121672,15036887703.981712,13866878019.964472,11883864555.272465,8614303154.51231,10635769655.867088,899365460.9486704,-9331054158.091057,0.0
717.5,-3060457742.0735807,-3057934105.4582577,-3055369413.5298586,-3052763123.189044,-3050114683.076365,-3047423533.425082,-3044689105.911047,-3041910823.499387,-3039088100.2881,-3036220341.348359,-3033306942.56148,-3030347290.4525127,-3027340762.0203075,-3024286724.5640497,-3021184535.506134,-3018033542.211234,-3014833081.8016405,-3011582480.968592,-3008281055.7795773,-3004928111.481632,-3001522942.3002443,-2998064831.2340927,-2994553049.845269,-2990986858.044988,-2987365503.8746214,-2983688223.282049,-2979954239.8930016,-2976162764.777532,-2972312996.2112503,-2968404119.43139,-2964435306.3873825,-2960405715.4860544,-2956314491.3310003,-2952160764.4562626,-2947943651.054028,-2943662252.6961765,-2939315656.049653,-2934902932.585294,-2930423138.2802534,-2925875313.313448,-2921258481.7542515,-2916571651.243996,-2911813812.670185,-2906983939.8332453,-2902080989.105544,-2897103899.082615,-2892051590.2261944,-2886922964.499007,-2881716904.991029,-2876432275.5369806,-2871067920.3248186,-2865622663.495062,-2860095308.730596,-2854484638.8367577,-2848789415.311452,-2843008377.904958,-2837140244.169299,-2831183708.9966373,-2825137444.146696,-2819000097.762664,-2812770293.875352,-2806446631.8953867,-2800027686.0928288,-2793512005.064273,-2786898111.1866226,-2780184500.0575533,-2773369639.922082,-2766451971.0848627,-2759429905.307955,-2752301825.1934385,-2745066083.550568,-2737721002.7470818,-2730264874.044045,-2722695956.91393,-2715012478.3412924,-2707212632.1056776,-2699294578.046151,-2691256441.3069696,-2683096311.563815,-2674812242.230007,-2666402249.6421785,-2657864312.2246923,-2649196369.632324,-2640396321.870411,-2631462028.391864,-2622391307.17044,-2613181933.7493525,-2603831640.2646856,-2594338114.442781,-2584698998.57074,-2574911888.4392834,-2564974332.2572355,-2554883829.536481,-2544637829.946832,-2534233732.139597,-2523668882.539052,-2512940574.100764,-2502046045.035712,-2490982477.499215,-2479746996.2434464,-2468336667.2325344,-2456748496.2189846,-2444979427.280092,-2433026341.31347,-2420886054.4897614,-2408555316.6618643,-2396030809.728717,-2383309145.952432,-2370386866.2273893,-2357260438.299396,-2343926254.933624,-2330380632.0294447,-2316619806.680539,-2302639935.178425,-2288437090.957549,-2274007262.4800987,-2259346351.0583334,-2244450168.612631,-2229314435.3629274,-2213934777.451292,-2198306724.4934244,-2182425707.056782,-2166287054.0624933,-2149885990.1089497,-2133217632.7140176,-2116276989.473298,-2099058955.1315784,-2081558308.564365,-2063769709.666503,-2045687696.144682,-2027306680.21041,-2008620945.1701093,-1989624641.9087288,-1970311785.262989,-1950676250.2807264,-1930711768.361996,-1910411923.2779613,-1889770147.063239,-1868779715.7771013,-1847433745.1291115,-1825725185.9640105,-1803646819.6012688,-1781191253.0236635,-1758350913.9098845,-1735118045.505145,-1711484701.3243704,-1687442739.6815865,-1662983818.039403,-1638099387.1720896,-1612780685.135259,-1587018731.035448,-1560804318.591999,-1534128009.483881,-1506980126.473451,-1479350746.2990704,-1451229692.328042,-1422606526.9612484,-1393470543.780036,-1363810759.4263916,-1333615905.2060251,-1302874418.4047022,-1271574433.306942,-1239703771.9063654,-1207249934.2962055,-1174200088.728405,-1140541061.3290775,-1106259325.4577007,-1071340990.6973038,-1035771791.4618436,-999537075.207098,-962621790.230752,-925010473.0466596,-886687235.3182354,-847635750.3349571,-807839239.0159721,-767280455.4240265,-725941671.7724428,-683804662.9076605,-640850690.2492857,-597060485.1688728,-552414231.7889891,-506891549.18277264,-460471472.9546909,-413132436.1823206,-364852249.699111,-315608081.69756126,-265376436.6323633,-214133133.4028349,-161853282.79417133,-108511264.15717413,-54080701.30630493,1465562.3834581375,58155489.69991684,116017876.15528774,175082377.4028902,235379537.52481747,296940818.2042217,359798628.79410744,423986357.2917967,489538402.22558594,556490205.4558334,624878285.8893614,694740274.1004887,766114947.8462629,839042268.4570084,913563418.0750608,989720837.705595,1067558266.0326852,1147120778.9418764,1228454829.6757116,1311608289.5330706,1396630489.0038433,1483572259.2092657,1572485973.4928484,1663425588.9790792,1756446687.8833046,1851606518.31946,1948964034.308356,2048579934.640295,2150516700.1879854,2254838629.2015915,2361611870.041395,2470904450.718643,2582786304.515415,2697329290.841173,2814607210.3531904,2934695813.2173653,3057672799.214061,3183617808.1938705,3312612399.160188,3444740015.9903927,3580085937.503928,3718737209.2330494,3860782553.846387,4006312256.704688,4155418022.4844575,4308192798.174221,4464730557.015844,4625126037.113697,4789474427.44481,4957870992.851983,5130410628.258707,5307187330.776575,5488293576.542187,5673819586.973669,5863852466.617516,6058475191.798437,6257765425.803148,6461794132.224676,6670623953.248216,6884307313.925244,7102884206.687876,7326379602.281955,7554800423.692959,7788132008.178369,8026333968.825628,8269335350.643362,8517028956.4867,8769264694.389547,9025841769.238762,9286499507.06634,9550906558.17779,9818648174.151403,10089211191.274525,10361966276.507153,10636146898.148727,10910824367.680635,11184878156.238,11456960511.773972,11725454182.192305,11988421773.938904,10004118474.54576,10166885986.15796,10312842657.547478,10437715441.487503,10536395899.32672,10602771834.372774,8716305412.252731,8766728075.01979,8783077457.592567,8757752066.049314,8681593423.419489,15426891982.378708,15594031199.310658,15689577266.831553,15692184515.032003,15574612167.16711,11762204998.88454,12057089745.455732,12267509359.61234,12350778323.21574,12244965616.352282,13453749250.550957,12897882419.142372,11851949146.398476,10024287824.338371,6917092437.188044,1862990043.514749,-3409155237.6437473,-11318197270.019205,0.0
717.0,-4116813207.916551,-4116580303.101687,-4116319671.314916,-4116030890.619006,-4115713532.291648,-4115367160.700687,-4114991333.1766014,-4114585599.8824353,-4114149503.680798,-4113682579.998211,-4113184356.686442,-4112654353.880936,-4112092083.856189,-4111497050.877989,-4110868751.052549,-4110206672.172301,-4109510293.558372,-4108779085.899678,-4108012511.0883865,-4107210022.051988,-4106371062.581462,-4105495067.155818,-4104581460.762696,-4103629658.715045,-4102639066.4636745,-4101609079.405678,-4100539082.688625,-4099428451.0102425,-4098276548.4137154,-4097082728.078374,-4095846332.105567,-4094566691.299778,-4093243124.944735,-4091874940.5744143,-4090461433.738812,-4089001887.76435,-4087495573.5088463,-4085941749.110635,-4084339659.732147,-4082688537.2973423,-4080987600.223138,-4079236053.144498,-4077433086.63316,-4075577876.9096937,-4073669585.5488014,-4071707359.1776896,-4069690329.167207,-4067617611.31571,-4065488305.525361,-4063301495.470712,-4061056248.259265,-4058751614.083901,-4056386625.866944,-4053960298.895546,-4051471630.448215,-4048919599.412286,-4046303165.891945,-4043621270.806718,-4040872835.4800186,-4038056761.2175407,-4035171928.875207,-4032217198.416382,-4029191408.458012,-4026093375.805414,-4022921894.975431,-4019675737.707434,-4016353652.462167,-4012954363.9076586,-4009476572.39224,-4005918953.4039526,-4002280157.016245,-3998558807.319276,-3994753501.836665,-3990862810.927102,-3986885277.170411,-3982819414.737568,-3978663708.744388,-3974416614.58808,-3970076557.266469,-3965641930.679138,-3961111096.910097,-3956482385.491351,-3951754092.646826,-3946924480.515984,-3941991776.356615,-3936954171.726127,-3931809821.6406593,-3926556843.711268,-3921193317.256734,-3915717282.3919096,-3910126739.0911713,-3904419646.225964,-3898593920.575776,-3892647435.811669,-3886578021.451458,-3880383461.785679,-3874061494.773504,-3867609810.907407,-3861026052.045897,-3854307810.2130575,-3847452626.3639135,-3840457989.114542,-3833321333.43574,-3826040039.309128,-3818611430.344347,-3811032772.356245,-3803301271.900592,-3795414074.767044,-3787368264.427895,-3779160860.441187,-3770788816.8066406,-3762249020.272815,-3753538288.593899,-3744653368.7344265,-3735590935.0201073,-3726347587.233056,-3716919848.649429,-3707304164.017504,-3697496897.474295,-3687494330.3984,-3677292659.197034,-3666887993.024889,-3656276351.4324913,-3645453661.941579,-3634415757.544986,-3623158374.1283073,-3611677147.810657,-3599967612.2016687,-3588025195.571713,-3575845217.932287,-3563422888.023364,-3550753300.2043467,-3537831431.2452,-3524652137.014136,-3511210149.058117,-3497500071.072281,-3483516375.2542543,-3469253398.539175,-3454705338.710909,-3439866250.385234,-3424730040.859812,-3409290465.826438,-3393541124.9402256,-3377475457.2404613,-3361086736.4175463,-3344368065.920459,-3327312373.8983765,-3309912407.970623,-3292160729.818163,-3274049709.5900097,-3255571520.1175184,-3236718130.9292374,-3217481302.058669,-3197852577.637088,-3177823279.2631063,-3157384499.1404705,-3136527092.9751186,-3115241672.6222305,-3093518598.473609,-3071347971.575307,-3048719625.4649982,-3025623117.7184296,-3002047721.1932564,-2977982414.9588337,-2953415874.899452,-2928336463.978486,-2902732222.150016,-2876590855.9043245,-2849899727.432871,-2822645843.397809,-2794815843.2908106,-2766395987.364957,-2737372144.123149,-2707729777.345752,-2677453932.639595,-2646529223.48971,-2614939816.7945538,-2582669417.8649244,-2549701254.865885,-2516018062.680212,-2481602066.171755,-2446434962.8256626,-2410497904.742052,-2373771479.959338,-2336235693.081897,-2297869945.1870584,-2258653012.9850254,-2218563027.205042,-2177577450.1805725,-2135673052.605576,-2092825889.433704,-2049011274.8917065,-2004203756.5782368,-1958377088.6189995,-1911504203.8490725,-1863557184.993927,-1814507234.8201904,-1764324645.2286215,-1712978765.262247,-1660437968.003851,-1606669616.338749,-1551640027.5606165,-1495314436.8010406,-1437656959.2660866,-1378630551.267558,-1318196970.040877,-1256316732.347226,-1192949071.8642654,-1128051895.3772411,-1061581737.7921675,-993493716.0030098,-923741481.657855,-852277172.8841324,-779051365.0500164,-704013020.6596556,-627109438.5035,-548286202.2121964,-467487128.3947392,-384654214.577878,-299727587.20724106,-212645450.0194797,-123344033.15259457,-31757543.427545547,62181883.68871212,158544229.83983707,257401636.554802,358828444.2197466,462901226.2885428,569698817.6140127,679302335.5964737,791795192.6324177,907263098.0967436,1025794047.8039044,1147478298.5574112,1272408325.007558,1400678755.5834043,1532386283.7365885,1667629550.118783,1806508990.5954084,1949126644.1583755,2095585913.817995,2245991272.403554,2400447903.852106,2559061268.980345,2721936582.869932,2889178188.801298,3060888811.080217,3237168666.040644,3418114406.8836403,3603817873.715681,3794364615.044436,3989832140.913676,4190287860.610609,4395786649.216101,4606367976.889722,4822052522.323108,5042838176.800601,5268695327.2189455,5499561284.54149,5735333697.635893,5975862760.189895,6220941979.068349,6470297224.374571,6723573722.471367,6980320580.601526,7239972342.087955,7501826960.012307,7765019439.159624,8028490223.666876,8290947191.918537,8550819848.728909,5894931765.708764,6045958754.074663,6184191754.806318,6306001015.319039,6407012818.966878,6481953840.798854,2969854995.4249325,2843908741.7738404,2673106598.282752,2448399372.1721344,2158860551.5973763,12184487578.201262,12385926271.126171,12529744667.345367,12597305567.190817,12564596517.795368,9567345070.936556,9905859673.849874,10177427951.2604,10343646769.783253,10348027150.300156,11077516102.793152,10621863907.277168,9736334806.066898,8159952948.438383,5435631445.953201,-16919442973.607807,-21751779424.4805,-26149663844.94271,0.0
716.5,-5170856618.896409,-5172919494.337951,-5174968112.756726,-5177002176.011282,-5179021380.702358,-5181025418.071655,-5183013973.898152,-5184986728.392372,-5186943356.088247,-5188883525.732606,-5190806900.172239,-5192713136.238565,-5194601884.6296015,-5196472789.789438,-5198325489.7849865,-5200159616.180008,-5201974793.906319,-5203770641.132086,-5205546769.127214,-5207302782.125683,-5209038277.184768,-5210752844.041082,-5212446064.963375,-5214117514.601915,-5215766759.834513,-5217393359.608984,-5218996864.781955,-5220576817.954052,-5222132753.301196,-5223664196.40205,-5225170664.061398,-5226651664.129505,-5228106695.317173,-5229535247.006476,-5230936799.057114,-5232310821.608115,-5233656774.874912,-5234974108.941601,-5236262263.548232,-5237520667.873051,-5238748740.309553,-5239945888.238137,-5241111507.792303,-5242244983.619236,-5243345688.634493,-5244412983.770838,-5245446217.720926,-5246444726.673698,-5247407834.044291,-5248334850.19734,-5249225072.16346,-5250077783.348725,-5250892253.236895,-5251667737.084248,-5252403475.606818,-5253098694.659813,-5253752604.908897,-5254364401.493271,-5254933263.680172,-5255458354.510702,-5255938820.436499,-5256373790.947275,-5256762378.188707,-5257103676.570585,-5257396762.364815,-5257640693.29302,-5257834508.103472,-5257977226.136964,-5258067846.881408,-5258105349.514675,-5258088692.435486,-5258016812.781868,-5257888625.936897,-5257703025.021336,-5257458880.372648,-5257155039.01021,-5256790324.086076,-5256363534.320982,-5255873443.42515,-5255318799.50329,-5254698324.443544,-5254010713.289637,-5253254633.595913,-5252428724.764524,-5251531597.364534,-5250561832.431877,-5249517980.750231,-5248398562.111471,-5247202064.555721,-5245926943.589897,-5244571621.384316,-5243134485.946543,-5241613890.271759,-5240008151.46904,-5238315549.86254,-5236534328.066925,-5234662690.036196,-5232698800.085018,-5230640781.881645,-5228486717.411531,-5226234645.910647,-5223882562.767532,-5221428418.393008,-5218870117.056471,-5216205515.687695,-5213432422.642977,-5210548596.434385,-5207551744.420837,-5204439521.459906,-5201209528.518736,-5197859311.242878,-5194386358.481554,-5190788100.767795,-5187061908.751933,-5183205091.586915,-5179214895.263546,-5175088500.894171,-5170823022.942787,-5166415507.399824,-5161862929.899555,-5157162193.778208,-5152310128.070501,-5147303485.442642,-5142138940.059248,-5136813085.382048,-5131322431.89771,-5125663404.772369,-5119832341.430118,-5113825489.052671,-5107639001.997396,-5101268939.130569,-5094711261.072927,-5087961827.353992,-5081016393.472089,-5073870607.856266,-5066520008.726582,-5058960020.848963,-5051185952.180479,-5043192990.401105,-5034976199.327532,-5026530515.204473,-5017850742.868971,-5008931551.782524,-4999767471.926319,-4990352889.553837,-4980682042.795698,-4970749017.110675,-4960547740.577061,-4950071979.01803,-4939315330.954397,-4928271222.378178,-4916932901.339546,-4905293432.34001,-4893345690.523989,-4881082355.6606045,-4868495905.907513,-4855578611.347759,-4842322527.290609,-4828719487.326792,-4814761096.128083,-4800438721.980991,-4785743489.043411,-4770666269.313199,-4755197674.2966175,-4739328046.364389,-4723047449.782386,-4706345661.403677,-4689212161.007685,-4671636121.271935,-4653606397.361074,-4635111516.117214,-4616139664.834913,-4596678679.6036415,-4576716033.199311,-4556238822.5062895,-4535233755.450113,-4513687137.420391,-4491584857.162518,-4468912372.116053,-4445654693.176432,-4421796368.856045,-4397321468.819433,-4372213566.766689,-4346455722.637678,-4320030464.109124,-4292919767.3552017,-4265105037.0412655,-4236567085.519216,-4207286111.1921,-4177241676.01399,-4146412682.090542,-4114777347.3442106,-4082313180.207109,-4048996953.3034368,-4014804676.082438,-3979711566.361872,-3943692020.7411423,-3906719583.8422713,-3868766916.336709,-3829805761.715047,-3789806911.756581,-3748740170.655858,-3706574317.763054,-3663277068.8963175,-3618815036.184311,-3573153686.399577,-3526257297.744565,-3478088915.05528,-3428610303.39086,-3377781899.981612,-3325562764.51374,-3271910527.735113,-3216781338.375348,-3160129808.382518,-3101908956.490773,-3042070150.1478024,-2980563045.846717,-2917335527.927875,-2852333645.938879,-2785501550.669115,-2716781429.007358,-2646113437.8097315,-2573435637.00968,-2498683922.2546763,-2421791957.41563,-2342691107.387282,-2261310371.681969,-2177576319.4177294,-2091413026.416747,-2002742015.2647047,-1911482199.338789,-1817549831.995657,-1720858462.325724,-1621318899.1310997,-1518839185.0781689,-1413324583.320866,-1304677579.29253,-1192797900.8379626,-1077582560.4113855,-958925923.7175616,-836719809.9392462,-710853629.5951748,-581214567.1351652,-447687816.6314316,-310156880.40522194,-168503942.17853546,-22610328.4140234,127642926.0330248,282374388.9040489,441701395.6408549,605739041.9273143,774598972.03648,948387925.4171205,1127205996.8390756,1311144556.865759,1500283769.1234777,1694689628.404614,1894410428.6001928,2099472551.209855,2309875442.9907804,2525585624.2535577,2746529536.238243,2972584995.4508724,3203570972.970111,3439235355.2190475,3679240266.573266,3923144439.665404,4170382001.5026026,4420236896.304311,4671811981.244511,4923991598.603569,1669976794.0015483,1811560342.246173,1945668345.2477188,2069621801.7905304,2180161145.413829,2273321745.6312847,-576891046.9116988,-719819612.092545,-900896315.6691732,-1127980444.4847927,-1410630652.8408048,8702557099.350273,8934499570.776257,9125558879.991142,9261027225.953789,9321834919.820654,7172424604.065865,7545132956.551429,7871099227.135773,8118431514.1995,8239842265.831896,8545800230.461979,8198025930.023182,7507865328.463164,6272381762.197758,4134075611.7940073,-25925425946.59592,-35224394134.77382,-47287874868.0641,0.0
716.0,-6220199669.2322445,-6224550517.702671,-6228900607.7880125,-6233249766.409957,-6237597816.790952,-6241944578.37711,-6246289866.759342,-6250633493.592724,-6254975266.513894,-6259314989.056746,-6263652460.56606,-6267987476.109184,-6272319826.385666,-6276649297.634855,-6280975671.541235,-6285298725.137714,-6289618230.706552,-6293933955.678001,-6298245662.526569,-6302553108.664902,-6306856046.335072,-6311154222.497409,-6315447378.71658,-6319735251.045073,-6324017569.9038725,-6328294059.960275,-6332564440.002779,-6336828422.813015,-6341085715.034554,-6345336017.03859,-6349579022.786348,-6353814419.68817,-6358041888.459184,-6362261102.971427,-6366471730.102384,-6370673429.579827,-6374865853.822815,-6379048647.778735,-6383221448.7564535,-6387383886.255171,-6391535581.789113,-6395676148.707891,-6399805192.012241,-6403922308.165289,-6408027084.898975,-6412119101.015641,-6416197926.184594,-6420263120.733524,-6424314235.434568,-6428350811.2849865,-6432372379.282194,-6436378460.19301,-6440368564.316992,-6444342191.243664,-6448298829.603416,-6452237956.812016,-6456159038.808359,-6460061529.785515,-6463944871.914547,-6467808495.061227,-6471651816.495182,-6475474240.591431,-6479275158.523912,-6483053947.950918,-6486809972.692117,-6490542582.396927,-6494251112.203947,-6497934882.391287,-6501593198.017332,-6505225348.551867,-6508830607.497107,-6512408231.998376,-6515957462.444138,-6519477522.055111,-6522967616.461824,-6526426933.270808,-6529854641.618465,-6533249891.712686,-6536611814.361582,-6539939520.489045,-6543232100.636633,-6546488624.451474,-6549708140.159582,-6552889674.024276,-6556032229.789101,-6559134788.104839,-6562196305.940119,-6565215715.974884,-6568191925.976561,-6571123818.157897,-6574010248.516262,-6576850046.153585,-6579642012.576323,-6582384920.974901,-6585077515.481825,-6587718510.407817,-6590306589.455214,-6592840404.907944,-6595318576.79714,-6597739692.041788,-6600102303.563304,-6602404929.373394,-6604646051.63415,-6606824115.689423,-6608937529.066632,-6610984660.447748,-6612963838.608658,-6614873351.325569,-6616711444.247486,-6618476319.733461,-6620166135.653404,-6621779004.151243,-6623312990.368937,-6624766111.130153,-6626136333.582015,-6627421573.793444,-6628619695.3086605,-6629728507.653975,-6630745764.796497,-6631669163.552716,-6632496341.945275,-6633224877.506094,-6633852285.523644,-6634376017.232618,-6634793457.943533,-6635101925.110283,-6635298666.33325,-6635380857.295409,-6635345599.629154,-6635189918.71101,-6634910761.381602,-6634504993.588015,-6633969397.945494,-6633300671.215588,-6632495421.697137,-6631550166.527203,-6630461328.88809,-6629225235.116838,-6627838111.713478,-6626296082.244057,-6624595164.134073,-6622731265.348238,-6620700180.951861,-6618497589.549141,-6616119049.593527,-6613559995.56482,-6610815734.007788,-6607881439.426476,-6604752150.028589,-6601422763.313513,-6597888031.497652,-6594142556.77058,-6590180786.374533,-6585997007.500355,-6581585341.991949,-6576939740.851248,-6572053978.535425,-6566921647.037375,-6561536149.7405,-6555890695.037886,-6549978289.70619,-6543791732.023328,-6537323604.619238,-6530566267.047958,-6523511848.069148,-6516152237.626249,-6508479078.508057,-6500483757.680002,-6492157397.270407,-6483490845.196647,-6474474665.415226,-6465099127.779192,-6455354197.485231,-6445229524.092331,-6434714430.092726,-6423797899.015066,-6412468563.038843,-6400714690.097891,-6388524170.450039,-6375884502.688644,-6362782779.170752,-6349205670.835276,-6335139411.3836,-6320569780.793349,-6305482088.135138,-6289861153.660206,-6273691290.125916,-6256956283.324017,-6239639371.775535,-6221723225.5539465,-6203189924.197093,-6184020933.666189,-6164197082.308611,-6143698535.779297,-6122504770.873626,-6100594548.22263,-6077945883.799627,-6054536019.185074,-6030341390.534636,-6005337596.193175,-5979499362.895729,-5952800510.494034,-5925213915.145792,-5896711470.901539,-5867264049.622351,-5836841459.160418,-5805412399.732512,-5772944418.41563,-5739403861.693262,-5704755825.980135,-5668964106.053621,-5631991141.320158,-5593797959.847193,-5554344120.092472,-5513587650.266493,-5471484985.268171,-5427990901.139404,-5383058446.992693,-5336638874.375012,-5288681564.043605,-5239133950.144851,-5187941441.80534,-5135047342.167167,-5080392764.926973,-5023916548.470661,-4965555167.735989,-4905242643.981907,-4842910452.70049,-4778487429.974296,-4711899677.66207,-4643070467.890857,-4571920147.444721,-4498366042.774504,-4422322366.5099945,-4343700126.544079,-4262407038.9787216,-4178347446.485164,-4091422243.9402847,-4001528813.567874,-3908560972.2478895,-3812408934.171093,-3712959292.626051,-3610095025.4292574,-3503695529.366726,-3393636690.0362587,-3279790994.692296,-3162027697.1402884,-3040213045.448744,-2914210585.303685,-2783881554.285946,-2649085385.2934346,-2509680340.8556848,-2365524304.321488,-2216475758.99316,-2062394992.4169488,-1903145570.44724,-1738596134.663834,-1568622587.582619,-1393110743.29415,-1211959537.2250154,-1025084908.3133408,-832424490.855948,-633943282.6668328,-429640492.2993716,-219557812.5850667,-3789422.7230215073,217505910.7281518,444090178.97780347,675628361.8351264,911666852.0894666,1151607216.1925166,-2610072669.515611,-2475461385.222087,-2341968004.7169323,-2211077390.8704715,-2084634344.2746763,-1964922226.6173267,-1784118443.9396763,-1773560577.0595813,-1775377559.9874804,-1793190801.6121998,-1831491270.56168,5020548107.636613,5277242162.116599,5511602899.050709,5713767446.690789,5870910624.086912,4601310828.8401375,4997129802.704765,5367993959.917896,5690213756.633752,5928612466.635029,5870439414.750821,5636835771.482641,5168744467.872948,4341169861.980834,2942192806.9710903,-7270302583.201019,-9965743970.852594,-15564649640.766768,0.0
715.5,-7262451525.850154,-7269069631.475655,-7275700392.160096,-7282343759.770224,-7288999684.041912,-7295668112.527664,-7302348990.542822,-7309042261.11042,-7315747864.9047165,-7322465740.193289,-7329195822.77772,-7335938045.932859,-7342692340.344423,-7349458634.045241,-7356236852.349736,-7363026917.786909,-7369828750.03149,-7376642265.833534,-7383467378.94608,-7390304000.051128,-7397152036.68363,-7404011393.153644,-7410881970.466447,-7417763666.240659,-7424656374.624274,-7431559986.208559,-7438474387.939667,-7445399463.028109,-7452335090.855826,-7459281146.880887,-7466237502.539663,-7473204025.146611,-7480180577.791302,-7487167019.232925,-7494163203.791848,-7501168981.238573,-7508184196.679623,-7515208690.440477,-7522242297.945453,-7529284849.594402,-7536336170.636151,-7543396081.038585,-7550464395.355283,-7557540922.588602,-7564625466.049131,-7571717823.211333,-7578817785.565396,-7585925138.464987,-7593039660.971006,-7600161125.691088,-7607289298.614695,-7614423938.94384,-7621564798.919112,-7628711623.640962,-7635864150.886106,-7643022110.918952,-7650185226.2977,-7657353211.675191,-7664525773.59424,-7671702610.277239,-7678883411.409906,-7686067857.919098,-7693255621.744251,-7700446365.602526,-7707639742.747284,-7714835396.719765,-7722032961.093755,-7729232059.212943,-7736432303.920869,-7743633297.283116,-7750834630.301559,-7758035882.620427,-7765236622.223836,-7772436405.124693,-7779634775.044394,-7786831263.083468,-7794025387.382356,-7801216652.772464,-7808404550.416867,-7815588557.440469,-7822768136.549261,-7829942735.638282,-7837111787.387952,-7844274708.848332,-7851430901.010989,-7858579748.368019,-7865720618.457794,-7872852861.396969,-7879975809.39834,-7887088776.274059,-7894191056.923655,-7901281926.806454,-7908360641.397724,-7915426435.628196,-7922478523.306087,-7929516096.521378,-7936538325.031438,-7943544355.627486,-7950533311.481301,-7957504291.47123,-7964456369.48703,-7971388593.712724,-7978299985.886611,-7985189540.537672,-7992056224.197649,-7998898974.587626,-8005716699.778634,-8012508277.32485,-8019272553.368916,-8026008341.717797,-8032714422.888747,-8039389543.123682,-8046032413.371212,-8052641708.234984,-8059216064.887078,-8065754081.945242,-8072254318.312507,-8078715291.977843,-8085135478.77648,-8091513311.108125,-8097847176.611748,-8104135416.795102,-8110376325.617379,-8116568148.023076,-8122709078.4253025,-8128797259.136555,-8134830778.744809,-8140807670.433021,-8146725910.239567,-8152583415.257502,-8158378041.770126,-8164107583.32037,-8169769768.711321,-8175362259.935184,-8180882650.027866,-8186328460.845984,-8191697140.763398,-8196986062.283894,-8202192519.566442,-8207313725.859852,-8212346810.842606,-8217288817.864346,-8222136701.0847,-8226887322.505256,-8231537448.890201,-8236083748.570958,-8240522788.129888,-8244851028.957906,-8249064823.680769,-8253160412.448189,-8257133919.08015,-8260981347.06402,-8264698575.396113,-8268281354.260974,-8271725300.541145,-8275025893.149993,-8278178468.180005,-8281178213.858076,-8284020165.299298,-8286699199.050427,-8289210027.413212,-8291547192.538036,-8293705060.277212,-8295677813.787051,-8297459446.867352,-8299043757.02598,-8300424338.256174,-8301594573.513029,-8302547626.875342,-8303276435.377933,-8303773700.499207,-8304031879.287506,-8304043175.109277,-8303799528.001073,-8303292604.606396,-8302513787.677696,-8301454165.122227,-8300104518.570234,-8298455311.441821,-8296496676.488372,-8294218402.782716,-8291609922.131086,-8288660294.878182,-8285358195.075594,-8281691894.981759,-8277649248.860246,-8273217676.041378,-8268384143.210024,-8263135145.8808975,-8257456689.020132,-8251334266.77004,-8244752841.231476,-8237696820.255879,-8230150034.19638,-8222095711.564781,-8213516453.538357,-8204394207.257355,-8194710237.851012,-8184445099.126624,-8173578602.852681,-8162089786.563672,-8149956879.809978,-8137157268.773061,-8123667459.16114,-8109463037.297093,-8094518629.305538,-8078807858.301386,-8062303299.477812,-8044976432.986318,-8026797594.497036,-8007735923.322057,-7987759307.97965,-7966834329.072206,-7944926199.34532,-7921998700.790998,-7898014118.652681,-7872933172.18536,-7846714942.019997,-7819316793.977696,-7790694299.175832,-7760801150.266559,-7729589073.64662,-7697007737.47787,-7663004655.359877,-7627525085.499937,-7590511925.232408,-7551905600.749408,-7511643951.918072,-7469662112.078222,-7425892382.737918,-7380264103.115386,-7332703514.514224,-7283133619.568171,-7231474036.451534,-7177640848.226642,-7121546447.591411,-7063099377.4019,-7002204167.482038,-6938761168.398166,-6872666383.077527,-6803811297.393239,-6732082711.131849,-6657362571.114817,-6579527808.672156,-6498450184.181846,-6413996142.008854,-6326026679.924298,-6234397237.984784,-6138957612.9352455,-6039551905.503151,-5936018509.525608,-5828190153.747124,-5715894009.41607,-5598951879.572397,-5477180489.262373,-5350391899.960134,-5218394076.375073,-5080991639.76231,-4937986849.062943,-4789180859.958511,-4634375322.578445,-4473374391.57219,-4305987238.071045,-4132031172.359026,-3951335509.633568,-3763746340.029002,-3569132399.277707,-3367392279.430791,-3158463271.6923304,-2942332197.7295904,-2719048664.293106,-6885637772.913729,-6755835423.512219,-6620129355.224335,-6478657947.81392,-6331663562.258168,-6179516403.717011,-1351177756.3968089,-1095352648.9165292,-818955842.1498075,-520605457.5180712,-198850252.94854164,1183791914.4513178,1457649092.0413756,1728442228.8194866,1991679793.7255936,2241541765.4457464,1883131843.590915,2289754155.7583723,2693592914.6879554,3080179581.515686,3428242656.189856,3078434612.317189,2960567300.4692554,2727065147.2296686,2341736528.9937763,1764627123.3253555,15570058619.114735,17327237928.717064,14496867555.638474,0.0
715.0,-8295227091.248746,-8304078847.34426,-8312956472.747499,-8321860042.76042,-8330789632.110696,-8339745314.923762,-8348727164.694077,-8357735254.255486,-8366769655.750717,-8375830440.600029,-8384917679.468831,-8394031442.234467,-8403171797.951901,-8412338814.81849,-8421532560.137642,-8430753100.281434,-8440000500.652155,-8449274825.642672,-8458576138.595611,-8467904501.761405,-8477259976.255016,-8486642622.011461,-8496052497.739975,-8505489660.876825,-8514954167.536728,-8524446072.46289,-8533965428.975447,-8543512288.91851,-8553086702.605554,-8562688718.763241,-8572318384.473537,-8581975745.114159,-8591660844.29717,-8601373723.805895,-8611114423.529795,-8620882981.397514,-8630679433.307917,-8640503813.059034,-8650356152.2749,-8660236480.330254,-8670144824.272875,-8680081208.743782,-8690045655.894794,-8700038185.303886,-8710058813.887754,-8720107555.811937,-8730184422.398146,-8740289422.028809,-8750422560.048712,-8760583838.663784,-8770773256.836617,-8780990810.179026,-8791236490.841166,-8801510287.397478,-8811812184.7289,-8822142163.901777,-8832500202.042816,-8842886272.21042,-8853300343.261887,-8863742379.716707,-8874212341.615513,-8884710184.37481,-8895235858.637087,-8905789310.116407,-8916370479.439154,-8926979301.979847,-8937615707.691835,-8948279620.932753,-8958970960.284473,-8969689638.367456,-8980435561.64926,-8991208630.247059,-9002008737.723932,-9012835770.878666,-9023689609.528996,-9034570126.287914,-9045477186.332924,-9056410647.167852,-9067370358.377125,-9078356161.37222,-9089367889.129845,-9100405365.921885,-9111468407.036465,-9122556818.490086,-9133670396.730494,-9144808928.329716,-9155972189.66733,-9167159946.603216,-9178371954.139662,-9189607956.072384,-9200867684.630058,-9212150860.10196,-9223457190.453228,-9234786370.927486,-9246138083.6361,-9257511997.13382,-9268907765.98018,-9280325030.2862,-9291763415.245865,-9303222530.651636,-9314701970.39378,-9326201311.942474,-9337720115.812485,-9349257925.009323,-9360814264.456629,-9372388640.403702,-9383980539.81272,-9395589429.724676,-9407214756.6033,-9418855945.65622,-9430512400.132284,-9442183500.594336,-9453868604.166405,-9465567043.754242,-9477278127.238377,-9489001136.63843,-9500735327.247637,-9512479926.73641,-9524234134.223682,-9535997119.314898,-9547768021.105091,-9559545947.145836,-9571329972.374569,-9583119138.004795,-9594912450.37555,-9606708879.758472,-9618507359.120838,-9630306782.842632,-9642106005.385914,-9653903839.914352,-9665699056.860998,-9677490382.442087,-9689276497.11463,-9701056033.975412,-9712827577.09896,-9724589659.811882,-9736340762.900885,-9748079312.751696,-9759803679.4157,-9771512174.601608,-9783203049.588396,-9794874493.05654,-9806524628.833698,-9818151513.551285,-9829753134.207815,-9841327405.63507,-9852872167.862717,-9864385183.376728,-9875864134.26711,-9887306619.25962,-9898710150.62648,-9910072150.970451,-9921389949.876596,-9932660780.425455,-9943881775.561464,-9955049964.309769,-9966162267.83443,-9977215495.330551,-9988206339.742567,-9999131373.300406,-10009987042.864964,-10020769665.073738,-10031475421.276972,-10042100352.254335,-10052640352.701464,-10063091165.474976,-10073448375.584446,-10083707403.91866,-10093863500.693089,-10103911738.604675,-10113847005.67933,-10123663997.796812,-10133357210.876442,-10142920932.706747,-10152349234.4006,-10161635961.45674,-10170774724.407549,-10179758889.031284,-10188581566.106384,-10197235600.683722,-10205713560.851292,-10214007725.964846,-10222110074.315506,-10230012270.20468,-10237705650.394136,-10245181209.89741,-10252429587.076962,-10259441048.00876,-10266205470.074316,-10272712324.73716,-10278950659.458843,-10284909078.70579,-10290575723.99646,-10295938252.934223,-10300983817.168612,-10305699039.22342,-10310069988.12688,-10314082153.774635,-10317720419.951948,-10320969035.936905,-10323811586.60144,-10326230960.92166,-10328209318.802923,-10329728056.119663,-10330767767.862614,-10331308209.27997,-10331328254.890768,-10330805855.241287,-10329717991.26681,-10328040626.111303,-10325748654.248844,-10322815847.739227,-10319214799.439651,-10314916862.982231,-10309892089.314604,-10304109159.586807,-10297535314.153751,-10290136277.44651,-10281876178.44973,-10272717466.504047,-10262620822.13471,-10251545062.586458,-10239447041.72428,-10226281543.936935,-10212001171.655764,-10196556226.076548,-10179894580.644808,-10161961546.837189,-10142699731.741123,-10122048886.904495,-10099945747.89353,-10076323863.963802,-10051113417.21356,-10024241030.552296,-9995629563.780344,-9965197897.03754,-9932860700.841244,-9898528191.896364,-9862105873.824057,-9823494261.921312,-9782588591.032291,-9739278505.585545,-9693447730.830578,-9644973724.294142,-9593727306.474922,-9539572269.806654,-9482364964.94818,-9421953863.509808,-9358179096.40176,-9290871967.101397,-9219854439.285397,-9144938598.472872,-9065926087.58181,-8982607516.628836,-8894761847.209562,-8802155752.899797,-8704542957.328602,-8601663552.405453,-8493243300.046846,-8378992921.746954,-8258607381.469581,-8131765168.583652,-7998127588.874783,-7857338072.952732,-7709021512.480659,-7552783635.319729,-7388210430.490458,-7214867632.14496,-7032300267.491496,-6840032265.237342,-6637566106.197029,-11098895937.175428,-10972411832.510872,-10832789344.8739,-10678776318.285667,-10508959628.475468,-10321732545.488585,-509337129.2774601,-40059905.6487751,473012343.7181473,1034042617.2832298,1647643248.5823374,-2756687778.7711,-2474727067.105534,-2176973052.308909,-1862449792.011348,-1529818520.2959528,-947887226.8107692,-543395188.6719532,-120313143.295465,316397455.3121691,759917324.307764,205444782.65319583,198481121.6499596,195867840.32200527,250874816.7033558,497794759.4455223,18483237662.60945,17153771567.035868,14131246055.809977,0.0
714.5,-9316155314.07705,-9327194312.341513,-9338272081.698835,-9349388817.9913,-9360544718.010109,-9371739979.491625,-9382974801.113188,-9394249382.488508,-9405563924.162762,-9416918627.60716,-9428313695.213188,-9439749330.286345,-9451225737.039425,-9462743120.585363,-9474301686.929523,-9485901642.96154,-9497543196.44656,-9509226556.015984,-9520951931.157633,-9532719532.205294,-9544529570.327648,-9556382257.516611,-9568277806.574947,-9580216431.10328,-9592198345.48626,-9604223764.878197,-9616292905.187714,-9628405983.06177,-9640563215.868792,-9652764821.68095,-9665011019.255636,-9677302028.015917,-9689638068.030102,-9702019359.990383,-9714446125.190348,-9726918585.501516,-9739436963.34882,-9752001481.68484,-9764612363.962996,-9777269834.10945,-9789974116.493805,-9802725435.89842,-9815524017.486506,-9828370086.7687,-9841263869.568298,-9854205591.984867,-9867195480.35645,-9880233761.220018,-9893320661.27039,-9906456407.317278,-9919641226.240664,-9932875344.944258,-9946158990.307056,-9959492389.132856,-9972875768.097769,-9986309353.69555,-9999793372.180706,-10013328049.509323,-10026913611.277468,-10040550282.657116,-10054238288.32961,-10067977852.41629,-10081769198.406485,-10095612549.08262,-10109508126.442331,-10123456151.617537,-10137456844.79025,-10151510425.10518,-10165617110.578833,-10179777118.005035,-10193990662.85688,-10208257959.184662,-10222579219.509975,-10236954654.715672,-10251384473.931463,-10265868884.415152,-10280408091.429256,-10295002298.112797,-10309651705.348171,-10324356511.622854,-10339116912.88576,-10353933102.398018,-10368805270.578068,-10383733604.84067,-10398718289.42975,-10413759505.244812,-10428857429.6606,-10444012236.339842,-10459224095.038689,-10474493171.404766,-10489819626.767307,-10505203617.91922,-10520645296.89073,-10536144810.714245,-10551702301.180187,-10567317904.583242,-10582991751.458864,-10598723966.309546,-10614514667.32042,-10630363966.063854,-10646271967.19248,-10662238768.120316,-10678264458.691423,-10694349120.835669,-10710492828.210903,-10726695645.83123,-10742957629.680706,-10759278826.311705,-10775659272.42768,-10792098994.449308,-10808598008.063604,-10825156317.75512,-10841773916.318598,-10858450784.352352,-10875186889.731203,-10891982187.05879,-10908836617.097664,-10925750106.176704,-10942722565.574738,-10959753890.87931,-10976843961.319658,-10993992639.07264,-11011199768.540585,-11028465175.599771,-11045788666.818336,-11063170028.642187,-11080609026.547586,-11098105404.158916,-11115658882.33018,-11133269158.188456,-11150935904.137823,-11168658766.82182,-11186437366.042747,-11204271293.635756,-11222160112.29565,-11240103354.354485,-11258100520.507454,-11276151078.484854,-11294254461.667671,-11312410067.644075,-11330617256.704245,-11348875350.270472,-11367183629.259789,-11385541332.375595,-11403947654.325394,-11422401743.960636,-11440902702.335451,-11459449580.680056,-11478041378.28491,-11496677040.291306,-11515355455.383764,-11534075453.379663,-11552835802.710829,-11571635207.791962,-11590472306.270315,-11609345666.150558,-11628253782.788866,-11647195075.749466,-11666167885.516829,-11685170470.056145,-11704201001.214472,-11723257560.954248,-11742338137.410694,-11761440620.763914,-11780562798.916166,-11799702352.963978,-11818856852.454502,-11838023750.414642,-11857200378.140793,-11876383939.736588,-11895571506.38504,-11914760010.34065,-11933946238.626486,-11953126826.419788,-11972298250.109444,-11991456820.006693,-12010598672.690157,-12029719762.964523,-12048815855.41138,-12067882515.508728,-12086915100.294968,-12105908748.551098,-12124858370.473282,-12143758636.806284,-12162603967.406258,-12181388519.19922,-12200106173.499687,-12218750522.65108,-12237314855.94743,-12255792144.792778,-12274175027.05223,-12292455790.544865,-12310626355.625835,-12328678256.801004,-12346602623.313812,-12364390158.639416,-12382031118.817127,-12399515289.546743,-12416831961.969303,-12433969907.04707,-12450917348.451263,-12467661933.859186,-12484190704.555573,-12500490063.224655,-12516545739.81113,-12532342755.318998,-12547865383.407265,-12563097109.630228,-12578020588.158953,-12592617595.80688,-12606868983.16925,-12620754622.67026,-12634253353.295574,-12647342921.769484,-12659999919.916578,-12672199717.925816,-12683916393.211489,-12695122654.539722,-12705789761.060772,-12715887435.856342,-12725383773.577124,-12734245141.708212,-12742436074.958927,-12749919162.228142,-12756654925.546122,-12762601690.338892,-12767715446.299744,-12771949698.085274,-12775255304.97813,-12777580308.575905,-12778869747.472809,-12779065457.798552,-12778105858.363342,-12775925719.030838,-12772455910.796724,-12767623135.890669,-12761349636.038485,-12753552876.818394,-12744145205.81648,-12733033482.026754,-12720118673.648232,-12705295421.097172,-12688451561.67282,-12669467611.879734,-12648216202.911846,-12624561464.229958,-12598358349.502665,-12569451898.414232,-12537676426.951262,-12502854637.73922,-12464796640.778671,-12423298873.492626,-12378142907.293556,-12329094125.852377,-12275900257.828512,-12218289743.905603,-12155969914.452286,-12088624949.837902,-12015913590.18196,-11937466554.845009,-11852883623.9441,-11761730324.15561,-11663534148.47063,-11557780223.618042,-11443906318.530966,-11321297061.106691,-11189277196.70572,-11047103677.768211,-10893956316.052856,-10728926652.42179,-10551004596.99706,-15194242248.0472,-15070466992.89572,-14926586623.238537,-14760028035.243937,-14567810626.780348,-14346462797.03371,-514064260.672575,36585804.31047058,634574586.1660566,1283570212.9634438,1987442929.684672,-6744623517.846262,-6464500029.473479,-6151199967.242301,-5798608238.681513,-5398676473.956041,-3852806908.854909,-3463268190.536955,-3035616525.6500883,-2565732774.009976,-2046669886.6004288,-2707307659.476313,-2614258193.1245046,-2404879382.4969883,-1945940502.0861063,-951064513.1748276,11119215274.03071,12544423910.410059,20848318215.145428,0.0
714.0,-10322887509.145647,-10336054700.329563,-10349273140.247494,-10362543141.021858,-10375865017.192684,-10389239085.737087,-10402665666.08878,-10416145080.157742,-10429677652.349825,-10443263709.586555,-10456903581.32491,-10470597599.577114,-10484346098.930626,-10498149416.567965,-10512007892.286734,-10525921868.519604,-10539891690.35429,-10553917705.553614,-10568000264.5755,-10582139720.593027,-10596336429.51443,-10610590750.00309,-10624903043.497532,-10639273674.231327,-10653703009.253016,-10668191418.445894,-10682739274.54781,-10697346953.170822,-10712014832.820827,-10726743294.916985,-10741532723.811155,-10756383506.80711,-10771296034.179588,-10786270699.193296,-10801307898.121624,-10816408030.265224,-10831571497.970352,-10846798706.647022,-10862090064.786854,-10877445983.980686,-10892866878.935946,-10908353167.493626,-10923905270.64494,-10939523612.547718,-10955208620.54233,-10970960725.167166,-10986780360.17385,-11002667962.541777,-11018623972.49233,-11034648833.502502,-11050742992.317944,-11066906898.965437,-11083141006.764812,-11099445772.34009,-11115821655.629986,-11132269119.897669,-11148788631.73976,-11165380661.094408,-11182045681.24862,-11198784168.844582,-11215596603.885006,-11232483469.737543,-11249445253.13797,-11266482444.192375,-11283595536.378063,-11300785026.54322,-11318051414.90525,-11335395205.04773,-11352816903.915895,-11370317021.810543,-11387896072.380348,-11405554572.612488,-11423293042.821451,-11441112006.63597,-11459011990.984003,-11476993526.07562,-11495057145.3837,-11513203385.622438,-11531432786.723335,-11549745891.808762,-11568143247.1629,-11586625402.199844,-11605192909.428904,-11623846324.416813,-11642586205.74676,-11661413114.974184,-11680327616.578873,-11699330277.913652,-11718421669.14906,-11737602363.214037,-11756872935.732485,-11776233964.955343,-11795686031.688032,-11815229719.213127,-11834865613.207891,-11854594301.656546,-11874416374.756931,-11894332424.821388,-11914343046.17151,-11934448835.026505,-11954650389.384829,-11974948308.898855,-11995343194.742176,-12015835649.469175,-12036426276.866568,-12057115681.796495,-12077904470.030766,-12098793248.075788,-12119782622.987894,-12140873202.178308,-12162065593.207636,-12183360403.569107,-12204758240.460089,-12226259710.541368,-12247865419.683523,-12269575972.699966,-12291391973.06565,-12313314022.621157,-12335342721.261095,-12357478666.606506,-12379722453.659817,-12402074674.442295,-12424535917.612452,-12447106768.064976,-12469787806.508877,-12492579609.024096,-12515482746.595331,-12538497784.6221,-12561625282.403706,-12584865792.598051,-12608219860.65285,-12631688024.20794,-12655270812.4672,-12678968745.538675,-12702782333.741076,-12726712076.875263,-12750758463.458612,-12774921969.920755,-12799203059.758345,-12823602182.647057,-12848119773.508442,-12872756251.529488,-12897512019.132229,-12922387460.891031,-12947382942.394735,-12972498809.050709,-12997735384.827984,-13023092970.936049,-13048571844.436018,-13074172256.78058,-13099894432.278994,-13125738566.482931,-13151704824.489246,-13177793339.154823,-13204004209.21915,-13230337497.32911,-13256793227.96125,-13283371385.235365,-13310071910.613731,-13336894700.479542,-13363839603.5879,-13390906418.38213,-13418094890.167944,-13445404708.137491,-13472835502.23462,-13500386839.852364,-13528058222.353188,-13555849081.401484,-13583758775.097792,-13611786583.902864,-13639931706.33956,-13668193254.459295,-13696570249.059216,-13725061614.635126,-13753666174.054611,-13782382642.933125,-13811209623.695358,-13840145599.3026,-13869188926.625494,-13898337829.440533,-13927590391.026655,-13956944546.337246,-13986398073.72052,-14015948586.16,-14045593522.004322,-14075330135.153572,-14105155484.667255,-14135066423.756046,-14165059588.117151,-14195131383.569874,-14225277972.944971,-14255495262.177828,-14285778885.551811,-14316124190.034117,-14346526218.642029,-14376979692.772633,-14407478993.424171,-14438018141.23128,-14468590775.230516,-14499190130.265614,-14529809012.935194,-14560439775.977348,-14591074290.97697,-14621703919.272688,-14652319480.929638,-14682911221.633345,-14713468777.347609,-14743981136.566212,-14774436599.973064,-14804822737.309889,-14835126341.232286,-14865333377.916218,-14895428934.154972,-14925397160.663445,-14955221211.280737,-14984883177.733152,-15014364019.588049,-15043643488.994335,-15072700049.766392,-15101510790.325035,-15130051329.962135,-15158295717.841696,-15186216324.091934,-15213783722.276806,-15240966562.462162,-15267731434.010014,-15294042717.142555,-15319862422.215054,-15345150015.521255,-15369862230.325611,-15393952861.670725,-15417372543.34373,-15440068505.199604,-15461984308.82911,-15483059559.320068,-15503229590.59034,-15522425121.461432,-15540571879.290615,-15557590187.576303,-15573394513.490623,-15587892970.764118,-15600986772.737396,-15612569629.692188,-15622527083.760117,-15630735773.764503,-15637062621.253069,-15641363927.699116,-15643484371.352074,-15643255890.460758,-15640496437.524664,-15635008586.786043,-15626577974.280409,-15614971546.320124,-15599935588.176104,-15581193499.79686,-15558443279.47907,-15531354669.245054,-15499565906.99684,-15462680019.931265,-15420260580.740612,-15371826832.17905,-15316848065.863142,-15254737116.677752,-15184842803.55434,-15106441108.942024,-15018724840.720852,-14920791458.58202,-14811628667.988186,-14690097283.312082,-14554910730.326796,-14404610386.961498,-19118605873.18567,-18997844095.3692,-18850740340.10421,-18673576543.03455,-18462023999.071445,-18211021135.444626,-2186660582.735164,-1715280608.893795,-1209704717.9580708,-668398656.6556816,-89923450.99319458,-10719251372.814274,-10451018273.636633,-10134593201.768156,-9759423348.890972,-9311729924.615204,-6788588827.021668,-6425892474.318476,-6008238211.996459,-5523469730.247283,-4952635858.11497,-5614343738.976963,-5436625621.949125,-5046210931.006157,-4247990657.8967648,-2646123977.2831984,5945342650.651693,11838743794.952152,24495187422.755074,0.0
713.5,-11313105648.16696,-11328329573.868135,-11343616692.558548,-11358967427.048214,-11374382203.958109,-11389861453.76165,-11405405610.826736,-11421015113.458237,-11436690403.941,-11452431928.583378,-11468240137.761255,-11484115485.962584,-11500058431.832487,-11516069438.218834,-11532148972.21835,-11548297505.223326,-11564515512.96882,-11580803475.580423,-11597161877.622522,-11613591208.147264,-11630091960.743908,-11646664633.588833,-11663309729.496172,-11680027755.968891,-11696819225.250557,-11713684654.37763,-11730624565.232355,-11747639484.596289,-11764729944.20437,-11781896480.799623,-11799139636.188406,-11816459957.296406,-11833857996.225044,-11851334310.30868,-11868889462.17232,-11886524019.789995,-11904238556.54372,-11922033651.28314,-11939909888.385708,-11957867857.817604,-11975908155.195168,-11994031381.847029,-12012238144.87687,-12030529057.226784,-12048904737.741236,-12067365811.23175,-12085912908.542152,-12104546666.614365,-12123267728.555038,-12142076743.702557,-12160974367.694828,-12179961262.537603,-12199038096.673424,-12218205545.05119,-12237464289.19628,-12256815017.2813,-12276258424.197369,-12295795211.626007,-12315426088.111586,-12335151769.134293,-12354972977.183674,-12374890441.832647,-12394904899.812078,-12415017095.08584,-12435227778.926315,-12455537709.9904,-12475947654.39589,-12496458385.798347,-12517070685.468342,-12537785342.368982,-12558603153.233942,-12579524922.645657,-12600551463.113876,-12621683595.154455,-12642922147.36834,-12664267956.520737,-12685721867.620422,-12707284733.999151,-12728957417.391102,-12750740788.012306,-12772635724.640057,-12794643114.69217,-12816763854.306068,-12838998848.417715,-12861349010.840136,-12883815264.341627,-12906398540.723518,-12929099780.8974,-12951919934.96174,-12974859962.277777,-12997920831.544634,-13021103520.87357,-13044409017.861103,-13067838319.661148,-13091392433.055836,-13115072374.524977,-13138879170.313984,-13162813856.500183,-13186877479.05734,-13211071093.918127,-13235395767.034515,-13259852574.435871,-13284442602.284494,-13309166946.92842,-13334026714.95137,-13359023023.219442,-13384156998.924536,-13409429779.623997,-13434842513.2764,-13460396358.273115,-13486092483.465382,-13511932068.186523,-13537916302.269049,-13564046386.056145,-13590323530.407335,-13616748956.6979,-13643323896.811378,-13670049593.125135,-13696927298.488111,-13723958276.19048,-13751143799.92472,-13778485153.73729,-13805983631.970612,-13833640539.194542,-13861457190.126698,-13889434909.541046,-13917575032.163794,-13945878902.556011,-13974347874.982103,-14002983313.263,-14031786590.61356,-14060759089.46284,-14089902201.256325,-14119217326.238968,-14148705873.217916,-14178369259.303549,-14208208909.627628,-14238226257.037138,-14268422741.762243,-14298799811.056787,-14329358918.80975,-14360101525.125832,-14391029095.873264,-14422143102.196783,-14453445019.993792,-14484936329.35128,-14516618513.941223,-14548493060.37186,-14580561457.492125,-14612825195.64638,-14645285765.876408,-14677944659.06731,-14710803365.03404,-14743863371.5446,-14777126163.276367,-14810593220.700918,-14844266018.89341,-14878146026.261332,-14912234703.187931,-14946533500.584743,-14981043858.347618,-15015767203.710072,-15050704949.487534,-15085858492.20546,-15121229210.104065,-15156818461.011482,-15192627580.077276,-15228657877.357082,-15264910635.238665,-15301387105.699244,-15338088507.383148,-15375016022.487757,-15412170793.445269,-15449553919.386925,-15487166452.374924,-15525009393.386835,-15563083688.035738,-15601390222.008291,-15639929816.201782,-15678703221.539316,-15717711113.441595,-15756954085.93125,-15796432645.344473,-15836147203.622616,-15876098071.154367,-15916285449.136747,-15956709421.421082,-15997369945.806906,-16038266844.744673,-16079399795.404043,-16120768319.06219,-16162371769.762104,-16204209322.187271,-16246279958.694546,-16288582455.442616,-16331115367.54778,-16373877013.193691,-16416865456.615082,-16460078489.8691,-16503513613.3003,-16547168014.597445,-16591038546.331217,-16635121701.852806,-16679413589.421995,-16723909904.422216,-16768605899.50727,-16813496352.5101,-16858575531.92862,-16903837159.786594,-16949274371.648617,-16994879673.547735,-17040644895.56071,-17086561141.741377,-17132618736.09356,-17178807164.234468,-17225115010.36468,-17271529889.122116,-17318038371.85524,-17364625906.802803,-17411276732.61418,-17457973784.585743,-17504698592.921967,-17551431172.25643,-17598149901.584503,-17644831393.66687,-17691450352.858253,-17737979420.19825,-17784389004.46862,-17830647097.77207,-17876719074.018578,-17922567468.513695,-17968151736.627792,-18013427989.277348,-18058348702.671043,-18102862399.453625,-18146913298.016422,-18190440926.327404,-18233379696.156124,-18275658433.021328,-18317199856.55864,-18357920005.279373,-18397727598.85219,-18436523330.06688,-18474199077.5126,-18510637028.689453,-18545708701.74353,-18579273852.225166,-18611179249.17461,-18641257302.373734,-18669324519.69864,-18695179770.074512,-18718602323.464348,-18739349634.48333,-18757154830.45744,-18771723857.83506,-18782732232.561523,-18789821330.025543,-18792594138.089348,-18790610382.024483,-18783380912.272064,-18770361224.0308,-18750943950.74348,-18724450140.30483,-18690119081.587715,-18647096397.52625,-18594420056.70586,-18531003874.53604,-18455617972.81956,-18366865536.54773,-18263155040.63087,-18142666905.802223,-22821688374.77813,-22705016963.39629,-22556892638.043404,-22372715833.81845,-22147135937.929047,-21873907122.57268,-5701192203.34938,-5424055014.613474,-5130387955.234247,-4819765057.028069,-4491625414.459819,-14616378530.759768,-14369321892.875189,-14062071283.679253,-13680620996.84203,-13206840160.498655,-9708943958.592186,-9383200007.91244,-8988861527.369116,-8507237864.807245,-7909937297.243616,-8466890252.822566,-8222026974.380637,-7689037442.346448,-6634753382.912912,-4609463035.863528,2960212962.5983534,10321102660.242584,21345376736.887177,0.0
713.0,-12284530582.265148,-12301727677.049393,-12318999269.72755,-12336345886.91794,-12353768060.347889,-12371266326.915686,-12388841228.75344,-12406493313.290756,-12424223133.319427,-12442031247.058935,-12459918218.22296,-12477884616.086826,-12495931015.55586,-12514057997.234837,-12532266147.49826,-12550556058.561855,-12568928328.554873,-12587383561.5936,-12605922367.85585,-12624545363.65654,-12643253171.524351,-12662046420.27951,-12680925745.1127,-12699891787.665089,-12718945196.109528,-12738086625.23293,-12757316736.519844,-12776636198.237228,-12796045685.520466,-12815545880.460636,-12835137472.193016,-12854821156.986963,-12874597638.33696,-12894467627.055117,-12914431841.364977,-12934491006.996643,-12954645857.283367,-12974897133.259487,-12995245583.759842,-13015691965.520569,-13036237043.281448,-13056881589.889694,-13077626386.405254,-13098472222.207687,-13119419895.104538,-13140470211.441307,-13161623986.213137,-13182882043.177876,-13204245214.971075,-13225714343.222424,-13247290278.673985,-13268973881.300188,-13290766020.429417,-13312667574.867529,-13334679433.023014,-13356802493.034042,-13379037662.897362,-13401385860.598946,-13423848014.24665,-13446425062.204683,-13469117953.230022,-13491927646.61079,-13514855112.306597,-13537901331.090887,-13561067294.695255,-13584354005.955864,-13607762478.961906,-13631293739.206083,-13654948823.737328,-13678728781.31549,-13702634672.568262,-13726667570.1503,-13750828558.904425,-13775118736.025114,-13799539211.2242,-13824091106.898762,-13848775558.30132,-13873593713.7123,-13898546734.61474,-13923635795.871376,-13948862085.903915,-13974226806.874748,-13999731174.870935,-14025376420.090551,-14051163787.03132,-14077094534.681684,-14103169936.714111,-14129391281.680882,-14155759873.212112,-14182277030.216145,-14208944087.082298,-14235762393.885927,-14262733316.595734,-14289858237.283482,-14317138554.335836,-14344575682.668566,-14372171053.942852,-14399926116.78389,-14427842337.001522,-14455921197.813017,-14484164200.067852,-14512572862.474571,-14541148721.829456,-14569893333.247124,-14598808270.39286,-14627895125.716717,-14657155510.6891,-14686591056.037989,-14716203411.987404,-14745994248.497269,-14775965255.504309,-14806118143.164003,-14836454642.093342,-14866976503.614246,-14897685499.997396,-14928583424.70657,-14959672092.642729,-14990953340.388151,-15022429026.450085,-15054101031.50364,-15085971258.633852,-15118041633.5762,-15150314104.95578,-15182790644.524164,-15215473247.394129,-15248363932.271309,-15281464741.682852,-15314777742.202042,-15348305024.66879,-15382048704.405235,-15416010921.42593,-15450193840.641811,-15484599652.057585,-15519230570.961332,-15554088838.106035,-15589176719.88172,-15624496508.477571,-15660050522.033075,-15695841104.776863,-15731870627.152445,-15768141485.929394,-15804656104.298882,-15841416931.951977,-15878426445.1395,-15915687146.711552,-15953201566.135172,-15990972259.48844,-16029001809.428722,-16067292825.133411,-16105847942.210457,-16144669822.576809,-16183761154.30172,-16223124651.412537,-16262763053.659777,-16302679126.238564,-16342875659.462786,-16383355468.38864,-16424121392.383371,-16465176294.63535,-16506523061.600792,-16548164602.382357,-16590103848.034616,-16632343750.790749,-16674887283.20452,-16717737437.201286,-16760897223.031134,-16804369668.116726,-16848157815.788183,-16892264723.896294,-16936693463.295025,-16981447116.18364,-17026528774.297634,-17071941536.937431,-17117688508.82228,-17163772797.756622,-17210197512.09429,-17256965757.98569,-17304080636.391212,-17351545239.843216,-17399362648.93756,-17447535928.53379,-17496068123.641872,-17544962254.971165,-17594221314.115887,-17643848258.34864,-17693846004.991688,-17744217425.333046,-17794965338.05162,-17846092502.113037,-17897601609.093887,-17949495274.889503,-18001776030.755558,-18054446313.630554,-18107508455.680782,-18160964673.005047,-18214817053.43043,-18269067543.32466,-18323717933.34407,-18378769843.0286,-18434224704.14769,-18490083742.692142,-18546347959.39734,-18603018108.672577,-18660094675.80028,-18717577852.254986,-18775467508.97927,-18833763167.43697,-18892463968.24775,-18951568637.18766,-19011075448.31935,-19070982183.992764,-19131286091.430305,-19191983835.58329,-19253071447.913326,-19314544270.7176,-19376396896.577816,-19438623102.467705,-19501215778.00664,-19564166847.29036,-19627467183.67023,-19691106516.783333,-19755073331.05881,-19819354754.84025,-19883936439.167336,-19948802425.150444,-20013934998.75032,-20079314531.63605,-20144919306.639008,-20210725326.14347,-20276706101.55502,-20342832421.76075,-20409072098.237816,-20475389684.173485,-20541746164.625816,-20608098614.37208,-20674399819.65688,-20740597859.55076,-20806635642.05793,-20872450389.451595,-20937973066.55664,-21003127744.822983,-21067830894.01952,-21131990592.205284,-21195505643.270683,-21258264589.75641,-21320144606.807697,-21381010260.960155,-21440712114.920536,-21499085156.53168,-21555947026.608883,-21611096016.201363,-21664308798.94064,-21715337858.331955,-21763908562.935883,-21809715834.14131,-21852420341.35923,-21891644147.614216,-21926965714.23081,-21957914156.056915,-21983962617.74032,-22004520616.112263,-22018925162.637352,-22026430441.77748,-22026195774.22798,-22017271536.07221,-21998582633.0912,-21968909040.0602,-21926862803.095947,-21870860762.80517,-21799092079.096794,-21709479414.5816,-26256193518.144707,-26145167616.55173,-25998994697.74949,-25812516391.31848,-25579756958.16561,-25293776098.671284,-10661007983.480474,-10609757123.671854,-10552121779.800632,-10486351654.057575,-10409800500.87416,-18369768442.127945,-18151500580.36745,-17864395418.956642,-17492146282.38825,-17013876890.15049,-12565398322.25082,-12284142897.990437,-11924059817.988789,-11461688117.26557,-10862206074.54528,-11214058063.013285,-10919220341.631914,-10284335911.78295,-9064133062.135817,-6814082532.86674,-253533846.8440895,6457681937.890781,12941573192.099096,0.0
712.5,-13234930157.3058,-13254005119.89144,-13273165144.058315,-13292410852.1251,-13311742872.703363,-13331161840.778004,-13350668397.78886,-13370263191.713673,-13389946877.152184,-13409720115.41164,-13429583574.593489,-13449537929.681587,-13469583862.631569,-13489722062.461737,-13509953225.34528,-13530278054.70402,-13550697261.303482,-13571211563.349552,-13591821686.586596,-13612528364.39713,-13633332337.903065,-13654234356.06848,-13675235175.804115,-13696335562.073393,-13717536288.000229,-13738838134.978474,-13760241892.783062,-13781748359.683102,-13803358342.556458,-13825072657.00653,-13846892127.48056,-13868817587.390043,-13890849879.233015,-13912989854.71826,-13935238374.891544,-13957596310.263931,-13980064540.94209,-14002643956.760746,-14025335457.41727,-14048139952.608496,-14071058362.169653,-14094091616.215656,-14117240655.284723,-14140506430.48416,-14163889903.63877,-14187392047.441463,-14211013845.606556,-14234756293.02536,-14258620395.924534,-14282607172.026909,-14306717650.71497,-14330952873.197151,-14355313892.676723,-14379801774.523594,-14404417596.44889,-14429162448.682465,-14454037434.153296,-14479043668.67298,-14504182281.122185,-14529454413.64024,-14554861221.817884,-14580403874.893251,-14606083555.951069,-14631901462.125223,-14657858804.804684,-14683956809.842932,-14710196717.770777,-14736579784.012802,-14763107279.107475,-14789780488.930847,-14816600714.924036,-14843569274.32456,-14870687500.401447,-14897956742.694382,-14925378367.256794,-14952953756.902975,-14980684311.459455,-15008571448.02044,-15036616601.207588,-15064821223.4341,-15093186785.173223,-15121714775.231243,-15150406701.024904,-15179264088.863585,-15208288484.236086,-15237481452.10215,-15266844577.18884,-15296379464.291702,-15326087738.581032,-15355971045.91306,-15386031053.146263,-15416269448.462809,-15446687941.695269,-15477288264.658615,-15508072171.487535,-15539041438.979202,-15570197866.941568,-15601543278.547134,-15633079520.692375,-15664808464.36282,-15696732005.003832,-15728852062.897232,-15761170583.543642,-15793689538.050808,-15826410923.527763,-15859336763.484982,-15892469108.240524,-15925810035.332178,-15959361649.935724,-15993126085.28914,-16027105503.123032,-16061302094.09705,-16095718078.242435,-16130355705.410706,-16165217255.728249,-16200305040.05717,-16235621400.46192,-16271168710.682114,-16306949376.611004,-16342965836.77996,-16379220562.848637,-16415716060.100674,-16452454867.94508,-16489439560.42287,-16526672746.718931,-16564157071.678974,-16601895216.331316,-16639889898.413216,-16678143872.90166,-16716659932.548134,-16755440908.417229,-16794489670.428646,-16833809127.90218,-16873402230.10542,-16913271966.803535,-16953421368.810684,-16993853508.542572,-17034571500.569391,-17075578502.168703,-17116877713.877224,-17158472380.041014,-17200365789.363026,-17242561275.44715,-17285062217.337765,-17327872040.05338,-17370994215.113686,-17414432261.058258,-17458189743.955654,-17502270277.901302,-17546677525.502625,-17591415198.34945,-17636487057.46774,-17681896913.754612,-17727648628.39227,-17773746113.23835,-17820193331.18992,-17866994296.518414,-17914153075.172104,-17961673785.042706,-18009560596.19263,-18057817731.03869,-18106449464.487907,-18155460124.020893,-18204854089.71759,-18254635794.22,-18304809722.625984,-18355380412.30755,-18406352452.646965,-18457730484.68304,-18509519200.65945,-18561723343.4665,-18614347705.96659,-18667397130.193325,-18720876506.41309,-18774790772.03689,-18829144910.36972,-18883943949.182987,-18939192959.095,-18994897051.74268,-19051061377.726685,-19107691124.310287,-19164791512.851032,-19222367795.94204,-19280425254.23809,-19338969192.939583,-19398004937.904533,-19457537831.357445,-19517573227.15931,-19578116485.602,-19639172967.685062,-19700748028.831093,-19762847011.99003,-19825475240.080154,-19888638007.707462,-19952340572.100605,-20016588143.192314,-20081385872.77265,-20146738842.63156,-20212652051.601368,-20279130401.401222,-20346178681.176025,-20413801550.61254,-20482003521.50421,-20550788937.623474,-20620161952.74701,-20690126506.664383,-20760686298.98351,-20831844760.52797,-20903605022.101204,-20975969880.369263,-21048941760.58895,-21122522675.88035,-21196714182.71133,-21271517332.22718,-21346932617.01989,-21422959912.888863,-21499598415.096443,-21576846568.56813,-21654701991.428005,-21733161391.19156,-21812220472.863983,-21891873838.106834,-21972114874.54133,-22052935634.149788,-22134326699.616188,-22216277037.31192,-22298773835.478893,-22381802325.989853,-22465345587.869503,-22549384330.53809,-22633896654.487137,-22718857786.810497,-22804239788.68798,-22890011231.54644,-22976136838.199696,-23062577084.782177,-23149287758.735764,-23236219467.471268,-23323317091.592285,-23410519175.7258,-23497757249.03006,-23584955066.32527,-23672027759.49144,-23758880887.26722,-23845409369.82953,-23931496292.49087,-24017011560.467934,-24101810383.88844,-24185731568.93797,-24268595587.21491,-24350202390.847576,-24430328935.605103,-24508726367.936813,-24585116824.41249,-24659189783.16676,-24730597896.384644,-24798952220.243423,-24863816743.609604,-24924702098.634888,-24981058314.534416,-25032266449.428787,-25077628903.16188,-25116358175.177704,-25147563784.251007,-25170237009.107048,-25183233038.221264,-25185250030.198387,-25174804479.13082,-25150202147.24048,-25109503663.668865,-25050483685.67109,-29378111658.1911,-29274358641.19651,-29133339781.01693,-28949685804.16188,-28717219944.064903,-28428825982.68056,-16363282244.825687,-16495126780.554886,-16618449580.197803,-16728434164.976368,-16818577728.396446,-21912813637.59812,-21728429971.85581,-21469950744.876263,-21119959436.854385,-20656481503.35702,-15308544966.121624,-15076067231.120502,-14757791162.32928,-14327297708.580347,-13746407765.21698,-13804347821.440832,-13473920247.592476,-12774756723.683949,-11473836984.692007,-9184612702.223783,-4271708651.2746296,778257303.777665,2401721503.030569,0.0
712.0,-14162127183.307789,-14182973415.098677,-14203914433.966934,-14224950948.665283,-14246083675.291336,-14267313337.384165,-14288640666.02246,-14310066399.924189,-14331591285.547815,-14353216077.195265,-14374941537.116266,-14396768435.614704,-14418697551.156384,-14440729670.47866,-14462865588.70179,-14485106109.442122,-14507452044.92709,-14529904216.112038,-14552463452.798971,-14575130593.757307,-14597906486.846395,-14620791989.140308,-14643787967.054466,-14666895296.474417,-14690114862.886751,-14713447561.512194,-14736894297.440777,-14760455985.769411,-14784133551.741634,-14807927930.889751,-14831840069.179289,-14855870923.155869,-14880021460.09464,-14904292658.15208,-14928685506.520428,-14953201005.584751,-14977840167.08258,-15002604014.266323,-15027493582.068413,-15052509917.269238,-15077654078.667995,-15102927137.256424,-15128330176.395462,-15153864291.995111,-15179530592.69714,-15205330200.061172,-15231264248.753838,-15257333886.741264,-15283540275.48487,-15309884590.140602,-15336368019.76158,-15362991767.504364,-15389757050.838703,-15416665101.761091,-15443717167.01194,-15470914508.296707,-15498258402.51077,-15525750141.968351,-15553391034.635542,-15581182404.367275,-15609125591.148697,-15637221951.34069,-15665472857.929815,-15693879700.782717,-15722443886.905052,-15751166840.705032,-15780050004.261707,-15809094837.598047,-15838302818.959002,-15867675445.094353,-15897214231.546915,-15926920712.94576,-15956796443.304806,-15986842996.326777,-16017061965.712662,-16047454965.476795,-16078023630.267612,-16108769615.694304,-16139694598.65932,-16170800277.696947,-16202088373.31807,-16233560628.361168,-16265218808.349758,-16297064701.856276,-16329100120.87273,-16361326901.18789,-16393746902.771624,-16426362010.166063,-16459174132.883966,-16492185205.814337,-16525397189.63551,-16558812071.235643,-16592431864.141031,-16626258608.95211,-16660294373.78744,-16694541254.735785,-16729001376.316404,-16763676891.947668,-16798569984.424232,-16833682866.40283,-16869017780.8968,-16904577001.779642,-16940362834.297531,-16976377615.59113,-17012623715.226688,-17049103535.736645,-17085819513.169994,-17122774117.652147,-17159969853.955015,-17197409262.076862,-17235094917.83258,-17273029433.454056,-17311215458.20115,-17349655678.983093,-17388352820.990704,-17427309648.33922,-17466528964.722183,-17506013614.07624,-17545766481.257088,-17585790492.72659,-17626088617.25107,-17666663866.611065,-17707519296.322376,-17748658006.36857,-17790083141.944954,-17831797894.21397,-17873805501.072166,-17916109247.928505,-17958712468.494183,-18001618545.583782,-18044830911.927643,-18088353050.995552,-18132188497.83127,-18176340839.898067,-18220813717.934887,-18265610826.8229,-18310735916.4622,-18356192792.658463,-18401985318.01887,-18448117412.85721,-18494593056.10746,-18541416286.2455,-18588591202.21817,-18636121964.37912,-18684012795.43068,-18732267981.370903,-18780891872.44483,-18829888884.099007,-18879263497.93813,-18929020262.682423,-18979163795.12469,-19029698781.085106,-19080629976.36248,-19131962207.679832,-19183700373.62274,-19235849445.56764,-19288414468.598244,-19341400562.40722,-19394812922.180267,-19448656819.459538,-19502937602.98297,-19557660699.4958,-19612831614.53022,-19668455933.14875,-19724539320.646706,-19781087523.208008,-19838106368.509323,-19895601766.2658,-19953579708.71174,-20012046271.009148,-20071007611.57569,-20130469972.32368,-20190439678.80045,-20250923140.219807,-20311926849.373463,-20373457382.40992,-20435521398.46772,-20498125639.14871,-20561276927.815086,-20624982168.69352,-20689248345.76735,-20754082521.4367,-20819491834.924183,-20885483500.402016,-20952064804.81441,-21019243105.36616,-21087025826.64659,-21155420457.35424,-21224434546.58544,-21294075699.64576,-21364351573.3403,-21435269870.694016,-21506838335.04929,-21579064743.48296,-21651956899.479256,-21725522624.789444,-21799769750.40277,-21874706106.54515,-21950339511.615143,-22026677759.95753,-22103728608.365128,-22181499761.18904,-22259998853.92605,-22339233435.13837,-22419210946.547,-22499938701.12432,-22581423858.993507,-22663673400.92361,-22746694099.1867,-22830492485.52058,-22915074815.913548,-23000447031.89784,-23086614718.006447,-23173583055.010468,-23261356768.51431,-23349940072.439804,-23439336606.880043,-23529549369.74689,-23620580641.57247,-23712431902.753727,-23805103742.44997,-23898595758.25306,-23992906445.64955,-24088033076.18148,-24183971563.083862,-24280716313.034904,-24378260062.49105,-24476593696.89696,-24575706050.85267,-24675583687.08489,-24776210651.80336,-24877568203.71984,-24979634513.66341,-25082384331.33277,-25185788615.27893,-25289814121.700897,-25394422947.051186,-25499572018.778725,-25605212527.7676,-25711289295.146294,-25817740065.12513,-25924494714.34713,-26031474366.882507,-26138590402.430984,-26245743343.47959,-26352821605.0568,-26459700088.270744,-26566238595.9648,-26672280045.4881,-26777648449.680138,-26882146632.59899,-26985553641.158745,-27087621807.53159,-27188073409.73252,-27286596869.02101,-27382842412.360283,-27476417115.85053,-27566879230.41112,-27653731673.558952,-27736414550.34651,-27814296541.69123,-27886664968.61139,-27952714305.26173,-28011532870.90574,-28062087379.57928,-28103204964.405907,-28133552219.172066,-28151610710.334583,-28155648305.14713,-28143685532.68106,-28113456040.440742,-32147106986.265724,-32051861769.01896,-31918820704.50927,-31742741093.576187,-31517651730.05932,-31236751168.77616,-22090813403.00628,-22326208462.42768,-22541898978.83179,-22730077476.55368,-22880916700.112137,-25180439010.68521,-25031826827.513824,-24806969623.563293,-24488447727.85037,-24054695572.232742,-17889436300.95781,-17706292134.938465,-17433200148.272526,-17042442851.135103,-16495254722.655603,-16187436209.4084,-15831002052.764584,-15097542917.504885,-13785780821.680944,-11605577582.143787,-8780573501.091902,-5697237159.663574,-7201012366.719086,0.0
711.5,-15064007219.65529,-15086507328.460762,-15109111020.331043,-15131819080.10992,-15154632300.88987,-15177551484.122265,-15200577439.729263,-15223710986.217678,-15246952950.79443,-15270304169.48408,-15293765487.248192,-15317337758.10663,-15341021845.260832,-15364818621.21914,-15388728967.924135,-15412753776.882055,-15436893949.294489,-15461150396.191969,-15485524038.570068,-15510015807.527563,-15534626644.40696,-15559357500.937374,-15584209339.379795,-15609183132.674717,-15634279864.592377,-15659500529.88541,-15684846134.444126,-15710317695.45443,-15735916241.55839,-15761642813.01754,-15787498461.87896,-15813484252.144257,-15839601259.941357,-15865850573.699238,-15892233294.325798,-15918750535.38864,-15945403423.29902,-15972193097.499111,-15999120710.652332,-16026187428.837086,-16053394431.7439,-16080742912.875977,-16108234079.753263,-16135869154.120111,-16163649372.156612,-16191575984.693644,-16219650257.43172,-16247873471.163729,-16276246922.001684,-16304771921.607431,-16333449797.427452,-16362281892.932072,-16391269567.85865,-16420414198.459455,-16449717177.753742,-16479179915.78461,-16508803839.880283,-16538590394.920296,-16568541043.606504,-16598657266.738914,-16628940563.496668,-16659392451.724075,-16690014468.221968,-16720808169.044376,-16751775129.80058,-16782916945.962885,-16814235233.179905,-16845731627.59581,-16877407786.17535,-16909265387.035015,-16941306129.78031,-16973531735.84927,-17005943948.8625,-17038544534.979712,-17071335283.26282,-17104318006.046097,-17137494539.312988,-17170866743.080318,-17204436501.78951,-17238205724.705246,-17272176346.321762,-17306350326.77666,-17340729652.272766,-17375316335.507774,-17410112416.11223,-17445119961.095722,-17480341065.301617,-17515777851.870514,-17551432472.712387,-17587307108.98787,-17623403971.598663,-17659725301.68742,-17696273371.146942,-17733050483.139492,-17770058972.62564,-17807301206.90351,-17844779586.158283,-17882496544.02215,-17920454548.145027,-17958656100.7763,-17997103739.35746,-18035800037.126263,-18074747603.732468,-18113949085.86509,-18153407167.8919,-18193124572.51093,-18233104061.414497,-18273348435.96573,-18313860537.88798,-18354643249.967377,-18395699496.768456,-18437032245.36356,-18478644506.07563,-18520539333.2352,-18562719825.951344,-18605189128.89716,-18647950433.10961,-18691006976.804337,-18734362046.205334,-18778018976.38987,-18821981152.14873,-18866252008.862072,-18910835033.391006,-18955733764.9851,-19000951796.205967,-19046492773.86705,-19092360399.98984,-19138558432.776543,-19185090687.59942,-19231961038.006744,-19279173416.74565,-19326731816.801697,-19374640292.45544,-19422902960.35573,-19471524000.61,-19520507657.89132,-19569858242.562027,-19619580131.81424,-19669677770.826424,-19720155673.93656,-19771018425.830936,-19822270682.74878,-19873917173.702072,-19925962701.71026,-19978412145.04916,-20031270458.51374,-20084542674.69388,-20138233905.26243,-20192349342.274742,-20246894259.47866,-20301874013.63381,-20357294045.839226,-20413159882.867523,-20469477138.504578,-20526251514.89264,-20583488803.87524,-20641194888.34179,-20699375743.569576,-20758037438.56048,-20817186137.37004,-20876828100.42545,-20936969685.8292,-20997617350.644936,-21058777652.161125,-21120457249.12849,-21182662902.96595,-21245401478.93019,-21308679947.24264,-21372505384.16781,-21436884973.03589,-21501826005.201942,-21567335880.933487,-21633422110.217392,-21700092313.47608,-21767354222.18213,-21835215679.35968,-21903684639.9594,-21972769171.09317,-22042477452.11285,-22112817774.51638,-22183798541.66281,-22255428268.27628,-22327715579.71664,-22400669210.99344,-22474298005.4964,-22548610913.41414,-22623616989.80995,-22699325392.320404,-22775745378.43941,-22852886302.34695,-22930757611.23794,-23009368841.102257,-23088729611.902622,-23168849622.091766,-23249738642.404778,-23331406508.85659,-23413863114.86758,-23497118402.433075,-23581182352.244102,-23666064972.658348,-23751776287.40929,-23838326321.93197,-23925725088.170174,-24013982567.71808,-24103108693.13316,-24193113327.241886,-24284006240.241184,-24375797084.37853,-24468495365.97169,-24562110414.50381,-24656651348.503098,-24752127037.88472,-24848546062.399704,-24945916665.797302,-25044246705.26533,-25143543595.66648,-25243814248.035263,-25345065001.743443,-25447301549.67469,-25550528855.676777,-25654751063.47809,-25759971396.16217,-25866192045.19153,-25973414047.85544,-26081637151.88631,-26190859665.841587,-26301078293.68267,-26412287951.795204,-26524481566.483334,-26637649849.73146,-26751781050.755936,-26866860680.561832,-26982871206.370995,-27099791712.39069,-27217597522.940987,-27336259783.44416,-27455744994.19208,-27576014491.136154,-27697023867.177246,-27818722326.551773,-27941051963.900948,-28063946958.450005,-28187332672.387947,-28311124641.00035,-28435227440.331192,-28559533416.0969,-28683921255.200245,-28808254378.436623,-28932379129.78871,-29056122733.987133,-29179290989.68786,-29301665660.569733,-29423001520.765144,-29543023004.149155,-29661420398.9497,-29777845519.695583,-29891906777.43434,-30003163556.140648,-30111119787.945663,-30215216601.84613,-30314823899.423,-30409230686.26768,-30497633958.65248,-30579125910.786854,-30652679188.0011,-30717129864.574986,-30771157770.86924,-30813263732.21069,-30841743211.17236,-30854655765.565144,-30849789647.693794,-34527034750.30849,-34440676581.79851,-34317453565.320324,-34152543674.37868,-33940529486.962177,-33675336382.615143,-27307733153.44469,-27569652634.24284,-27798559382.24504,-27985139626.018555,-28118274129.62944,-28111153480.496365,-27996529285.241,-27806088858.50123,-27523327106.288635,-27128304523.539524,-20261058224.85979,-20123822146.04173,-19894636869.61312,-19545829579.14735,-19040222456.30556,-18316135311.05088,-17937138054.0587,-17188473975.623108,-15912951535.87819,-13935810223.108332,-13277999041.60045,-11892974230.014969,-13999806710.782524,0.0
711.0,-15938526138.51367,-15962552504.858494,-15986690235.81062,-16010940180.977692,-16035303198.95705,-16059780157.45673,-16084371933.4182,-16109079413.141386,-16133903492.411324,-16158845076.627293,-16183905080.933788,-16209084430.353706,-16234384059.92381,-16259804914.832315,-16285347950.558737,-16311014133.016186,-16336804438.695889,-16362719854.814194,-16388761379.461962,-16414930021.75655,-16441226801.996237,-16467652751.81731,-16494208914.353798,-16520896344.399887,-16547716108.57503,-16574669285.492031,-16601756965.927715,-16628980252.996853,-16656340262.328676,-16683838122.2468,-16711474973.95192,-16739251971.707855,-16767170283.030758,-16795231088.881512,-16823435583.861618,-16851784976.412329,-16880280489.0174,-16908923358.409311,-16937714835.779097,-16966656186.98988,-16995748692.794155,-17024993649.054976,-17054392366.970913,-17083946173.30513,-17113656410.618504,-17143524437.506851,-17173551628.842468,-17203739376.019882,-17234089087.20616,-17264602187.595642,-17295280119.669174,-17326124343.458237,-17357136336.81372,-17388317595.679558,-17419669634.3714,-17451193985.86041,-17482892202.062107,-17514765854.130672,-17546816532.758514,-17579045848.481434,-17611455431.989388,-17644046934.44297,-17676822027.795807,-17709782405.12293,-17742929780.955162,-17776265891.619904,-17809792495.588104,-17843511373.82786,-17877424330.164585,-17911533191.647896,-17945839808.92559,-17980346056.624397,-18015053833.738186,-18049965064.023323,-18085081696.40174,-18120405705.37135,-18155939091.4246,-18191683881.474804,-18227642129.29066,-18263815915.93913,-18300207350.236656,-18336818569.209274,-18373651738.561302,-18410709053.15323,-18447992737.48874,-18485505046.21113,-18523248264.609337,-18561224709.133766,-18599436727.92199,-18637886701.334816,-18676577042.502644,-18715510197.882378,-18754688647.825268,-18794114907.155834,-18833791525.761845,-18873721089.196007,-18913906219.289185,-18954349574.77584,-18995053851.93129,-19036021785.22176,-19077256147.96684,-19118759753.014984,-19160535453.4322,-19202586143.20404,-19244914757.95137,-19287524275.660065,-19330417717.42485,-19373598148.20755,-19417068677.610283,-19460832460.663315,-19504892698.628456,-19549252639.817795,-19593915580.42828,-19638884865.392456,-19684163889.245342,-19729756097.008125,-19775664985.08852,-19821894102.198387,-19868447050.288765,-19915327485.502472,-19962539119.14473,-20010085718.67177,-20057971108.69817,-20106199172.022514,-20154773850.67216,-20203699146.966988,-20252979124.60257,-20302617909.752785,-20352619692.19216,-20402988726.43815,-20453729332.913315,-20504845899.1278,-20556342880.88208,-20608224803.489937,-20660496263.02202,-20713161927.569847,-20766226538.53021,-20819694911.910034,-20873571939.65162,-20927862590.978096,-20982571913.75892,-21037705035.89533,-21093267166.72519,-21149263598.4472,-21205699707.56393,-21262580956.343063,-21319912894.296497,-21377701159.676567,-21435951480.988403,-21494669678.51804,-21553861665.87475,-21613533451.54678,-21673691140.46936,-21734340935.602985,-21795489139.521294,-21857142156.005707,-21919306491.64588,-21981988757.44297,-22045195670.41389,-22108934055.193325,-22173210845.63113,-22238033086.38121,-22303407934.478893,-22369342660.90223,-22435844652.11336,-22502921411.574738,-22570580561.235264,-22638829842.980225,-22707677120.039005,-22777130378.343304,-22847197727.828423,-22917887403.669373,-22989207767.442184,-23061167308.20106,-23133774643.45993,-23207038520.06669,-23280967814.95684,-23355571535.772503,-23430858821.330887,-23506838941.92516,-23583521299.439228,-23660915427.255714,-23739030989.934937,-23817877782.640564,-23897465730.28504,-23977804886.365746,-24058905431.460056,-24140777671.344105,-24223432034.69768,-24306879070.35263,-24391129444.04019,-24476193934.5862,-24562083429.500286,-24648808919.89865,-24736381494.695168,-24824812333.98841,-24914112701.566498,-25004293936.442696,-25095367443.327507,-25187344681.93297,-25280237154.995293,-25374056394.890297,-25468813948.70404,-25564521361.607468,-25661190158.368343,-25758831822.81768,-25857457775.068977,-25957079346.268272,-26057707750.630383,-26159354054.49184,-26262029142.08256,-26365743677.68805,-26470508063.839287,-26576332395.128864,-26683226407.210213,-26791199420.488625,-26900260277.96012,-27010417276.595592,-27121678091.60169,-27234049692.81575,-27347538252.410946,-27462149042.994347,-27577886325.078503,-27694753222.79035,-27812751586.551693,-27931881841.31911,-28052142818.806667,-28173531571.929302,-28296043169.496407,-28419670468.948784,-28544403864.66617,-28670231009.071617,-28797136503.41749,-28925101554.751923,-29054103595.125904,-29184115858.603306,-29315106911.06962,-29447040127.19088,-29579873108.138992,-29713557032.86182,-29848035934.718124,-29983245894.20284,-30119114137.23384,-30255558027.03441,-30392483935.996857,-30529785982.0186,-30667344611.62468,-30805025009.68474,-30942675312.64561,-31080124598.87318,-31217180625.85731,-31353627279.602467,-31489221696.407127,-31623691011.32248,-31756728680.749763,-31887990318.745934,-32017088977.500137,-32143589791.94524,-32267003896.38156,-32386781507.113747,-32502304049.22246,-32612875187.50781,-32717710601.181965,-32815926318.94854,-32906525405.715107,-32988382764.58404,-33060227788.56848,-33120624566.879013,-33167949322.736145,-33200364737.045868,-33215790800.705936,-36486590637.65772,-36408241346.32253,-36295168718.38985,-36143195657.633545,-35947716349.124115,-35703677654.21628,-31720531784.44292,-31956973586.236885,-32150607341.98642,-32292329276.18187,-32371736385.40892,-30649148036.65073,-30562880244.43772,-30403092542.024803,-30154849477.25018,-29800662062.804512,-22379818259.34974,-22281106398.999577,-22089779625.236897,-21779128144.34928,-21314948611.93631,-20148387206.11963,-19743635196.21458,-18986402660.114635,-17767793175.921448,-16026619793.1457,-17272918143.861816,-16924663585.752033,-17595860548.394676,0.0
710.5,-16783717429.757912,-16809132832.764626,-16834666289.601414,-16860318702.4308,-16886090982.970528,-16911984052.622066,-16937998842.601242,-16964136294.070972,-16990397358.276115,-17016782996.680618,-17043294181.106754,-17069931893.876827,-17096697127.957008,-17123590887.10374,-17150614186.012287,-17177768050.46812,-17205053517.500443,-17232471635.53848,-17260023464.570324,-17287710076.304413,-17315532554.333755,-17343491994.302856,-17371589504.077477,-17399826203.91735,-17428203226.65159,-17456721717.857353,-17485382836.041317,-17514187752.82437,-17543137653.129448,-17572233735.37247,-17601477211.656746,-17630869307.970566,-17660411264.388298,-17690104335.27487,-17719949789.493908,-17749948910.619377,-17780102997.151016,-17810413362.73346,-17840881336.379177,-17871508262.695427,-17902295502.115097,-17933244431.13168,-17964356442.538326,-17995632945.671238,-18027075366.657288,-18058685148.666058,-18090463752.166485,-18122412655.18784,-18154533353.58577,-18186827361.3127,-18219296210.69336,-18251941452.705265,-18284764657.264168,-18317767413.51478,-18350951330.126656,-18384318035.595604,-18417869178.550545,-18451606428.06588,-18485531473.97972,-18519646027.21794,-18553951820.12409,-18588450606.79545,-18623144163.42542,-18658034288.652004,-18693122803.91292,-18728411553.80733,-18763902406.46423,-18799597253.917698,-18835498012.489258,-18871606623.177326,-18907925052.05403,-18944455290.66942,-18981199356.46333,-19018159293.185005,-19055337171.320736,-19092735088.529434,-19130355170.0866,-19168199569.3367,-19206270468.154137,-19244570077.412987,-19283100637.465725,-19321864418.631138,-19360863721.69153,-19400100878.39942,-19439578251.994102,-19479298237.727936,-19519263263.402985,-19559475789.917835,-19599938311.82493,-19640653357.898804,-19681623491.71523,-19722851312.24148,-19764339454.43814,-19806090589.872456,-19848107427.34369,-19890392713.52039,-19932949233.59028,-19975779811.92256,-20018887312.743065,-20062274640.822624,-20105944742.178658,-20149900604.79045,-20194145259.32828,-20238681779.8966,-20283513284.791733,-20328642937.27408,-20374073946.355484,-20419809567.601456,-20465853103.94925,-20512207906.54139,-20558877375.575333,-20605864961.169533,-20653174164.24591,-20700808537.42933,-20748771685.96401,-20797067268.647675,-20845698998.783047,-20894670645.147472,-20943986032.980766,-20993649044.991547,-21043663622.382294,-21094033765.89333,-21144763536.866257,-21195857058.32677,-21247318516.087128,-21299152159.8687,-21351362304.44458,-21403953330.80261,-21456929687.32888,-21510295891.012016,-21564056528.66806,-21618216258.18672,-21672779809.798286,-21727751987.361923,-21783137669.674995,-21838941811.80372,-21895169446.43483,-21951825685.248512,-22008915720.31215,-22066444825.495064,-22124418357.903835,-22182841759.33796,-22241720557.765568,-22301060368.81884,-22360866897.30858,-22421145938.75736,-22481903380.9507,-22543145205.505512,-22604877489.454914,-22667106406.848404,-22729838230.3666,-22793079332.94876,-22856836189.43229,-22921115378.202377,-22985923582.849976,-23051267593.83641,-23117154310.162323,-23183590741.03873,-23250584007.55733,-23318141344.357445,-23386270101.2862,-23454977745.04849,-23524271860.842934,-23594160153.979263,-23664650451.472992,-23735750703.611588,-23807468985.48696,-23879813498.48801,-23952792571.74623,-24026414663.527336,-24100688362.56028,-24175622389.2955,-24251225597.081886,-24327506973.252472,-24404475640.10701,-24482140855.778656,-24560512014.971207,-24639598649.55144,-24719410428.98042,-24799957160.56525,-24881248789.512085,-24963295398.75856,-25046107208.56216,-25129694575.81916,-25214067993.085823,-25299238087.27133,-25385215617.96924,-25472011475.39053,-25559636677.85889,-25648102368.8242,-25737419813.346764,-25827600394.0002,-25918655606.13588,-26010597052.446785,-26103436436.76256,-26197185557.00088,-26291856297.193832,-26387460618.499504,-26484010549.101044,-26581518172.885315,-26679995616.783905,-26779455036.64692,-26879908601.5077,-26981368476.08336,-27083846801.33951,-27187355672.932045,-27291907117.31893,-27397513065.31526,-27504185322.84185,-27611935538.591587,-27720775168.31113,-27830715435.363472,-27941767287.203003,-28053941347.35633,-28167247862.46018,-28281696643.859604,-28397297003.21868,-28514057681.536148,-28631986770.894497,-28751091628.197723,-28871378780.072823,-28992853818.01881,-29115521282.78709,-29239384536.863068,-29364445623.79301,-29490705112.95819,-29618161928.239017,-29746813158.83419,-29876653850.298134,-30007676773.63566,-30139872170.038074,-30273227468.55924,-30407726973.70794,-30543351519.568146,-30680078086.648823,-30817879377.199047,-30956723344.199,-31096572668.6418,-31237384179.045708,-31379108206.37104,-31521687866.64623,-31665058262.621025,-31809145594.640865,-31953866169.660767,-32099125295.86328,-32244816048.690628,-32390817892.21609,-32536995137.634327,-32683195218.203297,-32829246757.186817,-32974957402.17533,-33120111395.557487,-33264466846.816643,-33407752667.68094,-33549665125.896523,-33689863967.462635,-33827968050.50315,-33963550426.508064,-34096132796.422348,-34225179260.00392,-34350089267.06375,-34470189668.79413,-34584725756.65759,-34692851165.73343,-34793616509.78206,-34885956607.82309,-34968676158.631355,-35040433723.11657,-35099723889.38999,-35144857527.88574,-35173940103.75657,-38000068838.77731,-37927305478.15297,-37822828901.72461,-37683244248.86844,-37504905029.03289,-37283934431.8848,-35237502547.21463,-35424274551.04759,-35563936621.75893,-35648637586.31969,-35669712185.75987,-32746325364.201508,-32679072918.80232,-32541664119.82852,-32321089903.752888,-32002699263.70796,-24206974972.30929,-24135749589.38439,-23971732892.31044,-23689630019.87981,-23258745918.66683,-21649142215.396027,-21209210407.27592,-20437869082.419422,-19270968622.086548,-17740773187.32507,-20372581423.13017,-20247805322.81056,-18555341684.2189,0.0
710.0,-17597699211.860573,-17624357511.28322,-17651139391.255497,-17678045793.515694,-17705077669.736423,-17732235981.65742,-17759521701.220657,-17786935810.707443,-17814479302.877945,-17842153181.11273,-17869958459.55689,-17897896163.266167,-17925967328.355793,-17954173002.151516,-17982514243.343224,-18010992122.14104,-18039607720.43401,-18068362131.9514,-18097256462.42662,-18126291829.76397,-18155469364.20801,-18184790208.515846,-18214255518.1323,-18243866461.36793,-18273624219.58012,-18303529987.357155,-18333584972.7054,-18363790397.2397,-18394147496.376907,-18424657519.53283,-18455321730.32228,-18486141406.7629,-18517117841.482056,-18548252341.92765,-18579546230.5823,-18611000845.18126,-18642617538.934185,-18674397680.75065,-18706342655.46957,-18738453864.09263,-18770732724.02176,-18803180669.300785,-18835799150.861286,-18868589636.772663,-18901553612.49684,-18934692581.147125,-18968008063.75189,-19001501599.522823,-19035174746.1279,-19069029079.96925,-19103066196.46591,-19137287710.341675,-19171695255.918053,-19206290487.412502,-19241075079.24196,-19276050726.331856,-19311219144.430702,-19346582070.430344,-19382141262.692,-19417898501.37821,-19453855588.79082,-19490014349.715088,-19526376631.77008,-19562944305.765465,-19599719266.06481,-19636703430.95555,-19673898743.02577,-19711307169.54782,-19748930702.86913,-19786771360.81013,-19824831187.06958,-19863112251.63735,-19901616651.214863,-19940346509.643463,-19979303978.3405,-20018491236.74377,-20057910492.764114,-20097563983.24653,-20137453974.439785,-20177582762.47505,-20217952673.85318,-20258566065.941486,-20299425327.479515,-20340532879.094555,-20381891173.826782,-20423502697.66424,-20465369970.08792,-20507495544.6272,-20549882009.42567,-20592531987.8177,-20635448138.915825,-20678633158.20934,-20722089778.174088,-20765820768.8939,-20809828938.69369,-20854117134.784523,-20898688243.92092,-20943545193.070587,-20988690950.096733,-21034128524.45334,-21079860967.89348,-21125891375.19105,-21172222884.876053,-21218858679.983715,-21265801988.817684,-21313056085.727493,-21360624291.90074,-21408509976.16976,-21456716555.833706,-21505247497.49555,-21554106317.915028,-21603296584.876907,-21652821918.0756,-21702685990.015858,-21752892526.930016,-21803445309.711952,-21854348174.86796,-21905605015.48481,-21957219782.215134,-22009196484.280533,-22061539190.49234,-22114252030.290447,-22167339194.800285,-22220804937.908184,-22274653577.355087,-22328889495.849136,-22383517142.19683,-22438541032.45316,-22493965751.09072,-22549795952.18785,-22606036360.63575,-22662691773.36492,-22719767060.590378,-22777267167.07631,-22835197113.41925,-22893561997.35038,-22952366995.0564,-23011617362.51882,-23071318436.87157,-23131475637.776268,-23192094468.81515,-23253180518.90097,-23314739463.70341,-23376777067.091377,-23439299182.59049,-23502311754.85518,-23565820821.15394,-23629832512.8676,-23694353056.998524,-23759388777.690346,-23824946097.756226,-23891031540.21429,-23957651729.828743,-24024813394.65418,-24092523367.581696,-24160788587.88362,-24229616102.755352,-24299013068.85021,-24368986753.8054,-24439544537.75479,-24510693914.825203,-24582442494.61204,-24654798003.629585,-24727768286.7313,-24801361308.49458,-24875585154.56406,-24950448032.94728,-25025958275.25547,-25102124337.88181,-25178954803.10909,-25256458380.137367,-25334643906.02189,-25413520346.51035,-25493096796.76789,-25573382481.97677,-25654386757.797,-25736119110.67238,-25818589157.96573,-25901806647.90493,-25985781459.320305,-26070523601.151672,-26156043211.70215,-26242350557.61267,-26329456032.530106,-26417370155.43831,-26506103568.61956,-26595667035.21039,-26686071436.31252,-26777327767.61683,-26869447135.493275,-26962440752.496548,-27056319932.231934,-27151096083.52129,-27246780703.80293,-27343385371.693947,-27440921738.63623,-27539401519.540257,-27638836482.3334,-27739238436.30974,-27840619219.16965,-27942990682.626274,-28046364676.44509,-28150753030.769066,-28256167536.568893,-28362619924.04169,-28470121838.76484,-28578684815.39268,-28688320248.6635,-28799039361.46099,-28910853169.64952,-29023772443.37456,-29137807664.488808,-29252968979.73109,-29369266149.24624,-29486708489.99391,-29605304813.54706,-29725063357.72969,-29845991711.486923,-29968096732.316788,-30091384455.52311,-30215859994.47062,-30341527430.936382,-30468389694.55484,-30596448430.245712,-30725703852.39342,-30856154584.41239,-30987797482.18233,-31120627439.669724,-31254637174.86372,-31389816993.94496,-31526154531.369884,-31663634463.289177,-31802238191.423943,-31941943494.18937,-32082724141.48456,-32224549469.14677,-32367383908.59804,-32511186466.68206,-32655910150.093567,-32801501328.13186,-32947899026.75444,-33095034146.058346,-33242828592.35853,-33391194314.95684,-33540032236.483093,-33689231064.327805,-33838665969.15432,-33988197114.762093,-34137668021.646347,-34286903744.44965,-34435708841.100266,-34583865108.76936,-34731129058.83085,-34877229099.7716,-35021862393.46826,-35164691346.44087,-35305339693.64535,-35443388128.15113,-35578369425.78603,-35709763009.71242,-35836988896.22425,-35959400960.2686,-36076279457.956726,-36186822744.60113,-36290138131.97797,-36385231839.57107,-36470998014.35507,-36546206826.30038,-36609491698.04288,-36659335805.32819,-36694058101.69046,-39048181930.204285,-38976903871.79575,-38877397871.36774,-38747095458.77602,-38583341474.19971,-38383446340.03888,-37887109554.70357,-38018553865.02594,-38102937319.29861,-38133842520.71702,-38104342244.29405,-34364142067.215866,-34303309945.88796,-34175958459.190502,-33971067644.52261,-33676790611.979347,-25709935873.57287,-25652078092.06169,-25500967715.395844,-25232736655.761024,-24819940047.427883,-22791971639.477047,-22302437324.6733,-21501262948.68684,-20359319482.21434,-18969351815.647995,-22333502057.288273,-21693217743.918045,-17701005560.44632,0.0
709.5,-18378680914.5335,-18406427785.13996,-18434302538.59382,-18462306142.57957,-18490439574.89998,-18518703823.60977,-18547099887.151787,-18575628774.49497,-18604291505.274708,-18633089109.93539,-18662022629.87522,-18691093117.593407,-18720301636.83956,-18749649262.765736,-18779137082.080635,-18808766193.206585,-18838537706.438835,-18868452744.107613,-18898512440.742622,-18928717943.24043,-18959070411.0344,-18989571016.267567,-19020220943.968216,-19051021392.22847,-19081973572.38568,-19113078709.206944,-19144338041.0766,-19175752820.18688,-19207324312.73165,-19239053799.10346,-19270942574.09388,-19302991947.097115,-19335203242.31716,-19367577798.978195,-19400116971.53889,-19432822129.91001,-19465694659.675724,-19498735962.31892,-19531947455.450104,-19565330573.04019,-19598886765.6574,-19632617500.70817,-19666524262.682022,-19700608553.40094,-19734871892.272675,-19769315816.548668,-19803941881.58638,-19838751661.11603,-19873746747.51213,-19908928752.069546,-19944299305.28448,-19979860057.140347,-20015612677.3986,-20051558855.89454,-20087700302.83855,-20124038749.12236,-20160575946.6308,-20197313668.55911,-20234253709.735653,-20271397886.950542,-20308748039.28985,-20346306028.47594,-20384073739.21376,-20422053079.54317,-20460245981.1977,-20498654399.969666,-20537280316.081654,-20576125734.564835,-20615192685.64389,-20654483225.12899,-20693999434.81452,-20733743422.88528,-20773717324.32976,-20813923301.36091,-20854363543.84452,-20895040269.735245,-20935955725.520523,-20977112186.67254,-21018511958.10823,-21060157374.65772,-21102050801.541145,-21144194634.854134,-21186591302.062096,-21229243262.50331,-21272153007.901264,-21315323062.88626,-21358755985.526337,-21402454367.86791,-21446420836.48611,-21490658053.04516,-21535168714.868813,-21579955555.521088,-21625021345.39751,-21670368892.327065,-21716001042.18483,-21761920679.51587,-21808130728.170128,-21854634151.948803,-21901433955.26232,-21948533183.80001,-21995934925.211773,-22043642309.801888,-22091658511.235085,-22139986747.255142,-22188630280.41623,-22237592418.826965,-22286876516.90777,-22336485976.16111,-22386424245.955406,-22436694824.322464,-22487301258.76844,-22538247147.099056,-22589536138.258423,-22641171933.18249,-22693158285.666603,-22745499003.24754,-22798197948.10028,-22851259037.94938,-22904686246.995224,-22958483606.8553,-23012655207.52029,-23067205198.32534,-23122137788.93654,-23177457250.35238,-23233167915.92051,-23289274182.36967,-23345780510.856544,-23402691428.02801,-23460011527.0981,-23517745468.939964,-23575897983.192467,-23634473869.38141,-23693477998.054928,-23752915311.933006,-23812790827.07077,-23873109634.034863,-23933876899.09297,-23995097865.415733,-24056777854.290512,-24118922266.34629,-24181536582.78938,-24244626366.64868,-24308197264.029915,-24372255005.37788,-24436805406.74536,-24501854371.067867,-24567407889.44265,-24633472042.410576,-24700053001.23933,-24767157029.20623,-24834790482.87841,-24902959813.388847,-24971671567.70529,-25040932389.89001,-25110749022.347458,-25181128307.05667,-25252077186.785545,-25323602706.28289,-25395712013.44476,-25468412360.45071,-25541711104.865112,-25615615710.69895,-25690133749.42626,-25765272900.949448,-25841040954.506927,-25917445809.516228,-25994495476.34489,-26072198077.00064,-26150561845.732365,-26229595129.531715,-26309306388.525,-26389704196.2438,-26470797239.76193,-26552594319.68513,-26635104349.979088,-26718336357.619568,-26802299482.047623,-26887002974.41112,-26972456196.57237,-27058668619.85956,-27145649823.53833,-27233409492.977432,-27321957417.480328,-27411303487.752087,-27501457692.96825,-27592430117.409782,-27684230936.6248,-27776870413.074303,-27870358891.215942,-27964706791.97502,-28059924606.548485,-28156022889.481903,-28253012250.95499,-28350903348.204853,-28449706876.01052,-28549433556.154808,-28650094125.77295,-28751699324.487946,-28854259880.2255,-28957786493.589684,-29062289820.67095,-29167780454.14624,-29274268902.517464,-29381765567.32109,-29490280718.125656,-29599824465.11725,-29710406729.054016,-29822037208.35031,-29934725343.028263,-30048480275.249817,-30163310806.11456,-30279225348.378742,-30396231874.716747,-30514337861.11048,-30633550224.91075,-30753875257.06986,-30875318547.995247,-30997884906.4192,-31121578270.61865,-31246401611.251785,-31372356825.004745,-31499444618.15748,-31627664379.08824,-31757014038.633068,-31887489917.10552,-32019086556.6552,-32151796537.506004,-32285610276.45984,-32420515805.879417,-32556498531.17305,-32693540964.5913,-32831622432.907867,-32970718756.293888,-33110801895.399666,-33251839563.33085,-33393794798.840744,-33536625496.65263,-33680283890.37371,-33824715982.956223,-33969860919.0993,-34115650293.35911,-34262007387.03968,-34408846326.16373,-34556071151.96671,-34703574794.4095,-34851237938.158615,-34998927769.331764,-35146496590.04367,-35293780286.41095,-35440596634.18216,-35586743424.55468,-35731996391.03559,-35876106916.41425,-36018799497.08048,-36159768940.08819,-36298677266.61745,-36435150293.93906,-36568773866.807365,-36699089708.63587,-36825590863.188416,-36947716699.31717,-37064847455.15856,-37176298305.0776,-37281312943.795074,-37379056699.29556,-37468609211.71459,-37548956752.77416,-37618984314.07674,-37677467669.01184,-37723065720.91113,-37754313601.437294,-39618877344.35197,-39543350693.97972,-39443155143.42607,-39316504454.18299,-39161659450.02081,-38976998318.86595,-39744098521.449005,-39821425672.439575,-39853690289.78806,-39835546838.38645,-39761268612.60396,-35475149677.16832,-35405632261.32716,-35272808897.174706,-35067458191.81069,-34780151474.10073,-26863355905.69783,-26802470383.959675,-26646978397.156075,-26374097087.31541,-25958753099.698685,-23560283922.503525,-23003627797.32941,-22150063479.883183,-20991996064.49233,-19644051328.90721,-23078358435.037464,-21410059828.534344,-15680184476.91084,0.0
709.0,-19124969600.489853,-19153643314.631145,-19182447936.355133,-19211384445.139,-19240453830.560497,-19269657092.42926,-19298995240.92013,-19328469296.708515,-19358080291.107822,-19387829266.209217,-19417717275.02327,-19447745381.624065,-19477914661.295467,-19508226200.67962,-19538681097.92794,-19569280462.85428,-19600025417.090683,-19630917094.245605,-19661956640.064423,-19693145212.59276,-19724483982.34229,-19755974132.459084,-19787616858.894905,-19819413370.580963,-19851364889.604595,-19883472651.38888,-19915737904.874825,-19948161912.70689,-19980745951.421227,-20013491311.63702,-20046399298.25103,-20079471230.63514,-20112708442.83729,-20146112283.785534,-20179684117.495502,-20213425323.28128,-20247337295.9696,-20281421446.117783,-20315679200.2351,-20350112001.00772,-20384721307.52752,-20419508595.52475,-20454475357.60408,-20489623103.485207,-20524953360.24698,-20560467672.575737,-20596167603.01788,-20632054732.236374,-20668130659.271885,-20704397001.808,-20740855396.441017,-20777507498.95425,-20814354984.59688,-20851399548.36756,-20888642905.30272,-20926086790.769787,-20963732960.765305,-21001583192.218147,-21039639283.297737,-21077903053.727608,-21116376345.10416,-21155061021.22093,-21193958968.398216,-21233072095.818443,-21272402335.86709,-21311951644.479523,-21351722001.49358,-21391715411.008354,-21431933901.74887,-21472379527.4371,-21513054367.16919,-21553960525.79932,-21595100134.329727,-21636475350.30777,-21678088358.22951,-21719941369.95019,-21762036625.10179,-21804376391.51761,-21846962965.664,-21889798673.07965,-21932885868.82212,-21976226937.922005,-22019824295.84485,-22063680388.960865,-22107797695.02248,-22152178723.65017,-22196826016.826168,-22241742149.396866,-22286929729.58323,-22332391399.50013,-22378129835.68417,-22424147749.63025,-22470447888.3373,-22517033034.862766,-22563906008.88652,-22611069667.28381,-22658526904.707794,-22706280654.18157,-22754333887.699703,-22802689616.839603,-22851350893.38273,-22900320809.94573,-22949602500.6216,-22999199141.63104,-23049113951.984028,-23099350194.15162,-23149911174.748405,-23200800245.22503,-23252020802.57168,-23303576290.031853,-23355470197.826897,-23407706063.891216,-23460287474.61816,-23513218065.616688,-23566501522.47863,-23620141581.556904,-23674142030.75409,-23728506710.321945,-23783239513.67137,-23838344388.19283,-23893825336.087376,-23949686415.207645,-24005931739.90932,-24062565481.912228,-24119591871.17152,-24177015196.75801,-24234839807.748047,-24293070114.12216,-24351710587.672382,-24410765762.91761,-24470240238.027008,-24530138675.75039,-24590465804.35551,-24651226418.57149,-24712425380.537643,-24774067620.75708,-24836158139.05432,-24898702005.53589,-24961704361.553062,-25025170420.6658,-25089105469.60623,-25153514869.24121,-25218404055.53189,-25283778540.48909,-25349643913.123047,-25416005840.385254,-25482870068.10104,-25550242421.89042,-25618128808.07516,-25686535214.569496,-25755467711.75196,-25824932453.31525,-25894935677.09148,-25965483705.84864,-26036582948.055653,-26108239898.611183,-26180461139.53251,-26253253340.599483,-26326623259.94908,-26400577744.61453,-26475123731.00389,-26550268245.311195,-26626018403.85392,-26702381413.32901,-26779364570.98004,-26856975264.666348,-26935220972.82582,-27014109264.32039,-27093647798.15434,-27173844323.053383,-27254706676.892128,-27336242785.95642,-27418460664.02605,-27501368411.26181,-27584974212.88022,-27669286337.597343,-27754313135.821724,-27840063037.575443,-27926544550.119408,-28013766255.25832,-28101736806.298264,-28190464924.627075,-28279959395.886456,-28370229065.700943,-28461282834.927216,-28553129654.383183,-28645778519.01337,-28739238461.444,-28833518544.87637,-28928627855.26336,-29024575492.709618,-29121370562.029995,-29219022162.39648,-29317539375.99695,-29416931255.623245,-29517206811.09856,-29618374994.44669,-29720444683.697426,-29823424665.212616,-29927323614.408127,-30032150074.73565,-30137912434.77616,-30244618903.284584,-30352277482.00982,-30460895936.09956,-30570481761.882225,-30681042151.79883,-30792583956.23813,-30905113642.005283,-31018637247.129807,-31133160331.691635,-31248687924.314384,-31365224463.94246,-31482773736.48237,-31601338805.85034,-31720921938.92359,-31841524523.846405,-31963146981.08893,-32085788666.59922,-32209447766.325287,-32334121181.31448,-32459804402.51924,-32586491374.35431,-32714174345.955788,-32842843708.9886,-32972487820.735287,-33103092811.071987,-33234642371.79802,-33367117526.63156,-33500496380.013565,-33634753842.67418,-33769861331.70764,-33905786442.67366,-34042492590.988674,-34179938619.59229,-34318078369.56584,-34456860210.04128,-34596226523.36473,-34736113141.06984,-34876448725.76513,-35017154093.547585,-35158141471.01661,-35299313680.37652,-35440563245.48166,-35581771410.992775,-35722807066.08001,-35863525563.32702,-36003767422.670395,-36143356909.35627,-36282100474.02914,-36419785042.20744,-36556176139.58327,-36691015838.85087,-36824020513.19467,-36954878381.23714,-37083246828.2887,-37208749489.32708,-37330973080.493774,-37449463968.34071,-37563724470.0182,-37673208883.62661,-37777319256.82208,-37875400914.49019,-37966737784.24576,-38050547583.50711,-38125976966.377,-38192096775.80534,-38247897610.87447,-38292286006.35784,-38324081639.706215,-38342016139.58942,-39708073925.14586,-39621156750.91997,-39512836508.74812,-39381991327.53314,-39227635711.86209,-39048994159.60913,-40884876966.72229,-40908113090.65834,-40888152486.25016,-40820222312.46204,-40699195000.88249,-36064134986.18952,-35969291091.915764,-35813405289.90311,-35588680258.98731,-35287477168.80168,-27649978361.95133,-27568373701.447693,-27389546858.25162,-27091236696.24537,-26649492426.91444,-23948044957.7498,-23305968948.030952,-22374806649.28243,-21154028001.658,-19743383238.417515,-22681901815.351864,-19758695634.21841,-12913913177.918243,0.0
708.5,-19834975895.45277,-19864408149.32712,-19893973014.04096,-19923671466.31924,-19953504492.76412,-19983473089.980152,-20013578264.70132,-20043821033.920048,-20074202425.018,-20104723475.899,-20135385235.12381,-20166188762.04703,-20197135126.95607,-20228225411.212143,-20259460707.39343,-20290842119.440533,-20322370762.80381,-20354047764.59344,-20385874263.73128,-20417851411.1054,-20449980369.72677,-20482262314.888405,-20514698434.32704,-20547289928.38713,-20580038010.18749,-20612943905.7904,-20646008854.373444,-20679234108.40388,-20712620933.81576,-20746170610.18982,-20779884430.936005,-20813763703.47911,-20847809749.447018,-20882023904.86201,-20916407520.33501,-20950961961.262897,-20985688608.0288,-21020588856.20571,-21055664116.76308,-21090915816.27666,-21126345397.141823,-21161954317.79003,-21197744052.908737,-21233716093.66485,-21269871947.931515,-21306213140.51867,-21342741213.407112,-21379457725.98616,-21416364255.295334,-21453462396.269608,-21490753761.98844,-21528239983.929146,-21565922712.223827,-21603803615.92054,-21641884383.248657,-21680166721.88823,-21718652359.243813,-21757343042.72237,-21796240540.01576,-21835346639.387672,-21874663149.964832,-21914191902.033165,-21953934747.33836,-21993893559.39121,-22034070233.77785,-22074466688.47476,-22115084864.168743,-22155926724.582,-22196994256.80212,-22238289471.6174,-22279814403.85733,-22321571112.73836,-22363561682.21508,-22405788221.336823,-22448252864.60988,-22490957772.36516,-22533905131.131588,-22577097154.015408,-22620536081.084908,-22664224179.76149,-22708163745.2163,-22752357100.77314,-22796806598.317284,-22841514618.710594,-22886483572.212784,-22931715898.908897,-22977214069.14324,-23022980583.95972,-23069017975.54845,-23115328807.69915,-23161915676.26081,-23208781209.60826,-23255928069.115067,-23303358949.633404,-23351076579.98052,-23399083723.431965,-23447383178.22155,-23495977778.04829,-23544870392.58997,-23594063928.02365,-23643561327.552902,-23693365571.94198,-23743479680.05672,-23793906709.412224,-23844649756.727333,-23895711958.485703,-23947096491.503662,-23998806573.50448,-24050845463.699333,-24103216463.37444,-24155922916.48465,-24208968210.253166,-24262355775.77721,-24316089088.63953,-24370171669.525795,-24424607084.847054,-24479398947.36786,-24534550916.83901,-24590066700.6352,-24645950054.396866,-24702204782.67641,-24758834739.587646,-24815843829.45878,-24873236007.488186,-24931015280.402306,-24989185707.115585,-25047751399.391422,-25106716522.50361,-25166085295.898,-25225861993.85282,-25286050946.13776,-25346656538.67016,-25407683214.16799,-25469135472.79808,-25531017872.818848,-25593335031.2163,-25656091624.33174,-25719292388.4802,-25782942120.557804,-25847045678.63661,-25911607982.54506,-25976634014.432472,-26042128819.315166,-26108097505.60235,-26174545245.59945,-26241477275.98624,-26308898898.26704,-26376815479.190643,-26445232451.13604,-26514155312.461308,-26583589627.8118,-26653541028.383766,-26724015212.139603,-26795017943.96971,-26866555055.79713,-26938632446.618706,-27011256082.478497,-27084431996.36668,-27158166288.03794,-27232465123.742813,-27307334735.86433,-27382781422.45232,-27458811546.64704,-27535431535.98308,-27612647881.56391,-27690467137.09645,-27768895917.775005,-27847940899.00199,-27927608814.933044,-28007906456.832382,-28088840671.223694,-28170418357.82041,-28252646467.21851,-28335531998.332767,-28419081995.557224,-28503303545.628044,-28588203774.16587,-28673789841.873,-28760068940.358543,-28847048287.563072,-28934735122.751656,-29023136701.042164,-29112260287.432648,-29202113150.28973,-29292702554.255783,-29384035752.52997,-29476119978.47529,-29568962436.498627,-29662570292.147854,-29756950661.36465,-29852110598.828087,-29948057085.316647,-30044797014.01342,-30142337175.6702,-30240684242.541653,-30339844750.992096,-30439825082.670204,-30540631444.13757,-30642269844.82891,-30744746073.209778,-30848065670.988186,-30952233905.223213,-31057255738.161163,-31163135794.61537,-31269878326.68966,-31377487175.62904,-31485965730.56216,-31595316883.87977,-31705542982.97146,-31816645778.0184,-31928626365.51368,-32041485127.152504,-32155221663.70355,-32269834723.436974,-32385322124.648445,-32501680671.775463,-32618906064.55778,-32736992799.644363,-32855934063.9939,-32975721619.357445,-33096345677.065582,-33217794762.271866,-33340055566.72478,-33463112789.055984,-33586948961.47679,-33711544261.673145,-33836876308.57524,-33962919940.554485,-34089646974.4647,-34217025943.795944,-34345021814.04682,-34473595673.2435,-34602704395.33967,-34732300274.02,-34862330624.19893,-34992737348.25622,-35123456463.77822,-35254417589.27977,-35385543384.063416,-35516748938.03159,-35647941106.902115,-35779017787.88875,-35909867130.49933,-36040366676.67503,-36170382424.052536,-36299767805.68152,-36428362579.0841,-36555991617.11477,-36682463592.68805,-36807569549.11511,-36931081347.56372,-37052749983.08002,-37172303760.74668,-37289446323.98959,-37403854527.893326,-37515176151.79651,-37623027447.60173,-37726990523.41219,-37826610566.62408,-37921392916.89927,-38010800008.08328,-38094248209.85013,-38171104615.612656,-38240683844.27039,-38302244951.28926,-38354988581.49197,-38398054544.45991,-38430520057.02549,-38451398980.32315,-38459642486.74602,-38454141731.7378,-39320239148.044334,-39213771635.00373,-39088577491.44502,-38944029618.07186,-38779676034.60263,-38595302645.530975,-41371183291.97001,-41336100530.071045,-41258442419.49509,-41133614987.47382,-40956653728.039055,-36128782751.32473,-35991564514.37418,-35794315070.54225,-35530189196.106094,-35192598832.48904,-28061173883.505383,-27940947677.369217,-27719532731.30107,-27374559338.10968,-26881868146.310814,-23959945131.46882,-23215814011.20444,-22183591961.71843,-20856998326.69617,-19292322822.01424,-21334631707.292953,-17196151173.34462,-9735798506.743649,0.0
708.0,-20507219497.5008,-20537236276.317577,-20567386013.43845,-20597669668.036804,-20628088208.7324,-20658642613.70685,-20689333870.82088,-20720162977.73308,-20751130942.020416,-20782238781.30051,-20813487523.35553,-20844878206.257942,-20876411878.498085,-20908089599.11344,-20939912437.819885,-20971881475.1447,-21003997802.561623,-21036262522.62769,-21068676749.122143,-21101241607.18732,-21133958233.47144,-21166827776.273685,-21199851395.6911,-21233030263.7679,-21266365564.646507,-21299858494.721256,-21333510262.793945,-21367322090.2318,-21401295211.127632,-21435430872.462414,-21469730334.27007,-21504194869.80473,-21538825765.71034,-21573624322.19285,-21608591853.194656,-21643729686.571808,-21679039164.273533,-21714521642.5246,-21750178492.01012,-21786011098.063004,-21822020860.85432,-21858209195.58617,-21894577532.687508,-21931127318.01256,-21967860013.04233,-22004777095.08892,-22041880057.502644,-22079170409.88229,-22116649678.288315,-22154319405.459053,-22192181151.03004,-22230236491.756416,-22268487021.738647,-22306934352.65116,-22345580113.974503,-22384425953.23056,-22423473536.22125,-22462724547.270447,-22502180689.469406,-22541843684.925423,-22581715275.014256,-22621797220.635773,-22662091302.47325,-22702599321.25624,-22743323098.02704,-22784264474.41081,-22825425312.889294,-22866807497.078392,-22908412932.00923,-22950243544.413265,-22992301283.01101,-23034588118.8046,-23077106045.37424,-23119857079.178463,-23162843259.85841,-23206066650.54579,-23249529338.174988,-23293233433.799004,-23337181072.90932,-23381374415.759773,-23425815647.694443,-23470506979.47942,-23515450647.638515,-23560648914.793045,-23606104070.005547,-23651818429.12736,-23697794335.150192,-23744034158.56153,-23790540297.70409,-23837315179.1388,-23884361258.01191,-23931681018.425648,-23979276973.812584,-24027151667.31375,-24075307672.160194,-24123747592.058075,-24172474061.57712,-24221489746.542503,-24270797344.42968,-24320399584.76254,-24370299229.514305,-24420499073.511345,-24471001944.839592,-24521810705.25328,-24572928250.58619,-24624357511.1648,-24676101452.22328,-24728163074.32017,-24780545413.756256,-24833251542.993595,-24886284571.075245,-24939647644.045486,-24993343945.36988,-25047376696.355164,-25101749156.56845,-25156464624.25502,-25211526436.754585,-25266937970.91535,-25322702643.505222,-25378823911.61983,-25435305273.086475,-25492150266.86336,-25549362473.43358,-25606945515.192844,-25664903056.83016,-25723238805.70064,-25781956512.18945,-25841059970.06584,-25900553016.826183,-25960439534.02482,-26020723447.59148,-26081408728.13401,-26142499391.224808,-26203999497.669537,-26265913153.756527,-26328244511.48505,-26390997768.770664,-26454177169.625374,-26517787004.31113,-26581831609.463585,-26646315368.18417,-26711242710.097992,-26776618111.37446,-26842446094.707863,-26908731229.25477,-26975478130.524933,-27042691460.222008,-27110375926.03031,-27178536281.34356,-27247177324.93133,-27316303900.538338,-27385920896.411835,-27456033244.75162,-27526645921.07733,-27597763943.50645,-27669392371.93706,-27741536307.12836,-27814200889.67122,-27887391298.841564,-27961112751.327374,-28035370499.82124,-28110169831.46796,-28185516066.15765,-28261414554.65298,-28337870676.539043,-28414889837.983063,-28492477469.29078,-28570639022.24506,-28649379967.211327,-28728705789.993374,-28808621988.42222,-28889134068.65864,-28970247541.189774,-29051967916.49784,-29134300700.377792,-29217251388.879368,-29300825462.84662,-29385028382.02665,-29469865578.7168,-29555342450.917427,-29641464354.955383,-29728236597.53997,-29815664427.21104,-29903753025.135704,-29992507495.206688,-30081932853.392094,-30172034016.28254,-30262815788.777664,-30354282850.8491,-30446439743.31317,-30539290852.54073,-30632840394.025875,-30727092394.730537,-30822050674.113674,-30917718823.74837,-31014100185.421463,-31111197827.602936,-31209014520.16281,-31307552707.20409,-31406814477.869404,-31506801534.96821,-31607515161.25888,-31708956183.20637,-31811124932.02256,-31914021201.779484,-32017644204.37005,-32121992521.070747,-32227064050.44233,-32332855952.28124,-32439364587.3116,-32546585452.281425,-32654513110.09883,-32763141114.61276,-32872461929.610607,-32982466841.567474,-33093145865.6437,-33204487644.383217,-33316479338.519287,-33429106509.24297,-33542352991.23408,-33656200755.694527,-33770629762.557583,-33885617800.975803,-34001140317.111984,-34117170228.17346,-34233677721.537613,-34350630037.71717,-34467991235.8049,-34585721939.92023,-34703779065.0528,-34822115520.56028,-34940679889.42926,-35059416081.24765,-35178262956.66475,-35297153920.930725,-35416016483.91014,-35534771783.75363,-35653334071.191284,-35771610151.17654,-35889498778.36717,-36006890002.67828,-36123664460.88628,-36239692610.007706,-36354833897.92509,-36468935866.49832,-36581833182.18826,-36693346589.05089,-36803281778.84978,-36911428173.01062,-37017557611.2356,-37121422941.849655,-37222756509.4221,-37321268535.9632,-37416645393.12874,-37508547764.49049,-37596608699.192665,-37680431561.40237,-37759587884.11165,-37833615141.35742,-37902014460.17703,-37964248303.08144,-38019738164.10703,-38067862337.3428,-38107953837.14498,-38139298575.18445,-38161133932.39452,-38172647905.453285,-38172979059.56366,-38161217584.1559,-38136407828.03223,-38097552787.59233,-38468733297.43088,-38334059723.59676,-38182547880.54912,-38013870287.68834,-37827864008.54904,-37624571038.56627,-41251073454.30448,-41149701504.810455,-41004905490.13197,-40812042606.42744,-40566066834.40581,-35679812668.36586,-35483956601.500656,-35227766789.45009,-34904871560.276695,-34509018040.58144,-28097150104.34004,-27921299014.55374,-27639140719.08181,-27227655551.12262,-26661343618.29196,-23611002924.66462,-22752112413.7352,-21601121323.91297,-20136901770.259197,-18356016311.15633,-19295592892.56723,-14182501178.147104,-6498998637.488271,0.0
707.5,-21140334238.982887,-21170756715.96245,-21201311118.511314,-21231998373.3379,-21262819415.959423,-21293775190.80413,-21324866651.31513,-21356094760.05538,-21387460488.814125,-21418964818.714737,-21450608740.323902,-21482393253.762325,-21514319368.81673,-21546388105.05353,-21578600491.93373,-21610957568.92956,-21643460385.64245,-21676110001.92264,-21708907487.990307,-21741853924.55828,-21774950402.9563,-21808198025.256905,-21841597904.40306,-21875151164.33724,-21908858940.132275,-21942722378.123978,-21976742636.045265,-22010920883.16214,-22045258300.41148,-22079756080.540363,-22114415428.24741,-22149237560.32576,-22184223705.807976,-22219375106.112705,-22254693015.193253,-22290178699.687912,-22325833439.072376,-22361658525.81393,-22397655265.52751,-22433824977.13389,-22470168993.01964,-22506688659.199173,-22543385335.478737,-22580260395.622444,-22617315227.52024,-22654551233.35809,-22691969829.789906,-22729572448.11192,-22767360534.43881,-22805335549.88207,-22843498970.73043,-22881852288.632458,-22920397010.78111,-22959134660.10065,-22998066775.435394,-23037194911.74094,-23076520640.27722,-23116045548.80387,-23155771241.77779,-23195699340.55268,-23235831483.58078,-23276169326.616936,-23316714542.92455,-23357468823.483696,-23398433877.201515,-23439611431.12463,-23481003230.65357,-23522611039.759384,-23564436641.202263,-23606481836.752205,-23648748447.4117,-23691238313.64039,-23733953295.58167,-23776895273.29111,-23820066146.96705,-23863467837.18256,-23907102285.1196,-23950971452.804703,-23995077323.34627,-24039421901.17366,-24084007212.27761,-24128835304.452274,-24173908247.53846,-24219228133.668407,-24264797077.5114,-24310617216.520844,-24356690711.182007,-24403019745.26082,-24449606526.05328,-24496453284.63545,-24543562276.11402,-24590935779.876915,-24638576099.84421,-24686485564.718964,-24734666528.23752,-24783121369.41968,-24831852492.817947,-24880862328.765858,-24930153333.625164,-24979727990.03157,-25029588807.138493,-25079738320.85904,-25130179094.105503,-25180913717.02593,-25231944807.23784,-25283275010.058205,-25334906998.72964,-25386843474.6422,-25439087167.550163,-25491640835.78365,-25544507266.45421,-25597689275.65399,-25651189708.647846,-25705011440.05756,-25759157374.037964,-25813630444.44359,-25868433614.985603,-25923569879.378044,-25979042261.47225,-26034853815.37906,-26091007625.57734,-26147506807.00789,-26204354505.151978,-26261553896.092903,-26319108186.55944,-26377020613.95008,-26435294446.33648,-26493932982.44455,-26552939551.6119,-26612317513.719666,-26672070259.097176,-26732201208.39745,-26792713812.441536,-26853611552.029823,-26914897937.717503,-26976576509.55262,-27038650836.773285,-27101124517.46231,-27164001178.155464,-27227284473.401165,-27290978085.26781,-27355085722.79577,-27419611121.38994,-27484558042.149616,-27549930271.131187,-27615731618.53925,-27681965917.84204,-27748637024.805782,-27815748816.443043,-27883305189.86945,-27951310061.063,-28019767363.51971,-28088681046.798847,-28158055074.951008,-28227893424.821136,-28298200084.21881,-28368979049.94744,-28440234325.68269,-28511969919.691483,-28584189842.38066,-28656898103.664547,-28730098710.14004,-28803795662.05688,-28877992950.06958,-28952694551.757565,-29027904427.8982,-29103626518.47682,-29179864738.41721,-29256622973.01382,-29333905073.04693,-29411714849.56019,-29490056068.277924,-29568932443.6398,-29648347632.426872,-29728305226.95294,-29808808747.79218,-29889861636.012985,-29971467244.885258,-30053628831.025925,-30136349544.94615,-30219632420.9598,-30303480366.41068,-30387896150.17298,-30472882390.376102,-30558441541.301346,-30644575879.39461,-30731287488.3351,-30818578243.09552,-30906449792.92501,-30994903543.18056,-31083940635.92791,-31173561929.22664,-31263767975.00788,-31354558995.44698,-31445934857.72538,-31537895047.06872,-31630438637.939423,-31723564263.253136,-31817270081.478256,-31911553741.46759,-32006412344.859024,-32101842405.87057,-32197839808.30088,-32294399759.532192,-32391516741.317528,-32489184457.1157,-32587395775.720634,-32686142670.911102,-32785416156.825325,-32885206218.74205,-32985501738.92431,-33086290417.1549,-33187558685.56308,-33289291617.310127,-33391472828.667,-33494084373.97939,-33597106632.975792,-33700518189.82975,-33804295703.34013,-33908413767.542606,-34012844762.009007,-34117558691.032684,-34222523010.83217,-34327702443.836166,-34433058779.0379,-34538550657.3254,-34644133340.60727,-34749758463.460045,-34855373765.922874,-34960922805.95752,-35066344649.97794,-35171573539.730865,-35276538533.68021,-35381163120.91131,-35485364805.42822,-35589054658.567024,-35692136837.09391,-35794508064.39761,-35896057072.025536,-35996663998.652336,-36096199743.41477,-36194525270.39937,-36291490860.93871,-36386935310.263466,-36480685064.98335,-36572553297.84168,-36662338916.22396,-36749825501.02164,-36834780172.68161,-36916952381.6497,-36996072620.97692,-37071851059.65903,-37143976096.38322,-37212112834.84551,-37275901483.77271,-37334955687.36319,-37388860795.192924,-37437172084.90852,-37479412956.460655,-37515073123.490814,-37543606836.07988,-37564431179.76984,-37576924508.99294,-37580425089.24916,-37574230042.04511,-37557594710.20248,-37529732589.02388,-37489816001.06783,-37436977728.55827,-37370313856.44562,-37288888118.00748,-37175860574.66611,-37004436731.15498,-36817188371.315865,-36613893831.26408,-36394443972.62549,-36158852862.91012,-40566306608.28624,-40389015792.29279,-40166284164.192696,-39893327708.13256,-39564916331.746574,-34740575318.78259,-34471758956.67331,-34141169953.07634,-33742507900.99794,-33269280833.5261,-27766823252.08261,-27520297119.299744,-27161653878.08454,-26666905419.68869,-26008511910.65728,-22925642189.736786,-21945050498.84164,-20666434543.816048,-19049644250.6038,-17029024060.137436,-16844980783.471012,-11118532275.944225,-3570818465.7710233,0.0
707.0,-21733072676.54166,-21763718140.45104,-21794493102.72312,-21825398442.71635,-21856435047.75661,-21887603813.22296,-21918905642.63452,-21950341447.73819,-21981912148.597404,-22013618673.68188,-22045461959.958298,-22077442952.9822,-22109562606.990566,-22141821884.995823,-22174221758.88044,-22206763209.49292,-22239447226.744648,-22272274809.7079,-22305246966.71474,-22338364715.45722,-22371629083.08835,-22405041106.324463,-22438601831.548355,-22472312314.91381,-22506173622.450867,-22540186830.17248,-22574353024.18213,-22608673300.782543,-22643148766.585472,-22677780538.6227,-22712569744.458,-22747517522.30025,-22782625021.117783,-22817893400.75353,-22853323832.041546,-22888917496.92456,-22924675588.57244,-22960599311.50209,-22996689881.698097,-23032948526.734585,-23069376485.89816,-23105975010.312,-23142745363.060738,-23179688819.31661,-23216806666.46659,-23254100204.24048,-23291570744.84002,-23329219613.06908,-23367048146.464607,-23405057695.42878,-23443249623.361813,-23481625306.795967,-23520186135.53012,-23558933512.76541,-23597868855.24169,-23636993593.374523,-23676309171.393288,-23715817047.47972,-23755518693.90721,-23795415597.18084,-23835509258.177788,-23875801192.28849,-23916292929.558136,-23956986014.82857,-23997882007.880783,-24038982483.57737,-24080289032.00551,-24121803258.61992,-24163526784.386017,-24205461245.922977,-24247608295.64673,-24289969601.912865,-24332546849.159103,-24375341738.04753,-24418355985.60624,-24461591325.37036,-24505049507.522453,-24548732299.0319,-24592641483.79329,-24636778862.7639,-24681146254.099403,-24725745493.28852,-24770578433.28578,-24815646944.642555,-24860952915.635963,-24906498252.39556,-24952284879.0276,-24998314737.7366,-25044589788.94388,-25091112011.403027,-25137883402.3118,-25184905977.420296,-25232181771.135124,-25279712836.61904,-25327501245.88603,-25375549089.89126,-25423858478.61551,-25472431541.14383,-25521270425.73788,-25570377299.90166,-25619754350.439865,-25669403783.508728,-25719327824.658665,-25769528718.868114,-25820008730.56807,-25870770143.656708,-25921815261.5035,-25973146406.94192,-26024765922.250446,-26076676169.120472,-26128879528.611137,-26181378401.08948,-26234175206.15545,-26287272382.55084,-26340672388.050926,-26394377699.3381,-26448390811.8558,-26502714239.6426,-26557350515.144108,-26612302189.00217,-26667571829.819702,-26723162023.89966,-26779075374.95701,-26835314503.80159,-26891882047.9904,-26948780661.447887,-27006013014.051643,-27063581791.18207,-27121489693.23386,-27179739435.08676,-27238333745.53368,-27297275366.66334,-27356567053.19516,-27416211571.76339,-27476211700.147537,-27536570226.44641,-27597289948.19195,-27658373671.40002,-27719824209.55381,-27781644382.516754,-27843837015.370457,-27906404937.17328,-27969350979.635307,-28032677975.70481,-28096388758.060844,-28160486157.507,-28224973001.26029,-28289852111.12936,-28355126301.57532,-28420798377.64877,-28486871132.7957,-28553347346.524406,-28620229781.925995,-28687521183.03911,-28755224272.05062,-28823341746.322063,-28891876275.23206,-28960830496.82368,-29030207014.245342,-29100008391.97317,-29170237151.801933,-29240895768.590443,-29311986665.74771,-29383512210.443447,-29455474708.52721,-29527876399.13837,-29600719448.988472,-29674005946.296432,-29747737894.355217,-29821917204.708206,-29896545689.91115,-29971625055.85469,-30047156893.620483,-30123142670.84236,-30199583722.542107,-30276481241.407475,-30353836267.477654,-30431649677.19966,-30509922171.816147,-30588654265.042915,-30667846269.991405,-30747498285.288635,-30827610180.34349,-30908181579.70549,-30989211846.457653,-31070700064.582016,-31152645020.23143,-31235045181.836708,-31317898678.974567,-31401203279.914284,-31484956367.757984,-31569154915.08104,-31653795456.97477,-31738874062.3846,-31824386303.631325,-31910327223.993195,-31996691303.219524,-32083472420.83613,-32170663817.09332,-32258258051.3964,-32346246958.046856,-32434621599.11011,-32523372214.212105,-32612488167.052647,-32701957888.40781,-32791768815.376823,-32881907326.61077,-32972358673.2411,-33063106905.20505,-33154134792.64172,-33245423742.00925,-33336953706.54657,-33428703090.675182,-33520648647.905777,-33612765371.78245,-33705026379.360664,-33797402786.678787,-33889863575.64092,-33982375451.685707,-34074902691.568253,-34167406980.532127,-34259847238.09404,-34352179431.605576,-34444356376.69473,-34536327523.62365,-34628038728.52756,-34719432008.425835,-34810445278.81534,-34901012072.57222,-34991061238.79866,-35080516620.15824,-35169296707.14447,-35257314267.62631,-35344475949.90815,-35430681857.43507,-35515825093.16441,-35599791271.51643,-35682457995.70946,-35763694298.18404,-35843360041.726295,-35921305278.81961,-35997369566.69045,-36071381235.47563,-36143156606.931335,-36212499161.14331,-36279198648.79043,-36343030146.67974,-36403753054.53038,-36461110031.3551,-36514825870.30714,-36564606311.55609,-36610136793.67498,-36651081145.20882,-36687080219.61531,-36717750478.68761,-36742682531.96871,-36761439642.64009,-36773556214.01435,-36778536275.19345,-36775851989.78377,-36764942217.89143,-36745211169.03493,-36716027192.13632,-36676721758.310326,-36626588702.5161,-36564883800.73592,-36490824769.19006,-36403591779.45149,-36302328585.27731,-36186144348.82097,-36054116228.143005,-35472587246.452484,-35256618860.96556,-35024992438.20907,-34777424026.85635,-34513661634.64894,-34233463887.513565,-39359481407.757545,-39097205328.108,-38786817025.99736,-38423391448.66357,-38001511092.656784,-33346125812.85254,-32992997685.22162,-32575900989.902565,-32088344810.39147,-31523251555.28533,-27087362160.07772,-26757986888.039062,-26310658869.07791,-25720420182.73474,-24957577845.41524,-21936322483.30485,-20834048438.60938,-19429646350.09687,-17664919586.611225,-15422104958.10336,-14244407919.135153,-8312091873.246607,-1261082741.4434235,0.0
706.5,-22284310187.25435,-22314992992.97953,-22345801471.40172,-22376736439.815563,-22407798722.443653,-22438989150.50252,-22470308562.269257,-22501757803.148605,-22533337725.74057,-22565049189.908665,-22596893062.848457,-22628870219.156982,-22660981540.90234,-22693227917.694016,-22725610246.75353,-22758129432.98581,-22790786389.05087,-22823582035.4361,-22856517300.52888,-22889593120.68985,-22922810440.32647,-22956170211.96721,-22989673396.335903,-23023320962.426903,-23057113887.58028,-23091053157.55763,-23125139766.618256,-23159374717.59564,-23193759021.974304,-23228293699.96702,-23262979780.5923,-23297818301.75228,-23332810310.31065,-23367956862.171143,-23403259022.355965,-23438717865.084644,-23474334473.852814,-23510109941.511448,-23546045370.346,-23582141872.155502,-23618400568.332123,-23654822589.94033,-23691409077.796165,-23728161182.5466,-23765080064.74846,-23802166894.947582,-23839422853.7574,-23876849131.937508,-23914446930.47186,-23952217460.646656,-23990161944.12758,-24028281613.036964,-24066577710.03002,-24105051488.37068,-24143704212.006645,-24182537155.64379,-24221551604.81963,-24260748855.975872,-24300130216.53002,-24339697004.94581,-24379450550.802563,-24419392194.8631,-24459523289.14031,-24499845196.962265,-24540359293.03563,-24581066963.50734,-24621969606.024384,-24663068629.79163,-24704365455.627377,-24745861516.0167,-24787558255.16233,-24829457129.03276,-24871559605.407803,-24913867163.92083,-24956381296.09817,-24999103505.395,-25042035307.22746,-25085178229.001373,-25128533810.136528,-25172103602.087013,-25215889168.35673,-25259892084.51045,-25304113938.17948,-25348556329.062145,-25393220868.918583,-25438109181.55954,-25483222902.82881,-25528563680.57904,-25574133174.640427,-25619933056.78204,-25665965010.66529,-25712230731.789062,-25758731927.426125,-25805470316.550484,-25852447629.75481,-25899665609.15792,-25947126008.301228,-25994830592.03409,-26042781136.387115,-26090979428.43302,-26139427266.134003,-26188126458.17559,-26237078823.785625,-26286286192.537743,-26335750404.13897,-26385473308.19987,-26435456763.98729,-26485702640.15757,-26536212814.4706,-26586989173.48248,-26638033612.21664,-26689348033.8116,-26740934349.144665,-26792794476.430084,-26844930340.79032,-26897343873.7992,-26950037012.995544,-27003011701.36537,-27056269886.79143,-27109813521.468647,-27163644561.28282,-27217764965.1516,-27272176694.32532,-27326881711.6459,-27381881980.76117,-27437179465.293125,-27492776127.956856,-27548673929.628304,-27604874828.357685,-27661380778.3264,-27718193728.74364,-27775315622.68032,-27832748395.83695,-27890493975.24145,-27948554277.874123,-28006931209.215294,-28065626661.71188,-28124642513.158768,-28183980624.990173,-28243642840.476566,-28303630982.82215,-28363946853.15737,-28424592228.4215,-28485568859.12872,-28546878467.012184,-28608522742.5392,-28670503342.29075,-28732821886.198105,-28795479954.628944,-28858479085.31468,-28921820770.11076,-28985506451.58058,-29049537519.393738,-29113915306.52824,-29178641085.26648,-29243716062.972824,-29309141377.642105,-29374918093.20512,-29441047194.57861,-29507529582.44526,-29574366067.74868,-29641557365.88762,-29709104090.592583,-29777006747.46694,-29845265727.17361,-29913881298.247684,-29982853599.51317,-30052182632.08193,-30121868250.910347,-30191910155.889145,-30262307882.43868,-30333060791.58182,-30404168059.463684,-30475628666.28632,-30547441384.62404,-30619604767.08297,-30692117133.2667,-30764976556.00621,-30838180846.81127,-30911727540.4962,-30985613878.931107,-31059836793.865864,-31134392888.770668,-31209278419.6342,-31284489274.655205,-31360020952.760666,-31435868540.877945,-31512026689.8846,-31588489589.1538,-31665250939.60817,-31742303925.189182,-31819641182.64236,-31897254769.512978,-31975136130.238464,-32053276060.21744,-32131664667.72584,-32210291333.542656,-32289144668.13825,-32368212466.26746,-32447481658.799973,-32526938261.6076,-32606567321.31665,-32686352857.719646,-32766277802.62622,-32846323934.9181,-32926471811.556263,-33006700694.27031,-33086988471.64221,-33167311576.27453,-33247644896.713192,-33327961683.769966,-33408233450.86556,-33488429867.98739,-33568518648.82632,-33648465430.62739,-33728233646.25516,-33807784387.939632,-33887076262.131424,-33966065234.85373,-34044704466.89657,-34122944138.15293,-34200731260.3474,-34278009477.35695,-34354718852.268784,-34430795640.261826,-34506172046.33819,-34580775966.86631,-34654530713.83068,-34727354720.612625,-34799161228.053856,-34869857949.47938,-34939346713.27937,-35007523081.57071,-35074275943.381096,-35139487080.719604,-35203030705.82243,-35264772967.790344,-35324571426.76872,-35382274493.76397,-35437720834.14642,-35490738732.861694,-35541145419.3669,-35588746350.3309,-35633334448.195206,-35674689293.79671,-35712576271.410034,-35746745664.79746,-35776931703.16339,-35802851556.32445,-35824204278.94086,-35840669704.334045,-35851907289.26736,-35857554912.11775,-35857227628.14633,-35850516387.118484,-35836986720.352646,-35816177406.41722,-35787599127.15162,-35750733128.44681,-35705029903.22691,-35649907917.20679,-35584752401.0462,-35508914235.105415,-35421708954.535706,-35322415901.96014,-35210277551.06177,-35084499014.7711,-34944247733.08517,-34788653302.85028,-34616807357.653305,-34427763319.27827,-33397911391.04805,-33130966870.09929,-32847814176.53308,-32547983731.390747,-32230944567.927704,-31896053687.13648,-37678433359.02474,-37324381146.42164,-36919436167.00092,-36458600403.119125,-35936346845.72241,-31541826279.273552,-31096829770.383896,-30585437622.57396,-30000885597.726303,-29335437260.295403,-26083433271.761,-25662639366.04945,-25118823488.27808,-24426416360.12688,-23554100180.359894,-20681834758.79196,-19465312875.824783,-17948081468.425003,-16059346778.61522,-13648687176.462357,-11709067375.834229,-5965446719.459795,243924429.22701156,0.0
706.0,-22793048551.49925,-22823581087.993248,-22854234079.427773,-22885008266.63325,-22915904396.138386,-22946923220.213272,-22978065496.912792,-23009331990.119736,-23040723469.588245,-23072240710.987083,-23103884495.94294,-23135655612.08368,-23167554853.08168,-23199583018.69689,-23231740914.820004,-23264029353.51533,-23296449153.063805,-23329001138.00554,-23361686139.182453,-23394504993.78057,-23427458545.37207,-23460547643.95724,-23493773146.00592,-23527135914.498924,-23560636818.96873,-23594276735.54027,-23628056546.970787,-23661977142.68968,-23696039418.837646,-23730244278.30536,-23764592630.77146,-23799085392.740234,-23833723487.578247,-23868507845.550583,-23903439403.856205,-23938519106.66248,-23973747905.13892,-24009126757.490032,-24044656628.98706,-24080338491.998894,-24116173326.021645,-24152162117.70728,-24188305860.89091,-24224605556.61676,-24261062213.162827,-24297676846.063995,-24334450478.13372,-24371384139.48392,-24408478867.54333,-24445735707.07392,-24483155710.18541,-24520739936.34789,-24558489452.402027,-24596405332.567497,-24634488658.44858,-24672740519.037663,-24711162010.715885,-24749754237.25124,-24788518309.79367,-24827455346.867256,-24866566474.35915,-24905852825.50521,-24945315540.872257,-24984955768.336525,-25024774663.0583,-25064773387.45272,-25104953111.155987,-25145315010.98764,-25185860270.90776,-25226590081.96957,-25267505642.266903,-25308608156.876297,-25349898837.79352,-25391378903.864346,-25433049580.7091,-25474912100.64082,-25516967702.57678,-25559217631.94294,-25601663140.571026,-25644305486.588093,-25687145934.29779,-25730185754.0534,-25773426222.12201,-25816868620.539528,-25860514236.955948,-25904364364.470657,-25948420301.45714,-25992683351.37672,-26037154822.58062,-26081836028.10013,-26126728285.424072,-26171832916.26313,-26217151246.300224,-26262684604.92666,-26308434324.963097,-26354401742.364624,-26400588195.909565,-26446995026.870773,-26493623578.669003,-26540475196.50744,-26587551226.986305,-26634853017.6969,-26682381916.79424,-26730139272.546646,-26778126432.862152,-26826344744.78987,-26874795553.9956,-26923480204.210453,-26972400036.651085,-27021556389.410297,-27070950596.8166,-27120583988.761536,-27170457889.99295,-27220573619.37276,-27270932489.097458,-27321535803.880062,-27372384860.09095,-27423480944.856365,-27474825335.112137,-27526419296.61089,-27578264082.880257,-27630360934.129745,-27682711076.104294,-27735315718.881424,-27788176055.60969,-27841293261.18548,-27894668490.86529,-27948302878.81041,-28002197536.560585,-28056353551.433723,-28110771984.847427,-28165453870.559227,-28220400212.821133,-28275611984.44458,-28331090124.77132,-28386835537.545822,-28442849088.6841,-28499131603.93423,-28555683866.422897,-28612506614.082703,-28669600536.954018,-28726966274.355427,-28784604411.916027,-28842515478.46287,-28900699942.75624,-28959158210.06492,-29017890618.57389,-29076897435.61548,-29136178853.71528,-29195734986.44348,-29255565864.06138,-29315671428.953136,-29376051530.83101,-29436705921.70308,-29497634250.59088,-29558836057.98382,-29620310770.01692,-29682057692.357475,-29744076003.78493,-29806364749.44841,-29868922833.78425,-29931749013.07615,-29994841887.63825,-30058199893.601448,-30121821294.2815,-30185704171.1063,-30249846414.078674,-30314245711.74925,-30378899540.67284,-30443805154.32,-30508959571.41394,-30574359563.660866,-30640001642.84023,-30705882047.219505,-30771996727.25522,-30838341330.54076,-30904911185.958225,-30971701286.989426,-31038706274.137924,-31105920416.41207,-31173337591.81452,-31240951266.7816,-31308754474.511555,-31376739792.11733,-31444899316.53548,-31513224639.11808,-31581706818.830853,-31650336353.974533,-31719103152.342754,-31787996499.722404,-31857005026.6388,-31926116673.238663,-31995318652.20032,-32064597409.5504,-32133938583.260902,-32203326959.490417,-32272746426.325577,-32342179924.869137,-32411609397.51045,-32481015733.20409,-32550378709.570187,-32619676931.6183,-32688887766.882767,-32757987276.744324,-32826950143.69676,-32895749594.30209,-32964357317.560173,-33032743378.40072,-33100876125.985268,-33168722096.4873,-33236245909.9946,-33303410161.156143,-33370175303.168533,-33436499524.67192,-33502338619.09532,-33567645845.961403,-33632371783.628384,-33696464172.91201,-33759867750.99472,-33822524074.989883,-33884371334.48889,-33945344152.375607,-34005373373.14774,-34064385837.936752,-34122304145.369453,-34179046397.361416,-34234525928.87979,-34288651020.656525,-34341324593.77739,-34392443885.01254,-34441900101.69667,-34489578054.90733,-34535355769.632034,-34579104070.557976,-34620686142.06471,-34659957060.951004,-34696763300.38339,-34730942203.51969,-34762321425.23642,-34790718340.37932,-34815939416.96387,-34837779552.7833,-34856021373.93729,-34870434493.88597,-34880774731.762764,-34886783288.8568,-34888185882.40794,-34884691836.15524,-34875993127.45084,-34861763391.20773,-34841656881.49781,-34815307392.26735,-34782327139.38954,-34742305607.13124,-34694808363.05656,-34639375846.40082,-34575522135.97005,-34502733704.57034,-34420468167.70905,-34328153034.622345,-34225184469.246964,-34110926067.08437,-33984707650.29078,-33845824076.72761,-33693534047.613884,-33527058880.66228,-33345581188.02993,-33148243356.60363,-32934145665.685623,-32702343784.971603,-32451845260.913605,-30997895046.912712,-30675439359.56057,-30335721935.752777,-29978020936.46096,-29601463292.88066,-29204951784.64444,-35577834592.25866,-35128563180.13571,-34626012954.969635,-34065238684.465294,-33440756622.25504,-29381556585.178795,-28841487946.07524,-28232968131.29982,-27549065163.85633,-26781585504.42151,-24786191010.176315,-24269501845.73189,-23626315011.064632,-22831155367.0986,-21852204197.044662,-19205395290.6782,-17889173456.078243,-16282238566.281849,-14309756979.778875,-11812945399.374966,-9392761943.559214,-4176679986.8568163,909312751.5168928,0.0
705.5,-23258419005.880123,-23288612675.704018,-23318920207.334923,-23349342251.192184,-23379879461.98376,-23410532498.723694,-23441302024.74934,-23472188707.737823,-23503193219.72212,-23534316237.10652,-23565558440.681355,-23596920515.63749,-23628403151.57961,-23660007042.539253,-23691732886.98688,-23723581387.843163,-23755553252.489693,-23787649192.778496,-23819869925.04096,-23852216170.09564,-23884688653.2552,-23917288104.332176,-23950015257.64393,-23982870852.01621,-24015855630.785675,-24048970341.80116,-24082215737.423683,-24115592574.52507,-24149101614.48521,-24182743623.187805,-24216519371.01463,-24250429632.838192,-24284475188.01269,-24318656820.36325,-24352975318.173347,-24387431474.170326,-24422026085.508926,-24456759953.752754,-24491633884.853622,-24526648689.12865,-24561805181.234886,-24597104180.141792,-24632546509.10077,-24668132995.61243,-24703864471.39086,-24739741772.325104,-24775765738.437546,-24811937213.83935,-24848257046.682423,-24884726089.10826,-24921345197.192856,-24958115230.888363,-24995037053.96073,-25032111533.92328,-25069339541.966194,-25106721952.8818,-25144259644.98509,-25181953500.029846,-25219804403.11968,-25257813242.61403,-25295980910.02893,-25334308299.932247,-25372796309.8331,-25411445840.065475,-25450257793.665565,-25489233076.242462,-25528372595.8425,-25567677262.806187,-25607147989.618164,-25646785690.7494,-25686591282.49155,-25726565682.783047,-25766709811.026787,-25807024587.898613,-25847510935.146896,-25888169775.38214,-25929002031.856724,-25970008628.23423,-26011190488.347607,-26052548535.94636,-26094083694.43177,-26135796886.579697,-26177689034.250893,-26219761058.087715,-26262013877.197247,-26304448408.819626,-26347065567.98184,-26389866267.13528,-26432851415.777603,-26476021920.05703,-26519378682.359463,-26562922600.8768,-26606654569.156425,-26650575475.63031,-26694686203.12373,-26738987628.34188,-26783480621.334194,-26828166044.93507,-26873044754.179832,-26918117595.69546,-26963385407.06436,-27008849016.16065,-27054509240.45721,-27100366886.302795,-27146422748.167484,-27192677607.85544,-27239132233.68348,-27285787379.62384,-27332643784.409824,-27379702170.602776,-27426963243.61821,-27474427690.71013,-27522096179.910973,-27569969358.925896,-27618047853.978603,-27666332268.607742,-27714823182.41046,-27763521149.731827,-27812426698.29704,-27861540327.78427,-27910862508.335632,-27960393679.002712,-28010134246.12514,-28060084581.637848,-28110245021.304543,-28160615862.87419,-28211197364.156395,-28261989741.01279,-28312993165.26011,-28364207762.48102,-28415633609.738724,-28467270733.190777,-28519119105.59743,-28571178643.719803,-28623449205.602707,-28675930587.736923,-28728622522.095016,-28781524673.03524,-28834636634.06696,-28887957924.47129,-28941487985.770325,-28995226178.037216,-29049171776.040268,-29103323965.21273,-29157681837.439934,-29212244386.655342,-29267010504.236053,-29321978974.18813,-29377148468.11166,-29432517539.93481,-29488084620.40559,-29543848011.329315,-29599805879.53969,-29655956250.58982,-29712297002.14968,-29768825857.09532,-29825540376.27445,-29882437950.931988,-29939515794.778763,-29996770935.68525,-30054200206.98114,-30111800238.34108,-30169567446.234764,-30227498023.91995,-30285587930.95384,-30343832882.198826,-30402228336.29553,-30460769483.57596,-30519451233.38718,-30578268200.794456,-30637214692.631203,-30696284692.86115,-30755471847.215885,-30814769447.069214,-30874170412.50736,-30933667274.551395,-30993252156.486263,-31052916754.24774,-31112652315.815933,-31172449619.56035,-31232298951.479736,-31292190081.274742,-31352112237.188946,-31412054079.54924,-31472003672.933624,-31531948456.887894,-31591875215.110405,-31651770043.01749,-31711618313.59747,-31771404641.45562,-31831112844.94583,-31890725906.27919,-31950225929.492195,-32009594096.1502,-32068810618.654564,-32127854691.01243,-32186704436.92092,-32245336855.00705,-32303727761.05471,-32361851727.04084,-32419682016.78937,-32477190518.04187,-32534347670.729435,-32591122391.21736,-32647481992.27988,-32703392098.54631,-32758816557.1442,-32813717343.24705,-32868054460.216423,-32921785834.00805,-32974867201.490776,-33027251992.305862,-33078891203.86948,-33129733269.09764,-33179723916.405983,-33228806021.50949,-33276919450.517616,-33324000893.78989,-33369983689.98497,-33414797639.70128,-33458368808.072952,-33500619315.64679,-33541467116.828056,-33580825765.141804,-33618604164.516403,-33654706305.75182,-33689030987.29281,-33721471519.38195,-33751915410.62332,-33780244035.94267,-33806332284.88642,-33830048189.158367,-33851252528.25298,-33869798412.006344,-33885530838.85253,-33898286228.54481,-33907891928.08191,-33914165689.56573,-33916915118.71887,-33915937092.801785,-33911017146.700027,-33901928826.00104,-33888433005.9515,-33870277175.286304,-33847194684.046745,-33818903954.67069,-33785107655.83482,-33745491838.76996,-33699725036.04888,-33647457323.165,-33588319343.571774,-33521921298.226784,-33447851901.06012,-33365677302.132263,-33274939980.510147,-33175157608.99548,-33065821892.67106,-32946397382.62648,-32816320264.939453,-32674997122.68956,-32521803664.979656,-32356083410.95972,-32177146307.734093,-31984267247.45566,-31776684429.01117,-31553597480.90272,-31314165220.65428,-31057502867.37093,-30782678441.125,-30488707966.24457,-30174548932.450325,-28324395026.637066,-27944200119.79364,-27545454141.34646,-27127177080.616,-26688165948.527542,-26226909623.241814,-33118809801.850304,-32574744863.10611,-31975844861.744743,-31317392805.290184,-30594166057.873608,-26925634559.64373,-26291899692.225323,-25588634293.08525,-24809013962.170555,-23944825797.86306,-23232070260.767265,-22619324605.983444,-21878967810.052864,-20986606985.496246,-19911506508.205936,-17552677503.749924,-16157433082.23198,-14491991171.976255,-12487397696.87935,-10000901589.146732,-7384463553.973381,-2950853025.8752885,844196879.5014176,0.0
705.0,-23679684752.37661,-23709350956.96849,-23739123081.825382,-23769001673.59889,-23798987281.65192,-23829080458.048183,-23859281757.54065,-23889591737.558628,-23920010958.194,-23950539982.186028,-23981179374.905067,-24011929704.33499,-24042791541.05411,-24073765458.215034,-24104852031.522667,-24136051839.21113,-24167365462.01886,-24198793483.16229,-24230336488.307648,-24261995065.54129,-24293769805.33806,-24325661300.527832,-24357670146.26028,-24389796939.9674,-24422042281.32415,-24454406772.20691,-24486891016.64972,-24519495620.79815,-24552221192.860954,-24585068343.05899,-24618037683.571888,-24651129828.48175,-24684345393.714363,-24717684996.97743,-24751149257.695683,-24784738796.943413,-24818454237.373173,-24852296203.14176,-24886265319.832428,-24920362214.373688,-24954587514.954445,-24988941850.935333,-25023425852.756027,-25058040151.83856,-25092785380.486423,-25127662171.77917,-25162671159.46258,-25197812977.83394,-25233088261.62276,-25268497645.86608,-25304041765.77864,-25339721256.61777,-25375536753.54237,-25411488891.46616,-25447578304.90499,-25483805627.81765,-25520171493.44023,-25556676534.11381,-25593321381.10504,-25630106664.41952,-25667033012.60754,-25704101052.56214,-25741311409.30901,-25778664705.78792,-25816161562.62556,-25853802597.899246,-25891588426.891342,-25929519661.833817,-25967596911.64281,-26005820781.64284,-26044191873.27986,-26082710783.82341,-26121378106.0568,-26160194427.955254,-26199160332.35165,-26238276396.588898,-26277543192.159016,-26316961284.328056,-26356531231.74638,-26396253586.043934,-26436128891.40963,-26476157684.15456,-26516340492.25813,-26556677834.896683,-26597170221.95385,-26637818153.51183,-26678622119.32308,-26719582598.261497,-26760700057.752327,-26801974953.17997,-26843407727.272896,-26884998809.464767,-26926748615.230545,-26968657545.39721,-27010725985.427525,-27052954304.676018,-27095342855.616024,-27137891973.03698,-27180601973.209923,-27223473153.02124,-27266505789.071968,-27309700136.74247,-27353056429.22037,-27396574876.490555,-27440255664.28556,-27484098952.99512,-27528104876.53267,-27572273541.157364,-27616605024.249985,-27661099373.04035,-27705756603.28483,-27750576697.891304,-27795559605.48995,-27840705238.94728,-27886013473.82116,-27931484146.754536,-27977117053.80484,-28022911948.70704,-28068868541.067017,-28114986494.482445,-28161265424.588493,-28207704897.0246,-28254304425.319275,-28301063468.6895,-28347981429.75092,-28395057652.134964,-28442291418.00905,-28489681945.495663,-28537228385.98569,-28584929821.34176,-28632785260.98653,-28680793638.87095,-28728953810.3173,-28777264548.731407,-28825724542.17829,-28874332389.81497,-28923086598.174583,-28971985577.29448,-29021027636.68185,-29070210981.10922,-29119533706.23236,-29168993794.022285,-29218589108.00309,-29268317388.2868,-29318176246.395443,-29368163159.861286,-29418275466.594173,-29468510359.00588,-29518864877.879578,-29569335905.972843,-29619920161.341606,-29670614190.37157,-29721414360.503925,-29772316852.64012,-29823317653.2108,-29874412545.892647,-29925597102.956245,-29976866676.227173,-30028216387.64147,-30079641119.3758,-30131135503.531624,-30182693911.351128,-30234310441.942272,-30285978910.488472,-30337692835.91728,-30389445428.000862,-30441229573.860443,-30493037823.844093,-30544862376.746407,-30596695064.33684,-30648527335.16128,-30700350237.57999,-30752154402.00218,-30803930022.276302,-30855666836.192223,-30907354105.04882,-30958980592.23861,-31010534540.79748,-31062003649.865616,-31113375050.001244,-31164635277.28717,-31215770246.16541,-31266765220.931507,-31317604785.81735,-31368272813.58581,-31418752432.55652,-31469025991.97817,-31519075025.65649,-31568880213.74255,-31618421342.58049,-31667677262.507195,-31716625843.49085,-31765243928.487984,-31813507284.391792,-31861390550.43711,-31908867183.91872,-31955909403.072067,-32002488126.95578,-32048572912.165672,-32094131886.20048,-32139131677.28811,-32183537340.46947,-32227312279.726257,-32270418165.92417,-32312814850.331047,-32354460273.45429,-32395310368.92662,-32435318962.153248,-32474437663.41659,-32512615755.116383,-32549800072.80392,-32585934879.6498,-32620961733.96269,-32654819349.35458,-32687443447.12532,-32718766600.413765,-32748718069.63842,-32777223628.72282,-32804205381.57365,-32829581568.250603,-32853266360.236607,-32875169644.18728,-32895196793.505028,-32913248427.05226,-32929220154.28432,-32943002306.049416,-32954479650.26936,-32963531091.68197,-32970029354.79274,-32973840649.152573,-32974824316.047417,-32972832455.659912,-32967709533.73623,-32959291966.773296,-32947407684.724373,-32931875670.21208,-32912505473.237022,-32889096700.37585,-32861438477.4815,-32829308884.92717,-32792474364.48,-32750689096.949314,-32703694349.831062,-32651217794.26477,-32592972790.73369,-32528657643.07158,-32457954820.48963,-32380530147.50051,-32296031961.786537,-32204090240.222107,-32104315693.402885,-31996298829.1231,-31879608985.243065,-31753793332.24066,-31618375845.364662,-31472856245.58676,-31316708907.32821,-31149381728.99032,-30970294959.345284,-30778839968.425182,-30574377945.112213,-30356238494.402344,-30123718094.231457,-29876078353.37792,-29612543986.350243,-29332300385.71019,-29034490623.448746,-28718211646.100204,-28382509336.950047,-28026371994.60273,-27648721609.31896,-25433550946.21141,-24995950519.4445,-24538564293.28625,-24060205208.45603,-23559420677.8086,-23034406646.59291,-30367413013.44748,-29732946851.278152,-29043271289.413982,-28294109419.381367,-27480763194.594875,-24238561026.15912,-23517122046.33909,-22726584871.346573,-21860635571.42949,-20911644697.901115,-21461445910.834656,-20756750904.808723,-19926319030.550224,-18948005007.88705,-17793999476.707336,-15769914674.043575,-14320938461.953476,-12633362551.025331,-10653605892.16894,-8275309211.476259,-5713828170.372288,-2218540393.112743,268185629.90973818,0.0
704.5,-24056242912.798862,-24085194037.56512,-24114241829.69844,-24143386719.447872,-24172629138.0436,-24201969517.65613,-24231408291.35372,-24260945893.05784,-24290582757.497387,-24320319320.160404,-24350156017.244324,-24380093285.604034,-24410131562.698013,-24440271286.53232,-24470512895.602264,-24500856828.832146,-24531303525.512352,-24561853425.234283,-24592506967.822617,-24623264593.2652,-24654126741.64016,-24685093853.04036,-24716166367.49504,-24747344724.88848,-24778629364.875763,-24810020726.79537,-24841519249.578533,-24873125371.65541,-24904839530.857662,-24936662164.31776,-24968593708.364227,-25000634598.4136,-25032785268.85814,-25065046152.949684,-25097417682.679268,-25129900288.652496,-25162494399.960487,-25195200444.0462,-25228018846.566032,-25260950031.246548,-25293994419.736088,-25327152431.45128,-25360424483.41793,-25393810990.10657,-25427312363.262123,-25460929011.72756,-25494661341.261414,-25528509754.34905,-25562474650.00714,-25596556423.58148,-25630755466.5377,-25665072166.244675,-25699506905.750465,-25734060063.55045,-25768732013.34735,-25803523123.80298,-25838433758.281475,-25873464274.583275,-25908615024.67042,-25943886354.38185,-25979278603.138977,-26014792103.641235,-26050427181.550835,-26086184155.166702,-26122063335.08712,-26158065023.86065,-26194189515.62492,-26230437095.732952,-26266808040.366444,-26303302616.135742,-26339921079.66569,-26376663677.16733,-26413530643.99462,-26450522204.18555,-26487638569.98766,-26524879941.36653,-26562246505.49758,-26599738436.23977,-26637355893.59111,-26675099023.125103,-26712967955.40724,-26750962805.39132,-26789083671.7944,-26827330636.449844,-26865703763.63746,-26904203099.39024,-26942828670.776497,-26981580485.15664,-27020458529.41361,-27059462769.15624,-27098593147.894,-27137849586.182663,-27177231980.73941,-27216740203.526413,-27256374100.80162,-27296133492.13558,-27336018169.39297,-27376027895.677666,-27416162404.239525,-27456421397.34205,-27496804545.08885,-27537311484.20788,-27577941816.791176,-27618695108.989243,-27659570889.657253,-27700568648.952377,-27741687836.879284,-27782927861.782646,-27824288088.78376,-27865767838.16008,-27907366383.66429,-27949082950.781624,-27990916714.92205,-28032866799.54541,-28074932274.21647,-28117112152.587288,-28159405390.303783,-28201810882.833595,-28244327463.212074,-28286953899.702885,-28329688893.370247,-28372531075.558285,-28415479005.27487,-28458531166.47502,-28501685965.24013,-28544941726.84907,-28588296692.735783,-28631749017.329582,-28675296764.77257,-28718937905.50952,-28762670312.74433,-28806491758.75798,-28850399911.081608,-28894392328.518867,-28938466457.01109,-28982619625.33808,-29026849040.648384,-29071151783.81059,-29115524804.57877,-29159964916.563248,-29204468791.999,-29249032956.30191,-29293653782.404305,-29338327484.859573,-29383050113.70565,-29427817548.07696,-29472625489.552963,-29517469455.232224,-29562344770.519035,-29607246561.60977,-29652169747.66549,-29697109032.65629,-29742058896.862434,-29787013588.016457,-29831967112.06993,-29876913223.56676,-29921845415.605965,-29966756909.37338,-30011640643.22298,-30056489261.28647,-30101295101.588505,-30146050183.64441,-30190746195.51567,-30235374480.297173,-30279926022.00887,-30324391430.8634,-30368760927.879017,-30413024328.806534,-30457171027.33616,-30501189977.54964,-30545069675.5799,-30588798140.439537,-30632362893.976696,-30675750939.914745,-30718948741.93055,-30761942200.72208,-30804716630.01549,-30847256731.45729,-30889546568.33525,-30931569538.068344,-30973308343.402702,-31014744962.24711,-31055860616.07778,-31096635736.838608,-31137049932.25852,-31177081949.50356,-31216709637.076424,-31255909904.8715,-31294658682.28842,-31332930874.301155,-31370700315.37432,-31407939721.112408,-31444620637.520527,-31480713387.749004,-31516187016.18663,-31551009229.75997,-31585146336.28725,-31618563179.728355,-31651223072.161343,-31683087722.30822,-31714117160.42136,-31744269659.33205,-31773501651.45092,-31801767641.498177,-31829020114.72985,-31855209440.41188,-31880283770.28084,-31904188931.715736,-31926868315.32904,-31948262756.670418,-31968310411.71872,-31986946625.820885,-32004103795.71776,-32019711224.278008,-32033694967.541103,-32045977673.649887,-32056478413.23194,-32065112500.76647,-32071791306.45154,-32076422058.06232,-32078907632.267715,-32079146334.849007,-32077031669.239044,-32072452092.777115,-32065290760.04966,-32055425252.66421,-32042727294.780228,-32027062453.69964,-32008289824.79866,-31986261700.06533,-31960823219.490715,-31931812004.55043,-31899057773.00331,-31862381934.232155,-31821597164.351665,-31776506960.318977,-31726905172.2966,-31672575513.5438,-31613291047.1456,-31548813648.93408,-31478893446.01265,-31403268230.361664,-31321662847.08367,-31233788556.937263,-31139342372.90786,-31038006370.66976,-30929446972.89882,-30813314207.492306,-30689240939.826767,-30556842079.219658,-30415713759.72605,-30265432495.26295,-30105554308.7558,-29935613834.47384,-29755123391.864403,-29563572027.875343,-29360424522.79249,-29145120351.76786,-28917072590.15273,-28675666745.03905,-28420259487.47808,-28150177248.91396,-27864714630.43029,-27563132553.11772,-27244656050.47424,-26908471566.95056,-26553723577.57152,-26179510278.158028,-25784878009.14804,-25368813962.20064,-24930236570.055943,-22384106197.144627,-21892077460.04901,-21379364122.967808,-20844669991.06579,-20286426456.91352,-19702716949.44239,-27392572104.43388,-26675843960.88604,-25904968155.894657,-25076336238.85125,-24186055889.521355,-21386710365.551468,-20587738713.150345,-19722019628.15075,-18784221820.822483,-17767976568.714607,-19517228014.09452,-18728659617.26676,-17819631504.810204,-16771457963.787613,-15561123648.401596,-13902188033.220709,-12427534358.651794,-10756106618.491302,-8857235656.116055,-6674402576.903087,-4362697162.655251,-1859600324.5102816,-544437474.9611502,0.0
704.0,-24387625920.612675,-24415676313.93663,-24443812857.260326,-24472035852.643288,-24500345601.259533,-24528742403.324493,-24557226558.019653,-24585798363.41477,-24614458116.387505,-24643206112.54074,-24672042646.117016,-24700968009.910538,-24729982495.17616,-24759086391.53573,-24788279986.881226,-24817563567.2752,-24846937416.84777,-24876401817.6906,-24905957049.74738,-24935603390.70112,-24965341115.857697,-24995170498.02594,-25025091807.39376,-25055105311.400745,-25085211274.60637,-25115409958.55455,-25145701621.63358,-25176086518.93198,-25206564902.08972,-25237137019.144928,-25267803114.375645,-25298563428.13694,-25329418196.69267,-25360367652.042194,-25391412021.741653,-25422551528.719696,-25453786391.08738,-25485116821.94241,-25516543029.166943,-25548065215.21942,-25579683576.91965,-25611398305.227444,-25643209585.01413,-25675117594.827133,-25707122506.64704,-25739224485.637245,-25771423689.885628,-25803720270.13826,-25836114369.52479,-25868606123.275085,-25901195658.427174,-25933883093.525955,-25966668538.312447,-25999552093.403214,-26032533849.959885,-26065613889.34809,-26098792282.78572,-26132069090.98013,-26165444363.75372,-26198918139.65798,-26232490445.574966,-26266161296.30636,-26299930694.14936,-26333798628.459373,-26367765075.19823,-26401829996.468567,-26435993340.03302,-26470255038.818104,-26504615010.40232,-26539073156.487644,-26573629362.354214,-26608283496.29728,-26643035409.04625,-26677884933.164745,-26712831882.43137,-26747876051.20041,-26783017213.74168,-26818255123.55902,-26853589512.68656,-26889020090.961823,-26924546545.275417,-26960168538.79574,-26995885710.16841,-27031697672.689423,-27067604013.450874,-27103604292.45845,-27139698041.71987,-27175884764.30284,-27212163933.36176,-27248534991.13208,-27284997347.8909,-27321550380.882687,-27358193433.20921,-27394925812.68182,-27431746790.635216,-27468655600.70085,-27505651437.53914,-27542733455.52808,-27579900767.4077,-27617152442.87789,-27654487507.14821,-27691904939.4381,-27729403671.42527,-27766982585.64072,-27804640513.808006,-27842376235.12503,-27880188474.48596,-27918075900.641224,-27956037124.292988,-27994070696.12377,-28032175104.755928,-28070348774.63884,-28108590063.86156,-28146897261.88761,-28185268587.209312,-28223702184.91828,-28262196124.18885,-28300748395.671207,-28339356908.790543,-28378019488.948624,-28416733874.62373,-28455497714.36537,-28494308563.679283,-28533163881.798225,-28572061028.33437,-28610997259.80856,-28649969726.050697,-28688975466.4675,-28728011406.17062,-28767074351.9608,-28806160988.161324,-28845267872.295044,-28884391430.598312,-28923527953.365364,-28962673590.115723,-29001824344.577614,-29040976069.479588,-29080124461.14244,-29119265053.862648,-29158393214.07905,-29197504134.31318,-29236592826.87391,-29275654117.316177,-29314682637.64312,-29353672819.241127,-29392618885.53557,-29431514844.35559,-29470354479.99517,-29509131344.95713,-29547838751.366188,-29586469762.03669,-29625017181.179344,-29663473544.731483,-29701831110.29343,-29740081846.6543,-29778217422.88751,-29816229196.99808,-29854108204.10008,-29891845144.10397,-29929430368.89075,-29966853868.9499,-30004105259.45618,-30041173765.75957,-30078048208.26116,-30114716986.646294,-30151168063.445343,-30187388946.890068,-30223366673.033028,-30259087787.09471,-30294538324.002407,-30329703788.08163,-30364569131.86037,-30399118733.943146,-30433336375.910378,-30467205218.195976,-30500707774.893497,-30533825887.43901,-30566540697.11566,-30598832616.32234,-30630681298.54566,-30662065606.971123,-30692963581.66662,-30723352405.26681,-30753208367.08399,-30782506825.56685,-30811222169.024067,-30839327774.525696,-30866795964.890232,-30893597963.66078,-30919703847.96785,-30945082499.171738,-30969701551.17098,-30993527336.25736,-31016524828.39237,-31038657583.77164,-31059887678.538723,-31080175643.500404,-31099480395.68927,-31117759166.60961,-31134967426.995583,-31151058807.89985,-31165985017.922867,-31179695756.3816,-31192138622.20685,-31203259018.34716,-31213000051.445408,-31221302426.542587,-31228104336.550613,-31233341346.222843,-31236946270.33777,-31238849045.796555,-31238976597.3218,-31237252696.428104,-31233597813.32161,-31227928961.367844,-31220159533.75243,-31210199131.941746,-31197953385.534504,-31183323763.07817,-31166207373.406616,-31146496757.03994,-31124079667.169945,-31098838839.73901,-31070651752.10513,-31039390369.771484,-31004920880.64596,-30967103416.28481,-30925791759.56504,-30880833038.224125,-30832067403.70086,-30779327694.711903,-30722439085.00188,-30661218714.71416,-30595475304.843792,-30525008754.254868,-30449609718.77241,-30369059171.89515,-30283127946.71926,-30191576258.717705,-30094153209.082264,-29990596268.40872,-29880630740.587646,-29763969206.853508,-29640310950.04156,-29509341359.199783,-29370731314.80069,-29224136554.881264,-29069197022.503098,-28905536194.94796,-28732760395.02726,-28550458084.753708,-28358199141.360096,-28155534115.195824,-27941993468.310863,-27717086791.449303,-27480301995.58815,-27231104471.893333,-26968936210.79909,-26693214866.54374,-26403332747.527943,-26098655704.79325,-25778521880.10109,-25442240260.689774,-25089088968.745712,-24718313188.609367,-24329122602.089703,-23920688159.949192,-23492137963.202923,-23042551958.502804,-22570955064.397,-22076308236.41796,-19235648332.21054,-18694718879.543507,-18132785740.341965,-17548573300.22797,-16940563699.404655,-16306941082.592274,-24263877301.73548,-23476315122.543808,-22637245970.817955,-21743950891.044373,-20793610084.861435,-18436084155.26185,-17573359726.913643,-16648392654.38442,-15657310157.627974,-14595659536.695198,-17443460203.094116,-16582546261.051205,-15610014226.661917,-14511758798.688774,-13271217207.330437,-11991987607.580738,-10520508988.298256,-8902206126.60251,-7133856396.595148,-5214009342.257994,-3279747184.849476,-1729329259.218093,-1333841571.4782543,0.0
703.5,-24673502345.230145,-24700469285.53534,-24727510650.39761,-24754626602.86618,-24781817303.119907,-24809082908.36055,-24836423572.70301,-24863839447.06277,-24891330679.03985,-24918897412.79972,-24946539788.950657,-24974257944.418144,-25002052012.31509,-25029922121.80894,-25057868397.984737,-25085890961.704525,-25113989929.46273,-25142165413.237514,-25170417520.33777,-25198746353.2462,-25227152009.45735,-25255634581.311905,-25284194155.82548,-25312830814.51317,-25341544633.20882,-25370335681.87928,-25399204024.43349,-25428149718.525986,-25457172815.354973,-25486273359.45449,-25515451388.4809,-25544706932.99311,-25574040016.226665,-25603450653.86121,-25632938853.781548,-25662504615.83168,-25692147931.561813,-25721868783.96833,-25751667147.226,-25781542986.41256,-25811496257.225616,-25841526905.69108,-25871634867.863224,-25901820069.51628,-25932082425.826912,-25962421841.04748,-25992838208.169968,-26023331408.57991,-26053901311.70048,-26084547774.626007,-26115270641.744694,-26146069744.35071,-26176944900.2444,-26207895913.32104,-26238922573.14733,-26270024654.5256,-26301201917.04491,-26332454104.61899,-26363780945.01043,-26395182149.340744,-26426657411.58585,-26458206408.05651,-26489828796.86317,-26521524217.364952,-26553292289.601715,-26585132613.70957,-26617044769.31841,-26649028314.9312,-26681082787.284863,-26713207700.691296,-26745402546.358746,-26777666791.69226,-26809999879.572903,-26842401227.614883,-26874870227.39984,-26907406243.687626,-26940008613.602818,-26972676645.79605,-27005409619.579315,-27038206784.034496,-27071067357.0942,-27103990524.593857,-27136975439.29409,-27170021219.872658,-27203126949.88457,-27236291676.689423,-27269514410.344933,-27302794122.465305,-27336129745.043625,-27369520169.236298,-27402964244.109207,-27436460775.343285,-27470008523.89885,-27503606204.63684,-27537252484.895527,-27570945983.021187,-27604685266.851173,-27638468852.147503,-27672295200.97932,-27706162720.05265,-27740069758.985,-27774014608.523285,-27807995498.70312,-27842010596.94684,-27876058006.09858,-27910135762.39375,-27944241833.36081,-27978374115.652653,-28012530432.804985,-28046708532.9194,-28080906086.267822,-28115120682.81574,-28149349829.661182,-28183590948.386307,-28217841372.31815,-28252098343.69529,-28286359010.736893,-28320620424.61029,-28354879536.29354,-28389133193.32849,-28423378136.46065,-28457610996.161293,-28491828289.02715,-28526026414.053207,-28560201648.773582,-28594350145.265244,-28628467926.00944,-28662550879.604897,-28696594756.327507,-28730595163.5298,-28764547560.874416,-28798447255.394608,-28832289396.375008,-28866068970.04546,-28899780794.08036,-28933419511.895657,-28966979586.735428,-29000455295.539337,-29033840722.58185,-29067129752.87454,-29100316065.3208,-29133393125.61354,-29166354178.864803,-29199192241.95618,-29231900095.598568,-29264470276.08892,-29296895066.75122,-29329166489.04853,-29361276293.352005,-29393215949.352432,-29424976636.09876,-29456549231.64804,-29487924302.309807,-29519092091.467216,-29550042507.957253,-29580765113.98984,-29611249112.5868,-29641483334.51876,-29671456224.71833,-29701155828.14656,-29730569775.087906,-29759685265.84893,-29788489054.83377,-29816967433.968384,-29845106215.44458,-29872890713.75297,-29900305726.972507,-29927335517.283195,-29953963790.66623,-29980173675.754395,-30005947701.79397,-30031267775.67687,-30056115158.00021,-30080470438.108147,-30104313508.068733,-30127623535.53566,-30150378935.443184,-30172557340.47915,-30194135570.278267,-30215089599.275745,-30235394523.156902,-30255024523.837032,-30273952832.90023,-30292151693.424786,-30309592320.116444,-30326244857.66928,-30342078337.26825,-30357060631.143703,-30371158405.08373,-30384337068.80503,-30396560724.078693,-30407792110.50104,-30417992548.794937,-30427121881.521404,-30435138411.07409,-30441998834.824364,-30447658177.277046,-30452069719.09059,-30455184922.807663,-30456953355.13514,-30457322605.604263,-30456238201.43375,-30453643518.40982,-30449479687.58884,-30443685497.61843,-30436197292.46411,-30426948864.31788,-30415871341.45614,-30402893070.80328,-30387939494.946514,-30370933023.33744,-30351792897.404205,-30330435049.28705,-30306771953.899345,-30280712474.00389,-30252161697.984665,-30221020769.98173,-30187186712.04738,-30150552237.97082,-30111005558.40945,-30068430176.955643,-30022704676.760235,-29973702497.32741,-29921291701.090324,-29865334729.373886,-29805688147.349857,-29742202377.59106,-29674721421.836224,-29603082570.58491,-29527116100.154453,-29446644956.848003,-29361484427.90441,-29271441798.92993,-29176315997.54632,-29075897223.03251,-28969966561.78807,-28858295588.506165,-28740645953.01299,-28616768952.80935,-28486405091.43969,-28349283622.91188,-28205122082.50008,-28053625804.37716,-27894487426.64524,-27727386384.45272,-27551988392.004784,-27367944914.37603,-27174892630.114,-26972452885.65884,-26760231142.57964,-26537816418.510147,-26304780722.41779,-26060678484.41055,-25805045979.605003,-25537400744.565453,-25257240983.360245,-24964044958.227325,-24657270357.013027,-24336353625.713886,-24000709249.321404,-23649728957.383667,-23282780821.813484,-22899208202.954346,-22498328485.132084,-22079431524.141342,-21641777705.53907,-21184595483.41894,-20707078233.78168,-20208380214.24697,-19687611372.86857,-19143830694.648422,-16046859024.00143,-15464851618.211285,-14862284902.691952,-14238047828.471302,-13590850891.040253,-12919196721.63106,-21049437679.26381,-20205126046.82344,-19313551168.68515,-18373073102.59385,-17382166032.765793,-15450234423.446943,-14540347922.183653,-13574920393.7159,-12551953357.472454,-11469454583.005173,-15283983823.027777,-14365018824.578682,-13346734097.51696,-12220507735.041525,-10977477849.134533,-10078100839.143936,-8637577215.506737,-7105280604.60758,-5506504692.548603,-3892115667.617135,-2395842274.06042,-1683534372.7519245,-1914308141.5267763,0.0
703.0,-24913677146.92204,-24939381792.0111,-24965147993.63941,-24990975766.10153,-25016865118.73827,-25042816055.79537,-25068828576.278507,-25094902673.8046,-25121038336.449127,-25147235546.589684,-25173494280.745304,-25199814509.41172,-25226196196.892178,-25252639301.12417,-25279143773.501144,-25305709558.68998,-25332336594.443542,-25359024811.408302,-25385774132.926872,-25412584474.835403,-25439455745.255665,-25466387844.38169,-25493380664.26053,-25520434088.567574,-25547547992.375607,-25574722241.917915,-25601956694.345108,-25629251197.475266,-25656605589.53768,-25684019698.90958,-25711493343.845856,-25739026332.2016,-25766618461.14713,-25794269516.87526,-25821979274.30098,-25849747496.752674,-25877573935.65515,-25905458330.20427,-25933400407.032265,-25961399879.8645,-25989456449.166428,-26017569801.78129,-26045739610.55753,-26073965533.96631,-26102247215.708363,-26130584284.309982,-26158976352.708115,-26187423017.82363,-26215923860.12304,-26244478443.16803,-26273086313.152267,-26301746998.42565,-26330460009.00482,-26359224836.070465,-26388040951.450035,-26416907807.08629,-26445824834.490795,-26474791444.1817,-26503807025.10605,-26532870944.045364,-26561982545.00452,-26591141148.58292,-26620346051.328243,-26649596525.071045,-26678891816.24066,-26708231145.16144,-26737613705.32833,-26767038662.66196,-26796505154.741776,-26826012290.01709,-26855559146.99505,-26885144773.40496,-26914768185.33804,-26944428366.36204,-26974124266.609734,-27003854801.840435,-27033618852.47391,-27063415262.59557,-27093242838.931946,-27123100349.79584,-27152986523.999657,-27182900049.736523,-27212839573.4272,-27242803698.53288,-27272790984.331604,-27302799944.65783,-27332829046.60352,-27362876709.17976,-27392941301.937366,-27423021143.545223,-27453114500.3249,-27483219584.74009,-27513334553.83924,-27543457507.650017,-27573586487.523624,-27603719474.42765,-27633854387.185303,-27663989080.659508,-27694121343.879726,-27724248898.10962,-27754369394.85355,-27784480413.79973,-27814579460.697662,-27844663965.16793,-27874731278.44145,-27904778671.026363,-27934803330.299164,-27964802358.01819,-27994772767.75616,-28024711482.24904,-28054615330.65832,-28084481045.74332,-28114305260.94071,-28144084507.34728,-28173815210.603004,-28203493687.67049,-28233116143.506832,-28262678667.624355,-28292177230.53585,-28321607680.07993,-28350965737.622345,-28380246994.128506,-28409446906.10208,-28438560791.38536,-28467583824.81528,-28496511033.73044,-28525337293.32287,-28554057321.829018,-28582665675.55357,-28611156743.71977,-28639524743.13961,-28667763712.69689,-28695867507.635704,-28723829793.6472,-28751644040.7462,-28779303516.92989,-28806801281.60979,-28834130178.80801,-28861282830.10865,-28888251627.354176,-28915028725.07729,-28941606032.656933,-28967975206.18791,-28994127640.052177,-29020054458.179924,-29045746504.98796,-29071194335.98166,-29096388208.00759,-29121318069.141613,-29145973548.198025,-29170343943.8436,-29194418213.300552,-29218184960.62095,-29241632424.51488,-29264748465.71354,-29287520553.84748,-29309935753.82013,-29331980711.654182,-29353641639.789654,-29374904301.80896,-29395753996.56551,-29416175541.689407,-29436153256.44391,-29455670943.904232,-29474711872.42945,-29493258756.39672,-29511293736.165337,-29528798357.23732,-29545753548.578705,-29562139600.06498,-29577936139.01168,-29593122105.74927,-29607675728.20082,-29621574495.41653,-29634795130.01967,-29647313559.514427,-29659104886.404747,-29670143357.0704,-29680402329.34433,-29689854238.732063,-29698470563.21193,-29706221786.5512,-29713077360.07085,-29719005662.78746,-29723973959.858635,-29727948359.25396,-29730893766.569595,-29732773837.902107,-29733550930.6913,-29733186052.43901,-29731638807.206112,-29728867339.78454,-29724828277.438087,-29719476669.099136,-29712765921.903988,-29704647734.94477,-29695072030.109108,-29683986879.87371,-29671338431.9126,-29657070830.37316,-29641126133.66842,-29623444228.62638,-29603962740.83119,-29582616940.983658,-29559339647.10241,-29534061122.37876,-29506708968.49269,-29477208014.18863,-29445480198.90393,-29411444451.23469,-29375016562.016994,-29336109051.794987,-29294631032.439926,-29250488062.678345,-29203581997.281708,-29153810829.66464,-29101068527.63341,-29045244862.02381,-28986225227.963814,-28923890458.495407,-28858116630.290016,-28788774861.19356,-28715731099.340782,-28638845903.58571,-28557974215.0027,-28472965119.22622,-28383661599.412346,-28289900279.62576,-28191511158.48088,-28088317332.89564,-27980134711.853943,-27866771720.114586,-27748028991.856712,-27623699054.310143,-27493566001.48783,-27357405158.21575,-27214982734.744736,-27066055472.329865,-26910370280.274742,-26747663865.06388,-26577662352.34252,-26400080902.65354,-26214623321.99981,-26020981668.46972,-25818835856.33692,-25607853259.221573,-25387688314.06875,-25157982127.85465,-24918362089.05758,-24668441486.013897,-24407819134.293648,-24136079015.15245,-23852789926.90377,-23557505150.664112,-23249762131.295067,-22929082173.423805,-22594970151.079742,-22246914227.630928,-21884385580.20966,-21506838119.53428,-21113708191.800323,-20704414243.9542,-20278356427.012283,-19834916104.02597,-19373455219.78176,-18893315478.520256,-18393817264.327995,-17874258227.431183,-17333911450.338303,-16772023104.047935,-16187809512.089108,-12873860477.861748,-12260500982.270428,-11627898954.645603,-10975248348.68489,-10301654679.289368,-9606135005.9551,-17813942703.609356,-16928876633.789076,-16002300728.870155,-15033790981.596474,-14023265964.316498,-12488445591.806171,-11549872728.84475,-10564507103.92856,-9532526315.516443,-8454761996.14712,-13081221586.899338,-12120471000.51994,-11075790422.533516,-9944626181.321669,-8726511885.998264,-8194850556.168892,-6810390301.125917,-5390795305.875158,-3987606085.07519,-2694776620.527224,-1638140404.409,-1599217933.5307817,-2198355147.764884,0.0
702.5,-25108091363.572155,-25132359676.586296,-25156675609.681,-25181039019.82853,-25205449756.88689,-25229907663.423187,-25254412574.53284,-25278964317.654205,-25303562712.3788,-25328207570.256668,-25352898694.597176,-25377635880.26472,-25402418913.469486,-25427247571.553062,-25452121622.76852,-25477040826.055325,-25502004930.808487,-25527013676.641937,-25552066793.14604,-25577163999.639088,-25602305004.91243,-25627489506.969383,-25652717192.75734,-25677987737.89343,-25703300806.38286,-25728656050.330524,-25754053109.645016,-25779491611.735207,-25804971171.19916,-25830491389.505005,-25856051854.66368,-25881652140.89341,-25907291808.275303,-25932970402.400425,-25958687454.0074,-25984442478.611,-26010234976.120834,-26036064430.45037,-26061930309.115627,-26087832062.823383,-26113769125.04884,-26139740911.601944,-26165746820.18258,-26191786229.923862,-26217858500.923576,-26243962973.763004,-26270098969.01324,-26296265786.72827,-26322462705.92457,-26348688984.046844,-26374943856.41951,-26401226535.68344,-26427536211.21749,-26453872048.54468,-26480233188.72208,-26506618747.714417,-26533027815.750496,-26559459456.662155,-26585912707.20534,-26612386576.362534,-26638880044.625893,-26665392063.26101,-26691921553.55009,-26718467406.014565,-26745028479.6158,-26771603600.93389,-26798191563.32352,-26824791126.04613,-26851401013.37812,-26878019913.693657,-26904646478.521973,-26931279321.57788,-26957917017.764942,-26984558102.150448,-27011201068.91103,-27037844370.2484,-27064486415.27401,-27091125568.861736,-27117760150.467445,-27144388432.914776,-27171008641.145493,-27197618950.93389,-27224217487.563526,-27250802324.46554,-27277371481.817043,-27303922925.098392,-27330454563.60805,-27356964248.93352,-27383449773.377075,-27409908868.334743,-27436339202.626976,-27462738380.779465,-27489103941.252457,-27515433354.61687,-27541724021.67545,-27567973271.526924,-27594178359.57177,-27620336465.45697,-27646444690.95832,-27672500057.797745,-27698499505.393528,-27724439888.54149,-27750317975.024174,-27776130443.14623,-27801873879.19285,-27827544774.80899,-27853139524.296745,-27878654421.82765,-27904085658.56717,-27929429319.708244,-27954681381.41101,-27979837707.64484,-28004894046.92979,-28029846028.97357,-28054689161.20051,-28079418825.16856,-28104030272.87038,-28128518622.914494,-28152878856.58184,-28177105813.753643,-28201194188.705765,-28225138525.764458,-28248933214.81902,-28272572486.68553,-28296050408.316635,-28319360877.851376,-28342497619.49959,-28365454178.254112,-28388223914.42515,-28410799997.98953,-28433175402.74813,-28455342900.284588,-28477295053.717007,-28499024211.236,-28520522499.41964,-28541781816.3179,-28562793824.297127,-28583549942.6357,-28604041339.86108,-28624258925.81831,-28644193343.45968,-28663834960.34463,-28683173859.83845,-28702199831.99843,-28720902364.13441,-28739270631.03196,-28757293484.82377,-28774959444.49612,-28792256685.015327,-28809173026.0596,-28825695920.339783,-28841812441.493107,-28857509271.532463,-28872772687.83294,-28887588549.63762,-28901942284.06224,-28915818871.57865,-28929202830.956,-28942078203.63668,-28954428537.52443,-28966236870.159992,-28977485711.25885,-28988157024.58485,-28998232209.13174,-29007692079.583965,-29016516846.026222,-29024686092.870613,-29032178756.96803,-29038973104.86961,-29045046709.20225,-29050376424.12044,-29054938359.7955,-29058707855.9006,-29061659454.049377,-29063766869.143044,-29065002959.57879,-29065339696.271706,-29064748130.437943,-29063198360.08652,-29060659495.16388,-29057099621.293045,-29052485762.04644,-29046783839.68932,-29039958634.32716,-29031973741.38806,-29022791527.368336,-29012373083.765354,-29000678179.119736,-28987665209.084816,-28973291144.437725,-28957511476.944,-28940280162.981804,-28921549564.8306,-28901270389.52289,-28879391625.15504,-28855860474.54853,-28830622286.14868,-28803620482.043846,-28774796482.983444,-28744089630.26908,-28711437104.38794,-28676773840.253853,-28640032438.91656,-28601143075.59513,-28560033403.88751,-28516628456.00352,-28470850538.86512,-28422619125.912884,-28371850744.45514,-28318458858.392303,-28262353746.14648,-28203442373.62368,-28141628262.03516,-28076811350.402573,-28008887852.572884,-27937750108.56881,-27863286430.10387,-27785380940.0952,-27703913406.01172,-27618759066.90393,-27529788453.97093,-27436867204.53264,-27339855869.290894,-27238609712.78102,-27132978506.939445,-27022806317.73836,-26907931284.87146,-26788185394.511444,-26663394245.20412,-26533376807.013847,-26397945174.094463,-26256904310.9254,-26110051792.530487,-25957177539.08351,-25798063545.402817,-25632483605.949314,-25460203036.06631,-25280978390.34009,-25094557179.11457,-24900677584.36612,-24699068176.33332,-24489447632.503426,-24271524460.782448,-24044996728.917324,-23809551802.49741,-23564866094.1355,-23310604826.712032,-23046421813.85789,-22771959261.14245,-22486847591.71827,-22190705300.440464,-21883138840.714912,-21563742548.51835,-21232098608.157417,-20887777064.370834,-20530335885.30671,-20159321080.70442,-19774266879.260742,-19374695968.655422,-18960119801.072613,-18530038966.332623,-18083943634.069893,-17621314065.982414,-17141621199.438858,-16644327305.31939,-16128886726.959332,-15594746715.138988,-15041348388.831491,-14468127876.87136,-13874517737.879656,-13259948823.728052,-9768735665.399324,-9135158634.071846,-8484556091.608233,-7816547835.977537,-7130771366.204926,-6426910723.06616,-14617015491.976645,-13708297947.650782,-12765133794.371328,-11788383894.570604,-10779473128.633564,-9604242076.77493,-8656362880.409428,-7672162282.0645075,-6654143721.974828,-5606101051.295949,-10875123263.242708,-9889978617.277712,-8838798258.491968,-7725300683.925867,-6557485141.28404,-6371672782.719487,-5064512368.545322,-3776889681.1447,-2581596466.3027954,-1602273200.5256984,-941547862.038045,-1388555870.0174804,-2177359022.810862,0.0
702.0,-25256821233.55137,-25279484880.05976,-25302181223.97796,-25324909957.65526,-25347670764.11121,-25370463316.823776,-25393287279.512325,-25416142305.915733,-25439028039.56516,-25461944113.55148,-25484890150.287045,-25507865761.26229,-25530870546.79594,-25553904095.77975,-25576965985.41696,-25600055780.95449,-25623173035.408924,-25646317289.28561,-25669488070.291348,-25692684893.039795,-25715907258.75023,-25739154654.938507,-25762426555.10105,-25785722418.39063,-25809041689.2848,-25832383797.24575,-25855748156.372307,-25879134165.042946,-25902541205.550392,-25925968643.72714,-25949415828.56162,-25972882091.805008,-25996366747.56824,-26019869091.909004,-26043388402.40858,-26066923937.73782,-26090474937.212643,-26114040620.338184,-26137620186.341484,-26161212813.69248,-26184817659.612823,-26208433859.5724,-26232060526.77293,-26255696751.61848,-26279341601.17261,-26302994118.6014,-26326653322.602425,-26350318206.81896,-26373987739.239105,-26397660861.579533,-26421336488.65291,-26445013507.719498,-26468690777.821377,-26492367129.09952,-26516041362.093044,-26539712247.01998,-26563378523.039257,-26587038897.49315,-26610692045.129738,-26634336607.304874,-26657971191.162743,-26681594368.794792,-26705204676.376137,-26728800613.278843,-26752380641.1613,-26775943183.033382,-26799486622.296047,-26823009301.755028,-26846509522.607937,-26869985543.403576,-26893435578.97296,-26916857799.33096,-26940250328.54812,-26963611243.590908,-26986938573.13049,-27010230296.318123,-27033484341.52672,-27056698585.057503,-27079870849.810272,-27102998903.91665,-27126080459.334824,-27149113170.40481,-27172094632.36279,-27195022379.81351,-27217893885.15905,-27240706556.983032,-27263457738.388515,-27286144705.288315,-27308764664.646,-27331314752.666344,-27353792032.93332,-27376193494.49403,-27398516049.886936,-27420756533.11249,-27442911697.544235,-27464978213.778664,-27486952667.42171,-27508831556.809616,-27530611290.66244,-27552288185.6676,-27573858463.991367,-27595318250.71584,-27616663571.19903,-27637890348.35512,-27658994399.85298,-27679971435.229294,-27700817052.914124,-27721526737.16565,-27742095854.910995,-27762519652.490105,-27782793252.299164,-27802911649.33045,-27822869707.60451,-27842662156.491707,-27862283586.918564,-27881728447.4556,-27900991040.28177,-27920065517.02212,-27938945874.453327,-27957625950.073326,-27976099417.52937,-27994359781.90033,-28012400374.82753,-28030214349.488983,-28047794675.4114,-28065134133.114017,-28082225308.578545,-28099060587.538544,-28115632149.58216,-28131931962.060986,-28147951773.79837,-28163683108.589813,-28179117258.487503,-28194245276.86156,-28209057971.229336,-28223545895.844666,-28237699344.037525,-28251508340.295525,-28264962632.07708,-28278051681.346542,-28290764655.82061,-28303090419.91548,-28315017525.38296,-28326534201.624386,-28337628345.66944,-28348287511.80769,-28358498900.85916,-28368249349.07035,-28377525316.6212,-28386312875.728004,-28394597698.326813,-28402365043.32068,-28409599743.37438,-28416286191.238365,-28422408325.584023,-28427949616.330826,-28432893049.4455,-28437221111.19253,-28440915771.814068,-28443958468.61695,-28446330088.44314,-28448010949.49924,-28448980782.51929,-28449218711.234592,-28448703232.122303,-28447412193.40465,-28445322773.267887,-28442411457.27013,-28438654014.90525,-28434025475.28861,-28428500101.92936,-28422051366.55233,-28414651921.93083,-28406273573.69041,-28396887251.0418,-28386462976.39944,-28374969833.84047,-28362375936.356964,-28348648391.852287,-28333753267.83078,-28317655554.72725,-28300319127.82156,-28281706707.68054,-28261779819.06764,-28240498748.25839,-28217822498.697327,-28193708744.929333,-28168113784.73634,-28140992489.407265,-28112298252.06668,-28081982933.98535,-28049996808.79203,-28016288504.50476,-27980804943.29568,-27943491278.90165,-27904290831.58944,-27863145020.582203,-27819993293.850983,-27774773055.17228,-27727419588.35033,-27677865978.500435,-27626043030.2874,-27571879183.011032,-27515300422.42885,-27456230189.20513,-27394589283.87353,-27330295768.200493,-27263264862.83625,-27193408841.14055,-27120636919.071445,-27044855141.02745,-26965966261.53609,-26883869622.68595,-26798461027.204163,-26709632607.08861,-26617272687.711327,-26521265647.32038,-26421491771.87952,-26317827105.199497,-26210143294.33197,-26098307430.217827,-25982181883.6052,-25861624136.28061,-25736486607.68856,-25606616477.05272,-25471855501.153805,-25332039827.969536,-25186999806.437004,-25036559792.6626,-24880537952.976868,-24718746064.314644,-24550989312.493088,-24377066089.06653,-24196767787.55469,-24009878599.973827,-23816175314.7498,-23615427117.257942,-23407395394.42104,-23191833545.00251,-22968486797.462013,-22737092037.493984,-22497377647.65018,-22249063361.755795,-21991860137.167866,-21725470048.295635,-21449586205.20848,-21163892701.59852,-20868064596.84607,-20561767937.45721,-20244659823.71004,-19916388527.960423,-19576593671.729248,-19224906469.427902,-18860950047.39327,-18484339847.81992,-18094684128.229218,-17691584568.357235,-17274636997.85498,-16843432260.099297,-16397557229.891958,-15936596006.152803,-15460131305.29281,-14967746087.37787,-14459025456.335424,-13933558888.573702,-13390942863.316805,-12830783995.34824,-12252702810.50651,-11656338361.628092,-11041353965.434193,-10407444460.091478,-6778285229.372466,-6136477162.145483,-5480709592.554796,-4811116746.966879,-4127961461.0456834,-3431689134.457971,-11511910546.30327,-10596948691.366056,-9655626298.519163,-8690081906.65102,-7703212618.939908,-6844263832.291782,-5906398297.638612,-4943944577.028538,-3961711118.939225,-2966352910.413011,-8702303045.206505,-7710446864.255756,-6672200726.931462,-5597358568.150685,-4501836689.8693495,-4632999093.180577,-3419768925.439675,-2275605070.7981763,-1287766035.5813465,-594592271.5810153,-256674034.57507706,-1005289122.8840675,-1878593052.2212512,0.0
701.5,-25360076762.006485,-25380973972.936954,-25401888062.11578,-25422818551.31396,-25443764950.725777,-25464726758.72185,-25485703461.59649,-25506694533.30948,-25527699435.22181,-25548717615.825462,-25569748510.467125,-25590791541.065323,-25611846115.821304,-25632911628.92318,-25653987460.243134,-25675072975.02793,-25696167523.581905,-25717270440.94275,-25738381046.549965,-25759498643.90511,-25780622520.224594,-25801751946.08402,-25822886175.054344,-25844024443.32936,-25865165969.344494,-25886309953.386555,-25907455577.19416,-25928602003.548843,-25949748375.856293,-25970893817.71754,-25992037432.49012,-26013178302.838448,-26034315490.273663,-26055448034.682056,-26076574953.84238,-26097695242.93142,-26118807874.017445,-26139911795.541428,-26161005931.78563,-26182089182.329155,-26203160421.490093,-26224218497.754154,-26245262233.189007,-26266290422.844204,-26287301834.136368,-26308295206.219,-26329269249.3367,-26350222644.163063,-26371154041.122337,-26392062059.69373,-26412945287.698498,-26433802280.568897,-26454631560.598686,-26475431616.17472,-26496200900.98877,-26516937833.22969,-26537640794.75444,-26558308130.23829,-26578938146.30288,-26599529110.62211,-26620079251.00468,-26640586754.45302,-26661049766.197784,-26681466388.70708,-26701834680.66997,-26722152655.953327,-26742418282.531143,-26762629481.3859,-26782784125.380768,-26802880038.101955,-26822914992.670307,-26842886710.521427,-26862792860.15289,-26882631055.838257,-26902398856.30632,-26922093763.384827,-26941713220.607697,-26961254611.784225,-26980715259.52972,-27000092423.75582,-27019383300.119823,-27038585018.4314,-27057694641.015182,-27076709161.02894,-27095625500.734444,-27114440509.720955,-27133150963.07893,-27151753559.52302,-27170244919.46236,-27188621583.016693,-27206880007.97681,-27225016567.70716,-27243027548.9892,-27260909149.80337,-27278657477.047947,-27296268544.19256,-27313738268.864456,-27331062470.3654,-27348236867.116848,-27365257074.03116,-27382118599.80645,-27398816844.14281,-27415347094.876987,-27431704525.03319,-27447884189.7872,-27463881023.340733,-27479689835.70373,-27495305309.380653,-27510721995.95837,-27525934312.592224,-27540936538.38645,-27555722810.66613,-27570287121.13641,-27584623311.925743,-27598725071.50888,-27612585930.5058,-27626199257.35224,-27639558253.83756,-27652655950.505325,-27665485201.912155,-27678038681.73977,-27690308877.75518,-27702288086.6141,-27713968408.501827,-27725341741.60601,-27736399776.41589,-27747133989.84129,-27757535639.145588,-27767595755.686108,-27777305138.454712,-27786654347.412304,-27795633696.609207,-27804233247.084385,-27812442799.53534,-27820251886.75072,-27827649765.79683,-27834625409.949867,-27841167500.36385,-27847264417.46551,-27852904232.065952,-27858074696.178715,-27862763233.53377,-27866956929.776382,-27870642522.339188,-27873806389.97557,-27876434541.942028,-27878512606.81655,-27880025820.939407,-27880959016.4627,-27881296608.99409,-27881022584.81945,-27880120487.688843,-27878573405.14996,-27876363954.41136,-27873474267.71858,-27869885977.22438,-27865580199.33453,-27860537518.50889,-27854737970.49785,-27848161024.992165,-27840785567.66456,-27832589881.57968,-27823551627.948666,-27813647826.203342,-27802854833.364174,-27791148322.67525,-27778503261.47829,-27764893888.296703,-27750293689.09954,-27734675372.714382,-27718010845.35633,-27700271184.23973,-27681426610.23752,-27661446459.55213,-27640299154.360176,-27617952172.39204,-27594372015.40597,-27569524176.51504,-27543373106.32303,-27515882177.82514,-27487013650.02657,-27456728630.231045,-27424987034.949963,-27391747549.380554,-27356967585.400227,-27320603238.02274,-27282609240.25986,-27242938916.33038,-27201544133.157394,-27158375250.09249,-27113381066.80377,-27066508769.26408,-27017703873.773026,-26966910168.946026,-26914069655.60167,-26859122484.4779,-26802006891.7064,-26742659131.973385,-26681013409.29508,-26617001805.33511,-26550554205.191555,-26481598220.580925,-26410059110.348064,-26335859698.231247,-26258920287.813644,-26179158574.59501,-26096489555.12004,-26010825433.10392,-25922075522.500065,-25830146147.46117,-25734940539.15157,-25636358729.37696,-25534297441.00772,-25428649975.18373,-25319306095.30157,-25206151907.80133,-25089069739.788044,-24967938013.54405,-24842631118.01232,-24713019277.35877,-24578968416.75307,-24440340025.54319,-24296991018.04024,-24148773592.176468,-23995535086.351788,-23837117834.84428,-23673359022.22668,-23504090537.30769,-23329138827.20175,-23148324752.227463,-22961463442.4427,-22768364156.746304,-22568830145.61132,-22362658518.66795,-22149640118.52401,-21929559402.40145,-21702194333.379684,-21467316283.27416,-21224689949.441944,-20974073288.10241,-20715217467.086765,-20447866841.298,-20171758954.567623,-19886624572.05009,-19592187747.79966,-19288165932.739784,-18974270128.86452,-18650205096.219795,-18315669620.00909,-17970356846.06956,-17613954693.992706,-17246146358.343655,-16866610909.80253,-16475024009.657476,-16071058752.98994,-15654386658.196394,-15224678823.314651,-14781607273.137096,-14324846525.536827,-13854075411.136642,-13368979187.872946,-12869252001.785728,-12354599758.383118,-11824743486.415592,-11279423299.544302,-10718403093.556976,-10141476160.71156,-9548471962.941608,-8939264388.156965,-8313781927.077465,-7672020363.276487,-3943065975.169279,-3305287851.2471104,-2657344105.605964,-1999931489.413248,-1333979879.677765,-660725137.979145,-8544581637.8342495,-7640331330.443852,-6718480977.4045725,-5782363110.052675,-4836219598.990865,-4247526937.906972,-3338050411.0230813,-2416428492.986963,-1489584806.2431984,-566709333.2243929,-6595384884.921208,-5614017897.058159,-4606806129.506443,-3589044497.348668,-2583474599.3408656,-2998389544.274392,-1890853781.6106083,-894286285.1676407,-102909473.7710185,344412992.7973795,446008816.6226976,-444034941.62076783,-1332605063.3699403,0.0
701.0,-25418199740.82749,-25437176136.19022,-25456152790.7026,-25475129051.01418,-25494104249.94308,-25513077706.194748,-25532048724.074547,-25551016593.19396,-25569980588.17028,-25588939968.319744,-25607893977.34377,-25626841843.008205,-25645782776.81549,-25664715973.669365,-25683640611.53225,-25702555851.074745,-25721460835.317265,-25740354689.263767,-25759236519.52696,-25778105413.945103,-25796960441.190163,-25815800650.366898,-25834625070.60297,-25853432710.62956,-25872222558.35225,-25890993580.412308,-25909744721.73773,-25928474905.083687,-25947183030.56272,-25965867975.163704,-25984528592.25986,-26003163711.105022,-26021772136.31835,-26040352647.356808,-26058903997.975258,-26077424915.674007,-26095914101.133,-26114370227.6328,-26132791940.46184,-26151177856.309406,-26169526562.644245,-26187836617.07836,-26206106546.715256,-26224334847.482983,-26242519983.450584,-26260660386.12829,-26278754453.75084,-26296800550.543102,-26314797005.96796,-26332742113.955875,-26350634132.11544,-26368471280.92459,-26386251742.901947,-26403973661.757664,-26421635141.523125,-26439234245.659286,-26456768996.14264,-26474237372.52831,-26491637310.98992,-26508966703.33508,-26526223395.99645,-26543405188.99689,-26560509834.888947,-26577535037.666862,-26594478451.65141,-26611337680.345898,-26628110275.26321,-26644793734.72246,-26661385502.61489,-26677882967.1378,-26694283459.49582,-26710584252.5684,-26726782559.54264,-26742875532.51046,-26758860261.02908,-26774733770.64364,-26790493021.37096,-26806134906.143364,-26821656249.21118,-26837053804.502827,-26852324253.941387,-26867464205.716022,-26882470192.50728,-26897338669.664505,-26912066013.334408,-26926648518.538845,-26941082397.200592,-26955363776.115566,-26969488694.869465,-26983453103.69794,-26997252861.28743,-27010883732.516224,-27024341386.13252,-27037621392.368805,-27050719220.4897,-27063630236.27159,-27076349699.411945,-27088872760.866127,-27101194460.109272,-27113309722.321075,-27125213355.491,-27136900047.44154,-27148364362.76669,-27159600739.68313,-27170603486.79147,-27181366779.74435,-27191884657.818825,-27202151020.38972,-27212159623.30077,-27221904075.130512,-27231377833.34926,-27240574200.363804,-27249486319.446102,-27258107170.54238,-27266429565.95831,-27274446145.916992,-27282149373.984623,-27289531532.36021,-27296584717.02468,-27303300832.74444,-27309671587.92517,-27315688489.310085,-27321342836.51821,-27326625716.417023,-27331527997.32369,-27336040323.029667,-27340153106.642185,-27343856524.236897,-27347140508.314823,-27349994741.05752,-27352408647.373,-27354371387.72592,-27355871850.743896,-27356898645.593178,-27357440094.114853,-27357484222.71409,-27357018753.99334,-27356031098.12116,-27354508343.92697,-27352437249.712566,-27349804233.77056,-27346595364.5992,-27342796350.803337,-27338392530.67046,-27333368861.40997,-27327709908.044605,-27321399831.941254,-27314422378.968464,-27306760867.267742,-27298398174.62463,-27289316725.425808,-27279498477.18695,-27268924906.63681,-27257576995.34116,-27245435214.85039,-27232479511.354164,-27218689289.82473,-27204043397.63171,-27188520107.6085,-27172097100.55154,-27154751447.13145,-27136459589.19573,-27117197320.44084,-27096939766.43132,-27075661363.942554,-27053335839.603542,-27029936187.81374,-27005434647.90951,-26979802680.552395,-26953010943.312305,-26925029265.41688,-26895826621.6378,-26865371105.283577,-26833629900.26747,-26800569252.218582,-26766154438.60241,-26730349737.816868,-26693118397.22852,-26654422600.1127,-26614223431.46028,-26572480842.612755,-26529153614.68678,-26484199320.747475,-26437574286.689915,-26389233550.78641,-26339130821.8572,-26287218436.020485,-26233447311.97804,-26177766904.79094,-26120125158.10033,-26060468454.74733,-25998741565.74568,-25934887597.561203,-25868847937.6519,-25800562198.222515,-25729968158.14872,-25657001703.026043,-25581596763.30033,-25503685250.43815,-25423196991.097008,-25340059659.257847,-25254198706.28593,-25165537288.88861,-25073996194.943447,-24979493767.17565,-24881945824.66857,-24781265582.1988,-24677363567.395245,-24570147535.730827,-24459522383.36598,-24345390057.875626,-24227649466.905216,-24106196384.81749,-23980923357.409924,-23851719604.803173,-23718470922.6247,-23581059581.638367,-23439364226.00021,-23293259770.355312,-23142617296.02817,-22987303946.60238,-22827182823.233795,-22662112880.095062,-22491948820.4115,-22316540993.61561,-22135735294.22467,-21949373063.13168,-21757290992.09621,-21559321032.328625,-21355290308.1819,-21145021037.09964,-20928330457.118423,-20705030763.3908,-20474929055.3824,-20237827296.60508,-19993522288.9826,-19741805664.203968,-19482463894.712967,-19215278327.30548,-18940025242.67142,-18656475944.62415,-18364396883.21653,-18063549816.45504,-17753692015.8986,-17434576522.077614,-17105952456.403624,-16767565397.072372,-16419157827.414097,-16060469666.234354,-15691238890.945316,-15311202265.748884,-14920096188.842588,-14517657674.641476,-14103625489.41978,-13677741461.683254,-13239751992.121902,-12789409792.35096,-12326475887.06874,-11850721921.07425,-11361932821.235258,-10859909874.57003,-10344474297.898716,-9815471393.097754,-9272775406.285482,-8716295241.19354,-8145981219.103215,-7561833133.463371,-6963909921.194551,-6352341370.708857,-5727342416.680824,-5089230743.74959,-1296736248.9854136,-674964916.455226,-47373556.36184406,584774321.6707592,1219893668.0702896,1855993844.5797384,-5753121990.040383,-4875421679.934726,-3989175432.60989,-3098756586.795489,-2209542759.0489445,-1845062591.9557889,-980651931.8733072,-116656752.20775224,738223020.8109674,1572774822.6043744,-4582559213.967841,-3627731973.979763,-2667625028.2478848,-1722142161.4913535,-819345384.2001967,-1482850854.6312208,-488077075.45323086,363044333.67874384,976526619.189032,1224502307.6832628,1175592375.1527472,265992221.86754096,-572305192.9139065,0.0
700.5,-25431661235.453705,-25448570604.08252,-25465462915.498817,-25482337338.15324,-25499193024.42692,-25516029110.31716,-25532844715.116413,-25549638941.084465,-25566410873.113384,-25583159578.385326,-25599884106.02291,-25616583486.73204,-25633256732.436897,-25649902835.90704,-25666520770.37629,-25683109489.153324,-25699667925.223656,-25716194990.84304,-25732689577.121456,-25749150553.59861,-25765576767.809265,-25781967044.839443,-25798320186.872578,-25814634972.72537,-25830910157.37361,-25847144471.46699,-25863336620.833336,-25879485285.971306,-25895589121.532,-25911646755.78855,-25927656790.09372,-25943617798.325363,-25959528326.31884,-25975386891.286804,-25991191981.22549,-26006942054.307407,-26022635538.25996,-26038270829.729847,-26053846293.632584,-26069360262.487057,-26084811035.73437,-26100196879.04108,-26115516023.5858,-26130766665.329285,-26145946964.26737,-26161055043.66596,-26176088989.27836,-26191046848.543736,-26205926629.7666,-26220726301.27679,-26235443790.569305,-26250076983.42357,-26264623723.001465,-26279081808.92372,-26293448996.32392,-26307722994.879658,-26321901467.82003,-26335982030.90924,-26349962251.404907,-26363839646.99148,-26377611684.68694,-26391275779.7228,-26404829294.39656,-26418269536.89553,-26431593760.09166,-26444799160.306248,-26457882876.04392,-26470841986.694782,-26483673511.204124,-26496374406.70873,-26508941567.138504,-26521371821.782906,-26533661933.82105,-26545808598.81432,-26557808443.160355,-26569658022.507885,-26581353820.130497,-26592892245.25868,-26604269631.36899,-26615482234.42865,-26626526231.09479,-26637397716.866814,-26648092704.19039,-26658607120.512024,-26668936806.2824,-26679077512.9072,-26689024900.64385,-26698774536.4426,-26708321891.73014,-26717662340.134468,-26726791155.148624,-26735703507.732136,-26744394463.848,-26752858981.933235,-26761091910.30105,-26769087984.47274,-26776841824.43711,-26784347931.83501,-26791600687.067085,-26798594346.32225,-26805323038.524338,-26811780762.194736,-26817961382.228058,-26823858626.57861,-26829466082.854565,-26834777194.81722,-26839785258.782143,-26844483419.91966,-26848864668.45089,-26852921835.73663,-26856647590.25563,-26860034433.468475,-26863074695.56388,-26865760531.08356,-26868083914.42176,-26870036635.19553,-26871610293.481884,-26872796294.91716,-26873585845.65457,-26873969947.175262,-26873939390.948364,-26873484752.934784,-26872596387.93029,-26871264423.74232,-26869478755.19504,-26867229037.95777,-26864504682.190044,-26861294845.99843,-26857588428.69804,-26853374063.87297,-26848640112.228928,-26843374654.23117,-26837565482.520767,-26831200094.10186,-26824265682.29264,-26816749128.431725,-26808636993.332493,-26799915508.47656,-26790570566.937927,-26780587714.02896,-26769952137.6588,-26758648658.39473,-26746661719.216698,-26733975374.95455,-26720573281.397583,-26706438684.06544,-26691554406.628887,-26675902838.96919,-26659465924.863342,-26642225149.283253,-26624161525.295883,-26605255580.55016,-26585487343.3385,-26564836328.21686,-26543281521.16996,-26520801364.30576,-26497373740.063675,-26472975954.92051,-26447584722.57689,-26421176146.607555,-26393725702.557243,-26365208219.46413,-26335597860.79152,-26304868104.74878,-26272991723.98126,-26239940764.60844,-26205686524.589195,-26170199531.39247,-26133449518.950542,-26095405403.872524,-26056035260.893715,-26015306297.53714,-25973184827.962418,-25929636245.976284,-25884624997.17929,-25838114550.221783,-25790067367.1426,-25740444872.76269,-25689207423.10589,-25636314272.81872,-25581723541.56008,-25525392179.332355,-25467275930.724503,-25407329298.03769,-25345505503.26444,-25281756448.891624,-25216032677.498207,-25148283330.11913,-25078456103.34672,-25006497205.14208,-24932351309.32968,-24855961508.748974,-24777269267.039627,-24696214369.036568,-24612734869.75464,-24526767041.944843,-24438245322.205704,-24347102255.638226,-24253268439.035408,-24156672462.602383,-24057240850.20769,-23954897998.172585,-23849566112.61128,-23741165145.34293,-23629612728.40438,-23514824107.20264,-23396712072.35666,-23275186890.290745,-23150156232.65525,-23021525104.66672,-22889195772.476234,-22753067689.695675,-22613037423.23261,-22468998578.61066,-22320841724.97884,-22168454320.04587,-22011720635.209145,-21850521681.187805,-21684735134.512955,-21514235265.276085,-21338892866.5917,-21158575186.290222,-20973145861.425053,-20782464856.25236,-20586388404.42668,-20384768956.24816,-20177455131.90129,-19964291681.741165,-19745119454.8119,-19519775376.925213,-19288092439.787903,-19049899702.843994,-18805022309.69697,-18553281521.19778,-18294494767.53149,-18028475721.91148,-17755034398.79568,-17473977279.885937,-17185107471.55343,-16888224897.766956,-16583126533.083813,-16269606680.808168,-15947457302.037409,-15616468402.011744,-15276428480.97191,-14927125057.62994,-14568345274.38646,-14199876594.612972,-13821507603.68627,-13433028927.05549,-13034234280.48905,-12624921669.850006,-12204894760.366722,-11773964438.500982,-11331950593.305285,-10878684148.773363,-10414009384.352549,-9937786587.7935,-9449895093.247444,-8950236768.48472,-8438740028.955868,-7915364474.007049,-7380106263.014801,-6833004377.9835,-6274147956.14938,-5703684923.820626,-5121832224.214586,-4528888011.474455,-3925246285.46041,-3311414573.666049,-2688035435.443741,1134286062.2375765,1728863167.926467,2324575812.709784,2919632042.3811293,3511853378.5673847,4098587767.80374,-3167558568.319893,-2330583310.2412186,-1494026216.2864246,-663091872.981473,155977923.37168217,340092828.55029297,1145046518.4960327,1937485259.132382,2707386237.9719143,3442156749.5110483,-2687342965.777414,-1773421505.8162327,-873966693.7102699,-12369048.70888996,779743332.5683889,-97268167.41530418,781854784.7835932,1494497557.709612,1952978012.9720557,2048182851.576256,1923130512.8233304,1070902961.7203422,343506850.94920254,0.0
700.0,-25401058554.47969,-25415763585.32448,-25430433653.36644,-25445067747.28611,-25459664837.497307,-25474223875.80168,-25488743795.03569,-25503223508.71072,-25517661910.644844,-25532057874.587624,-25546410253.836323,-25560717880.844475,-25574979566.8217,-25589194101.325497,-25603360251.84376,-25617476763.36888,-25631542357.96233,-25645555734.310204,-25659515567.26888,-25673420507.401043,-25687269180.501728,-25701060187.113853,-25714792102.03342,-25728463473.80385,-25742072824.19921,-25755618647.69623,-25769099410.93457,-25782513552.16545,-25795859480.68778,-25809135576.27209,-25822340188.571514,-25835471636.5198,-25848528207.715736,-25861508157.794086,-25874409709.782085,-25887231053.44176,-25899970344.597298,-25912625704.44736,-25925195218.86157,-25937676937.66145,-25950068873.8846,-25962369003.032333,-25974575262.300007,-25986685549.789803,-25998697723.70543,-26010609601.52797,-26022418959.173244,-26034123530.12913,-26045721004.573208,-26057209028.469627,-26068585202.64516,-26079847081.843304,-26090992173.756527,-26102017938.035538,-26112921785.275223,-26123701075.976715,-26134353119.484764,-26144875172.89985,-26155264439.96432,-26165518069.92222,-26175633156.351288,-26185606735.96736,-26195435787.39972,-26205117229.93697,-26214647922.24252,-26224024661.038933,-26233244179.76001,-26242303147.170403,-26251198165.95108,-26259925771.25012,-26268482429.197994,-26276864535.38616,-26285068413.307983,-26293090312.760925,-26300926408.20911,-26308572797.104927,-26316025498.16877,-26323280449.62553,-26330333507.39687,-26337180443.247723,-26343816942.886,-26350238604.014355,-26356440934.331985,-26362419349.485764,-26368169170.969063,-26373685623.96646,-26378963835.14318,-26383998830.377617,-26388785532.43519,-26393318758.581825,-26397593218.13563,-26401603509.954502,-26405344119.858284,-26408809417.98333,-26411993656.067467,-26414890964.66349,-26417495350.27916,-26419800692.441154,-26421800740.68124,-26423489111.442142,-26424859284.90066,-26425904601.70581,-26426618259.62941,-26426993310.12608,-26427022654.80105,-26426699041.78165,-26426015061.990707,-26424963145.3183,-26423535556.68916,-26421724392.022327,-26419521574.08001,-26416918848.20217,-26413907777.923485,-26410479740.469093,-26406625922.12529,-26402337313.4818,-26397604704.541,-26392418679.690807,-26386769612.536514,-26380647660.58757,-26374042759.794395,-26366944618.931458,-26359342713.82091,-26351226281.392487,-26342584313.574413,-26333405551.0102,-26323678476.59558,-26313391308.8306,-26302531994.98051,-26291088204.03988,-26279047319.493675,-26266396431.86915,-26253122331.07152,-26239211498.49741,-26224650098.91838,-26209423972.127914,-26193518624.34405,-26176919219.36037,-26159610569.43712,-26141577125.92438,-26122802969.60924,-26103271800.77783,-26082966928.983418,-26061871262.51184,-26039967297.533848,-26017237106.935463,-25993662328.81576,-25969224154.641945,-25943903317.050865,-25917680077.285896,-25890534212.2582,-25862445001.220207,-25833391212.03993,-25803351087.062927,-25772302328.55019,-25740222083.67816,-25707086929.087856,-25672872854.9694,-25637555248.66759,-25601108877.79423,-25563507872.83253,-25524725709.218166,-25484735188.881542,-25443508421.23564,-25401016803.592712,-25357231000.994022,-25312120925.435062,-25265655714.46955,-25217803709.17439,-25168532431.458496,-25117808560.696625,-25065597909.670727,-25011865399.80032,-24956575035.64302,-24899689878.64709,-24841172020.13696,-24780982553.51325,-24719081545.648643,-24655428007.46125,-24589979863.647007,-24522693921.55341,-24453525839.177097,-24382430092.26836,-24309359940.52604,-24234267392.868053,-24157103171.762505,-24077816676.60633,-23996355946.14013,-23912667619.88821,-23826696898.61645,-23738387503.80105,-23647681636.10532,-23554519932.86348,-23458841424.57412,-23360583490.40957,-23259681812.752075,-23156070330.771687,-23049681193.066936,-22940444709.394707,-22828289301.523457,-22713141453.250443,-22594925659.63324,-22473564375.494595,-22348977963.271267,-22221084640.2882,-22089800425.5545,-21955039086.190742,-21816712083.61498,-21674728519.63317,-21528995082.599533,-21379415993.83623,-21225892954.52664,-21068325093.324512,-20906608914.95365,-20740638250.10602,-20570304206.98686,-20395495124.89629,-20216096530.28588,-20031991095.780872,-19843058602.717243,-19649175907.80815,-19450216914.62569,-19246052550.66433,-19036550750.84013,-18821576448.3792,-18600991574.156296,-18374655065.66612,-18142422886.94353,-17904148060.897923,-17659680715.691124,-17408868146.972946,-17151554897.990694,-16887582859.81699,-16616791394.19141,-16339017481.752913,-16054095898.753237,-15761859425.691317,-15462139091.69999,-15154764458.9543,-14839563951.863388,-14516365236.359936,-14184995655.226343,-13845282726.102,-13497054709.61654,-13140141256.006657,-12774374139.61617,-12399588091.877289,-12015621744.753794,-11622318698.230368,-11219528727.305807,-10807109146.144695,-10384926349.639446,-9952857555.72215,-9510792775.46011,-9058637042.421707,-8596312938.196266,-8123763457.537651,-7640955264.685987,-7147882402.398558,-6644570527.599842,-6131081762.982895,-5607520273.1883545,-5074038698.394822,-4530845608.599085,-3978214180.205439,-3416492344.849064,-2846114721.1890955,-2267616716.8024025,-1681651282.9241943,-1089008923.7681046,-490641708.9966068,3330865117.639356,3888274836.529669,4442026366.021243,4989874816.747895,5529151622.239418,6056682189.379003,-809965648.968832,-25820378.71110249,749391714.7972145,1509883245.8841286,2248858685.507534,2292600447.8432474,3026393178.241505,3736554709.452757,4412263464.20846,5040253651.955133,-928525318.3276492,-67807020.48045444,760255853.404666,1530035001.4264011,2208165577.085758,1151125645.7312465,1915124654.579952,2499418393.832378,2827029575.4904923,2811271886.9262514,2666124890.223712,1903729275.033587,1310303659.615848,0.0
699.5,-25327111720.717342,-25339484681.55746,-25351804297.37491,-25364069377.04164,-25376278709.031044,-25388431061.043472,-25400525179.62355,-25412559789.76995,-25424533594.537125,-25436445274.628723,-25448293487.9826,-25460076869.3474,-25471794029.850086,-25483443556.55468,-25495024012.01168,-25506533933.79816,-25517971834.04796,-25529336198.97256,-25540625488.371086,-25551838135.13075,-25562972544.716087,-25574027094.64778,-25585000133.9702,-25595889982.70771,-25606694931.309128,-25617413240.08068,-25628043138.606262,-25638582825.155823,-25649030466.080498,-25659384195.19481,-25669642113.145584,-25679802286.76711,-25689862748.422096,-25699821495.32841,-25709676488.87112,-25719425653.89907,-25729066878.006565,-25738598010.798748,-25748016863.14088,-25757321206.390945,-25766508771.61548,-25775577248.7874,-25784524285.96643,-25793347488.46088,-25802044417.970783,-25810612591.711605,-25819049481.51837,-25827352512.92928,-25835519064.24884,-25843546465.58952,-25851431997.891563,-25859172891.92061,-25866766327.24204,-25874209431.172123,-25881499277.70479,-25888632886.413666,-25895607221.32888,-25902419189.787502,-25909065641.2577,-25915543366.135014,-25921849094.51076,-25927979494.911674,-25933931173.0096,-25939700670.301147,-25945284462.756,-25950678959.43313,-25955880501.064484,-25960885358.60455,-25965689731.74572,-25970289747.397858,-25974681458.13151,-25978860840.58376,-25982823793.825485,-25986566137.689262,-25990083611.05685,-25993371870.10479,-25996426486.50753,-25999242945.596684,-26001816644.4749,-26004142890.08388,-26006216897.2244,-26008033786.52802,-26009588582.377945,-26010876210.778915,-26011891497.17384,-26012629164.206028,-26013083829.42549,-26013250002.937912,-26013122084.99419,-26012694363.51978,-26011961011.58116,-26010916084.788467,-26009553518.63212,-26007867125.75153,-26005850593.13444,-26003497479.244324,-26000801211.07429,-25997755081.12524,-25994352244.306133,-25990585714.75425,-25986448362.572845,-25981932910.484505,-25977031930.39708,-25971737839.880173,-25966042898.54931,-25959939204.35562,-25953418689.777576,-25946473117.912834,-25939094078.466484,-25931272983.6334,-25923001063.87112,-25914269363.56051,-25905068736.550514,-25895389841.58401,-25885223137.60116,-25874558878.916683,-25863387110.26744,-25851697661.72632,-25839480143.478943,-25826723940.45884,-25813418206.836964,-25799551860.3615,-25785113576.54344,-25770091782.68325,-25754474651.73438,-25738250095.99829,-25721405760.64653,-25703929017.06448,-25685806956.01174,-25667026380.59336,-25647573799.03701,-25627435417.26975,-25606597131.28884,-25585044519.32056,-25562762833.76068,-25539736992.89018,-25515951572.35973,-25491390796.43616,-25466038529.003857,-25439878264.314003,-25412893117.47436,-25385065814.67189,-25356378683.12072,-25326813640.72713,-25296352185.463936,-25264975384.44529,-25232663862.69369,-25199397791.5905,-25165156877.00049,-25129920347.06184,-25093666939.63148,-25056374889.376617,-25018021914.50258,-24978585203.106388,-24938041399.146458,-24896366588.017616,-24853536281.720654,-24809525403.615864,-24764308272.74928,-24717858587.740723,-24670149410.221703,-24621153147.81257,-24570841536.626347,-24519185623.288334,-24466155746.45901,-24411721517.8491,-24355851802.7139,-24298514699.816223,-24239677520.844887,-24179306769.278084,-24117368118.67905,-24053826390.413284,-23988645530.775715,-23921788587.517155,-23853217685.759296,-23782894003.288326,-23710777745.217754,-23636828118.01118,-23561003302.85768,-23483260428.3916,-23403555542.7516,-23321843584.97328,-23238078355.712025,-23152212487.293896,-23064197413.094376,-22973983336.246456,-22881519197.68183,-22786752643.511963,-22689629991.757835,-22590096198.44074,-22488094823.05048,-22383567993.41025,-22276456369.962784,-22166699109.506905,-22054233828.418926,-21938996565.400265,-21820921743.797684,-21699942133.552444,-21575988812.84059,-21448991129.47768,-21318876662.17045,-21185571181.709423,-21048998612.20947,-20909080992.518425,-20765738437.92984,-20618889102.35263,-20468449141.10892,-20314332674.552395,-20156451752.72211,-19994716321.27201,-19829034188.94385,-19659310996.88293,-19485450190.128227,-19307352991.64795,-19124918379.3312,-18938043066.392563,-18746621485.6969,-18550545778.566566,-18349705788.694702,-18143989061.85573,-17933280852.178585,-17717464135.830524,-17496419633.049847,-17270025839.566612,-17038159068.560532,-16800693504.428164,-16557501269.766275,-16308452507.1281,-16053415477.274736,-15792256675.826942,-15524840970.425886,-15251031760.736464,-14970691163.876703,-14683680228.13428,-14389859178.140518,-14089087695.015862,-13781225235.384872,-13466131393.588173,-13143666311.898573,-12813691144.089031,-12476068578.30555,-12130663425.883732,-11777343283.52222,-11415979277.105844,-11046446896.473955,-10668626931.577316,-10282406521.784832,-9887680331.624187,-9484351868.00674,-9072334956.04628,-8651555392.996325,-8221952802.675928,-7783482716.126794,-7336118908.262709,-6879856025.085786,-6414712541.838689,-5940734099.47299,-5457997275.332354,-4966613854.342231,-4466735679.720473,-3958560177.840288,-3442336671.089224,-2918373616.2268343,-2387046934.890258,-1848809638.766344,-1304202995.99749,-753869539.2647667,-198568281.4988213,360807415.8736725,923208783.2435216,1487406742.8421326,5280915533.520701,5792725094.160662,6296200707.762448,6788748862.863653,7267344383.755594,7728459224.925425,1305149548.225071,2026689953.1555777,2731542840.144237,3413605592.6232395,4065852792.719801,4004269650.420397,4658096690.486147,5278587488.246698,5854669025.153391,6373107916.565975,679725504.8932085,1477242615.6103363,2226067539.1062,2899603764.959069,3464490456.133923,2258309008.1060057,2910242376.9439783,3377844060.3732586,3597365253.572666,3504504880.326921,3374101849.0869417,2695953612.3802376,2186703310.995795,0.0
699.0,-25210659464.93469,-25220582824.749493,-25230434097.021976,-25240211912.32281,-25249914878.78157,-25259541581.685333,-25269090583.06951,-25278560421.2998,-25287949610.64643,-25297256640.849407,-25306479976.67501,-25315618057.46349,-25324669296.667294,-25333632081.380142,-25342504771.85639,-25351285701.02056,-25359973173.966755,-25368565467.44797,-25377060829.354736,-25385457478.18289,-25393753602.49076,-25401947360.34453,-25410036878.75253,-25418020253.087486,-25425895546.496807,-25433660789.30046,-25441313978.376343,-25448853076.532536,-25456276011.866344,-25463580677.11014,-25470764928.96276,-25477826587.407177,-25484763435.0135,-25491573216.22699,-25498253636.64104,-25504802362.254414,-25511217018.7126,-25517495190.53284,-25523634420.31238,-25529632207.91952,-25535486009.66728,-25541193237.468983,-25546751257.975403,-25552157391.6931,-25557408912.083485,-25562503044.641964,-25567436965.95704,-25572207802.748283,-25576812630.88349,-25581248474.37365,-25585512304.3457,-25589601037.992508,-25593511537.499306,-25597240608.945923,-25600785001.18471,-25604141404.692978,-25607306450.39961,-25610276708.48508,-25613048687.154427,-25615618831.382294,-25617983521.629124,-25620139072.52851,-25622081731.54409,-25623807677.595875,-25625313019.65483,-25626593795.30508,-25627645969.27298,-25628465431.922005,-25629047997.712666,-25629389403.626648,-25629485307.554104,-25629331286.64318,-25628922835.611034,-25628255365.014847,-25627324199.482235,-25626124575.89996,-25624651641.559486,-25622900452.25888,-25620865970.35895,-25618543062.79378,-25615926499.033066,-25613010948.995907,-25609790980.91435,-25606261059.14568,-25602415541.93153,-25598248679.103268,-25593754609.73124,-25588927359.71712,-25583760839.327625,-25578248840.66788,-25572385035.09288,-25566162970.55562,-25559576068.88981,-25552617623.025703,-25545280794.13719,-25537558608.718075,-25529443955.58598,-25520929582.811584,-25512008094.57135,-25502671947.921745,-25492913449.492428,-25482724752.096752,-25472097851.25681,-25461024581.64106,-25449496613.41195,-25437505448.48105,-25425042416.669346,-25412098671.7699,-25398665187.510323,-25384732753.41213,-25370291970.54447,-25355333247.168964,-25339846794.27278,-25323822620.98718,-25307250529.887554,-25290120112.17291,-25272420742.7202,-25254141575.01092,-25235271535.926167,-25215799320.406418,-25195713385.97257,-25175001947.104065,-25153652969.470547,-25131654164.01268,-25108992980.86816,-25085656603.13879,-25061631940.49379,-25036905622.605423,-25011463992.41203,-24985293099.20354,-24958378691.52535,-24930706209.89461,-24902260779.32502,-24873027201.653458,-24842989947.66466,-24812133149.00749,-24780440589.897324,-24747895698.599216,-24714481538.685776,-24680180800.06364,-24644975789.762707,-24608848422.48181,-24571780210.88436,-24533752255.63759,-24494745235.18903,-24454739395.27269,-24413714538.13936,-24371650011.502884,-24328524697.195995,-24284316999.528603,-24239004833.340828,-24192565611.743965,-24144976233.541508,-24096213070.323112,-24046251953.223904,-23995068159.34121,-23942636397.80168,-23888930795.47084,-23833924882.2974,-23777591576.2852,-23719903168.08481,-23660831305.19785,-23600346975.786083,-23538420492.079144,-23475021473.37292,-23410118828.61253,-23343680738.553288,-23275674637.49357,-23206067194.573746,-23134824294.636147,-23061911018.64125,-22987291623.6358,-22910929522.26948,-22832787261.8577,-22752826502.98838,-22671007997.67185,-22587291567.034725,-22501636078.5586,-22413999422.867,-22324338490.06497,-22232609145.63752,-22138766205.91515,-22042763413.11699,-21944553409.98401,-21844087714.018112,-21741316691.345222,-21636189530.22414,-21528654214.22649,-21418657495.116768,-21306144865.46657,-21191060531.04112,-21073347383.00225,-20952946969.97744,-20829799470.051487,-20703843662.743904,-20575016901.04377,-20443255083.5817,-20308492627.028805,-20170662438.82256,-20029695890.33106,-19885522790.58004,-19738071360.68088,-19587268209.112614,-19433038308.02891,-19275304970.77784,-19113989830.84384,-18949012822.44305,-18780292163.02721,-18607744337.978264,-18431284087.80614,-18250824398.19277,-18066276493.262222,-17877549832.495003,-17684552111.74771,-17487189268.885693,-17285365494.588158,-17078983248.94156,-16867943284.499472,-16652144676.554943,-16431484861.446772,-16205859683.803274,-15975163453.718285,-15739289014.952633,-15498127825.365849,-15251570050.901794,-14999504674.586166,-14741819622.139778,-14478401905.973106,-14209137789.506271,-13933912973.95464,-13652612809.938995,-13365122536.518349,-13071327550.511017,-12771113709.264818,-12464367670.364792,-12150977272.132084,-11830831959.173435,-11503823257.694803,-11169845305.79823,-10828795444.551132,-10480574876.254282,-10125089397.054785,-9762250211.864204,-9391974840.463722,-9014188124.728096,-8628823348.099615,-8235823479.818212,-7835142557.99835,-7426747227.475239,-7010618450.472532,-6586753410.6286335,-6155167633.832718,-5715897352.753417,-5269002146.002708,-4814567887.699114,-4352710048.942143,-3883577399.587103,-3407356166.958767,-2924274718.064112,-2434608843.813917,-1938687738.167038,-1436900782.4719906,-929705266.1727057,-417635200.12066746,98688591.31096075,618546877.5764837,1141108665.29031,1665415765.7142715,2190364919.7033644,2714687052.987237,3236923171.1562986,6978936067.6089525,7438471316.734087,7885322560.886353,8316670526.7139,8729283942.51707,9119464131.984713,3170244253.8279467,3821851341.7456207,4450024307.776001,5048612044.243285,5610671894.736017,5473318615.901431,6041308394.281075,6567977972.674376,7042527723.033915,7452401085.755666,2127623537.6831875,2854326355.478924,3518874450.693214,4094895679.9477086,4550550178.685001,3223037658.400202,3767667221.928922,4130356488.400104,4261314412.6515975,4115763456.9404526,4014322376.310129,3387542627.793766,2834227052.904352,0.0
698.5,-25052654765.91433,-25060021757.53609,-25067297677.999413,-25074480982.625217,-25081570102.36324,-25088563443.3669,-25095459386.55994,-25102256287.19451,-25108952474.400585,-25115546250.726418,-25122035891.67,-25128419645.20116,-25134695731.27422,-25140862341.330936,-25146917637.79345,-25152859753.547207,-25158686791.41351,-25164396823.61133,-25169987891.208435,-25175458003.56143,-25180805137.74438,-25186027237.965862,-25191122214.97439,-25196087945.451283,-25200922271.39166,-25205622999.472355,-25210187900.40725,-25214614708.288902,-25218901119.91703,-25223044794.1129,-25227043351.01965,-25230894371.387985,-25234595395.84716,-25238143924.16064,-25241537414.46629,-25244773282.50073,-25247848900.807228,-25250761597.92706,-25253508657.57398,-25256087317.79089,-25258494770.08897,-25260728158.568413,-25262784579.0204,-25264661078.01013,-25266354651.94001,-25267862246.092983,-25269180753.655167,-25270307014.7176,-25271237815.25637,-25271969886.09072,-25272499901.8185,-25272824479.72877,-25272940178.69037,-25272843498.01652,-25272530876.304462,-25271998690.249752,-25271243253.43441,-25270260815.08845,-25269047558.824085,-25267599601.34197,-25265912991.108635,-25263983707.00463,-25261807656.94268,-25259380676.45472,-25256698527.24744,-25253756895.72572,-25250551391.48236,-25247077545.754234,-25243330809.84342,-25239306553.502567,-25235000063.283768,-25230406540.84984,-25225521101.24717,-25220338771.139053,-25214854486.9988,-25209063093.26121,-25202959340.431763,-25196537883.15208,-25189793278.22082,-25182719982.56905,-25175312351.188152,-25167564635.0102,-25159470978.738503,-25151025418.627907,-25142221880.213047,-25133054175.983387,-25123516003.003765,-25113600940.47893,-25103302447.26074,-25092613859.296345,-25081528387.016163,-25070039112.65996,-25058138987.539173,-25045820829.23428,-25033077318.725365,-25019900997.453945,-25006284264.31465,-24992219372.57468,-24977698426.71916,-24962713379.221004,-24947256027.232204,-24931318009.19589,-24914890801.376003,-24897965714.30305,-24880533889.133644,-24862586293.92132,-24844113719.796864,-24825106777.055183,-24805555891.14699,-24785451298.57206,-24764783042.67223,-24743540969.32104,-24721714722.50769,-24699293739.812355,-24676267247.77015,-24652624257.120853,-24628353557.94146,-24603443714.65865,-24577883060.93782,-24551659694.44584,-24524761471.48408,-24497176001.48859,-24468890641.3938,-24439892489.856583,-24410168381.33692,-24379704880.03161,-24348488273.65745,-24316504567.079964,-24283739475.78388,-24250178419.18161,-24215806513.75546,-24180608566.029503,-24144569065.367496,-24107672176.59167,-24069901732.419147,-24031241225.71059,-23991673801.527752,-23951182248.994274,-23909748992.956047,-23867356085.436184,-23823985196.87975,-23779617607.184025,-23734234196.50884,-23687815435.86285,-23640341377.460503,-23591791644.84489,-23542145422.77169,-23491381446.849422,-23439477992.93082,-23386412866.25069,-23332163390.30559,-23276706395.470142,-23220018207.345634,-23162074634.836235,-23102850957.948067,-23042321915.30716,-22980461691.39159,-22917243903.474342,-22852641588.27238,-22786627188.298923,-22719172537.91535,-22650248849.07981,-22579826696.78993,-22507876004.21744,-22434366027.533,-22359265340.420147,-22282541818.277466,-22204162622.10957,-22124094182.10714,-22042302180.91812,-21958751536.612404,-21873406385.34372,-21786230063.713108,-21697185090.84068,-21606233150.15185,-21513335070.88824,-21418450809.352657,-21321539429.90097,-21222559085.695614,-21121466999.23667,-21018219442.690224,-20912771718.03544,-20805078137.055264,-20695092001.1986,-20582765581.345608,-20468050097.511745,-20350895698.52961,-20231251441.753822,-20109065272.83779,-19984284005.63765,-19856853302.30465,-19726717653.63388,-19593820359.74417,-19458103511.17329,-19319507970.479084,-19177973354.449394,-19033438017.03192,-18885839033.107403,-18735112183.242603,-18581191939.571754,-18424011452.97128,-18263502541.70839,-18099595681.76168,-17932219999.03166,-17761303263.68,-17586771886.859604,-17408550920.123028,-17226564057.823837,-17040733642.856403,-16850980676.112038,-16657224830.065622,-16459384466.94628,-16257376661.98864,-16051117232.308195,-15840520771.995892,-15625500694.083303,-15405969280.090878,-15181837737.940023,-14953016269.082333,-14719414145.780825,-14480939799.565887,-14237500921.98582,-13989004578.87746,-13735357339.49898,-13476465421.994648,-13212234856.80085,-12942571669.756954,-12667382086.853418,-12386572762.73532,-12100051035.284117,-11807725208.826237,-11509504868.76485,-11205301230.706804,-10895027527.459476,-10578599437.608364,-10255935559.759705,-9926957936.945108,-9591592636.14719,-9249770388.418066,-8901427295.637768,-8546505610.602585,-8184954597.856833,-7816731483.496655,-7441802503.095155,-7060144057.942495,-6671743990.983386,-6276602995.190807,-5874736168.66984,-5466174732.574295,-5050967929.983734,-4629185126.281394,-4200918134.356538,-3766283791.201618,-3325426816.2749767,-2878522986.460716,-2425782667.7031765,-1967454749.5758924,-1503831036.3347702,-1035251156.6046628,-562108063.9802303,-84854212.73279,395991493.2371893,879835863.8305616,1366002565.4641483,1853722088.64212,2342120362.0996084,2830205809.2574053,3316854615.57948,3800793948.92762,4280582852.331029,4754590514.958352,8425354052.105534,8827809384.632895,9213731093.082684,9580204624.493711,9923946884.929722,10241269251.311764,4783979099.429615,5360755944.38287,5908532072.095539,6421355567.146156,6892646601.130079,6703507644.853155,7182599916.160876,7614289351.422434,7988512781.285773,8293926671.551962,3409425624.5362234,4060043797.941271,4637858609.00358,5117758025.256098,5470621131.736856,4046171881.999314,4489406064.032866,4758202349.647449,4815884491.678728,4632608858.538023,4556825203.6711645,3934387701.564479,3166595557.449476,0.0
698.0,-24854159962.736088,-24858875082.82352,-24863480028.239098,-24867973083.63478,-24872352507.49573,-24876616531.695084,-24880763361.039764,-24884791172.808067,-24888698116.277863,-24892482312.24603,-24896141852.53846,-24899674799.510635,-24903079185.538395,-24906353012.49896,-24909494251.241684,-24912500841.048515,-24915370689.083984,-24918101669.834225,-24920691624.53508,-24923138360.588966,-24925439650.970062,-24927593233.61789,-24929596810.81873,-24931448048.574875,-24933144575.96117,-24934683984.46881,-24936063827.33593,-24937281618.864872,-24938334833.72558,-24939220906.245106,-24939937229.682663,-24940481155.490097,-24940849992.557293,-24941041006.44227,-24941051418.58568,-24940878405.509075,-24940519097.99704,-24939970580.2623,-24939229889.09388,-24938294012.98762,-24937159891.258827,-24935824413.13643,-24934284416.838573,-24932536688.628822,-24930577961.852924,-24928404915.95523,-24926014175.474834,-24923402309.02048,-24920565828.22409,-24917501186.67208,-24914204778.81448,-24910672938.85065,-24906901939.591694,-24902887991.29849,-24898627240.495323,-24894115768.757908,-24889349591.47573,-24884324656.587982,-24879036843.292168,-24873481960.72513,-24867655746.61569,-24861553865.908096,-24855171909.35593,-24848505392.08523,-24841549752.12676,-24834300348.916145,-24826752461.76152,-24818901288.277306,-24810741942.7844,-24802269454.674408,-24793478766.73884,-24784364733.4609,-24774922119.26982,-24765145596.75674,-24755029744.85077,-24744569046.95495,-24733757889.04056,-24722590557.699104,-24711061238.150738,-24699164012.208378,-24686892856.19596,-24674241638.820217,-24661204118.994736,-24647773943.61462,-24633944645.281487,-24619709639.97669,-24605062224.68216,-24589995574.9472,-24574502742.400112,-24558576652.203217,-24542210100.44995,-24525395751.502605,-24508126135.269257,-24490393644.418407,-24472190531.529945,-24453508906.18045,-24434340731.96197,-24414677823.431843,-24394511842.992573,-24373834297.69959,-24352636535.99538,-24330909744.36818,-24308644943.933228,-24285832986.935017,-24262464553.16836,-24238530146.31638,-24214020090.203484,-24188924524.961235,-24163233403.10513,-24136936485.51989,-24110023337.351288,-24082483323.80236,-24054305605.83145,-24025479135.75006,-23995992652.71784,-23965834678.13256,-23934993510.91251,-23903457222.668755,-23871213652.764706,-23838250403.2605,-23804554833.739426,-23770114056.01375,-23734914928.707184,-23698944051.71119,-23662187760.512405,-23624632120.38808,-23586262920.466984,-23547065667.65237,-23507025580.40444,-23466127582.37907,-23424356295.91974,-23381696035.39966,-23338130800.41111,-23293644268.798595,-23248219789.53276,-23201840375.42221,-23154488695.659782,-23106147068.2,-23056797451.96512,-23006421438.875942,-22955000245.70491,-22902514705.747963,-22848945260.31229,-22794271950.017265,-22738474405.90501,-22681531840.358536,-22623423037.82406,-22564126345.335323,-22503619662.83705,-22441880433.305645,-22378885632.66437,-22314611759.491528,-22249034824.5196,-22182130339.923656,-22113873308.398235,-22044238212.02121,-21973199000.904217,-21900729081.6297,-21826801305.473995,-21751387956.417885,-21674460738.9451,-21595990765.631065,-21515948544.523563,-21434303966.31901,-21351026291.33737,-21266084136.301155,-21179445460.923,-21091077554.309418,-21000947021.18737,-20909019767.962982,-20815260988.62248,-20719635150.48649,-20622105979.831352,-20522636447.391857,-20421188753.76213,-20317724314.71361,-20212203746.45073,-20104586850.82785,-19994832600.553345,-19882899124.40976,-19768743692.522,-19652322701.708782,-19533591660.95697,-19412505177.06113,-19289016940.476494,-19163079711.43758,-19034645306.39952,-18903664584.86585,-18770087436.671726,-18633862769.798576,-18494938498.803734,-18353261533.956097,-18208777771.17723,-18061432082.898018,-17911168309.94901,-17757929254.615723,-17601656675.00076,-17442291280.848316,-17279772731.000946,-17114039632.673004,-16945029542.743336,-16772678971.28692,-16596923387.5854,-16417697228.87807,-16234933912.138365,-16048565849.186274,-15858524465.47494,-15664740222.919928,-15467142647.17244,-15265660359.773945,-15060221115.66738,-14850751846.584349,-14637178710.871923,-14419427150.374304,-14197421955.038534,-13971087335.973234,-13740347007.754265,-13505124280.842182,-13265342165.053038,-13020923485.108646,-12771791009.384035,-12517867593.070091,-12259076337.078506,-11995340764.136166,-11726585013.646091,-11452734057.035406,-11173713935.466503,-10889452021.959438,-10599877310.160007,-10304920732.1949,-10004515508.27974,-9698597530.994846,-9387105787.415655,-9069982822.586033,-8747175248.153181,-8418634300.350172,-8084316451.915904,-7744184082.992585,-7398206216.538166,-7046359324.347186,-6688628210.391565,-6325006978.884901,-5955500095.249746,-5580123549.038539,-5198906128.840979,-4811890820.321029,-4419136339.785063,-4020718817.1122017,-3616733643.509434,-3207297501.4169426,-2792550596.0258694,-2372659110.323103,-1947817908.4012403,-1518253515.0242355,-1084227403.1907463,-646039625.761466,-204032832.1984901,241403282.8116741,689827045.5296593,1140739323.3577776,1593577429.889289,2047708336.303049,2502421100.397956,2956918413.738243,3410307156.3846903,3861587838.309725,4309642798.147264,4753223025.481134,5190933475.61166,5621216760.435749,6042335132.768635,9625729275.815956,9968176205.907888,10290872947.897808,10590937271.712934,10865180116.149504,11110087616.366137,6150356556.498243,6649710832.470079,7115771824.040991,7543000436.733888,7925410656.039035,7703204898.338049,8092904000.025819,8431070164.722927,8708748462.20018,8916205072.928791,4523022097.709357,5094481892.181479,5585366589.815896,5972647164.521359,6230750552.428782,4729437253.540789,5078001536.671987,5262978449.640729,5258708691.685374,5044836780.701048,4978230813.340048,4312422443.628181,3180282213.323192,0.0
697.5,-24616341467.27597,-24618320911.07589,-24620171079.09956,-24621890091.4104,-24623476040.26545,-24624926989.65319,-24626240974.82295,-24627416001.805058,-24628450046.922325,-24629341056.29229,-24630086945.31977,-24630685598.180305,-24631134867.293247,-24631432572.78533,-24631576501.94374,-24631564408.658844,-24631394012.85628,-24631062999.91808,-24630569020.09285,-24629909687.894447,-24629082581.48918,-24628085242.071056,-24626915173.22504,-24625569840.277954,-24624046669.63677,-24622343048.113945,-24620456322.23964,-24618383797.560585,-24616122737.92504,-24613670364.753857,-24611023856.29717,-24608180346.876312,-24605136926.11108,-24601890638.13128,-24598438480.773003,-24594777404.758766,-24590904312.86136,-24586816059.050938,-24582509447.625256,-24577981232.322323,-24573228115.41524,-24568246746.789043,-24563033722.99869,-24557585586.30811,-24551898823.71001,-24545969865.92548,-24539795086.383568,-24533370800.180035,-24526693263.014755,-24519758670.107525,-24512563155.09168,-24505102788.885063,-24497373578.537685,-24489371466.055782,-24481092327.201626,-24472531970.268394,-24463686134.82996,-24454550490.46448,-24445120635.451664,-24435392095.442886,-24425360322.103416,-24415020691.72669,-24404368503.819107,-24393398979.65552,-24382107260.80422,-24370488407.62108,-24358537397.71168,-24346249124.361355,-24333618394.93172,-24320639929.22348,-24307308357.80438,-24293618220.301727,-24279563963.65857,-24265139940.352604,-24250340406.57733,-24235159520.38405,-24219591339.78427,-24203629820.81136,-24187268815.54061,-24170502070.06677,-24153323222.437885,-24135725800.54499,-24117703219.965603,-24099248781.76131,-24080355670.22721,-24061016950.592773,-24041225566.672848,-24020974338.46768,-24000255959.710537,-23979062995.362343,-23957387879.05134,-23935222910.457283,-23912560252.638268,-23889391929.2993,-23865709822.001205,-23841505667.30838,-23816771053.874115,-23791497419.46212,-23765676047.902897,-23739298065.983,-23712354440.26658,-23684835973.84664,-23656733303.0255,-23628036893.921986,-23598737039.00439,-23568823853.54717,-23538287272.00995,-23507117044.33693,-23475302732.17528,-23442833705.01044,-23409699136.21665,-23375887999.021248,-23341389062.38012,-23306190886.76341,-23270281819.84888,-23233649992.12124,-23196283312.375824,-23158169463.12396,-23119295895.898907,-23079649826.45962,-23039218229.89101,-22997987835.598087,-22955945122.19228,-22913076312.26789,-22869367367.06666,-22824803981.02801,-22779371576.223724,-22733055296.67393,-22685840002.54344,-22637710264.21565,-22588650356.24247,-22538644251.16784,-22487675613.223404,-22435727791.894142,-22382783815.351906,-22328826383.75556,-22273837862.41548,-22217800274.820904,-22160695295.5288,-22102504242.91203,-22043208071.76635,-21982787365.774048,-21921222329.823696,-21858492782.18471,-21794578146.53588,-21729457443.8474,-21663109284.11563,-21595511857.95067,-21526642928.016407,-21456479820.323795,-21384999415.37734,-21312178139.176373,-21237991954.07176,-21162416349.480213,-21085426332.45808,-21006996418.13715,-20927100620.02577,-20845712440.17883,-20762804859.24094,-20678350326.367744,-20592320749.03112,-20504687482.714745,-20415421320.50746,-20324492482.602745,-20231870605.713444,-20137524732.41287,-20041423300.413,-19943534131.7938,-19843824422.197243,-19742260730.0028,-19638808965.50156,-19533434380.08852,-19426101555.495045,-19316774393.08446,-19205416103.237263,-19091989194.85427,-18976455465.00888,-18858775988.782585,-18738911109.32149,-18616820428.154102,-18492462795.81552,-18365796302.826416,-18236778271.07996,-18105365245.69443,-17971512987.394726,-17835176465.491016,-17696309851.529453,-17554866513.695774,-17410799012.06031,-17264059094.759926,-17114597695.221285,-16962364930.538565,-16807310101.12806,-16649381691.793526,-16488527374.3464,-16324694011.938292,-16157827665.275852,-15987873600.902636,-15814776301.748491,-15638479480.16362,-15458926093.672728,-15276058363.704857,-15089817797.57526,-14900145214.020004,-14706980772.60802,-14510264007.38325,-14309933865.11916,-14105928748.59948,-13898186565.374126,-13686644782.47689,-13471240487.63168,-13251910457.519426,-13028591233.724564,-12801219207.032898,-12569730710.808416,-12334062124.238655,-12094149986.3038,-11849931121.397636,-11601342777.606216,-11348322778.73562,-11090809691.27285,-10828743007.563408,-10562063346.600067,-10290712673.934486,-10014634542.354206,-9733774355.107512,-9448079653.612562,-9157500431.754593,-8861989479.057228,-8561502755.213724,-8255999798.681109,-7945444172.278818,-7629803948.993713,-7309052241.479116,-6983167779.048599,-6652135536.309912,-6315947417.962161,-5974603004.69745,-5628110365.60729,-5276486943.003803,-4919760516.1280775,-4557970250.843233,-4191167843.1045513,-3819418764.771986,-3442803621.194271,-3061419630.9588804,-2675382239.2835274,-2284826877.7387247,-1889910884.354596,-1490815599.6995811,-1087748656.246132,-680946480.2832661,-270677027.8229809,142757221.5964327,559015986.5588198,977717591.1599208,1398435025.0478573,1820691619.330876,2243956297.599056,2667638357.139162,3091081731.204007,3513558679.17782,3934262848.053756,4352301646.422148,4766687872.08325,5176330537.809561,5580024848.677601,5976441301.611577,6364113907.36274,6741427582.714793,7106604834.018677,10589866812.07446,10871173337.425907,11130232269.042818,11364309257.734743,11570436602.727444,11745413105.182524,7277812795.638645,7699241598.936113,8084377156.266256,8428262006.648708,8725675223.697794,8484436332.142396,8786475439.945477,9034737231.267258,9221637525.360231,9339295147.168888,5469486316.122163,5960687655.038348,6366324794.612591,6666032093.596666,6838237953.975544,5274169174.218449,5534847978.172921,5644934529.570177,5587169933.113057,5345393432.241838,5263880426.497041,4518135212.056171,2950495625.75343,0.0
697.0,-24340464106.817787,-24339636135.62798,-24338659912.486134,-24337533400.404736,-24336254533.12573,-24334821214.645683,-24333231318.73225,-24331482688.431755,-24329573135.5676,-24327500440.229736,-24325262350.2545,-24322856580.69503,-24320280813.28168,-24317532695.87269,-24314609841.894463,-24311509829.77157,-24308230202.34599,-24304768466.285763,-24301122091.482265,-24297288510.436512,-24293265117.63368,-24289049268.906067,-24284638280.78391,-24280029429.83396,-24275219951.9858,-24270207041.844963,-24264987851.9934,-24259559492.27643,-24253919029.076225,-24248063484.571373,-24241989835.98219,-24235695014.801823,-24229175906.012413,-24222429347.286068,-24215452128.170902,-24208240989.260807,-24200792621.34956,-24193103664.568424,-24185170707.507027,-24176990286.317165,-24168558883.799114,-24159872928.470207,-24150928793.61519,-24141722796.317883,-24132251196.47406,-24122510195.784805,-24112495936.73008,-24102204501.52206,-24091631911.038013,-24080774123.731728,-24069627034.52368,-24058186473.66902,-24046448205.60325,-24034407927.764763,-24022061269.394005,-24009403790.308544,-23996430979.654045,-23983138254.629646,-23969520959.18826,-23955574362.7106,-23941293658.652576,-23926673963.1654,-23911710313.687927,-23896397667.510548,-23880730900.310093,-23864704804.654984,-23848314088.480125,-23831553373.53092,-23814417193.77549,-23796899993.784744,-23778996127.079365,-23760699854.44308,-23742005342.201576,-23722906660.46612,-23703397781.3412,-23683472577.0958,-23663124818.296608,-23642348171.90347,-23621136199.325344,-23599482354.436543,-23577379981.551964,-23554822313.36074,-23531802468.81736,-23508313450.989166,-23484348144.85962,-23459899315.08612,-23434959603.711468,-23409521527.82833,-23383577477.195107,-23357119711.802708,-23330140359.390987,-23302631412.913937,-23274584727.952194,-23245992020.072243,-23216844862.13125,-23187134681.525566,-23156852757.383083,-23125990217.69704,-23094538036.400963,-23062487030.38329,-23029827856.440098,-22996551008.165493,-22962646812.77768,-22928105427.87992,-22892916838.155006,-22857070851.99181,-22820557098.04288,-22783365021.71168,-22745483881.56799,-22706902745.690533,-22667610487.935093,-22627595784.127083,-22586847108.177063,-22545352728.117992,-22503100702.062737,-22460078874.0806,-22416274869.991585,-22371676093.076767,-22326269719.70391,-22280042694.86664,-22232981727.63599,-22185073286.52322,-22136303594.752304,-22086658625.4412,-22036124096.69052,-21984685466.578453,-21932327928.061024,-21879036403.77617,-21824795540.751144,-21769589705.012,-21713402976.09426,-21656219141.45412,-21598021690.77928,-21538793810.198967,-21478518376.39252,-21417177950.59598,-21354754772.506927,-21291230754.08662,-21226587473.26029,-21160806167.51519,-21093867727.39706,-21025752689.905464,-20956441231.788822,-20885913162.74024,-20814147918.495384,-20741124553.83399,-20666821735.486885,-20591217734.950848,-20514290421.21376,-20436017253.39347,-20356375273.29304,-20275341097.87712,-20192890911.67345,-20109000459.10445,-20023645036.75443,-19936799485.579105,-19848438183.063663,-19758535035.33746,-19667063469.2538,-19573996424.444107,-19479306345.3566,-19382965173.291428,-19284944338.443947,-19185214751.97043,-19083746798.0907,-18980510326.244537,-18875474643.319035,-18768608505.967155,-18659880113.037937,-18549257098.14218,-18436706522.37816,-18322194867.245148,-18205688027.774105,-18087151305.90828,-17966549404.167892,-17843846419.638016,-17719005838.319733,-17591990529.889664,-17462762742.916534,-17331284100.586174,-17197515596.992424,-17061417594.054825,-16922949819.129248,-16782071363.383436,-16638740681.01461,-16492915589.393017,-16344553270.2219,-16193610271.81162,-16040042512.57326,-15883805285.84632,-15724853266.18299,-15563140517.222475,-15398620501.298538,-15231246090.9357,-15060969582.40063,-14887742711.490252,-14711516671.750484,-14532242135.336582,-14349869276.74162,-14164347799.638245,-13975626967.097862,-13783655635.472351,-13588382292.24627,-13389755098.19122,-13187721934.181,-12982230453.053894,-12773228136.939417,-12560662360.499723,-12344480460.571318,-12124629812.731615,-11901057915.35596,-11673712481.775908,-11442541541.19771,-11207493549.092896,-10968517507.8283,-10725563098.365273,-10478580823.922794,-10227522166.57112,-9972339757.79963,-9712987564.18588,-9449421089.38324,-9181597593.74205,-8909476332.984825,-8633018817.470402,-8352189093.706032,-8066954049.899779,-7777283747.491961,-7483151780.760756,-7184535666.769245,-6881417268.104907,-6573783251.065773,-6261625582.164547,-5944942066.060411,-5623736928.287095,-5298021446.426549,-4967814633.685548,-4633143979.165821,-4294046249.4850254,-3950568356.803811,-3602768298.7518845,-3250716176.2232265,-2894495295.5349474,-2534203362.0185843,-2169953772.743469,-1801877016.7641315,-1430122192.0442753,-1054858649.0456638,-676277771.8859854,-294594908.9747906,89948533.86631966,477082823.5982914,866507437.9795485,1257888394.5191193,1650855352.0136042,2044998464.7787216,2439864968.1290665,2834955472.139232,3229719939.3368483,3623553320.877069,4015790825.1476336,4405702792.969697,4792489155.04284,5175273450.679548,5553096393.083552,5924908976.707841,6289565138.313783,6645814007.614243,6992291819.031605,7327513607.43648,7649864883.442778,7957593585.325949,11330889051.221838,11551564517.388493,11748253920.135769,11918467188.297514,12059559425.98427,12168745998.606403,8178310296.555618,8523122609.066536,8829885485.561272,9094341034.042416,9312140460.08834,9061959387.450344,9279913804.063805,9443566315.8294,9546850466.461067,9583828699.055092,6252608290.363606,6664152749.617655,6987704143.522205,7205893976.097944,7301261728.431723,5682304579.263647,5860305145.842006,5901744556.974508,5795567043.783738,5526419320.560273,5407521893.681417,4565529919.310309,2597460586.462579,0.0
696.5,-24027885128.37392,-24024190368.07713,-24020328626.423416,-24016297718.312897,-24012095428.10485,-24007719509.13411,-24003167683.219097,-23998437640.160927,-23993527037.23352,-23988433498.66473,-23983154615.1081,-23977687943.105183,-23972031004.5381,-23966181286.07234,-23960136238.589417,-23953893276.60935,-23947449777.702614,-23940803081.891487,-23933950491.040432,-23926889268.23557,-23919616637.15253,-23912129781.413094,-23904425843.92973,-23896501926.238503,-23888355087.819344,-23879982345.404152,-23871380672.271942,-23862546997.53104,-23853478205.38809,-23844171134.40343,-23834622576.73276,-23824829277.354645,-23814787933.283764,-23804495192.76932,-23793947654.47874,-23783141866.665955,-23772074326.32416,-23760741478.322628,-23749139714.527622,-23737265372.90634,-23725114736.614323,-23712684033.06556,-23699969432.98501,-23686967049.443268,-23673672936.873,-23660083090.06645,-23646193443.15445,-23631999868.56552,-23617498175.965336,-23602684111.17615,-23587553355.07529,-23572101522.472965,-23556324160.96823,-23540216749.78336,-23523774698.575733,-23506993346.226845,-23489867959.608334,-23472393732.32381,-23454565783.426945,-23436379156.11453,-23417828816.394382,-23398909651.727703,-23379616469.64485,-23359943996.334736,-23339886875.206543,-23319439665.42378,-23298596840.409924,-23277352786.324856,-23255701800.51198,-23233638089.91498,-23211155769.4638,-23188248860.42933,-23164911288.745987,-23141136883.30164,-23116919374.194286,-23092252390.95468,-23067129460.73436,-23041544006.45837,-23015489344.94193,-22988958684.970467,-22961945125.3421,-22934441652.872105,-22906441140.35837,-22877936344.507256,-22848919903.81908,-22819384336.43241,-22789322037.926464,-22758725279.080635,-22727586203.59064,-22695896825.7403,-22663649028.02801,-22630834558.747467,-22597445029.52138,-22563471912.787548,-22528906539.23648,-22493740095.199665,-22457963619.987434,-22421568003.176,-22384543981.84212,-22346882137.74532,-22308572894.456062,-22269606514.42948,-22229973096.02337,-22189662570.460182,-22148664698.731293,-22106969068.44339,-22064565090.605824,-22021441996.35792,-21977588833.635624,-21932994463.77673,-21887647558.06322,-21841536594.20083,-21794649852.734184,-21746975413.39743,-21698501151.39891,-21649214733.63981,-21599103614.86568,-21548155033.75009,-21496356008.910267,-21443693334.853542,-21390153577.85453,-21335723071.76233,-21280387913.73717,-21224133959.91675,-21166946821.01107,-21108811857.82641,-21049714176.71762,-20989638624.96936,-20928569786.105564,-20866491975.1281,-20803389233.68434,-20739245325.164207,-20674043729.727524,-20607767639.26189,-20540399952.272564,-20471923268.7048,-20402319884.700268,-20331571787.28908,-20259660649.018795,-20186567822.52261,-20112274335.02894,-20036760882.814537,-19960007825.604603,-19881995180.922363,-19802702618.392,-19722109453.998817,-19640194644.31057,-19556936780.66544,-19472314083.331013,-19386304395.64081,-19298885178.114258,-19210033502.56705,-19119726046.21965,-19027939085.81215,-18934648491.73436,-18839829722.181408,-18743457817.34484,-18645507393.6514,-18545952638.06224,-18444767302.445698,-18341924698.038776,-18237397690.01385,-18131158692.167152,-18023179661.748825,-17913432094.45417,-17801887019.59887,-17688514995.501045,-17573286105.097027,-17456169951.817368,-17337135655.754265,-17216151850.151516,-17093186678.252598,-16968207790.544102,-16841182342.435003,-16712076992.415056,-16580857900.739723,-16447490728.69145,-16311940638.472136,-16174172293.78506,-16034149861.169062,-15891837012.152912,-15747196926.302464,-15600192295.23898,-15450785327.712849,-15298937755.823135,-15144610842.480518,-14987765390.218016,-14828361751.462206,-14666359840.3859,-14501719146.47206,-14334398749.928955,-14164357339.106438,-13991553230.075115,-13815944388.541475,-13637488454.285503,-13456142768.321384,-13271864402.995996,-13084610195.257072,-12894336783.339363,-12701000647.13575,-12504558152.541037,-12304965600.076029,-12102179278.124325,-11896155521.137424,-11686850773.191368,-11474221657.306492,-11258225050.97224,-11038818168.352571,-10815958649.682674,-10589604658.406296,-10359714986.643175,-10126249169.62182,-9889167609.758392,-9648431711.115572,-9404004025.028276,-9155848407.743809,-8903930190.986362,-8648216366.4248,-8388675785.095724,-8125279372.913053,-7858000363.480407,-7586814549.513622,-7311700554.279562,-7032640124.562825,-6749618446.785997,-6462624488.031175,-6171651363.842803,-5876696734.8331175,-5577763234.264107,-5274858928.944418,-4967997815.955863,-4657200357.914592,-4342494059.676697,-4023914089.618067,-3701503948.855795,-3375316192.033664,-3045413203.568347,-2711868033.5495577,-2374765297.8041573,-2034202146.9765472,-1690289309.8444996,-1343152216.4824753,-992932207.306754,-639787834.4857559,-283896262.6783867,74545223.42935562,435317596.78474617,798178342.2633238,1162859578.4605484,1529066037.2591667,1896472890.8746736,2264723415.5341806,2633426480.4564257,3002153850.420166,3370437289.9975014,3737765457.579856,4103580577.7611046,4467274881.64042,4828186806.402984,5185596948.456802,5538723768.889493,5886719056.657485,6228663164.534277,6563560046.495222,6890332144.327917,7207815197.701553,7514753088.151527,7809792876.595116,8091480260.107523,8358255761.784959,8608452083.739912,11864320668.732508,12026300881.325304,12163312913.993387,12273183638.661337,12353662336.98498,12402447475.628405,8866470201.264359,9137472794.07533,9369809172.066893,9559986656.745768,9704572591.510874,9452383963.928505,9591270538.676352,9676809822.432673,9704488615.962463,9670266948.00543,6878433235.44841,7212329027.87705,7458047429.263297,7601322189.43704,7628628384.427092,5961125953.280354,6059148044.159385,6033858172.135402,5878491916.215681,5577237476.784675,5408502828.844432,4478465537.871352,2242161692.1306667,0.0
696.0,-23680047897.81237,-23673439567.31568,-23666645893.11221,-23659664552.261063,-23652493190.220108,-23645129420.35812,-23637570823.45888,-23629814947.216164,-23621859305.72049,-23613701378.936607,-23605338612.17208,-23596768415.536407,-23587988163.390984,-23578995193.78924,-23569786807.90697,-23560360269.462807,-23550712804.128456,-23540841598.928528,-23530743801.62989,-23520416520.12009,-23509856821.774952,-23499061732.81499,-23488028237.65031,-23476753278.213978,-23465233753.28345,-23453466517.790173,-23441448382.11657,-23429176111.38071,-23416646424.708145,-23403855994.49068,-23390801445.631943,-23377479354.7794,-23363886249.54262,-23350018607.697365,-23335872856.37552,-23321445371.2404,-23306732475.647045,-23291730439.78752,-23276435479.820766,-23260843756.986427,-23244951376.70312,-23228754387.64976,-23212248780.83082,-23195430488.62408,-23178295383.811337,-23160839278.591465,-23143057923.57532,-23124947006.762497,-23106502152.49938,-23087718920.418,-23068592804.35564,-23049119231.254665,-23029293560.042183,-23009111080.48904,-22988567012.04825,-22967656502.67171,-22946374627.60542,-22924716388.162617,-22902676710.474228,-22880250444.216343,-22857432361.31454,-22834217154.62407,-22810599436.585968,-22786573737.85838,-22762134505.922607,-22737276103.663746,-22711992807.92489,-22686278808.03496,-22660128204.30945,-22633535006.52333,-22606493132.356247,-22578996405.808823,-22551038555.590096,-22522613213.475067,-22493713912.63243,-22464334085.921352,-22434467064.157204,-22404106074.345383,-22373244237.883083,-22341874568.727875,-22309989971.533146,-22277583239.74939,-22244647053.691,-22211173978.567936,-22177156462.48171,-22142586834.38494,-22107457302.004314,-22071759949.725857,-22035486736.4422,-21998629493.36136,-21961179921.77617,-21923129590.79399,-21884469935.02597,-21845192252.23545,-21805287700.944527,-21764747297.999035,-21723561916.09024,-21681722281.23368,-21639218970.20398,-21596042407.925484,-21552182864.81777,-21507630454.09594,-21462375129.02482,-21416406680.12697,-21369714732.343506,-21322288742.14776,-21274117994.61112,-21225191600.420616,-21175498492.84813,-21125027424.670307,-21073766965.03968,-21021705496.30601,-20968831210.787853,-20915132107.49438,-20860595988.79705,-20805210457.0509,-20748962911.16603,-20691840543.128468,-20633830334.47132,-20574919052.69585,-20515093247.642822,-20454339247.814747,-20392643156.6491,-20329990848.74309,-20266367966.031013,-20201759913.914364,-20136151857.34591,-20069528716.869,-20001875164.61256,-19933175620.243893,-19863414246.88021,-19792574946.96088,-19720641358.08211,-19647596848.79628,-19573424514.37797,-19498107172.559776,-19421627359.24004,-19343967324.166004,-19265109026.59591,-19185034130.943256,-19103724002.4078,-19021159702.597263,-18937321985.145096,-18852191291.328903,-18765747745.69582,-18677971151.70068,-18588840987.363697,-18498336400.955093,-18406436206.71429,-18313118880.61248,-18218362556.16726,-18122145020.31975,-18024443709.384483,-17925235705.083946,-17824497730.679497,-17722206147.213142,-17618336949.873314,-17512865764.501007,-17405767844.252586,-17297018066.437065,-17186590929.547256,-17074460550.505478,-16960600662.145752,-16844984610.956636,-16727585355.109932,-16608375462.80289,-16487327110.943558,-16364412084.21019,-16239601774.519176,-16112867180.937826,-15984178910.080269,-15853507177.02882,-15720821806.825363,-15586092236.580423,-15449287518.251623,-15310376322.146042,-15169326941.205875,-15026107296.140133,-14880684941.469995,-14733027072.560534,-14583100533.715645,-14430871827.419825,-14276307124.815334,-14119372277.509706,-13960032830.81615,-13798254038.534891,-13634000879.39326,-13467238075.2687,-13297930111.328987,-13126041258.233028,-12951535596.54491,-12774377043.526337,-12594529382.482464,-12411956294.849829,-12226621395.22716,-12038488269.56572,-11847520516.748753,-11653681793.808285,-11456935865.04312,-11257246655.321424,-11054578307.871166,-10848895246.882845,-10640162245.27189,-10428344497.972744,-10213407701.162825,-9995318137.84228,-9774042770.2263,-9549549339.437786,-9321806473.023851,-9090783800.85511,-8856452080.007408,-8618783329.266851,-8377750973.944347,-8133330001.734751,-7885497130.405798,-7634230988.159054,-7379512307.56251,-7121324134.018236,-6859652049.795918,-6594484414.734445,-6325812624.791408,-6053631389.701705,-5777939031.094329,-5498737802.50993,-5216034232.861086,-4929839494.983873,-4640169801.041799,-4347046826.664389,-4050498165.8304377,-3750557818.6419945,-3447266714.280547,-3140673271.5896044,-2830833999.8909893,-2517814142.814213,-2201688368.0998964,-1882541506.529744,-1560469343.336792,-1235579465.660799,-907992169.8328952,-577841432.5027561,-245275949.8561058,89539750.58856201,426424120.8720303,765177321.2016544,1105579861.0645113,1447391147.4157765,1790347934.313074,2134162668.206416,2478521722.986649,2823083518.866562,3167476519.2515755,3511297099.9918,3854107285.85272,4195432349.772119,4534758271.585326,4871529054.534108,5205143900.196458,5534954245.718706,5860260671.696553,6180309695.132601,6494290470.111363,6801331429.844408,7100496918.416844,7390783880.01956,7671118699.098211,7940354318.476373,8197267806.345839,8440558599.794176,8668847725.53528,8880678391.529764,9074518460.452871,12207247646.961803,12313633768.155647,12394787281.634842,12448899134.418827,12474153197.204891,12468760694.66326,9358774184.927605,9559944815.84878,9722826208.304651,9844706992.832176,9923057614.136276,9673347954.131832,9739242141.913397,9753936141.888653,9714406128.646765,9618350501.442818,7354821130.149279,7614187582.425104,7787064305.553566,7862198362.055104,7829614865.299215,6127347612.9779625,6147682827.812603,6055682376.740344,5846707940.276223,5503403014.135622,5276434720.295485,4280727657.895147,1967394490.6954536,0.0
695.5,-23298475328.16262,-23288919397.045486,-23279160244.789635,-23269195422.136665,-23259022447.39089,-23248638805.93177,-23238041949.71847,-23227229296.785995,-23216198230.73281,-23204946100.19998,-23193470218.341385,-23181767862.2852,-23169836272.586143,-23157672652.668404,-23145274168.25937,-23132637946.813515,-23119761076.926743,-23106640607.74057,-23093273548.336365,-23079656867.11913,-23065787491.19089,-23051662305.71336,-23037278153.259705,-23022631833.155163,-23007720100.80665,-22992539667.020428,-22977087197.3086,-22961359311.18323,-22945352581.438606,-22929063533.421223,-22912488644.286915,-22895624342.245377,-22878467005.79177,-22861012962.92485,-22843258490.35158,-22825199812.67848,-22806833101.588093,-22788154475.00222,-22769159996.22986,-22749845673.10094,-22730207457.08459,-22710241242.39249,-22689942865.06644,-22669308102.05015,-22648332670.244984,-22627012225.549133,-22605342361.88029,-22583318610.181145,-22560936437.407845,-22538191245.500416,-22515078370.335915,-22491593080.66275,-22467730577.016884,-22443485990.619053,-22418854382.25268,-22393830741.12261,-22368409983.6936,-22342586952.508987,-22316356414.9886,-22289713062.20588,-22262651507.64385,-22235166285.929497,-22207251851.54596,-22178902577.52285,-22150112754.103653,-22120876587.390087,-22091188197.96324,-22061041619.48067,-22030430797.249577,-21999349586.775364,-21967791752.285225,-21935750965.226475,-21903220802.739147,-21870194746.102585,-21836666179.155403,-21802628386.68881,-21768074552.81239,-21732997759.2924,-21697390983.86204,-21661247098.50319,-21624558867.69931,-21587318946.659164,-21549519879.510967,-21511154097.46641,-21472213916.954475,-21432691537.7243,-21392579040.917168,-21351868387.10678,-21310551414.30776,-21268619835.95212,-21226065238.832977,-21182879081.01539,-21139052689.714275,-21094577259.13866,-21049443848.302048,-21003643378.798977,-20957166632.547127,-20910004249.49481,-20862146725.29391,-20813584408.937607,-20764307500.363167,-20714306048.01929,-20663569946.3982,-20612088933.53216,-20559852588.45452,-20506850328.6252,-20453071407.32072,-20398504910.98865,-20343139756.56705,-20286964688.76841,-20229968277.328915,-20172138914.22312,-20113464810.84408,-20053933995.15004,-19993534308.77734,-19932253404.12089,-19870078741.38221,-19806997585.58641,-19742997003.568302,-19678063860.92909,-19612184818.964622,-19545346331.566067,-19477534642.09469,-19408735780.232,-19338935558.80699,-19268119570.60192,-19196273185.13886,-19123381545.449142,-19049429564.827534,-18974401923.574303,-18898283065.727203,-18821057195.78685,-18742708275.438454,-18663220020.27328,-18582575896.51372,-18500759117.746014,-18417752641.66506,-18333539166.83553,-18248101129.475166,-18161420700.264977,-18073479781.192867,-17984260002.436222,-17893742719.291183,-17801909009.15528,-17708739668.57125,-17614215210.341072,-17518315860.718323,-17421021556.6895,-17322311943.35389,-17222166371.413765,-17120563894.78608,-17017483268.349253,-16912902945.838,-16806801077.901152,-16699155510.338043,-16589943782.530136,-16479143126.0857,-16366730463.716812,-16252682408.368923,-16136975262.624811,-16019585018.406418,-15900487356.99915,-15779657649.42565,-15657070957.196976,-15532702033.47194,-15406525324.656605,-15278514972.47898,-15148644816.575186,-15016888397.627176,-14883218961.093529,-14747609461.57837,-14610032567.886375,-14470460668.814863,-14328865879.737514,-14185220050.037966,-14039494771.455055,-13891661387.406544,-13741691003.361298,-13589554498.33565,-13435222537.594473,-13278665586.642426,-13119853926.597055,-12958757671.041466,-12795346784.460514,-12629591102.371683,-12461460353.269297,-12290924182.50808,-12117952178.26146,-11942513899.697968,-11764578907.529366,-11584116797.094185,-11401097234.151184,-11215489993.569038,-11027265001.11071,-10836392378.524494,-10642842492.16784,-10446586005.404709,-10247593935.033772,-10045837712.021715,-9841289246.833826,-9633920999.674152,-9423706055.967669,-9210618207.43922,-8994632039.167608,-8775723023.018263,-8553867617.884509,-8329043377.196072,-8101229064.183784,-7870404775.421542,-7636552073.201079,-7399654127.331585,-7159695866.994882,-6916664143.328602,-6670547903.453058,-6421338376.704613,-6169029273.887663,-5913617000.409838,-5655100884.220512,-5393483419.531996,-5128770527.365045,-4860971834.026187,-4590100968.694613,-4316175881.369562,-4039219182.506938,-3759258505.7560406,-3476326895.292551,-3190463219.334641,-2901712611.523362,-2610126941.946974,-2315765319.691612,-2018694628.907524,-1718990100.4900246,-1416735921.5878906,-1112025885.2682705,-804964082.7840214,-495665641.0093441,-184257507.7259349,129120712.44146729,444315868.53201103,761160317.1862984,1079470916.913187,1399047959.5099154,1719674035.4095287,2041112829.710247,2363107845.66504,2685381052.487532,3007631454.481781,3329533578.7492847,3650735879.094475,3970859054.277885,4289494279.497639,4606201350.976779,4920506744.870121,5231901593.478576,5539839584.0941925,5843734788.857636,6142959437.991992,6436841653.94643,6724663170.668265,7005657070.844819,7279005585.04602,7543838010.921448,7799228828.792958,8044196113.161827,8277700369.072676,8498643959.452223,8705871336.244564,8898170346.422653,9074274955.981691,9232869823.058886,9372597257.35214,12377619432.031546,12432384211.957447,12462301621.217283,12465949075.576857,12441956623.255772,12389044932.822844,9672856296.770275,9809024715.58064,9908102763.558556,9968133011.31397,9987428485.566654,9742749291.172329,9742437679.01234,9693964499.02558,9595649630.77138,9446685808.862082,7691038645.709705,7879827985.978819,7985292373.115229,7998954186.959902,7913872746.952692,6202202805.299768,6150013109.256614,5994678440.649637,5732330134.385316,5344284390.972994,5049150634.433518,4017996575.937037,1797571291.6564085,0.0
695.0,-22884763072.53467,-22872238347.67833,-22859493123.77158,-22846524837.92292,-22833330894.203827,-22819908663.1664,-22806255481.35295,-22792368650.798008,-22778245438.52206,-22763883076.01708,-22749278758.72381,-22734429645.50045,-22719332858.082905,-22703985480.53588,-22688384558.695488,-22672527099.60241,-22656410070.92612,-22640030400.379364,-22623384975.123444,-22606470641.16355,-22589284202.73416,-22571822421.67469,-22554082016.794544,-22536059663.22798,-22517751991.778435,-22499155588.25188,-22480266992.77943,-22461082699.12884,-22441599154.00451,-22421812756.336155,-22401719856.55576,-22381316755.86256,-22360599705.47599,-22339564905.87644,-22318208506.03328,-22296526602.62048,-22274515239.21904,-22252170405.50649,-22229488036.432995,-22206464011.383858,-22183094153.32833,-22159374227.954376,-22135299942.789093,-22110866946.305,-22086070827.011177,-22060907112.53,-22035371268.65813,-22009458698.412792,-21983164741.06163,-21956484671.137463,-21929413697.436146,-21901946961.99877,-21874079539.07663,-21845806434.07968,-21817122582.50769,-21788022848.864017,-21758502025.55175,-21728554831.751904,-21698175912.28344,-21667359836.44488,-21636101096.83714,-21604394108.16749,-21572233206.03413,-21539612645.691444,-21506526600.79535,-21472969162.128685,-21438934336.30623,-21404416044.45926,-21369408120.899223,-21333904311.760223,-21297898273.62048,-21261383572.101746,-21224353680.447216,-21186801978.07721,-21148721749.122425,-21110106180.934723,-21070948362.575,-21031241283.277992,-20990977830.893795,-20950150790.305923,-20908752841.82548,-20866776559.5617,-20824214409.768,-20781058749.16393,-20737301823.23272,-20692935764.494057,-20647952590.751945,-20602344203.3181,-20556102385.209724,-20509218799.322685,-20461684986.57909,-20413492364.04978,-20364632223.051567,-20315095727.218937,-20264873910.5506,-20213957675.430737,-20162337790.62507,-20110004889.251656,-20056949466.726982,-20003161878.68695,-19948632338.883537,-19893350917.05687,-19837307536.78346,-19780491973.30044,-19722893851.30685,-19664502642.7418,-19605307664.540146,-19545298076.36672,-19484462878.32922,-19422790908.67043,-19360270841.44117,-19296891184.15407,-19232640275.419712,-19167506282.56581,-19101477199.24076,-19034540843.002674,-18966684852.895485,-18897896687.01321,-18828163620.054325,-18757472740.86784,-18685810949.99288,-18613164957.194,-18539521278.994125,-18464866236.20779,-18389185951.477005,-18312466346.812504,-18234693141.143555,-18155851847.879,-18075927772.48352,-17994906010.07225,-17912771443.028023,-17829508738.645195,-17745102346.80463,-17659536497.684566,-17572795199.512787,-17484862236.36505,-17395721166.016273,-17305355317.85019,-17213747790.83465,-17120881451.569286,-17026738932.413702,-16931302629.703709,-16834554702.064922,-16736477068.832588,-16637051408.587755,-16536259157.820202,-16434081509.729422,-16330499413.175686,-16225493571.793892,-16119044443.28387,-16011132238.8915,-15901736923.096067,-15790838213.520664,-15678415581.082388,-15564448250.401642,-15448915200.489977,-15331795165.737549,-15213066637.222748,-15092707864.367971,-14970696856.966358,-14847011387.607328,-14721628994.528946,-14594526984.928036,-14465682438.760426,-14335072213.06589,-14202672946.854664,-14068461066.594448,-13932412792.33966,-13794504144.54691,-13654710951.624102,-13513008858.262676,-13369373334.6065,-13223779686.31391,-13076203065.572754,-12926618483.13258,-12775000821.421886,-12621324848.822523,-12465565235.17825,-12307696568.618937,-12147693373.787306,-11985530131.560703,-11821181300.365553,-11654621339.189495,-11485824732.401608,-11314766016.49888,-11141419808.90431,-10965760838.950005,-10787763981.186728,-10607404291.170977,-10424657043.889416,-10239497774.990868,-10051902325.0074,-9861846886.756142,-9669308056.12701,-9474262886.473097,-9276688946.835386,-9076564384.246666,-8873867990.376173,-8668579272.791721,-8460678531.134274,-8250146938.51777,-8036966628.486868,-7821120787.885777,-7602593756.013148,-7381371130.461821,-7157439880.065786,-6930788465.40423,-6701406967.338276,-6469287224.087051,-6234422977.379104,-5996810028.248305,-5756446403.077777,-5513332530.531369,-5267471430.050324,-5018868912.633016,-4767533794.657882,-4513478125.553749,-4256717430.168375,-3997270966.734351,-3735162001.3828,-3470418100.2075367,-3203071439.9381275,-2933159138.336724,-2660723605.493265,-2385812917.254038,-2108481212.0811749,-1828789112.704517,-1546804173.99193,-1262601358.5290413,-976263541.4647942,-687882046.2428207,-397557212.9014206,-105399000.68350984,188472373.2466755,483925757.1354599,780818348.1351643,1078994934.049675,1378287091.4022264,1678512337.9028995,1979473237.421153,2280956455.628381,2582731764.572461,2884550994.5909805,3186146932.1754475,3487232162.67799,3787497857.12625,4086612502.901439,4384220578.671005,4679941174.783661,4973366561.378791,5264060707.788078,5551557758.486599,5835360472.970589,6114938639.609867,6389727476.880754,6659126039.603774,6922495653.098561,7179158404.795129,7428395731.128708,7669447147.899865,7901509185.192015,8123734603.999784,8335231991.646823,8535065857.698633,8722257382.374737,8895786006.518324,9054592097.1536,9197580976.705128,9323628668.065489,9431589782.45261,9520308062.12518,12393761515.774574,12401440399.044037,12385215068.036243,12344049764.511646,12277007810.25747,12183289381.848375,9826896446.417065,9903449488.588362,9944749463.568066,9949530472.391953,9916851858.310448,9678062541.483416,9618724882.991735,9514873184.688992,9365966069.691402,9172392461.625504,7897390475.944583,8020139554.87114,8063818273.557143,8022386245.690346,7891365719.580047,6198177107.528618,6081005311.360669,5869096472.185876,5559238188.110304,5133958227.561425,4767289439.960962,3760936161.0528407,1804459122.1470184,0.0
694.5,-22440572517.91252,-22425070659.34972,-22409331733.87902,-22393353078.71918,-22377131997.698696,-22360665760.782925,-22343951603.594074,-22326986726.923527,-22309768296.236725,-22292293441.17034,-22274559255.02151,-22256562794.229424,-22238301077.84845,-22219771087.013428,-22200969764.3964,-22181894013.65498,-22162540698.872047,-22142906643.986942,-22122988632.21739,-22102783405.472927,-22082287663.758675,-22061498064.57018,-22040411222.27869,-22019023707.50684,-21997332046.49459,-21975332720.455418,-21953022164.92224,-21930396769.0834,-21907452875.108124,-21884186777.461548,-21860594722.2092,-21836672906.31031,-21812417476.90066,-21787824530.56377,-21762890112.59118,-21737610216.230915,-21711980781.924538,-21685997696.53237,-21659656792.546616,-21632953847.29228,-21605884582.115986,-21578444661.56204,-21550629692.535976,-21522435223.4551,-21493856743.38607,-21464889681.16935,-21435529404.52996,-21405771219.175022,-21375610367.877308,-21345042029.544907,-21314061318.27667,-21282663282.403675,-21250842903.515785,-21218595095.47388,-21185914703.407,-21152796502.69472,-21119235197.93403,-21085225421.891163,-21050761734.43762,-21015838621.4706,-20980450493.8175,-20944591686.124367,-20908256455.72815,-20871438981.512505,-20834133362.747128,-20796333617.91037,-20758033683.494965,-20719227412.79676,-20679908574.68639,-20640070852.36367,-20599707842.094547,-20558813051.930485,-20517379900.41034,-20475401715.24453,-20432871731.98122,-20389783092.654743,-20346128844.41592,-20301901938.14444,-20257095227.04307,-20211701465.213768,-20165713306.215523,-20119123301.604263,-20071923899.45432,-20024107442.86187,-19975666168.43048,-19926592204.738247,-19876877570.787296,-19826514174.435303,-19775493810.80943,-19723808160.70251,-19671448788.952217,-19618407142.802784,-19564674550.249977,-19510242218.369545,-19455101231.62929,-19399242550.1852,-19342657008.16221,-19285335311.91975,-19227268038.302776,-19168445632.878788,-19108858408.1614,-19048496541.82103,-18987350074.883564,-18925408909.91777,-18862662809.212227,-18799101392.942467,-18734714137.329865,-18669490372.7928,-18603419282.09156,-18536489898.468014,-18468691103.781693,-18400011626.64329,-18330440040.547497,-18259964762.00676,-18188574048.687515,-18116255997.55112,-18042998543.00128,-17968789455.040356,-17893616337.436768,-17817466625.905926,-17740327586.30772,-17662186312.86292,-17583029726.392,-17502844572.579163,-17421617420.265705,-17339334659.775745,-17255982501.27852,-17171546973.191616,-17086013920.629345,-16999369003.901186,-16911597697.065325,-16822685286.5425,-16732616869.79621,-16641377354.085182,-16548951455.294432,-16455323696.852154,-16360478408.739435,-16264399726.60074,-16167071590.963284,-16068477746.57423,-15968601741.864817,-15867426928.5514,-15764936461.383947,-15661113298.052948,-15555940199.266691,-15449399729.01139,-15341474255.007368,-15232145949.375614,-15121396789.529425,-15009208559.30714,-14895562850.36289,-14780441063.832829,-14663824412.296389,-14545693922.051971,-14426030435.728935,-14304814615.257996,-14182026945.22432,-14057647736.628338,-13931657131.081646,-13804035105.465988,-13674761477.085876,-13543815909.3469,-13411177917.993477,-13276826877.942322,-13140742030.74963,-13002902492.752523,-12863287263.92767,-12721875237.51238,-12578645210.436686,-12433575894.617214,-12286645929.167156,-12137833893.579578,-11987118321.945114,-11834477718.268456,-11679890572.951817,-11523335380.518002,-11364790658.64998,-11204234968.627932,-11041646937.250376,-10877005280.330765,-10710288827.86623,-10541476550.981377,-10370547590.755888,-10197481289.051176,-10022257221.45846,-9844855232.49762,-9665255473.204285,-9483438441.25036,-9299385023.75216,-9113076542.929531,-8924494804.788786,-8733622151.012589,-8540441514.251173,-8344936477.020172,-8147091334.422899,-7946891160.927652,-7744321881.44414,-7539370346.957172,-7332024414.991901,-7122273035.199041,-6910106340.367431,-6695515743.18729,-6478494039.107381,-6259035515.648238,-6037136068.554711,-5812793325.192781,-5586006775.61853,-5356777911.770676,-5125110375.264066,-4891010114.28717,-4654485550.134333,-4415547753.9325285,-4174210634.151987,-3930491135.5215816,-3684409450.001933,-3435989240.502821,-3185257878.0665,-2932246693.273424,-2676991242.6642303,-2419531591.0089817,-2159912610.292267,-1898184296.3221223,-1634402103.90835,-1368627301.594669,-1100927346.967247,-831376283.5977783,-560055160.7156067,-287052476.73459244,-12464647.790708542,263603497.52983475,541038196.0722885,819716199.3942032,1099504193.231388,1380258185.9442616,1661822864.7625685,1944030918.6861503,2226702326.962029,2509643612.144332,2792647056.8637123,3075489883.5904493,3357933396.880368,3639722087.8548737,3920582700.998001,4200223263.769567,4478332080.052124,4754576689.094266,5028602792.408085,5300033152.061869,5568466465.016905,5833476219.642815,6094609542.368155,6351386044.658786,6603296683.256084,6849802649.963164,7090334311.37741,7324290223.996581,7551036256.277551,7769904856.742189,7980194516.397761,8181169484.913052,8372059813.57399,8552061814.500118,8720339045.466444,8876023953.521524,9018220339.02755,9146006835.352598,9258441638.69806,9354568767.684814,9433426183.14038,9494056154.044369,9535518313.571005,12274138378.822245,12239531732.978916,12182410899.896904,12102108775.26417,11998089721.945044,11869984028.627512,9839119469.418716,9861741882.17274,9851404992.2457,9807446681.715908,9729553146.049356,9495842935.121548,9384732054.39046,9233124118.79556,9041380303.541014,8810767594.034767,7984893391.332811,8046512822.115026,8034050060.879951,7943511156.344889,7772317226.307503,6111651831.318726,5935605910.650648,5672050306.906977,5318209310.492715,4859380092.379199,4416806667.676636,3481505099.002325,1898544781.8010592,0.0
694.0,-21967623616.684177,-21949149083.368404,-21930421731.03614,-21911438811.70788,-21892197543.91454,-21872695112.23885,-21852928666.85008,-21832895323.032024,-21812592160.703667,-21792016223.93312,-21771164520.44411,-21750034021.115368,-21728621659.472485,-21706924331.1724,-21684938893.48002,-21662662164.73756,-21640090923.82546,-21617221909.615955,-21594051820.41824,-21570577313.415424,-21546795004.09353,-21522701465.661667,-21498293228.46409,-21473566779.38331,-21448518561.23468,-21423144972.151947,-21397442364.96388,-21371407046.56192,-21345035277.25825,-21318323270.135,-21291267190.3834,-21263863154.633926,-21236107230.27631,-21207995434.76984,-21179523734.943672,-21150688046.287163,-21121484232.22983,-21091908103.41102,-21061955416.93912,-21031621875.640312,-21000903127.29635,-20969794763.87171,-20938292320.729767,-20906391275.83784,-20874087048.960987,-20841375000.844715,-20808250432.38599,-20774708583.792828,-20740744633.732304,-20706353698.466576,-20671530830.977283,-20636271020.07773,-20600569189.513084,-20564420197.04837,-20527818833.54426,-20490759822.02013,-20453237816.70516,-20415247402.076355,-20376783091.884296,-20337839328.165947,-20298410480.24472,-20258490843.71768,-20218074639.42987,-20177156012.43552,-20135729030.94641,-20093787685.267056,-20051325886.71673,-20008337466.53865,-19964816174.79565,-19920755679.25308,-19876149564.248425,-19830991329.547787,-19785274389.18941,-19738992070.3142,-19692137611.98314,-19644704163.98208,-19596684785.6136,-19548072444.476093,-19498860015.230698,-19449040278.355324,-19398605918.886963,-19347549525.151608,-19295863587.48257,-19243540496.927094,-19190572543.941795,-19136951917.077023,-19082670701.650494,-19027720878.41069,-18972094322.190228,-18915782800.54982,-18858777972.413017,-18801071386.69256,-18742654480.90868,-18683518579.799828,-18623654893.92689,-18563054518.271004,-18501708430.826218,-18439607491.18748,-18376742439.1349,-18313103893.215267,-18248682349.32165,-18183468179.27228,-18117451629.389645,-18050622819.081413,-17982971739.42385,-17914488251.74957,-17845162086.24099,-17774982840.53092,-17703939978.312065,-17632022827.957146,-17559220581.15158,-17485522291.540672,-17410916873.393383,-17335393100.2853,-17258939603.80265,-17181544872.270317,-17103197249.506657,-17023884933.607468,-16943595975.763012,-16862318279.110315,-16780039597.625298,-16696747535.057476,-16612429543.91158,-16527072924.480211,-16440664823.931725,-16353192235.457935,-16264641997.486828,-16175000792.965134,-16084255148.716385,-15992391434.880411,-15899395864.440098,-15805254492.842262,-15709953217.719387,-15613477778.719397,-15515813757.451555,-15416946577.556166,-15316861504.90725,-15215543647.956884,-15112977958.231125,-15009149230.987766,-14904042106.046787,-14797641068.804457,-14689930451.444077,-14580894434.355356,-14470517047.776327,-14358782173.672262,-14245673547.866177,-14131174762.437565,-14015269268.405838,-13897940378.716482,-13779171271.548857,-13658944993.96566,-13537244465.92496,-13414052484.677452,-13289351729.572205,-13163124767.296171,-13035354057.573444,-12906021959.352491,-12775110737.510696,-12642602570.107157,-12508479556.216908,-12372723724.381338,-12235317041.711182,-12096241423.681627,-11955478744.65986,-11813010849.208973,-11668819564.213943,-11522886711.87801,-11375194123.640997,-11225723655.073397,-11074457201.803925,-10921376716.540323,-10766464227.247952,-10609701856.553667,-10451071842.44589,-10290556560.34694,-10128138546.636898,-9963800523.713486,-9797525426.67689,-9629296431.733715,-9459096986.419155,-9286910841.742771,-9112722086.36864,-8936515182.946869,-8758275006.72071,-8577986886.539637,-8395636648.416644,-8211210661.775666,-8024695888.542985,-7836079935.245506,-7645351108.287094,-7452498472.584615,-7257511913.754788,-7060382204.05335,-6861101072.279925,-6659661277.872702,-6456056689.429895,-6250282367.907681,-6042334654.75769,-5832211265.281141,-5619911387.492063,-5405435786.796751,-5188786916.813351,-4969969036.671907,-4748988335.153529,-4525853062.044375,-4300573667.100643,-4073162947.0393696,-3843636200.990679,-3612011394.868504,-3378309335.1377087,-3142553852.4789696,-2904771995.8744583,-2664994237.6616554,-2423254690.125471,-2179591334.223171,-1934046261.0605164,-1686665926.7608929,-1437501421.3931808,-1186608752.6467323,-934049144.9635754,-679889354.8588619,-424202003.1791248,-167065925.06441307,91433461.6060791,351203768.4956093,612145229.0243874,874150269.7233467,1137103059.9409256,1400879039.133297,1665344420.9943,1930355673.7205768,2195758975.7604847,2461389646.467204,2727071551.168364,2992616480.2828207,3257823502.262658,3522478290.322885,3786352423.147565,4049202660.039484,4310770191.318416,4570779865.185284,4828939392.76673,5084938533.656638,5338448264.996067,5589119938.006495,5836584426.941466,6080451276.684771,6320307856.739975,6555718531.179148,6786223856.306835,7011339820.423677,7230557143.229329,7443340656.191143,7649128789.747621,7847333198.662176,8037338563.363607,8218502612.908382,8390156424.504256,8551605065.606895,8702128657.726437,8840983956.565125,8967406561.255978,9080613886.569546,9179809056.20826,9264185902.784184,9332935290.585192,9385253010.17442,9420349527.979343,9437461907.0671,9435868243.581331,12037341352.797342,11965263602.341616,11872383259.431429,11758368438.225382,11623037587.664946,11466388439.719698,9727397321.658213,9701855361.689178,9645934594.691996,9559473567.06284,9442654812.63028,9211622060.91444,9055708654.857277,8863490980.60122,8635997149.51187,8375072051.139567,7964993384.489836,7970596962.568517,7907531157.057092,7773446372.241577,7567152047.233704,5931770276.573177,5700149794.514076,5386846417.464152,4989666803.450603,4498407887.236261,3982412426.43765,3142478034.386867,1975621362.6303887,0.0
