Time,Activo,SPOT,pin_probability,liquidity_void_score,dealer_trap_score,nearest_wall_strike,magnet_strike,wall_above_strike,wall_below_strike
2026-06-23 17:10:23,RTY,3000.6,0.0,0.0,0.0,3050.0,3000.0,3050.0,2880.0
2026-06-23 17:11:22,RTY,3000.8,0.0,0.0,0.0,3050.0,3000.0,3050.0,2880.0
2026-06-23 17:12:22,RTY,3000.5,0.0,0.0,0.0,3050.0,3000.0,3050.0,2880.0
2026-06-23 17:13:22,RTY,3001.1,0.0,0.0,0.0,3050.0,3000.0,3050.0,2880.0
2026-06-23 17:14:22,RTY,3000.5,0.0,0.0,0.0,3050.0,3000.0,3050.0,2880.0
2026-06-23 17:15:22,RTY,2999.7,0.0,0.0,0.0,3050.0,3000.0,3050.0,2880.0
2026-06-23 17:16:22,RTY,2999.8,0.0,0.0,0.0,3050.0,3000.0,3050.0,2880.0
2026-06-23 17:17:22,RTY,2999.9,0.0,0.0,0.0,3050.0,3000.0,3050.0,2880.0
2026-06-23 17:18:22,RTY,2999.2,0.0,0.0,0.0,3050.0,3000.0,3050.0,2880.0
2026-06-23 17:19:22,RTY,2998.0,0.0,0.0,0.0,3050.0,3000.0,3050.0,2880.0
2026-06-23 17:20:22,RTY,2998.9,0.0,0.0,0.0,3050.0,3000.0,3050.0,2880.0
2026-06-23 17:21:22,RTY,2998.3,0.0,0.0,0.0,3050.0,3000.0,3050.0,2880.0
2026-06-23 17:22:22,RTY,2997.6,0.0,0.0,0.0,3050.0,3000.0,3050.0,2880.0
2026-06-23 17:23:22,RTY,2998.1,0.0,0.0,0.0,3050.0,3000.0,3050.0,2880.0
2026-06-23 17:24:22,RTY,2997.4,0.0,0.0,0.0,3050.0,3000.0,3050.0,2880.0
2026-06-23 17:25:22,RTY,2996.0,0.0,0.0,31.5,3050.0,3000.0,3050.0,2880.0
2026-06-23 17:26:22,RTY,2996.9,0.0,0.0,0.0,3050.0,3000.0,3050.0,2880.0
2026-06-23 17:27:22,RTY,2996.5,0.0,0.0,0.0,3050.0,3000.0,3050.0,2880.0
2026-06-23 17:28:22,RTY,2996.5,0.0,0.0,0.0,3050.0,3000.0,3050.0,2880.0
2026-06-23 17:29:22,RTY,2996.1,0.0,0.0,0.0,3050.0,3000.0,3050.0,2880.0
2026-06-23 17:30:22,RTY,2996.7,0.0,0.0,0.0,3050.0,3000.0,3050.0,2880.0
2026-06-23 17:31:22,RTY,2997.3,0.0,0.0,0.0,3050.0,3000.0,3050.0,2880.0
2026-06-23 17:32:22,RTY,2997.3,0.0,0.0,0.0,3050.0,3000.0,3050.0,2880.0
2026-06-23 17:33:22,RTY,2996.5,0.0,0.0,0.0,3050.0,3000.0,3050.0,2880.0
2026-06-23 17:34:22,RTY,2995.2,0.0,100,31.5,3050.0,3000.0,3050.0,2880.0
2026-06-23 17:35:22,RTY,2994.1,0.0,100,36.0,3050.0,3000.0,3050.0,2880.0
2026-06-23 17:36:22,RTY,2992.7,0.0,0.0,37.5,3050.0,3000.0,3050.0,2880.0
2026-06-23 17:37:22,RTY,2993.3,0.0,0.0,0.0,3050.0,3000.0,3050.0,2880.0
2026-06-23 17:38:22,RTY,2991.8,0.0,0.0,0.0,3050.0,2990.0,3050.0,2880.0
2026-06-23 17:39:22,RTY,2992.6,0.0,0.0,0.0,3050.0,3000.0,3050.0,2880.0
2026-06-23 17:40:22,RTY,2992.8,0.0,0.0,0.0,3050.0,3000.0,3050.0,2880.0
2026-06-23 17:41:22,RTY,2993.2,0.0,0.0,0.0,3050.0,3000.0,3050.0,2880.0
2026-06-23 17:42:22,RTY,2992.4,0.0,0.0,0.0,3050.0,3000.0,3050.0,2880.0
2026-06-23 17:43:22,RTY,2992.6,0.0,0.0,0.0,3050.0,3000.0,3050.0,2880.0
2026-06-23 17:44:22,RTY,2992.6,0.0,0.0,0.0,3050.0,3000.0,3050.0,2880.0
2026-06-23 17:45:22,RTY,2992.8,0.0,0.0,0.0,3050.0,3000.0,3050.0,2880.0
2026-06-23 17:46:22,RTY,2993.4,0.0,0.0,0.0,3050.0,3000.0,3050.0,2880.0
2026-06-23 17:47:22,RTY,2993.0,0.0,0.0,0.0,3050.0,3000.0,3050.0,2880.0
2026-06-23 17:48:22,RTY,2992.9,0.0,0.0,0.0,3050.0,3000.0,3050.0,2880.0
2026-06-23 17:49:22,RTY,2993.3,0.0,0.0,0.0,3050.0,3000.0,3050.0,2880.0
2026-06-23 17:50:22,RTY,2992.9,0.0,0.0,0.0,3050.0,3000.0,3050.0,2880.0
2026-06-23 17:51:22,RTY,2993.1,0.0,0.0,0.0,3050.0,3000.0,3050.0,2880.0
2026-06-23 17:52:22,RTY,2992.9,0.0,0.0,0.0,3050.0,3000.0,3050.0,2880.0
2026-06-23 17:53:22,RTY,2992.9,0.0,0.0,0.0,3050.0,3000.0,3050.0,2880.0
2026-06-23 17:54:22,RTY,2993.5,0.0,0.0,0.0,3050.0,3000.0,3050.0,2880.0
2026-06-23 17:55:22,RTY,2993.5,0.0,0.0,0.0,3050.0,3000.0,3050.0,2880.0
2026-06-23 17:56:22,RTY,2992.8,0.0,0.0,0.0,3050.0,3000.0,3050.0,2880.0
2026-06-23 17:57:22,RTY,2992.7,0.0,0.0,0.0,3050.0,3000.0,3050.0,2880.0
2026-06-23 17:58:22,RTY,2992.4,0.0,0.0,0.0,3050.0,3000.0,3050.0,2880.0
2026-06-23 17:59:22,RTY,2992.7,0.0,0.0,0.0,3050.0,3000.0,3050.0,2880.0
2026-06-23 18:00:22,RTY,2992.9,0.0,0.0,0.0,3050.0,3000.0,3050.0,2880.0
2026-06-23 18:01:22,RTY,2991.8,0.0,0.0,0.0,3050.0,2990.0,3050.0,2880.0
2026-06-23 18:02:22,RTY,2991.3,0.0,0.0,0.0,3050.0,2990.0,3050.0,2880.0
2026-06-23 18:03:22,RTY,2991.3,0.0,0.0,0.0,3050.0,2990.0,3050.0,2880.0
2026-06-23 18:04:22,RTY,2990.7,0.0,0.0,0.0,3050.0,2990.0,3050.0,2880.0
2026-06-23 18:05:22,RTY,2987.9,0.0,0.0,51.0,3050.0,2990.0,3050.0,2880.0
2026-06-23 18:06:22,RTY,2987.2,0.0,0.0,52.5,3050.0,3050.0,3050.0,2880.0
2026-06-23 18:07:22,RTY,2987.6,0.0,0.0,0.0,3050.0,2990.0,3050.0,2880.0
2026-06-23 18:08:22,RTY,2987.3,0.0,0.0,0.0,3050.0,2990.0,3050.0,2880.0
2026-06-23 18:09:24,RTY,2988.9,0.0,0.0,0.0,3050.0,2990.0,3050.0,2880.0
2026-06-23 18:10:23,RTY,2989.5,0.0,0.0,33.0,3050.0,2990.0,3050.0,2880.0
2026-06-23 18:11:23,RTY,2989.4,0.0,0.0,0.0,3050.0,2990.0,3050.0,2880.0
2026-06-23 18:12:22,RTY,2991.3,0.0,0.0,0.0,3050.0,2990.0,3050.0,2880.0
2026-06-23 18:13:22,RTY,2991.6,0.0,0.0,33.0,3050.0,2990.0,3050.0,2880.0
2026-06-23 18:14:22,RTY,2992.7,0.0,0.0,0.0,3050.0,3000.0,3050.0,2880.0
2026-06-23 18:15:22,RTY,2993.4,0.0,0.0,0.0,3050.0,3000.0,3050.0,2880.0
2026-06-23 18:18:03,RTY,2993.1,0.15,0.0,0.0,3050.0,3000.0,3050.0,2880.0
2026-06-23 18:19:03,RTY,2993.2,0.15,0.0,0.0,3050.0,3000.0,3050.0,2880.0
2026-06-23 18:20:03,RTY,2993.7,0.15,0.0,0.0,3050.0,3000.0,3050.0,2880.0
2026-06-23 18:21:03,RTY,2993.2,0.15,0.0,0.0,3050.0,3000.0,3050.0,2880.0
2026-06-23 18:22:03,RTY,2994.3,0.15,100,0.0,3050.0,3000.0,3050.0,2880.0
2026-06-23 18:23:03,RTY,2994.6,0.15,100,0.0,3050.0,3000.0,3050.0,2880.0
2026-06-23 18:24:03,RTY,2994.5,0.15,100,0.0,3050.0,3000.0,3050.0,2880.0
2026-06-23 18:25:03,RTY,2995.0,0.15,100,0.0,3050.0,3000.0,3050.0,2880.0
2026-06-23 18:26:03,RTY,2995.1,0.15,100,0.0,3050.0,3000.0,3050.0,2880.0
2026-06-23 18:27:03,RTY,2994.9,0.15,100,0.0,3050.0,3000.0,3050.0,2880.0
2026-06-23 18:28:03,RTY,2994.8,0.15,100,0.0,3050.0,3000.0,3050.0,2880.0
2026-06-23 18:29:03,RTY,2994.9,0.15,100,0.0,3050.0,3000.0,3050.0,2880.0
2026-06-23 18:30:03,RTY,2994.4,0.15,100,0.0,3050.0,3000.0,3050.0,2880.0
2026-06-23 18:31:03,RTY,2994.0,0.15,0.0,0.0,3050.0,3000.0,3050.0,2880.0
2026-06-23 18:32:03,RTY,2994.0,0.15,0.0,0.0,3050.0,3000.0,3050.0,2880.0
2026-06-23 18:33:03,RTY,2993.1,0.15,0.0,0.0,3050.0,3000.0,3050.0,2880.0
2026-06-23 18:34:03,RTY,2992.6,0.15,0.0,0.0,3050.0,3000.0,3050.0,2880.0
2026-06-23 18:35:03,RTY,2992.1,0.15,0.0,0.0,3050.0,2990.0,3050.0,2880.0
2026-06-23 18:36:03,RTY,2992.0,0.15,0.0,0.0,3050.0,2990.0,3050.0,2880.0
2026-06-23 18:37:03,RTY,2991.9,0.15,0.0,0.0,3050.0,2990.0,3050.0,2880.0
2026-06-23 18:38:03,RTY,2991.2,0.15,0.0,0.0,3050.0,2990.0,3050.0,2880.0
2026-06-23 18:39:03,RTY,2992.0,0.15,0.0,0.0,3050.0,2990.0,3050.0,2880.0
2026-06-23 18:40:03,RTY,2991.5,0.15,0.0,0.0,3050.0,2990.0,3050.0,2880.0
2026-06-23 18:41:03,RTY,2992.7,0.15,0.0,0.0,3050.0,3000.0,3050.0,2880.0
2026-06-23 18:42:03,RTY,2992.1,0.15,0.0,0.0,3050.0,2990.0,3050.0,2880.0
2026-06-23 18:43:03,RTY,2993.4,0.15,0.0,0.0,3050.0,3000.0,3050.0,2880.0
2026-06-23 18:44:03,RTY,2993.3,0.15,0.0,0.0,3050.0,3000.0,3050.0,2880.0
2026-06-23 18:45:03,RTY,2993.5,0.15,0.0,0.0,3050.0,3000.0,3050.0,2880.0
2026-06-23 18:46:03,RTY,2998.4,0.15,0.0,76.5,3050.0,3000.0,3050.0,2880.0
2026-06-23 18:47:03,RTY,3001.9,0.15,0.0,100,3050.0,3000.0,3050.0,2880.0
2026-06-23 18:48:03,RTY,3000.4,0.15,0.0,0.0,3050.0,3000.0,3050.0,2880.0
2026-06-23 18:49:03,RTY,3000.5,0.15,0.0,0.0,3050.0,3000.0,3050.0,2880.0
2026-06-23 18:50:03,RTY,2999.6,0.15,0.0,0.0,3050.0,3000.0,3050.0,2880.0
2026-06-23 18:51:03,RTY,2999.8,0.15,0.0,0.0,3050.0,3000.0,3050.0,2880.0
2026-06-23 18:52:03,RTY,3000.2,0.15,0.0,0.0,3050.0,3000.0,3050.0,2880.0
2026-06-23 18:53:03,RTY,3001.1,0.15,0.0,0.0,3050.0,3000.0,3050.0,2880.0
2026-06-23 18:54:03,RTY,3002.6,0.15,0.0,36.0,3050.0,3000.0,3050.0,2880.0
2026-06-23 18:55:03,RTY,3000.7,0.15,0.0,0.0,3050.0,3000.0,3050.0,2880.0
2026-06-23 18:56:03,RTY,3001.5,0.15,0.0,0.0,3050.0,3000.0,3050.0,2880.0
2026-06-23 18:57:03,RTY,3001.0,0.15,0.0,0.0,3050.0,3000.0,3050.0,2880.0
2026-06-23 18:58:03,RTY,3000.4,0.15,0.0,0.0,3050.0,3000.0,3050.0,2880.0
2026-06-23 18:59:03,RTY,3000.3,0.15,0.0,0.0,3050.0,3000.0,3050.0,2880.0
2026-06-23 19:00:03,RTY,3001.1,0.15,0.0,0.0,3050.0,3000.0,3050.0,2880.0
2026-06-23 19:01:03,RTY,3003.8,0.15,0.0,52.5,3050.0,3000.0,3050.0,2880.0
2026-06-23 19:02:03,RTY,3003.7,0.15,0.0,39.0,3050.0,3000.0,3050.0,2880.0
2026-06-23 19:03:03,RTY,3001.6,0.15,0.0,33.0,3050.0,3000.0,3050.0,2880.0
2026-06-23 19:04:03,RTY,3000.4,0.15,0.0,49.5,3050.0,3000.0,3050.0,2880.0
2026-06-23 19:05:03,RTY,2998.9,0.15,0.0,40.5,3050.0,3000.0,3050.0,2880.0
2026-06-23 19:06:03,RTY,2999.4,0.15,0.0,0.0,3050.0,3000.0,3050.0,2880.0
2026-06-23 19:07:03,RTY,3002.8,0.15,0.0,58.5,3050.0,3000.0,3050.0,2880.0
2026-06-23 19:08:03,RTY,3004.5,0.15,100,76.5,3050.0,3000.0,3050.0,2880.0
2026-06-23 19:09:03,RTY,3003.9,0.15,0.0,0.0,3050.0,3000.0,3050.0,2880.0
2026-06-23 19:10:03,RTY,3004.3,0.15,100,0.0,3050.0,3000.0,3050.0,2880.0
2026-06-23 19:11:03,RTY,3005.3,0.15,100,0.0,3050.0,3000.0,3050.0,2880.0
2026-06-23 19:12:03,RTY,3006.6,0.15,70.4,34.5,3050.0,3000.0,3050.0,2880.0
2026-06-23 19:13:03,RTY,3005.0,0.15,100,0.0,3050.0,3000.0,3050.0,2880.0
2026-06-23 19:14:03,RTY,3002.9,0.15,0.0,55.5,3050.0,3000.0,3050.0,2880.0
2026-06-23 19:15:03,RTY,3003.4,0.15,0.0,0.0,3050.0,3000.0,3050.0,2880.0
2026-06-23 19:16:03,RTY,3005.0,0.15,100,31.5,3050.0,3000.0,3050.0,2880.0
2026-06-23 19:17:03,RTY,3005.5,0.15,100,31.5,3050.0,3000.0,3050.0,2880.0
2026-06-23 19:18:03,RTY,3005.5,0.15,100,0.0,3050.0,3000.0,3050.0,2880.0
2026-06-23 19:19:03,RTY,3005.8,0.15,100,0.0,3050.0,3000.0,3050.0,2880.0
2026-06-23 19:20:03,RTY,3005.4,0.15,100,0.0,3050.0,3000.0,3050.0,2880.0
2026-06-23 19:21:03,RTY,3004.0,0.15,0.0,0.0,3050.0,3000.0,3050.0,2880.0
2026-06-23 19:22:03,RTY,3003.6,0.15,0.0,0.0,3050.0,3000.0,3050.0,2880.0
2026-06-23 19:23:03,RTY,3003.9,0.15,0.0,0.0,3050.0,3000.0,3050.0,2880.0
2026-06-23 19:24:03,RTY,3002.5,0.15,0.0,0.0,3050.0,3000.0,3050.0,2880.0
2026-06-23 19:25:03,RTY,3001.9,0.15,0.0,0.0,3050.0,3000.0,3050.0,2880.0
2026-06-23 19:26:03,RTY,3002.0,0.15,0.0,0.0,3050.0,3000.0,3050.0,2880.0
2026-06-23 19:27:03,RTY,3003.6,0.15,0.0,0.0,3050.0,3000.0,3050.0,2880.0
2026-06-23 19:28:03,RTY,3003.1,0.15,0.0,0.0,3050.0,3000.0,3050.0,2880.0
2026-06-23 19:29:03,RTY,3002.9,0.15,0.0,0.0,3050.0,3000.0,3050.0,2880.0
2026-06-23 19:30:03,RTY,3004.5,0.15,100,0.0,3050.0,3000.0,3050.0,2880.0
2026-06-23 19:31:03,RTY,3005.3,0.15,100,36.0,3050.0,3000.0,3050.0,2880.0
2026-06-23 19:32:03,RTY,3005.8,0.15,100,0.0,3050.0,3000.0,3050.0,2880.0
2026-06-23 19:33:03,RTY,3006.7,0.15,70.4,0.0,3050.0,3000.0,3050.0,2880.0
2026-06-23 19:34:03,RTY,3006.2,0.15,70.4,0.0,3050.0,3000.0,3050.0,2880.0
2026-06-23 19:35:03,RTY,3006.7,0.15,70.4,0.0,3050.0,3000.0,3050.0,2880.0
2026-06-23 19:36:03,RTY,3006.4,0.15,70.4,0.0,3050.0,3000.0,3050.0,2880.0
2026-06-23 19:37:03,RTY,3007.8,0.15,70.4,0.0,3050.0,3050.0,3050.0,2880.0
2026-06-23 19:38:03,RTY,3006.1,0.15,70.4,0.0,3050.0,3000.0,3050.0,2880.0
2026-06-23 19:39:03,RTY,3006.8,0.15,70.4,0.0,3050.0,3000.0,3050.0,2880.0
2026-06-23 19:40:03,RTY,3007.1,0.15,70.4,0.0,3050.0,3050.0,3050.0,2880.0
2026-06-23 19:41:03,RTY,3006.8,0.15,70.4,0.0,3050.0,3000.0,3050.0,2880.0
2026-06-23 19:42:03,RTY,3006.8,0.15,70.4,0.0,3050.0,3000.0,3050.0,2880.0
2026-06-23 19:43:03,RTY,3007.3,0.15,70.4,0.0,3050.0,3050.0,3050.0,2880.0
2026-06-23 19:44:03,RTY,3007.6,0.15,70.4,0.0,3050.0,3050.0,3050.0,2880.0
2026-06-23 19:45:03,RTY,3007.4,0.15,70.4,0.0,3050.0,3050.0,3050.0,2880.0
2026-06-23 19:46:03,RTY,3007.1,0.15,70.4,0.0,3050.0,3050.0,3050.0,2880.0
2026-06-23 19:47:03,RTY,3007.5,0.15,70.4,0.0,3050.0,3050.0,3050.0,2880.0
2026-06-23 19:48:03,RTY,3006.4,0.15,70.4,0.0,3050.0,3000.0,3050.0,2880.0
2026-06-23 19:49:03,RTY,3006.5,0.15,70.4,0.0,3050.0,3000.0,3050.0,2880.0
2026-06-23 19:50:03,RTY,3006.1,0.15,70.4,0.0,3050.0,3000.0,3050.0,2880.0
2026-06-23 19:51:03,RTY,3006.6,0.15,70.4,0.0,3050.0,3000.0,3050.0,2880.0
2026-06-23 19:52:03,RTY,3005.9,0.15,100,0.0,3050.0,3000.0,3050.0,2880.0
2026-06-23 19:53:03,RTY,3006.0,0.15,70.4,0.0,3050.0,3000.0,3050.0,2880.0
2026-06-23 19:54:03,RTY,3005.8,0.15,100,0.0,3050.0,3000.0,3050.0,2880.0
2026-06-23 19:55:03,RTY,3003.9,0.15,0.0,31.5,3050.0,3000.0,3050.0,2880.0
2026-06-23 19:56:03,RTY,3004.2,0.15,100,0.0,3050.0,3000.0,3050.0,2880.0
2026-06-23 19:57:03,RTY,3002.6,0.15,0.0,0.0,3050.0,3000.0,3050.0,2880.0
2026-06-23 19:58:03,RTY,3004.0,0.15,0.0,0.0,3050.0,3000.0,3050.0,2880.0
2026-06-23 19:59:03,RTY,3004.0,0.15,0.0,0.0,3050.0,3000.0,3050.0,2880.0
2026-06-23 20:00:03,RTY,3005.4,0.15,100,0.0,3050.0,3000.0,3050.0,2880.0
2026-06-23 20:01:03,RTY,3003.6,0.15,0.0,0.0,3050.0,3000.0,3050.0,2880.0
2026-06-23 20:02:03,RTY,3004.1,0.15,100,0.0,3050.0,3000.0,3050.0,2880.0
2026-06-23 20:03:03,RTY,3004.5,0.15,100,0.0,3050.0,3000.0,3050.0,2880.0
2026-06-23 20:04:03,RTY,3002.7,0.15,0.0,0.0,3050.0,3000.0,3050.0,2880.0
2026-06-23 20:05:03,RTY,3002.8,0.15,0.0,0.0,3050.0,3000.0,3050.0,2880.0
2026-06-23 20:06:03,RTY,3003.2,0.15,0.0,0.0,3050.0,3000.0,3050.0,2880.0
2026-06-23 20:07:03,RTY,3003.9,0.15,0.0,0.0,3050.0,3000.0,3050.0,2880.0
2026-06-23 20:08:03,RTY,3005.8,0.15,100,39.0,3050.0,3000.0,3050.0,2880.0
2026-06-23 20:09:03,RTY,3004.4,0.15,100,0.0,3050.0,3000.0,3050.0,2880.0
2026-06-23 20:10:03,RTY,3003.6,0.15,0.0,33.0,3050.0,3000.0,3050.0,2880.0
2026-06-23 20:11:03,RTY,3004.1,0.15,100,0.0,3050.0,3000.0,3050.0,2880.0
2026-06-23 20:12:03,RTY,3004.5,0.15,100,0.0,3050.0,3000.0,3050.0,2880.0
2026-06-23 20:13:03,RTY,3005.7,0.15,100,0.0,3050.0,3000.0,3050.0,2880.0
2026-06-23 20:14:03,RTY,3005.1,0.15,100,0.0,3050.0,3000.0,3050.0,2880.0
2026-06-23 20:15:03,RTY,3006.2,0.15,70.4,0.0,3050.0,3000.0,3050.0,2880.0
2026-06-23 20:16:03,RTY,3005.3,0.15,100,0.0,3050.0,3000.0,3050.0,2880.0
2026-06-23 20:17:03,RTY,3003.9,0.15,0.0,34.5,3050.0,3000.0,3050.0,2880.0
2026-06-23 20:18:03,RTY,3002.4,0.15,0.0,43.5,3050.0,3000.0,3050.0,2880.0
2026-06-23 20:19:03,RTY,3002.2,0.15,0.0,0.0,3050.0,3000.0,3050.0,2880.0
2026-06-23 20:20:03,RTY,3002.1,0.15,0.0,0.0,3050.0,3000.0,3050.0,2880.0
2026-06-23 20:21:03,RTY,3001.8,0.15,0.0,0.0,3050.0,3000.0,3050.0,2880.0
2026-06-23 20:22:03,RTY,3002.0,0.15,0.0,0.0,3050.0,3000.0,3050.0,2880.0
2026-06-23 20:23:03,RTY,3002.4,0.15,0.0,0.0,3050.0,3000.0,3050.0,2880.0
2026-06-23 20:24:03,RTY,3004.6,0.15,100,39.0,3050.0,3000.0,3050.0,2880.0
2026-06-23 20:25:03,RTY,3005.8,0.15,100,51.0,3050.0,3000.0,3050.0,2880.0
2026-06-23 20:26:03,RTY,3006.5,0.15,70.4,0.0,3050.0,3000.0,3050.0,2880.0
2026-06-23 20:27:03,RTY,3006.3,0.15,70.4,0.0,3050.0,3000.0,3050.0,2880.0
2026-06-23 20:28:03,RTY,3004.7,0.15,100,0.0,3050.0,3000.0,3050.0,2880.0
2026-06-23 20:29:03,RTY,3004.9,0.15,100,0.0,3050.0,3000.0,3050.0,2880.0
2026-06-23 20:30:03,RTY,3005.8,0.15,100,0.0,3050.0,3000.0,3050.0,2880.0
2026-06-23 20:31:03,RTY,3006.2,0.15,70.4,0.0,3050.0,3000.0,3050.0,2880.0
2026-06-23 20:32:03,RTY,3006.0,0.15,70.4,0.0,3050.0,3000.0,3050.0,2880.0
2026-06-23 20:33:03,RTY,3005.5,0.15,100,0.0,3050.0,3000.0,3050.0,2880.0
2026-06-23 20:34:03,RTY,3006.2,0.15,70.4,0.0,3050.0,3000.0,3050.0,2880.0
2026-06-23 20:35:03,RTY,3006.2,0.15,70.4,0.0,3050.0,3000.0,3050.0,2880.0
2026-06-23 20:36:03,RTY,3005.5,0.15,100,0.0,3050.0,3000.0,3050.0,2880.0
2026-06-23 20:37:03,RTY,3004.3,0.15,100,0.0,3050.0,3000.0,3050.0,2880.0
2026-06-23 20:38:03,RTY,3005.2,0.15,100,0.0,3050.0,3000.0,3050.0,2880.0
2026-06-23 20:39:03,RTY,3005.3,0.15,100,0.0,3050.0,3000.0,3050.0,2880.0
2026-06-23 20:40:03,RTY,3005.5,0.15,100,0.0,3050.0,3000.0,3050.0,2880.0
2026-06-23 20:41:03,RTY,3005.3,0.15,100,0.0,3050.0,3000.0,3050.0,2880.0
2026-06-23 20:42:03,RTY,3006.8,0.15,70.4,0.0,3050.0,3000.0,3050.0,2880.0
2026-06-23 20:43:03,RTY,3006.2,0.15,70.4,0.0,3050.0,3000.0,3050.0,2880.0
2026-06-23 20:44:03,RTY,3007.0,0.15,70.4,0.0,3050.0,3000.0,3050.0,2880.0
2026-06-23 20:45:03,RTY,3006.2,0.15,70.4,0.0,3050.0,3000.0,3050.0,2880.0
2026-06-23 20:46:03,RTY,3005.3,0.15,100,0.0,3050.0,3000.0,3050.0,2880.0
2026-06-23 20:47:03,RTY,3005.4,0.15,100,0.0,3050.0,3000.0,3050.0,2880.0
2026-06-23 20:48:03,RTY,3005.4,0.15,100,0.0,3050.0,3000.0,3050.0,2880.0
2026-06-23 20:49:03,RTY,3005.5,0.15,100,0.0,3050.0,3000.0,3050.0,2880.0
2026-06-23 20:50:03,RTY,3004.9,0.15,100,0.0,3050.0,3000.0,3050.0,2880.0
2026-06-23 20:51:03,RTY,3006.6,0.15,70.4,0.0,3050.0,3000.0,3050.0,2880.0
2026-06-23 20:52:03,RTY,3006.1,0.15,70.4,0.0,3050.0,3000.0,3050.0,2880.0
2026-06-23 20:53:03,RTY,3004.9,0.15,100,0.0,3050.0,3000.0,3050.0,2880.0
2026-06-23 20:54:03,RTY,3006.4,0.15,70.4,0.0,3050.0,3000.0,3050.0,2880.0
2026-06-23 20:55:04,RTY,3006.9,0.15,70.4,0.0,3050.0,3000.0,3050.0,2880.0
2026-06-23 20:56:03,RTY,3005.7,0.15,100,0.0,3050.0,3000.0,3050.0,2880.0
2026-06-23 20:57:03,RTY,3006.1,0.15,70.4,0.0,3050.0,3000.0,3050.0,2880.0
2026-06-23 20:58:03,RTY,3005.9,0.15,100,0.0,3050.0,3000.0,3050.0,2880.0
2026-06-23 20:59:03,RTY,3005.5,0.15,100,0.0,3050.0,3000.0,3050.0,2880.0
2026-06-23 21:00:03,RTY,3004.9,0.15,100,0.0,3050.0,3000.0,3050.0,2880.0
2026-06-23 21:01:03,RTY,3004.9,0.15,100,0.0,3050.0,3000.0,3050.0,2880.0
2026-06-23 21:02:03,RTY,3006.1,0.15,70.4,0.0,3050.0,3000.0,3050.0,2880.0
2026-06-23 21:03:03,RTY,3005.0,0.15,100,0.0,3050.0,3000.0,3050.0,2880.0
2026-06-23 21:04:03,RTY,3005.8,0.15,100,0.0,3050.0,3000.0,3050.0,2880.0
2026-06-23 21:05:03,RTY,3005.4,0.15,100,0.0,3050.0,3000.0,3050.0,2880.0
2026-06-23 21:06:03,RTY,3004.7,0.15,100,0.0,3050.0,3000.0,3050.0,2880.0
2026-06-23 21:07:03,RTY,3004.0,0.15,0.0,0.0,3050.0,3000.0,3050.0,2880.0
2026-06-23 21:08:03,RTY,3003.2,0.15,0.0,0.0,3050.0,3000.0,3050.0,2880.0
2026-06-23 21:09:03,RTY,3003.4,0.15,0.0,0.0,3050.0,3000.0,3050.0,2880.0
2026-06-23 21:10:03,RTY,3004.7,0.15,100,0.0,3050.0,3000.0,3050.0,2880.0
2026-06-23 21:11:03,RTY,3005.3,0.15,100,0.0,3050.0,3000.0,3050.0,2880.0
2026-06-23 21:12:03,RTY,3005.4,0.15,100,0.0,3050.0,3000.0,3050.0,2880.0
2026-06-23 21:13:03,RTY,3005.0,0.15,100,0.0,3050.0,3000.0,3050.0,2880.0
2026-06-23 21:14:03,RTY,3005.0,0.15,100,0.0,3050.0,3000.0,3050.0,2880.0
2026-06-23 21:15:03,RTY,3004.9,0.15,100,0.0,3050.0,3000.0,3050.0,2880.0
2026-06-23 21:16:03,RTY,3004.4,0.15,100,0.0,3050.0,3000.0,3050.0,2880.0
2026-06-23 21:17:03,RTY,3004.2,0.15,100,0.0,3050.0,3000.0,3050.0,2880.0
2026-06-23 21:18:03,RTY,3002.9,0.15,0.0,0.0,3050.0,3000.0,3050.0,2880.0
2026-06-23 21:19:03,RTY,3002.4,0.15,0.0,0.0,3050.0,3000.0,3050.0,2880.0
2026-06-23 21:20:03,RTY,3003.7,0.15,0.0,0.0,3050.0,3000.0,3050.0,2880.0
2026-06-23 21:21:03,RTY,3003.1,0.15,0.0,0.0,3050.0,3000.0,3050.0,2880.0
2026-06-23 21:22:03,RTY,3001.4,0.15,0.0,34.5,3050.0,3000.0,3050.0,2880.0
2026-06-23 21:23:03,RTY,3001.3,0.15,0.0,0.0,3050.0,3000.0,3050.0,2880.0
2026-06-23 21:24:03,RTY,3000.8,0.15,0.0,0.0,3050.0,3000.0,3050.0,2880.0
2026-06-23 21:25:03,RTY,3001.0,0.15,0.0,0.0,3050.0,3000.0,3050.0,2880.0
2026-06-23 21:26:03,RTY,3002.0,0.15,0.0,0.0,3050.0,3000.0,3050.0,2880.0
2026-06-23 21:27:03,RTY,3001.7,0.15,0.0,0.0,3050.0,3000.0,3050.0,2880.0
2026-06-23 21:28:03,RTY,3002.3,0.15,0.0,0.0,3050.0,3000.0,3050.0,2880.0
2026-06-23 21:29:03,RTY,3003.1,0.15,0.0,0.0,3050.0,3000.0,3050.0,2880.0
2026-06-23 21:30:03,RTY,3003.5,0.15,0.0,0.0,3050.0,3000.0,3050.0,2880.0
2026-06-23 21:31:03,RTY,3002.9,0.15,0.0,0.0,3050.0,3000.0,3050.0,2880.0
2026-06-23 21:32:03,RTY,3002.9,0.15,0.0,0.0,3050.0,3000.0,3050.0,2880.0
2026-06-23 21:33:03,RTY,3002.5,0.15,0.0,0.0,3050.0,3000.0,3050.0,2880.0
2026-06-23 21:34:03,RTY,3002.8,0.15,0.0,0.0,3050.0,3000.0,3050.0,2880.0
2026-06-23 21:35:03,RTY,3002.8,0.15,0.0,0.0,3050.0,3000.0,3050.0,2880.0
2026-06-23 21:36:03,RTY,3002.0,0.15,0.0,0.0,3050.0,3000.0,3050.0,2880.0
2026-06-23 21:37:03,RTY,3001.9,0.15,0.0,0.0,3050.0,3000.0,3050.0,2880.0
2026-06-23 21:38:03,RTY,3001.0,0.15,0.0,0.0,3050.0,3000.0,3050.0,2880.0
2026-06-23 21:39:03,RTY,3001.4,0.15,0.0,0.0,3050.0,3000.0,3050.0,2950.0
2026-06-23 21:40:03,RTY,3000.0,0.15,0.0,0.0,2950.0,3000.0,3050.0,2950.0
2026-06-23 21:41:03,RTY,3001.3,0.15,0.0,0.0,3050.0,3000.0,3050.0,2950.0
2026-06-23 21:42:03,RTY,3000.9,0.15,0.0,0.0,3050.0,3000.0,3050.0,2950.0
2026-06-23 21:43:03,RTY,2999.9,0.15,0.0,0.0,2950.0,3000.0,3050.0,2950.0
2026-06-23 21:44:03,RTY,3000.0,0.15,0.0,0.0,2950.0,3000.0,3050.0,2950.0
2026-06-23 21:45:03,RTY,2999.9,0.15,0.0,0.0,2950.0,3000.0,3050.0,2950.0
2026-06-23 21:46:03,RTY,2999.6,0.15,0.0,0.0,2950.0,3000.0,3050.0,2950.0
2026-06-23 21:47:03,RTY,2998.6,0.15,0.0,0.0,2950.0,3000.0,3050.0,2950.0
2026-06-23 21:48:03,RTY,2997.7,0.15,0.0,0.0,2950.0,3000.0,3050.0,2950.0
2026-06-23 21:49:03,RTY,2997.8,0.15,0.0,0.0,2950.0,3000.0,3050.0,2950.0
2026-06-23 21:50:03,RTY,2997.9,0.15,0.0,0.0,2950.0,3000.0,3050.0,2950.0
2026-06-23 21:51:03,RTY,2997.0,0.15,0.0,0.0,2950.0,3000.0,3050.0,2950.0
2026-06-23 21:52:03,RTY,2997.5,0.15,0.0,0.0,2950.0,3000.0,3050.0,2950.0
2026-06-23 21:53:03,RTY,2996.9,0.15,0.0,0.0,2950.0,3000.0,3050.0,2950.0
2026-06-23 21:54:03,RTY,2996.6,0.15,0.0,0.0,2950.0,3000.0,3050.0,2950.0
2026-06-23 21:55:03,RTY,2996.7,0.15,0.0,0.0,2950.0,3000.0,3050.0,2950.0
2026-06-23 21:56:03,RTY,2996.5,0.15,0.0,0.0,2950.0,3000.0,3050.0,2950.0
2026-06-23 21:57:03,RTY,2996.7,0.15,0.0,0.0,2950.0,3000.0,3050.0,2950.0
2026-06-23 21:58:03,RTY,2996.1,0.15,0.0,0.0,2950.0,3000.0,3050.0,2950.0
2026-06-23 21:59:03,RTY,2995.5,0.15,100,0.0,2950.0,3000.0,3050.0,2950.0
2026-06-23 22:00:03,RTY,2995.0,0.15,100,0.0,2950.0,3000.0,3050.0,2950.0
2026-06-23 22:01:03,RTY,2995.4,0.15,100,0.0,2950.0,3000.0,3050.0,2950.0
2026-06-23 22:02:03,RTY,2996.1,0.15,0.0,0.0,2950.0,3000.0,3050.0,2950.0
2026-06-23 22:03:03,RTY,2995.5,0.15,100,0.0,2950.0,3000.0,3050.0,2950.0
2026-06-23 22:04:03,RTY,2995.3,0.15,100,0.0,2950.0,3000.0,3050.0,2950.0
2026-06-23 22:05:03,RTY,2994.5,0.15,100,0.0,2950.0,3000.0,3050.0,2950.0
2026-06-23 22:06:03,RTY,2993.7,0.15,0.0,0.0,2950.0,3000.0,3050.0,2950.0
2026-06-23 22:07:03,RTY,2992.9,0.15,0.0,0.0,2950.0,3000.0,3050.0,2950.0
2026-06-23 22:08:03,RTY,2994.3,0.15,100,0.0,2950.0,3000.0,3050.0,2950.0
2026-06-23 22:09:03,RTY,2995.0,0.15,100,31.5,2950.0,3000.0,3050.0,2950.0
2026-06-23 22:10:03,RTY,2997.2,0.15,0.0,43.5,2950.0,3000.0,3050.0,2950.0
2026-06-23 22:11:03,RTY,2999.4,0.15,0.0,66.0,2950.0,3000.0,3050.0,2950.0
2026-06-23 22:12:03,RTY,3000.8,0.15,0.0,54.0,3050.0,3000.0,3050.0,2950.0
2026-06-23 22:13:03,RTY,3001.0,0.15,0.0,0.0,3050.0,3000.0,3050.0,2950.0
2026-06-23 22:14:03,RTY,3000.8,0.15,0.0,0.0,3050.0,3000.0,3050.0,2950.0
2026-06-23 22:15:03,RTY,3001.1,0.15,0.0,0.0,3050.0,3000.0,3050.0,2950.0
2026-06-23 22:16:03,RTY,2999.6,0.15,0.0,0.0,2950.0,3000.0,3050.0,2950.0
2026-06-23 22:17:03,RTY,2998.6,0.15,0.0,37.5,2950.0,3000.0,3050.0,2950.0
2026-06-23 22:18:03,RTY,2997.8,0.15,0.0,0.0,2950.0,3000.0,3050.0,2950.0
2026-06-23 22:19:03,RTY,2997.7,0.15,0.0,0.0,2950.0,3000.0,3050.0,2950.0
2026-06-23 22:20:03,RTY,2997.4,0.15,0.0,0.0,2950.0,3000.0,3050.0,2950.0
2026-06-23 22:21:03,RTY,2998.1,0.15,0.0,0.0,2950.0,3000.0,3050.0,2950.0
2026-06-23 22:22:03,RTY,2997.6,0.15,0.0,0.0,2950.0,3000.0,3050.0,2950.0
2026-06-23 22:23:03,RTY,2997.7,0.15,0.0,0.0,2950.0,3000.0,3050.0,2950.0
2026-06-23 22:24:03,RTY,2997.5,0.15,0.0,0.0,2950.0,3000.0,3050.0,2950.0
2026-06-23 22:25:03,RTY,2996.5,0.15,0.0,0.0,2950.0,3000.0,3050.0,2950.0
2026-06-23 22:26:03,RTY,2997.9,0.15,0.0,0.0,2950.0,3000.0,3050.0,2950.0
2026-06-23 22:27:03,RTY,2998.3,0.15,0.0,0.0,2950.0,3000.0,3050.0,2950.0
2026-06-23 22:28:03,RTY,2999.8,0.15,0.0,0.0,2950.0,3000.0,3050.0,2950.0
2026-06-23 22:29:03,RTY,3000.8,0.15,0.0,37.5,3050.0,3000.0,3050.0,2950.0
2026-06-23 22:30:03,RTY,3001.5,0.15,0.0,0.0,3050.0,3000.0,3050.0,2950.0
2026-06-23 22:31:03,RTY,3001.9,0.15,0.0,0.0,3050.0,3000.0,3050.0,2950.0
2026-06-23 22:32:03,RTY,3002.4,0.15,0.0,0.0,3050.0,3000.0,3050.0,2950.0
2026-06-23 22:33:03,RTY,3003.0,0.15,0.0,0.0,3050.0,3000.0,3050.0,2950.0
2026-06-23 22:34:03,RTY,3001.7,0.15,0.0,0.0,3050.0,3000.0,3050.0,2950.0
2026-06-23 22:35:03,RTY,3002.4,0.15,0.0,0.0,3050.0,3000.0,3050.0,2950.0
2026-06-23 22:36:03,RTY,3003.4,0.15,0.0,0.0,3050.0,3000.0,3050.0,2950.0
2026-06-23 22:37:03,RTY,3002.7,0.15,0.0,0.0,3050.0,3000.0,3050.0,2950.0
2026-06-23 22:38:03,RTY,3001.7,0.15,0.0,0.0,3050.0,3000.0,3050.0,2950.0
2026-06-23 22:39:03,RTY,3000.1,0.15,0.0,39.0,3050.0,3000.0,3050.0,2950.0
2026-06-23 22:40:03,RTY,3000.1,0.15,0.0,0.0,3050.0,3000.0,3050.0,2950.0
2026-06-23 22:41:03,RTY,3001.1,0.15,0.0,0.0,3050.0,3000.0,3050.0,2950.0
2026-06-23 22:42:03,RTY,3000.3,0.15,0.0,0.0,3050.0,3000.0,3050.0,2950.0
2026-06-23 22:43:03,RTY,3000.7,0.15,0.0,0.0,3050.0,3000.0,3050.0,2950.0
2026-06-23 22:44:03,RTY,3001.0,0.15,0.0,0.0,3050.0,3000.0,3050.0,2950.0
2026-06-23 22:45:03,RTY,3000.5,0.15,0.0,0.0,3050.0,3000.0,3050.0,2950.0
2026-06-23 22:46:03,RTY,3000.1,0.15,0.0,0.0,3050.0,3000.0,3050.0,2950.0
2026-06-23 22:47:03,RTY,2999.7,0.15,0.0,0.0,2950.0,3000.0,3050.0,2950.0
2026-06-23 22:48:03,RTY,2999.2,0.15,0.0,0.0,2950.0,3000.0,3050.0,2950.0
2026-06-23 22:49:03,RTY,2999.4,0.15,0.0,0.0,2950.0,3000.0,3050.0,2950.0
2026-06-23 22:50:03,RTY,2999.2,0.15,0.0,0.0,2950.0,3000.0,3050.0,2950.0
2026-06-23 22:51:03,RTY,2998.4,0.15,0.0,0.0,2950.0,3000.0,3050.0,2950.0
2026-06-23 22:52:03,RTY,2999.6,0.15,0.0,0.0,2950.0,3000.0,3050.0,2950.0
2026-06-23 22:53:03,RTY,2999.1,0.15,0.0,0.0,2950.0,3000.0,3050.0,2950.0
2026-06-23 22:54:03,RTY,2998.9,0.15,0.0,0.0,2950.0,3000.0,3050.0,2950.0
2026-06-23 22:55:03,RTY,2999.1,0.15,0.0,0.0,2950.0,3000.0,3050.0,2950.0
2026-06-23 22:56:03,RTY,2998.8,0.15,0.0,0.0,2950.0,3000.0,3050.0,2950.0
2026-06-23 22:57:03,RTY,2999.0,0.15,0.0,0.0,2950.0,3000.0,3050.0,2950.0
2026-06-23 22:58:03,RTY,2999.3,0.15,0.0,0.0,2950.0,3000.0,3050.0,2950.0
2026-06-23 22:59:03,RTY,2999.5,0.15,0.0,0.0,2950.0,3000.0,3050.0,2950.0
2026-06-23 23:00:03,RTY,3000.2,0.15,0.0,0.0,3050.0,3000.0,3050.0,2950.0
2026-06-23 23:01:03,RTY,2999.4,0.15,0.0,0.0,2950.0,3000.0,3050.0,2950.0
2026-06-23 23:02:03,RTY,2998.9,0.15,0.0,0.0,2950.0,3000.0,3050.0,2950.0
2026-06-23 23:03:03,RTY,2998.5,0.15,0.0,0.0,2950.0,3000.0,3050.0,2950.0
2026-06-23 23:04:03,RTY,2997.7,0.15,0.0,0.0,2950.0,3000.0,3050.0,2950.0
2026-06-23 23:05:03,RTY,2997.7,0.15,0.0,0.0,2950.0,3000.0,3050.0,2950.0
2026-06-23 23:06:03,RTY,2996.9,0.15,0.0,0.0,2950.0,3000.0,3050.0,2950.0
2026-06-23 23:07:03,RTY,2997.2,0.15,0.0,0.0,2950.0,3000.0,3050.0,2950.0
2026-06-23 23:08:03,RTY,2997.3,0.15,0.0,0.0,2950.0,3000.0,3050.0,2950.0
2026-06-23 23:09:03,RTY,2996.9,0.15,0.0,0.0,2950.0,3000.0,3050.0,2950.0
2026-06-23 23:10:03,RTY,2997.3,0.15,0.0,0.0,2950.0,3000.0,3050.0,2950.0
2026-06-23 23:11:03,RTY,2997.4,0.15,0.0,0.0,2950.0,3000.0,3050.0,2950.0
2026-06-23 23:12:03,RTY,2996.9,0.15,0.0,0.0,2950.0,3000.0,3050.0,2950.0
2026-06-23 23:13:03,RTY,2996.7,0.15,0.0,0.0,2950.0,3000.0,3050.0,2950.0
2026-06-23 23:14:03,RTY,2995.8,0.15,100,0.0,2950.0,3000.0,3050.0,2950.0
2026-06-23 23:15:03,RTY,2996.3,0.15,0.0,0.0,2950.0,3000.0,3050.0,2950.0
2026-06-23 23:16:03,RTY,2996.6,0.15,0.0,0.0,2950.0,3000.0,3050.0,2950.0
2026-06-23 23:17:03,RTY,2996.0,0.15,0.0,0.0,2950.0,3000.0,3050.0,2950.0
2026-06-23 23:18:03,RTY,2995.8,0.15,100,0.0,2950.0,3000.0,3050.0,2950.0
2026-06-23 23:19:04,RTY,2995.8,0.15,100,0.0,2950.0,3000.0,3050.0,2950.0
2026-06-23 23:20:04,RTY,2994.9,0.15,100,0.0,2950.0,3000.0,3050.0,2950.0
2026-06-23 23:21:04,RTY,2994.9,0.15,100,0.0,2950.0,3000.0,3050.0,2950.0
2026-06-23 23:22:04,RTY,2995.0,0.15,100,0.0,2950.0,3000.0,3050.0,2950.0
2026-06-23 23:23:03,RTY,2995.4,0.15,100,0.0,2950.0,3000.0,3050.0,2950.0
2026-06-23 23:24:03,RTY,2994.4,0.15,100,0.0,2950.0,3000.0,3050.0,2950.0
2026-06-23 23:25:03,RTY,2994.5,0.15,100,0.0,2950.0,3000.0,3050.0,2950.0
2026-06-23 23:26:03,RTY,2994.8,0.15,100,0.0,2950.0,3000.0,3050.0,2950.0
2026-06-23 23:27:03,RTY,2995.0,0.15,100,0.0,2950.0,3000.0,3050.0,2950.0
2026-06-23 23:28:03,RTY,2995.9,0.15,100,0.0,2950.0,3000.0,3050.0,2950.0
2026-06-23 23:29:03,RTY,2995.6,0.15,100,0.0,2950.0,3000.0,3050.0,2950.0
2026-06-23 23:30:03,RTY,2995.4,0.15,100,0.0,2950.0,3000.0,3050.0,2950.0
2026-06-23 23:31:03,RTY,2996.0,0.15,0.0,0.0,2950.0,3000.0,3050.0,2950.0
2026-06-23 23:32:03,RTY,2996.4,0.15,0.0,0.0,2950.0,3000.0,3050.0,2950.0
2026-06-23 23:33:03,RTY,2997.8,0.15,0.0,0.0,2950.0,3000.0,3050.0,2950.0
2026-06-23 23:34:03,RTY,2997.8,0.15,0.0,0.0,2950.0,3000.0,3050.0,2950.0
2026-06-23 23:35:03,RTY,2998.0,0.15,0.0,0.0,2950.0,3000.0,3050.0,2950.0
2026-06-23 23:36:03,RTY,2998.2,0.15,0.0,0.0,2950.0,3000.0,3050.0,2950.0
2026-06-23 23:37:03,RTY,3000.0,0.15,0.0,0.0,2950.0,3000.0,3050.0,2950.0
2026-06-23 23:38:03,RTY,3000.1,0.15,0.0,0.0,3050.0,3000.0,3050.0,2950.0
2026-06-23 23:39:03,RTY,3000.2,0.15,0.0,0.0,3050.0,3000.0,3050.0,2950.0
2026-06-23 23:40:03,RTY,3000.5,0.15,0.0,0.0,3050.0,3000.0,3050.0,2950.0
2026-06-23 23:41:03,RTY,3001.2,0.15,0.0,0.0,3050.0,3000.0,3050.0,2950.0
2026-06-23 23:42:03,RTY,3001.5,0.15,0.0,0.0,3050.0,3000.0,3050.0,2950.0
2026-06-23 23:43:03,RTY,3001.6,0.15,0.0,0.0,3050.0,3000.0,3050.0,2950.0
2026-06-23 23:44:03,RTY,3001.2,0.15,0.0,0.0,3050.0,3000.0,3050.0,2950.0
2026-06-23 23:45:03,RTY,3001.0,0.15,0.0,0.0,3050.0,3000.0,3050.0,2950.0
2026-06-23 23:46:03,RTY,3000.1,0.15,0.0,0.0,3050.0,3000.0,3050.0,2950.0
2026-06-23 23:47:03,RTY,3000.7,0.15,0.0,0.0,3050.0,3000.0,3050.0,2950.0
2026-06-23 23:48:03,RTY,3001.2,0.15,0.0,0.0,3050.0,3000.0,3050.0,2950.0
2026-06-23 23:49:03,RTY,3000.7,0.15,0.0,0.0,3050.0,3000.0,3050.0,2950.0
2026-06-23 23:50:03,RTY,3001.0,0.15,0.0,0.0,3050.0,3000.0,3050.0,2950.0
2026-06-23 23:51:03,RTY,3000.7,0.15,0.0,0.0,3050.0,3000.0,3050.0,2950.0
2026-06-23 23:52:03,RTY,3000.7,0.15,0.0,0.0,3050.0,3000.0,3050.0,2950.0
2026-06-23 23:53:03,RTY,3000.8,0.15,0.0,0.0,3050.0,3000.0,3050.0,2950.0
2026-06-23 23:54:03,RTY,3000.2,0.15,0.0,0.0,3050.0,3000.0,3050.0,2950.0
2026-06-23 23:55:03,RTY,3000.6,0.15,0.0,0.0,3050.0,3000.0,3050.0,2950.0
2026-06-23 23:56:03,RTY,3001.1,0.15,0.0,0.0,3050.0,3000.0,3050.0,2950.0
2026-06-23 23:57:03,RTY,3001.3,0.15,0.0,0.0,3050.0,3000.0,3050.0,2950.0
2026-06-23 23:58:03,RTY,3001.1,0.15,0.0,0.0,3050.0,3000.0,3050.0,2950.0
2026-06-24 00:00:04,RTY,3000.4,0.15,0.0,0.0,3050.0,3000.0,3050.0,2950.0
2026-06-24 00:01:03,RTY,3000.1,0.15,0.0,0.0,3050.0,3000.0,3050.0,2950.0
2026-06-24 00:02:03,RTY,3000.3,0.15,0.0,0.0,3050.0,3000.0,3050.0,2950.0
2026-06-24 00:03:03,RTY,3001.1,0.15,0.0,0.0,3050.0,3000.0,3050.0,2950.0
2026-06-24 00:06:02,RTY,3000.2,0.15,0.0,0.0,3050.0,3000.0,3050.0,2950.0
2026-06-24 00:07:02,RTY,3000.0,0.15,0.0,0.0,2950.0,3000.0,3050.0,2950.0
2026-06-24 00:08:02,RTY,2999.6,0.15,0.0,0.0,2950.0,3000.0,3050.0,2950.0
2026-06-24 00:09:02,RTY,3000.5,0.15,0.0,0.0,3050.0,3000.0,3050.0,2950.0
2026-06-24 00:10:02,RTY,3001.8,0.15,0.0,33.0,3050.0,3000.0,3050.0,2950.0
2026-06-24 00:11:02,RTY,3000.6,0.15,0.0,0.0,3050.0,3000.0,3050.0,2950.0
2026-06-24 00:12:02,RTY,3001.4,0.15,0.0,0.0,3050.0,3000.0,3050.0,2950.0
2026-06-24 00:13:02,RTY,3001.2,0.15,0.0,0.0,3050.0,3000.0,3050.0,2950.0
2026-06-24 00:14:02,RTY,3001.7,0.15,0.0,0.0,3050.0,3000.0,3050.0,2950.0
2026-06-24 00:15:02,RTY,3001.3,0.15,0.0,0.0,3050.0,3000.0,3050.0,2950.0
2026-06-24 00:16:02,RTY,3001.6,0.15,0.0,0.0,3050.0,3000.0,3050.0,2950.0
2026-06-24 00:17:02,RTY,3001.7,0.15,0.0,0.0,3050.0,3000.0,3050.0,2950.0
2026-06-24 00:18:02,RTY,3002.6,0.15,0.0,0.0,3050.0,3000.0,3050.0,2950.0
2026-06-24 00:19:02,RTY,3003.1,0.15,0.0,0.0,3050.0,3000.0,3050.0,2950.0
2026-06-24 00:20:02,RTY,3003.3,0.15,0.0,0.0,3050.0,3000.0,3050.0,2950.0
2026-06-24 00:21:02,RTY,3002.8,0.15,0.0,0.0,3050.0,3000.0,3050.0,2950.0
2026-06-24 00:22:02,RTY,3003.8,0.15,0.0,0.0,3050.0,3000.0,3050.0,2950.0
2026-06-24 00:23:02,RTY,3003.0,0.15,0.0,0.0,3050.0,3000.0,3050.0,2950.0
2026-06-24 00:24:02,RTY,3003.2,0.15,0.0,0.0,3050.0,3000.0,3050.0,2950.0
2026-06-24 00:25:02,RTY,3003.9,0.15,0.0,0.0,3050.0,3000.0,3050.0,2950.0
2026-06-24 00:26:02,RTY,3003.5,0.15,0.0,0.0,3050.0,3000.0,3050.0,2950.0
2026-06-24 00:27:02,RTY,3003.2,0.15,0.0,0.0,3050.0,3000.0,3050.0,2950.0
2026-06-24 00:28:02,RTY,3003.4,0.15,0.0,0.0,3050.0,3000.0,3050.0,2950.0
2026-06-24 00:29:02,RTY,3003.5,0.15,0.0,0.0,3050.0,3000.0,3050.0,2950.0
2026-06-24 00:30:02,RTY,3002.7,0.15,0.0,0.0,3050.0,3000.0,3050.0,2950.0
2026-06-24 00:31:02,RTY,3002.8,0.15,0.0,0.0,3050.0,3000.0,3050.0,2950.0
2026-06-24 00:32:02,RTY,3003.5,0.15,0.0,0.0,3050.0,3000.0,3050.0,2950.0
2026-06-24 00:33:02,RTY,3004.0,0.15,0.0,0.0,3050.0,3000.0,3050.0,2950.0
2026-06-24 00:34:02,RTY,3003.4,0.15,0.0,0.0,3050.0,3000.0,3050.0,2950.0
2026-06-24 00:35:02,RTY,3002.3,0.15,0.0,0.0,3050.0,3000.0,3050.0,2950.0
2026-06-24 00:36:02,RTY,3003.4,0.15,0.0,0.0,3050.0,3000.0,3050.0,2950.0
2026-06-24 00:37:02,RTY,3003.9,0.15,0.0,0.0,3050.0,3000.0,3050.0,2950.0
2026-06-24 00:38:02,RTY,3003.6,0.15,0.0,0.0,3050.0,3000.0,3050.0,2950.0
2026-06-24 00:39:02,RTY,3004.1,0.15,100,0.0,3050.0,3000.0,3050.0,2950.0
2026-06-24 00:40:02,RTY,3004.9,0.15,100,0.0,3050.0,3000.0,3050.0,2950.0
2026-06-24 00:41:02,RTY,3004.2,0.15,100,0.0,3050.0,3000.0,3050.0,2950.0
2026-06-24 00:42:02,RTY,3003.6,0.15,0.0,0.0,3050.0,3000.0,3050.0,2950.0
2026-06-24 00:43:02,RTY,3002.9,0.15,0.0,0.0,3050.0,3000.0,3050.0,2950.0
2026-06-24 00:44:02,RTY,3002.8,0.15,0.0,0.0,3050.0,3000.0,3050.0,2950.0
2026-06-24 00:45:02,RTY,3002.5,0.15,0.0,0.0,3050.0,3000.0,3050.0,2950.0
2026-06-24 00:46:02,RTY,3002.3,0.15,0.0,0.0,3050.0,3000.0,3050.0,2950.0
2026-06-24 00:47:02,RTY,3002.3,0.15,0.0,0.0,3050.0,3000.0,3050.0,2950.0
2026-06-24 00:48:02,RTY,3002.5,0.15,0.0,0.0,3050.0,3000.0,3050.0,2950.0
2026-06-24 00:49:02,RTY,3002.1,0.15,0.0,0.0,3050.0,3000.0,3050.0,2950.0
2026-06-24 00:50:02,RTY,3001.8,0.15,0.0,0.0,3050.0,3000.0,3050.0,2950.0
2026-06-24 00:51:02,RTY,3001.1,0.15,0.0,0.0,3050.0,3000.0,3050.0,2950.0
2026-06-24 00:52:02,RTY,3001.1,0.15,0.0,0.0,3050.0,3000.0,3050.0,2950.0
2026-06-24 00:53:02,RTY,3000.9,0.15,0.0,0.0,3050.0,3000.0,3050.0,2950.0
2026-06-24 00:54:02,RTY,3000.4,0.15,0.0,0.0,3050.0,3000.0,3050.0,2950.0
2026-06-24 00:55:02,RTY,3000.5,0.15,0.0,0.0,3050.0,3000.0,3050.0,2950.0
2026-06-24 00:56:02,RTY,3000.4,0.15,0.0,0.0,3050.0,3000.0,3050.0,2950.0
2026-06-24 00:57:02,RTY,3000.5,0.15,0.0,0.0,3050.0,3000.0,3050.0,2950.0
2026-06-24 00:58:02,RTY,3000.7,0.15,0.0,0.0,3050.0,3000.0,3050.0,2950.0
2026-06-24 00:59:02,RTY,3000.7,0.15,0.0,0.0,3050.0,3000.0,3050.0,2950.0
2026-06-24 01:00:02,RTY,3000.5,0.15,0.0,0.0,3050.0,3000.0,3050.0,2950.0
2026-06-24 01:01:02,RTY,2999.4,0.15,0.0,0.0,2950.0,3000.0,3050.0,2950.0
2026-06-24 01:02:02,RTY,2999.3,0.15,0.0,0.0,2950.0,3000.0,3050.0,2950.0
2026-06-24 01:03:02,RTY,2999.6,0.15,0.0,0.0,2950.0,3000.0,3050.0,2950.0
2026-06-24 01:04:02,RTY,2999.0,0.15,0.0,0.0,2950.0,3000.0,3050.0,2950.0
2026-06-24 01:05:02,RTY,2997.8,0.15,0.0,0.0,2950.0,3000.0,3050.0,2950.0
2026-06-24 01:06:02,RTY,2998.6,0.15,0.0,0.0,2950.0,3000.0,3050.0,2950.0
2026-06-24 01:07:02,RTY,2998.0,0.15,0.0,0.0,2950.0,3000.0,3050.0,2950.0
2026-06-24 01:08:02,RTY,2998.5,0.15,0.0,0.0,2950.0,3000.0,3050.0,2950.0
2026-06-24 01:09:02,RTY,2999.4,0.15,0.0,0.0,2950.0,3000.0,3050.0,2950.0
2026-06-24 01:10:02,RTY,2999.3,0.15,0.0,0.0,2950.0,3000.0,3050.0,2950.0
2026-06-24 01:11:02,RTY,3000.3,0.15,0.0,0.0,3050.0,3000.0,3050.0,2950.0
2026-06-24 01:12:02,RTY,3001.2,0.15,0.0,0.0,3050.0,3000.0,3050.0,2950.0
2026-06-24 01:13:02,RTY,3000.8,0.15,0.0,0.0,3050.0,3000.0,3050.0,2950.0
2026-06-24 01:14:02,RTY,3000.6,0.15,0.0,0.0,3050.0,3000.0,3050.0,2950.0
2026-06-24 01:15:02,RTY,3000.1,0.15,0.0,0.0,3050.0,3000.0,3050.0,2950.0
2026-06-24 01:16:02,RTY,2999.3,0.15,0.0,0.0,2950.0,3000.0,3050.0,2950.0
2026-06-24 01:17:02,RTY,2998.2,0.15,0.0,0.0,2950.0,3000.0,3050.0,2950.0
2026-06-24 01:18:02,RTY,2998.6,0.15,0.0,0.0,2950.0,3000.0,3050.0,2950.0
2026-06-24 01:19:02,RTY,2998.0,0.15,0.0,0.0,2950.0,3000.0,3050.0,2950.0
2026-06-24 01:20:02,RTY,2998.6,0.15,0.0,0.0,2950.0,3000.0,3050.0,2950.0
2026-06-24 01:21:02,RTY,2997.0,0.15,0.0,0.0,2950.0,3000.0,3050.0,2950.0
2026-06-24 01:22:02,RTY,2997.1,0.15,0.0,0.0,2950.0,3000.0,3050.0,2950.0
2026-06-24 01:23:02,RTY,2998.3,0.15,0.0,0.0,2950.0,3000.0,3050.0,2950.0
2026-06-24 01:24:02,RTY,2998.0,0.15,0.0,0.0,2950.0,3000.0,3050.0,2950.0
2026-06-24 01:25:02,RTY,2997.8,0.15,0.0,0.0,2950.0,3000.0,3050.0,2950.0
2026-06-24 01:26:02,RTY,2998.0,0.15,0.0,0.0,2950.0,3000.0,3050.0,2950.0
2026-06-24 01:27:02,RTY,2998.3,0.15,0.0,0.0,2950.0,3000.0,3050.0,2950.0
2026-06-24 01:28:02,RTY,2997.9,0.15,0.0,0.0,2950.0,3000.0,3050.0,2950.0
2026-06-24 01:29:02,RTY,2997.6,0.15,0.0,0.0,2950.0,3000.0,3050.0,2950.0
2026-06-24 01:30:02,RTY,2997.8,0.15,0.0,0.0,2950.0,3000.0,3050.0,2950.0
2026-06-24 01:31:02,RTY,2998.7,0.15,0.0,0.0,2950.0,3000.0,3050.0,2950.0
2026-06-24 01:32:02,RTY,2999.4,0.15,0.0,0.0,2950.0,3000.0,3050.0,2950.0
2026-06-24 01:33:02,RTY,2999.0,0.15,0.0,0.0,2950.0,3000.0,3050.0,2950.0
2026-06-24 01:34:02,RTY,2999.1,0.15,0.0,0.0,2950.0,3000.0,3050.0,2950.0
2026-06-24 01:35:02,RTY,2999.8,0.15,0.0,0.0,2950.0,3000.0,3050.0,2950.0
2026-06-24 01:36:02,RTY,3000.7,0.15,0.0,0.0,3050.0,3000.0,3050.0,2950.0
2026-06-24 01:37:02,RTY,3000.5,0.15,0.0,0.0,3050.0,3000.0,3050.0,2950.0
2026-06-24 01:38:02,RTY,3000.7,0.15,0.0,0.0,3050.0,3000.0,3050.0,2950.0
2026-06-24 01:39:02,RTY,3000.6,0.15,0.0,0.0,3050.0,3000.0,3050.0,2950.0
2026-06-24 01:40:02,RTY,2999.3,0.15,0.0,0.0,2950.0,3000.0,3050.0,2950.0
2026-06-24 01:41:02,RTY,2999.5,0.15,0.0,0.0,2950.0,3000.0,3050.0,2950.0
2026-06-24 01:42:02,RTY,2999.5,0.15,0.0,0.0,2950.0,3000.0,3050.0,2950.0
2026-06-24 01:43:02,RTY,2999.5,0.15,0.0,0.0,2950.0,3000.0,3050.0,2950.0
2026-06-24 01:44:02,RTY,2999.6,0.15,0.0,0.0,2950.0,3000.0,3050.0,2950.0
2026-06-24 01:45:02,RTY,2999.4,0.15,0.0,0.0,2950.0,3000.0,3050.0,2950.0
2026-06-24 01:46:02,RTY,2998.8,0.15,0.0,0.0,2950.0,3000.0,3050.0,2950.0
2026-06-24 01:47:02,RTY,2998.8,0.15,0.0,0.0,2950.0,3000.0,3050.0,2950.0
2026-06-24 01:48:02,RTY,2998.8,0.15,0.0,0.0,2950.0,3000.0,3050.0,2950.0
2026-06-24 01:49:02,RTY,2999.3,0.15,0.0,0.0,2950.0,3000.0,3050.0,2950.0
2026-06-24 01:50:02,RTY,2999.5,0.15,0.0,0.0,2950.0,3000.0,3050.0,2950.0
2026-06-24 01:51:02,RTY,2999.7,0.15,0.0,0.0,2950.0,3000.0,3050.0,2950.0
2026-06-24 01:52:02,RTY,3000.0,0.15,0.0,0.0,2950.0,3000.0,3050.0,2950.0
2026-06-24 01:53:02,RTY,3001.1,0.15,0.0,0.0,3050.0,3000.0,3050.0,2950.0
2026-06-24 01:54:02,RTY,3001.2,0.15,0.0,0.0,3050.0,3000.0,3050.0,2950.0
2026-06-24 01:55:02,RTY,3000.9,0.15,0.0,0.0,3050.0,3000.0,3050.0,2950.0
2026-06-24 01:56:02,RTY,3000.7,0.15,0.0,0.0,3050.0,3000.0,3050.0,2950.0
2026-06-24 01:57:02,RTY,3001.2,0.15,0.0,0.0,3050.0,3000.0,3050.0,2950.0
2026-06-24 01:58:02,RTY,3000.5,0.15,0.0,0.0,3050.0,3000.0,3050.0,2950.0
2026-06-24 01:59:02,RTY,3000.0,0.15,0.0,0.0,2950.0,3000.0,3050.0,2950.0
2026-06-24 02:00:02,RTY,2999.7,0.15,0.0,0.0,2950.0,3000.0,3050.0,2950.0
2026-06-24 02:01:02,RTY,2999.0,0.15,0.0,0.0,2950.0,3000.0,3050.0,2950.0
2026-06-24 02:02:02,RTY,2997.9,0.15,0.0,0.0,2950.0,3000.0,3050.0,2950.0
2026-06-24 02:03:02,RTY,2997.8,0.15,0.0,0.0,2950.0,3000.0,3050.0,2950.0
2026-06-24 02:04:02,RTY,2996.4,0.15,0.0,0.0,2950.0,3000.0,3050.0,2950.0
2026-06-24 02:05:02,RTY,2997.1,0.15,0.0,0.0,2950.0,3000.0,3050.0,2950.0
2026-06-24 02:06:02,RTY,2996.8,0.15,0.0,0.0,2950.0,3000.0,3050.0,2950.0
2026-06-24 02:07:02,RTY,2998.1,0.15,0.0,0.0,2950.0,3000.0,3050.0,2950.0
2026-06-24 02:08:02,RTY,2999.7,0.15,0.0,43.5,2950.0,3000.0,3050.0,2950.0
2026-06-24 02:09:02,RTY,3001.0,0.15,0.0,43.5,3050.0,3000.0,3050.0,2950.0
2026-06-24 02:10:02,RTY,2998.9,0.15,0.0,0.0,2950.0,3000.0,3050.0,2950.0
2026-06-24 02:11:02,RTY,2999.9,0.15,0.0,0.0,2950.0,3000.0,3050.0,2950.0
2026-06-24 02:12:02,RTY,3000.6,0.15,0.0,0.0,3050.0,3000.0,3050.0,2950.0
2026-06-24 02:13:02,RTY,2999.6,0.15,0.0,0.0,2950.0,3000.0,3050.0,2950.0
2026-06-24 02:14:02,RTY,2999.6,0.15,0.0,0.0,2950.0,3000.0,3050.0,2950.0
2026-06-24 02:15:02,RTY,2999.5,0.15,0.0,0.0,2950.0,3000.0,3050.0,2950.0
2026-06-24 02:16:02,RTY,2999.5,0.15,0.0,0.0,2950.0,3000.0,3050.0,2950.0
2026-06-24 02:17:02,RTY,3001.1,0.15,0.0,0.0,3050.0,3000.0,3050.0,2950.0
2026-06-24 02:18:02,RTY,3001.0,0.15,0.0,0.0,3050.0,3000.0,3050.0,2950.0
2026-06-24 02:19:02,RTY,3001.0,0.15,0.0,0.0,3050.0,3000.0,3050.0,2950.0
2026-06-24 02:20:02,RTY,3000.1,0.15,0.0,0.0,3050.0,3000.0,3050.0,2950.0
2026-06-24 02:21:02,RTY,2998.9,0.15,0.0,31.5,2950.0,3000.0,3050.0,2950.0
2026-06-24 02:22:02,RTY,2999.6,0.15,0.0,0.0,2950.0,3000.0,3050.0,2950.0
2026-06-24 02:23:02,RTY,3000.4,0.15,0.0,0.0,3050.0,3000.0,3050.0,2950.0
2026-06-24 02:24:02,RTY,3000.8,0.15,0.0,0.0,3050.0,3000.0,3050.0,2950.0
2026-06-24 02:25:02,RTY,3000.2,0.15,0.0,0.0,3050.0,3000.0,3050.0,2950.0
2026-06-24 02:26:02,RTY,2998.2,0.15,0.0,39.0,2950.0,3000.0,3050.0,2950.0
2026-06-24 02:27:02,RTY,2998.3,0.15,0.0,0.0,2950.0,3000.0,3050.0,2950.0
2026-06-24 02:28:02,RTY,2998.2,0.15,0.0,0.0,2950.0,3000.0,3050.0,2950.0
2026-06-24 02:29:02,RTY,2997.1,0.15,0.0,0.0,2950.0,3000.0,3050.0,2950.0
2026-06-24 02:30:02,RTY,2997.3,0.15,0.0,0.0,2950.0,3000.0,3050.0,2950.0
2026-06-24 02:31:02,RTY,2998.3,0.15,0.0,0.0,2950.0,3000.0,3050.0,2950.0
2026-06-24 02:32:02,RTY,2997.5,0.15,0.0,0.0,2950.0,3000.0,3050.0,2950.0
2026-06-24 02:33:02,RTY,2998.6,0.15,0.0,0.0,2950.0,3000.0,3050.0,2950.0
2026-06-24 02:34:02,RTY,2998.5,0.15,0.0,0.0,2950.0,3000.0,3050.0,2950.0
2026-06-24 02:35:02,RTY,2997.9,0.15,0.0,0.0,2950.0,3000.0,3050.0,2950.0
2026-06-24 02:36:02,RTY,2996.1,0.15,0.0,36.0,2950.0,3000.0,3050.0,2950.0
2026-06-24 02:37:02,RTY,2995.5,0.15,100,36.0,2950.0,3000.0,3050.0,2950.0
2026-06-24 02:38:02,RTY,2996.1,0.15,0.0,0.0,2950.0,3000.0,3050.0,2950.0
2026-06-24 02:39:02,RTY,2997.3,0.15,0.0,0.0,2950.0,3000.0,3050.0,2950.0
2026-06-24 02:40:02,RTY,2997.4,0.15,0.0,0.0,2950.0,3000.0,3050.0,2950.0
2026-06-24 02:41:02,RTY,2997.2,0.15,0.0,0.0,2950.0,3000.0,3050.0,2950.0
2026-06-24 02:42:02,RTY,2998.8,0.15,0.0,0.0,2950.0,3000.0,3050.0,2950.0
2026-06-24 02:43:02,RTY,2998.5,0.15,0.0,0.0,2950.0,3000.0,3050.0,2950.0
2026-06-24 02:44:02,RTY,2998.9,0.15,0.0,0.0,2950.0,3000.0,3050.0,2950.0
2026-06-24 02:45:02,RTY,3000.2,0.15,0.0,0.0,3050.0,3000.0,3050.0,2950.0
2026-06-24 02:46:02,RTY,3000.6,0.15,0.0,0.0,3050.0,3000.0,3050.0,2950.0
2026-06-24 02:47:02,RTY,3001.0,0.15,0.0,0.0,3050.0,3000.0,3050.0,2950.0
2026-06-24 02:48:02,RTY,3001.6,0.15,0.0,0.0,3050.0,3000.0,3050.0,2950.0
2026-06-24 02:49:02,RTY,3000.7,0.15,0.0,0.0,3050.0,3000.0,3050.0,2950.0
2026-06-24 02:50:02,RTY,3001.3,0.15,0.0,0.0,3050.0,3000.0,3050.0,2950.0
2026-06-24 02:51:02,RTY,3001.2,0.15,0.0,0.0,3050.0,3000.0,3050.0,2950.0
2026-06-24 02:52:02,RTY,3000.5,0.15,0.0,0.0,3050.0,3000.0,3050.0,2950.0
2026-06-24 02:53:02,RTY,2999.5,0.15,0.0,0.0,2950.0,3000.0,3050.0,2950.0
2026-06-24 02:54:02,RTY,2998.2,0.15,0.0,34.5,2950.0,3000.0,3050.0,2950.0
2026-06-24 02:55:02,RTY,2998.6,0.15,0.0,0.0,2950.0,3000.0,3050.0,2950.0
2026-06-24 02:56:02,RTY,2998.5,0.15,0.0,0.0,2950.0,3000.0,3050.0,2950.0
2026-06-24 02:57:02,RTY,2998.2,0.15,0.0,0.0,2950.0,3000.0,3050.0,2950.0
2026-06-24 02:58:02,RTY,2997.8,0.15,0.0,0.0,2950.0,3000.0,3050.0,2950.0
2026-06-24 02:59:02,RTY,2998.1,0.15,0.0,0.0,2950.0,3000.0,3050.0,2950.0
2026-06-24 03:00:02,RTY,2997.5,0.15,0.0,0.0,2950.0,3000.0,3050.0,2950.0
2026-06-24 03:01:02,RTY,2997.0,0.15,0.0,0.0,2950.0,3000.0,3050.0,2950.0
2026-06-24 03:02:02,RTY,2998.7,0.15,0.0,0.0,2950.0,3000.0,3050.0,2950.0
2026-06-24 03:03:02,RTY,2999.9,0.15,0.0,43.5,2950.0,3000.0,3050.0,2950.0
2026-06-24 03:04:02,RTY,2999.6,0.15,0.0,0.0,2950.0,3000.0,3050.0,2950.0
2026-06-24 03:05:02,RTY,3001.7,0.15,0.0,0.0,3050.0,3000.0,3050.0,2950.0
2026-06-24 03:06:02,RTY,3003.5,0.15,0.0,58.5,3050.0,3000.0,3050.0,2950.0
2026-06-24 03:07:02,RTY,3002.2,0.15,0.0,0.0,3050.0,3000.0,3050.0,2950.0
2026-06-24 03:08:02,RTY,3002.6,0.15,0.0,0.0,3050.0,3000.0,3050.0,2950.0
2026-06-24 03:09:02,RTY,3003.2,0.15,0.0,0.0,3050.0,3000.0,3050.0,2950.0
2026-06-24 03:10:02,RTY,3002.5,0.15,0.0,0.0,3050.0,3000.0,3050.0,2950.0
2026-06-24 03:11:02,RTY,3002.9,0.15,0.0,0.0,3050.0,3000.0,3050.0,2950.0
2026-06-24 03:12:02,RTY,3004.0,0.15,0.0,0.0,3050.0,3000.0,3050.0,2950.0
2026-06-24 03:13:02,RTY,3002.6,0.15,0.0,0.0,3050.0,3000.0,3050.0,2950.0
2026-06-24 03:14:02,RTY,3003.8,0.15,0.0,0.0,3050.0,3000.0,3050.0,2950.0
2026-06-24 03:15:02,RTY,3004.6,0.15,100,0.0,3050.0,3000.0,3050.0,2950.0
2026-06-24 03:16:02,RTY,3004.0,0.15,0.0,0.0,3050.0,3000.0,3050.0,2950.0
2026-06-24 03:17:02,RTY,3004.0,0.15,0.0,0.0,3050.0,3000.0,3050.0,2950.0
2026-06-24 03:18:02,RTY,3004.8,0.15,100,0.0,3050.0,3000.0,3050.0,2950.0
2026-06-24 03:19:02,RTY,3005.4,0.15,100,0.0,3050.0,3000.0,3050.0,2950.0
2026-06-24 03:20:02,RTY,3003.4,0.15,0.0,0.0,3050.0,3000.0,3050.0,2950.0
2026-06-24 03:21:02,RTY,3003.3,0.15,0.0,31.5,3050.0,3000.0,3050.0,2950.0
2026-06-24 03:22:02,RTY,3002.1,0.15,0.0,0.0,3050.0,3000.0,3050.0,2950.0
2026-06-24 03:23:02,RTY,3001.8,0.15,0.0,0.0,3050.0,3000.0,3050.0,2950.0
2026-06-24 03:24:02,RTY,3001.5,0.15,0.0,0.0,3050.0,3000.0,3050.0,2950.0
2026-06-24 03:25:02,RTY,3001.2,0.15,0.0,0.0,3050.0,3000.0,3050.0,2950.0
2026-06-24 03:26:02,RTY,3000.1,0.15,0.0,0.0,3050.0,3000.0,3050.0,2950.0
2026-06-24 03:27:02,RTY,3000.6,0.15,0.0,0.0,3050.0,3000.0,3050.0,2950.0
2026-06-24 03:28:02,RTY,3000.5,0.15,0.0,0.0,3050.0,3000.0,3050.0,2950.0
2026-06-24 03:29:02,RTY,3000.3,0.15,0.0,0.0,3050.0,3000.0,3050.0,2950.0
2026-06-24 03:30:02,RTY,3001.0,0.15,0.0,0.0,3050.0,3000.0,3050.0,2950.0
2026-06-24 03:31:02,RTY,3001.0,0.15,0.0,0.0,3050.0,3000.0,3050.0,2950.0
2026-06-24 03:32:02,RTY,3002.1,0.15,0.0,0.0,3050.0,3000.0,3050.0,2950.0
2026-06-24 03:33:02,RTY,3003.9,0.15,0.0,43.5,3050.0,3000.0,3050.0,2950.0
2026-06-24 03:34:02,RTY,3003.1,0.15,0.0,0.0,3050.0,3000.0,3050.0,2950.0
2026-06-24 03:35:02,RTY,3002.2,0.15,0.0,0.0,3050.0,3000.0,3050.0,2950.0
2026-06-24 03:36:02,RTY,3002.3,0.15,0.0,0.0,3050.0,3000.0,3050.0,2950.0
2026-06-24 03:37:02,RTY,3001.4,0.15,0.0,0.0,3050.0,3000.0,3050.0,2950.0
2026-06-24 03:38:02,RTY,3000.8,0.15,0.0,0.0,3050.0,3000.0,3050.0,2950.0
2026-06-24 03:39:02,RTY,3001.3,0.15,0.0,0.0,3050.0,3000.0,3050.0,2950.0
2026-06-24 03:40:02,RTY,3000.5,0.15,0.0,0.0,3050.0,3000.0,3050.0,2950.0
2026-06-24 03:41:02,RTY,3001.0,0.15,0.0,0.0,3050.0,3000.0,3050.0,2950.0
2026-06-24 03:42:02,RTY,3000.8,0.15,0.0,0.0,3050.0,3000.0,3050.0,2950.0
2026-06-24 03:43:02,RTY,3000.5,0.15,0.0,0.0,3050.0,3000.0,3050.0,2950.0
2026-06-24 03:44:02,RTY,3001.2,0.15,0.0,0.0,3050.0,3000.0,3050.0,2950.0
2026-06-24 03:45:02,RTY,3000.9,0.15,0.0,0.0,3050.0,3000.0,3050.0,2950.0
2026-06-24 03:46:02,RTY,3000.0,0.15,0.0,0.0,2950.0,3000.0,3050.0,2950.0
2026-06-24 03:47:02,RTY,2999.7,0.15,0.0,0.0,2950.0,3000.0,3050.0,2950.0
2026-06-24 03:48:02,RTY,2998.8,0.15,0.0,0.0,2950.0,3000.0,3050.0,2950.0
2026-06-24 03:49:02,RTY,2999.3,0.15,0.0,0.0,2950.0,3000.0,3050.0,2950.0
2026-06-24 03:50:02,RTY,2999.1,0.15,0.0,0.0,2950.0,3000.0,3050.0,2950.0
2026-06-24 03:51:02,RTY,2999.7,0.15,0.0,0.0,2950.0,3000.0,3050.0,2950.0
2026-06-24 03:52:02,RTY,2999.6,0.15,0.0,0.0,2950.0,3000.0,3050.0,2950.0
2026-06-24 03:53:02,RTY,3000.2,0.15,0.0,0.0,3050.0,3000.0,3050.0,2950.0
2026-06-24 03:54:02,RTY,2999.5,0.15,0.0,0.0,2950.0,3000.0,3050.0,2950.0
2026-06-24 03:55:02,RTY,2999.6,0.15,0.0,0.0,2950.0,3000.0,3050.0,2950.0
2026-06-24 03:56:02,RTY,2999.2,0.15,0.0,0.0,2950.0,3000.0,3050.0,2950.0
2026-06-24 03:57:02,RTY,2999.3,0.15,0.0,0.0,2950.0,3000.0,3050.0,2950.0
2026-06-24 03:58:02,RTY,3000.2,0.15,0.0,0.0,3050.0,3000.0,3050.0,2950.0
2026-06-24 03:59:02,RTY,3000.1,0.15,0.0,0.0,3050.0,3000.0,3050.0,2950.0
2026-06-24 04:00:02,RTY,3000.2,0.15,0.0,0.0,3050.0,3000.0,3050.0,2950.0
2026-06-24 04:01:02,RTY,3000.7,0.15,0.0,0.0,3050.0,3000.0,3050.0,2950.0
2026-06-24 04:02:02,RTY,3001.4,0.15,0.0,0.0,3050.0,3000.0,3050.0,2950.0
2026-06-24 04:03:02,RTY,3000.0,0.15,0.0,0.0,2950.0,3000.0,3050.0,2950.0
2026-06-24 04:04:02,RTY,3000.5,0.15,0.0,0.0,3050.0,3000.0,3050.0,2950.0
2026-06-24 04:05:02,RTY,3000.0,0.15,0.0,0.0,2950.0,3000.0,3050.0,2950.0
2026-06-24 04:06:02,RTY,3000.4,0.15,0.0,0.0,3050.0,3000.0,3050.0,2950.0
2026-06-24 04:07:02,RTY,3000.6,0.15,0.0,0.0,3050.0,3000.0,3050.0,2950.0
2026-06-24 04:08:02,RTY,2999.8,0.15,0.0,0.0,2950.0,3000.0,3050.0,2950.0
2026-06-24 04:09:02,RTY,3001.1,0.15,0.0,0.0,3050.0,3000.0,3050.0,2950.0
2026-06-24 04:10:02,RTY,3000.4,0.15,0.0,0.0,3050.0,3000.0,3050.0,2950.0
2026-06-24 04:11:02,RTY,3000.7,0.15,0.0,0.0,3050.0,3000.0,3050.0,2950.0
2026-06-24 04:12:02,RTY,3000.1,0.15,0.0,0.0,3050.0,3000.0,3050.0,2950.0
2026-06-24 04:13:02,RTY,3001.8,0.15,0.0,0.0,3050.0,3000.0,3050.0,2950.0
2026-06-24 04:14:02,RTY,3002.4,0.15,0.0,34.5,3050.0,3000.0,3050.0,2950.0
2026-06-24 04:15:02,RTY,3002.4,0.15,0.0,0.0,3050.0,3000.0,3050.0,2950.0
2026-06-24 04:16:02,RTY,3001.7,0.15,0.0,0.0,3050.0,3000.0,3050.0,2950.0
2026-06-24 04:17:02,RTY,3000.4,0.15,0.0,0.0,3050.0,3000.0,3050.0,2950.0
2026-06-24 04:18:02,RTY,3000.6,0.15,0.0,0.0,3050.0,3000.0,3050.0,2950.0
2026-06-24 04:19:02,RTY,2999.1,0.15,0.0,0.0,2950.0,3000.0,3050.0,2950.0
2026-06-24 04:20:02,RTY,2999.9,0.15,0.0,0.0,2950.0,3000.0,3050.0,2950.0
2026-06-24 04:21:02,RTY,2999.8,0.15,0.0,0.0,2950.0,3000.0,3050.0,2950.0
2026-06-24 04:22:02,RTY,2999.5,0.15,0.0,0.0,2950.0,3000.0,3050.0,2950.0
2026-06-24 04:23:02,RTY,2999.7,0.15,0.0,0.0,2950.0,3000.0,3050.0,2950.0
2026-06-24 04:24:02,RTY,2999.8,0.15,0.0,0.0,2950.0,3000.0,3050.0,2950.0
2026-06-24 04:25:02,RTY,3000.8,0.15,0.0,0.0,3050.0,3000.0,3050.0,2950.0
2026-06-24 04:26:02,RTY,3001.9,0.15,0.0,31.5,3050.0,3000.0,3050.0,2950.0
2026-06-24 04:27:02,RTY,3000.3,0.15,0.0,0.0,3050.0,3000.0,3050.0,2950.0
2026-06-24 04:28:02,RTY,2999.7,0.15,0.0,33.0,2950.0,3000.0,3050.0,2950.0
2026-06-24 04:29:02,RTY,3000.2,0.15,0.0,0.0,3050.0,3000.0,3050.0,2950.0
2026-06-24 04:30:02,RTY,2999.7,0.15,0.0,0.0,2950.0,3000.0,3050.0,2950.0
2026-06-24 04:31:02,RTY,3000.0,0.15,0.0,0.0,2950.0,3000.0,3050.0,2950.0
2026-06-24 04:32:02,RTY,2999.0,0.15,0.0,0.0,2950.0,3000.0,3050.0,2950.0
2026-06-24 04:33:02,RTY,2999.5,0.15,0.0,0.0,2950.0,3000.0,3050.0,2950.0
2026-06-24 04:34:02,RTY,3000.5,0.15,0.0,0.0,3050.0,3000.0,3050.0,2950.0
2026-06-24 04:35:02,RTY,3000.1,0.15,0.0,0.0,3050.0,3000.0,3050.0,2950.0
2026-06-24 04:36:02,RTY,3000.4,0.15,0.0,0.0,3050.0,3000.0,3050.0,2950.0
2026-06-24 04:37:02,RTY,2998.8,0.15,0.0,0.0,2950.0,3000.0,3050.0,2950.0
2026-06-24 04:38:02,RTY,2998.8,0.15,0.0,0.0,2950.0,3000.0,3050.0,2950.0
2026-06-24 04:39:02,RTY,2998.5,0.15,0.0,0.0,2950.0,3000.0,3050.0,2950.0
2026-06-24 04:40:02,RTY,2998.9,0.15,0.0,0.0,2950.0,3000.0,3050.0,2950.0
2026-06-24 04:41:02,RTY,2996.9,0.15,0.0,0.0,2950.0,3000.0,3050.0,2950.0
2026-06-24 04:42:02,RTY,2997.4,0.15,0.0,0.0,2950.0,3000.0,3050.0,2950.0
2026-06-24 04:43:02,RTY,2997.3,0.15,0.0,0.0,2950.0,3000.0,3050.0,2950.0
2026-06-24 04:44:02,RTY,2997.3,0.15,0.0,0.0,2950.0,3000.0,3050.0,2950.0
2026-06-24 04:45:02,RTY,2996.8,0.15,0.0,0.0,2950.0,3000.0,3050.0,2950.0
2026-06-24 04:46:02,RTY,2996.6,0.15,0.0,0.0,2950.0,3000.0,3050.0,2950.0
2026-06-24 04:47:02,RTY,2997.0,0.15,0.0,0.0,2950.0,3000.0,3050.0,2950.0
2026-06-24 04:48:02,RTY,2997.8,0.15,0.0,0.0,2950.0,3000.0,3050.0,2950.0
2026-06-24 04:49:02,RTY,2996.9,0.15,0.0,0.0,2950.0,3000.0,3050.0,2950.0
2026-06-24 04:50:02,RTY,2998.0,0.15,0.0,0.0,2950.0,3000.0,3050.0,2950.0
2026-06-24 04:51:02,RTY,2998.9,0.15,0.0,0.0,2950.0,3000.0,3050.0,2950.0
2026-06-24 04:52:02,RTY,2999.4,0.15,0.0,0.0,2950.0,3000.0,3050.0,2950.0
2026-06-24 04:53:02,RTY,3000.2,0.15,0.0,0.0,3050.0,3000.0,3050.0,2950.0
2026-06-24 04:54:02,RTY,2999.6,0.15,0.0,0.0,2950.0,3000.0,3050.0,2950.0
2026-06-24 04:55:02,RTY,2999.0,0.15,0.0,0.0,2950.0,3000.0,3050.0,2950.0
2026-06-24 04:56:02,RTY,2999.2,0.15,0.0,0.0,2950.0,3000.0,3050.0,2950.0
2026-06-24 04:57:02,RTY,2999.3,0.15,0.0,0.0,2950.0,3000.0,3050.0,2950.0
2026-06-24 04:58:02,RTY,2999.3,0.15,0.0,0.0,2950.0,3000.0,3050.0,2950.0
2026-06-24 04:59:02,RTY,2998.9,0.15,0.0,0.0,2950.0,3000.0,3050.0,2950.0
2026-06-24 05:00:02,RTY,2999.5,0.15,0.0,0.0,2950.0,3000.0,3050.0,2950.0
2026-06-24 05:01:02,RTY,2997.3,0.15,0.0,0.0,2950.0,3000.0,3050.0,2950.0
2026-06-24 05:02:02,RTY,2997.3,0.15,0.0,33.0,2950.0,3000.0,3050.0,2950.0
2026-06-24 05:03:02,RTY,2997.0,0.15,0.0,0.0,2950.0,3000.0,3050.0,2950.0
2026-06-24 05:04:02,RTY,2998.6,0.15,0.0,0.0,2950.0,3000.0,3050.0,2950.0
2026-06-24 05:05:02,RTY,2997.9,0.15,0.0,0.0,2950.0,3000.0,3050.0,2950.0
2026-06-24 05:06:02,RTY,2999.1,0.15,0.0,0.0,2950.0,3000.0,3050.0,2950.0
2026-06-24 05:07:02,RTY,2998.7,0.15,0.0,0.0,2950.0,3000.0,3050.0,2950.0
2026-06-24 05:08:02,RTY,2998.2,0.15,0.0,0.0,2950.0,3000.0,3050.0,2950.0
2026-06-24 05:09:02,RTY,2999.1,0.15,0.0,0.0,2950.0,3000.0,3050.0,2950.0
2026-06-24 05:10:02,RTY,2999.0,0.15,0.0,0.0,2950.0,3000.0,3050.0,2950.0
2026-06-24 05:11:02,RTY,2998.7,0.15,0.0,0.0,2950.0,3000.0,3050.0,2950.0
2026-06-24 05:12:02,RTY,2998.5,0.15,0.0,0.0,2950.0,3000.0,3050.0,2950.0
2026-06-24 05:13:02,RTY,2999.3,0.15,0.0,0.0,2950.0,3000.0,3050.0,2950.0
2026-06-24 05:14:02,RTY,3000.1,0.15,0.0,0.0,3050.0,3000.0,3050.0,2950.0
2026-06-24 05:15:02,RTY,3000.5,0.15,0.0,0.0,3050.0,3000.0,3050.0,2950.0
2026-06-24 05:16:02,RTY,3001.3,0.15,0.0,0.0,3050.0,3000.0,3050.0,2950.0
2026-06-24 05:17:02,RTY,3000.7,0.15,0.0,0.0,3050.0,3000.0,3050.0,2950.0
2026-06-24 05:18:02,RTY,3001.7,0.15,0.0,0.0,3050.0,3000.0,3050.0,2950.0
2026-06-24 05:19:02,RTY,3001.3,0.15,0.0,0.0,3050.0,3000.0,3050.0,2950.0
2026-06-24 05:20:02,RTY,3000.4,0.15,0.0,0.0,3050.0,3000.0,3050.0,2950.0
2026-06-24 05:21:02,RTY,3000.3,0.15,0.0,0.0,3050.0,3000.0,3050.0,2950.0
2026-06-24 05:22:02,RTY,3001.0,0.15,0.0,0.0,3050.0,3000.0,3050.0,2950.0
2026-06-24 05:23:02,RTY,3000.8,0.15,0.0,0.0,3050.0,3000.0,3050.0,2950.0
2026-06-24 05:24:02,RTY,2999.3,0.15,0.0,0.0,2950.0,3000.0,3050.0,2950.0
2026-06-24 05:25:02,RTY,2999.7,0.15,0.0,0.0,2950.0,3000.0,3050.0,2950.0
2026-06-24 05:26:02,RTY,3000.2,0.15,0.0,0.0,3050.0,3000.0,3050.0,2950.0
2026-06-24 05:27:02,RTY,3000.6,0.15,0.0,0.0,3050.0,3000.0,3050.0,2950.0
2026-06-24 05:28:02,RTY,3000.2,0.15,0.0,0.0,3050.0,3000.0,3050.0,2950.0
2026-06-24 05:29:02,RTY,3000.3,0.15,0.0,0.0,3050.0,3000.0,3050.0,2950.0
2026-06-24 05:30:02,RTY,3001.3,0.15,0.0,0.0,3050.0,3000.0,3050.0,2950.0
2026-06-24 05:31:02,RTY,3001.6,0.15,0.0,0.0,3050.0,3000.0,3050.0,2950.0
2026-06-24 05:32:02,RTY,3001.9,0.15,0.0,0.0,3050.0,3000.0,3050.0,2950.0
2026-06-24 05:33:02,RTY,3002.4,0.15,0.0,0.0,3050.0,3000.0,3050.0,2950.0
2026-06-24 05:34:02,RTY,3002.4,0.15,0.0,0.0,3050.0,3000.0,3050.0,2950.0
2026-06-24 05:35:02,RTY,3002.8,0.15,0.0,0.0,3050.0,3000.0,3050.0,2950.0
2026-06-24 05:36:02,RTY,3003.5,0.15,100,0.0,3220.0,3230.0,3220.0,0
2026-06-24 05:37:02,RTY,3003.0,0.15,0.0,0.0,3050.0,3000.0,3050.0,2950.0
2026-06-24 05:38:02,RTY,3003.4,0.15,0.0,0.0,3050.0,3000.0,3050.0,2950.0
2026-06-24 05:39:02,RTY,3003.2,0.15,0.0,0.0,3050.0,3000.0,3050.0,2950.0
2026-06-24 05:40:02,RTY,3002.8,0.15,0.0,0.0,3050.0,3000.0,3050.0,2950.0
2026-06-24 05:41:02,RTY,3003.5,0.15,0.0,0.0,3050.0,3000.0,3050.0,2950.0
2026-06-24 05:42:02,RTY,3003.3,0.15,0.0,0.0,3050.0,3000.0,3050.0,2950.0
2026-06-24 05:43:02,RTY,3004.5,0.15,100,0.0,3050.0,3000.0,3050.0,2950.0
2026-06-24 05:44:02,RTY,3005.3,0.15,100,0.0,3050.0,3000.0,3050.0,2950.0
2026-06-24 05:45:02,RTY,3004.3,0.15,100,0.0,3050.0,3000.0,3050.0,2950.0
2026-06-24 05:46:02,RTY,3004.3,0.15,100,0.0,3050.0,3000.0,3050.0,2950.0
2026-06-24 05:47:02,RTY,3003.6,0.15,0.0,0.0,3050.0,3000.0,3050.0,2950.0
2026-06-24 05:48:02,RTY,3003.4,0.15,0.0,0.0,3050.0,3000.0,3050.0,2950.0
2026-06-24 05:49:02,RTY,3003.4,0.15,0.0,0.0,3050.0,3000.0,3050.0,2950.0
2026-06-24 05:50:02,RTY,3003.2,0.15,0.0,0.0,3050.0,3000.0,3050.0,2950.0
2026-06-24 05:51:02,RTY,3002.6,0.15,0.0,0.0,3050.0,3000.0,3050.0,2950.0
2026-06-24 05:52:02,RTY,3001.2,0.15,0.0,0.0,3050.0,3000.0,3050.0,2950.0
2026-06-24 05:53:02,RTY,3001.5,0.15,0.0,0.0,3050.0,3000.0,3050.0,2950.0
2026-06-24 05:54:02,RTY,3001.5,0.15,0.0,0.0,3050.0,3000.0,3050.0,2950.0
2026-06-24 05:55:02,RTY,3001.2,0.15,0.0,0.0,3050.0,3000.0,3050.0,2950.0
2026-06-24 05:56:02,RTY,3000.9,0.15,0.0,0.0,3050.0,3000.0,3050.0,2950.0
2026-06-24 05:57:02,RTY,3001.2,0.15,0.0,0.0,3050.0,3000.0,3050.0,2950.0
2026-06-24 05:58:02,RTY,3000.4,0.15,0.0,0.0,3050.0,3000.0,3050.0,2950.0
2026-06-24 05:59:02,RTY,3000.4,0.15,0.0,0.0,3050.0,3000.0,3050.0,2950.0
2026-06-24 06:00:02,RTY,3000.5,0.15,0.0,0.0,3050.0,3000.0,3050.0,2950.0
2026-06-24 06:01:02,RTY,3002.3,0.15,0.0,0.0,3050.0,3000.0,3050.0,2950.0
2026-06-24 06:02:02,RTY,3003.1,0.15,0.0,39.0,3050.0,3000.0,3050.0,2950.0
2026-06-24 06:03:02,RTY,3004.2,0.15,100,0.0,3050.0,3000.0,3050.0,2950.0
2026-06-24 06:04:02,RTY,3004.6,0.15,100,0.0,3050.0,3000.0,3050.0,2950.0
2026-06-24 06:05:02,RTY,3004.0,0.15,0.0,0.0,3050.0,3000.0,3050.0,2950.0
2026-06-24 06:06:02,RTY,3003.2,0.15,0.0,0.0,3050.0,3000.0,3050.0,2950.0
2026-06-24 06:08:02,RTY,3003.3,0.15,0.0,0.0,3050.0,3000.0,3050.0,2950.0
2026-06-24 06:09:02,RTY,3002.9,0.15,0.0,0.0,3050.0,3000.0,3050.0,2950.0
2026-06-24 06:10:02,RTY,3002.9,0.15,0.0,0.0,3050.0,3000.0,3050.0,2950.0
2026-06-24 06:11:02,RTY,3003.2,0.15,0.0,0.0,3050.0,3000.0,3050.0,2950.0
2026-06-24 06:12:02,RTY,3003.3,0.15,0.0,0.0,3050.0,3000.0,3050.0,2950.0
2026-06-24 06:13:02,RTY,3003.3,0.15,0.0,0.0,3050.0,3000.0,3050.0,2950.0
2026-06-24 06:15:23,RTY,3001.6,0.0,0.0,0.0,3050.0,3000.0,3050.0,2950.0
2026-06-24 06:16:23,RTY,3001.0,0.0,0.0,0.0,3050.0,3000.0,3050.0,2950.0
2026-06-24 06:17:23,RTY,3000.6,0.0,0.0,0.0,3050.0,3000.0,3050.0,2950.0
2026-06-24 06:18:22,RTY,3001.0,0.0,0.0,0.0,3050.0,3000.0,3050.0,2950.0
2026-06-24 06:19:22,RTY,3001.2,0.0,0.0,0.0,3050.0,3000.0,3050.0,2950.0
2026-06-24 06:20:22,RTY,3000.9,0.0,0.0,0.0,3050.0,3000.0,3050.0,2950.0
2026-06-24 06:21:22,RTY,3000.1,0.0,0.0,0.0,3050.0,3000.0,3050.0,2950.0
2026-06-24 06:22:22,RTY,3000.7,0.0,0.0,0.0,3050.0,3000.0,3050.0,2950.0
2026-06-24 06:23:22,RTY,3001.5,0.0,0.0,0.0,3050.0,3000.0,3050.0,2950.0
2026-06-24 06:24:22,RTY,3001.7,0.0,0.0,0.0,3050.0,3000.0,3050.0,2950.0
2026-06-24 06:25:22,RTY,3003.0,0.0,0.0,0.0,3050.0,3000.0,3050.0,2950.0
2026-06-24 06:26:22,RTY,3002.5,0.0,0.0,0.0,3050.0,3000.0,3050.0,2950.0
2026-06-24 06:27:22,RTY,3002.7,0.0,0.0,0.0,3050.0,3000.0,3050.0,2950.0
2026-06-24 06:28:22,RTY,3002.8,0.0,0.0,0.0,3050.0,3000.0,3050.0,2950.0
2026-06-24 06:29:22,RTY,3002.9,0.0,0.0,0.0,3050.0,3000.0,3050.0,2950.0
2026-06-24 06:30:22,RTY,3002.7,0.0,0.0,0.0,3050.0,3000.0,3050.0,2950.0
2026-06-24 06:31:22,RTY,3003.3,0.0,0.0,0.0,3050.0,3000.0,3050.0,2950.0
2026-06-24 06:32:22,RTY,3003.3,0.0,0.0,0.0,3050.0,3000.0,3050.0,2950.0
2026-06-24 06:33:22,RTY,3003.3,0.0,0.0,0.0,3050.0,3000.0,3050.0,2950.0
2026-06-24 06:34:22,RTY,3003.1,0.0,0.0,0.0,3050.0,3000.0,3050.0,2950.0
2026-06-24 06:35:22,RTY,3003.8,0.0,0.0,0.0,3050.0,3000.0,3050.0,2950.0
2026-06-24 06:36:22,RTY,3004.3,0.0,100,0.0,3050.0,3000.0,3050.0,2950.0
2026-06-24 06:37:22,RTY,3006.6,0.0,0.0,42.0,3050.0,3000.0,3050.0,2950.0
2026-06-24 06:38:22,RTY,3006.4,0.0,0.0,31.5,3050.0,3000.0,3050.0,2950.0
2026-06-24 06:39:23,RTY,3005.4,0.0,100,0.0,3050.0,3000.0,3050.0,2950.0
2026-06-24 06:40:22,RTY,3006.1,0.0,0.0,0.0,3050.0,3000.0,3050.0,2950.0
2026-06-24 06:41:23,RTY,3005.2,0.0,100,0.0,3050.0,3000.0,3050.0,2950.0
2026-06-24 06:42:23,RTY,3005.6,0.0,100,0.0,3050.0,3000.0,3050.0,2950.0
2026-06-24 06:43:27,RTY,3005.3,0.0,100,0.0,3050.0,3000.0,3050.0,2950.0
2026-06-24 06:44:22,RTY,3004.7,0.0,100,0.0,3050.0,3000.0,3050.0,2950.0
2026-06-24 06:45:22,RTY,3005.9,0.0,100,0.0,3050.0,3000.0,3050.0,2950.0
2026-06-24 06:46:22,RTY,3005.9,0.0,100,0.0,3050.0,3000.0,3050.0,2950.0
2026-06-24 06:47:22,RTY,3006.1,0.0,0.0,0.0,3050.0,3000.0,3050.0,2950.0
2026-06-24 06:48:22,RTY,3006.2,0.0,0.0,0.0,3050.0,3000.0,3050.0,2950.0
2026-06-24 06:49:22,RTY,3010.5,0.0,0.0,66.0,3050.0,3010.0,3050.0,2950.0
2026-06-24 06:50:22,RTY,3010.0,0.0,0.0,57.0,3050.0,3010.0,3050.0,2950.0
2026-06-24 06:51:22,RTY,3009.6,0.0,0.0,0.0,3050.0,3010.0,3050.0,2950.0
2026-06-24 06:52:22,RTY,3010.4,0.0,0.0,0.0,3050.0,3010.0,3050.0,2950.0
2026-06-24 06:53:22,RTY,3009.8,0.0,0.0,0.0,3050.0,3010.0,3050.0,2950.0
2026-06-24 06:54:22,RTY,3011.6,0.0,0.0,0.0,3050.0,3010.0,3050.0,2950.0
2026-06-24 06:55:22,RTY,3010.3,0.0,0.0,0.0,3050.0,3010.0,3050.0,2950.0
2026-06-24 06:56:22,RTY,3009.8,0.0,0.0,0.0,3050.0,3010.0,3050.0,2950.0
2026-06-24 06:57:22,RTY,3010.5,0.0,0.0,0.0,3050.0,3010.0,3050.0,2950.0
2026-06-24 06:58:22,RTY,3010.7,0.0,0.0,0.0,3050.0,3010.0,3050.0,2950.0
2026-06-24 06:59:22,RTY,3010.0,0.0,0.0,0.0,3050.0,3010.0,3050.0,2950.0
2026-06-24 07:00:22,RTY,3010.9,0.0,0.0,0.0,3050.0,3010.0,3050.0,2950.0
2026-06-24 07:01:22,RTY,3008.9,0.0,0.0,0.0,3050.0,3010.0,3050.0,2950.0
2026-06-24 07:02:22,RTY,3010.8,0.0,0.0,0.0,3050.0,3010.0,3050.0,2950.0
2026-06-24 07:03:22,RTY,3011.3,0.0,0.0,36.0,3050.0,3010.0,3050.0,2950.0
2026-06-24 07:04:22,RTY,3010.9,0.0,0.0,0.0,3050.0,3010.0,3050.0,2950.0
2026-06-24 07:05:22,RTY,3009.9,0.0,0.0,0.0,3050.0,3010.0,3050.0,2950.0
2026-06-24 07:06:22,RTY,3009.7,0.0,0.0,0.0,3050.0,3010.0,3050.0,2950.0
2026-06-24 07:07:22,RTY,3009.1,0.0,0.0,0.0,3050.0,3010.0,3050.0,2950.0
2026-06-24 07:08:22,RTY,3008.4,0.0,0.0,0.0,3050.0,3010.0,3050.0,2950.0
2026-06-24 07:09:22,RTY,3009.1,0.0,0.0,0.0,3050.0,3010.0,3050.0,2950.0
2026-06-24 07:10:22,RTY,3008.4,0.0,0.0,0.0,3050.0,3010.0,3050.0,2950.0
2026-06-24 07:11:22,RTY,3008.8,0.15,0.0,0.0,3050.0,3010.0,3050.0,2950.0
2026-06-24 07:12:22,RTY,3010.0,0.15,0.0,0.0,3050.0,3010.0,3050.0,2950.0
2026-06-24 07:13:22,RTY,3009.4,0.15,0.0,0.0,3050.0,3010.0,3050.0,2950.0
2026-06-24 07:14:22,RTY,3009.7,0.15,0.0,0.0,3050.0,3010.0,3050.0,2950.0
2026-06-24 07:15:22,RTY,3009.1,0.15,0.0,0.0,3050.0,3010.0,3050.0,2950.0
2026-06-24 07:16:22,RTY,3008.3,0.15,0.0,0.0,3050.0,3010.0,3050.0,2950.0
2026-06-24 07:17:22,RTY,3008.5,0.15,0.0,0.0,3050.0,3010.0,3050.0,2950.0
2026-06-24 07:18:22,RTY,3009.2,0.15,0.0,0.0,3050.0,3010.0,3050.0,2950.0
2026-06-24 07:19:22,RTY,3009.6,0.15,0.0,0.0,3050.0,3010.0,3050.0,2950.0
2026-06-24 07:20:22,RTY,3011.4,0.15,0.0,33.0,3050.0,3010.0,3050.0,2950.0
2026-06-24 07:21:22,RTY,3010.7,0.15,0.0,0.0,3050.0,3010.0,3050.0,2950.0
2026-06-24 07:22:22,RTY,3010.8,0.15,0.0,0.0,3050.0,3010.0,3050.0,2950.0
2026-06-24 07:23:22,RTY,3010.0,0.15,0.0,0.0,3050.0,3010.0,3050.0,2950.0
2026-06-24 07:24:22,RTY,3009.8,0.15,0.0,0.0,3050.0,3010.0,3050.0,2950.0
2026-06-24 07:25:22,RTY,3009.5,0.15,0.0,0.0,3050.0,3010.0,3050.0,2950.0
2026-06-24 07:26:22,RTY,3009.3,0.15,0.0,0.0,3050.0,3010.0,3050.0,2950.0
2026-06-24 07:27:22,RTY,3009.4,0.15,0.0,0.0,3050.0,3010.0,3050.0,2950.0
2026-06-24 07:28:22,RTY,3009.3,0.15,0.0,0.0,3050.0,3010.0,3050.0,2950.0
2026-06-24 07:29:22,RTY,3009.9,0.15,0.0,0.0,3050.0,3010.0,3050.0,2950.0
2026-06-24 07:30:22,RTY,3010.9,0.15,0.0,0.0,3050.0,3010.0,3050.0,2950.0
2026-06-24 07:31:22,RTY,3008.9,0.15,0.0,0.0,3050.0,3010.0,3050.0,2950.0
2026-06-24 07:32:22,RTY,3008.3,0.15,0.0,39.0,3050.0,3010.0,3050.0,2950.0
2026-06-24 07:33:22,RTY,3008.9,0.15,0.0,0.0,3050.0,3010.0,3050.0,2950.0
2026-06-24 07:34:22,RTY,3008.7,0.15,0.0,0.0,3050.0,3010.0,3050.0,2950.0
2026-06-24 07:35:22,RTY,3008.3,0.15,0.0,0.0,3050.0,3010.0,3050.0,2950.0
2026-06-24 07:36:22,RTY,3007.1,0.15,0.0,0.0,3050.0,3000.0,3050.0,2950.0
2026-06-24 07:37:22,RTY,3006.4,0.15,0.0,0.0,3050.0,3000.0,3050.0,2950.0
2026-06-24 07:38:22,RTY,3006.1,0.15,0.0,0.0,3050.0,3000.0,3050.0,2950.0
2026-06-24 07:39:22,RTY,3006.3,0.15,0.0,0.0,3050.0,3000.0,3050.0,2950.0
2026-06-24 07:40:22,RTY,3006.0,0.15,0.0,0.0,3050.0,3000.0,3050.0,2950.0
2026-06-24 07:41:22,RTY,3005.0,0.15,100,0.0,3050.0,3000.0,3050.0,2950.0
2026-06-24 07:42:22,RTY,3004.7,0.15,100,0.0,3050.0,3000.0,3050.0,2950.0
2026-06-24 07:43:22,RTY,3005.0,0.15,100,0.0,3050.0,3000.0,3050.0,2950.0
2026-06-24 07:44:22,RTY,3005.0,0.15,100,0.0,3050.0,3000.0,3050.0,2950.0
2026-06-24 07:45:22,RTY,3005.4,0.15,100,0.0,3050.0,3000.0,3050.0,2950.0
2026-06-24 07:46:22,RTY,3005.5,0.15,100,0.0,3050.0,3000.0,3050.0,2950.0
2026-06-24 07:47:22,RTY,3005.5,0.15,100,0.0,3050.0,3000.0,3050.0,2950.0
2026-06-24 07:48:22,RTY,3005.8,0.15,100,0.0,3050.0,3000.0,3050.0,2950.0
2026-06-24 07:49:22,RTY,3004.2,0.15,100,0.0,3050.0,3000.0,3050.0,2950.0
2026-06-24 07:50:22,RTY,3003.3,0.15,0.0,37.5,3050.0,3000.0,3050.0,2950.0
2026-06-24 07:51:22,RTY,3003.0,0.15,0.0,0.0,3050.0,3000.0,3050.0,2950.0
2026-06-24 07:52:22,RTY,3002.5,0.15,0.0,0.0,3050.0,3000.0,3050.0,2950.0
2026-06-24 07:53:22,RTY,3003.4,0.15,0.0,0.0,3050.0,3000.0,3050.0,2950.0
2026-06-24 07:54:22,RTY,3003.7,0.15,0.0,0.0,3050.0,3000.0,3050.0,2950.0
2026-06-24 07:55:22,RTY,3003.4,0.15,0.0,0.0,3050.0,3000.0,3050.0,2950.0
2026-06-24 07:56:22,RTY,3003.0,0.15,0.0,0.0,3050.0,3000.0,3050.0,2950.0
2026-06-24 07:57:22,RTY,3003.5,0.15,0.0,0.0,3050.0,3000.0,3050.0,2950.0
2026-06-24 07:58:22,RTY,3004.2,0.15,100,0.0,3050.0,3000.0,3050.0,2950.0
2026-06-24 07:59:22,RTY,3003.0,0.15,0.0,0.0,3050.0,3000.0,3050.0,2950.0
2026-06-24 08:00:22,RTY,3005.2,0.15,100,0.0,3050.0,3000.0,3050.0,2950.0
2026-06-24 08:01:22,RTY,3003.8,0.15,0.0,0.0,3050.0,3000.0,3050.0,2950.0
2026-06-24 08:02:22,RTY,3005.2,0.15,100,0.0,3050.0,3000.0,3050.0,2950.0
2026-06-24 08:03:22,RTY,3004.4,0.15,100,0.0,3050.0,3000.0,3050.0,2950.0
2026-06-24 08:04:22,RTY,3004.7,0.15,100,0.0,3050.0,3000.0,3050.0,2950.0
2026-06-24 08:05:22,RTY,3004.5,0.15,100,0.0,3050.0,3000.0,3050.0,2950.0
2026-06-24 08:06:22,RTY,3003.6,0.15,0.0,0.0,3050.0,3000.0,3050.0,2950.0
2026-06-24 08:07:22,RTY,3003.4,0.15,0.0,0.0,3050.0,3000.0,3050.0,2950.0
2026-06-24 08:08:22,RTY,3002.9,0.15,0.0,0.0,3050.0,3000.0,3050.0,2950.0
2026-06-24 08:09:22,RTY,3002.9,0.15,0.0,0.0,3050.0,3000.0,3050.0,2950.0
2026-06-24 08:10:22,RTY,3002.4,0.15,0.0,0.0,3050.0,3000.0,3050.0,2950.0
2026-06-24 08:11:22,RTY,3000.9,0.15,0.0,0.0,3050.0,3000.0,3050.0,2950.0
2026-06-24 08:12:22,RTY,3000.5,0.15,0.0,0.0,3050.0,3000.0,3050.0,2950.0
2026-06-24 08:13:22,RTY,2999.8,0.15,0.0,0.0,2950.0,3000.0,3050.0,2950.0
2026-06-24 08:14:22,RTY,2999.9,0.15,0.0,0.0,2950.0,3000.0,3050.0,2950.0
2026-06-24 08:15:22,RTY,3000.4,0.15,0.0,0.0,3050.0,3000.0,3050.0,2950.0
2026-06-24 08:16:22,RTY,2999.6,0.15,0.0,0.0,2950.0,3000.0,3050.0,2950.0
2026-06-24 08:17:22,RTY,2998.8,0.15,0.0,0.0,2950.0,3000.0,3050.0,2950.0
2026-06-24 08:18:22,RTY,2998.6,0.15,0.0,0.0,2950.0,3000.0,3050.0,2950.0
2026-06-24 08:19:22,RTY,2999.9,0.15,0.0,0.0,2950.0,3000.0,3050.0,2950.0
2026-06-24 08:20:22,RTY,2999.7,0.15,0.0,0.0,2950.0,3000.0,3050.0,2950.0
2026-06-24 08:21:22,RTY,3001.3,0.15,0.0,0.0,3050.0,3000.0,3050.0,2950.0
2026-06-24 08:22:22,RTY,3000.8,0.15,0.0,0.0,3050.0,3000.0,3050.0,2950.0
2026-06-24 08:23:22,RTY,2999.8,0.15,0.0,0.0,2950.0,3000.0,3050.0,2950.0
2026-06-24 08:24:22,RTY,2999.3,0.15,0.0,0.0,2950.0,3000.0,3050.0,2950.0
2026-06-24 08:25:22,RTY,3001.8,0.15,0.0,0.0,3050.0,3000.0,3050.0,2950.0
2026-06-24 08:26:22,RTY,3002.9,0.15,0.0,54.0,3050.0,3000.0,3050.0,2950.0
2026-06-24 08:27:22,RTY,3002.0,0.15,0.0,0.0,3050.0,3000.0,3050.0,2950.0
2026-06-24 08:28:22,RTY,3002.5,0.15,0.0,0.0,3050.0,3000.0,3050.0,2950.0
2026-06-24 08:29:22,RTY,3002.7,0.15,0.0,0.0,3050.0,3000.0,3050.0,2950.0
2026-06-24 08:30:22,RTY,3003.2,0.15,0.0,0.0,3050.0,3000.0,3050.0,2950.0
2026-06-24 08:31:22,RTY,3002.1,0.15,0.0,0.0,3050.0,3000.0,3050.0,2950.0
2026-06-24 08:32:22,RTY,3001.1,0.15,0.0,31.5,3050.0,3000.0,3050.0,2950.0
2026-06-24 08:33:22,RTY,3006.3,0.15,0.0,63.0,3050.0,3000.0,3050.0,2950.0
2026-06-24 08:34:22,RTY,3011.1,0.15,0.0,100,3050.0,3010.0,3050.0,2950.0
2026-06-24 08:35:22,RTY,3010.9,0.15,0.0,69.0,3050.0,3010.0,3050.0,2950.0
2026-06-24 08:36:22,RTY,3011.6,0.15,0.0,0.0,3050.0,3010.0,3050.0,2950.0
2026-06-24 08:37:22,RTY,3007.9,0.15,0.0,45.0,3050.0,3010.0,3050.0,2950.0
2026-06-24 08:38:22,RTY,3008.2,0.15,0.0,51.0,3050.0,3010.0,3050.0,2950.0
2026-06-24 08:39:22,RTY,3006.4,0.15,0.0,0.0,3050.0,3000.0,3050.0,2950.0
2026-06-24 08:40:22,RTY,3006.0,0.15,0.0,33.0,3050.0,3000.0,3050.0,2950.0
2026-06-24 08:41:22,RTY,2999.0,0.15,0.0,100,2950.0,3000.0,3050.0,2950.0
2026-06-24 08:42:22,RTY,2996.1,0.15,0.0,100,2950.0,3000.0,3050.0,2950.0
2026-06-24 08:43:22,RTY,2991.9,0.15,0.0,100,2950.0,3000.0,3050.0,2950.0
2026-06-24 08:44:22,RTY,2995.1,0.15,100,0.0,2950.0,3000.0,3050.0,2950.0
2026-06-24 08:45:22,RTY,2999.7,0.15,0.0,100,2950.0,3000.0,3050.0,2950.0
2026-06-24 08:46:22,RTY,2999.6,0.15,0.0,67.5,2950.0,3000.0,3050.0,2950.0
2026-06-24 08:47:22,RTY,3005.7,0.15,100,90.0,3050.0,3000.0,3050.0,2950.0
2026-06-24 08:48:22,RTY,3002.7,0.15,0.0,46.5,3050.0,3000.0,3050.0,2950.0
2026-06-24 08:49:22,RTY,3000.8,0.15,0.0,73.5,3050.0,3000.0,3050.0,2950.0
2026-06-24 08:50:22,RTY,3011.0,0.15,0.0,100,3050.0,3010.0,3050.0,2950.0
2026-06-24 08:51:22,RTY,3015.4,0.15,100,100,3050.0,3010.0,3050.0,2950.0
2026-06-24 08:52:22,RTY,3019.8,0.15,0.0,100,3050.0,3020.0,3050.0,2960.0
2026-06-24 08:53:22,RTY,3019.0,0.15,0.0,54.0,3050.0,3020.0,3050.0,2960.0
2026-06-24 08:54:22,RTY,3016.5,0.15,0.0,49.5,3050.0,3010.0,3050.0,2960.0
2026-06-24 08:55:22,RTY,3017.4,0.15,0.0,0.0,3050.0,3010.0,3050.0,2960.0
2026-06-24 08:56:22,RTY,3015.7,0.15,100,0.0,3050.0,3010.0,3050.0,2960.0
2026-06-24 08:57:22,RTY,3015.2,0.15,100,33.0,3050.0,3010.0,3050.0,2960.0
2026-06-24 08:58:22,RTY,3013.4,0.15,0.0,34.5,3050.0,3010.0,3050.0,2960.0
2026-06-24 08:59:22,RTY,3016.6,0.15,0.0,0.0,3050.0,3010.0,3050.0,2960.0
2026-06-24 09:00:22,RTY,3016.7,0.15,0.0,49.5,3050.0,3010.0,3050.0,2960.0
2026-06-24 09:01:22,RTY,3012.4,0.15,0.0,63.0,3050.0,3010.0,3050.0,2960.0
2026-06-24 09:02:22,RTY,3009.6,0.15,0.0,100,3050.0,3010.0,3050.0,2960.0
2026-06-24 09:03:22,RTY,3010.6,0.15,0.0,0.0,3050.0,3010.0,3050.0,2960.0
2026-06-24 09:04:22,RTY,3007.3,0.15,0.0,34.5,3050.0,3010.0,3050.0,2960.0
2026-06-24 09:05:22,RTY,3009.5,0.15,0.0,0.0,3050.0,3010.0,3050.0,2960.0
2026-06-24 09:06:22,RTY,3016.0,0.15,0.0,100,3050.0,3010.0,3050.0,2960.0
2026-06-24 09:07:22,RTY,3013.7,0.15,0.0,63.0,3050.0,3010.0,3050.0,2960.0
2026-06-24 09:08:22,RTY,3013.7,0.15,0.0,34.5,3050.0,3010.0,3050.0,2960.0
2026-06-24 09:09:22,RTY,3011.3,0.15,0.0,36.0,3050.0,3010.0,3050.0,2960.0
2026-06-24 09:10:22,RTY,3013.1,0.15,0.0,0.0,3050.0,3010.0,3050.0,2960.0
2026-06-24 09:11:22,RTY,3013.7,0.15,0.0,36.0,3050.0,3010.0,3050.0,2960.0
2026-06-24 09:12:22,RTY,3012.3,0.15,0.0,0.0,3050.0,3010.0,3050.0,2960.0
2026-06-24 09:13:22,RTY,3009.8,0.15,0.0,58.5,3050.0,3010.0,3050.0,2960.0
2026-06-24 09:14:22,RTY,3006.9,0.15,0.0,81.0,3050.0,3000.0,3050.0,2960.0
2026-06-24 09:15:22,RTY,3010.9,0.15,0.0,0.0,3050.0,3010.0,3050.0,2960.0
2026-06-24 09:16:22,RTY,3004.0,0.15,0.0,43.5,2960.0,3000.0,3050.0,2960.0
2026-06-24 09:17:23,RTY,3004.7,0.15,100,93.0,2960.0,3000.0,3050.0,2960.0
2026-06-24 09:18:22,RTY,3004.7,0.15,100,0.0,2960.0,3000.0,3050.0,2960.0
2026-06-24 09:19:22,RTY,3004.3,0.15,100,0.0,2960.0,3000.0,3050.0,2960.0
2026-06-24 09:20:22,RTY,3002.6,0.15,0.0,31.5,2960.0,3000.0,3050.0,2960.0
2026-06-24 09:21:22,RTY,3004.3,0.15,100,0.0,2960.0,3000.0,3050.0,2960.0
2026-06-24 09:22:22,RTY,3010.5,0.15,0.0,100,3050.0,3010.0,3050.0,2960.0
2026-06-24 09:23:22,RTY,3013.6,0.15,0.0,100,3050.0,3010.0,3050.0,2960.0
2026-06-24 09:24:22,RTY,3015.2,0.15,100,70.5,3050.0,3010.0,3050.0,2960.0
2026-06-24 09:25:22,RTY,3015.1,0.15,100,0.0,3050.0,3010.0,3050.0,2960.0
2026-06-24 09:26:22,RTY,3015.8,0.15,100,0.0,3050.0,3010.0,3050.0,2960.0
2026-06-24 09:27:22,RTY,3013.2,0.15,0.0,0.0,3050.0,3010.0,3050.0,2960.0
2026-06-24 09:28:22,RTY,3017.2,0.15,0.0,0.0,3050.0,3010.0,3050.0,2960.0
2026-06-24 09:29:22,RTY,3016.3,0.15,0.0,46.5,3050.0,3010.0,3050.0,2960.0
2026-06-24 09:30:22,RTY,3019.1,0.15,0.0,0.0,3050.0,3020.0,3050.0,2960.0
2026-06-24 09:31:22,RTY,3022.0,0.15,0.0,85.5,3050.0,3020.0,3050.0,2960.0
2026-06-24 09:32:22,RTY,3022.2,0.15,0.0,46.5,3050.0,3020.0,3050.0,2960.0
2026-06-24 09:33:22,RTY,3021.3,0.15,0.0,0.0,3050.0,3020.0,3050.0,2960.0
2026-06-24 09:34:22,RTY,3024.2,0.15,100,0.0,3050.0,3050.0,3050.0,2960.0
2026-06-24 09:35:22,RTY,3025.2,0.15,100,58.5,3050.0,3030.0,3050.0,2960.0
2026-06-24 09:36:22,RTY,3024.9,0.15,100,0.0,3050.0,3050.0,3050.0,2960.0
2026-06-24 09:37:22,RTY,3023.5,0.15,0.0,0.0,3050.0,3050.0,3050.0,2960.0
2026-06-24 09:38:22,RTY,3023.5,0.15,0.0,0.0,3050.0,3050.0,3050.0,2960.0
2026-06-24 09:39:22,RTY,3020.1,0.15,0.0,51.0,3050.0,3020.0,3050.0,2960.0
2026-06-24 09:41:30,RTY,3020.0,0.0,0.0,0.0,3050.0,3020.0,3050.0,2960.0
2026-06-24 09:42:29,RTY,3018.0,0.0,0.0,0.0,3050.0,3020.0,3050.0,2960.0
2026-06-24 09:43:29,RTY,3017.1,0.0,0.0,43.5,3050.0,3010.0,3050.0,2960.0
2026-06-24 09:44:29,RTY,3021.5,0.0,0.0,52.5,3050.0,3020.0,3050.0,2960.0
2026-06-24 09:45:29,RTY,3023.5,0.0,0.0,96.0,3050.0,3050.0,3050.0,2960.0
2026-06-24 09:46:29,RTY,3025.5,0.0,100,60.0,3050.0,3030.0,3050.0,2960.0
2026-06-24 09:47:29,RTY,3028.7,0.0,0.0,78.0,3050.0,3030.0,3050.0,2960.0
2026-06-24 09:48:29,RTY,3030.6,0.0,0.0,76.5,3050.0,3030.0,3050.0,2960.0
2026-06-24 09:49:29,RTY,3026.2,0.0,0.0,37.5,3050.0,3030.0,3050.0,2960.0
2026-06-24 09:50:29,RTY,3030.2,0.0,0.0,0.0,3050.0,3030.0,3050.0,2960.0
2026-06-24 09:51:29,RTY,3028.0,0.0,0.0,0.0,3050.0,3030.0,3050.0,2960.0
2026-06-24 09:52:29,RTY,3029.3,0.0,0.0,0.0,3050.0,3030.0,3050.0,2960.0
2026-06-24 09:53:29,RTY,3029.7,0.0,0.0,0.0,3050.0,3030.0,3050.0,2960.0
2026-06-24 09:54:29,RTY,3029.0,0.0,0.0,0.0,3050.0,3030.0,3050.0,2960.0
2026-06-24 09:55:29,RTY,3026.2,0.0,0.0,52.5,3050.0,3030.0,3050.0,2960.0
2026-06-24 09:56:29,RTY,3029.9,0.0,0.0,0.0,3050.0,3030.0,3050.0,2960.0
2026-06-24 09:57:29,RTY,3030.6,0.0,0.0,66.0,3050.0,3030.0,3050.0,2960.0
2026-06-24 09:58:29,RTY,3033.1,0.0,0.0,48.0,3050.0,3030.0,3050.0,2960.0
2026-06-24 09:59:29,RTY,3033.6,0.0,0.0,45.0,3050.0,3050.0,3050.0,2960.0
2026-06-24 10:00:29,RTY,3035.2,0.0,100,31.5,3050.0,3050.0,3050.0,2960.0
2026-06-24 10:01:29,RTY,3037.1,0.0,0.0,52.5,3050.0,3050.0,3050.0,2960.0
2026-06-24 10:02:29,RTY,3035.8,0.0,100,0.0,3050.0,3050.0,3050.0,2960.0
2026-06-24 10:03:29,RTY,3033.5,0.0,0.0,54.0,3050.0,3030.0,3050.0,2960.0
2026-06-24 10:04:29,RTY,3033.4,0.0,0.0,36.0,3050.0,3030.0,3050.0,2960.0
2026-06-24 10:05:29,RTY,3034.4,0.0,100,0.0,3050.0,3050.0,3050.0,2960.0
2026-06-24 10:06:29,RTY,3032.5,0.0,0.0,0.0,3050.0,3030.0,3050.0,2960.0
2026-06-24 10:07:29,RTY,3035.0,0.0,100,0.0,3050.0,3050.0,3050.0,2960.0
2026-06-24 10:08:29,RTY,3034.5,0.0,100,0.0,3050.0,3050.0,3050.0,2960.0
2026-06-24 10:09:29,RTY,3032.7,0.0,0.0,34.5,3050.0,3030.0,3050.0,2960.0
2026-06-24 10:10:29,RTY,3034.1,0.0,100,0.0,3050.0,3050.0,3050.0,2960.0
2026-06-24 10:11:29,RTY,3034.7,0.0,100,0.0,3050.0,3050.0,3050.0,2960.0
2026-06-24 10:12:29,RTY,3033.4,0.0,0.0,0.0,3050.0,3030.0,3050.0,2960.0
2026-06-24 10:13:29,RTY,3032.0,0.0,0.0,40.5,3050.0,3030.0,3050.0,2960.0
2026-06-24 10:14:29,RTY,3034.2,0.0,100,0.0,3050.0,3050.0,3050.0,2960.0
2026-06-24 10:15:29,RTY,3035.2,0.0,100,48.0,3050.0,3050.0,3050.0,2960.0
2026-06-24 10:16:29,RTY,3038.0,0.0,0.0,57.0,3050.0,3040.0,3050.0,2960.0
2026-06-24 10:17:29,RTY,3039.5,0.0,0.0,64.5,3050.0,3040.0,3050.0,2960.0
2026-06-24 10:18:29,RTY,3039.1,0.0,0.0,0.0,3050.0,3040.0,3050.0,2960.0
2026-06-24 10:19:29,RTY,3039.1,0.0,0.0,0.0,3050.0,3040.0,3050.0,2960.0
2026-06-24 10:20:29,RTY,3039.9,0.0,0.0,0.0,3050.0,3040.0,3050.0,2960.0
2026-06-24 10:21:29,RTY,3040.8,0.0,0.0,0.0,3050.0,3040.0,3050.0,2960.0
2026-06-24 10:22:29,RTY,3040.1,0.0,0.0,0.0,3050.0,3040.0,3050.0,2960.0
2026-06-24 10:23:29,RTY,3038.6,0.0,0.0,33.0,3050.0,3040.0,3050.0,2960.0
2026-06-24 10:24:29,RTY,3039.4,0.0,0.0,0.0,3050.0,3040.0,3050.0,2960.0
2026-06-24 10:25:29,RTY,3035.7,0.0,100,43.5,3050.0,3050.0,3050.0,2960.0
2026-06-24 10:26:29,RTY,3035.3,0.0,100,61.5,3050.0,3050.0,3050.0,2960.0
2026-06-24 10:27:29,RTY,3038.8,0.0,0.0,46.5,3050.0,3040.0,3050.0,2960.0
2026-06-24 10:28:29,RTY,3038.2,0.0,0.0,43.5,3050.0,3040.0,3050.0,2960.0
2026-06-24 10:29:29,RTY,3039.2,0.0,0.0,0.0,3050.0,3040.0,3050.0,2960.0
2026-06-24 10:30:29,RTY,3039.1,0.0,0.0,0.0,3050.0,3040.0,3050.0,2960.0
2026-06-24 10:31:29,RTY,3038.6,0.0,0.0,0.0,3050.0,3040.0,3050.0,2960.0
2026-06-24 10:32:29,RTY,3036.8,0.0,0.0,34.5,3050.0,3050.0,3050.0,2960.0
2026-06-24 10:33:29,RTY,3036.2,0.0,0.0,36.0,3050.0,3050.0,3050.0,2960.0
2026-06-24 10:34:29,RTY,3037.3,0.0,0.0,0.0,3050.0,3050.0,3050.0,2960.0
2026-06-24 10:35:29,RTY,3036.8,0.0,0.0,0.0,3050.0,3050.0,3050.0,2960.0
2026-06-24 10:36:29,RTY,3038.6,0.0,0.0,0.0,3050.0,3040.0,3050.0,2960.0
2026-06-24 10:37:29,RTY,3038.0,0.0,0.0,0.0,3050.0,3040.0,3050.0,2960.0
2026-06-24 10:38:29,RTY,3037.2,0.0,0.0,0.0,3050.0,3050.0,3050.0,2960.0
2026-06-24 10:39:29,RTY,3035.0,0.0,100,45.0,3050.0,3050.0,3050.0,2960.0
2026-06-24 10:40:29,RTY,3035.3,0.0,100,0.0,3050.0,3050.0,3050.0,2960.0
2026-06-24 10:41:29,RTY,3034.7,0.0,100,0.0,3050.0,3050.0,3050.0,2960.0
2026-06-24 10:42:29,RTY,3034.9,0.0,100,0.0,3050.0,3050.0,3050.0,2960.0
2026-06-24 10:43:29,RTY,3034.5,0.0,100,0.0,3050.0,3050.0,3050.0,2960.0
2026-06-24 10:44:29,RTY,3034.6,0.0,100,0.0,3050.0,3050.0,3050.0,2960.0
2026-06-24 10:45:29,RTY,3033.7,0.0,0.0,0.0,3050.0,3050.0,3050.0,2960.0
2026-06-24 10:46:29,RTY,3034.0,0.0,0.0,0.0,3050.0,3050.0,3050.0,2960.0
2026-06-24 10:47:29,RTY,3032.8,0.0,0.0,0.0,3050.0,3030.0,3050.0,2960.0
2026-06-24 10:48:29,RTY,3033.9,0.0,0.0,0.0,3050.0,3050.0,3050.0,2960.0
2026-06-24 10:49:28,RTY,3033.2,0.0,0.0,0.0,3050.0,3030.0,3050.0,2960.0
2026-06-24 10:50:29,RTY,3037.6,0.0,0.0,55.5,3050.0,3050.0,3050.0,2960.0
2026-06-24 10:51:29,RTY,3038.4,0.0,0.0,78.0,3050.0,3040.0,3050.0,2960.0
2026-06-24 10:52:29,RTY,3036.9,0.0,0.0,0.0,3050.0,3050.0,3050.0,2960.0
2026-06-24 10:53:29,RTY,3037.7,0.0,0.0,0.0,3050.0,3050.0,3050.0,2960.0
2026-06-24 10:54:29,RTY,3036.4,0.0,0.0,0.0,3050.0,3050.0,3050.0,2960.0
2026-06-24 10:55:29,RTY,3036.6,0.0,0.0,0.0,3050.0,3050.0,3050.0,2960.0
2026-06-24 10:56:29,RTY,3035.6,0.0,100,0.0,3050.0,3050.0,3050.0,2960.0
2026-06-24 10:57:29,RTY,3034.9,0.0,100,0.0,3050.0,3050.0,3050.0,2960.0
2026-06-24 10:58:29,RTY,3035.0,0.0,100,0.0,3050.0,3050.0,3050.0,2960.0
2026-06-24 10:59:29,RTY,3034.0,0.0,0.0,0.0,3050.0,3050.0,3050.0,2960.0
2026-06-24 11:00:28,RTY,3035.3,0.1,100,0.0,3050.0,3050.0,3050.0,2960.0
2026-06-24 11:01:29,RTY,3035.4,0.1,100,0.0,3050.0,3050.0,3050.0,2960.0
2026-06-24 11:02:29,RTY,3035.1,0.1,100,0.0,3050.0,3050.0,3050.0,2960.0
2026-06-24 11:03:29,RTY,3033.0,0.1,0.0,36.0,3050.0,3030.0,3050.0,2960.0
2026-06-24 11:04:29,RTY,3031.8,0.1,0.0,49.5,3050.0,3030.0,3050.0,2960.0
2026-06-24 11:05:29,RTY,3032.0,0.1,0.0,0.0,3050.0,3030.0,3050.0,2960.0
2026-06-24 11:06:29,RTY,3032.8,0.1,0.0,0.0,3050.0,3030.0,3050.0,2960.0
2026-06-24 11:07:29,RTY,3032.4,0.1,0.0,0.0,3050.0,3030.0,3050.0,2960.0
2026-06-24 11:08:28,RTY,3033.3,0.1,0.0,0.0,3050.0,3030.0,3050.0,2960.0
2026-06-24 11:09:29,RTY,3031.2,0.1,0.0,0.0,3050.0,3030.0,3050.0,2960.0
2026-06-24 11:10:29,RTY,3031.2,0.1,0.0,31.5,3050.0,3030.0,3050.0,2960.0
2026-06-24 11:11:29,RTY,3034.5,0.1,100,49.5,3050.0,3050.0,3050.0,2960.0
2026-06-24 11:12:29,RTY,3033.9,0.1,0.0,40.5,3050.0,3050.0,3050.0,2960.0
2026-06-24 11:13:29,RTY,3033.6,0.1,0.0,0.0,3050.0,3050.0,3050.0,2960.0
2026-06-24 11:14:29,RTY,3036.7,0.1,0.0,42.0,3050.0,3050.0,3050.0,2960.0
2026-06-24 11:15:29,RTY,3036.7,0.1,0.0,46.5,3050.0,3050.0,3050.0,2960.0
2026-06-24 11:16:29,RTY,3035.8,0.1,100,0.0,3050.0,3050.0,3050.0,2960.0
2026-06-24 11:17:29,RTY,3035.6,0.1,100,0.0,3050.0,3050.0,3050.0,2960.0
2026-06-24 11:18:29,RTY,3034.4,0.1,100,0.0,3050.0,3050.0,3050.0,2960.0
2026-06-24 11:19:29,RTY,3034.5,0.1,100,0.0,3050.0,3050.0,3050.0,2960.0
2026-06-24 11:20:29,RTY,3034.9,0.1,100,0.0,3050.0,3050.0,3050.0,2960.0
2026-06-24 11:21:29,RTY,3034.7,0.1,100,0.0,3050.0,3050.0,3050.0,2960.0
2026-06-24 11:22:29,RTY,3035.2,0.1,100,0.0,3050.0,3050.0,3050.0,2960.0
2026-06-24 11:23:29,RTY,3037.5,0.1,0.0,42.0,3050.0,3050.0,3050.0,2960.0
2026-06-24 11:24:29,RTY,3039.2,0.1,0.0,60.0,3050.0,3040.0,3050.0,2960.0
2026-06-24 11:25:29,RTY,3037.4,0.1,0.0,0.0,3050.0,3050.0,3050.0,2960.0
2026-06-24 11:26:29,RTY,3036.9,0.1,0.0,34.5,3050.0,3050.0,3050.0,2960.0
2026-06-24 11:27:29,RTY,3036.9,0.1,0.0,0.0,3050.0,3050.0,3050.0,2960.0
2026-06-24 11:28:29,RTY,3037.1,0.1,0.0,0.0,3050.0,3050.0,3050.0,2960.0
2026-06-24 11:29:29,RTY,3037.5,0.1,0.0,0.0,3050.0,3050.0,3050.0,2960.0
2026-06-24 11:30:29,RTY,3036.4,0.1,0.0,0.0,3050.0,3050.0,3050.0,2960.0
2026-06-24 11:31:29,RTY,3035.7,0.1,100,0.0,3050.0,3050.0,3050.0,2960.0
2026-06-24 11:32:29,RTY,3034.3,0.1,100,31.5,3050.0,3050.0,3050.0,2960.0
2026-06-24 11:33:29,RTY,3034.2,0.1,100,0.0,3050.0,3050.0,3050.0,2960.0
2026-06-24 11:34:29,RTY,3034.0,0.1,0.0,0.0,3050.0,3050.0,3050.0,2960.0
2026-06-24 11:35:29,RTY,3035.7,0.1,100,0.0,3050.0,3050.0,3050.0,2960.0
2026-06-24 11:36:29,RTY,3034.2,0.1,100,0.0,3050.0,3050.0,3050.0,2960.0
2026-06-24 11:37:29,RTY,3030.5,0.1,0.0,78.0,3050.0,3030.0,3050.0,2960.0
2026-06-24 11:38:29,RTY,3031.0,0.1,0.0,48.0,3050.0,3030.0,3050.0,2960.0
2026-06-24 11:39:29,RTY,3029.5,0.1,0.0,0.0,3050.0,3030.0,3050.0,2960.0
2026-06-24 11:40:29,RTY,3027.4,0.1,0.0,54.0,3050.0,3030.0,3050.0,2960.0
2026-06-24 11:41:29,RTY,3029.6,0.1,0.0,0.0,3050.0,3030.0,3050.0,2960.0
2026-06-24 11:42:29,RTY,3028.1,0.1,0.0,0.0,3050.0,3030.0,3050.0,2960.0
2026-06-24 11:43:29,RTY,3028.7,0.1,0.0,0.0,3050.0,3030.0,3050.0,2960.0
2026-06-24 11:44:29,RTY,3029.2,0.1,0.0,0.0,3050.0,3030.0,3050.0,2960.0
2026-06-24 11:45:29,RTY,3028.9,0.1,0.0,0.0,3050.0,3030.0,3050.0,2960.0
2026-06-24 11:46:29,RTY,3029.2,0.1,0.0,0.0,3050.0,3030.0,3050.0,2960.0
2026-06-24 11:47:29,RTY,3029.4,0.1,0.0,0.0,3050.0,3030.0,3050.0,2960.0
2026-06-24 11:48:41,RTY,3030.2,0.1,0.0,0.0,3050.0,3030.0,3050.0,2960.0
2026-06-24 11:49:47,RTY,3031.1,0.1,0.0,0.0,3050.0,3030.0,3050.0,2960.0
2026-06-24 11:50:35,RTY,3031.5,0.1,0.0,0.0,3050.0,3030.0,3050.0,2960.0
2026-06-24 11:51:51,RTY,3030.9,0.1,0.0,0.0,3050.0,3030.0,3050.0,2960.0
2026-06-24 11:52:29,RTY,3030.4,0.1,0.0,0.0,3050.0,3030.0,3050.0,2960.0
2026-06-24 11:53:29,RTY,3030.4,0.1,0.0,0.0,3050.0,3030.0,3050.0,2960.0
2026-06-24 11:54:29,RTY,3028.2,0.1,0.0,33.0,3050.0,3030.0,3050.0,2960.0
2026-06-24 11:55:29,RTY,3024.3,0.1,100,91.5,3050.0,3050.0,3050.0,2960.0
2026-06-24 11:56:29,RTY,3026.8,0.1,0.0,0.0,3050.0,3030.0,3050.0,2960.0
2026-06-24 11:57:29,RTY,3025.9,0.1,100,0.0,3050.0,3030.0,3050.0,2960.0
2026-06-24 11:58:29,RTY,3026.7,0.1,0.0,0.0,3050.0,3030.0,3050.0,2960.0
2026-06-24 11:59:29,RTY,3025.1,0.1,100,0.0,3050.0,3030.0,3050.0,2960.0
2026-06-24 12:00:29,RTY,3024.8,0.1,100,0.0,3050.0,3030.0,3050.0,2960.0
2026-06-24 12:01:29,RTY,3025.3,0.1,100,0.0,3050.0,3030.0,3050.0,2960.0
2026-06-24 12:02:29,RTY,3025.5,0.1,100,0.0,3050.0,3030.0,3050.0,2960.0
2026-06-24 12:03:29,RTY,3027.0,0.1,0.0,0.0,3050.0,3030.0,3050.0,2960.0
2026-06-24 12:04:29,RTY,3027.3,0.1,0.0,0.0,3050.0,3030.0,3050.0,2960.0
2026-06-24 12:05:29,RTY,3027.0,0.1,0.0,0.0,3050.0,3030.0,3050.0,2960.0
2026-06-24 12:06:29,RTY,3024.4,0.1,0.0,43.5,3050.0,3050.0,3050.0,2770.0
2026-06-24 12:07:29,RTY,3022.3,0.1,0.0,70.5,3050.0,3020.0,3050.0,2960.0
2026-06-24 12:08:29,RTY,3020.1,0.1,0.0,64.5,3050.0,3020.0,3050.0,2960.0
2026-06-24 12:09:29,RTY,3021.1,0.1,0.0,0.0,3050.0,3020.0,3050.0,2960.0
2026-06-24 12:10:29,RTY,3022.0,0.1,0.0,0.0,3050.0,3020.0,3050.0,2960.0
2026-06-24 12:11:29,RTY,3022.5,0.1,0.0,0.0,3050.0,3020.0,3050.0,2960.0
2026-06-24 12:12:30,RTY,3021.9,0.1,0.0,0.0,3050.0,3020.0,3050.0,2960.0
2026-06-24 12:13:29,RTY,3020.2,0.1,0.0,34.5,3050.0,3020.0,3050.0,2960.0
2026-06-24 12:14:29,RTY,3021.0,0.1,0.0,0.0,3050.0,3020.0,3050.0,2960.0
2026-06-24 12:15:29,RTY,3022.3,0.1,0.0,31.5,3050.0,3020.0,3050.0,2960.0
2026-06-24 12:16:29,RTY,3019.8,0.1,0.0,0.0,3050.0,3020.0,3050.0,2960.0
2026-06-24 12:17:29,RTY,3017.3,0.1,0.0,75.0,3050.0,3020.0,3050.0,2960.0
2026-06-24 12:18:29,RTY,3018.1,0.1,0.0,0.0,3050.0,3020.0,3050.0,2960.0
2026-06-24 12:19:29,RTY,3016.8,0.1,0.0,0.0,3050.0,3020.0,3050.0,2960.0
2026-06-24 12:20:29,RTY,3014.4,0.1,100,55.5,3050.0,3010.0,3050.0,2960.0
2026-06-24 12:21:29,RTY,3012.7,0.1,0.0,61.5,3050.0,3010.0,3050.0,2960.0
2026-06-24 12:22:29,RTY,3014.9,0.1,100,0.0,3050.0,3010.0,3050.0,2960.0
2026-06-24 12:23:29,RTY,3012.5,0.1,0.0,0.0,3050.0,3010.0,3050.0,2960.0
2026-06-24 12:24:29,RTY,3012.6,0.1,0.0,34.5,3050.0,3010.0,3050.0,2960.0
2026-06-24 12:25:29,RTY,3010.3,0.1,0.0,33.0,3050.0,3010.0,3050.0,2960.0
2026-06-24 12:26:29,RTY,3012.5,0.1,0.0,0.0,3050.0,3010.0,3050.0,2960.0
2026-06-24 12:27:29,RTY,3011.1,0.1,0.0,0.0,3050.0,3010.0,3050.0,2960.0
2026-06-24 12:28:29,RTY,3010.1,0.1,0.0,36.0,3050.0,3010.0,3050.0,2960.0
2026-06-24 12:29:29,RTY,3008.5,0.1,0.0,39.0,3050.0,3010.0,3050.0,2960.0
2026-06-24 12:30:29,RTY,3009.0,0.1,0.0,0.0,3050.0,3010.0,3050.0,2960.0
2026-06-24 12:31:29,RTY,3007.3,0.1,0.0,0.0,3050.0,3010.0,3050.0,2960.0
2026-06-24 12:32:29,RTY,3006.3,0.1,0.0,40.5,3050.0,3000.0,3050.0,2960.0
2026-06-24 12:33:29,RTY,3004.8,0.1,100,37.5,2960.0,3000.0,3050.0,2960.0
2026-06-24 12:34:29,RTY,3006.8,0.1,0.0,0.0,3050.0,3000.0,3050.0,2960.0
2026-06-24 12:35:29,RTY,3009.6,0.1,0.0,72.0,3050.0,3010.0,3050.0,2960.0
2026-06-24 12:36:29,RTY,3007.0,0.1,0.0,0.0,3050.0,3000.0,3050.0,2960.0
2026-06-24 12:37:29,RTY,3005.7,0.1,100,58.5,3050.0,3000.0,3050.0,2960.0
2026-06-24 12:38:29,RTY,3004.8,0.1,100,33.0,2960.0,3000.0,3050.0,2960.0
2026-06-24 12:39:29,RTY,3008.2,0.1,0.0,37.5,3050.0,3010.0,3050.0,2960.0
2026-06-24 12:40:30,RTY,3009.5,0.1,0.0,70.5,3050.0,3010.0,3050.0,2960.0
2026-06-24 12:41:29,RTY,3009.8,0.1,0.0,0.0,3050.0,3010.0,3050.0,2960.0
2026-06-24 12:42:29,RTY,3010.0,0.1,0.0,0.0,3050.0,3010.0,3050.0,2960.0
2026-06-24 12:43:29,RTY,3006.9,0.1,0.0,43.5,3050.0,3000.0,3050.0,2960.0
2026-06-24 12:44:29,RTY,3005.1,0.1,100,73.5,3050.0,3000.0,3050.0,2960.0
2026-06-24 12:45:30,RTY,3006.0,0.1,0.0,0.0,3050.0,3000.0,3050.0,2960.0
2026-06-24 12:46:29,RTY,3003.5,0.1,0.0,0.0,2960.0,3000.0,3050.0,2960.0
2026-06-24 12:47:29,RTY,3006.7,0.1,0.0,0.0,3050.0,3000.0,3050.0,2960.0
2026-06-24 12:48:29,RTY,3006.9,0.1,0.0,51.0,3050.0,3000.0,3050.0,2960.0
2026-06-24 12:49:30,RTY,3007.6,0.1,0.0,0.0,3050.0,3010.0,3050.0,2960.0
2026-06-24 12:50:29,RTY,3008.2,0.1,0.0,0.0,3050.0,3010.0,3050.0,2960.0
2026-06-24 12:51:30,RTY,3007.8,0.1,0.0,0.0,3050.0,3010.0,3050.0,2960.0
2026-06-24 12:52:29,RTY,3007.6,0.1,0.0,0.0,3050.0,3010.0,3050.0,2960.0
2026-06-24 12:53:29,RTY,3007.5,0.1,0.0,0.0,3050.0,3010.0,3050.0,2960.0
2026-06-24 12:54:29,RTY,3007.5,0.1,0.0,0.0,3050.0,3010.0,3050.0,2960.0
2026-06-24 12:55:29,RTY,3010.8,0.1,0.0,49.5,3050.0,3010.0,3050.0,2960.0
2026-06-24 12:56:29,RTY,3010.2,0.1,0.0,40.5,3050.0,3010.0,3050.0,2960.0
2026-06-24 12:57:29,RTY,3008.6,0.1,0.0,33.0,3050.0,3010.0,3050.0,2960.0
2026-06-24 12:58:29,RTY,3004.7,0.1,100,82.5,2960.0,3000.0,3050.0,2960.0
2026-06-24 12:59:29,RTY,3005.2,0.1,100,51.0,3050.0,3000.0,3050.0,2960.0
2026-06-24 13:00:29,RTY,3004.9,0.25,100,0.0,2960.0,3000.0,3050.0,2960.0
2026-06-24 13:01:29,RTY,3006.6,0.25,0.0,0.0,3050.0,3000.0,3050.0,2960.0
2026-06-24 13:02:29,RTY,3004.4,0.25,100,0.0,2960.0,3000.0,3050.0,2960.0
2026-06-24 13:03:29,RTY,3005.4,0.25,100,0.0,3050.0,3000.0,3050.0,2960.0
2026-06-24 13:04:29,RTY,3004.3,0.25,100,0.0,2960.0,3000.0,3050.0,2960.0
2026-06-24 13:05:29,RTY,3004.4,0.25,100,0.0,2960.0,3000.0,3050.0,2960.0
2026-06-24 13:06:29,RTY,3005.6,0.25,100,0.0,3050.0,3000.0,3050.0,2960.0
2026-06-24 13:07:29,RTY,3008.2,0.25,0.0,57.0,3050.0,3010.0,3050.0,2960.0
2026-06-24 13:08:29,RTY,3006.9,0.25,0.0,0.0,3050.0,3000.0,3050.0,2960.0
2026-06-24 13:09:30,RTY,3006.0,0.25,0.0,33.0,3050.0,3000.0,3050.0,2960.0
2026-06-24 13:10:29,RTY,3007.3,0.25,0.0,0.0,3050.0,3010.0,3050.0,2960.0
2026-06-24 13:11:29,RTY,3007.6,0.25,0.0,0.0,3050.0,3010.0,3050.0,2960.0
2026-06-24 13:12:29,RTY,3007.6,0.25,0.0,0.0,3050.0,3010.0,3050.0,2960.0
2026-06-24 13:13:30,RTY,3007.1,0.25,0.0,0.0,3050.0,3010.0,3050.0,2960.0
2026-06-24 13:14:30,RTY,3006.2,0.25,0.0,0.0,3050.0,3000.0,3050.0,2960.0
2026-06-24 13:15:30,RTY,3007.8,0.25,0.0,0.0,3050.0,3010.0,3050.0,2960.0
2026-06-24 13:16:38,RTY,3010.7,0.25,0.0,67.5,3050.0,3010.0,3050.0,2960.0
2026-06-24 13:17:30,RTY,3012.4,0.25,0.0,69.0,3050.0,3010.0,3050.0,2960.0
2026-06-24 13:18:29,RTY,3009.6,0.25,0.0,0.0,3050.0,3010.0,3050.0,2960.0
2026-06-24 13:19:30,RTY,3013.8,0.25,0.0,0.0,3050.0,3010.0,3050.0,2960.0
2026-06-24 13:20:29,RTY,3012.6,0.25,0.0,45.0,3050.0,3010.0,3050.0,2960.0
2026-06-24 13:21:29,RTY,3013.3,0.25,0.0,0.0,3050.0,3010.0,3050.0,2960.0
2026-06-24 13:22:29,RTY,3014.3,0.25,100,0.0,3050.0,3010.0,3050.0,2960.0
2026-06-24 13:23:29,RTY,3014.1,0.25,100,0.0,3050.0,3010.0,3050.0,2960.0
2026-06-24 13:24:29,RTY,3016.0,0.25,0.0,0.0,3050.0,3010.0,3050.0,2960.0
2026-06-24 13:25:29,RTY,3018.2,0.25,0.0,61.5,3050.0,3020.0,3050.0,2960.0
2026-06-24 13:26:29,RTY,3016.5,0.25,0.0,0.0,3050.0,3010.0,3050.0,2960.0
2026-06-24 13:27:29,RTY,3018.5,0.25,0.0,0.0,3050.0,3020.0,3050.0,2960.0
2026-06-24 13:28:29,RTY,3019.0,0.25,0.0,37.5,3050.0,3020.0,3050.0,2960.0
2026-06-24 13:29:29,RTY,3019.8,0.25,0.0,0.0,3050.0,3020.0,3050.0,2960.0
2026-06-24 13:30:29,RTY,3018.2,0.25,0.0,0.0,3050.0,3020.0,3050.0,2960.0
2026-06-24 13:31:29,RTY,3018.5,0.25,0.0,0.0,3050.0,3020.0,3050.0,2960.0
2026-06-24 13:32:29,RTY,3018.9,0.25,0.0,0.0,3050.0,3020.0,3050.0,2960.0
2026-06-24 13:33:29,RTY,3018.1,0.25,0.0,0.0,3050.0,3020.0,3050.0,2960.0
2026-06-24 13:34:29,RTY,3016.9,0.25,0.0,0.0,3050.0,3020.0,3050.0,2960.0
2026-06-24 13:35:29,RTY,3014.9,0.25,100,48.0,3050.0,3010.0,3050.0,2960.0
2026-06-24 13:36:29,RTY,3011.7,0.25,0.0,78.0,3050.0,3010.0,3050.0,2960.0
2026-06-24 13:37:29,RTY,3014.1,0.25,100,0.0,3050.0,3010.0,3050.0,2960.0
2026-06-24 13:38:29,RTY,3013.1,0.25,0.0,0.0,3050.0,3010.0,3050.0,2960.0
2026-06-24 13:39:29,RTY,3012.8,0.25,0.0,0.0,3050.0,3010.0,3050.0,2960.0
2026-06-24 13:40:29,RTY,3010.6,0.25,0.0,37.5,3050.0,3010.0,3050.0,2960.0
2026-06-24 13:41:29,RTY,3010.4,0.25,0.0,36.0,3050.0,3010.0,3050.0,2960.0
2026-06-24 13:42:29,RTY,3010.5,0.25,0.0,0.0,3050.0,3010.0,3050.0,2960.0
2026-06-24 13:43:29,RTY,3010.1,0.25,0.0,0.0,3050.0,3010.0,3050.0,2960.0
2026-06-24 13:44:29,RTY,3009.7,0.25,0.0,0.0,3050.0,3010.0,3050.0,2960.0
2026-06-24 13:45:29,RTY,3008.9,0.25,0.0,0.0,3050.0,3010.0,3050.0,2960.0
2026-06-24 13:46:29,RTY,3007.0,0.25,0.0,40.5,3050.0,3000.0,3050.0,2960.0
2026-06-24 13:47:29,RTY,3006.7,0.25,0.0,33.0,3050.0,3000.0,3050.0,2960.0
2026-06-24 13:48:30,RTY,3005.1,0.25,100,0.0,3050.0,3000.0,3050.0,2960.0
2026-06-24 13:49:29,RTY,3003.4,0.25,0.0,49.5,2960.0,3000.0,3050.0,2960.0
2026-06-24 13:50:29,RTY,3002.2,0.25,0.0,43.5,2960.0,3000.0,3050.0,2960.0
2026-06-24 13:51:29,RTY,3003.3,0.25,0.0,0.0,2960.0,3000.0,3050.0,2960.0
2026-06-24 13:52:29,RTY,3005.3,0.25,100,46.5,3050.0,3000.0,3050.0,2960.0
2026-06-24 13:53:29,RTY,3005.8,0.25,100,37.5,3050.0,3000.0,3050.0,2960.0
2026-06-24 13:54:29,RTY,3007.0,0.25,0.0,0.0,3050.0,3000.0,3050.0,2960.0
2026-06-24 13:55:29,RTY,3006.8,0.25,0.0,0.0,3050.0,3000.0,3050.0,2960.0
2026-06-24 13:56:29,RTY,3007.2,0.25,0.0,0.0,3050.0,3010.0,3050.0,2960.0
2026-06-24 13:57:29,RTY,3008.6,0.25,0.0,0.0,3050.0,3010.0,3050.0,2960.0
2026-06-24 13:58:29,RTY,3005.3,0.25,100,0.0,3050.0,3000.0,3050.0,2960.0
2026-06-24 13:59:29,RTY,3004.3,0.25,100,64.5,2960.0,3000.0,3050.0,2960.0
2026-06-24 14:00:29,RTY,3002.6,0.25,0.0,40.5,2960.0,3000.0,3050.0,2960.0
2026-06-24 14:01:29,RTY,3002.2,0.25,0.0,31.5,2960.0,3000.0,3050.0,2960.0
2026-06-24 14:02:29,RTY,3003.5,0.25,0.0,0.0,2960.0,3000.0,3050.0,2960.0
2026-06-24 14:03:29,RTY,3006.6,0.25,0.0,66.0,3050.0,3000.0,3050.0,2960.0
2026-06-24 14:04:29,RTY,3006.4,0.25,0.0,43.5,3050.0,3000.0,3050.0,2960.0
2026-06-24 14:05:29,RTY,3006.1,0.25,0.0,0.0,3050.0,3000.0,3050.0,2960.0
2026-06-24 14:06:29,RTY,3002.7,0.25,0.0,55.5,2960.0,3000.0,3050.0,2960.0
2026-06-24 14:07:29,RTY,2998.6,0.25,0.0,100,2960.0,3000.0,3050.0,2960.0
2026-06-24 14:08:29,RTY,2997.7,0.25,0.0,75.0,2960.0,3000.0,3050.0,2960.0
2026-06-24 14:09:29,RTY,2998.9,0.25,0.0,0.0,2960.0,3000.0,3050.0,2960.0
2026-06-24 14:10:29,RTY,2996.9,0.25,0.0,0.0,2960.0,3000.0,3050.0,2960.0
2026-06-24 14:11:29,RTY,2997.8,0.25,0.0,0.0,2960.0,3000.0,3050.0,2960.0
2026-06-24 14:12:29,RTY,2997.7,0.25,0.0,0.0,2960.0,3000.0,3050.0,2960.0
2026-06-24 14:13:29,RTY,2998.4,0.25,0.0,0.0,2960.0,3000.0,3050.0,2960.0
2026-06-24 14:14:29,RTY,2999.9,0.25,0.0,33.0,2960.0,3000.0,3050.0,2960.0
2026-06-24 14:15:29,RTY,2998.5,0.25,0.0,0.0,2960.0,3000.0,3050.0,2960.0
2026-06-24 14:16:29,RTY,2999.7,0.25,0.0,0.0,2960.0,3000.0,3050.0,2960.0
2026-06-24 14:17:29,RTY,2999.0,0.25,0.0,0.0,2960.0,3000.0,3050.0,2960.0
2026-06-24 14:18:29,RTY,2999.3,0.25,0.0,0.0,2960.0,3000.0,3050.0,2960.0
2026-06-24 14:19:29,RTY,2999.8,0.25,0.0,0.0,2960.0,3000.0,3050.0,2960.0
2026-06-24 14:20:30,RTY,2999.4,0.25,0.0,0.0,2960.0,3000.0,3050.0,2960.0
2026-06-24 14:21:29,RTY,2998.3,0.25,0.0,0.0,2960.0,3000.0,3050.0,2960.0
2026-06-24 14:22:29,RTY,2998.7,0.25,0.0,0.0,2960.0,3000.0,3050.0,2960.0
2026-06-24 14:23:29,RTY,3000.8,0.25,0.0,37.5,2960.0,3000.0,3050.0,2960.0
2026-06-24 14:24:29,RTY,2999.7,0.25,0.0,0.0,2960.0,3000.0,3050.0,2960.0
2026-06-24 14:25:29,RTY,3002.3,0.25,0.0,0.0,2960.0,3000.0,3050.0,2960.0
2026-06-24 14:26:29,RTY,3002.2,0.25,0.0,37.5,2960.0,3000.0,3050.0,2960.0
2026-06-24 14:27:29,RTY,3000.4,0.25,0.0,0.0,2960.0,3000.0,3050.0,2960.0
2026-06-24 14:28:29,RTY,3001.3,0.25,0.0,0.0,2960.0,3000.0,3050.0,2960.0
2026-06-24 14:29:29,RTY,3002.8,0.25,0.0,36.0,2960.0,3000.0,3050.0,2960.0
2026-06-24 14:30:29,RTY,3002.3,0.25,0.0,0.0,2960.0,3000.0,3050.0,2960.0
2026-06-24 14:31:29,RTY,3002.0,0.25,0.0,0.0,2960.0,3000.0,3050.0,2960.0
2026-06-24 14:32:29,RTY,3000.2,0.25,0.0,31.5,2960.0,3000.0,3050.0,2960.0
2026-06-24 14:33:29,RTY,2999.6,0.25,0.0,36.0,2960.0,3000.0,3050.0,2960.0
2026-06-24 14:34:29,RTY,3000.1,0.25,0.0,0.0,2960.0,3000.0,3050.0,2960.0
2026-06-24 14:35:29,RTY,2998.7,0.25,0.0,0.0,2960.0,3000.0,3050.0,2960.0
2026-06-24 14:36:29,RTY,2999.5,0.25,0.0,0.0,2960.0,3000.0,3050.0,2960.0
2026-06-24 14:37:29,RTY,2999.5,0.25,0.0,0.0,2960.0,3000.0,3050.0,2960.0
2026-06-24 14:38:29,RTY,2998.6,0.25,0.0,0.0,2960.0,3000.0,3050.0,2960.0
2026-06-24 14:39:29,RTY,2999.5,0.25,0.0,0.0,2960.0,3000.0,3050.0,2960.0
2026-06-24 14:40:29,RTY,3000.0,0.25,0.0,0.0,2960.0,3000.0,3050.0,2960.0
2026-06-24 14:41:29,RTY,2998.9,0.25,0.0,0.0,2960.0,3000.0,3050.0,2960.0
2026-06-24 14:42:29,RTY,2996.2,0.25,0.0,57.0,2960.0,3000.0,3050.0,2960.0
2026-06-24 14:43:29,RTY,2998.0,0.25,0.0,0.0,2960.0,3000.0,3050.0,2960.0
2026-06-24 14:44:29,RTY,2999.8,0.25,0.0,54.0,2960.0,3000.0,3050.0,2960.0
2026-06-24 14:45:29,RTY,3000.8,0.25,0.0,42.0,2960.0,3000.0,3050.0,2960.0
2026-06-24 14:46:29,RTY,3003.7,0.25,0.0,58.5,2960.0,3000.0,3050.0,2960.0
2026-06-24 14:47:29,RTY,3003.0,0.25,0.0,33.0,2960.0,3000.0,3050.0,2960.0
2026-06-24 14:48:29,RTY,3002.6,0.25,0.0,0.0,2960.0,3000.0,3050.0,2960.0
2026-06-24 14:49:29,RTY,3002.7,0.25,0.0,0.0,2960.0,3000.0,3050.0,2960.0
2026-06-24 14:50:29,RTY,3005.0,0.25,100,36.0,2960.0,3000.0,3050.0,2960.0
2026-06-24 14:51:29,RTY,3004.1,0.25,100,0.0,2960.0,3000.0,3050.0,2960.0
2026-06-24 14:52:29,RTY,3005.2,0.25,100,0.0,3050.0,3000.0,3050.0,2960.0
2026-06-24 14:53:29,RTY,3007.0,0.25,0.0,43.5,3050.0,3000.0,3050.0,2960.0
2026-06-24 14:54:29,RTY,3006.6,0.25,0.0,0.0,3050.0,3000.0,3050.0,2960.0
2026-06-24 14:55:29,RTY,3007.0,0.25,0.0,0.0,3050.0,3000.0,3050.0,2960.0
2026-06-24 14:56:29,RTY,3009.1,0.25,0.0,37.5,3050.0,3010.0,3050.0,2960.0
2026-06-24 14:57:29,RTY,3008.1,0.25,0.0,0.0,3050.0,3010.0,3050.0,2960.0
2026-06-24 14:58:29,RTY,3009.0,0.25,0.0,0.0,3050.0,3010.0,3050.0,2960.0
2026-06-24 14:59:29,RTY,3011.8,0.25,0.0,55.5,3050.0,3010.0,3050.0,2960.0
2026-06-24 15:00:29,RTY,3011.6,0.25,0.0,39.0,3050.0,3010.0,3050.0,2960.0
2026-06-24 15:01:29,RTY,3014.4,0.25,100,39.0,3050.0,3010.0,3050.0,2960.0
2026-06-24 15:02:29,RTY,3015.2,0.25,100,54.0,3050.0,3010.0,3050.0,2960.0
2026-06-24 15:03:28,RTY,3018.4,0.25,0.0,60.0,3050.0,3020.0,3050.0,2960.0
2026-06-24 15:04:29,RTY,3018.9,0.25,0.0,55.5,3050.0,3020.0,3050.0,2960.0
2026-06-24 15:05:29,RTY,3020.8,0.25,0.0,36.0,3050.0,3020.0,3050.0,2960.0
2026-06-24 15:06:29,RTY,3021.5,0.25,0.0,39.0,3050.0,3020.0,3050.0,2960.0
2026-06-24 15:07:29,RTY,3018.8,0.25,0.0,0.0,3050.0,3020.0,3050.0,2960.0
2026-06-24 15:08:28,RTY,3020.2,0.25,0.0,0.0,3050.0,3020.0,3050.0,2960.0
2026-06-24 15:09:29,RTY,3019.5,0.25,0.0,0.0,3050.0,3020.0,3050.0,2960.0
2026-06-24 15:10:29,RTY,3019.8,0.25,0.0,0.0,3050.0,3020.0,3050.0,2960.0
2026-06-24 15:11:29,RTY,3018.5,0.25,0.0,0.0,3050.0,3020.0,3050.0,2960.0
2026-06-24 15:12:29,RTY,3019.0,0.25,0.0,0.0,3050.0,3020.0,3050.0,2960.0
2026-06-24 15:13:29,RTY,3018.5,0.25,0.0,0.0,3050.0,3020.0,3050.0,2960.0
2026-06-24 15:14:29,RTY,3018.7,0.25,0.0,0.0,3050.0,3020.0,3050.0,2960.0
2026-06-24 15:15:29,RTY,3019.1,0.25,0.0,0.0,3050.0,3020.0,3050.0,2960.0
2026-06-24 15:16:29,RTY,3019.5,0.25,0.0,0.0,3050.0,3020.0,3050.0,2960.0
2026-06-24 15:17:29,RTY,3020.1,0.25,0.0,0.0,3050.0,3020.0,3050.0,2960.0
2026-06-24 15:18:29,RTY,3020.9,0.25,0.0,0.0,3050.0,3020.0,3050.0,2960.0
2026-06-24 15:19:29,RTY,3020.8,0.25,0.0,0.0,3050.0,3020.0,3050.0,2960.0
2026-06-24 15:20:29,RTY,3020.8,0.25,0.0,0.0,3050.0,3020.0,3050.0,2960.0
2026-06-24 15:21:29,RTY,3021.7,0.25,0.0,0.0,3050.0,3020.0,3050.0,2960.0
2026-06-24 15:22:29,RTY,3022.0,0.25,0.0,0.0,3050.0,3020.0,3050.0,2960.0
2026-06-24 15:23:29,RTY,3022.8,0.25,0.0,0.0,3050.0,3020.0,3050.0,2960.0
2026-06-24 15:24:30,RTY,3022.8,0.25,0.0,0.0,3050.0,3020.0,3050.0,2960.0
2026-06-24 15:25:30,RTY,3021.9,0.25,0.0,0.0,3050.0,3020.0,3050.0,2960.0
2026-06-24 15:26:30,RTY,3022.1,0.25,0.0,0.0,3050.0,3020.0,3050.0,2960.0
2026-06-24 15:27:30,RTY,3022.7,0.25,0.0,0.0,3050.0,3020.0,3050.0,2960.0
2026-06-24 15:28:30,RTY,3022.2,0.25,0.0,0.0,3050.0,3020.0,3050.0,2960.0
2026-06-24 15:29:30,RTY,3022.9,0.25,0.0,0.0,3050.0,3020.0,3050.0,2960.0
2026-06-24 15:30:30,RTY,3022.1,0.25,0.0,0.0,3050.0,3020.0,3050.0,2960.0
2026-06-24 15:31:30,RTY,3021.6,0.25,0.0,0.0,3050.0,3020.0,3050.0,2960.0
2026-06-24 15:32:31,RTY,3023.6,0.25,0.0,0.0,3050.0,3020.0,3050.0,2960.0
2026-06-24 15:33:29,RTY,3022.1,0.25,0.0,0.0,3050.0,3020.0,3050.0,2960.0
2026-06-24 15:34:30,RTY,3022.2,0.25,0.0,0.0,3050.0,3020.0,3050.0,2960.0
2026-06-24 15:35:29,RTY,3020.6,0.25,0.0,0.0,3050.0,3020.0,3050.0,2960.0
2026-06-24 15:36:29,RTY,3020.5,0.25,0.0,0.0,3050.0,3020.0,3050.0,2960.0
2026-06-24 15:37:29,RTY,3020.2,0.25,0.0,0.0,3050.0,3020.0,3050.0,2960.0
2026-06-24 15:38:29,RTY,3021.4,0.25,0.0,0.0,3050.0,3020.0,3050.0,2960.0
2026-06-24 15:39:29,RTY,3021.8,0.25,0.0,0.0,3050.0,3020.0,3050.0,2960.0
2026-06-24 15:40:29,RTY,3021.7,0.25,0.0,0.0,3050.0,3020.0,3050.0,2960.0
2026-06-24 15:41:29,RTY,3022.1,0.25,0.0,0.0,3050.0,3020.0,3050.0,2960.0
2026-06-24 15:42:29,RTY,3022.9,0.25,0.0,0.0,3050.0,3020.0,3050.0,2960.0
2026-06-24 15:43:29,RTY,3023.9,0.25,0.0,0.0,3050.0,3020.0,3050.0,2960.0
2026-06-24 15:44:29,RTY,3023.9,0.25,0.0,0.0,3050.0,3020.0,3050.0,2960.0
2026-06-24 15:45:29,RTY,3024.1,0.25,100,0.0,3050.0,3050.0,3050.0,2960.0
2026-06-24 15:46:31,RTY,3022.4,0.25,0.0,0.0,3050.0,3020.0,3050.0,2960.0
2026-06-24 15:47:29,RTY,3023.5,0.25,0.0,0.0,3050.0,3020.0,3050.0,2960.0
2026-06-24 15:48:29,RTY,3023.0,0.25,0.0,0.0,3050.0,3020.0,3050.0,2960.0
