,900,897,894,891,888,885,882,879,876,873,870,867,864,861,858,855,852,849,846,843,840,837,834,831,828,825,822,819,816,813,810,807,804,801,798,795,792,789,786,783,780,777,774,771,768,765,762,759,756,753,750,747,744,741,738,735,732,729,726,723,720,717,714,711,708,705,702,699,696,693,690,687,684,681,678,675,672,669,666,663,660,657,654,651,648,645,642,639,636,633,630,627,624,621,618,615,612,609,606,603,600,597,594,591,588,585,582,579,576,573,570,567,564,561,558,555,552,549,546,543,540,537,534,531,528,525,522,519,516,513,510,507,504,501,498,495,492,489,486,483,480,477,474,471,468,465,462,459,456,453,450,447,444,441,438,435,432,429,426,423,420,417,414,411,408,405,402,399,396,393,390,387,384,381,378,375,372,369,366,363,360,357,354,351,348,345,342,339,336,333,330,327,324,321,318,315,312,309,306,303,300,297,294,291,288,285,282,279,276,273,270,267,264,261,258,255,252,249,246,243,240,237,234,231,228,225,222,219,216,213,210,207,204,201,198,195,192,189,186,183,180,177,174,171,168,165,162,159,156,153,150,147,144,141,138,135,132,129,126,123,120,117,114,111,108,105,102,99,96,93,90,87,84,81,78,75,72,69,66,63,60,57,54,51,48,45,42,39,36,33,30,27,24,21,18,15,12,9,6,3,0
2921.0,-3836678859.298569,-3849638658.1983423,-3862661756.5020432,-3875748705.4635286,-3888900062.616356,-3902116391.836669,-3915398263.406212,-3928746254.075438,-3942160947.126698,-3955642932.4374943,-3969192806.543745,-3982811172.70309,-3996498640.958119,-4010255828.19961,-4024083358.229644,-4037981861.824627,-4051951976.798169,-4065994348.063784,-4080109627.697372,-4094298474.9994593,-4108561556.557159,-4122899546.305776,-4137313125.59008,-4151802983.2251472,-4166369815.55673,-4181014326.5211535,-4195737227.704629,-4210539238.401989,-4225421085.6747193,-4240383504.40833,-4255427237.368901,-4270553035.258843,-4285761656.771714,-4301053868.646098,-4316430445.718449,-4331892170.97483,-4347439835.601466,-4363074239.034059,-4378796189.005749,-4394606501.593669,-4410506001.263975,-4426495520.915313,-4442575901.920543,-4458747994.166718,-4475012656.093149,-4491370754.727465,-4507823165.719573,-4524370773.37338,-4541014470.676174,-4557755159.325545,-4574593749.75367,-4591531161.148885,-4608568321.474382,-4625706167.483858,-4642945644.733984,-4660287707.593567,-4677733319.249167,-4695283451.707059,-4712939085.791328,-4730701211.137931,-4748570826.184504,-4766548938.15574,-4784636563.044101,-4802834725.585673,-4821144459.230898,-4839566806.109979,-4858102816.992698,-4876753551.242372,-4895520076.7637005,-4914403469.944214,-4933404815.589011,-4952525206.848548,-4971765745.139042,-4991127540.055288,-5010611709.275455,-5030219378.457545,-5049951681.127093,-5069809758.555802,-5089794759.630591,-5109907840.712741,-5130150165.486597,-5150522904.79746,-5171027236.478082,-5191664345.163359,-5212435422.092615,-5233341664.898985,-5254384277.385273,-5275564469.285748,-5296883456.013182,-5318342458.3905325,-5339942702.366572,-5361685418.714722,-5383571842.714384,-5405603213.814005,-5427780775.274972,-5450105773.795606,-5472579459.11429,-5495203083.590825,-5517977901.765014,-5540905169.891522,-5563986145.449872,-5587222086.628536,-5610614251.781874,-5634163898.858797,-5657872284.801791,-5681740664.915025,-5705770292.200129,-5729962416.6581335,-5754318284.556127,-5778839137.65692,-5803526212.410098,-5828380739.102693,-5853403940.967573,-5878597033.247672,-5903961222.213942,-5929497704.135034,-5955207664.19626,-5981092275.365697,-6007152697.20481,-6033390074.621079,-6059805536.559926,-6086400194.633004,-6113175141.679946,-6140131450.260376,-6167270171.07286,-6194592331.29738,-6222098932.857613,-6249790950.599225,-6277669330.380106,-6305734987.068345,-6333988802.443425,-6362431622.996019,-6391064257.621356,-6419887475.201039,-6448902002.067816,-6478108519.347524,-6507507660.172183,-6537100006.757828,-6566886087.3403845,-6596866372.962448,-6627041274.103614,-6657411137.146375,-6687976240.669379,-6718736791.559294,-6749692920.932076,-6780844679.853901,-6812192034.851598,-6843734863.201667,-6875472947.986612,-6907405972.906483,-6939533516.832951,-6971855048.092567,-7004369918.465008,-7037077356.881437,-7069976462.8071575,-7103066199.291965,-7136345385.670592,-7169812689.894621,-7203466620.476308,-7237305518.023503,-7271327546.343764,-7305530683.094468,-7339912709.954397,-7374471202.290899,-7409203518.295192,-7444106787.556789,-7479177899.046407,-7514413488.474878,-7549809924.993718,-7585363297.200999,-7621069398.41406,-7656923711.168367,-7692921390.89931,-7729057248.761407,-7765325733.536503,-7801720912.579813,-7838236451.749558,-7874865594.262835,-7911601138.416826,-7948435414.110949,-7985360258.101701,-8022366987.917796,-8059446374.35905,-8096588612.497735,-8133783291.096364,-8171019360.350792,-8208285097.861861,-8245568072.733351,-8282855107.68757,-8320132239.0837345,-8357384674.717183,-8394596749.270362,-8431751877.278821,-8468832503.467251,-8505820050.302108,-8542694862.598209,-9460141051.715391,-9470889333.927082,-9480695895.684958,-9489516782.518942,-9497306264.230768,-9504016765.439465,-9549695923.254597,-9538735158.236958,-9526214004.6546,-9512072446.128656,-9496248414.246298,-9478677733.078709,-9063670333.73674,-9019635376.517004,-8973302853.454039,-8924601967.278154,-8873460345.119097,-8819804067.798525,-8763557708.509949,-8064846910.110666,-7986562196.761537,-7905420183.939194,-7821357729.101324,-7734312049.9743,-7644220939.352691,-7252455700.456887,-7148135001.896003,-7040662778.638743,-6929996441.699073,-6816096371.509434,-6698926344.944174,-6629550008.669758,-6504790136.345736,-6376614068.597389,-6245003479.379412,-6109946405.652864,-5971437964.562982,-5829481124.448847,-5432310588.417297,-5281934962.498507,-5128431884.442436,-4971858815.8068495,-4812285878.990203,-4649796898.737963,-4484490487.773665,-4316481171.963532,-2972159803.661183,-2806675036.667588,-2640642298.78355,-2474313808.2465706,-2307959969.482717,-2141869519.068725,-1976349492.63354,-1811724976.278866,-1648338601.4920063,-1486549737.686411,-1326733331.5319705,-1169278337.270559,1031983142.8460088,1068942441.453652,1102046754.9298656,1131400342.3463862,1157140961.8856823,1179441762.4754052,1021703076.7779312,1073204526.3074852,1119412137.3860593,1160454552.4943268,1196520001.6150656,1065157098.846529,1113880487.193755,1156863300.394148,1194442666.0184565,1227049610.1021724,1459534470.5257664,1466983778.178164,1475382781.8491907,1485261918.3763115,1497113086.043791,1446686160.5774748,1457872574.6324914,1471524532.8306885,1487316305.8401852,1504592267.0593812,1530539189.9007697,1566226672.6433988,1596437021.618095,1617050916.8298411,1622580366.9902823,1640333005.855172,1649162627.4240956,1634388842.2780647,1582172430.9703338,1473220419.7754352,1280872984.146504,1375284611.288341,1131812811.5428724,694372386.990465,-38100212.70774972,-1218509212.4659765,-3097196843.794976,-6164864559.95379,-11972237958.18713,-30356605227.46578,0.0
2920.0,-3785415624.720157,-3798616076.02048,-3811883986.752876,-3825219978.327831,-3838624679.797248,-3852098727.946151,-3865642767.385166,-3879257450.643768,-3892943438.26428,-3906701398.896658,-3920532009.3939753,-3934435954.908689,-3948413928.9896026,-3962466633.679577,-3976594779.613911,-3990799086.119472,-4005080281.3144574,-4019439102.2088585,-4033876294.805583,-4048392614.202186,-4062988824.69328,-4077665699.873499,-4092424022.741082,-4107264585.802031,-4122188191.174789,-4137195650.69548,-4152287786.0236177,-4167465428.748336,-4182729420.495021,-4198080613.032405,-4213519868.380049,-4229048058.916176,-4244666067.4858494,-4260374787.509447,-4276175123.091394,-4292067989.129117,-4308054311.422184,-4324135026.781588,-4340311083.139123,-4356583439.656808,-4372953066.836311,-4389420946.628345,-4405988072.541905,-4422655449.753415,-4439424095.215577,-4456295037.7660055,-4473269318.235466,-4490347989.555703,-4507532116.866795,-4524822777.623922,-4542221061.703496,-4559728071.508551,-4577344922.073342,-4595072741.167007,-4612912669.396229,-4630865860.30681,-4648933480.484026,-4667116709.6516485,-4685416740.769559,-4703834780.12977,-4722372047.450814,-4741029775.970265,-4759809212.535332,-4778711617.691364,-4797738265.768087,-4816890444.963428,-4836169457.424784,-4855576619.327511,-4875113260.950515,-4894780726.74869,-4914580375.422024,-4934513579.981224,-4954581727.809509,-4974786220.720489,-4995128475.011773,-5015609921.514127,-5036232005.635873,-5056996187.402298,-5077903941.489712,-5098956757.253943,-5120156138.752875,-5141503604.762734,-5163000688.787758,-5184648939.062909,-5206449918.549203,-5228405204.921299,-5250516390.546886,-5272785082.457487,-5295212902.310119,-5317801486.339445,-5340552485.299797,-5363467564.396623,-5386548403.206736,-5409796695.586821,-5433214149.569568,-5456802487.246757,-5480563444.638682,-5504498771.549145,-5528610231.405272,-5552899601.081423,-5577368670.70631,-5602019243.45247,-5626853135.307239,-5651872174.824167,-5677078202.85399,-5702473072.25401,-5728058647.57481,-5753836804.723168,-5779809430.599874,-5805978422.711226,-5832345688.75284,-5858913146.164292,-5885682721.6531925,-5912656350.68699,-5939835976.95096,-5967223551.770578,-5994821033.496401,-6022630386.849581,-6050653582.225949,-6078892594.956498,-6107349404.522004,-6136025993.719435,-6164924347.777558,-6194046453.419193,-6223394297.867188,-6252969867.791271,-6282775148.19264,-6312812121.222968,-6343082764.934389,-6373589051.956839,-6404332948.0988245,-6435316410.867616,-6466541387.904484,-6498009815.330547,-6529723615.998303,-6561684697.643886,-6593894950.934598,-6626356247.406148,-6659070437.283524,-6692039347.179201,-6725264777.662034,-6758748500.689679,-6792492256.897118,-6826497752.733302,-6860766657.437595,-6895300599.847091,-6930101165.025373,-6965169890.702872,-7000508263.518141,-7036117715.049002,-7071999617.621612,-7108155279.885041,-7144585942.137913,-7181292771.393167,-7218276856.165885,-7255539200.968362,-7293080720.495664,-7330902233.483758,-7369004456.221281,-7407387995.694942,-7446053342.347153,-7485000862.423209,-7524230789.884073,-7563743217.859088,-7603538089.611592,-7643615188.988468,-7683974130.32305,-7724614347.758782,-7765535083.958945,-7806735378.165609,-7848214053.568639,-7889969703.943011,-7932000679.510086,-7974305071.975587,-8016880698.694078,-8059725085.906313,-8102835450.99253,-8146208683.680993,-8189841326.147052,-8233729551.933855,-8277869143.621267,-8322255469.164745,-8366883456.820724,-8411747568.569453,-8456841771.940591,-8502159510.140116,-8547693670.370768,-8593436550.23068,-8639379822.06733,-8685514495.155466,-8731830875.559027,-8778318523.527308,-8824966208.26573,-8871761859.910515,-8918692518.525024,-8965744279.922966,-10267135805.722704,-10292222940.851025,-10316610600.052668,-10340257429.101664,-10363120160.36008,-10385153524.47138,-10599644798.616318,-10604967783.136473,-10608940078.114092,-10611500055.660536,-10612583590.93636,-10612123966.750635,-10404402519.640629,-10377114838.93795,-10347607897.440746,-10315799883.22926,-10281606396.684277,-10244940408.626575,-10205712223.406849,-9647552018.723372,-9583775420.438416,-9516951260.600777,-9446989759.26939,-9373799733.4639,-9297288719.0212,-8958944147.508165,-8865664330.9342,-8768765674.292486,-8668165157.00747,-8563780494.51377,-8455530484.299046,-8378308524.936573,-8261280233.366791,-8140103549.932775,-8014705451.761816,-7885016625.758501,-7750972143.436522,-7612512203.067102,-7232596232.924192,-7081695944.320867,-6926445339.682882,-6766830625.910502,-6602848583.136195,-6434507780.181849,-6261829880.99676,-6084851044.237162,-4608001554.089208,-4420634461.780999,-4230913641.255159,-4039050462.087326,-3845279437.429559,-3649859302.38562,-3453074004.723015,-3255233574.0993104,-3056674829.8991,-2857761880.963828,-2658886362.937592,-2460467350.664259,559309496.5308512,627125816.312911,690173193.6877016,748461428.1127915,802039243.9080266,850997947.0850967,501388086.55307066,590677517.3647366,673522589.5373417,749881613.388799,819779429.3843615,591287844.5373354,678964131.8222141,759176704.3616892,832061704.8677092,897870431.3650849,1264651930.3733978,1283154288.0425518,1301933275.0993683,1321773455.3415513,1343462611.1363251,1396374238.8053849,1422532930.759178,1453476914.6968412,1489448368.8106554,1530476760.2333815,1609736055.8910832,1682275536.9815724,1756219465.6011806,1829122051.4255383,1897679897.3434265,1757755332.3976922,1830640242.270957,1897136669.5173624,1949370503.7751155,1976685946.982207,1965280012.662595,1827500735.2371037,1800507952.150735,1689731116.1213,1465606341.204815,1110411281.4202728,674448454.0130572,213932087.29741448,-35407710.547685914,-88545932.60848883,0.0
2919.0,-3722869294.768261,-3736244322.001741,-3749690394.158699,-3763208196.557168,-3776798423.446333,-3790461778.126372,-3804198973.069741,-3818010730.043864,-3831897780.235293,-3845860864.3753214,-3859900732.8670607,-3874018145.9139833,-3888213873.649969,-3902488696.270833,-3916843404.167357,-3931278798.059837,-3945795689.1341553,-3960394899.179361,-3975077260.7268057,-3989843617.190809,-4004694823.010882,-4019631743.795488,-4034655256.467397,-4049766249.410565,-4064965622.618622,-4080254287.8448977,-4095633168.754072,-4111103201.0753646,-4126665332.757322,-4142320524.124221,-4158069748.034,-4173913990.037839,-4189854248.541283,-4205891534.96698,-4222026873.918967,-4238261303.348594,-4254595874.721959,-4271031653.188961,-4287569717.753893,-4304211161.44761,-4320957091.501226,-4337808629.521374,-4354766911.666961,-4371833088.827473,-4389008326.802757,-4406293806.484296,-4423690724.037955,-4441200291.088154,-4458823734.903501,-4476562298.583812,-4494417241.248489,-4512389838.2263,-4530481381.2464285,-4548693178.630842,-4567026555.487924,-4585482853.90729,-4604063433.155816,-4622769669.874793,-4641602958.27816,-4660564710.351797,-4679656356.053792,-4698879343.515644,-4718235139.244346,-4737725228.325262,-4757351114.625748,-4777114320.99946,-4797016389.491218,-4817058881.542393,-4837243378.196738,-4857571480.306489,-4878044808.7387495,-4898665004.581969,-4919433729.352435,-4940352665.200661,-4961423515.117537,-4982648003.140135,-5004027874.556969,-5025564896.112636,-5047260856.211628,-5069117565.121149,-5091136855.172799,-5113320580.962889,-5135670619.551214,-5158188870.658087,-5180877256.859369,-5203737723.779278,-5226772240.280777,-5249982798.653186,-5273371414.796801,-5296940128.404224,-5320691003.138056,-5344626126.804658,-5368747611.5236025,-5393057593.892484,-5417558235.146639,-5442251721.313425,-5467140263.360583,-5492226097.338229,-5517511484.513985,-5542998711.500743,-5568690090.376499,-5594587958.795676,-5620694680.091379,-5647012643.367809,-5673544263.582319,-5700291981.616231,-5727258264.333757,-5754445604.628144,-5781856521.454231,-5809493559.846477,-5837359290.921519,-5865456311.864224,-5893787245.896186,-5922354742.225483,-5951161475.9765215,-5980210148.098701,-6009503485.252482,-6039044239.671489,-6068835188.999096,-6098879136.0979,-6129178908.830344,-6159737359.808719,-6190557366.112631,-6221641828.9718485,-6252993673.412439,-6284615847.863904,-6316511323.724821,-6348683094.884548,-6381134177.198148,-6413867607.9117365,-6446886445.035099,-6480193766.658446,-6513792670.209705,-6547686271.648842,-6581877704.5951805,-6616370119.383698,-6651166682.045849,-6686270573.210279,-6721684986.918487,-6757413129.35015,-6793458217.452571,-6829823477.468253,-6866512143.354308,-6903527455.087035,-6940872656.844435,-6978550995.059133,-7016565716.333658,-7054920065.209374,-7093617281.780038,-7132660599.140177,-7172053240.657945,-7211798417.061431,-7251899323.326608,-7292359135.354543,-7333181006.424328,-7374368063.407712,-7415923402.7301855,-7457850086.062386,-7500151135.724582,-7542829529.786005,-7585888196.839248,-7629330010.428973,-7673157783.112653,-7717374260.129418,-7761982112.65177,-7806983930.592895,-7852382214.94075,-7898179369.587844,-7944377692.623777,-7990979367.055152,-8037986450.915075,-8085400866.72196,-8133224390.244356,-8181458638.525732,-8230105057.119734,-8279164906.483103,-8328639247.469636,-8378528925.864675,-8428834555.895148,-8479556502.645836,-8530694863.307291,-8582249447.175725,-8634219754.319376,-8686604952.819616,-8739403854.488588,-8792614888.957901,-8846236076.02526,-8900264996.137594,-8954698758.880417,-9009533969.333435,-9064766692.142138,-9120392413.143885,-9176405998.37507,-9232801650.272743,-9289572860.870384,-9346712361.772049,-11042807415.709925,-11083060963.59993,-11122906187.964302,-11162306590.189144,-11201223724.471527,-11239617095.397173,-11639755447.298117,-11663109932.77698,-11685403761.985329,-11706576976.82345,-11726566805.187113,-11745307529.414087,-11781374924.961876,-11774075669.689465,-11764757144.636269,-11753330543.5161,-11739703542.312284,-11723780180.654203,-11705460742.461058,-11330916500.868052,-11286638707.114918,-11239275797.29485,-11188714215.091042,-11134837078.712276,-11077524177.648516,-10819653706.911625,-10743663322.48275,-10663740680.36455,-10579762055.642117,-10491601697.23492,-10399132027.0978,-10319771393.942354,-10217650122.019114,-10110793457.28117,-9999069048.321133,-9882344548.952969,-9760488137.889463,-9633369110.086216,-9292457055.526098,-9148984331.771976,-8999996241.361895,-8845391337.0619,-8685074585.31338,-8518958584.033,-8346964911.001375,-8169025612.879612,-6613906469.81383,-6410248107.319526,-6202074340.593287,-5989510827.330081,-5772708738.856641,-5551846844.034976,-5327133648.749448,-5098809570.133716,-4867149118.55723,-4632463053.105568,-4395100467.701099,-4155450754.9626336,-154031987.89006883,-42204631.69917387,64133960.33266254,164817893.86957023,259717081.7672186,348742851.4379278,-281374171.1290456,-139349668.65434527,-4535634.058812961,122737688.7416074,242197407.60157728,-120694027.5313663,22604552.636305854,156874667.2838106,281855816.4369781,397402290.1276049,994102138.2634832,1028009236.5112813,1059963090.7682528,1090952572.8217618,1122046270.6522756,1282348253.6371512,1317067927.5588014,1357987055.1943438,1406129044.5698678,1462490349.040536,1551660424.8088453,1653004816.4757967,1764579332.373081,1886567554.3417704,2019054311.508079,1737427934.5111527,1870761108.188074,2020868887.035728,2188554289.812583,2375152253.4711504,2583526410.750407,2196588853.241625,2431703658.5056334,2720060820.4227347,3104293603.3274136,3686261832.266284,4777610062.017245,6873681173.048432,12005694353.362429,30246584151.4535,0.0
2918.0,-3648912960.8192816,-3662393440.955576,-3675947922.211439,-3689577146.5130286,-3703281865.913242,-3717062842.738508,-3730920849.737644,-3744856670.23281,-3758871098.272579,-3772964938.787158,-3787139007.745781,-3801394132.316317,-3815731151.027085,-3830150913.930956,-3844654282.771717,-3859242131.152776,-3873915344.708197,-3888674821.2761073,-3903521471.074519,-3918456216.8795824,-3933479994.2062974,-3948593751.491727,-3963798450.280728,-3979095065.414249,-3994484585.220196,-4009968011.706938,-4025546360.759439,-4041220662.338091,-4056991960.680241,-4072861314.50448,-4088829797.217692,-4104898497.124924,-4121068517.642088,-4137340977.51154,-4153717011.0205607,-4170197768.222792,-4186784415.162624,-4203478134.1025887,-4220280123.7538095,-4237191599.509505,-4254213793.6815934,-4271347955.74046,-4288595352.557843,-4305957268.652994,-4323435006.441993,-4341029886.490403,-4358743247.769181,-4376576447.913923,-4394530863.487507,-4412607890.246096,-4430808943.408579,-4449135457.929487,-4467588888.775385,-4486170711.204772,-4504882421.051556,-4523725535.012089,-4542701590.935812,-4561812148.119549,-4581058787.605425,-4600443112.482515,-4619966748.192184,-4639631342.837143,-4659438567.4943,-4679390116.531371,-4699487707.927274,-4719733083.596384,-4740128009.716571,-4760674277.061113,-4781373701.334489,-4802228123.511993,-4823239410.183273,-4844409453.899756,-4865740173.525907,-4887233514.594461,-4908891449.665473,-4930715978.68929,-4952709129.37337,-4974872957.552983,-4997209547.565726,-5019721012.629871,-5042409495.226503,-5065277167.485417,-5088326231.574727,-5111558920.094167,-5134977496.472017,-5158584255.365578,-5182381523.065181,-5206371657.901628,-5230557050.656974,-5254940124.978572,-5279523337.796317,-5304309179.742908,-5329300175.577067,-5354498884.609576,-5379907901.131944,-5405529854.847612,-5431367411.305463,-5457423272.335501,-5483700176.486451,-5510200899.465083,-5536928254.577027,-5563885093.16878,-5591074305.070695,-5618498819.040541,-5646161603.207422,-5674065665.515614,-5702214054.16797,-5730609858.068469,-5759256207.263491,-5788156273.381297,-5817313270.06922,-5846730453.428018,-5876411122.442788,-5906358619.409767,-5936576330.358389,-5967067685.467811,-5997836159.477134,-6028885272.088465,-6060218588.361881,-6091839719.101358,-6123752321.230572,-6155960098.157455,-6188466800.126295,-6221276224.556109,-6254392216.363826,-6287818668.27089,-6321559521.091578,-6355618764.001426,-6390000434.78385,-6424708620.053045,-6459747455.451019,-6495121125.816572,-6530833865.323736,-6566889957.587144,-6603293735.731544,-6640049582.422496,-6677161929.855076,-6714635259.697193,-6752474102.983896,-6790683039.958731,-6829266699.858042,-6868229760.633684,-6907576948.609399,-6947313038.065716,-6987442850.747868,-7027971255.290889,-7068903166.555572,-7110243544.868442,-7151997395.158714,-7194169765.984263,-7236765748.438463,-7279790474.928898,-7323249117.81842,-7367146887.918389,-7411489032.823023,-7456280835.073144,-7501527610.136774,-7547234704.192919,-7593407491.704144,-7640051372.762341,-7687171770.190955,-7734774126.385796,-7782863899.875148,-7831446561.578584,-7880527590.742254,-7930112470.526898,-7980206683.222948,-8030815705.065307,-8081945000.618291,-8133600016.698949,-8185786175.804813,-8238508869.009286,-8291773448.285375,-8345585218.215365,-8399949427.040889,-8454871257.004254,-8510355813.928433,-8566408115.978781,-8623033081.545387,-8680235516.180216,-8738020098.518106,-8796391365.105257,-8855353694.05275,-8914911287.426535,-8975068152.277992,-9035828080.212032,-9097194625.38126,-9159171080.786266,-9221760452.752216,-9284965433.441858,-9348788371.253807,-9413231238.942774,-9478295599.285332,-9543982568.100515,-9610292774.419085,-9677226317.578384,-11770589211.81565,-11826523170.528255,-11882383643.327469,-11938141273.945148,-11993764843.56947,-12049221160.628689,-12648200884.249475,-12690992252.910437,-12733091450.401731,-12774443841.055906,-12814991827.911917,-12854674692.503862,-13167360503.336824,-13183031097.090843,-13197013675.550447,-13209217701.209827,-13219548373.252457,-13227906434.166498,-13234187969.208424,-13085906955.178558,-13066187560.53093,-13043533694.328226,-13017813744.895498,-12988890880.8526,-12956622900.498953,-12807846186.552591,-12755905013.00202,-12699935852.50973,-12639778305.63652,-12575266885.971851,-12506231012.424164,-12431255371.39709,-12352162732.835556,-12267986192.580175,-12178535254.120865,-12083614916.94669,-11983025922.200054,-11876565061.50862,-11600791602.415468,-11474600463.42479,-11341927744.540884,-11202574664.790844,-11056342637.49426,-10903034258.508202,-10742454445.323828,-10574411744.305014,-9021421559.21502,-8811036259.73385,-8593775962.146908,-8369631781.417825,-8138618357.771606,-7900776766.926804,-7656177658.1237955,-7404924622.483424,-7147157790.146686,-6883057649.316696,-6612849073.476795,-6336805534.378936,-1236460910.0603485,-1065438279.7718728,-899922550.7754824,-740325305.9830508,-587039175.0645351,-440431055.3611802,-1456608348.8044584,-1245210520.48178,-1040715390.880918,-843834323.0105319,-655255368.275058,-1195931994.1539936,-977085094.2359082,-767798800.1911402,-568916563.7914987,-381208074.2266346,604430650.3460917,665391549.7538893,720246721.9602168,769968474.8737084,815706243.765873,1094335799.1449888,1130898987.8198357,1172668780.7119422,1221419831.757547,1279090252.329553,1320422872.8586612,1428842835.835843,1554493968.2381053,1700268120.988798,1869728897.6851008,1516605163.6942725,1679828632.4697409,1879882448.493049,2126036240.645352,2431038203.5872207,2812857824.842328,2268260503.503921,2705781336.0280523,3311845431.412813,4175426458.908728,5449177706.895547,7521766539.2504425,10779775067.197952,16933519024.673212,29958157166.858673,0.0
2917.0,-3563481301.21799,-3576995615.369746,-3590586208.8279743,-3604253871.852356,-3617999405.909526,-3631823623.845122,-3645727350.05851,-3659711420.680223,-3673776683.752196,-3687923999.410792,-3702154240.072695,-3716468290.623717,-3730867048.6105394,-3745351424.435466,-3759922341.5542135,-3774580736.676801,-3789327559.971594,-3804163775.272523,-3819090360.289561,-3834108306.822503,-3849218620.978089,-3864422323.390541,-3879720449.445549,-3895114049.507794,-3910604189.152021,-3926191949.397764,-3941878426.947742,-3957664734.4300327,-3973552000.644022,-3989541370.810258,-4005634006.824228,-4021831087.514132,-4038133808.902734,-4054543384.4733257,-4071061045.439921,-4087688041.021686,-4104425638.7217216,-4121275124.610265,-4138237803.612364,-4155314999.800087,-4172508056.689401,-4189818337.541742,-4207247225.6703367,-4224796124.7514434,-4242466459.140488,-4260259674.19325,-4278177236.592149,-4296220634.677719,-4314391378.785358,-4332691001.587457,-4351121058.440959,-4369683127.740472,-4388378811.277039,-4407209734.602585,-4426177547.400222,-4445283923.860479,-4464530563.063515,-4483919189.36747,-4503451552.803026,-4523129429.474291,-4542954621.966092,-4562928959.757805,-4583054299.64381,-4603332526.160707,-4623765552.021352,-4644355318.55589,-4665103796.15985,-4686012984.749419,-4707084914.224052,-4728321644.936476,-4749725268.170256,-4771297906.625031,-4793041714.909505,-4814958880.042379,-4837051621.9613,-4859322194.039959,-4881772883.613495,-4904406012.512285,-4927223937.604289,-4950229051.346059,-4973423782.3425255,-4996810595.915757,-5020391994.68272,-5044170519.142263,-5068148748.271423,-5092329300.131138,-5116714832.481594,-5141308043.40725,-5166111671.951685,-5191128498.762449,-5216361346.745971,-5241813081.732699,-5267486613.152571,-5293384894.720936,-5319510925.1350565,-5345867748.781301,-5372458456.4531,-5399286186.079859,-5426354123.466796,-5453665503.045944,-5481223608.638268,-5509031774.227099,-5537093384.742845,-5565411876.859135,-5593990739.800388,-5622833516.160878,-5651943802.735322,-5681325251.360973,-5710981569.771286,-5740916522.461076,-5771133931.563175,-5801637677.736516,-5832431701.065602,-5863520001.971207,-5894906642.132217,-5926595745.418542,-5958591498.834722,-5990898153.474231,-6023520025.484092,-6056461497.03958,-6089727017.328625,-6123321103.545635,-6157248341.89421,-6191513388.598351,-6226120970.921555,-6261075888.1932745,-6296383012.842024,-6332047291.434367,-6368073745.719041,-6404467473.675233,-6441233650.564016,-6478377529.981908,-6515904444.915209,-6553819808.793919,-6592129116.543655,-6630837945.634038,-6669951957.121756,-6709476896.686385,-6749418595.656909,-6789782972.026572,-6830576031.453688,-6871803868.245576,-6913472666.32271,-6955588700.159907,-6998158335.700997,-7041188031.243196,-7084684338.28706,-7128653902.347516,-7173103463.721135,-7218039858.204341,-7263470017.756813,-7309400971.103931,-7355839844.271432,-7402793861.045092,-7450270343.347424,-7498276711.522871,-7546820484.522224,-7595909279.976147,-7645550814.146996,-7695752901.747071,-7746523455.610608,-7797870486.205592,-7849802100.970491,-7902326503.45972,-7955451992.280245,-8009186959.800343,-8063539890.610014,-8118519359.710764,-8174134030.410615,-8230392651.898347,-8287304056.46871,-8344877156.367984,-8403120940.22683,-8462044469.044568,-8521656871.686046,-8581967339.849032,-8642985122.456596,-8704719519.425081,-8767179874.754253,-8830375568.881569,-8894316010.237806,-8959010625.93595,-9024468851.51946,-9090700119.689886,-9157713847.926922,-9225519424.906788,-9294126195.616508,-9363543445.053356,-9433780380.388798,-9504846111.46631,-9576749629.490871,-9649499783.755907,-9723105256.239956,-9797574533.8908,-9872915878.398825,-9949137293.244188,-12433279914.236294,-12505043939.501863,-12577105171.513311,-12649443581.278236,-12722037487.826218,-12794863447.739874,-13601313586.710173,-13664505196.005531,-13727445108.924194,-13790087824.95337,-13852384937.36162,-13914284955.270077,-14530804502.521416,-14571979843.995243,-14611931763.743202,-14650574229.779743,-14687816484.29572,-14723562786.077026,-14757712139.31792,-14875436656.808418,-14885106470.202734,-14892206888.21504,-14896596753.363626,-14898128042.657684,-14896645562.66528,-14885542552.20128,-14864559078.95305,-14839726252.930605,-14810855776.65689,-14777751231.4198,-14740207820.169376,-14676638792.59372,-14629241601.456856,-14576740772.646496,-14518895896.560278,-14455457182.388865,-14386165325.86674,-14310751417.03552,-14129640609.799925,-14032133912.009497,-13927533986.313433,-13815545116.637754,-13695863902.148296,-13568179757.483664,-13432175554.07562,-13287528424.39583,-11843308742.3859,-11640058231.508583,-11427623646.272848,-11205817186.522211,-10974466862.509232,-10733419757.903126,-10482545681.35764,-10221741239.26929,-9950934362.538927,-9670089319.483028,-9379212245.228657,-9078357214.590742,-2859160509.5435576,-2614011096.581401,-2373022429.27708,-2136874891.2959857,-1906263356.6915,-1681891327.3118804,-3193440868.477118,-2897217256.674308,-2605660038.914081,-2319874099.758576,-2041003655.8379304,-2803158276.693128,-2488322935.586887,-2181347508.2717137,-1883751684.9465096,-1597076823.6425152,10690025.809986385,121863180.98138508,221077263.48893955,308851878.08296466,385970874.1063978,823299560.2797396,860659769.2145247,898337159.6136644,938557771.338874,983861964.4142632,922177191.4803663,1007199099.2620922,1110687956.826686,1237365372.1440918,1393128086.5736308,1082185003.448805,1223877545.4923286,1410196059.080155,1655618413.5628698,1979823215.070045,2409631451.0458245,1898352621.166092,2385863815.111375,3095451118.2283416,4128624820.0964894,5623255709.813368,7876365023.485763,10757987693.054874,14145514545.699144,13896585235.939604,0.0
2916.0,-3466572824.010192,-3480047450.940216,-3493599915.506773,-3507231047.1457386,-3520941687.4449444,-3534732690.339285,-3548604922.3090897,-3562559262.581814,-3576596603.337107,-3590717849.915335,-3604923921.029592,-3619215748.981295,-3633594279.879385,-3648060473.863251,-3662615305.329386,-3677259763.1619134,-3691994850.966974,-3706821587.311104,-3721741005.963659,-3736754156.1433473,-3751862102.768959,-3767065926.714367,-3782366725.067872,-3797765611.395989,-3813263716.011725,-3828862186.247474,-3844562186.732572,-3860364899.675636,-3876271525.151752,-3892283281.3946095,-3908401405.09369,-3924627151.6965785,-3940961795.7165146,-3957406631.045274,-3973962971.2714977,-3990632150.004533,-4007415521.203959,-4024314459.514819,-4041330360.60876,-4058464641.5311184,-4075718741.054112,-4093094120.036255,-4110592261.7880673,-4128214672.444293,-4145962881.342656,-4163838441.409352,-4181842929.551384,-4199977947.055867,-4218245119.996461,-4236646099.647061,-4255182562.902892,-4273856212.709157,-4292668778.497397,-4311622016.629691,-4330717710.850904,-4349957672.749096,-4369343742.224273,-4388877787.965678,-4408561707.937755,-4428397429.874992,-4448386911.78581,-4468532142.465681,-4488835142.019694,-4509297962.394743,-4529922687.921505,-4550711435.866491,-4571666356.994314,-4592789636.140383,-4614083492.794325,-4635550181.694226,-4657191993.43207,-4679011255.0704775,-4701010330.771072,-4723191622.4346695,-4745557570.353588,-4768110653.876281,-4790853392.084594,-4813788344.483916,-4836918111.706454,-4860245336.227995,-4883772703.098338,-4907502940.685787,-4931438821.435948,-4955583162.645128,-4979938827.248735,-5004508724.624851,-5029295811.413471,-5054303092.351608,-5079533621.1246805,-5104990501.234512,-5130676886.884275,-5156595983.880779,-5182751050.55444,-5209145398.697333,-5235782394.519671,-5262665459.62517,-5289798072.005614,-5317183767.0551,-5344826138.6043,-5372728839.975248,-5400895585.056977,-5429330149.402525,-5458036371.347685,-5487018153.151959,-5516279462.16221,-5545824331.999389,-5575656863.768833,-5605781227.294633,-5636201662.378463,-5666922480.08342,-5697948064.043268,-5729282871.797637,-5760931436.153621,-5792898366.574214,-5825188350.594123,-5857806155.263412,-5890756628.619413,-5924044701.187416,-5957675387.510572,-5991653787.709458,-6025985089.071773,-6060674567.672577,-6095727590.025449,-6131149614.765075,-6166946194.361511,-6203122976.866587,-6239685707.6926985,-6276640231.424393,-6313992493.662897,-6351748542.90393,-6389914532.448907,-6428496722.34975,-6467501481.387307,-6506935289.083531,-6546804737.747259,-6587116534.553565,-6627877503.656466,-6669094588.33471,-6710774853.170269,-6752925486.259021,-6795553801.453063,-6838667240.633868,-6882273376.015388,-6926379912.476111,-6970994689.918739,-7016125685.656199,-7061781016.822183,-7107968942.8045,-7154697867.698969,-7201976342.78158,-7249813068.996027,-7298216899.453729,-7347196841.942775,-7396762061.442039,-7446921882.636149,-7497685792.426517,-7549063442.433281,-7601064651.4821,-7653699408.069469,-7706977872.799322,-7760910380.782971,-7815507443.993655,-7870779753.566105,-7926738182.030422,-7983393785.468693,-8040757805.581417,-8098841671.649734,-8157657002.377886,-8217215607.599021,-8277529489.825574,-8338610845.624001,-8400472066.791267,-8463125741.308755,-8526584654.046634,-8590861787.18937,-8655970320.350204,-8721923630.339367,-8788735290.547617,-8856419069.9029,-8924988931.354177,-8994459029.831959,-9064843709.630625,-9136157501.152117,-9208415116.945456,-9281631446.96986,-9355821553.002949,-9431000662.107964,-9507184159.06594,-9584387577.67,-9662626590.76932,-9741916998.939709,-9822274717.646378,-9903715762.75162,-9986256234.206482,-10069912297.750175,-10154700164.42444,-13013445089.44608,-13100782271.789251,-13188812884.114922,-13277528166.865398,-13366918044.18525,-13456971021.452757,-14474121784.88186,-14558143045.369864,-14642413843.046928,-14726901535.688831,-14811570851.533918,-14896383707.34756,-15836428916.965803,-15905007823.229303,-15972954513.485952,-16040194269.637978,-16106647551.517693,-16172229694.220766,-16236850586.16178,-16654708338.838472,-16698032738.043518,-16739380039.987663,-16778610432.54177,-16815576069.955029,-16850120626.06693,-17003279690.443125,-17019859138.656822,-17033084281.361286,-17042752369.492023,-17048649916.063677,-17050552176.111868,-17005500124.14097,-16998467090.331224,-16986715488.176306,-16969970796.867306,-16947944469.0131,-16920333355.134108,-16886819131.267838,-16831653529.471884,-16775175816.844606,-16711501560.184755,-16640251237.986624,-16561028927.941086,-16473422083.985165,-16377001408.58322,-16271320842.035955,-15065591986.095718,-14887490532.401217,-14698275290.324127,-14497550346.507055,-14284921707.037386,-14060000175.28788,-13822404716.536545,-13571766371.375008,-13307732785.82072,-13029973432.019058,-12738185599.263672,-12432101240.5075,-5234029250.511944,-4904141866.06686,-4575022239.767153,-4247554061.247515,-3922682719.755964,-3601413588.043005,-5695816933.947374,-5305294211.353092,-4914446838.806112,-4524645568.355823,-4137384770.7082033,-5154026805.64981,-4727472479.32741,-4303534180.63497,-3884302115.356776,-3472034890.0789347,-944491115.2609848,-745249177.8894479,-564209660.3846211,-401929676.1251825,-258680624.39853308,439165861.6409166,491301572.21383065,533981079.0040269,569283405.4709572,599713891.2480648,413342247.386784,447484694.6591111,492663667.4744866,553919622.1601398,637471950.4546623,491766047.1729024,556848273.1341486,656138662.0032938,803982338.3407643,1019704964.7852944,1329382717.376227,1090503069.8357742,1431659744.2584338,1964646722.095136,2774109688.287584,3956475851.1317415,5677034845.27932,7517696139.148077,8160106152.421175,3591290844.132949,0.0
2915.0,-3358251603.776579,-3371611750.587825,-3385050539.2756653,-3398568828.5208664,-3412167489.947813,-3425847408.3400507,-3439609481.859617,-3453454622.2702336,-3467383755.1644444,-3481397820.1947727,-3495497771.308969,-3509684576.9894333,-3523959220.4968896,-3538322700.118394,-3552776029.419775,-3567320237.502566,-3581956369.265544,-3596685485.6709538,-3611508664.015493,-3626426998.206196,-3641441599.041267,-3656553594.49599,-3671764130.0138,-3687074368.802633,-3702485492.1366506,-3717998699.663455,-3733615209.716882,-3749336259.635544,-3765163106.08715,-3781097025.398807,-3797139313.893372,-3813291288.232008,-3829554285.763036,-3845929664.877264,-3862418805.369865,-3879023108.8090334,-3895743998.91143,-3912582921.924677,-3929541347.017007,-3946620766.674186,-3963822697.103918,-3981148678.647867,-3998600276.2014337,-4016179079.64151,-4033886704.262326,-4051724791.219598,-4069695007.983148,-4087799048.798178,-4106038635.1553946,-4124415516.270157,-4142931469.570872,-4161588301.1968384,-4180387846.50573,-4199331970.590941,-4218422568.809024,-4237661567.3174367,-4257050923.622842,-4276592627.1401615,-4296288699.76269,-4316141196.443454,-4336152205.7881365,-4356323850.659771,-4376658288.795512,-4397157713.435784,-4417824353.966017,-4438660476.571346,-4459668384.904538,-4480850420.767441,-4502208964.8063135,-4523746437.221341,-4545465298.490653,-4567368050.109242,-4589457235.343078,-4611735439.998827,-4634205293.209532,-4656869468.236648,-4679730683.288792,-4702791702.357698,-4726055336.071677,-4749524442.567134,-4773201928.37848,-4797090749.346972,-4821193911.548888,-4845514472.243558,-4870055540.841718,-4894820279.894699,-4919811906.104996,-4945033691.358697,-4970488963.780387,-4996181108.811038,-5022113570.30951,-5048289851.678207,-5074713517.01356,-5101388192.281931,-5128317566.5215845,-5155505393.071402,-5182955490.827044,-5210671745.52521,-5238658111.05676,-5266918610.809432,-5295457339.040895,-5324278462.282949,-5353386220.777654,-5382784929.946199,-5412478981.891398,-5442472846.934655,-5472771075.188264,-5503378298.163998,-5534299230.418901,-5565538671.239268,-5597101506.3637295,-5628992709.746534,-5661217345.362028,-5693780569.051337,-5726687630.412408,-5759943874.73452,-5793554744.978277,-5827525783.802418,-5861862635.638473,-5896571048.814571,-5931656877.729573,-5967126085.078813,-6002984744.13273,-6039239041.069697,-6075895277.364321,-6112959872.232642,-6150439365.135579,-6188340418.34193,-6226669819.552459,-6265434484.586404,-6304641460.131881,-6344297926.561611,-6384411200.815453,-6424988739.3512125,-6466038141.165167,-6507567150.883808,-6549583661.928238,-6592095719.75274,-6635111525.158895,-6678639437.686695,-6722687979.084101,-6767265836.85634,-6812381867.896315,-6858045102.197379,-6904264746.6497135,-6951050188.921446,-6998411001.425569,-7046356945.373601,-7094897974.916932,-7144044241.376481,-7193806097.561293,-7244194102.176535,-7295219024.321021,-7346891848.07443,-7399223777.173828,-7452226239.779167,-7505910893.326871,-7560289629.470444,-7615374579.106518,-7671178117.4846,-7727712869.397917,-7784991714.452617,-7843027792.41179,-7901834508.610203,-7961425539.434947,-8021814837.866309,-8083016639.072538,-8145045466.050901,-8207916135.306663,-8271643762.5602255,-8336243768.471516,-8401731884.369206,-8468124157.970733,-8535436959.077502,-8603686985.227526,-8672891267.285828,-8743067174.950447,-8814232422.14945,-8886405072.301428,-8959603543.408861,-9033846612.950333,-9109153422.53377,-9185543482.26868,-9263036674.810917,-9341653259.028158,-9421413873.229149,-9502339537.89322,-9584451657.830088,-9667772023.692476,-9752322812.75586,-9838126588.87063,-9925206301.482143,-10013585283.602978,-10103287248.609789,-10194336285.723885,-10286756854.019806,-13493867864.45586,-13596083883.116446,-13699402536.498718,-13803827894.199036,-13909363160.466017,-14016010588.08032,-15241002207.130486,-15345670295.333868,-15451134029.328026,-15557376986.85918,-15664380617.071922,-15772124070.010649,-17046103063.494312,-17143168191.200249,-17240302654.223476,-17337449916.061768,-17434548944.432785,-17531533890.04667,-17628333742.038532,-18372077443.111816,-18452401735.75941,-18531564279.910927,-18609439128.809044,-18685891820.10053,-18760778820.800934,-19100601863.47974,-19160528775.23356,-19217932937.019814,-19272614566.982086,-19324361356.26332,-19372947709.879063,-19353140780.40945,-19394481083.20149,-19431942533.041653,-19465239426.38769,-19494068318.35803,-19518106998.70289,-19537013424.44043,-19638579691.665447,-19635561144.319,-19625882034.20162,-19609106161.313667,-19584772569.92908,-19552394448.770847,-19511458045.862686,-19461421614.106342,-18639959569.10908,-18508416265.12651,-18364588272.254112,-18207868801.579483,-18037633832.77637,-17853243723.258926,-17654045291.165924,-17439374453.066097,-17208559508.751003,-16960925178.246923,-16695797510.271784,-16412509796.790472,-8599844000.295397,-8184747895.379936,-7764518727.221986,-7340056972.99672,-6912374557.243369,-6482600670.0524645,-9186583842.360403,-8704810413.96039,-8214488660.42288,-7716946348.729908,-7213719092.220407,-8490644355.591638,-7949141057.727597,-7400468545.866756,-6846889979.42475,-6291004230.239471,-2527742482.119872,-2188502745.4672303,-1871283839.523124,-1578364580.134909,-1311857180.6297617,-156043851.03249398,-48386490.86239132,35484249.80317825,96518222.2960562,136187346.88157713,-117865126.49874409,-141146861.04758507,-170612095.34527183,-202382417.4950288,-231902065.5364021,-132228993.41987798,-176886671.43801695,-216502890.93863377,-242045403.927328,-241994486.7549109,-201293695.0853757,29214019.470957816,58792994.53431767,168801529.7188338,402076173.49105793,806679227.3050673,1429660854.870808,2227651587.4010034,2445011295.823313,580846184.7278459,0.0
2914.0,-3238648478.5464363,-3251818742.286895,-3265067672.0969296,-3278396145.3204813,-3291805052.867472,-3305295299.446708,-3318867803.803071,-3332523498.9590344,-3346263332.4606323,-3360088266.627952,-3373999278.810235,-3387997361.645715,-3402083523.3262258,-3416258787.8667507,-3430524195.379956,-3444880802.355843,-3459329681.946617,-3473871924.2568693,-3488508636.639192,-3503240943.9953547,-3518069989.0831184,-3532996932.828851,-3548022954.6460285,-3563149252.7597766,-3578377044.53754,-3593707566.8260794,-3609142076.294832,-3624681849.7858768,-3640328184.670558,-3656082399.212972,-3671945832.940435,-3687919847.021082,-3704005824.64877,-3720205171.435435,-3736519315.811053,-3752949709.431408,-3769497827.593803,-3786165169.6608944,-3802953259.49287,-3819863645.888104,-3836897903.032496,-3854057630.95774,-3871344456.00862,-3888760031.3196535,-3906306037.301204,-3923984182.135343,-3941796202.281635,-3959743862.9931192,-3977828958.8426914,-3996053314.2601433,-4014418784.0801015,-4032927254.101128,-4051580641.6562414,-4070380896.195132,-4089329999.878327,-4108429968.1836367,-4127682850.52513,-4147090730.884959,-4166655728.458342,-4186379998.312042,-4206265732.0566096,-4226315158.5328064,-4246530544.512511,-4266914195.414444,-4287468456.0351386,-4308195711.295496,-4329098387.003299,-4350178950.632136,-4371439912.117103,-4392883824.667713,-4414513285.598495,-4436330937.177648,-4458339467.4943,-4480541611.34479,-4502940151.138502,-4525537917.823718,-4548337791.834054,-4571342704.05598,-4594555636.817995,-4617979624.90204,-4641617756.5776825,-4665473174.65976,-4689549077.590034,-4713848720.543517,-4738375416.560186,-4763132537.702664,-4788123516.240675,-4813351845.862942,-4838821082.917292,-4864534847.679722,-4890496825.653268,-4916710768.897443,-4943180497.38912,-4969909900.41574,-4996902938.0017,-5024163642.368935,-5051696119.432525,-5079504550.332492,-5107593193.002579,-5135966383.777291,-5164628539.03812,-5193584156.900141,-5222837818.940135,-5252394191.967394,-5282258029.838478,-5312434175.317165,-5342927561.980904,-5373743216.175114,-5404886259.016739,-5436361908.448496,-5468175481.345245,-5500332395.674081,-5532838172.709674,-5565698439.306482,-5598918930.229522,-5632505490.545474,-5666464078.075765,-5700800765.913638,-5735521745.00696,-5770633326.808801,-5806141945.997754,-5842054163.2701,-5878376668.2058935,-5915116282.211276,-5952279961.539121,-5989874800.390515,-6027908034.099348,-6066387042.402541,-6105319352.79844,-6144712643.995971,-6184574749.45729,-6224913661.036638,-6265737532.718264,-6307054684.456325,-6348873606.119777,-6391202961.545275,-6434051592.701272,-6477428523.96652,-6521342966.526302,-6565804322.889719,-6610822191.531565,-6656406371.662233,-6702566868.129334,-6749313896.454653,-6796657888.010184,-6844609495.337094,-6893179597.611447,-6942379306.260586,-6992219970.734202,-7042713184.434098,-7093870790.806627,-7145704889.60198,-7198227843.304305,-7251452283.736893,-7305391118.846353,-7360057539.669941,-7415465027.490059,-7471627361.179796,-7528558624.743429,-7586273215.055667,-7644785849.803185,-7704111575.631909,-7764265776.503341,-7825264182.262796,-7887122877.422411,-7949858310.161088,-8013487301.543478,-8078027054.959435,-8143495165.784924,-8209909631.264674,-8277288860.616416,-8345651685.355358,-8415017369.837091,-8485405622.015762,-8556836604.413427,-8629330945.295116,-8702909750.042675,-8777594612.718954,-8853407627.811893,-8930371402.146175,-9008509066.947771,-9087844290.044128,-9168401288.17986,-9250204839.424864,-9333280295.647682,-9417653595.023647,-9503351274.542376,-9590400482.474577,-9678828990.752403,-9768665207.21189,-9859938187.638588,-9952677647.550692,-10046913973.64498,-10142678234.821812,-10240002192.695126,-10338918311.481462,-13858036431.373487,-13973982611.973667,-14091439264.70999,-14210424337.132694,-14330955458.710798,-14453049878.824818,-15876432950.224487,-16000893924.548172,-16126721439.309458,-16253918018.445644,-16382484766.547298,-16512421225.647867,-18119967511.1548,-18245627958.519024,-18372143805.599804,-18499483039.87512,-18627609921.36565,-18756484674.53185,-18886063155.095203,-19970461698.29567,-20089864669.17721,-20209120826.404083,-20328131174.616737,-20446788562.478424,-20564977072.79932,-21107390193.98121,-21215081190.66043,-21321409482.127502,-21426198302.121704,-21529257765.082027,-21630383932.73441,-21641676653.34542,-21738003507.711327,-21831758421.867126,-21922673010.993176,-22010459064.936977,-22094807144.95382,-22175385088.35422,-22461189890.17433,-22523080864.428104,-22579572032.261883,-22630210927.41711,-22674513767.379955,-22711963458.949696,-22742007513.623108,-22764055877.58286,-22477666331.557583,-22416028796.40334,-22342074401.62525,-22255018451.78908,-22154037114.733364,-22038266934.068745,-21906804662.112743,-21758707493.23128,-21592993792.35486,-21408644430.64852,-21204604860.277008,-20979788083.28527,-13192101393.2587,-12708343980.17777,-12211123308.537643,-11701047823.970371,-11178870061.332245,-10645501764.20491,-13876219900.988564,-13326156539.461428,-12756356116.607817,-12167622623.326216,-11561016781.916576,-13056250517.995356,-12418616286.740768,-11759389369.654615,-11080291448.50641,-10383506562.475117,-5146697502.48175,-4609600412.954941,-4091635072.923643,-3597113019.473865,-3130500812.8616514,-1205549050.0810552,-964243995.9385362,-762662079.8493912,-602427314.7264245,-484607897.3220847,-613800931.3100024,-657182030.4639677,-733131367.552283,-839869982.0070435,-975544213.2039322,-651512313.9096404,-787259517.3492078,-961719086.563498,-1173334379.7799392,-1421990050.029585,-1709627540.1797786,-961516980.3840632,-1296914378.7397003,-1713484437.101687,-2228450653.906184,-2864781702.2615843,-3780785817.599514,-4337857777.42626,-3757742640.826969,-557397795.6499054,0.0
2913.0,-3107961677.834545,-3120866731.167534,-3133849677.597249,-3146911402.03547,-3160052803.3994665,-3173274794.8588705,-3186578304.087223,-3199964273.5182686,-3213433660.607103,-3226987438.0963035,-3240626594.2870955,-3254352133.31572,-3268165075.435039,-3282066457.301579,-3296057332.268048,-3310138770.6814866,-3324311860.1871667,-3338577706.038341,-3352937431.412013,-3367392177.7307944,-3381943104.991046,-3396591392.097392,-3411338237.2037787,-3426184858.061193,-3441132492.372204,-3456182398.1524825,-3471335854.0994315,-3486594159.968117,-3501958636.9546223,-3517430628.087024,-3533011498.624158,-3548702636.462334,-3564505452.5501814,-3580421381.3118258,-3596451881.078581,-3612598434.5293393,-3628862549.139872,-3645245757.641236,-3661749618.48752,-3678375716.333109,-3695125662.51972,-3712001095.573445,-3729003681.7119737,-3746135115.362349,-3763397119.689371,-3780791447.135032,-3798319879.969136,-3815984230.851441,-3833786343.4055934,-3851728092.805112,-3869811386.371722,-3888038164.1863728,-3906410399.7132096,-3924930100.4368434,-3943599308.513226,-3962420101.434505,-3981394592.708159,-4000524932.550808,-4019813308.597064,-4039261946.62377,-4058873111.290066,-4078649106.893649,-4098592278.1436415,-4118705010.950544,-4138989733.2336287,-4159448915.74631,-4180085072.919915,-4200900763.7263207,-4221898592.5600257,-4243081210.140073,-4264451314.432423,-4286011651.593302,-4307765016.934059,-4329714255.908147,-4351862265.120815,-4374211993.362117,-4396766442.66385,-4419528669.381166,-4442501785.299403,-4465688958.766944,-4489093415.854756,-4512718441.543407,-4536567380.93826,-4560643640.513695,-4584950689.387167,-4609492060.623889,-4634271352.5731125,-4659292230.23681,-4684558426.671733,-4710073744.425815,-4735842057.009907,-4761867310.405834,-4788153524.611895,-4814704795.226868,-4841525295.073615,-4868619275.863575,-4895991069.903193,-4923645091.843695,-4951585840.47538,-4979817900.567845,-5008345944.757477,-5037174735.4836855,-5066309126.975328,-5095754067.288839,-5125514600.399722,-5155595868.348944,-5186003113.446007,-5216741680.530416,-5247817019.293345,-5279234686.661423,-5311000349.24453,-5343119785.84966,-5375598890.062927,-5408443672.901809,-5441660265.539955,-5475254922.1068125,-5509234022.564446,-5543604075.664074,-5578371721.984833,-5613543737.057485,-5649127034.575733,-5685128669.698087,-5721555842.443101,-5758415901.181186,-5795716346.225971,-5833464833.5286665,-5871669178.478661,-5910337359.813957,-5949477523.645009,-5989097987.595746,-6029207245.065671,-6069813969.617041,-6110927019.491288,-6152555442.259045,-6194708479.608141,-6237395572.274281,-6280626365.119088,-6324410712.360566,-6368758682.960962,-6413680566.177406,-6459186877.280739,-6505288363.448235,-6551996009.835968,-6599321045.836941,-6647274951.531144,-6695869464.334026,-6745116585.849958,-6795028588.937626,-6845618024.994309,-6896897731.466482,-6948880839.594075,-7001580782.396307,-7055011302.906881,-7109186462.666929,-7164120650.483928,-7219828591.465384,-7276325356.336151,-7333626371.04842,-7391747426.693755,-7450704689.726791,-7510514712.510236,-7571194444.191239,-7632761241.919264,-7695232882.415754,-7758627573.9062,-7822963968.425137,-7888261174.504933,-7954538770.259204,-8021816816.871764,-8090115872.502094,-8159457006.618301,-8229861814.768389,-8301352433.800656,-8373951557.543832,-8447682452.95723,-8522568976.760989,-8598635592.555958,-8675907388.442314,-8754410095.145294,-8834170104.6557,-8915214489.391861,-8997571021.888678,-9081268195.01802,-9166335242.743357,-9252802161.409506,-9340699731.566755,-9430059540.325815,-9520914004.237818,-9613296392.690165,-9707240851.805862,-9802782428.8297,-9899957096.980305,-9998801780.742016,-10099354381.56447,-10201653803.931553,-10305739981.753672,-14090653004.734058,-14218725343.24603,-14348699043.237104,-14480606360.762274,-14614479849.981283,-14750352331.76215,-16355823006.198711,-16498517557.104666,-16643150816.4443,-16789746091.34215,-16938326152.230097,-17088913131.685108,-19017780476.27717,-19171050256.68643,-19326011393.85051,-19482661610.29622,-19640996087.51824,-19801007204.63697,-19962684253.056686,-21389282757.95825,-21548267927.704098,-21708277364.475967,-21869251388.08409,-22031123436.33905,-22193819468.78126,-22946076080.5838,-23104048011.220104,-23262105663.94223,-23420116049.44096,-23577933927.33924,-23735400800.84566,-23782312150.45561,-23938091802.1896,-24093040400.04673,-24246938301.17952,-24399546166.49425,-24550603324.69161,-24699826002.43531,-25190966311.78801,-25327038811.927464,-25459715750.883568,-25588579050.093983,-25713175991.53364,-25833016483.40484,-25947570125.356323,-26056263062.989506,-26446223908.24852,-26477632580.970783,-26498144906.86968,-26506871456.349,-26502862956.23091,-26485107180.81773,-26452525875.27812,-26403971765.346275,-26338225721.31706,-26253994161.259403,-26149906798.83177,-26024514865.742336,-19194113879.10882,-18681658463.997646,-18145905781.25542,-17586791802.474182,-17004388674.437988,-16398927294.304531,-19914763024.924965,-19345743396.513508,-18744203402.614613,-18109857544.887302,-17442650908.531242,-19045984296.40304,-18362383775.56029,-17639541201.38151,-16877705123.370628,-16077593021.557196,-9356439189.07653,-8576710200.162611,-7801721034.078155,-7037296807.208756,-6289924236.325452,-3200640480.5285897,-2708435129.4444547,-2266338586.825755,-1880225313.5319376,-1555656148.5408514,-1173611045.328869,-1129772421.1278164,-1151540847.4061084,-1240069711.6617513,-1396441398.356947,-1022284084.3005594,-1146385351.15589,-1362489311.7139795,-1674533328.2138128,-2090511305.3711967,-2625432512.592306,-1549727339.927929,-2129681928.272411,-2953177288.7315693,-4090207928.2812366,-5654182524.709304,-8151440079.508524,-10777230234.478842,-12601235833.198683,-7279501903.016153,0.0
2912.0,-2966456858.423344,-2979022152.010394,-2991663760.726952,-3004382565.591629,-3017179461.87442,-3030055359.3538284,-3043011182.5789547,-3056047871.136689,-3069166379.9240856,-3082367679.42604,-3095652755.9984093,-3109022612.1566515,-3122478266.870125,-3136020755.8621755,-3149651131.9161263,-3163370465.1873183,-3177179843.521295,-3191080372.7783155,-3205073177.1643043,-3219159399.568388,-3233340201.907162,-3247616765.475864,-3261990291.306555,-3276462000.533532,-3291033134.76607,-3305704956.4687185,-3320478749.349276,-3335355818.7546616,-3350337492.0748096,-3365425119.154836,-3380620072.7156186,-3395923748.7830105,-3411337567.125873,-3426862971.703144,-3442501431.120154,-3458254439.094404,-3474123514.9310217,-3490110204.0081434,-3506216078.2724385,-3522442736.7450337,-3538791806.0380764,-3555264940.882212,-3571863824.6651897,-3588590169.981954,-3605445719.196411,-3622432245.0152087,-3639551551.0738273,-3656805472.535239,-3674195876.70151,-3691724663.6386304,-3709393766.814898,-3727205153.753219,-3745160826.697673,-3763262823.294683,-3781513217.2891817,-3799914119.236163,-3818467677.227988,-3837176077.637875,-3856041545.879993,-3875066347.186565,-3894252787.402461,-3913603213.797707,-3933120015.8984113,-3952805626.336581,-3972662521.719318,-3992693223.5179496,-4012900298.977589,-4033286362.047707,-4053854074.33426,-4074606146.0739846,-4095545337.13144,-4116674458.019452,-4137996370.9435687,-4159513990.871225,-4181230286.626294,-4203148282.009721,-4225271056.946992,-4247601748.6631966,-4270143552.886423,-4292899725.080381,-4315873581.706983,-4339068501.519827,-4362487926.889439,-4386135365.161191,-4410014390.046869,-4434128643.050849,-4458481834.931931,-4483077747.201854,-4507920233.661594,-4533013221.976583,-4558360715.291984,-4583966793.88927,-4609835616.885303,-4635971423.975261,-4662378537.220699,-4689061362.884154,-4716024393.311734,-4743272208.865137,-4770809479.904685,-4798640968.82492,-4826771532.144434,-4855206122.65163,-4883949791.608202,-4913007691.012095,-4942385075.921982,-4972087306.845046,-5002119852.190279,-5032488290.789294,-5063198314.486865,-5094255730.803545,-5125666465.672575,-5157436566.253684,-5189572203.826212,-5222079676.764204,-5254965413.596222,-5288235976.152737,-5321898062.803938,-5355958511.791118,-5390424304.654751,-5425302569.76252,-5460600585.940772,-5496325786.2128725,-5532485761.64819,-5569088265.325505,-5606141216.414783,-5643652704.381485,-5681630993.317655,-5720084526.404246,-5759021930.509269,-5798452020.926599,-5838383806.260414,-5878826493.460436,-5919789493.013332,-5961282424.295941,-6003315121.096058,-6045897637.30685,-6089040252.801219,-6132753479.49256,-6177048067.588784,-6221935012.046587,-6267425559.233367,-6313531213.804345,-6360263745.802861,-6407635197.992057,-6455657893.426535,-6504344443.272874,-6553707754.888255,-6603761040.166852,-6654517824.163906,-6705991954.008023,-6758197608.112296,-6811149305.695682,-6864861916.626115,-6919350671.597627,-6974631172.653962,-7030719404.07177,-7087631743.617021,-7145384974.188693,-7203996295.864295,-7263483338.362595,-7323864173.939117,-7385157330.730847,-7447381806.567097,-7510557083.264013,-7574703141.421055,-7639840475.738107,-7705990110.872899,-7773173617.858802,-7841413131.103898,-7910731365.992862,-7981151637.113948,-8052697877.133982,-8125394656.345068,-8199267202.90738,-8274341423.813103,-8350643926.597285,-8428202041.822052,-8507043846.361309,-8587198187.513628,-8668694707.971613,-8751563871.676725,-8835836990.588814,-8921546252.400185,-9008724749.224482,-9097406507.29053,-9187626517.671951,-9279420768.08293,-9372826275.770704,-9467881121.534723,-9564624484.90228,-9663096680.489212,-9763339195.573689,-9865394728.909412,-9969307230.803062,-10075121944.478542,-10182885448.74816,-14178146525.491194,-14316302117.273891,-14456716886.86405,-14599437134.183271,-14744510107.924404,-14891984009.372202,-16656388466.309883,-16815046588.154896,-16976191014.313051,-17139866572.182545,-17306118556.00426,-17474992679.895515,-19700437738.236244,-19879162203.81763,-20060422073.011177,-20244248315.445377,-20430670894.68964,-20619718585.42584,-20811418770.65849,-22566880764.246506,-22764135672.982067,-22963679951.77197,-23165503492.599594,-23369591461.84296,-23575923793.19096,-24534711956.732933,-24743116722.044228,-24953270931.128128,-25165104528.45026,-25378537636.015217,-25593479605.28828,-25678812923.249416,-25895672433.92536,-26113792598.772743,-26333033316.27977,-26553237473.729885,-26774229290.143715,-26995812500.206253,-27703771029.18712,-27919897589.12737,-28135312190.34678,-28349686680.704285,-28562659355.089,-28773831813.82631,-28982765529.305267,-29188978094.945217,-30370130692.62252,-30514816237.813908,-30651653118.913376,-30779757656.20053,-30898171636.52996,-31005856593.11252,-31101687743.896824,-31184447593.38707,-31252819210.969288,-31305379209.553844,-31340590462.20789,-31356794612.228046,-26671290131.28887,-26197115024.07828,-25690236663.36204,-25149576874.13677,-24574127474.188667,-23962973758.48188,-27329712901.410343,-26820446937.956043,-26266901990.447186,-25667223091.028656,-25019657532.08629,-26539090490.00222,-25896906777.825645,-25197900294.683403,-24439950813.71036,-23621226268.304817,-15812796105.010456,-14789252387.301058,-13741420399.932528,-12674870956.513071,-11596358115.205814,-6980239469.3953285,-6100301406.63424,-5263322491.488796,-4480335301.097562,-3762906820.588794,-2261003752.1295075,-1929484927.5940475,-1696145678.3985214,-1567422346.491814,-1548834261.3906562,-1493017857.9903684,-1382175582.1354723,-1422414146.2292657,-1620999775.6334426,-1986849293.2808616,-2534571240.4862857,-1622098830.970491,-2116976428.505329,-2984362655.215576,-4295806562.709893,-6200368089.635302,-9459530437.890886,-13790543111.865978,-20586464432.42495,-28999725913.430756,0.0
2911.0,-2814466530.5601525,-2826619004.388501,-2838845412.178277,-2851146619.385207,-2863523505.760919,-2875976965.6163263,-2888507908.090246,-2901117257.4233246,-2913805953.2373905,-2926574950.820404,-2939425221.4170485,-2952357752.525157,-2965373548.19805,-2978473629.352966,-2991659034.0856657,-3004930817.9914074,-3018290054.492381,-3031737835.1717787,-3045275270.114658,-3058903488.2557087,-3072623637.734134,-3086436886.255779,-3100344421.462665,-3114347451.310128,-3128447204.4517045,-3142644930.6319766,-3156941901.087528,-3171339408.956231,-3185838769.695036,-3200441321.506471,-3215148425.77407,-3229961467.506913,-3244881855.793526,-3259911024.2653303,-3275050431.569907,-3290301561.8542843,-3305665925.2584915,-3321145058.4196515,-3336740524.986844,-3352453916.1469984,-3368286851.162124,-3384240977.918119,-3400317973.485437,-3416519544.691969,-3432847428.70836,-3449303393.6461387,-3465889239.1689405,-3482606797.117184,-3499457932.1465144,-3516444542.3803945,-3533568560.077172,-3550831952.3120146,-3568236721.6741114,-3585784906.979484,-3603478583.999876,-3621319866.208095,-3639310905.540269,-3657453893.175421,-3675751060.33289,-3694204679.0879936,-3712817063.20648,-3731590568.998236,-3750527596.1907945,-3769630588.8231664,-3788902036.160542,-3808344473.630449,-3827960483.780946,-3847752697.2614574,-3867723793.826884,-3887876503.365624,-3908213606.952188,-3928737937.9251146,-3949452382.99081,-3970359883.354194,-3991463435.8767953,-4012766094.263109,-4034270970.276077,-4055981234.9824734,-4077900120.029089,-4100030918.9506,-4122376988.510098,-4144941750.073138,-4167728691.0164247,-4190741366.172047,-4213983399.308413,-4237458484.648927,-4261170388.429572,-4285122950.496583,-4309320085.945378,-4333765786.802102,-4358464123.748988,-4383419247.89496,-4408635392.592847,-4434116875.304679,-4459868099.516531,-4485893556.70453,-4512197828.353586,-4538785588.030577,-4565661603.513637,-4592830738.979458,-4620297957.250382,-4648068322.103246,-4676147000.642012,-4704539265.736213,-4733250498.527437,-4762286191.006026,-4791651948.660366,-4821353493.20115,-4851396665.363143,-4881787427.787052,-4912531867.984161,-4943636201.386603,-4975106774.486149,-5006950068.064526,-5039172700.518444,-5071781431.282611,-5104783164.354085,-5138184951.921536,-5171993998.10311,-5206217662.796652,-5240863465.64633,-5275939090.129754,-5311452387.769893,-5347411382.476286,-5383824275.020157,-5420699447.648346,-5458045468.841035,-5495871098.218548,-5534185291.602711,-5572997206.238417,-5612316206.181355,-5652151867.858122,-5692513985.805013,-5733412578.592395,-5774857894.941472,-5816860420.040821,-5859430882.070251,-5902580258.939936,-5946319785.253018,-5990660959.500353,-6035615551.496273,-6081195610.064877,-6127413470.98643,-6174281765.214231,-6221813427.372457,-6270021704.546132,-6318920165.374809,-6368522709.462007,-6418843577.1130495,-6469897359.414489,-6521699008.668821,-6574263849.198903,-6627607588.537021,-6681746329.01435,-6736696579.76705,-6792475269.176179,-6849099757.759243,-6906587851.532051,-6964957815.860254,-7024228389.821112,-7084418801.096557,-7145548781.4199,-7207638582.599336,-7270708993.142525,-7334781355.507601,-7399877584.007031,-7466020183.392093,-7533232268.146742,-7601537582.521227,-7670960521.336804,-7741526151.594682,-7813260234.923502,-7886189250.901292,-7960340421.289491,-8035741735.218156,-8112421975.363275,-8190410745.158841,-8269738497.08829,-8350436562.101637,-8432537180.20689,-8516073532.286148,-8601079773.189049,-8687591066.15841,-8775643618.645172,-8865274719.57203,-8956522778.10765,-9049427364.015709,-9144029249.64558,-9240370453.634018,-9338494286.389864,-9438445397.436275,-9540269824.68792,-9644015045.742952,-9749730031.272528,-9857465300.593077,-9967272979.50933,-14109169716.337618,-14254961270.658442,-14403320851.32585,-14554307803.465685,-14707983066.71873,-14864409216.48815,-16758040034.816372,-16929707585.05613,-17104357633.351006,-17282056018.070507,-17462870101.92732,-17646868787.36321,-20131600634.96288,-20332440692.4593,-20536621679.304047,-20744209157.8488,-20955269455.79448,-21169869587.747097,-21388077163.57201,-23443297050.03089,-23675548646.90757,-23911371322.8382,-24150811372.570614,-24393913257.791943,-24640719261.778828,-25790791029.701385,-26047069489.23669,-26306873133.749805,-26570209939.16836,-26837081943.07744,-27107484492.64761,-27232076299.143555,-27508249320.074764,-27787993993.72348,-28071275889.44031,-28358048809.45048,-28648253360.024857,-28941815363.031,-29865520784.942684,-30163066534.777065,-30463109121.397102,-30765463543.950016,-31069917362.686573,-31376227626.668404,-31684117462.18755,-31993272283.73492,-34036627886.41713,-34308918514.501583,-34578003454.95672,-34843140883.874855,-35103510470.060555,-35358205728.64349,-35606225662.320854,-35846465633.07067,-36077707405.53411,-36298608302.62499,-36507689414.71724,-36703322806.55599,-35496875229.50068,-35153104608.37029,-34770448717.26129,-34346664961.269733,-33879456219.73645,-33366485013.91492,-35958477693.59957,-35613830798.86139,-35217796176.009026,-34766778200.59656,-34257058071.502472,-35420603739.178894,-34943071440.56173,-34396221435.83997,-33775079577.84962,-33074577781.22043,-25144814733.14961,-23956752489.320805,-22702366852.02057,-21384000500.411343,-20005383256.971817,-13761825971.519068,-12391960685.209423,-11026281879.652205,-9679224249.289633,-8367299572.557176,-4985821396.046737,-4073157536.844811,-3272216724.369743,-2599560452.9554286,-2070429980.1199555,-2918707482.91898,-2195227432.606323,-1675971266.414026,-1378368890.4917235,-1313849996.8148277,-1488402064.8571072,-1624056686.9726372,-1459300044.7311475,-1779821960.6444223,-2594864204.4295654,-3946151941.378457,-6373515595.275983,-9950037910.96898,-17412582653.082584,-41353484706.78352,0.0
2910.0,-2652388863.6678457,-2664057659.235658,-2675797216.0154886,-2687608372.185292,-2699491980.0574665,-2711448906.3443885,-2723480032.429313,-2735586254.6427174,-2747768484.544239,-2760027649.210328,-2772364691.527733,-2784780570.492955,-2797276261.517806,-2809852756.7412043,-2822511065.3473635,-2835252213.8904843,-2848077246.6261616,-2860987225.849569,-2873983232.2406764,-2887066365.2165823,-2900237743.291165,-2913498504.44222,-2926849806.4862432,-2940292827.461065,-2953828766.016461,-2967458841.8130174,-2981184295.9293613,-2995006391.277994,-3008926413.029942,-3022945669.0483894,-3037065490.3315754,-3051287231.4651103,-3065612271.0839863,-3080042012.3444853,-3094577883.406256,-3109221337.9247847,-3123973855.5545115,-3138836942.46288,-3153812131.8555703,-3168900984.513185,-3184105089.3397,-3199426063.9229536,-3214865555.1074743,-3230425239.5799875,-3246106824.4678698,-3261912047.950945,-3277842679.886894,-3293900522.450685,-3310087410.788357,-3326405213.685529,-3342855834.251013,-3359441210.6159472,-3376163316.648833,-3393024162.686902,-3410025796.284234,-3427170302.977109,-3444459807.066987,-3461896472.421653,-3479482503.2949724,-3497220145.1657825,-3515111685.596425,-3533159455.111464,-3551365828.0971327,-3569733223.7220955,-3588264106.8800926,-3606960989.1550994,-3625826429.809597,-3644863036.7966337,-3664073467.796331,-3683460431.2775097,-3703026687.585189,-3722775050.0546703,-3742708386.152946,-3762829618.648284,-3783141726.808734,-3803647747.630455,-3824350777.096686,-3845253971.468296,-3866360548.606817,-3887673789.330957,-3909197038.8075495,-3930933707.977997,-3952887275.021272,-3975061286.854569,-3997459360.672768,-4020085185.527861,-4042942523.949625,-4066035213.608727,-4089367169.023672,-4112942383.312864,-4136764929.993271,-4160838964.827082,-4185168727.717943,-4209758544.658287,-4234612829.729415,-4259736087.156017,-4285132913.416858,-4310807999.413504,-4336766132.698876,-4363012199.767722,-4389551188.410892,-4416388190.135626,-4443528402.654015,-4470977132.441861,-4498739797.370375,-4526821929.413088,-4555229177.430556,-4583967310.035492,-4613042218.541072,-4642459919.995278,-4672226560.304217,-4702348417.447543,-4732831904.789159,-4763683574.486515,-4794910121.002029,-4826518384.720219,-4858515355.674238,-4890908177.385838,-4923704150.822723,-4956910738.477608,-4990535568.573335,-5024586439.398679,-5059071323.779616,-5093998373.691058,-5129375925.014173,-5165212502.444855,-5201516824.558827,-5238297809.039377,-5275564578.073803,-5313326463.924997,-5351593014.684854,-5390374000.216442,-5429679418.292237,-5469519500.935997,-5509904720.976218,-5550845798.819432,-5592353709.451987,-5634439689.679361,-5677115245.612444,-5720392160.410595,-5764282502.291854,-5808798632.82105,-5853953215.487044,-5899759224.580914,-5946229954.387432,-5993379028.702644,-6041220410.69117,-6089768413.097199,-6139037708.82408,-6189043341.897934,-6239800738.831496,-6291325720.405202,-6343634513.88321,-6396743765.683165,-6450670554.519059,-6505432405.037759,-6561047301.970679,-6617533704.82307,-6674910563.124499,-6733197332.2654085,-6792413989.945616,-6852581053.262057,-6913719596.464445,-6975851269.408791,-7038998316.740432,-7103183597.839583,-7168430607.564297,-7234763497.8272915,-7302207100.045107,-7370786948.499861,-7440529304.656052,-7511461182.476996,-7583610374.787613,-7657005480.733,-7731675934.384467,-7807652034.547534,-7884964975.829209,-7963646881.024859,-8043730834.888008,-8125250919.349937,-8208242250.259211,-8292741015.715142,-8378784516.073009,-8466411205.702945,-8555660736.588816,-8646574003.857914,-8739193193.337145,-8833561831.236506,-8929724836.066011,-9027728572.897877,-9127620910.09176,-9229451278.607231,-9333270734.034252,-9439132021.479431,-9547089643.45343,-9657199930.912453,-13875060235.085754,-14025688498.65554,-14179129823.950647,-14335454873.341276,-14494736502.78921,-14657049840.004185,-16644242683.46164,-16825341157.481691,-17009840634.505468,-17197826143.171368,-17389385271.44991,-17584608247.471783,-20279353273.11433,-20497833963.5067,-20720374169.11161,-20947072914.201984,-21178031850.053883,-21413355297.25452,-21653150283.64901,-23963278358.21228,-24225267177.723515,-24492038045.11494,-24763695980.859978,-25040347546.550392,-25322100719.78704,-26635624489.97328,-26934327114.87695,-27238315891.869663,-27547685600.558773,-27862530099.355293,-28182941896.05968,-28345573300.113674,-28675559702.291992,-29011476104.606613,-29353411208.97612,-29701449361.3369,-30055669598.6108,-30416144564.02984,-31539673493.274105,-31914647731.85865,-32295613189.31856,-32682570810.447773,-33075505081.577267,-33474381575.09292,-33879144169.899063,-34289711904.55261,-37206957225.16633,-37612382450.50552,-38020557805.240265,-38431024940.92059,-38843257105.15675,-39256650909.94015,-39670517128.41393,-40084070405.30127,-40496417753.15388,-40906545692.33458,-41313305877.20616,-41715399034.42534,-45284529855.79509,-45178898552.91023,-45034539694.56532,-44848234559.39324,-44616553397.94874,-44335850015.34992,-45390097276.594444,-45329523627.4728,-45219002034.97074,-45053537020.89556,-44827737514.83837,-45308293718.72509,-45142563408.05012,-44905935408.74898,-44590891808.36952,-44189310531.47282,-37733998062.310814,-36571636895.24487,-35297080514.57507,-33906138784.59368,-32395525256.15064,-25002564486.45978,-23167809692.313538,-21258926477.136112,-19287508332.02622,-17268775556.547543,-11371487553.09234,-9558220648.824852,-7815273349.509094,-6172957528.025023,-4663023494.196568,-7175021601.213273,-5321081491.942619,-3673355144.8962007,-2279643981.9563985,-1178205600.3451798,-389667985.4363916,-3062121251.2252192,-1353930982.458949,-260805017.93775067,237964272.8288202,288401340.1763639,73771351.37684539,-36399746.34648383,-79335866.20059848,-113688344.23207341,0.0
2909.0,-2480685867.4237247,-2491803032.4806604,-2502987015.93468,-2514238617.0934057,-2525558649.03023,-2536947938.8477845,-2548407327.9467945,-2559937672.3004293,-2571539842.734294,-2583214725.21216,-2594963221.127613,-2606786247.601681,-2618684737.786654,-2630659641.176181,-2642711923.921816,-2654842569.156156,-2667052577.32272,-2679342966.5127163,-2691714772.8088923,-2704169050.636574,-2716706873.122119,-2729329332.458937,-2742037540.2812386,-2754832628.045717,-2767715747.42134,-2780688070.6874523,-2793750791.1403885,-2806905123.5087743,-2820152304.377764,-2833493592.622404,-2846930269.850357,-2860463640.8541894,-2874095034.073503,-2887825802.067093,-2901657321.995428,-2915590996.1136856,-2929628252.275598,-2943770544.448397,-2958019353.2391167,-2972376186.4325533,-2986842579.5411534,-3001420096.367183,-3016110329.577402,-3030914901.290669,-3045835463.678708,-3060873699.580453,-3076031323.1302686,-3091310080.400437,-3106711750.0582623,-3122238144.0381994,-3137891108.2293653,-3153672523.1788754,-3169584304.8114066,-3185628405.1654105,-3201806813.146432,-3218121555.2980127,-3234574696.590597,-3251168341.228988,-3267904633.4788203,-3284785758.5125933,-3301813943.2757707,-3318991457.3735366,-3336320613.9787445,-3353803770.7616825,-3371443330.8422303,-3389241743.7650685,-3407201506.498559,-3425325164.4580054,-3443615312.55394,-3462074596.266189,-3480705712.744458,-3499511411.9361744,-3518494497.742384,-3537657829.202564,-3557004321.709127,-3576536948.252555,-3596258740.6980124,-3616172791.094431,-3636282253.016972,-3656590342.943928,-3677100341.669063,-3697815595.750466,-3718739518.997055,-3739875593.993847,-3761227373.667222,-3782798482.8913774,-3804592620.1372857,-3826613559.165458,-3848865150.763895,-3871351324.532646,-3894076090.7164526,-3917043542.0870047,-3940257855.876394,-3963723295.763412,-3987444213.914394,-4011425053.080382,-4035670348.7524447,-4060184731.3770657,-4084972928.633543,-4110039767.775518,-4135390178.038703,-4161029193.117048,-4186961953.7096777,-4213193710.1409097,-4239729825.055925,-4266575776.194626,-4293737159.2463465,-4321219690.788248,-4349029211.310277,-4377171688.329704,-4405653219.598367,-4434480036.405908,-4463658506.982394,-4493195140.00384,-4523096588.204307,-4553369652.098485,-4584021283.818621,-4615058591.070059,-4646488841.209671,-4678319465.451715,-4710558063.205789,-4743212406.551819,-4776290444.857176,-4809800309.541268,-4843750318.993121,-4878148983.647829,-4913005011.227857,-4948327312.155553,-4984125005.143458,-5020407422.96929,-5057184118.442837,-5094464870.572232,-5132259690.9374695,-5170578830.279422,-5209432785.312872,-5248832305.772591,-5288788401.701788,-5329312350.992829,-5370415707.190424,-5412110307.568078,-5454408281.489041,-5497322059.063578,-5540864380.1148405,-5585048303.466354,-5629887216.564601,-5675394845.450942,-5721585265.097769,-5768472910.124486,-5816072585.9096985,-5864399480.116836,-5913469174.651181,-5963297658.067283,-6013901338.4466,-6065297056.766308,-6117502100.781096,-6170534219.441098,-6224411637.870153,-6279153072.929803,-6334777749.395855,-6391305416.775709,-6448756366.795996,-6507151451.591768,-6566512102.630109,-6626860350.402642,-6688218844.923469,-6750610877.0708,-6814060400.812797,-6878592056.360152,-6944231194.290514,-7011003900.691909,-7078937023.375434,-7148058199.209844,-7218395882.633748,-7289979375.404306,-7362838857.644535,-7437005420.254838,-7512511098.758183,-7589388908.652245,-7667672882.346079,-7747398107.763346,-7828600768.698918,-7911318187.020733,-7995588866.81414,-8081452540.571825,-8168950217.538404,-8258124234.325397,-8349018307.919172,-8441677591.211981,-8536148731.193998,-8632479929.952793,-8730721008.635723,-8830923474.54033,-8933140591.5081,-9037427453.808104,-9143841063.708689,-9252440412.948128,-13470245759.290417,-13622628762.42885,-13777993069.78976,-13936418254.621206,-14097986595.06818,-14262783185.87825,-16302806450.606024,-16489225440.187798,-16679362114.850857,-16873317589.294125,-17071196470.0983,-17273106999.389812,-20117801115.85068,-20348427025.04691,-20583697276.16029,-20823740640.542423,-21068690301.498184,-21318684021.50091,-21573864314.99012,-24079322690.21801,-24363910165.680843,-24654329589.13273,-24950741841.014164,-25253312858.735107,-25562213766.209408,-26999009472.56286,-27331820554.6198,-27671523878.069813,-28018301736.97704,-28372341135.667534,-28733833774.132725,-28931317775.57867,-29305819495.178432,-29688458780.10737,-30079452936.412537,-30479023713.759785,-30887397028.68369,-31304802611.399296,-32596094179.853905,-33038699068.317493,-33490767810.01435,-33952511897.26095,-34424141167.003044,-34905862478.39014,-35397878151.41828,-35900384127.96028,-39632871266.8468,-40165824334.02648,-40708256726.900185,-41260114765.9626,-41821301408.55847,-42391669216.136086,-42971012302.04798,-43559057111.40609,-44155451862.268456,-44759754451.81269,-45371418601.62695,-45989777982.25311,-55348743787.69562,-55586732923.99892,-55795009251.46658,-55969977900.64857,-56107696397.980255,-56203844688.145454,-54935482433.65169,-55272715680.89611,-55573000099.39752,-55830879596.50441,-56040274102.08125,-55507126789.13735,-55800422798.23698,-56037146945.02007,-56208566999.81563,-56304871910.81431,-53422337509.03201,-52591639265.98524,-51616134943.567406,-50483195985.21752,-49179785748.0081,-41986996380.369606,-39949028175.69164,-37730043600.6387,-35328562820.01793,-32746695785.2028,-24370144849.348072,-21498648910.921906,-18558089287.86033,-15584547284.46198,-12622416968.000778,-17489891817.215103,-14017903523.560415,-10605122779.787537,-7343357928.535767,-4331736458.345078,-1663980348.132702,-9160863086.687317,-4724816082.436197,-925169706.4089848,2062926329.6660535,4322959071.968891,6622424932.237195,9970851366.61896,17313653534.031506,41252703335.79745,0.0
2908.0,-2299880951.038058,-2310382128.47206,-2320945442.7674456,-2331571643.060046,-2342261491.677756,-2353015764.397671,-2363835250.708577,-2374720754.078873,-2385673092.2300544,-2396693097.415905,-2407781616.7075176,-2418939512.2842536,-2430167661.730817,-2441466958.3405595,-2452838311.425158,-2464282646.630835,-2475800906.261245,-2487394049.607201,-2499063053.283407,-2510808911.5723305,-2522632636.7754164,-2534535259.5718064,-2546517829.38473,-2558581414.7557645,-2570727103.727133,-2582956004.232268,-2595269244.4947968,-2607667973.43618,-2620153361.0922136,-2632726599.038583,-2645388900.8257256,-2658141502.4232144,-2670985662.673879,-2683922663.757929,-2696953811.6673374,-2710080436.6906896,-2723303893.908817,-2736625563.7014484,-2750046852.2651725,-2763569192.142988,-2777194042.7657394,-2790922891.005764,-2804757251.742996,-2818698668.44394,-2832748713.753761,-2846908990.101893,-2861181130.321479,-2875566798.2830114,-2890067689.5425706,-2904685532.0050035,-2919422086.6024737,-2934279147.988768,-2949258545.2498,-2964362142.630726,-2979591840.2801194,-2994949575.011697,-3010437321.0840235,-3026057090.998725,-3041810936.317701,-3057700948.49986,-3073729259.757917,-3089898043.935815,-3106209517.407337,-3122665939.996511,-3139269615.9204206,-3156022894.755036,-3172928172.424761,-3189987892.216321,-3207204545.8177404,-3224580674.38307,-3242118869.623693,-3259821774.926909,-3277692086.502613,-3295732554.558929,-3313945984.507599,-3332335238.200054,-3350903235.195045,-3369652954.058816,-3388587433.6987443,-3407709774.7315426,-3427023140.8869605,-3446530760.448182,-3466235927.729965,-3486142004.5957165,-3506252422.0147176,-3526570681.660711,-3547100357.553203,-3567845097.742768,-3588808626.0417533,-3609994743.801883,-3631407331.740168,-3653050351.814744,-3674927849.152203,-3697043954.028125,-3719402883.902493,-3742008945.511828,-3764866537.0199,-3787980150.2289486,-3811354372.853399,-3834993890.8582215,-3858903490.8640456,-3883088062.6213055,-3907552601.555769,-3932302211.387864,-3957342106.8283486,-3982677616.3529496,-4008314185.058696,-4034257377.6048193,-4060512881.241141,-4087086508.92708,-4113984202.544423,-4141212036.207258,-4168776219.672504,-4196683101.854665,-4224939174.448565,-4253551075.6640487,-4282525594.0766416,-4311869672.598515,-4341590412.574173,-4371695078.005473,-4402191099.91087,-4433086080.823853,-4464387799.435898,-4496104215.38942,-4528243474.226367,-4560813912.498622,-4593824063.046237,-4627282660.450236,-4661198646.666654,-4695581176.849016,-4730439625.3667145,-4765783592.027016,-4801622908.508904,-4837967645.017276,-4874828117.166357,-4912214893.10177,-4950138800.870914,-4988610936.052006,-5027642669.652417,-5067245656.2876,-5107431842.652317,-5148213476.296609,-5189603114.719333,-5231613634.79295,-5274258242.533734,-5317550483.232394,-5361504251.960805,-5406133804.471287,-5451453768.505797,-5497479155.533225,-5544225372.933849,-5591708236.651145,-5639943984.331989,-5688949288.977632,-5738741273.128664,-5789337523.608807,-5840756106.853308,-5893015584.849366,-5946135031.717302,-6000134050.962913,-6055032793.432897,-6110851976.007155,-6167612901.063535,-6225337476.752596,-6284048238.122084,-6343768369.132885,-6404521725.610881,-6466332859.181256,-6529227042.234872,-6593230293.978831,-6658369407.626632,-6724671978.786361,-6792166435.108884,-6860882067.261671,-6930849061.297727,-7002098532.493273,-7074662560.7323,-7148574227.52081,-7223867654.718621,-7300578045.081983,-7378741724.716133,-7458396187.542917,-7539580141.895339,-7622333559.357947,-7706697725.979446,-7792715295.992136,-7880430348.181389,-7969888445.057738,-8061136694.994127,-8154223817.50164,-8249200211.828471,-8346118029.079467,-8445031248.066715,-8545995755.116159,-8649069428.070642,-8754312224.746407,-12892573929.955814,-13043431058.448233,-13197350589.113836,-13354418017.713362,-13514721931.080528,-13678354146.298964,-15726567815.632875,-15913787654.198874,-16104919633.783064,-16300076692.3291,-16499376013.240494,-16702939223.49298,-19628519687.31906,-19864955020.84852,-20106444080.27225,-20353139206.234108,-20605198688.70877,-20862787049.721893,-21126075341.497738,-23754566500.890427,-24052979139.48308,-24358027149.075085,-24669919059.039738,-24988871725.65987,-25315110719.30759,-26823863385.81584,-27179849235.10566,-27544038002.84071,-27916691245.66565,-28298080817.783497,-28688489309.83992,-28915922674.3913,-29322094882.15425,-29738256424.45525,-30164744650.352905,-30601910455.705853,-31050118793.61776,-31509749183.61194,-32920646382.331284,-33415330463.69034,-33922584330.92273,-34442830446.979324,-34976506381.6039,-35524064994.9527,-36085974528.82998,-36662718581.4839,-41077294171.58618,-41719719891.96035,-42378372505.709946,-43053676661.41933,-43746051218.67998,-44455905255.57935,-45183633276.06967,-45929609474.46263,-46694180888.78826,-47477659244.53801,-48280311254.46698,-49102347097.5741,-64715390316.33836,-65375860440.63261,-66025322847.94817,-66660753296.49455,-67278726349.2984,-67875365771.98925,-63645868782.58415,-64462111793.74687,-65266766680.27079,-66055339870.52321,-66822634987.21704,-65015653182.69109,-65881609518.02676,-66723334929.88175,-67533125259.105965,-68301969387.400764,-71220021641.97498,-71102818501.77376,-70842520740.265,-70419513784.71112,-69811991449.15526,-65111193207.79867,-63437602166.85159,-61487212807.46935,-59236213474.06763,-56661216924.81149,-47233568293.44906,-43621766685.035416,-39695150290.05997,-35466650775.81878,-30962949439.96634,-38208539695.96411,-33106118028.78057,-27663055277.31485,-21973873931.1468,-16177758715.133884,-10461341539.00826,-25320132528.37143,-17125269189.37445,-9002991203.995052,-1574689210.4104714,4559966385.705588,9595189510.497957,14090458241.124636,20615514910.276733,28986804003.63776,0.0
2907.0,-2110555870.7004025,-2120380963.167458,-2130262813.206631,-2140202108.938924,-2150199550.904213,-2160255852.307908,-2170371739.2727904,-2180547951.096137,-2190785240.512246,-2201084373.960493,-2211446131.8590307,-2221871308.8843045,-2232360714.256446,-2242915172.030759,-2253535521.395379,-2264222616.975287,-2274977329.1428094,-2285800544.33475,-2296693165.376339,-2307656111.8121223,-2318690320.243984,-2329796744.676455,-2340976356.8695,-2352230146.6989336,-2363559122.5246706,-2374964311.567001,-2386446760.2910604,-2398007534.79973,-2409647721.235128,-2421368426.188942,-2433170777.1218,-2445055922.7919064,-2457025033.6931577,-2469079302.503005,-2481219944.5402746,-2493448198.233208,-2505765325.5979843,-2518172612.7279725,-2530671370.2940063,-2543262934.055929,-2555948665.385736,-2568729951.802585,-2581608207.519971,-2594584874.005415,-2607661420.552949,-2620839344.868764,-2634120173.670341,-2647505463.299426,-2660996800.3492265,-2674595802.3061786,-2688304118.206697,-2702123429.309289,-2716055449.7824616,-2730101927.4088235,-2744264644.305838,-2758545417.6636777,-2772946100.500633,-2787468582.4365654,-2802114790.484904,-2816886689.863684,-2831786284.8261805,-2846815619.51164,-2861976778.816729,-2877271889.288227,-2892703120.037612,-2908272683.678114,-2923982837.2849164,-2939835883.379149,-2955834170.9363546,-2971980096.42014,-2988276104.8417625,-3004724690.846372,-3021328399.8267136,-3038089829.065106,-3055011628.904516,-3072096503.9496017,-3089347214.298615,-3106766576.8071218,-3124357466.3844275,-3142122817.3237963,-3160065624.667412,-3178188945.6071897,-3196495900.9225383,-3214989676.456181,-3233673524.629291,-3252550765.997065,-3271624790.8461294,-3290899060.8349853,-3310377110.678924,-3330062549.880824,-3349959064.509283,-3370070419.025604,-3390400458.161255,-3410953108.8474,-3431732382.198228,-3452742375.5498543,-3473987274.556615,-3495471355.3466725,-3517198986.7388964,-3539174632.5231056,-3561402853.805784,-3583888311.423498,-3606635768.426344,-3629650092.633777,-3652936259.265384,-3676499353.649143,-3700344574.0098944,-3724477234.340821,-3748902767.360878,-3773626727.5612,-3798654794.3436494,-3823992775.254823,-3849646609.318961,-3875622370.473273,-3901926271.109497,-3928564665.725534,-3955544054.69119,-3982871088.132296,-4010552569.9375777,-4038595461.892884,-4067006887.947565,-4095794138.618,-4124964675.53351,-4154526136.1300974,-4184486338.497708,-4214853286.386964,-4245635174.3816113,-4276840393.243131,-4308477535.434351,-4340555400.829129,-4373083002.615568,-4406069573.400503,-4439524571.523417,-4473457687.588307,-4507878851.222389,-4542798238.071011,-4578226277.038521,-4614173657.785427,-4650651338.492476,-4687670553.903036,-4725242823.655524,-4763379960.918385,-4802094081.340488,-4841397612.330793,-4881303302.681489,-4921824232.54979,-4962973823.814182,-5004765850.821806,-5047214451.544478,-5090334139.161821,-5134139814.090824,-5178646776.482326,-5223870739.20583,-5269827841.345387,-5316534662.230298,-5364008236.025833,-5412266066.910513,-5461326144.867819,-5511206962.1219015,-5561927530.248466,-5613507397.993623,-5665966669.835513,-5719326025.325412,-5773606739.24707,-5828830702.63542,-5885020444.697921,-5942199155.684654,-6000390710.755657,-6059619694.897162,-6119911428.941175,-6181291996.746442,-6243788273.60203,-6307427955.918636,-6372239592.276849,-6438252615.905546,-6505497378.668491,-6574005186.641856,-6643808337.370784,-6714940158.898555,-6787435050.668077,-6861328526.401722,-6936657259.072497,-7013459128.086988,-7091773268.808355,-7171640124.556321,-7253101501.230211,-7336200624.71101,-7420982201.209073,-7507492480.735493,-7595779323.887611,-7685892272.152306,-7777882621.945231,-7871803502.619534,-7967709958.694454,-8065659036.5722685,-8165709876.031673,-12143550191.714436,-12289498232.124414,-12438495562.75952,-12590630169.41438,-12745993359.364552,-12904679919.581518,-14913923897.00688,-15097164060.470251,-15284373352.180073,-15475671329.684238,-15671182304.396952,-15871035580.48979,-18801764936.412724,-19037071305.472103,-19277632148.1709,-19523615086.699474,-19775194826.060173,-20032553529.63386,-20295881218.657906,-22965308692.86635,-23267510905.362007,-23576832996.09909,-23893518019.816154,-24217819995.34652,-24550004519.03677,-26070468698.13213,-26436549779.888226,-26811722288.4813,-27196309973.97296,-27590651714.61433,-27995102382.800457,-28246245921.534046,-28668271647.21282,-29101593068.63936,-29546644687.52929,-30003882714.60903,-30473786358.270763,-30956859194.734417,-32424683534.99996,-32950758109.148533,-33491798611.68788,-34048411809.775654,-34621235856.83973,-35210942115.25526,-35818237070.26582,-36443864333.43168,-41337184478.870346,-42058675023.84264,-42802278580.54559,-43568901961.7305,-44359490574.26263,-45175028884.11589,-46016540553.57486,-46885088158.24183,-47781772370.75687,-48707730472.95019,-49664134027.447495,-50652185502.30256,-72199286485.31313,-73308305455.00441,-74432976157.4948,-75571910807.99248,-76723398370.535,-77885351106.6384,-70393626756.29703,-71709416757.58478,-73048898742.4519,-74410107814.29707,-75790523965.66539,-72603771827.67586,-74085147999.9194,-75590106515.72154,-77114610340.06024,-78653507534.75858,-89129628109.85892,-90091023837.18558,-90961793540.90266,-91721116484.21948,-92344610384.51678,-93003724892.0738,-92517072024.2592,-91732082684.19331,-90602933176.64272,-89078320763.07048,-81890800786.78113,-78637320622.4903,-74803655041.01764,-70339650626.70148,-65201843744.66324,-73276172938.435,-67667492353.91984,-61109547149.26476,-53576799613.98947,-45102983617.20629,-35815711575.52707,-58327339676.85972,-46850599091.02549,-33709251483.2873,-19659615966.997715,-6182194884.932921,4976502466.447568,11078024972.293633,12882246758.03779,7262456415.553011,0.0
2906.0,-1913347082.343152,-1922440884.3572435,-1931585417.1451995,-1940781297.5915973,-1950029154.0361576,-1959329626.5059016,-1968683366.952232,-1978091039.4930444,-1987553320.6599588,-1997070899.650835,-2006644478.587644,-2016274772.7798567,-2025962510.993461,-2035708435.725732,-2045513303.4859064,-2055377885.081893,-2065302965.9131413,-2075289346.2698448,-2085337841.6386127,-2095449283.0147424,-2105624517.2213025,-2115864407.235127,-2126169832.519926,-2136541689.3666828,-2146980891.241477,-2157488369.1409574,-2168065071.95562,-2178711966.841097,-2189430039.5976367,-2200220295.057991,-2211083757.4839025,-2222021470.9714174,-2233034499.8652287,-2244123929.182271,-2255290865.0448303,-2266536435.123357,-2277861789.089261,-2289268099.077936,-2300756560.1622524,-2312328390.836805,-2323984833.513182,-2335727155.0265446,-2347556647.153775,-2359474627.143552,-2371482438.2585964,-2383581450.330456,-2395773060.3271213,-2408058692.933824,-2420439801.147375,-2432917866.88437,-2445494401.60366,-2458170946.943457,-2470949075.373459,-2483830390.862408,-2496816529.561494,-2509909160.504032,-2523109986.3218656,-2536420743.978936,-2549843205.522512,-2563379178.852546,-2577030508.5096736,-2590799076.482371,-2604686803.0338025,-2618695647.548925,-2632827609.4023976,-2647084728.847916,-2661469087.929554,-2675982811.415769,-2690628067.7567,-2705407070.065444,-2720322077.1240053,-2735375394.414644,-2750569375.1773467,-2765906421.494223,-2781388985.401584,-2797019570.030576,-2812800730.77716,-2828735076.5023985,-2844825270.763872,-2861074033.079254,-2877484140.222975,-2894058427.556993,-2910799790.396759,-2927711185.4133987,-2944795632.073315,-2962056214.1163087,-2979496081.073491,-2997118449.8261924,-3014926606.2071905,-3032923906.645632,-3051113779.856986,-3069499728.57956,-3088085331.359009,-3106874244.3824644,-3125870203.363858,-3145077025.4821663,-3164498611.3742847,-3184138947.1843963,-3204002106.671666,-3224092253.3782835,-3244413642.85982,-3264970624.9801,-3285767646.272713,-3306809252.3715005,-3328100090.5123825,-3349644912.109,-3371448575.404754,-3393516048.2039056,-3415852410.6845474,-3438462858.296342,-3461352704.7460346,-3484527385.0739174,-3507992458.8245044,-3531753613.314836,-3555816667.003973,-3580187572.967421,-3604872422.480301,-3629877448.7133455,-3655209030.545925,-3680873696.5004745,-3706878128.8029294,-3733229167.573937,-3759933815.155858,-3786999240.580761,-3814432784.184856,-3842241962.375103,-3870434472.55388,-3899018198.208013,-3928001214.168608,-3957391792.048544,-3987198405.864728,-4017429737.8525686,-4048094684.480478,-4079202362.672603,-4110762116.248293,-4142783522.587348,-4175276399.5303936,-4208250812.5242968,-4241717082.02293,-4275685791.154161,-4310167793.664445,-4345174222.153009,-4380716496.608128,-4416806333.258762,-4453455753.755368,-4490677094.694472,-4528483017.502362,-4566886518.693982,-4605900940.524023,-4645539982.0481,-4685817710.612761,-4726748573.794241,-4768347411.806746,-4810629470.402393,-4853610414.28597,-4897306341.06901,-4941733795.789121,-4986909786.021818,-5032851797.613685,-5079577811.067496,-5127106318.611327,-5175456341.985904,-5224647450.986177,-5274699782.795326,-5325634062.151605,-5377471622.390829,-5430234427.409953,-5483945094.599768,-5538626918.797862,-5594303897.315897,-5651000756.098801,-5708742977.076926,-5767556826.775995,-5827469386.253991,-5888508582.438233,-5950703220.940792,-6014083020.435364,-6078678648.684168,-6144521760.309177,-6211645036.408346,-6280082226.124036,-6349868190.278257,-6421038947.196926,-6493631720.85377,-6567684991.473486,-6643238548.743489,-6720333547.79391,-6799012568.117002,-6879319675.608994,-6961300487.930882,-7045002243.398605,-7130473873.6285925,-7217766080.18127,-7306931415.463089,-7398024368.167277,-7491101453.554616,-11228469636.540983,-11366127198.300629,-11506723457.440674,-11650345185.263117,-11797082527.851082,-11947029173.114244,-13869186906.567776,-14043573976.469671,-14221840780.242218,-14404107648.798603,-14590499880.6123,-14781148003.495512,-17637365999.728725,-17864286448.047993,-18096431638.44699,-18333974639.953537,-18577096210.03855,-18825985229.124176,-19080839164.98234,-21702980426.11193,-21998155811.19504,-22300564500.715828,-22610467050.813984,-22928136652.20981,-23253859906.22053,-24719973164.115425,-25081597690.87114,-25452680883.02101,-25833584063.86368,-26224687095.221195,-26626389577.80517,-26894120329.22749,-27314081451.31154,-27745947461.732224,-28190214469.7382,-28647406302.945408,-29118076435.04874,-29602810070.12184,-31053525003.26985,-31586337056.457424,-32135503956.10347,-32701764074.42878,-33285900340.42628,-33888743538.315937,-34511175881.66144,-35154134886.78422,-40265976538.95503,-41025483780.08527,-41811254407.42316,-42624599951.47592,-43466913499.13744,-44339675159.08242,-45244457831.73364,-46182933277.49497,-47156878468.74441,-48168182200.28975,-49218851918.88364,-50311020714.074265,-76552568730.25624,-78062403294.48698,-79617935429.56122,-81220249838.60161,-82870324222.52307,-84568994021.33562,-74017427317.04103,-75770601368.46693,-77586717717.25665,-79467548709.18878,-81414691113.86774,-76968009318.65347,-79005459780.93495,-81121885305.59865,-83319110114.91914,-85598497984.86362,-104219290115.18024,-106476238562.48698,-108747068485.85065,-111018641744.67184,-113274335825.94708,-121846023281.05203,-123394257008.16716,-124754856337.26854,-125876484211.94215,-126697174200.47289,-126472675658.32149,-125450874142.45853,-123763131063.5984,-121284328976.90582,-117872491775.13268,-123051713868.52087,-119618419025.41028,-114777082412.87048,-108260730281.19206,-99793716462.5285,-89128398956.28365,-112851485570.71136,-102035304788.73514,-86978607130.09782,-67316861082.55377,-43756483416.525566,-18466970278.601673,-665002188.6939471,4441566624.110272,599293105.6736805,0.0
2905.0,-1708941524.0191894,-1717254313.4549923,-1725611218.398631,-1734012775.0541165,-1742459529.938506,-1750952040.0957685,-1759490873.3152142,-1768076608.3546076,-1776709835.1680474,-1785391155.1387453,-1794121181.316802,-1802900538.662104,-1811729864.2924447,-1820609807.7370272,-1829541031.1954143,-1838524209.8021204,-1847560031.8969207,-1856649199.3010447,-1865792427.5993924,-1874990446.428877,-1884243999.773106,-1893553846.26348,-1902920759.4869192,-1912345528.300336,-1921828957.1520407,-1931371866.41024,-1940975092.6987824,-1950639489.2403624,-1960365926.207328,-1970155291.0802937,-1980008489.014757,-1989926443.2159047,-1999910095.3218007,-2009960405.795186,-2020078354.324092,-2030264940.231488,-2040521182.8941827,-2050848122.171223,-2061246818.842022,-2071718355.0544667,-2082263834.7832527,-2092884384.2987173,-2103581152.646418,-2114355312.137764,-2125208058.8519568,-2136140613.149551,-2147154220.1979256,-2158250150.5089827,-2169429700.489399,-2180694193.003744,-2192044977.950829,-2203483432.8536115,-2215010963.4630384,-2226629004.3761883,-2238339019.669098,-2250142503.5446835,-2262040980.9961443,-2274036008.4862776,-2286129174.643163,-2298322100.9726267,-2310616442.587975,-2323013888.957478,-2335516164.670073,-2348125030.219833,-2360842282.809695,-2373669757.1750097,-2386609326.427477,-2399662902.920033,-2412832439.133305,-2426119928.584246,-2439527406.757593,-2453056952.06081,-2466710686.803208,-2480490778.199932,-2494399439.40158,-2508438930.550181,-2522611559.862339,-2536919684.740344,-2551365712.912081,-2565952103.600643,-2580681368.7245107,-2595556074.1292424,-2610578840.851657,-2625752346.4174905,-2641079326.173575,-2656562574.6556005,-2672204946.992595,-2688009360.3492603,-2703978795.407363,-2720116297.8874264,-2736424980.111997,-2752908022.6118526,-2769568675.776488,-2786410261.5503592,-2803436175.176358,-2820649886.9880548,-2838054944.2523465,-2855654973.064155,-2873453680.294909,-2891454855.596628,-2909662373.463461,-2928080195.352633,-2946712371.866835,-2965563045.000112,-2984636450.449501,-3003936919.9946303,-3023468883.9476943,-3043236873.676214,-3063245524.20119,-3083499576.8732905,-3104003882.129836,-3124763402.335511,-3145783214.709773,-3167068514.34411,-3188624617.3124075,-3210456963.8778687,-3232571121.799979,-3254972789.7452583,-3277667800.8056726,-3300662126.1286907,-3323961878.6632547,-3347573317.026009,-3371502849.49238,-3395757038.117337,-3420342602.990762,-3445266426.63275,-3470535558.53423,-3496157219.8486543,-3522138808.240738,-3548487902.8984904,-3575212269.715086,-3602319866.647433,-3629818849.258588,-3657717576.4515705,-3686024616.402417,-3714748752.700736,-3743898990.706408,-3773484564.1315374,-3803514941.857113,-3833999834.994413,-3864949204.201648,-3896373267.2668056,-3928282506.9683137,-3960687679.2256746,-3993599821.552807,-4027030261.827625,-4060990627.39192,-4095492854.4964647,-4130549198.107009,-4166172242.087709,-4202374909.779308,-4239170474.990488,-4276572573.421674,-4314595214.541738,-4353252793.939071,-4392560106.169817,-4432532358.127255,-4473185182.957695,-4514534654.549704,-4556597302.625091,-4599390128.461606,-4642930621.279128,-4687236775.323085,-4732327107.6806135,-4778220676.867434,-4824937102.225334,-4872496584.172935,-4920919925.354803,-4970228552.736877,-5020444540.699089,-5071590635.179389,-5123690278.926718,-5176767637.924138,-5230847629.047444,-5285955949.0286,-5342119104.798097,-5399364445.285088,-5457720194.759499,-5517215487.805927,-5577880406.025261,-5639746016.566458,-5702844412.598036,-5767208755.83643,-5832873321.256542,-5899873544.118655,-5968246069.455574,-6038028804.173952,-6109260971.935164,-6181983170.992991,-6256237435.178576,-6332067298.237067,-6409517861.736053,-6488635866.782085,-6569469769.7999935,-6652069822.649143,-6736488157.372062,-10156432871.737823,-10282529006.986856,-10411356608.81635,-10542997453.57096,-10677536558.4806,-10815062346.307444,-12602733648.26456,-12763481190.253462,-12927870917.120096,-13096017802.939417,-13268041680.4969,-13444067505.373585,-16145236303.216236,-16356510269.488417,-16572740361.2999,-16794094440.134031,-17020748056.995054,-17252884904.238113,-17490697299.912395,-19975400933.78344,-20252511107.264668,-20536570734.246807,-20827838450.497017,-21126585997.0835,-21433099070.49309,-22776826613.5163,-23118801350.598152,-23470021061.346226,-23830854769.88631,-24201691517.612778,-24582941749.465,-24859709266.756405,-25258691844.903645,-25669396923.27264,-26092337579.77441,-26528057493.32541,-26977133255.43998,-27440176890.63584,-28793016015.467987,-29305600778.697823,-29834711950.278164,-30381146046.027702,-30945751867.740047,-31529434820.451767,-32133161649.97576,-32757965646.64182,-37792637908.89678,-38541766667.87406,-39318854007.97863,-40125461259.9948,-40963263740.58969,-41834060607.3132,-42739785654.95991,-43682519146.65521,-44664500781.710266,-45688143911.472206,-46756051123.97931,-47871031328.06184,-76668779756.2136,-78449592723.38667,-80302799594.05556,-82232204539.10196,-84241809236.0361,-86335814936.3973,-73516648018.94664,-75554332729.18251,-77689571929.4167,-79928221867.06099,-82276487080.73149,-76950220055.16568,-79368048372.58946,-81915572082.08687,-84601319763.37177,-87434331237.43475,-113037065963.45757,-116527693720.27272,-120167806148.42429,-123960318593.85716,-127906681645.42204,-145397528397.65503,-149471768303.3552,-153610022595.3897,-157784807267.21317,-161958610569.14017,-173064253800.59677,-176295844647.3022,-179166629194.0136,-181534656036.3393,-183218267070.56644,-180375923971.53665,-182765663940.46783,-184030595551.48404,-183730696804.7049,-181289366645.26932,-175964514427.43518,-184955212113.3469,-182819040010.36508,-175293960872.96924,-159831538361.83603,-133424504128.90436,-92008721381.32233,-44499573954.87565,-7720601063.978285,-53979511.64549665,0.0
2904.0,-1498071859.2106252,-1505559940.5201936,-1513085000.8302894,-1520647487.1440425,-1528247855.4724011,-1535886571.026189,-1543564108.4123223,-1551280951.8342376,-1559037595.2966728,-1566834542.8148596,-1574672308.628266,-1582551417.4189558,-1590472404.5347047,-1598435816.2169538,-1606442209.8337443,-1614492154.1177158,-1622586229.409307,-1630725027.9052742,-1638909153.9126563,-1647139224.1082995,-1655415867.804098,-1663739727.2180524,-1672111457.751319,-1680531728.2713666,-1689001221.4013877,-1697520633.816142,-1706090676.5443304,-1714712075.277733,-1723385570.6871896,-1732111918.7456625,-1740891891.058504,-1749726275.2011323,-1758615875.064278,-1767561511.206997,-1776564021.2176404,-1785624260.082983,-1794743100.565695,-1803921433.590383,-1813160168.6384013,-1822460234.151671,-1831822577.945706,-1841248167.6321104,-1850737991.050752,-1860293056.711894,-1869914394.2485185,-1879603054.8791008,-1889360111.8811145,-1899186661.0755403,-1909083821.322666,-1919052735.029468,-1929094568.668876,-1939210513.311244,-1949401785.168337,-1959669626.150179,-1970015304.435078,-1980440115.053224,-1990945380.484177,-2001532451.268652,-2012202706.6349788,-2022957555.1406305,-2033798435.3292336,-2044726816.403504,-2055744198.9144995,-2066852115.4677184,-2078052131.4464235,-2089345845.752745,-2100734891.5670235,-2112220937.125917,-2123805686.5198133,-2135490880.5100784,-2147278297.36672,-2159169753.727069,-2171167105.4760447,-2183272248.6486754,-2195487120.3554926,-2207813699.731487,-2220254008.909305,-2232810114.0174294,-2245484126.204046,-2258278202.6874084,-2271194547.8334723,-2284235414.261621,-2297403103.979349,-2310699969.546777,-2324128415.27192,-2337690898.4376354,-2351389930.5612826,-2365228078.688033,-2379207966.718971,-2393332276.7750125,-2407603750.597809,-2422025190.988809,-2436599463.287673,-2451329496.891346,-2466218286.815057,-2481268895.296635,-2496484453.4455576,-2511868162.938177,-2527423297.7606583,-2543153206.001219,-2559061311.6933064,-2575151116.711421,-2591426202.721363,-2607890233.1867304,-2624546955.4336247,-2641400202.7755075,-2658453896.7003264,-2675712049.122031,-2693178764.6987486,-2710858243.2199464,-2728754782.0650005,-2746872778.735722,-2765216733.4654684,-2783791251.9075665,-2802601047.9059334,-2821650946.3508806,-2840945886.1231623,-2860490923.129565,-2880291233.433376,-2900352116.483274,-2920678998.4443054,-2941277435.634802,-2962153118.0732203,-2983311873.1391163,-3004759669.352581,-3026502620.27676,-3048546988.548172,-3070899190.039852,-3093565798.162505,-3116553548.3091564,-3139869342.4489794,-3163520253.876292,-3187513532.12096,-3211856608.026778,-3236557099.004696,-3261622814.4680347,-3287061761.457292,-3312882150.4624286,-3339092401.450903,-3365701150.1101904,-3392717254.3139286,-3420149800.8212776,-3448008112.219569,-3476301754.120883,-3505040542.623654,-3534234552.051065,-3563894122.9785504,-3594029870.563389,-3624652693.1900616,-3655773781.445827,-3687404627.441612,-3719557034.49433,-3752243127.187428,-3785475361.8275833,-3819266537.3162847,-3853629806.456223,-3888578687.713525,-3924127077.458005,-3960289262.704926,-3997079934.3832026,-4034514201.156304,-4072607603.8237777,-4111376130.332944,-4150836231.432114,-4191004836.9985614,-4231899373.076528,-4273537779.662738,-4315938529.279245,-4359120646.375892,-4403103727.607401,-4447907963.032984,-4493554158.289442,-4540063757.792023,-4587458869.020952,-4635762287.955327,-4684997525.720163,-4735188836.516882,-4786361246.91234,-4838540586.566474,-4891753520.484423,-4946027582.884781,-5001391212.782152,-5057873791.389198,-5115505681.4508095,-5174318268.631195,-5234344005.083528,-5295616455.341183,-5358170344.68004,-5422041610.112377,-5487267454.184998,-5553886401.767413,-5621938360.030011,-5691464681.827725,-5762508232.721444,-5835113461.887646,-5909326477.18669,-8940240517.357185,-9051722982.1982,-9165638105.587488,-9282059020.361729,-9401061781.447355,-9522725516.723652,-11130934016.696749,-11273525701.381489,-11419379611.680807,-11568599343.598955,-11721292917.548386,-11877573023.326822,-14345459207.288258,-14534150333.023602,-14727296212.87011,-14925048853.055883,-15127567326.319954,-15335018196.364542,-15547575973.662945,-17807206096.528904,-18055587998.92621,-18310241376.14432,-18571402957.001484,-18839321750.323982,-19114259867.47936,-20269905504.946423,-20577321220.31871,-20893175159.12849,-21217812003.16148,-21551595725.52037,-21894910979.376377,-22173130938.210663,-22532473139.7767,-22902540430.29701,-23283814162.664616,-23676805490.1063,-24082057728.388702,-24500148944.577675,-25673398807.15645,-26138468544.70037,-26618928824.569782,-27115549039.327576,-27629151584.621887,-28160616512.225506,-28710886672.92197,-29280973408.55368,-33934500416.94873,-34622072062.9741,-35336417537.65815,-36079136073.19528,-36851954906.08313,-37656741760.44651,-38495518735.07202,-39370477770.98861,-40283997901.03709,-41238664511.23756,-42237290876.50876,-43282942271.15817,-71807420768.07343,-73657321313.44469,-75595660154.2941,-77628396258.24829,-79761980468.79416,-82003401212.46674,-68261770164.89165,-70352339883.79184,-72561128347.51793,-74897250521.54118,-77370674261.61856,-71783022304.87323,-74300704585.67358,-76980302933.61574,-79835932038.89479,-82883196259.93712,-112355728986.46826,-116665119685.6348,-121249516566.88242,-126131098904.49812,-131333943209.13608,-156126958781.74353,-162472760071.7116,-169202675146.50632,-176339165311.2069,-183903224508.68152,-207598290733.292,-216037420360.9221,-224830293157.60068,-233934010029.9912,-243273965051.6026,-228655461222.87564,-239466654217.89304,-250506841081.6607,-261508312379.71927,-272029372896.91177,-281355877427.6535,-255949451715.0273,-271119458701.69977,-284219018231.98425,-292017043372.61725,-288410505278.5429,-260023932103.53397,-194121006460.02618,-83547078441.28845,-2862066857.7064514,0.0
2903.0,-1281511219.1667676,-1288137411.069995,-1294792998.902299,-1301478333.0036736,-1308193771.2715864,-1314939679.3281198,-1321716430.690733,-1328524406.946759,-1335363997.9316916,-1342235601.9113722,-1349139625.7681437,-1356076485.1910882,-1363046604.8704038,-1370050418.6960516,-1377088369.9607594,-1384160911.5674567,-1391268506.241294,-1398411626.746294,-1405590756.1067977,-1412806387.833756,-1420059026.1560526,-1427349186.2569003,-1434677394.515485,-1442044188.7539532,-1449450118.4898713,-1456895745.194301,-1464381642.5555985,-1471908396.7490964,-1479476606.7127953,-1487086884.429209,-1494739855.2135198,-1502436158.008183,-1510176445.684147,-1517961385.348834,-1525791658.6610684,-1533667962.1530962,-1541591007.559893,-1549561522.1559083,-1557580249.09947,-1565647947.784997,-1573765394.203236,-1581933381.3097296,-1590152719.401687,-1598424236.503508,-1606748778.7611485,-1615127210.8455665,-1623560416.3654675,-1632049298.2895956,-1640594779.378806,-1649197802.628176,-1657859331.719408,-1666580351.483786,-1675361868.3759727,-1684204910.9589243,-1693110530.4001918,-1702079800.9799528,-1711113820.6110418,-1720213711.371304,-1729380620.048637,-1738615718.699001,-1747920205.2177885,-1757295303.9249036,-1766742266.163908,-1776262370.9156382,-1785856925.4266665,-1795527265.8530366,-1805274757.919672,-1815100797.5959053,-1825006811.7875829,-1834994259.0461795,-1845064630.2954364,-1855219449.5760028,-1865460274.8085744,-1875788698.5760813,-1886206348.9254696,-1896714890.189608,-1907316023.829948,-1918011489.3005128,-1928803064.9338243,-1939692568.849457,-1950681859.885844,-1961772838.556038,-1972967448.028153,-1984267675.131207,-1995675551.387144,-2007193154.0698075,-2018822607.2917304,-2030566083.11952,-2042425802.7187824,-2054404037.529476,-2066503110.472606,-2078725397.1893072,-2091073327.313251,-2103549385.7774963,-2116156114.1568336,-2128896112.0467672,-2141772038.480305,-2154786613.383796,-2167942619.0730286,-2181242901.7909727,-2194690373.288446,-2208288012.449197,-2222038866.960822,-2235946055.033049,-2250012767.164996,-2264242267.963032,-2278637898.010951,-2293203075.7942524,-2307941299.6803684,-2322856149.9567614,-2337951290.928905,-2353230473.080226,-2368697535.296172,-2384356407.15466,-2400211111.2852697,-2416265765.799632,-2432524586.7955217,-2448991890.937373,-2465672098.115938,-2482569734.189997,-2499689433.8131337,-2517035943.3487024,-2534614123.876265,-2552428954.292944,-2570485534.513199,-2588789088.770828,-2607344969.0270333,-2626158658.4886403,-2645235775.2407084,-2664582075.997991,-2684203459.979877,-2704105972.9136944,-2724295811.1714315,-2744779326.045233,-2765563028.167235,-2786653592.079561,-2808057860.960634,-2829782851.5141907,-2851835759.027742,-2874223962.6075373,-2896955030.597418,-2920036726.1893773,-2943477013.233951,-2967284062.2590494,-2991466256.7062287,-3016032199.3939133,-3040990719.217525,-3066350878.097029,-3092121978.1829457,-3118313569.332527,-3144935456.8682866,-3171997709.631917,-3199510668.3471885,-3227484954.306302,-3255931478.394837,-3284861450.471454,-3314286389.119301,-3344218131.7871017,-3374668845.338933,-3405651037.032868,-3437177565.9497333,-3469261654.8946323,-3501916902.795161,-3535157297.621729,-3568997229.8569937,-3603451506.542983,-3638535365.936432,-3674264492.804609,-3710655034.396156,-3747723617.123456,-3785487363.9956775,-3823963912.844008,-3863171435.383383,-3903128657.1580887,-3943854878.421635,-3985369996.004859,-4027694526.229838,-4070849628.93126,-4114857132.6511006,-4159739561.07722,-4205520160.8013687,-4252222930.47769,-4299872651.468465,-4348494920.070394,-4398116181.421366,-4448763765.195296,-4500465923.200474,-4553251869.005767,-4607151819.728328,-4662197040.126876,-4718419889.1557,-4775853869.1466055,-4834533677.79939,-4894495263.175535,-4955775881.905634,-5018414160.8379135,-7596165971.645704,-7690304431.419047,-7786494317.171555,-7884796807.606536,-7985275514.696879,-8087996610.122272,-9475852924.617355,-9596219710.305382,-9719339515.73973,-9845299043.846642,-9974188685.20951,-10106102723.679691,-12267928323.108944,-12427745557.317852,-12591304069.257654,-12758730216.460976,-12930156217.049135,-13105720504.17085,-13285568106.936266,-15239394406.52213,-15449352430.484049,-15664542917.690212,-15885162090.753326,-16111416389.168468,-16343523163.589632,-17252174857.12639,-17511351424.73929,-17777605015.447754,-18051225237.554016,-18332518077.06769,-18621807098.71363,-18894139842.331127,-19196710691.023792,-19508247248.725266,-19829152227.155617,-20159853630.86847,-20500806814.39754,-20852496743.98724,-21769955999.62181,-22162030093.26616,-22567099479.665333,-22985820728.57554,-23418896661.03185,-23867080552.136604,-24331180797.76221,-24812066104.8671,-28801650096.95876,-29378974003.987232,-29978976531.31799,-30603060594.58552,-31252748167.644814,-31929692809.15134,-32635693731.62452,-33372711628.97835,-34142886512.445896,-34948557844.7248,-35792287309.18991,-36676884606.5744,-61788938149.81606,-63463681744.938095,-65226554283.28026,-67084330332.9908,-69044447205.32368,-71115082364.404,-58173952837.89687,-60040439225.52912,-62024491722.41735,-64136533012.81384,-66388138644.70432,-61307238418.59592,-63579760459.06918,-66016502422.95385,-68634084365.21764,-71451231033.157,-100096987440.50896,-104488736002.55652,-109222622335.94804,-114335084581.845,-119867545022.88773,-147421063636.45615,-154867807272.98102,-162946696187.25867,-171732203382.04028,-181309747210.0373,-213521513122.9154,-225873164638.36285,-239384258512.63745,-254193428384.3293,-270454298338.21136,-245339952865.9184,-263527880485.62912,-283842520398.04407,-306561908380.32336,-331962885518.4309,-360272150562.34143,-293515579184.7707,-327703922765.154,-367525147325.50006,-413090142487.8777,-462539968299.4496,-508694589033.54034,-521051926139.52734,-423124392131.225,-102679922385.40927,0.0
2902.0,-1060067488.849703,-1065801549.8217342,-1071557058.3664154,-1077334261.8761654,-1083133413.7259774,-1088954773.4129047,-1094798606.6986332,-1100665185.7551825,-1106554789.3138106,-1112467702.8172114,-1118404218.5750456,-1124364635.9229164,-1130349261.3848283,-1136358408.8392484,-1142392399.6888149,-1148451563.0337925,-1154536235.849371,-1160646763.16685,-1166783498.258862,-1172946802.828663,-1179137047.2036302,-1185354610.5330276,-1191599880.990169,-1197873255.979049,-1204175142.3455715,-1210505956.5934565,-1216866125.104953,-1223256084.366468,-1229676281.1991992,-1236127172.9949317,-1242609227.9570804,-1249122925.3471222,-1255668755.7365394,-1262247221.2643952,-1268858835.9006927,-1275504125.7156415,-1282183629.1549668,-1288897897.3214192,-1295647494.262632,-1302432997.2654624,-1309254997.156988,-1316114098.612322,-1323010920.4693933,-1329946096.0508804,-1336920273.493463,-1343934116.0845766,-1350988302.6068478,-1358083527.6904008,-1365220502.173245,-1372399953.4699087,-1379622625.9485795,-1386889281.3169014,-1394200699.016695,-1401557676.627807,-1408961030.2813168,-1416411595.082345,-1423910225.5427098,-1431457796.0236795,-1439055201.1890788,-1446703356.4690344,-1454403198.5345984,-1462155685.7835908,-1469961798.8378863,-1477822541.052514,-1485738939.036826,-1493712043.188096,-1501742928.2378554,-1509832693.8113182,-1517982465.0002472,-1526193392.9496143,-1534466655.4584515,-1542803457.5952551,-1551205032.3283572,-1559672641.1716738,-1568207574.8462577,-1576811153.9580889,-1585484729.692557,-1594229684.526121,-1603047432.9556017,-1611939422.2456355,-1620907133.1947966,-1629952080.920908,-1639075815.666123,-1648279923.6223192,-1657566027.7774334,-1666935788.7832894,-1676390905.8456264,-1685933117.6369178,-1695564203.2326975,-1705285983.0720737,-1715100319.9431684,-1725009119.9942305,-1735014333.7711904,-1745117957.2824826,-1755322033.0919487,-1765628651.4407053,-1776039951.398853,-1786558122.0479858,-1797185403.6954176,-1807924089.1211767,-1818776524.8587627,-1829745112.5107567,-1840832310.1004088,-1852040633.4603207,-1863372657.659488,-1874831018.46987,-1886418413.87384,-1898137605.6138349,-1909991420.7855856,-1921982753.4764087,-1934114566.450032,-1946389892.879531,-1958811838.1300128,-1971383581.5927155,-1984108378.5722823,-1996989562.22908,-2010030545.5783808,-2023234823.54848,-2036605975.0997343,-2050147665.4067128,-2063863648.105672,-2077757767.609676,-2091833961.4938123,-2106096262.9530103,-2120548803.3350768,-2135195814.751748,-2150041632.770577,-2165090699.190656,-2180347564.905312,-2195816892.855007,-2211503461.073869,-2227412165.8333898,-2243548024.887008,-2259916180.8194733,-2276521904.505053,-2293370598.678785,-2310467801.625304,-2327819190.98983,-2345430587.716223,-2363307960.117215,-2381457428.082168,-2399885267.427988,-2418597914.399066,-2437601970.32247,-2456904206.42483,-2476511568.8178053,-2496431183.659252,-2516670362.497667,-2537236607.8078275,-2558137618.726004,-2579381296.9935102,-2600975753.1179013,-2622929312.7615585,-2645250523.368003,-2667948161.0368075,-2691031237.658589,-2714509008.3222594,-2738390979.007352,-2762686914.574976,-2787406847.071875,-2812561084.3627048,-2838160219.1067386,-2864215138.096107,-2890737031.973708,-2917737405.3501134,-2945228087.339904,-2973221242.539263,-3001729382.467968,-3030765377.5004687,-3060342469.3122644,-3090474283.86967,-3121174844.9927545,-3152458588.523332,-3184340377.1320853,-3216835515.8011284,-3249959768.0209136,-3283729372.743101,-3318161062.133911,-3353272080.175684,-3389080202.1678123,-3425603755.181901,-3462861639.5300546,-3500873351.309556,-3539659006.091917,-3579239363.829375,-3619635855.0575457,-3660870608.4788656,-3702966480.018108,-3745947083.448292,-3789836822.693109,-3834660925.920314,-3880445481.549789,-3927217476.309826,-3975004835.486145,-4023836465.519891,-4073742299.1237993,-6143611308.050263,-6218090901.124908,-6294171153.216941,-6371898506.520571,-6451321204.319528,-6532489383.956257,-7664731252.389082,-7759413514.07722,-7856230345.570086,-7955246918.296377,-8056531099.668303,-8160153602.137685,-9951548455.674992,-10077140930.30788,-10205583120.130983,-10336967582.058683,-10471391043.220863,-10608954649.784904,-10749764234.286766,-12327998688.58945,-12491347544.14633,-12658589551.979462,-12829865054.182362,-13005321517.19002,-13185114012.5857,-13798854515.61082,-13998225969.199934,-14202845874.07096,-14412922772.036642,-14628676795.757772,-14850340515.464205,-15109828248.685152,-15341218369.290289,-15579178744.87811,-15823994079.75909,-16075966691.66744,-16335417948.718027,-16602689852.01888,-17200201576.3725,-17497655481.4442,-17804635873.588627,-18121612338.04783,-18449087297.629536,-18787599030.520607,-19137725031.08876,-19500085759.833366,-22591740982.73367,-23017859291.785484,-23460048129.195686,-23919300051.9382,-24396695011.07287,-24893410108.69665,-25410730643.47585,-25950062638.984364,-26512947081.90046,-27101076136.111004,-27716311645.225098,-28360706291.48608,-47107154513.31347,-48364988546.27216,-49692233283.46779,-51094698049.57113,-52578820738.6767,-54151749507.85617,-43823649883.60683,-45194053801.82658,-46657178418.91453,-48222127535.214615,-49899118607.2303,-46100451541.87722,-47782319248.72692,-49595781442.58936,-51555641841.59986,-53678781403.77041,-76162612394.20973,-79732420730.30531,-83617767445.11209,-87856958330.7534,-92494311991.44215,-116221141989.12468,-122907030102.98505,-130259910796.636,-138375320388.5923,-147367162197.90347,-178878151312.32407,-191428148176.4669,-205501917205.906,-221367369431.4007,-239355102089.17065,-211677363339.60025,-231475931929.896,-254514095551.0189,-281568077933.559,-313662596772.999,-352170018793.5077,-265246368691.3626,-307347998833.3053,-361519413463.42017,-432961258703.7954,-529830508504.7517,-671216435740.0015,-861585116175.9552,-1100627422975.3857,-1047654964585.0697,0.0
2901.0,-834577187.1187512,-839396172.6588843,-844228379.0600693,-849073945.7638066,-853933016.5173842,-858805739.4835079,-863692267.3523793,-868592757.4562798,-873507371.8867025,-878436277.6141057,-883379646.6103193,-888337655.9736941,-893310488.057015,-898298330.5982774,-903301376.8543556,-908319825.7376472,-913353881.9557548,-918403756.1542554,-923469665.0626558,-928551831.6435666,-933650485.2451992,-938765861.7572328,-943898203.7701424,-949047760.7380614,-954214789.1452404,-959399552.676208,-964602322.3896922,-969823376.8964044,-975063002.5407548,-980321493.586602,-985599152.40711,-990896289.6788278,-996213224.580065,-1001550284.9936604,-1006907807.7142678,-1012286138.660225,-1017685633.0901384,-1023106655.8242716,-1028549581.4708644,-1034014794.6574776,-1039502690.2674824,-1045013673.681833,-1050548161.0262008,-1056106579.4236478,-1061689367.252914,-1067296974.412496,-1072929862.5906072,-1078588505.5412033,-1084273389.3661726,-1089985012.803861,-1095723887.524077,-1101490538.4297228,-1107285503.9652152,-1113109336.431858,-1118962602.3103204,-1124845882.5904174,-1130759773.1083355,-1136704884.8915086,-1142681844.51132,-1148691294.4438195,-1154733893.4386497,-1160810316.8964007,-1166921257.2545662,-1173067424.382351,-1179249545.9845254,-1185468368.014558,-1191724655.097266,-1198019190.9612093,-1204352778.8810885,-1210726242.130386,-1217140424.4445257,-1223596190.4948106,-1230094426.3734114,-1236636040.089708,-1243221962.0782588,-1249853145.7187135,-1256530567.86797,-1263255229.404923,-1270028155.78809,-1276850397.6265044,-1283723031.2642102,-1290647159.3787029,-1297623911.5937295,-1304654445.1068015,-1311739945.3318448,-1318881626.557383,-1326080732.62069,-1333338537.598343,-1340656346.5136428,-1348035496.0613542,-1355477355.350268,-1362983326.6640725,-1370554846.2410483,-1378193385.0731444,-1385900449.724952,-1393677583.1731832,-1401526365.6672106,-1409448415.611308,-1417445390.469204,-1425518987.691606,-1433670945.667366,-1441903044.698996,-1450217108.0032496,-1458615002.7375088,-1467098641.05277,-1475669981.1740077,-1484331028.508765,-1493083836.7848144,-1501930509.2177815,-1510873199.709676,-1519914114.0792358,-1529055511.3251247,-1538299704.9229834,-1547649064.1573882,-1557106015.4898498,-1566673043.96396,-1576352694.6488996,-1586147574.1225157,-1596060351.9952655,-1606093762.4763288,-1616250605.983275,-1626533750.7967205,-1636946134.761435,-1647490767.035459,-1658170729.8888135,-1668989180.5534854,-1679949353.1263957,-1691054560.5271554,-1702308196.5124855,-1713713737.749233,-1725274745.9480166,-1736994870.0596073,-1748877848.5362291,-1760927511.660076,-1773147783.9414406,-1785542686.5888965,-1798116340.0541673,-1810872966.6543765,-1823816893.2744715,-1836952554.1528144,-1850284493.752968,-1863817369.724944,-1877555955.959238,-1891505145.737194,-1905669954.981373,-1920055525.6098008,-1934667128.9981167,-1949510169.553887,-1964590188.4075189,-1979912867.224463,-1995484032.1435907,-2011309657.8469305,-2027395871.7661653,-2043748958.4316385,-2060375363.969846,-2077281700.755796,-2094474752.2269096,-2111961477.8655293,-2129749018.3575056,-2147844700.9347563,-2166256044.9101515,-2184990767.41356,-2204056789.3384595,-2223462241.509014,-2243215471.0782447,-2263325048.168425,-2283799772.7657323,-2304648681.8817616,-2325881056.995522,-2347506431.7902417,-2369534600.2004614,-2391975624.7858005,-2414839845.448969,-2438137888.5168266,-2461880676.2046127,-2486079436.484876,-2510745713.3842363,-2535891377.7327867,-2561528638.392756,-2587670053.995069,-2614328545.2146063,-2641517407.617301,-2669250325.114783,-2697541384.065041,-2726405088.06063,-2755856373.449235,-2785910625.634945,-2816583696.2125783,-2847891920.9916053,-2879852138.9708257,-2912481712.330118,-2945798547.510972,-2979821117.463626,-3014568485.1451573,-3050060328.36005,-3086316966.042583,-4604656305.748911,-4657657345.70887,-4711754803.837021,-4766978293.292379,-4823358489.51213,-4880927183.004762,-5729262581.135759,-5795548718.455897,-5863267540.66544,-5932459239.742674,-6003165525.41986,-6075429705.199401,-7443028929.735037,-7530236597.713049,-7619269521.452004,-7710180597.693354,-7803024864.274131,-7897859618.885141,-7994744546.223972,-9141955343.785303,-9252473423.565578,-9365328425.08251,-9480594161.272509,-9598347780.224272,-9718669975.037107,-10004180898.67135,-10135044561.996653,-10268988682.347652,-10406122386.176426,-10546560301.968449,-10690422936.956335,-10930492582.909231,-11080005430.691977,-11233243175.686152,-11390345536.4572,-11551460012.351774,-11716742483.06707,-11886357868.504194,-12117750635.296797,-12304563401.03782,-12496664458.397827,-12694284321.993122,-12897668239.417969,-13107077492.010004,-13322790845.468275,-13545106171.70363,-15575468882.164215,-15821593948.52548,-16075448966.1833,-16337463596.500708,-16608105925.305777,-16887887129.126818,-17177366824.434635,-17477159213.336567,-17787940159.968582,-18110455356.800205,-18445529770.109493,-18794078590.127964,-28918762517.605537,-29570485245.56776,-30257232786.95844,-30982170928.00575,-31748844598.888084,-32561231685.65328,-26408838227.283203,-27072882484.71289,-27783795253.351776,-28546810587.739067,-29367874110.073902,-27466715239.84841,-28286200562.06444,-29173695499.53381,-30137901229.3778,-31188866678.66737,-42860960433.53013,-44779338720.66008,-46888359518.374565,-49213389624.170784,-51783980010.89625,-64975915062.40368,-68956662347.12903,-73372543096.06512,-78290381760.72572,-83791061175.08209,-103619752984.04936,-111631694557.6663,-120732656574.24036,-131139393123.72816,-143127994960.10828,-124532848043.96288,-137617353205.465,-153154575536.56616,-171836794018.0034,-194630612603.55933,-222922641231.5873,-160043381612.60187,-189552811144.68924,-229317749620.9108,-285129778162.7321,-367803108664.9496,-506961546138.8913,-744728576497.3937,-1247511443074.5176,-2683983829122.4653,0.0
2900.0,-605898997.3676997,-609787543.7853286,-613680897.536487,-617579086.474463,-621482141.0041375,-625390094.1600355,-629302981.6861751,-633220842.1177425,-637143716.8646197,-641071650.2968187,-645004689.8318566,-648942886.0241029,-652886292.6561457,-656834966.8322213,-660788969.0737439,-664748363.4169767,-668713217.5128933,-672683602.7292689,-676659594.2550548,-680641271.2070633,-684628716.7390418,-688622018.153149,-692621267.0139117,-696626559.2646903,-700637995.3467201,-704655680.320775,-708679723.991493,-712710241.034452,-716747351.1260138,-720791179.0760083,-724841854.9633329,-728899514.2744907,-732964298.0451611,-737036353.004832,-741115831.7246017,-745202892.7681558,-749297700.8460404,-753400426.9732568,-757511248.6302702,-761630349.9274977,-765757921.7733314,-769894162.0457964,-774039275.7678827,-778193475.286677,-782356980.4563035,-786530018.8248249,-790712825.8251283,-794905644.9699118,-799108728.0508392,-803322335.3419627,-807546735.8074832,-811782207.3139578,-816029036.8470392,-820287520.7328293,-824557964.8639688,-828840684.9305378,-833136006.6558808,-837444266.0374557,-841765809.5928097,-846100994.6107985,-850450189.4081492,-854813773.5914891,-859192138.3249415,-863585686.6034298,-867994833.5317916,-872420006.6098312,-876861646.0234429,-881320204.9419328,-885796149.8216707,-890289960.7162005,-894802131.5929785,-899333170.6568333,-903883600.6803486,-908453959.3412708,-913044799.5671312,-917656689.8872195,-922290214.7920763,-926945975.1006684,-931624588.3354248,-936326689.1052852,-941052929.4969816,-945803979.4746675,-950580527.2881628,-955383279.8899316,-960212963.3610514,-965070323.346321,-969956125.4987584,-974871155.9336731,-979816221.6925336,-984792151.2168728,-989799794.8324224,-994840025.2437494,-999913738.03961,-1005021852.20927,-1010165310.6700532,-1015345080.8063694,-1020562155.0204816,-1025817551.2953036,-1031112313.769478,-1036447513.3250496,-1041824248.187999,-1047243644.541964,-1052706857.1554314,-1058215070.0227288,-1063769497.0191332,-1069371382.570438,-1075022002.3372948,-1080722663.9146984,-1086474707.5469575,-1092279506.8585317,-1098138469.6010754,-1104053038.4171083,-1110024691.6206744,-1116054943.9954023,-1122145347.6103704,-1128297492.654199,-1134513008.287788,-1140793563.5161548,-1147140868.0797968,-1153556673.3660502,-1160042773.3409042,-1166601005.5017583,-1173233251.8515863,-1179941439.895032,-1186727543.6569116,-1193593584.7236736,-1200541633.3083124,-1207573809.3392897,-1214692283.5740116,-1221899278.737404,-1229197070.6861768,-1236587989.5993328,-1244074421.195523,-1251658807.9778466,-1259343650.5067005,-1267131508.7012932,-1275025003.1704593,-1283026816.573425,-1291139695.0111408,-1299366449.4488835,-1307709957.1707578,-1316173163.2668147,-1324759082.1534455,-1333470799.1277847,-1342311471.956799,-1351284332.501824,-1360392688.3792536,-1369639924.6581504,-1379029505.5955172,-1388564976.4100308,-1398249965.094996,-1408088184.2713482,-1418083433.0814972,-1428239599.1248846,-1438560660.4360776,-1449050687.5063057,-1459713845.3493185,-1470554395.6125374,-1481576698.7343965,-1492785216.1489544,-1504184512.5387304,-1515779258.1369083,-1527574231.0800033,-1539574319.812184,-1551784525.5425277,-1564209964.7564895,-1576855871.7830434,-1589727601.4189556,-1602830631.6118505,-1616170566.2037494,-1629753137.737003,-1643584210.324623,-1657669782.587227,-1672015990.6589954,-1686629111.2652998,-1701515564.874863,-1716681918.9296432,-1732134891.1559532,-1747881352.9606504,-1763928332.9166956,-1780283020.342801,-1796952768.9823947,-1813945100.7877305,-1831267709.8155808,-1848928466.2416816,-1866935420.5018785,-1885296807.5688064,-1904021051.3739352,-1923116769.385873,-1942592777.3570404,-1962458094.252178,-1982721947.373597,-2003393777.699748,-2024483245.4554496,-2046000235.9341605,-2067954865.594778,-3003515387.1609097,-3033775585.9830813,-3064592970.0142245,-3095979042.375044,-3127945567.2790127,-3160504578.8217025,-3704692942.7620726,-3740727197.7278414,-3777439015.4047103,-3814841582.991983,-3852948324.227144,-3891772903.756571,-4795324901.121901,-4841369814.548867,-4888135928.47597,-4935633364.989006,-4983872196.926338,-5032862426.009221,-5082613958.399949,-5760299795.152414,-5814060486.249268,-5868483843.82918,-5923572213.855588,-5979327204.9290695,-6035749605.484145,-5976973154.239972,-6034039045.215698,-6091834718.652094,-6150361172.4479685,-6209618261.662998,-6269604559.010547,-6483977177.639529,-6545330133.249123,-6607339338.376698,-6669988102.729162,-6733256869.7436285,-6797122899.108577,-6861559913.968261,-6703348999.620263,-6770361493.103392,-6838041176.614244,-6906356750.034355,-6975271644.827422,-7044743391.0665655,-7114722909.47488,-7185153719.602529,-8074359415.245273,-8126825355.807157,-8177990844.937494,-8227662213.993552,-8275627555.185478,-8321655109.764773,-8365491530.208822,-8406860011.435067,-8445458287.370256,-8480956491.047749,-8512994878.968268,-8541181423.93643,-8896575034.854628,-8847860619.925894,-8791356606.070314,-8726579021.033192,-8653031665.267803,-8570209230.10053,-7598221496.962163,-7456303167.368775,-7303530660.53677,-7139613531.132029,-6964315225.246495,-7266087607.488769,-7090720941.5421,-6901795055.482817,-6699077702.591654,-6482457166.172361,-4698950654.698379,-4466701195.165123,-4234035788.7284174,-4002919751.4232464,-3775619758.40448,-1870437594.8564773,-1863651718.899773,-1875136436.441347,-1905607328.1917,-1955627703.733584,-2518262899.979855,-2625956486.1794214,-2753665731.1279583,-2901005195.46488,-3067422613.09173,-2341615943.251575,-2512852913.315793,-2710264032.578284,-2932771629.937701,-3179226970.4763045,-3448635917.4378047,-2113741296.677781,-2380154879.882846,-2680015442.4193864,-3011801902.73506,-3383616938.8099484,-3900412518.1829963,-4498529248.673436,-5501826592.183245,-7779857278.465434,0.0
2899.0,-374907009.8201876,-377857540.10420704,-380804372.410388,-383747420.7977884,-386686600.071239,-389621825.8266776,-392553014.4975772,-395480083.4024944,-398402950.79377294,-401321535.9073916,-404235759.0139968,-407145541.47114754,-410050805.7767682,-412951475.6238568,-415847475.9564501,-418738733.02688015,-421625174.4543365,-424506729.28475785,-427383328.0520811,-430254902.8408513,-433121387.3502477,-435982716.95951295,-438838828.794836,-441689661.7976959,-444535156.79469216,-447375256.5688989,-450209905.9327424,-453039051.8024504,-455862643.2740778,-458680631.7011488,-461492970.7739253,-464299616.60034287,-467100527.78862107,-469895665.5315845,-472684993.6927196,-475468478.8939871,-478246090.6054214,-481017801.2365272,-483783586.2295302,-486543424.1544721,-489297296.8061905,-492045189.30323017,-494787090.1886555,-497522991.5328679,-500252889.038374,-502976782.1465928,-505694674.1466903,-508406572.2864844,-511112487.8854345,-513812436.4497605,-516506437.78968513,-519194516.13885975,-521876700.27596855,-524553023.64856017,-527223524.4991119,-529888245.9933639,-532547236.35094047,-535200548.9782851,-537848242.6039301,-540490381.4161283,-543127035.2028584,-545758279.4942471,-548384195.7073976,-551004871.293678,-553620399.8884704,-556230881.4633969,-558836422.4810588,-561437136.0522892,-564033142.0959505,-566624567.501268,-569211546.2927543,-571794219.7976941,-574372736.8162314,-576947253.7940614,-579517934.9977335,-582084952.6925722,-584648487.3232296,-587208727.6968712,-589765871.1689864,-592320123.8318433,-594871700.7055767,-597420825.9318879,-599967732.9703885,-602512664.7975438,-605055874.1082114,-607597623.5197762,-610138185.7788393,-612677843.9704586,-615216891.7298927,-617755633.456854,-620294384.5321834,-622833471.5369635,-625373232.4739791,-627914016.9915131,-630456186.6093926,-633000114.9472425,-635546187.9548699,-638094804.1447111,-640646374.8262532,-643201324.3423424,-645760090.3072803,-648323123.8466085,-650890889.8384428,-653463867.1562617,-656042548.9129809,-658627442.706187,-661219070.8643498,-663817970.6938565,-666424694.7266482,-669039810.9683064,-671663903.1463002,-674297570.9582195,-676941430.3196912,-679596113.6117282,-682262269.9272112,-684940565.3161659,-687631683.029514,-690336323.7609189,-693055205.886324,-695789065.7007792,-698538657.6520615,-701304754.5706476,-704088147.8954737,-706889647.8949449,-709710083.8825737,-712550304.4266204,-715411177.5530324,-718293590.9409387,-721198452.1099253,-724126688.5982202,-727079248.1309097,-730057098.7771785,-733061229.0955886,-736092648.2662227,-739152386.2085826,-742241493.6839,-745361042.380562,-748512124.9811888,-751695855.2098012,-754913367.8574537,-758165818.784558,-761454384.8980142,-764780264.1011517,-768144675.2143267,-771548857.8638928,-774994072.3371007,-778481599.4003301,-782012740.0778687,-785588815.3882735,-789211166.0351639,-792881152.0490692,-796600152.376735,-800369564.4140759,-804190803.4786685,-808065302.2174547,-811994509.9450221,-815979891.9074959,-820022928.4668248,-824125114.1998191,-828287956.906013,-832512976.5179511,-836801703.9071995,-841155679.5788198,-845576452.2466841,-850065577.281467,-854624615.0226245,-859255128.9451542,-863958683.6712879,-868736842.8166916,-873591166.6600481,-878523209.6242149,-883534517.5563909,-888626624.7939225,-893801051.0015585,-899059297.7650366,-904402844.9249616,-909833146.6338872,-915351627.1184868,-920959676.1274904,-926658644.0449164,-932449836.6467848,-938334509.4781284,-944313861.8256884,-950389030.2600602,-956561081.719444,-962831006.1053427,-969199708.3586674,-975667999.9826692,-982236589.9769772,-988906075.144631,-995676929.7315974,-1002549494.3554816,-1009523964.177339,-1016600376.2673532,-1023778596.11178,-1031058303.2049977,-1365921375.1896434,-1372777777.960304,-1379637155.8825057,-1386492505.8314855,-1393336270.859693,-1400160304.342768,-1628779927.133721,-1633633814.050275,-1638389783.663901,-1643033547.5885713,-1647549761.495824,-1651921953.7095313,-2065802409.236696,-2069409514.3119216,-2072611928.7115152,-2075376844.4558003,-2077669243.2441888,-2079451738.25873,-2080684402.943759,-2268861931.032629,-2264420949.674779,-2258956291.800016,-2252399969.748268,-2244679341.677618,-2235716752.6145754,-1835311432.3654983,-1817007045.385883,-1797069523.3335357,-1775393473.9589088,-1751865971.5269048,-1726365931.0486658,-1908940578.0783248,-1880616855.9451888,-1849900147.9695697,-1816622522.9122765,-1780603158.6567876,-1741647178.714146,-1699544365.99866,-1153840046.6541126,-1099394319.4947574,-1041033397.727214,-978473496.9966449,-911406767.195978,-839498870.6113046,-762386277.319311,-679673240.6273847,-433710281.7650694,-294999409.3184544,-146398555.42125037,12865373.67533272,183636409.91208044,366837100.0429124,563477003.5157335,774662237.5459608,1001606214.6992152,1245641741.0725665,1508234670.003955,1790999337.9807885,11031737778.159073,11757844314.648046,12533058596.287964,13361471561.248123,14247586616.98788,15196370021.344336,10740933990.605207,11650796625.68324,12628028179.104954,13678597568.655254,14809125458.82512,12396228733.4357,13522287644.874325,14742385675.296984,16066010538.375813,17503849809.36284,32501528788.045944,34876834473.54223,37450949894.64072,40246539894.17039,43289938694.01064,61009267184.62733,65109959812.16895,69613780356.03204,74585237566.62343,80103135120.75517,99094927949.19173,107022593992.7019,116000330389.68964,126245499658.04356,138035755414.68637,120553666382.02356,133442769827.09058,148733546970.24078,167123185358.0296,189585656054.6556,217517739461.209,156613846310.91092,185760964107.97284,225109959576.6644,280484932068.4634,362740656733.1895,501453778191.89874,739076542062.367,1242165009649.852,2681000031325.5225,0.0
2898.0,-142483741.05795336,-144496589.2957971,-146497239.80917,-148485492.13247466,-150461144.71515107,-152423994.93368888,-154373839.104043,-156310472.49446607,-158233689.3387301,-160143282.84977794,-162039045.2337649,-163920767.70453167,-165788240.49847817,-167641252.88985753,-169479593.20648313,-171303048.84585094,-173111406.29167652,-174904451.13084102,-176681968.0707605,-178443740.95714927,-180189552.7922032,-181919185.7531886,-183632421.2114222,-185329039.75166392,-187008821.19189072,-188671544.60345995,-190316988.33166143,-191944930.01664305,-193555146.61469567,-195147414.41990805,-196721509.0861684,-198277205.64950824,-199814278.5507717,-201332501.6586057,-202831648.2927549,-204311491.2476512,-205771802.8162721,-207212354.8142633,-208632918.60430348,-210033265.1206864,-211413164.8941213,-212772388.07669485,-214110704.4670052,-215427883.5354283,-216723694.4494853,-217997906.0992956,-219250287.1230799,-220480605.9326725,-221688630.7390301,-222874129.5776832,-224036870.3340931,-225176620.7688881,-226293148.54292405,-227386221.24212503,-228455606.40206635,-229501071.5322308,-230522384.13991213,-231519311.7536809,-232491621.94637084,-233439082.3575228,-234361460.7152084,-235258524.8571852,-236130042.7512805,-236975782.5149523,-237795512.43394125,-238589000.9799112,-239356016.827008,-240096328.8672371,-240809706.2245488,-241495918.26754308,-242154734.62066984,-242785925.1738187,-243389260.09016573,-243964509.81216288,-244511445.0655197,-245029836.8610504,-245519456.49422765,-245980075.54229045,-246411465.85873863,-246813399.5650493,-247185649.03943312,-247527986.90242183,-247840185.9991156,-248122019.37786305,-248373260.2651577,-248593682.0365137,-248783058.18309343,-248941162.27381325,-249067767.91266787,-249162648.69100904,-249225578.13443017,-249256329.6440268,-249254676.4316229,-249220391.448686,-249153247.30853248,-249053016.2014573,-248919469.8024017,-248752379.1707132,-248551514.64159524,-248316645.7087518,-248047540.8977684,-247743967.62969887,-247405692.0743416,-247032478.9926217,-246624091.5675068,-246180291.2228172,-245700837.42928243,-245185487.49715424,-244633996.3546436,-244046116.31142843,-243421596.80641723,-242760184.13892472,-242061621.18237472,-241325647.0795734,-240551996.9185864,-239740401.38815463,-238890586.41156995,-238002272.7578268,-237075175.6288589,-236109004.22155595,-235103461.26318765,-234058242.5188434,-232973036.2693304,-231847522.75796807,-230681373.60457563,-229474251.1848793,-228225807.9734748,-226935685.8483357,-225603515.3547988,-224228914.92679656,-222811490.06301343,-221350832.45546043,-219846519.0679059,-218298111.16133893,-216705153.26359868,-215067172.08001783,-213383675.3418671,-211654150.5890788,-209878063.88363,-208054858.4496748,-206183953.2363156,-204264741.398674,-202296588.6926373,-200278831.7783885,-198210776.4275499,-196091695.628438,-193920827.58362505,-191697373.5936145,-189420495.82009548,-187089314.9218332,-184702907.55582696,-182260303.73590565,-179760484.040496,-177202376.66071445,-174584854.27947253,-171906730.7716456,-169166757.71476334,-166363620.69903582,-163495935.42480093,-160562243.57476634,-157561008.44759345,-154490610.33856773,-151349341.6521458,-148135401.73026103,-144846891.37920403,-141481807.07683223,-138038034.8406691,-134513343.7362427,-130905379.0036478,-127211654.77893583,-123429546.3853811,-119556282.16811717,-115588934.84383672,-111524412.3354491,-107359448.0596192,-103090590.6329652,-98714192.96046288,-94226400.66718298,-89623139.8318891,-84900103.97824568,-80052740.27645153,-75076234.90484846,-69965497.51773658,-64715144.761841685,-59319482.78004733,-53772488.636659056,-48067790.59396672,-42198647.16495055,-36157924.86165583,-29938074.55306071,-23531106.340124965,-16928562.848998874,-10121490.83621347,-3100410.991862446,4144714.181697339,11624514.547181845,281541741.5284324,298132952.667035,315269801.9238239,332977290.2738084,351281751.62255794,370210930.712194,459345350.0689495,485641568.5717952,512797857.5655049,540854875.8053817,569855549.6346492,599845213.8656719,685782007.5457841,724340922.8552699,764393968.2130886,806014117.9015735,849278504.7655193,894268696.4257125,941070993.1879514,1243335167.18999,1304906001.5069487,1369094841.7433643,1436033094.248198,1505860173.2019155,1578724084.3929868,2299295567.484017,2390786566.648889,2486118005.53482,2585489923.003721,2689115272.1206493,2797220932.5737767,2652427646.3025093,2767197614.0817866,2887157095.5142694,3012604700.530859,3143860034.359657,3281265501.486061,3425188295.0363,4329951039.419164,4500045620.30714,4678193304.582,4864891172.805711,5060675138.357537,5266123684.529775,5481862029.9809,5708566779.127696,7005769431.94011,7318032397.032335,7647307569.835286,7994808825.365316,8361858823.722013,8749900774.438839,9160511681.208384,9595417278.832151,10056508908.423748,10545862617.281942,11065760817.712091,11618716895.971577,29005052180.22632,30272672374.85216,31619431753.88272,33051909863.137924,34577366308.21351,36203825636.73344,26875755801.74403,28382632624.11832,29998655766.96231,31733972253.88995,33599897771.81983,29558449452.76644,31418683578.43167,33432397355.490925,35615875837.5684,37987559559.58389,62971141445.60797,66947692699.80727,71265023776.13249,75961988996.94789,81083256500.37234,110946041268.89037,118040373613.14464,125788874801.63672,134282851603.97298,143631695442.02423,175077303780.78336,187926817122.63507,202267127692.03656,218363052950.44235,236543383800.96707,209030407380.05338,229072071674.6139,252296286638.97705,279480746303.0167,311657319785.3608,350213013602.6285,263535367608.6347,305758418423.35,359954774360.3143,431381614063.5076,528292344695.3064,669869759644.0144,860905595907.0411,1101048216704.4236,1048260907965.313,0.0
2897.0,90486999.99533652,89403548.22629428,88340689.9179945,87298739.29281259,86278013.48664069,85278832.57019591,84301519.57061672,83346400.49336791,82413804.34447479,81504063.15308642,80617511.99440145,79754489.01296353,78915335.44635177,78100395.64927745,77310017.1181171,76544550.51589155,75804349.69772363,75089771.7367971,74401176.95082355,73738928.9290824,73103394.56000638,72494944.05939245,71913950.99923038,71360792.33720279,70835848.44687808,70339503.14862537,69872143.74130845,69434161.03475833,69025949.38310766,68647906.71898293,68300434.58864164,67983938.18804824,67698826.3999834,67445511.832201,67224410.85669398,67035943.65013194,66880534.23549676,66758610.52501428,66670604.36439955,66616951.5785104,66598092.0184499,66614469.61021054,66666532.40490806,66754732.63068819,66879526.746391416,67041375.49704027,67240743.9712447,67478101.66061401,67753922.52125597,68068685.03747094,68422872.28773332,68816972.01306629,69251476.68791902,69726883.59366035,70243694.89479935,70802417.71806943,71403564.2344917,72047651.74455607,72735202.76666796,73466745.12898517,74242812.06482565,75063942.31177294,75930680.21467483,76843575.832685,77803185.05053723,78810069.69424081,79864797.6513915,80967942.99628997,82120086.12010491,83321813.86628222,84573719.67143512,85876403.71197283,87230473.05668545,88636541.82558799,90095231.35527694,91607170.3710773,93172995.16629052,94793349.78886926,96468886.23580086,98200264.65559363,99988153.55916633,101833230.03955388,103736180.00079322,105697698.39638972,107718489.47779752,109799267.05334117,111940754.7580533,114143686.33488023,116408805.92778742,118736868.38725674,121128639.58875597,123584896.76471198,126106428.85061944,128694036.84588575,131348534.1900717,134070747.1552105,136861515.25491762,139721691.67103124,142652143.69856548,145653753.20979965,148727417.13834476,151874047.98408675,155094574.33993948,158389941.44139433,161761111.73987544,165209065.5009818,168734801.42876244,172339337.317145,176023710.72983408,179788979.70989454,183636223.52043056,187566543.4177643,191581063.45860004,195680931.342762,199867319.293108,204141424.9744152,208504472.4529589,212957713.19875968,217502427.132464,222139923.718956,226871543.1099184,231698657.3376376,236622671.5625333,241645025.3769212,246767194.16774285,251990690.54108903,257317065.81149733,262747911.5591713,268284861.25842857,273929591.9808625,279683826.1768916,285549333.5395695,291527932.9547187,297621494.5417212,303831941.7894498,310161253.7921903,316611467.5905466,323184680.62268496,329883053.29154587,336708811.65395045,343664250.2378925,350751734.994643,357973706.3926641,365332682.6607626,372831263.18831134,380472132.0908128,388258061.9495951,396191917.73490846,404276660.9222403,412515353.8122703,420911164.065456,429467369.46295184,438187362.9061864,447074657.6682624,456132892.9110289,465365839.4825863,474777406.01088536,484371645.3099566,494152761.1164306,504125115.17502505,514293234.69285285,524661820.1836232,535235753.72417474,546020107.6471233,557020153.6949419,568241372.6624043,579689464.5559844,591370359.3007221,603290228.0269036,615455494.9711154,627872850.0283836,640549261.994532,653491992.5404483,666708610.962713,680207009.7579386,693995421.0713308,708082434.0733835,722477013.3221947,737188518.1727782,752226723.2989314,767601840.3976727,783324541.1510737,799405981.525449,815857827.4934766,832692282.2707436,849922115.1646662,867560692.1406852,885622008.2181029,904120721.815978,923072191.1782552,942492513.0166528,962398563.520096,982808041.8904248,1003739516.5760854,1025212474.3884908,1047247372.6996716,1912132618.6259823,1951599224.174657,1992134353.72268,2033779628.0131583,2076578697.143284,2120577354.9247065,2520365144.995352,2576832251.068528,2634875678.1333346,2694559863.829465,2755952559.449584,2819125028.2375507,3399387267.3925385,3478327727.559056,3559760366.685139,3643792925.129367,3730538879.085894,3820117805.02315,3912655771.721792,4687757967.952018,4802987443.266401,4922243309.767569,5045708575.464603,5173576721.502933,5306052433.210578,6307843122.406954,6466804668.786494,6631508576.392767,6802229392.652522,6979258355.92803,7162904643.575548,7061686466.668977,7255296997.169856,7456440175.127625,7665512490.521097,7882936659.513162,8109163770.562901,8344675642.959744,9555350944.490494,9828498910.576653,10113050499.179155,10409653690.11889,10719003999.846691,11041848835.87621,11378992332.944729,11731300733.182396,13934016405.574957,14389854718.349491,14867607070.17356,15368724276.972977,15894781540.228731,16447491609.170183,17028719588.096352,17640499624.162113,18285053748.87065,18964813191.24504,19682442533.57815,20440867143.45275,43536568136.86588,45128155822.46368,46810873303.312126,48591944382.60539,50479314658.3344,52481738205.024055,39522580922.41993,41360301237.04804,43324211891.84126,45425876191.62851,47678174455.77413,42774793126.56766,45028628105.6655,47459527437.075424,50086005828.84792,52928984707.339226,82462495316.31151,87105282103.76004,92129425739.89343,97575771566.50456,103490519401.95224,138072426998.34247,146272330686.88617,155135537946.653,164732661863.5063,175143961409.47272,208279492831.72592,221502837006.4866,235883976276.7474,251549771023.6381,268640492068.3375,242275597786.106,261433345126.1214,282665569047.4462,306225298773.9964,332364583830.70776,361288515135.7328,292370713778.7119,327575523991.9458,368150086348.0444,414162138817.2069,463760147468.1512,509750950932.05237,521823612346.85266,423352002407.7324,102332323154.06586,0.0
2896.0,323127327.51202846,322957080.3575498,322815620.09225845,322703372.42848265,322620767.7913612,322568241.3729074,322546233.1870384,322555188.12561285,322595556.01550364,322667791.6767285,322772354.98170686,322909710.9156263,323080329.6380131,323284686.545493,323523262.33582425,323796543.0732208,324105020.2550063,324449190.8796737,324829557.51634765,325246628.37575126,325700917.3826909,326192944.2501216,326723234.5548539,327292319.8149488,327900737.5688678,328549031.4564297,329237751.3016559,329967453.1975305,330738699.59280014,331552059.38083005,332408107.99062467,333307427.4800761,334250606.6315236,335238241.04969704,336270933.26214623,337349292.8222356,338473936.4147904,339645487.9645064,340864578.74721193,342131847.5040853,343447940.5589423,344813511.93869674,346229223.4971261,347695745.04203606,349213754.4659829,350783937.88065755,352406989.755078,354083613.0577314,355814519.4028127,357600429.2007015,359442071.8128561,361340185.7112688,363295518.6426574,365308827.7975888,367380879.984691,369512451.8101641,371704329.8627873,373957310.9046228,376272202.06764245,378649821.056486,381090996.3576039,383596567.4550069,386167385.052886,388804311.30537033,391508220.0536712,394279997.0709325,397120540.3150475,400030760.18976057,403011579.8143878,406063935.3024738,409188776.0497098,412387065.0315323,415659779.1107023,419007909.3553053,422432461.36756754,425934455.6238905,429514927.8265587,433174929.26758265,436915527.2051244,440737805.25304914,444642863.78405154,448631820.3469691,452705810.0987693,456865986.25186014,461113520.5372644,465449603.68435407,469875445.9177518,474392277.4721185,479001349.12553096,483703932.7521944,488501321.895268,493394832.3606278,498385802.8323941,503475595.5111185,508665596.7755431,513957217.8689109,519351895.6108006,524851093.1355692,530456300.6584518,536169036.2705102,541990846.7635773,547923308.4864644,553968028.2337373,560126644.1684024,566400826.7799358,572792279.8791355,579302741.6313558,585933985.629733,592687822.0101218,599566098.6094962,606570702.1696932,613703559.5884342,620966639.2196678,628361952.2253612,635891553.9809724,643557545.5369775,651362075.1388373,659307339.8080469,667395586.9869279,675629116.2499826,684010281.0848105,692541490.745649,701225212.1828612,710063972.0517397,719060358.8042753,728217024.8676372,737536688.9133568,747022138.2213707,756676231.1433282,766501899.6697595,776502152.1059718,786680075.8617637,797038840.3603296,807581700.0720347,818311997.6789594,829233167.3765485,840348738.3189132,851662338.2147951,863177697.081497,874898651.1645296,886829147.0311635,898973245.8464496,911335127.8408408,923919096.9789964,936729585.839904,949771160.7190232,963048526.963776,976566534.5543344,990330183.9423436,1004344632.1609784,1018615199.2204412,1033147374.8039356,1047946825.2798864,1063019401.0472794,1078371144.2318387,1094008296.7519004,1109937308.7739778,1126164847.5791435,1142697806.8627222,1159543316.491118,1176708752.7410154,1194201749.047845,1212030207.2919793,1230202309.6529543,1248726531.0638542,1267611652.3000832,1286866773.7388542,1306501329.8280618,1326525104.305684,1346948246.2134895,1367781286.7516444,1389035157.023876,1410721206.726061,1432851223.8346071,1455437455.3546786,1478492629.192377,1502029977.2191806,1526063259.6016278,1550606790.4741132,1575675465.037941,1601284788.1755471,1627450904.6748228,1654190631.165136,1681521489.8736825,1709461744.3184028,1738030437.061977,1767247429.6601958,1797133444.9475884,1827710111.813465,1859000012.632695,1891026733.5275068,1923814917.6496632,1957390321.686384,1991779875.80863,2027011747.2969308,2063115408.0977805,3499647464.765972,3560826876.180668,3623553252.45314,3687882673.315193,3753873820.703309,3821588121.4393086,4515960481.280903,4600720366.200808,4687697270.764583,4776975526.346267,4868643588.012639,4962794273.635921,6016776795.466672,6132910113.691695,6252394188.004468,6375363978.590755,6501961269.984838,6632335086.256967,6766642136.352117,7979916892.016931,8143186899.321522,8311628939.493883,8485462239.728213,8664917871.19618,8850239535.646482,10079457115.3622,10297099609.938692,10521962276.134928,10754368150.641249,10994658778.623232,11243195521.198896,11190897850.37237,11452042056.260492,11722458575.743357,12002601282.474018,12292952158.72273,12594023450.397217,12906360022.664396,14348965290.90762,14707014705.274015,15078786891.168833,15465004871.1324,15866440946.600328,16283920898.460176,16718328622.774685,17170611254.9144,20092351085.571594,20653465079.8408,21238803995.66544,21849829018.212013,22488117013.557564,23155372032.0327,23853438184.52088,24584314080.67844,25350169047.255783,26153361378.918327,26996458914.118298,27882262275.78981,53735394589.681694,55401262958.65281,57150472298.53836,58988923204.85924,60923045983.98937,62959856827.71192,48061031902.176,49930197277.73281,51914576355.31203,54023970905.62827,56269225575.08757,51372012939.803154,53636086960.72232,56060079677.41059,58659496923.194405,61451708285.04511,89363133198.5082,93614119851.81418,98175474322.08148,103075963588.73112,108347211905.35352,138034964647.30896,145260792466.33667,152963652316.24234,161169616495.42935,169901996692.15836,195290117579.80624,205106027240.08688,215365117811.8101,226013306399.3312,236958617353.0021,219533784552.8325,232172335377.01025,245105548308.2711,258016246869.50787,270393891753.17545,281434124207.1933,250381815411.79263,268123245819.91867,283556360851.00305,293156614330.3647,290506601107.0162,261971527747.02426,195012352169.42044,83399164892.3577,2806291910.2328467,0.0
2895.0,554572501.4092505,555291492.1017646,556047163.9080813,556840050.2860751,557670691.149913,558539632.9557464,559447428.7890248,560394638.4534662,561381828.5617603,562409572.6280158,563478451.1620433,564589051.7654912,565741969.2299191,566937805.6368388,568177170.4598,569460680.6685798,570788960.8355228,572162643.2441226,573582367.9998853,575048783.1435658,576562544.7668418,578124317.1304898,579734772.7851616,581394592.694823,583104466.3629487,584865091.9615529,586677176.4631538,588541435.7757509,590458594.8809215,592429387.9751381,594454558.6143972,596534859.8622738,598671054.4415156,600863914.8892847,603114223.7161663,605422773.5690699,607790367.3981522,610217818.6278874,612705951.3324264,615255600.4153895,617867611.794226,620542842.589324,623282161.3179834,626086448.093456,628956594.8292099,631893505.4485844,634898096.1000335,637971295.3781334,641114044.5505707,644327297.7912905,647612022.4200433,650969199.1485198,654399822.3333365,657904900.2360816,661485455.2906725,665142524.3782933,668877159.1101592,672690426.1183908,676583407.3552904,680557200.4012955,684612918.7819409,688751692.2941246,692974667.342033,697283007.2830484,701677892.783996,706160522.1881313,710732111.8932091,715393896.7410542,720147130.4190679,724993085.8740665,729933055.7389164,734968352.7724499,740100310.3130996,745330282.7468033,750659645.9896802,756089797.986003,761622159.2220784,767258173.2565675,772999307.2679005,778847052.6194028,784802925.4427879,790868467.2407123,797045245.5091031,803334854.3800138,809738915.2857565,816259077.6451353,822897019.5726167,829654448.611306,836533102.4906251,843534749.9096693,850661191.3471874,857914259.8992419,865295822.1456016,872807779.0459847,880452066.8673049,888230658.143135,896145562.6666546,904198828.5183762,912392543.1300278,920728834.3860276,929209871.764027,937837867.5160804,946615077.892066,955543804.407044,964626395.1543174,973865246.1660402,983262802.823312,992821561.3177288,1002544070.1665492,1012432931.7836158,1022490804.1083508,1032720402.295236,1043124500.4662528,1053705933.528924,1064467599.0626928,1075412459.276522,1086543543.0406885,1097863947.9959354,1109376842.7432823,1121085469.117915,1132993144.5507808,1145103264.5216646,1157419305.107737,1169944825.6316876,1182683471.413834,1195638976.6327772,1208815167.299399,1222215964.3492188,1235845386.8584323,1249707555.38915,1263806695.4696798,1278147141.2159986,1292733339.100804,1307569851.8769937,1322661362.66259,1338012679.194707,1353628738.2603557,1369514610.3124452,1385675504.279653,1402116772.5794349,1418843916.3438044,1435862590.8681407,1453178611.2937608,1470797958.535633,1488726785.467217,1506971423.3750486,1525538388.696427,1544434390.0543113,1563666335.6042628,1583241340.7092266,1603166735.958699,1623450075.5499215,1644099146.0496302,1665121975.5560813,1686526843.2821102,1708322289.5812917,1730517126.4405508,1753120448.4638803,1776141644.3734405,1799590409.055759,1823476756.18254,1847811031.4372408,1872603926.3806856,1897866492.9908264,1923610158.914076,1949846743.4679177,1976588474.4369743,2003848005.707429,2031638435.7874608,2059973327.264472,2088866727.2531145,2118333188.891583,2148387793.947428,2179046176.598087,2210324548.4556923,2242239724.910203,2274809152.869957,2308050939.983936,2341983885.4357886,2376627512.405679,2412002102.3026514,2448128730.8772216,2485029306.3314333,2522726609.551876,2561244336.5998106,2600607143.6020947,2640840694.196737,2681971709.697888,2724028022.1569514,2767038630.5092683,2811033760.009596,2856044925.1746206,2902104996.466817,2949248270.9714108,2997510547.3372383,3046929205.272654,5019090734.380388,5100276815.810797,5183427432.721117,5268610313.093765,5355896204.321105,5445359034.204989,6409945358.857493,6520308144.838169,6633427972.258674,6749404166.113655,6868340698.468875,6990346448.861169,8483491907.5718975,8632399639.759857,8785338882.981522,8942462769.175783,9103931786.677118,9269914205.504454,9440586531.881386,11042603373.598074,11246513025.78802,11456422910.332447,11672571137.15278,11895207867.454346,12124596063.416698,13516349345.551476,13781456487.315912,14054758871.660566,14336599164.123444,14627338316.322254,14927356760.367851,14928414488.30909,15242983619.738628,15567872692.45516,15903549922.30474,16250510211.106512,16609277003.39862,16980404298.228825,18565926268.9647,18986792525.993187,19422544851.074863,19873903002.69945,20341631128.84753,20826541129.581085,21329496324.418507,21851415456.82127,25286988151.50732,25911302946.302464,26559601719.857525,27233151728.854893,27933306582.19033,28661513584.91836,29419321834.17752,30208391155.291576,31030501977.436337,31887566260.881992,32781639602.02121,33714934658.325188,59391981028.465126,60904503185.268265,62476438596.58451,64110907293.881485,65811211382.26228,67580842171.0114,52586839364.67124,54224280044.257805,55942539483.841644,57747091403.20296,59643853318.21711,55514717083.01912,57454701736.21663,59503593311.9043,61669711426.28498,63962103872.457375,85066597879.50377,88058196570.42728,91205332186.69574,94515877780.2738,97997323922.01396,113466643019.069,117973390971.5494,122669066417.86188,127542388394.56548,132573398450.17618,145327407666.54913,149788826825.73474,154101129848.81818,158139692523.9959,161737137962.42496,155443355411.6581,159918622713.66327,163617544850.84424,166106448458.44537,166790079847.10104,164867379308.69086,164409833630.84808,166399147703.25476,163609430419.764,153179745102.35248,131458021014.10892,93636191070.12221,46828402875.34019,8745562635.308092,11382282.15358119,0.0
2894.0,783978081.7463431,785554785.6176236,787175671.3725064,788841375.0354747,790552540.7493829,792309820.8911273,794113876.1895288,795965375.8455113,797864997.6546239,799813428.1319845,801811362.6396973,803859505.5168178,805958570.2119452,808109279.4184942,810312365.2127488,812568569.194751,814878642.6321182,817243346.6068789,819663452.1653872,822139740.4714388,824673002.9626584,827264041.5102556,829913668.5822542,832622707.410301,835391992.1601406,838222368.1058869,841114691.8081902,844069831.2964218,847088666.2549984,850172088.2139571,853321000.7439432,856536319.6556984,859818973.2042303,863169902.297773,866590060.7117217,870080415.3076494,873641946.2576172,877275647.273889,880982525.8442694,884763603.4732047,888619915.9288464,892552513.4962654,896562461.2370088,900650839.2551982,904818742.9703912,909067283.3974133,913397587.43339,917810798.152202,922308075.106624,926890594.6383896,931559550.1964225,936316152.6635346,941161630.6918542,946097231.047266,951124218.9631664,956243878.5038722,961457512.93794,966766445.1218054,972172017.8940364,977675594.4805676,983278558.9113172,988982316.4485196,994788294.0272316,1000697940.7083832,1006712728.1448138,1012834151.0607684,1019063727.745274,1025403000.5598984,1031853536.4614028,1038416927.5397758,1045094791.5722108,1051888772.5935864,1058800541.4839876,1065831796.5739368,1072984264.267902,1080259699.6867545,1087659887.3298364,1095186641.757381,1102841808.293925,1110627263.7535725,1118544917.1878085,1126596710.656727,1134784620.0245063,1143110655.780001,1151576863.8833902,1160185326.6398025,1168938163.6009398,1177837532.4957087,1186885630.1909213,1196084693.6832185,1205437001.1233115,1214944872.8738189,1224610672.6018906,1234436808.407961,1244425733.9919736,1254579949.8585062,1264902004.5622544,1275394495.9954126,1286060072.7185686,1296901435.3367288,1307921337.9222813,1319122589.4866295,1330508055.502444,1342080659.4784474,1353843384.58882,1365799275.3593402,1377951439.412498,1390303049.2739017,1402857344.242414,1415617632.326543,1428587292.2497349,1441769775.5273235,1455168608.6180582,1468787395.1531482,1482629818.2460482,1496699642.886249,1511000718.420494,1525536981.125034,1540312456.8726966,1555331263.898685,1570597615.6692271,1586115823.8574023,1601890301.4306238,1617925565.854555,1634226242.4183457,1650797067.686428,1667642893.0822842,1684768688.6098723,1702179546.7187123,1719880686.318874,1737877456.9524522,1756175343.128439,1774779968.8281994,1793697102.189227,1812932660.375079,1832492714.6399648,1852383495.596767,1872611398.6978,1893182989.9380305,1914105011.7910533,1935384389.388626,1957028236.955116,1979043864.5088265,2001438784.8428729,2024220720.7988188,2047397612.8471687,2070977626.989412,2094969162.997269,2119380863.0055327,2144221620.4758964,2169500589.5500693,2195227194.811557,2221411141.476514,2248062426.0353684,2275191347.367973,2302808518.35652,2330924878.0217977,2359551704.209835,2388700626.8575807,2418383641.8680725,2448613125.627141,2479401850.1958475,2510762999.214752,2542710184.5584087,2575257463.7807627,2608419358.394644,2642210873.031248,2676647515.5283284,2711745317.998896,2747520858.9354467,2783991286.408324,2821174342.420431,2859088388.484636,2897752432.494428,2937186156.9629955,2977409948.7108154,3018444930.0871367,3060312991.8163977,3103036827.566664,3146639970.343751,3191146830.821636,3236582737.727387,3282973980.4067683,3330347853.705578,3378732705.310972,3428157985.7071795,3478654300.910861,3530253468.163049,3582988574.767129,3636894040.276119,3692005682.246878,3748360785.794989,3805998177.200942,3864958301.836905,3925283306.70325,3987017127.885689,6447297652.712374,6546306292.544078,6647622773.513955,6751323180.165482,6857486856.864058,6966196576.053148,8169303460.189613,8301886496.770278,8437646590.950065,8576692487.651598,8719137788.34447,8865101212.12234,10750620219.189638,10926882484.75596,11107652618.753986,11293092107.082346,11483369753.72833,11678662076.946512,11879153730.607767,13808653311.005009,14044463997.05479,14286755718.060083,14535767859.912687,14791750969.420227,15054967386.356184,16537806260.65971,16837508953.723597,17145845086.684246,17463148395.404415,17789768823.854637,18126073462.93329,18183373016.313244,18535489856.146385,18898258247.64707,19272120130.18383,19657539907.3424,20055005775.366,20465031138.998714,22096622871.83184,22556121474.11259,23030511991.289707,23520440488.745914,24026587294.4735,24549669058.02638,25090440934.984787,25649698902.368973,29394771756.022846,30040770118.134853,30708352012.49843,31398445376.76345,32112022796.644764,32850103397.05072,33613754706.30507,34404094459.662994,35222292298.54564,36069571309.61336,36947209332.30351,37856539943.92832,60914954154.83613,62112677915.41071,63337408624.57763,64588970817.43144,65866998111.34292,67170893138.66402,53787387660.22556,55022774461.56616,56292249742.38152,57595845900.51844,58933332594.41693,56057157214.098434,57462865093.59179,58909091254.53224,60395248009.15221,61920171247.150536,73430478990.45789,74736803219.75331,76015571730.09247,77252966389.72331,78432080813.95883,74090202864.78171,74905867908.36942,75593443180.47989,76120653839.0895,76448906878.27101,76564054682.072,75339768352.47212,73653703810.15979,71432050505.26962,68594931699.676346,72400361018.04016,69437142476.64366,65567451581.63535,60661319969.45839,54607064832.67919,47344485256.24248,63317634591.45089,55295123844.83502,44911068652.41568,32346862708.23167,18666910859.34973,6846346473.674952,184120490.32434088,-408611765.3052356,-1117386.771474151,0.0
2893.0,1010526939.0227336,1012922574.6147276,1015369409.0155612,1017868174.2668546,1020419612.0850824,1023024474.0050644,1025683521.526227,1028397526.2617112,1031167270.0904162,1033993545.3120364,1036877154.8051844,1039818912.1886836,1042819641.9860942,1045880179.7936032,1049001372.451307,1052184078.2180424,1055429166.9498172,1058737520.2819736,1062110031.815141,1065547607.3051432,1069051164.8569272,1072621635.1226288,1076259961.5039196,1079967100.358728,1083744021.212463,1087591706.9738915,1091511154.1557748,1095503373.1004124,1099569388.2102363,1103710238.183615,1107926976.255984,1112220670.4465003,1116592403.8103578,1121043274.6969347,1125574397.0139594,1130186900.4978526,1134881930.9904587,1139660650.722323,1144524238.6027553,1149473890.5168457,1154510819.6296728,1159636256.697903,1164851450.3890278,1170157667.608469,1175556193.83477,1181048333.463173,1186635410.1578,1192318767.212723,1198099767.9222133,1203979795.9604447,1209960255.770948,1216042572.9661374,1222228194.7372391,1228518590.2749114,1234915251.2009628,1241419692.0114684,1248033450.5316846,1254758088.3831444,1261595191.463321,1268546370.438255,1275613261.248623,1282797525.6296177,1290100851.6451538,1297524954.236854,1305071575.788287,1312742486.705006,1320539486.0108783,1328464401.9612715,1336519092.673668,1344705446.7762816,1353025384.075291,1361480856.2413468,1370073847.5159516,1378806375.438468,1387680491.5944033,1396698282.3857262,1405861869.8239863,1415173412.3470058,1424635105.6599731,1434249183.6018074,1444017919.0376244,1453943624.7782989,1464028654.5280054,1474275403.8607724,1484686311.2270484,1495263858.991376,1506010574.5022593,1516929031.1953926,1528021849.7314377,1539291699.1696043,1550741298.178331,1562373416.2843876,1574190875.161837,1586196549.9622855,1598393370.687927,1610784323.60899,1623372452.7271936,1636160861.2869344,1649152713.33597,1662351235.3374443,1675759717.8351874,1689381517.1742816,1703220057.2789855,1717278831.490168,1731561404.464551,1746071414.1380775,1760812573.755892,1775788673.9714649,1791003585.01755,1806461258.951766,1822165731.9796648,1838121126.8583567,1854331655.3838444,1870801620.9653115,1887535421.289884,1904537551.0814147,1921812604.9570355,1939365280.3853955,1957200380.7507207,1975322818.526912,1993737618.566197,2012449921.50699,2031464987.3058448,2050788198.8986373,2070425065.9962835,2090381229.0206428,2110662463.186419,2131274682.7352364,2152223945.328282,2173516456.604255,2195158574.909717,2217156816.209164,2239517859.1826444,2262248550.519025,2285355910.4134336,2308847138.2778416,2332729618.6741905,2357010927.479936,2381698838.296343,2406801329.1104946,2432326589.222402,2458283026.449294,2484679274.619731,2511524201.3708816,2538826916.262984,2566596779.2257266,2594843409.352154,2623576694.056413,2652806798.6126533,2682544176.093248,2712799577.725557,2743584063.687454,2774909014.3629937,2806786142.0808005,2839227503.3589954,2872245511.68178,2905852950.8344088,2940062988.8245244,2974889192.419719,3010345542.3327546,3046446449.087756,3083206769.6026487,3120641824.5252523,3158767416.362515,3197599848.445018,3237155944.771085,3277453070.777833,3318509155.089211,3360342712.294236,3402972866.8118806,3446419377.9027243,3490702665.8910427,3535843839.665249,3581864725.528816,3628787897.478448,3676636708.991215,3725435326.407743,3775208764.0041246,3825982920.85143,3877784619.56814,3930641647.077941,3984582797.492787,4039637917.249247,4095837952.634904,4153214999.8508177,4211802357.766238,4271634583.5324416,4332747551.234317,4395178513.770753,4458966168.16848,4524150724.5484085,4590773978.97938,4658879390.470946,4728512162.375198,4799719328.487323,4872549844.155755,7763487095.318823,7877737284.38274,7994554546.668018,8114019744.047523,8236217052.843838,8361234128.089197,9765086825.874084,9915958782.988869,10070295144.833397,10228208205.24532,10389815007.729015,10555237587.384205,12776284001.052437,12973746826.721104,13175975785.047712,13383130878.579552,13595378856.937956,13812893550.220251,14035856221.074114,16223121012.200851,16481248444.215408,16745985382.274708,17017556174.267448,17296194521.619152,17582143934.32253,19083006551.533497,19403616283.509617,19732770755.957382,20070769361.5956,20417924167.96532,20774560507.00858,20888695768.886574,21261787934.0754,21645183673.956005,22039264557.46351,22444428433.57292,22861090109.77576,23289682043.31233,24870556203.154503,25344254679.75794,25831802347.04626,26333717042.17167,26850537591.42431,27382824390.68542,27931159927.10076,28496149221.72697,32361881081.986786,32992130585.420486,33640028580.495747,34306097102.585983,34990859168.92732,35694835412.00807,36418539980.78222,37162475571.99268,37927127427.49499,38712956101.69546,39520388764.8801,40349808761.84896,59147581449.836136,59958141888.18802,60763937956.83109,61562011522.26899,62348944138.66483,63120789429.05643,52678294572.89236,53461037293.45152,54232698966.00516,54988539010.13931,55722995539.44861,54225209828.28151,55046071767.45024,55842292177.0044,56605617747.01631,57326226834.15389,59456719895.84631,59192158625.027794,58752054587.44439,58108053824.55772,57227433296.50667,34690051587.35597,32025200369.2414,28955310356.83908,25433538780.7025,21409813425.848183,12359101811.899792,6420207816.338798,-175528507.3559271,-7452132329.884542,-15412967151.506271,-3396190216.6557326,-12322766858.97603,-22165392736.970383,-32823281837.67948,-44066533095.80104,-55466259071.476265,-26061599520.945686,-41712104557.21848,-57908321310.52545,-72641791190.24773,-82213570304.95004,-79267190340.29204,-59371155928.99812,-23773135090.5965,-671164082.8332118,0.0
2892.0,1233436045.0204504,1236604956.7052288,1239831514.9228096,1243116539.8958037,1246460862.9501593,1249865326.6838856,1253330785.1390157,1256858103.976931,1260448160.6571147,1264101844.619425,1267820057.4699795,1271603713.170748,1275453738.2329404,1279371071.914306,1283356666.4204204,1287411487.1101077,1291536512.705042,1295732735.5037336,1300001161.5999036,1304342811.1054816,1308758718.378247,1313249932.2543302,1317817516.285631,1322462548.9823494,1327186124.0607278,1331989350.696173,1336873353.7819028,1341839274.1932566,1346888269.057863,1352021512.031787,1357240193.5818667,1362545521.274387,1367938720.0702846,1373421032.6270783,1378993719.607699,1384658059.9964306,1390415351.422184,1396266910.489293,1402214073.1160614,1408258194.8813014,1414400651.3790855,1420642838.581962,1426986173.21289,1433432093.1261466,1439982057.697485,1446637548.2238212,1453400068.3327303,1460271144.4020576,1467252325.9899676,1474345186.2757144,1481551322.5115044,1488872356.4857602,1496309934.9981756,1503865730.3468857,1511541440.828167,1519338791.2490509,1527259533.4532363,1535305446.8607523,1543478339.0217936,1551780046.1851697,1560212433.881853,1568777397.5240958,1577476863.020621,1586312787.4084148,1595287159.5016327,1604402000.5582197,1613659364.964761,1623061340.9402237,1632610051.259163,1642307653.9950488,1652156343.2843912,1662158350.1123445,1672315943.120467,1682631429.4374616,1693107155.5335877,1703745508.0995665,1714548914.9508252,1725519845.9578967,1736660814.0039089,1747974375.9700422,1759463133.7499402,1771129735.2940524,1782976875.6849463,1795007298.244648,1807223795.6751208,1819629211.2330432,1832226439.940068,1845018429.8298151,1858008183.2328737,1871198758.101148,1884593269.3729784,1898194890.380401,1912006854.3001385,1926032455.6497967,1940275051.830948,1954738064.7207365,1969424982.313812,1984339360.416332,1999484824.394009,2014865070.976099,2030483870.1174133,2046345066.920483,2062452583.6200635,2078810421.632311,2095422663.671016,2112293475.9333737,2129427110.357934,2146827906.957377,2164500296.228983,2182448801.645704,2200678042.230901,2219192735.219928,2237997698.8119125,2257097855.015141,2276498232.589703,2296203970.091153,2316220319.019092,2336552647.07479,2357206441.53211,2378187312.726203,2399500997.664629,2421153363.765768,2443150412.729589,2465498284.546125,2488203261.64713,2511271773.206787,2534710399.597484,2558525877.007009,2582725102.2237825,2607315137.597081,2632303216.179487,2657696747.0592017,2683503320.890111,2709730715.628024,2736386902.481735,2763480052.088128,2791018540.920849,2819010957.942676,2847466111.512079,2876393036.5550804,2905801002.014033,2935699518.5854807,2966098346.75998,2997007505.177281,3028437279.311065,3060398230.498102,3092901205.3274484,3125957345.406176,3159578097.518927,3193775224.1995573,3228560814.734003,3263947296.614717,3299947447.467813,3336574407.4756155,3373841692.3180947,3411763206.658313,3450353258.198289,3489626572.3330235,3529598307.4322166,3570284070.7807164,3611699935.210559,3653862456.4593472,3696788691.291713,3740496216.422756,3785003148.2845945,3830328163.679654,3876490521.366861,3923510084.629663,3971407344.877785,4020203446.3377376,4069920211.890483,4120580170.118242,4172206583.6262336,4224823478.709274,4278455676.437566,4333128825.240616,4388869435.073304,4445704913.253534,4503663602.0665455,4562774818.237218,4623068894.378273,4684577222.529392,4747332299.909783,4811367777.015049,4876718508.197704,4943420604.880357,5011511491.56043,5081029964.776291,5152016255.216152,5224512093.163833,5298560777.488674,5374207248.401629,5451498164.214969,5530481982.359933,5611209044.934689,5693731669.074376,8949726774.11409,9076333303.345757,9205676186.782404,9337837401.358513,9472902110.748293,9610958815.043474,11173143756.270445,11337985910.88399,11506441571.81484,11678620795.00696,11854637984.329332,12034612097.01803,14526791180.678844,14738856452.68644,14955727356.030855,15177553255.290997,15404489240.040993,15636696370.490349,15874341933.81367,18244791320.222263,18515310563.56417,18792233674.64131,19075756227.073017,19366080685.81223,19663416652.6562,21112563801.976944,21440398317.098183,21776211392.343903,22120248030.59148,22472761460.10578,22834013339.01696,23002535328.015102,23380361655.46385,23767550876.54831,24164399403.3211,24571212775.040825,24988305680.194275,25416001924.393154,26857249277.41686,27322167281.163155,27799038148.09849,28288217542.87189,28790068015.859016,29304958221.574734,29833261929.96845,30375356792.25188,34197185931.52461,34780721755.25187,35377144006.75711,35986580761.40688,36609125127.087845,37244828136.43872,37893690472.31796,38555652834.70326,39230584724.03301,39918271376.6856,40618398541.63808,41330534731.88321,55122909565.45749,55560654422.11082,55970220589.01516,56347139233.86159,56686394658.395454,56982356821.13796,50284781528.66813,50674046461.755554,51020664568.5301,51317243360.12804,51555349143.83993,51228948438.01033,51559848326.81796,51821917420.981705,52002835879.715385,52088377607.66316,47631802221.09189,46357645951.46087,44842134768.12491,43054567326.04304,40960416851.01634,10081784337.559542,5485684212.447436,359762196.959692,-5349749836.233537,-11700573129.698605,-24586450925.46974,-32703854815.400703,-41585660289.153625,-51277929382.259285,-61821589551.77325,-45584480965.860886,-57424265742.66888,-70459760247.57957,-84732540079.69856,-100256959606.06056,-117010094368.33151,-74749075663.35092,-95743026057.03328,-119172512614.52815,-144849554337.1619,-172249804246.58636,-201836158442.7725,-221436026728.28662,-205424857034.64886,-74877446121.81035,0.0
2891.0,1451962970.2093077,1455853088.716488,1459806653.0664728,1463824562.6423807,1467907729.2109146,1472057077.113313,1476273543.4599648,1480558078.3288145,1484911644.9675958,1489335220.000062,1493829793.6362429,1498396369.8868766,1503035966.7821145,1507749616.5945828,1512538366.0669477,1517403276.6440785,1522345424.7099335,1527365901.8292928,1532465814.9944608,1537646286.8770747,1542908456.085155,1548253477.4255269,1553682522.171764,1559196778.3378012,1564797450.9573753,1570485762.3694274,1576262952.509672,1582130279.2084506,1588089018.4950776,1594140464.90885,1600285931.8168938,1606526751.7390504,1612864276.679995,1619299878.468778,1625834949.1060257,1632470901.1189847,1639209167.9246583,1646051204.2012513,1652998486.2681627,1660052512.474786,1667214803.598338,1674486903.2510312,1681870378.2967894,1689366819.27787,1696977840.8516097,1704705082.23763,1712550207.6758108,1720514906.8953326,1728600895.5951436,1736809915.9361663,1745143737.045621,1753604155.5338066,1762192996.023748,1770912111.694063,1779763384.8354816,1788748727.421426,1797870081.6930726,1807129420.759368,1816528749.212428,1826070103.7588315,1835755553.8672776,1845587202.433137,1855567186.4604075,1865697677.761656,1875980883.6764607,1886419047.8090248,1897014450.785457,1907769411.0314608,1918686285.5710263,1929767470.846787,1941015403.5627964,1952432561.5504024,1964021464.6579804,1975784675.665326,1987724801.2234828,1999844492.82086,2012146447.776496,2024633410.2613745,2037308172.3487084,2050173575.0941763,2063232509.6470704,2076487918.3934648,2089942796.1323843,2103600191.286167,2117463207.1461303,2131535003.154753,2145818796.2256243,2160317862.1024275,2175035536.758316,2189975217.8370485,2205140366.1373663,2220534507.142046,2236161232.5932155,2252024202.115575,2268127144.8891068,2284473861.3731074,2301068225.0832853,2317914184.4238167,2335015764.576308,2352377069.447674,2370002283.679062,2387895674.717962,2406061594.955811,2424504483.933426,2443228870.6167383,2462239375.74537,2481540714.256677,2501137697.788088,2521035237.2605305,2541238345.545988,2561752140.222254,2582581846.4181614,2603732799.7526217,2625210449.3709807,2647020361.082354,2669168220.601766,2691659836.900996,2714501145.672314,2737698212.909403,2761257238.6098948,2785184560.604296,2809486658.516076,2834170157.858078,2859241834.2705336,2884708617.9061794,2910577597.968341,2936856027.4079275,2963551327.785691,2990671094.3063154,3018223101.031196,3046215306.2771087,3074655858.208281,3103553100.629668,3132915578.9897294,3162752046.601196,3193071471.088871,3223883041.0738454,3255196173.1039925,3287020518.841018,3319365972.514883,3352242678.656924,3385661040.1235104,3419631726.422664,3454165682.3567257,3489274136.994711,3524968612.9886994,3561260936.249397,3598163245.996608,3635688005.2013135,3673848011.4368153,3712656408.157261,3752126696.422935,3792272747.092573,3833108813.5041184,3874649544.666381,3916909998.9853287,3959905658.549964,4003652444.004087,4048166730.0316544,4093465361.4850273,4139565670.186917,4186485492.438602,4234243187.2687807,4282857655.459403,4332348359.386809,4382735343.718705,4434039257.009928,4486281374.242249,4539483620.35633,4593668594.826492,4648859597.332281,4705080654.5837145,4762356548.360622,4820712844.830288,4880175925.211167,4940773017.854933,5002532231.823313,5065482592.041018,5129654076.111173,5195077652.884929,5261785322.882912,5329810160.672242,5399186359.309504,5469949276.967265,5542135485.869162,5615782823.666895,5690930447.401125,5767618890.197579,5845890120.859818,5925787606.530755,6007356378.606609,6090643102.099317,6175696148.656736,6262565673.464146,6351303696.265867,6441964186.762207,9991296860.67067,10127170335.083387,10265857667.743084,10407438407.2387,10551994994.069954,10699612886.595337,12374652438.84414,12548928654.024538,12726830706.078098,12908461068.48676,13093925908.61437,13283335243.187206,15977411659.15309,16197332882.685884,16421892063.90248,16651220055.86278,16885452077.673697,17124727857.926546,17369191780.406826,19847000395.669662,20120132549.19688,20399166630.611504,20684259182.242027,20975570824.448803,21273266287.05001,22608790765.125267,22930931622.88639,23260088229.2438,23596437916.90744,23940161467.537777,24291442951.44296,24508214288.45452,24875772406.114864,25251283710.76042,25634945267.887936,26026956123.93467,26427516764.48664,26836828470.40949,28064400669.416145,28500423410.664124,28945898971.18273,29401008620.4302,29865927666.81592,30340823657.15626,30825854284.418663,31321164958.67297,34962327488.963165,35475839621.79958,35997299884.306175,36526514721.30144,37063233815.218765,37607141527.882034,38157847112.38303,38714873512.45596,39277644538.28467,39845470174.58637,40417529738.31756,40992852558.54798,49828039898.058334,49970204903.28511,50073318099.52933,50132933883.94132,50144161389.83154,50101621021.5197,47370029338.87021,47493457035.98167,47562560711.43107,47570009834.91478,47507599231.95532,47931129951.00404,47955734725.76953,47897371550.55685,47744139024.907486,47482603299.73847,40532270886.26936,39007553242.19795,37269812694.71554,35298028467.26261,33069455650.472584,8203265245.189512,4014895792.920325,-576910765.7812027,-5606514551.547079,-11111312972.312693,-22330842923.97776,-28839684792.60748,-35885722731.99334,-43522182408.24492,-51817521339.880135,-38858163650.029175,-48163875330.2444,-58445973878.21968,-69892248604.52782,-82788769670.70801,-97585305979.40538,-61479591408.88821,-78468379262.76375,-98931954279.1187,-124871155878.7812,-160270585729.25934,-219376481865.33044,-309769323905.365,-479066141381.89777,-810681134358.4208,0.0
2890.0,1665412015.978378,1669965392.2544458,1674587293.2355447,1679278687.379637,1684040556.642486,1688873896.6875238,1693779717.099728,1698759041.6036022,1703812908.285364,1708942369.8194456,1714148493.6993897,1719432362.4733102,1724795073.9839349,1730237741.6134498,1735761494.533176,1741367477.9582744,1747056853.4075344,1752830798.9684455,1758690509.5676332,1764637197.2468207,1770672091.4444664,1776796439.2831974,1783011505.8632178,1789318574.561828,1795718947.339236,1802213945.050799,1808804907.765892,1815493195.093564,1822280186.5151727,1829167281.7241745,1836155900.9732788,1843247485.42915,1850443497.534871,1857745421.380373,1865154763.081076,1872673051.1649213,1880301836.9680705,1888042695.039496,1895897223.554693,1903867044.73882,1911953805.2994573,1920159176.8693416,1928484856.459284,1936932566.921608,1945504057.4244003,1954201103.9368703,1963025509.726154,1971979105.865884,1981063751.75688,1990281335.6603065,1999633775.243644,2009123018.1398995,2018751042.5204024,2028519857.6815915,2038431504.6462512,2048488056.7795703,2058691620.4205203,2069044335.5289693,2079548376.3490543,2090205952.089252,2101019307.619708,2111990724.1873007,2123122520.1490424,2134417051.724316,2145876713.7665813,2157503940.555133,2169301206.607528,2181271027.51333,2193415960.789864,2205738606.76062,2218241609.4570694,2230927657.5446205,2243799485.2734404,2256859873.4550085,2270111650.4651537,2283557693.274472,2297200928.506956,2311044333.5278234,2325090937.561386,2339343822.8400426,2353806125.7853084,2368481038.2220225,2383371808.6267385,2398481743.4114866,2413814208.2440267,2429372629.405824,2445160495.189018,2461181357.333625,2477438832.506393,2493936603.8226404,2510678422.412567,2527668109.033519,2544909555.729764,2562406727.5414014,2580163664.264062,2598184482.2611446,2616473376.3303986,2635034621.626706,2653872575.643008,2672991680.251376,2692396463.806367,2712091543.3127446,2732081626.6599016,2752371514.92526,2772966104.749136,2793870390.783517,2815089468.2174435,2836628535.381656,2858492896.435381,2880687964.1381693,2903219262.709824,2926092430.781642,2949313224.442224,2972887520.381289,2996821319.13507,3021120748.437031,3045792066.6776896,3070841666.47764,3096276078.377908,3122101974.652004,3148326173.2442083,3174955641.838779,3201997502.065021,3229459033.843322,3257347679.8774414,3285671050.298687,3314436927.4676685,3343653270.9397354,3373328222.6003327,3403470111.976855,3434087461.733824,3465188993.3585515,3496783633.0446634,3528880517.781361,3561489001.6564,3594618662.38139,3628279308.048133,3662480984.1253695,3697233980.7054806,3732548840.011308,3768436364.173643,3804907623.290394,3841973963.779009,3879647017.0342526,3917938708.403928,3956861266.495897,3996427232.830166,4036649471.850621,4077541181.3116817,4119115903.055782,4161387534.1984553,4204370338.7386327,4248078959.6124654,4292528431.210226,4337734192.3764,4383712099.91443,4430478442.61856,4478049955.856261,4526443836.726097,4575677759.817098,4625769893.597074,4676738917.458709,4728604039.453944,4781385014.748551,4835102164.830818,4889776397.5097685,4945429227.740565,5002082799.316641,5059759907.470346,5118484022.426197,5178279313.953407,5239170676.966802,5301183758.228218,5364344984.203392,5428681590.13251,5494221650.37596,5560994110.1004925,5629028818.374775,5698356562.747429,5769009105.384997,5841019220.851957,5914420735.619812,5989248569.397613,6065538778.381891,6143328600.529996,6222656502.967229,6303562231.645101,6386086863.37522,6470272860.371244,6556164127.439618,6643806071.968657,6733245666.875135,6824531516.67756,6917713926.876213,7012844976.831487,7109978596.344444,10876942859.48782,11018892554.535135,11163643958.34233,11311270952.830404,11461849875.34992,11615459613.814278,13356446890.21093,13535573730.973358,13718210025.08384,13904446070.321571,14094375011.081633,14288092935.215096,17112762405.819635,17333930194.039585,17559383421.857,17789228291.88296,18023573810.03766,18262531823.37844,18506217052.348183,21017774531.35064,21284328464.4938,21556038751.77555,21833016598.47255,22115374428.745834,22403225723.38045,23574772738.50954,23879705997.967987,24190397744.272736,24506951638.3362,24829470241.03033,25158054554.10739,25412808976.277985,25757071449.83089,26107553682.63637,26464349685.80586,26827549125.80569,27197236378.53337,27573489457.818096,28533680963.10036,28924596556.192005,29322133406.002472,29726305905.86849,30137112416.946064,30554532911.902283,30978526314.80104,31409027497.05864,34760439630.07089,35188455859.59248,35619803728.027,36054071922.69132,36490786559.794495,36929403503.99678,37369299743.73129,37809763703.57726,38249984360.20461,38689039012.01948,39125879534.54759,39559316933.76899,44037193978.58443,43988562939.20464,43902409185.01555,43775578434.61072,43604699396.144806,43386175725.66666,44294773714.611046,44292362455.730194,44242744695.3236,44140927311.22334,43981486102.60471,44677759767.9295,44591304636.19132,44435856313.48215,44203598712.21719,43886032327.82256,38224462528.375565,37105873352.05218,35870028215.21471,34512011906.07839,33027798061.221268,25512694988.654552,23607285333.381355,21621291139.19904,19566283033.778725,17457436057.696873,11469951520.937256,9553908702.39894,7702066154.111891,5943866358.81822,4309827764.184001,7170905006.32316,5197724930.717448,3418126022.959159,1876360806.929393,606269092.2516195,-376552613.5702006,2942416216.6576176,1037443318.950791,-294453266.9064572,-1078620155.229386,-1455559625.2662294,-1620701964.6603262,-1894898546.0658064,-2328977838.882611,-3294474707.572216,0.0
2889.0,1873139913.062116,1878293319.963412,1883519546.073875,1888819617.9094625,1894194576.4170744,1899645477.199766,1905173390.746209,1910779402.6645195,1916464613.9205296,1922230141.080641,1928077116.559342,1934006688.871528,1940020022.8897088,1946118300.1062584,1952302718.9007952,1958574494.812857,1964934860.8199584,1971385067.6212044,1977926383.9265664,1984560096.751991,1991287511.720464,1998109953.3691936,2005028765.463065,2012045311.3145275,2019160974.110078,2026377157.2435105,2033695284.656101,2041116801.1839216,2048643172.912468,2056275887.5387528,2064016454.741145,2071866406.5570648,2079827297.7688167,2087900706.2977223,2096088233.6068285,2104391505.1123743,2112812170.6042783,2121351904.675893,2130012407.1632595,2138795403.5941432,2147702645.647104,2156735911.620888,2165897006.9144173,2175187764.5176945,2184610045.513873,2194165739.592887,2203856765.5768948,2213685071.957892,2223652637.447867,2233761471.541821,2244013615.0940228,2254411140.9079027,2264956154.339961,2275650793.918088,2286497231.9747367,2297497675.2953577,2308654365.782567,2319969581.1364784,2331445635.551705,2343084880.4315057,2354889705.119597,2366862537.6501303,2379005845.516422,2391322136.458956,2403813959.2732544,2416483904.638239,2429334605.965652,2442368740.2712336,2455589029.0682783,2468998239.284283,2482599184.2013693,2496394724.4212456,2510387768.855428,2524581275.7415447,2538978253.68651,2553581762.737408,2568394915.480959,2583420878.172488,2598662871.895262,2614124173.7512493,2629808118.0842133,2645718097.736209,2661857565.338562,2678230034.6383977,2694839081.861891,2711688347.1154,2728781535.825732,2746122420.220796,2763714840.851943,2781562708.159369,2799670004.082012,2818040783.713345,2836679177.0046253,2855589390.5171576,2874775709.22517,2894242498.371005,2913994205.3743773,2934035361.797473,2954370585.367775,2975004582.060579,2995942148.2431736,3017188172.88278,3038747639.8204336,3060625630.11302,3082827324.445818,3105358005.617921,3128223061.103094,3151427985.6885986,3174978384.1947203,3198879974.2777905,3223138589.3195524,3247760181.4059534,3272750824.3984275,3298116717.100922,3323864186.5260363,3349999691.263795,3376529824.95662,3403461319.88432,3430801050.663005,3458556038.06195,3486733452.942713,3515340620.3247952,3544385023.582484,3573874308.7776046,3603816289.133072,3634218949.652407,3665090451.8905454,3696439138.8814745,3728273540.228437,3760602377.362776,3793434568.9775615,3826779236.6426296,3860645710.6076455,3895043535.800368,3929982478.027381,3965472530.384944,4001523919.887916,4038147114.325071,4075352829.34943,4113152035.812592,4151555967.352526,4190576128.244564,4230224301.5258174,4270512557.403721,4311453261.959766,4353059086.160125,4395343015.18519,4438318358.090779,4481998757.814176,4526398201.538898,4571531031.432542,4617411955.772926,4664056060.478191,4711478821.057551,4759696114.999807,4808724234.617826,4858579900.367941,4909280274.663996,4960842976.206952,5013286094.851753,5066628207.034299,5120888391.782436,5176086247.336125,5232241908.403067,5289376064.077456,5347509976.450865,5406665499.945775,5466865101.403707,5528131880.961669,5590489593.752214,5653962672.464384,5718576250.804578,5784356187.898565,5851329093.677946,5919522355.296678,5988964164.625734,6059683546.876465,6131710390.406056,6205075477.761265,6279810518.019736,6355948180.491443,6433522129.846176,6512567062.736725,6593118745.991193,6675214056.451993,6758891022.543432,6844188867.654329,6931148055.427014,7019810337.049145,7110218800.650289,7202417922.910912,7296453622.997475,7392373318.943849,7490225986.605906,7590062221.323398,7691934302.430664,11599013462.982077,11743848624.172216,11891389454.148647,12041701394.01307,12194851795.649942,12350909981.4539,14111132099.847427,14290640994.846125,14473428038.835136,14659567751.94806,14849136530.35282,15042212680.996908,17926805133.94701,18143008031.964348,18362989942.27246,18586828297.76477,18814601705.95872,19046389888.05009,19282273605.925617,21759329375.27125,22011077946.74547,22267055897.85962,22527326794.59302,22791952789.21748,23060994303.7865,24032412027.393818,24310518008.08566,24592943385.081005,24879719109.885136,25170871164.89398,25466419900.97372,25744596557.667595,26055043557.39948,26369805343.619293,26688878412.93912,27012249977.98099,27339896805.505737,27671783929.473648,28334718591.460297,28668836939.470272,29006678365.03717,29348113493.506138,29692990415.80404,30041132243.546906,30392334410.51337,30746361694.058266,33724859158.438988,34059252059.18882,34392991456.017715,34725553660.02655,35056359951.25305,35384771463.04957,35710083626.69904,36031520149.846725,36348226504.631294,36659262905.35974,36963596761.7464,37260094602.87856,38244977541.530655,38103304712.05416,37934284304.56412,37736685110.787415,37509317004.546936,37251054987.86862,41042965733.59712,41017105312.09213,40962722232.03972,40878228081.51931,40762115738.11286,41338141902.74449,41278124781.94507,41180109863.47936,41041999712.48657,40861938675.99581,38661791087.69268,38280118209.16481,37894267924.29616,37513683854.974686,37150419814.77401,48993680092.14023,49689673250.522285,50600344357.359024,51772995638.08744,53263723827.58434,52636601793.94391,55208705728.675255,58352622204.21161,62174122710.41434,66800995172.654366,60014468485.6274,64953521572.437614,71119439956.22221,78806906909.70964,88409796179.23343,100475056224.71552,72721182098.86572,84832619491.37125,101496510426.84116,124901605224.18623,159019522016.92212,217995401412.947,308543752106.84155,478471789897.08527,811745608569.4657,0.0
2888.0,2074561021.4578505,2080246616.919512,2086008486.791229,2091847703.84566,2097765356.0263708,2103762546.68462,2109840394.820548,2116000035.3288925,2122242619.2493188,2128569314.021487,2134981303.7449417,2141479789.4439764,2148065989.33755,2154741139.114412,2161506492.2135134,2168363320.1099005,2175312912.606148,2182356578.129515,2189495644.0349374,2196731456.914029,2204065382.9101963,2211498808.0400505,2219033138.52127,2226669801.107049,2234410243.427324,2242255934.336938,2250208364.270918,2258269045.607027,2266439513.035821,2274721323.9383526,2283116058.771739,2291625321.4628143,2300250739.810034,2308993965.893893,2317856676.4960213,2326840573.527259,2335947384.464871,2345178862.799195,2354536788.489957,2364022968.432493,2373639236.934181,2383387456.201314,2393269516.8367243,2403287338.3484488,2413442869.669717,2423738089.6905794,2434175007.801512,2444755664.449293,2455482131.705517,2466356513.848089,2477380947.956064,2488557604.5181656,2499888688.0554485,2511376437.758423,2523023128.139083,2534831069.6982627,2546802609.6087537,2558940132.414627,2571246060.7472324,2583722856.058347,2596373019.3709745,2609199092.048293,2622203656.581305,2635389337.395709,2648758801.678552,2662314760.22529,2676059968.3077803,2689997226.563908,2704129381.9094167,2718459328.4726467,2732990008.5528617,2747724413.602849,2762665585.2365355,2777816616.262375,2793180651.743289,2808760890.08396,2824560584.146289,2840583042.393941,2856831630.066776,2873309770.386181,2890020945.79216,2906968699.213252,2924156635.37022,2941588422.1146126,2959267791.8032484,2977198542.709763,2995384540.4743977,3013829719.5931764,3032538084.947789,3051513713.3773804,3070760755.2936587,3090283436.3406386,3110086059.1004586,3130173004.846765,3150548735.347146,3171217794.7162333,3192184811.321061,3213454499.7404304,3235031662.7799253,3256921193.544512,3279128077.570489,3301657395.0187707,3324514322.9315376,3347704137.5542355,3371232216.725194,3395104042.334988,3419325202.8579025,3443901395.9578643,3468838431.171322,3494142232.669631,3519818842.1035805,3545874421.5328226,3572315256.443071,3599147758.853932,3626378470.520525,3654014066.231992,3682061357.210176,3710527294.611884,3739418973.138244,3768743634.754804,3798508672.5261474,3828721634.568945,3859390228.127531,3890522323.776164,3922125959.752371,3954209346.425935,3986780870.9081182,4019849101.8061295,4053422794.12776,4087510894.341495,4122122545.597532,4157267093.115329,4192954089.7435,4229193301.698237,4265994714.4864063,4303368539.019996,4341325217.928615,4379875432.077122,4419030107.295731,4458800421.330078,4499197811.019313,4540233979.710257,4581920904.916192,4624270846.229167,4667296353.4949255,4711010275.260073,4755425767.501369,4800556302.647477,4846415678.903862,4893018029.892036,4940377834.614695,4988509927.75882,5037429510.349307,5087152160.766146,5137693846.138728,5189070934.131405,5241300205.135034,5294398864.879824,5348384557.485295,5403275378.964198,5459089891.1974125,5515847136.398006,5573566652.08316,5632268486.573503,5691973215.040263,5752701956.121414,5814476389.129042,5877318771.870905,5941251959.110428,6006299421.690005,6072485266.344071,6139834256.229033,6208371832.198691,6278124134.854885,6349118027.404396,6421381119.354443,6494941791.080703,6569829219.303033,6646073403.505783,6723705193.341116,6802756317.055471,6883259410.981002,6965248050.135692,7048756779.977758,7133821149.36172,7220477744.7459345,7308764225.702992,7398719361.787001,7490383070.813669,7583796458.611605,7679001860.305461,7776042883.193934,7874964451.288159,7975812851.578226,8078635782.098241,8183482401.862458,12153484006.802277,12298109498.22324,12445269642.465982,12595019252.710085,12747414438.886786,12902512630.116192,14636995152.848171,14812679434.478275,14991314025.421274,15172955214.891151,15357660148.737698,15545486803.787926,18422479137.24785,18628127825.42412,18836932212.59771,19048938972.652306,19264194389.08413,19482744210.53347,19704633489.76678,22086998136.41837,22316974855.64949,22550139060.67065,22786508066.656315,23026095583.625484,23268911296.66967,24019659330.789463,24263533293.304844,24510218318.70128,24759679590.33816,25011874441.94452,25266751598.483486,25549630430.0698,25818566256.91943,26089886472.871456,26363502878.810005,26639314728.69935,26917207532.982304,27197051756.248207,27557905884.6496,27828259548.304592,28099605389.98096,28371703753.966805,28644289611.05451,28917070401.45822,29189723712.750443,29461894783.833195,32008459270.84444,32247613508.066174,32482902455.03427,32713774431.737644,32939637997.00293,33159860038.49729,33373763960.90535,33580628033.055088,33779683971.243546,33970115856.426804,34151059508.21353,34321602469.877617,32696040770.518,32528603147.256924,32347062270.79201,32152001203.62421,31944239897.224503,31724877116.77745,37385970490.854126,37374843058.0744,37355537340.02666,37329518792.66168,37298708816.89396,37524429967.70258,37533225050.236046,37536893124.55788,37538377127.47009,37541499767.12091,38852419859.310425,39150524917.90413,39527298773.561005,39998795256.40656,40583687544.99418,64234834389.5636,66345517275.70667,68742130744.79353,71464804854.75917,74558738438.84114,76746611248.0806,80886900320.86816,85567760934.63861,90856167566.11044,96827194129.96603,87737965580.30846,94316578949.73228,101898506134.36714,110629848925.00978,120675854985.62376,132217130775.03404,103669327826.28352,116865912668.08162,132934584621.99098,152374617335.23947,175397986871.55734,203174109722.6102,222342549629.8233,206286613091.9472,75083075668.88243,0.0
2887.0,2269151971.8511667,2275298016.388685,2281522905.981533,2287827747.230504,2294213662.4450707,2300681789.887838,2307233284.0234985,2313869315.772377,2320591072.768635,2327399759.6233087,2334296598.192214,2341282827.8489017,2348359705.7627115,2355528507.182105,2362790525.723348,2370147073.664708,2377599482.24626,2385149101.9754763,2392797302.9386606,2400545475.1184826,2408395028.7176337,2416347394.4888363,2424404024.071321,2432566390.333939,2440835987.725065,2449214332.6294694,2457702963.732304,2466303442.390409,2475017353.011094,2483846303.4385834,2492791925.348345,2501855874.649446,2511039831.895197,2520345502.702232,2529774618.178299,2539328935.358933,2549010237.6532555,2558820335.299155,2568761065.828061,2578834294.5395403,2589041914.9860497,2599385849.468027,2609868049.539612,2620490496.5253115,2631255202.047861,2642164208.5675783,2653219589.9335384,2664423451.946854,2675777932.936424,2687285204.34745,2698947471.343066,2710766973.419471,2722745985.0348854,2734886816.2527523,2747191813.3995223,2759663359.7374773,2772303876.152967,2785115821.860492,2798101695.1230974,2811264033.989496,2824605417.048415,2838128464.200632,2851835837.4491982,2865730241.7084,2879814425.631908,2894091182.4607663,2908563350.8916645,2923233815.9662094,2938105509.981667,2953181413.4238834,2968464555.9229865,2983958017.232547,2999664928.2328386,3015588471.9589663,3031731884.6545286,3048098456.8516054,3064691534.4777894,3081514519.991152,3098570873.5438538,3115864114.1753454,3133397821.035985,3151175634.641993,3169201258.162689,3187478458.740958,3206011068.847973,3224802987.6731625,3243858182.5505505,3263180690.422495,3282774619.3420234,3302644150.0148973,3322793537.3826456,3343227112.247792,3363949282.9425926,3384964537.042609,3406277443.126479,3427892652.58335,3449814901.469404,3472049012.4150305,3494599896.584178,3517472555.6875463,3540672084.05128,3564203670.742875,3588072601.7561226,3612284262.2569175,3636844138.891831,3661757822.161457,3687031008.860522,3712669504.5869055,3738679226.3217206,3765066205.082714,3791836588.653311,3818996644.3896775,3846552762.1083336,3874511457.056813,3902879372.970051,3931663285.215255,3960870104.028036,3990506877.8427258,4020580796.7199407,4051099195.8744526,4082069559.306615,4113499523.540648,4145396881.473229,4177769586.335964,4210625755.775298,4243973676.053809,4277821806.37666,4312178783.347299,4347053425.556592,4382454738.309667,4418391918.494919,4454874359.599833,4491911656.878214,4529513612.673944,4567690241.906104,4606451777.720859,4645808677.315346,4685771627.939281,4726351553.079917,4767559618.836288,4809407240.488958,4851906089.27149,4895068099.350154,4938905475.018683,4983430698.114912,5028656535.666515,5074596047.773226,5121262595.733074,5168669850.42057,5216831800.924904,5265762763.456445,5315477390.530192,5365990680.434968,5417317986.997557,5469475029.651082,5522477903.81731,5576343091.61292,5631087472.889816,5686728336.620153,5743283392.636858,5800770783.740723,5859209098.185592,5918617382.553364,5979015155.0308,6040422419.100653,6102859677.6596365,6166347947.576399,6230908774.702677,6296564249.351395,6363337022.255507,6431250321.02196,6500327967.095184,6570594393.245001,6642074661.59401,6714794482.199795,6788780232.207491,6864058975.588507,6940658483.481393,7018607255.150902,7097934539.581461,7178670357.721346,7260845525.393797,7344491676.891286,7429641289.268999,7516327707.353376,7604585169.481221,7694448833.984407,7785954806.434774,7879140167.66283,7974043002.563256,8070702429.698828,8169158631.713189,8269452886.56121,8371627599.563833,8475726336.291803,8581793856.280216,12539870744.350237,12681373456.68537,12825176268.009794,12971321844.09211,13119853505.12955,13270815211.705622,14937728039.83766,15105768987.544752,15276357501.804604,15449530404.97664,15625324380.746782,15803775894.365765,18611008181.35541,18801314065.682217,18994075861.47088,19189309569.44512,19387029409.39949,19587247613.35847,19789974199.897064,22027676737.936127,22230385245.398067,22435190264.95662,22642067346.7946,22850986828.43588,23061913366.60293,23587179358.40605,23791780334.614742,23997718250.73011,24204903999.60268,24413238882.850304,24622613856.090366,24887731906.758484,25110389466.70264,25333605381.312386,25557224538.791893,25781077732.72205,26004980579.43601,26228732360.173546,26306682013.824364,26510844768.057514,26713622391.673748,26914703546.696754,27113751907.78989,27310404525.826107,27504270124.951385,27694927340.033875,29773660836.782883,29921537761.830475,30063142293.43021,30197948346.946888,30325406717.541283,30444945949.26708,30555973700.4738,30657878720.16765,30750033573.09704,30831798278.957336,30902525064.129074,30961564463.807503,27477414217.347343,27313915539.02999,27147378827.22753,26979514673.735607,26812348525.223785,26648262657.173283,33107398548.63927,33088608263.11356,33075163502.90156,33070190646.7328,33077392837.70803,32894158258.246246,32924166233.089863,32970661494.842,33039279657.45429,33136709653.77064,36258958260.20921,36892411670.13073,37632980791.88812,38494900652.83838,39493724228.77639,63527526839.237625,65487862185.005615,67601354466.71862,69871908163.51535,72300539137.85564,74746203949.42133,77509760996.93288,80393693630.18561,83371886895.27779,86404644377.70369,81622924894.28294,85125918575.07901,88661711145.93715,92108554817.16312,95278598149.97311,97884019203.6389,89300520045.22664,94012921396.15623,97815235181.91734,99493283053.16254,96875519789.21371,84942934875.21362,60615541249.23414,23911516584.65635,668946855.5974052,0.0
2886.0,2456455694.028398,2462987314.726519,2469599431.6142964,2476293172.2299743,2483069680.1502075,2489930115.238275,2496875653.8967524,2503907489.3247814,2511026831.779969,2518234908.845073,2525532965.699551,2532922265.396092,2540404089.142236,2547979736.587193,2555650526.114004,2563417795.1371145,2571282900.405529,2579247218.311661,2587312145.205985,2595479097.7176647,2603749513.0812607,2612124849.4696703,2620606586.333452,2629196224.746667,2637895287.759417,2646705320.7571898,2655627891.827239,2664664592.1320934,2673817036.2904305,2683086862.765436,2692475734.2608657,2701985338.1249914,2711617386.7625947,2721373618.055243,2731255795.790009,2741265710.096897,2751405177.8951006,2761676043.348432,2772080178.330027,2782619482.8966494,2793295885.772769,2804111344.8447223,2815067847.6651425,2826167411.967978,2837412086.1943207,2848803950.0293694,2860345114.9507446,2872037724.788524,2883883956.297244,2895886019.740204,2908046159.4863806,2920366654.620285,2932849819.565102,2945498004.7194657,2958313597.108217,2971299021.047517,2984456738.824715,2997789251.393325,3011299099.08357,3024988862.328848,3038861162.408597,3052918662.207971,3067164066.994811,3081600125.214343,3096229629.3021164,3111055416.515677,3126080369.785468,3141307418.585497,3156739539.824344,3172379758.757009,3188231149.9182367,3204296838.077904,3220579999.219021,3237083861.539098,3253811706.475403,3270766869.7549,3287952742.469445,3305372772.177082,3323030464.030035,3340929381.9303,3359073149.7134967,3377465452.361872,3396110037.247239,3415010715.4047365,3434171362.838273,3453595921.858576,3473288402.4547963,3493252883.700614,3513493515.1958632,3534014518.5447,3554820188.8713527,3575914896.374594,3597303087.922012,3618989288.6852927,3640978103.8176303,3663274220.174614,3685882408.0797567,3708807523.136055,3732054508.08484,3755628394.713443,3779534305.81297,3803777457.187757,3828363159.717994,3853296821.477083,3878583949.90536,3904230154.0418367,3930241146.815676,3956622747.399164,3983380883.6240096,4010521594.462828,4038051032.577748,4065975466.938112,4094301285.50934,4123034998.0150223,4152183238.7744193,4181752769.617641,4211750482.8806863,4242183404.4828258,4273058697.0886536,4304383663.357354,4336165749.281709,4368412547.619509,4401131801.420065,4434331407.648567,4468019420.91119,4502204057.283852,4536893698.247658,4572096894.734057,4607822371.282976,4644079030.317081,4680875956.535571,4718222421.430894,4756127887.93183,4794602015.176668,4833654663.41996,4873295899.076735,4913535999.907971,4954385460.351228,4995854997.000474,5037955554.239189,5080698310.030872,5124094681.87132,5168156332.906834,5212895178.222962,5258323391.308078,5304453410.696476,5351297946.795576,5398869988.901864,5447182812.41039,5496249986.222599,5546085380.357303,5596703173.769718,5648117862.383444,5700344267.340378,5753397543.473421,5807293188.006956,5862047049.490085,5917675336.9674,5974194629.392197,6031621885.286952,6089974452.655667,6149270079.1527,6209526922.512567,6270763561.244907,6332999005.598784,6396252708.800078,6460544578.565651,6525894988.897428,6592324792.159445,6659855331.440155,6728508453.20223,6798306520.2211685,6869272424.813629,6941429602.355732,7014802045.0906725,7089414316.224241,7165291564.305806,7242459537.891264,7320944600.483256,7400773745.742524,7481974612.96285,7564575502.800321,7648605393.245707,7734093955.826776,7821071572.024951,7909569349.888182,7999619140.818996,8091253556.513592,8184505986.02417,8279410612.912923,8376002432.461565,8474317268.89564,8574391792.577225,8676263537.113895,8779970916.325016,8885553240.99904,12761045249.38683,12896768341.563332,13034506681.24618,13174289970.352406,13316147935.019625,13460110278.369827,15021985379.783916,15179052941.82839,15338213860.964128,15499485455.335571,15662883998.924,15828424597.693075,18510933527.01282,18682035974.277195,18854859192.727043,19029390473.205147,19205614194.088505,19383511576.303432,19563060419.402576,21617887051.07981,21789421622.026604,21961973712.94828,22135483916.09252,22309886655.04188,22485109720.305275,22794707622.26207,22957346181.99977,23119969027.31604,23282447103.667324,23444641164.618706,23606401104.3016,23828190684.36429,24002641516.98446,24176035164.80288,24348170014.091404,24518830367.02983,24687785576.40472,24854789139.06027,24689924534.94852,24829510019.418213,24965815844.684093,25098498067.3284,25227190628.946182,25351504324.17902,25471025785.881145,25585316504.66388,27182933840.12488,27248120116.549484,27305415442.353058,27354345221.278152,27394424823.716022,27425162073.839382,27446060388.066223,27456622686.61177,27456356220.74052,27444778482.572376,27421424392.42448,27385854991.235725,22624877148.10763,22465605766.479668,22308984303.38673,22156922472.498344,22011599456.778755,21875491562.88241,28192524979.290947,28111442708.758595,28038375854.958668,27976403773.63383,27929057795.745163,27409604594.62144,27364766797.8824,27340279273.451664,27341614022.25756,27375046033.011703,29853758677.58104,30383184521.15282,30997186446.864548,31703452323.996822,32509578768.856216,48076721875.5426,49021766503.19296,49965827445.76115,50888519990.98763,51763619732.20632,53832148752.110565,54476297306.733215,54920411315.31483,55103557008.16473,54953631244.330734,55182141697.868,55165354664.34015,54625082731.48892,53414308261.23762,51362467951.45058,48280097624.81546,54734807963.40112,52277927083.8535,47979119333.87345,41282297767.00987,31802246700.48537,19099386876.28106,7631341170.054232,1030435955.5526106,14505571.017767688,0.0
2885.0,2636084783.903396,2642924776.4373727,2649845972.599331,2656849507.6828227,2663936533.1388817,2671108216.824092,2678365743.253016,2685710313.855086,2693143147.236043,2700665479.4440174,2708278564.240364,2715983673.375347,2723782096.868748,2731675143.2955694,2739664140.076884,2747750433.775961,2755935390.3998013,2764220395.706176,2772606855.5162926,2781096196.0332355,2789689864.166277,2798389327.8612146,2807196076.436861,2816111620.9278126,2825137494.433651,2834275252.474744,2843526473.3547325,2852892758.52993,2862375732.985741,2871977045.620282,2881698369.635365,2891541402.9350224,2901507868.5317354,2911599514.960536,2921818116.7012234,2932165474.6088066,2942643416.3524094,2953253796.86287,2963998498.789156,2974879432.9639,2985898538.87818,2997057785.1658907,3008359170.0977736,3019804722.0855093,3031396500.1959715,3043136594.676016,3055027127.4879465,3067070252.856017,3079268157.824172,3091623062.8253555,3104137222.262631,3116812925.102441,3129652495.480288,3142658293.3191624,3155832714.961028,3169178193.811694,3182697200.999433,3196392246.047644,3210265877.5619926,3224320683.932337,3238559294.049817,3252984378.039569,3267598648.0093694,3282404858.814682,3297405808.840541,3312604340.8006506,3328003342.554212,3343605747.940894,3359414537.634454,3375432740.01548,3391663432.0637693,3408109740.270859,3424774841.5732136,3441661964.306686,3458774389.1827245,3476115450.2870045,3493688536.100972,3511497090.5470285,3529544614.057892,3547834664.670847,3566370859.1475,3585156874.1197906,3604196447.2629066,3623493378.495852,3643051531.210424,3662874833.529353,3682967279.5944138,3703332930.885292,3723975917.570063,3744900439.8881416,3766110769.566581,3787611251.27062,3809406304.089417,3831500423.057948,3853898180.716001,3876604228.705351,3899623299.4060807,3922960207.6131806,3946619852.254465,3970607218.1509705,3994927377.820972,4019585493.328815,4044586818.179759,4069936699.262109,4095640578.837888,4121703996.583374,4148132591.680865,4174932104.963009,4202108381.111164,4229667370.909194,4257615133.554193,4285957839.025685,4314701770.5148325,4343853326.915197,4373419025.376766,4403405503.924854,4433819524.145567,4464667973.939579,4495957870.346006,4527696362.438158,4559890734.292999,4592548408.036222,4625676946.964834,4659284058.749153,4693377598.716274,4727965573.21691,4763056143.077735,4798657627.141198,4834778505.895008,4871427425.193254,4908613200.07148,4946344818.657686,4984631446.181542,5023482429.083969,5062907299.22926,5102915778.221948,5143517781.830628,5184723424.5209,5226543024.099652,5268987106.472771,5312066410.51851,5355791893.078558,5400174734.068862,5445226341.712271,5490958357.894875,5537382663.647991,5584511384.75752,5632356897.5024,5680931834.523703,5730249090.825846,5780321829.91118,5831163490.049078,5882787790.680441,5935208738.958365,5988440636.425395,6042498085.827536,6097395998.065019,6153149599.279225,6209774438.075043,6267286392.877442,6325701679.420451,6385036858.366448,6445308843.052955,6506534907.363543,6568732693.718817,6631920221.18265,6696115893.678045,6761338508.306063,6827607263.760382,6894941768.82872,6963362050.971518,7032888564.966582,7103542201.607306,7175344296.44024,7248316638.526325,7322481479.207982,7397861540.862369,7474480025.618832,7552360624.016096,7631527523.572084,7712005417.23628,7793819511.691386,7876995535.467571,7961559746.828581,8047538941.385014,8134960459.385316,8223852192.630136,8314242590.950085,8406160668.181042,8499636007.564536,8594698766.493467,8691379680.515642,8789710066.498934,8889721824.852325,8991447440.686888,9094919983.789131,12822961655.53675,12950564476.76144,13079861672.801132,13210869859.140308,13343605094.338177,13478082804.96153,14902806056.378702,15046131612.82329,15191068654.97941,15337616059.764406,15485770898.274763,15635528280.414513,18146934773.36236,18295974559.38572,18446003973.158302,18596985126.86289,18748876401.99575,18901632190.781265,19055202620.459885,20901567136.79696,21039647370.99476,21177731214.588608,21315732569.13515,21453558860.442497,21591110622.185726,21707345363.88072,21827531938.80632,21946537985.316147,22064210021.31248,22180384794.302418,22294888758.33298,22445455569.39856,22572353348.832767,22696866952.78562,22818769172.70045,22937819997.72438,23053766023.25055,23166339849.74754,22815012386.92121,22894933876.80347,22970232707.81204,23040568206.164948,23105582118.88008,23164898153.15808,23218121587.259266,23264838973.38741,24389748190.76195,24384444220.636234,24370398446.70312,24347197620.42244,24314425860.297337,24271667395.831966,24218509869.36005,24154548282.449635,24079389685.320827,23992658720.65779,23894004147.35269,23783106485.019527,18198660188.98586,18031619191.238804,17867138344.304157,17706525177.416767,17551226176.340183,17402833543.508095,22906851058.827404,22715008915.278328,22524264122.71104,22336350297.66873,22153186985.48617,21447238318.335827,21241148071.865604,21043260773.636684,20856672475.505352,20684795129.625824,20466267545.93425,20549711835.541725,20665024811.48445,20812946160.344494,20993475736.79056,24384668068.37766,24276887170.61054,24122043912.286514,23906361163.30408,23613831243.491894,25691458397.04975,25281240470.67325,24695248082.383648,23903671074.94305,22876207224.97117,24915199833.6828,23827140468.078857,22376372073.14656,20521642880.730457,18240056423.78656,15543262714.594566,25147764112.126736,21214377184.28976,16573633927.535189,11496422822.678484,6549747748.962154,2763160970.093145,865260306.041922,376040681.3039278,94415682.1150726,0.0
2884.0,2807724167.561109,2814793827.2850814,2821944441.3011985,2829177139.358317,2836493067.2717648,2843893387.1674623,2851379277.7302084,2858951934.456248,2866612569.9101696,2874362413.98627,2882202714.1744337,2890134735.8306465,2898159762.452219,2906279095.957833,2914494056.9725056,2922805985.117567,2931216239.3057632,2939726198.0415945,2948337259.7269773,2957050842.9723864,2965868386.9135303,2974791351.533745,2983821217.992172,2992959488.957883,3002207688.9500527,3011567364.684329,3021040085.425514,3030627443.34672,3040331053.8951173,3050152556.164431,3060093613.2743216,3070155912.756828,3080341166.949991,3090651113.398855,3101087515.263972,3111652161.7376204,3122346868.467868,3133173477.9906898,3144133860.170295,3155229912.6478705,3166463561.2989244,3177836760.699408,3189351494.600857,3201009776.414716,3212813649.7060766,3224765188.6970654,3236866498.78006,3249119717.040991,3261527012.792988,3274090588.1205435,3286812678.434511,3299695553.038146,3312741515.7044764,3325952905.2652545,3339332096.2117662,3352881499.3078,3366603562.215021,3380500770.1311016,3394575646.440873,3408830753.380824,3423268692.7172747,3437892106.438535,3452703677.4614134,3467706130.352407,3482902232.063918,3498294792.685904,3513886666.213282,3529680751.329509,3545679992.206741,3561887379.322936,3578305950.2963533,3594938790.7378883,3611789035.121607,3628859867.674041,3646154523.282596,3663676288.42365,3681428502.110701,3699414556.863237,3717637899.696628,3736102033.133771,3754810516.238858,3773766965.67394,3792975056.778764,3812438524.6745214,3832161165.392078,3852146837.025259,3872399460.909909,3892923022.829235,3913721574.246196,3934799233.563548,3956160187.412232,3977808691.9688535,3999749074.302877,4021985733.7543793,4044523143.343021,4067365851.209044,4090518482.0870657,4113985738.813491,4137772403.86831,4161883340.952158,4186323496.599473,4211097901.828616,4236211673.8298287,4261670017.6919374,4287478228.1687393,4313641691.485935,4340165887.18966,4367056390.037463,4394318871.932807,4421959103.904028,4449982958.128754,4478396410.004861,4507205540.268944,4536416537.163332,4566035698.652769,4596069434.691766,4626524269.543697,4657406844.152744,4688723918.56974,4720482374.433022,4752689217.505331,4785351580.267884,4818476724.572691,4852072044.354148,4886145068.400976,4920703463.1896105,4955755035.779955,4991307736.774609,5027369663.342484,5063949062.307767,5101054333.3051605,5138694032.002242,5176876873.38975,5215611735.140613,5254907661.038325,5294773864.475405,5335219732.022338,5376254827.067629,5417888893.529126,5460131859.636987,5502993841.788339,5546485148.473594,5590616284.27423,5635397953.931708,5680841066.486914,5726956739.489414,5773756303.275515,5821251305.313863,5869453514.617068,5918374926.21758,5968027765.705548,6018424493.826247,6069577811.134073,6121500662.699814,6174206242.867312,6227708000.055191,6282019641.598767,6337155138.626558,6393128730.9652405,6449954932.066145,6507648533.945535,6566224612.130087,6625698530.598151,6686085946.706137,6747402816.088483,6809665397.518309,6872890257.71467,6937094276.080767,7002294649.356105,7068508896.163732,7135754861.432045,7204050720.668569,7273414984.060955,7343866500.378324,7415424460.643253,7488108401.542233,7561938208.539284,7636934118.654348,7713116722.864423,7790506968.0817,7869126158.658831,7948995957.366981,8030138385.787415,8112575824.052187,8196331009.863624,8281427036.716253,8367887351.237869,8455735749.559256,8544996372.613907,8635693700.260614,8727852544.112116,8821498038.942884,8916655632.537893,9013351073.832,9111610399.176384,9211459916.55399,12734312024.705168,12851814391.562565,12970668790.898315,13090879272.850117,13212448829.682882,13335379299.800207,14596931608.434362,14724351841.026514,14852896865.62935,14982549117.07647,15113288645.647491,15245092944.064886,17548506026.789158,17673645735.50383,17799083360.73165,17924760549.765045,18050614737.77088,18176578898.05996,18302581278.493263,19927700667.36964,20031627487.986427,20134652080.646225,20236670525.10011,20337572705.527325,20437241975.53432,20392013308.80021,20471196330.72631,20548265068.54636,20623056771.763508,20695400160.568336,20765115076.815723,20815072472.643463,20897265287.242973,20976083695.041653,21051294505.23047,21122653920.55994,21189907235.320827,21252788549.41843,20782016134.90333,20809599801.134777,20831779569.06539,20848248007.08478,20858685544.52857,20862760482.67709,20860129099.994083,20850435869.231213,21530350749.626377,21469200008.23674,21399206788.509605,21320026353.73673,21231313850.66685,21132726272.40168,21023924719.87892,20904576990.42778,20774360521.893707,20632965719.80731,20480099692.59804,20315490415.381386,14303537839.850555,14121951166.74388,13939082749.027096,13755230903.679146,13570678902.133097,13385682798.611168,17737779399.75778,17424217648.015354,17100441389.63499,16766377225.923506,16421866952.814253,15712152469.6616,15317650644.07626,14911457206.78272,14493454396.944674,14063345434.88185,10368461792.68955,9887450056.676271,9380688086.884909,8843793476.340828,8271652901.418115,-157725255.6513132,-1093725568.0509071,-2053478713.45444,-3031542066.418239,-4019819206.071484,-3365073760.3240485,-3974347518.4208326,-4540456887.951933,-5042611692.350313,-5455859032.766588,-4150267560.613391,-4589393239.903644,-4893396412.828856,-5020924313.657436,-4930701597.298678,-4589742280.795654,7282875576.786721,5617549759.111622,3837889221.6071606,2179247303.384198,917760296.1582856,690741147.6600709,639173041.3987347,691442299.614394,422571226.1126896,0.0
2883.0,2971133028.0466776,2978353000.779215,2985652719.918809,2993033296.425797,3000495857.029602,3008041544.465235,3015671517.7137394,3023386952.246624,3031189040.274363,3039078990.999091,3047058030.871483,3055127403.8520203,3063288371.676584,3071542214.126607,3079890229.303757,3088333733.9093165,3096874063.528301,3105512572.918436,3114250636.304101,3123089647.6752887,3132031021.09175,3141076190.9923573,3150226612.509844,3159483761.791012,3168849136.322487,3178324255.262209,3187910659.7766795,3197609913.3841486,3207423602.3038635,3217353335.81145,3227400746.6006145,3237567491.1512613,3247855250.10416,3258265728.642307,3268800656.8791323,3279461790.253672,3290250909.9328365,3301169823.221002,3312220363.9769745,3323404393.038558,3334723798.6548524,3346180496.92647,3357776432.2537994,3369513577.7935343,3381393935.9236145,3393419538.7167683,3405592448.4228406,3417914757.9600782,3430388591.415632,3443016104.555355,3455799485.343241,3468740954.4705806,3481842765.8951445,3495107207.390567,3508536601.106139,3522133304.137296,3535899709.106965,3549838244.7580643,3563951376.5573683,3578241607.3110056,3592711477.79184,3607363567.378989,3622200494.709769,3637224918.34432,3652439537.443197,3667847092.458234,3683450365.8369503,3699252182.740792,3715255411.7775583,3731462965.748304,3747877802.4089866,3764502925.247324,3781341384.275009,3798396276.835809,3815670748.429777,3833167993.553974,3850891256.560072,3868843832.529216,3887029068.164483,3905450362.701389,3924111168.836786,3943014993.676592,3962165399.70273,3981566005.7597256,4001220488.061384,4021132581.217948,4041306079.28424,4061744836.829187,4082452770.02721,4103433857.771927,4124692142.812667,4146231732.9142513,4168056802.0405526,4190171591.56227,4212580411.489512,4235287641.729596,4258297733.370644,4281615209.991461,4305244668.998212,4329190782.988459,4353458301.143032,4378052050.646309,4402976938.13545,4428237951.17905,4453840159.785839,4479788717.943901,4506088865.190981,4532745928.21637,4559765322.494976,4587152553.953994,4614913220.672798,4643053014.616477,4671577723.403602,4700493232.108574,4729805525.099161,4759520687.909618,4789644909.149793,4820184482.450653,4851145808.446648,4882535396.7952,4914359868.233693,4946625956.674213,4979340511.336294,5012510498.917875,5046143005.804584,5080245240.317469,5114824534.999189,5149888348.938614,5185444270.133717,5221500017.892566,5258063445.272125,5295142541.554432,5332745434.759693,5370880394.195646,5409555833.042437,5448780310.972118,5488562536.801693,5528911371.1784935,5569835829.296516,5611345083.642008,5653448466.766575,5696155474.085686,5739475766.700224,5783419174.238597,5827995697.716288,5873215512.409831,5919088970.741459,5965626605.170509,6012839131.087137,6060737449.703558,6109332650.93738,6158636016.281224,6208659021.652132,6259413340.213717,6310910845.163335,6363163612.475707,6416183923.5939,6469984268.057453,6524577346.056593,6579976070.900711,6636193571.387862,6693243194.061075,6751138505.336119,6809893293.483721,6869521570.448161,6930037573.48216,6991455766.576733,7053790841.662478,7117057719.556994,7181271550.630891,7246447715.162667,7312601823.350004,7379749714.942605,7447907458.458574,7517091349.94334,7587317911.226583,7658603887.629118,7730966245.067587,7804422166.500549,7878989047.655006,7954684491.967259,8031526304.666716,8109532485.925283,8188721222.988736,8269110881.199581,8350719993.813524,8433567250.50363,8517671484.437592,8603051657.804224,8689726845.655,8777716217.91558,8867039019.410362,8957714547.730133,9049762128.759056,9143201089.662006,9238050729.116957,12506126834.40157,12611937167.13151,12718749836.055817,12826557405.801868,12935350985.92715,13045120121.854362,14124056066.565676,14234028606.528343,14344655145.584995,14455904399.086418,14567742324.483631,14680131944.646955,16748556897.393038,16848951867.013235,16949022295.59707,17048694837.42033,17147891784.851574,17246530846.011593,17344524912.725643,18747897038.30559,18818440069.074867,18887314870.79924,18954408387.71719,19019602129.47635,19082771938.611088,18914246337.196377,18955473761.57344,18993904256.86031,19029379333.89828,19061733787.425587,19090795525.25508,19010089945.590992,19052141349.80098,19090183825.19684,19123995136.61166,19153345171.03668,19177995908.264847,19197701426.75499,18679331671.593647,18663380020.734875,18641763087.43595,18614228910.206448,18580519097.81996,18540369193.1094,18493509129.442444,18439663791.1309,18717191752.919567,18615895676.27025,18506368666.489647,18388347450.220936,18261569006.91064,18125771358.05859,17980694359.63053,17826080469.457024,17661675451.763695,17487228968.78591,17302494994.121788,17107231963.349195,11055311283.93969,10868047083.720896,10675137702.85004,10475943078.21416,10269690438.909147,10055451447.702898,13230219073.97672,12833317622.602118,12416892659.217825,11979456690.993303,11519268774.394497,10992594339.066769,10462444607.385094,9903657935.817802,9313551522.380968,8688947502.746956,2307767532.047151,1397665306.0462935,421256852.0462271,-628627811.8168827,-1759795264.4010382,-18820321611.771458,-20425268048.18415,-22069564748.55424,-23744756231.33229,-25439164824.93387,-29993242830.38667,-31342248945.659622,-32586493311.13471,-33682137182.91671,-34575806061.314606,-33544945935.83108,-34561700264.028404,-35217553563.89565,-35392826766.673584,-34945852509.56032,-33715413560.39018,-16731819128.37464,-13372862443.892998,-9597358520.31293,-5792941474.577158,-2564806720.411462,-189750354.5388831,654552428.4269078,1013206699.373407,1210463588.5507846,0.0
2882.0,3126145968.4360747,3133437111.278405,3140805843.6752768,3148253244.7828994,3155780409.029462,3163388446.3406205,3171078482.368562,3178851658.72478,3186709133.2165504,3194652080.0872307,3202681690.2604337,3210799171.5881224,3219005749.102744,3227302665.273434,3235691180.266388,3244172572.209464,3252748137.461112,3261419190.883682,3270187066.121218,3279053115.881803,3288018712.2245464,3297085246.851296,3306254131.4031687,3315526797.761986,3324904698.356698,3334389306.4748983,3343982116.5795355,3353684644.6308813,3363498428.4138994,3373425027.871086,3383466025.440892,3393623026.4018583,3403897659.222516,3414291575.9172087,3424806452.407952,3435443988.892392,3446205910.21805,3457093966.2629147,3468109932.322544,3479255609.503766,3490532825.12514,3501943433.124283,3513489314.472193,3525172377.594742,3536994558.801401,3548957822.721437,3561064162.747621,3573315601.487673,3585714191.2235613,3598262014.378797,3610961183.9938974,3623813844.21019,3636822170.762052,3649988371.477855,3663314686.789676,3676803390.252018,3690456789.0696816,3704277224.6349664,3718267073.074408,3732428745.805186,3746764690.101453,3761277389.670693,3775969365.240408,3790843175.155221,3805901415.9846873,3821146723.141954,3836581771.513504,3852209276.100195,3868031992.6698055,3884052718.421292,3900274292.6609936,3916699597.491023,3933331558.5099936,3950173145.526448,3967227373.285082,3984497302.2060814,4001986039.137799,4019696738.122992,4037632601.178878,4055796879.091253,4074192872.2229366,4092823931.3367567,4111693458.433356,4130804907.604084,4150161785.8991895,4169767654.211597,4189626128.176553,4209740879.087307,4230115634.827192,4250754180.818297,4271660360.986993,4292838078.746592,4314291297.997349,4336024044.144112,4358040405.131802,4380344532.499015,4402940642.449945,4425833016.944908,4449026004.809604,4472524022.863435,4496331557.067003,4520453163.689043,4544893470.492906,4569657177.942854,4594749060.430251,4620173967.519805,4645936825.216021,4672042637.249913,4698496486.386109,4725303535.750376,4752469030.17756,4779998297.580061,4807896750.336676,4836169886.701792,4864823292.234882,4893862641.250108,4923293698.285775,4953122319.593554,4983354454.647032,5013996147.66931,5045053539.179221,5076532867.555667,5108440470.619526,5140782787.232492,5173566358.912106,5206797831.462162,5240483956.617569,5274631593.702602,5309247711.301406,5344339388.939497,5379913818.774735,5415978307.296321,5452540277.029941,5489607268.247256,5527186940.677569,5565287075.219337,5603915575.649077,5643080470.3248005,5682789913.881035,5723052188.9120655,5763875707.639851,5805269013.56267,5847240783.080238,5889799827.090674,5932955092.554296,5976715664.018767,6021090765.099723,6066089759.910411,6111722154.433385,6157997597.826883,6204925883.657531,6252516951.050763,6300780885.749307,6349727921.069615,6399368438.744926,6449712969.643165,6500772194.346607,6552556943.579392,6605078198.467773,6658347090.616886,6712374901.986425,6767173064.546377,6822753159.692381,6879126917.398724,6936306215.085355,6994303076.173227,7053129668.300656,7112798301.170873,7173321423.998994,7234711622.523832,7296981615.547734,7360144250.964324,7424212501.231272,7489199458.241781,7555118327.545047,7621982421.861727,7689805153.836999,7758600027.968611,7828380631.643054,7899160625.207636,7970953731.000633,8043773721.255842,8117634404.791311,8192549612.385101,8268533180.733479,8345598934.878794,8423760668.98571,8503032125.334936,8583426971.393672,8664958774.810886,8747640976.174025,8831486859.35078,8916509519.226261,9002721826.630817,9090136390.23808,9178765515.19565,12151338376.775318,12244265979.889477,12337851926.511007,12432078823.019451,12526927542.149658,12622377108.993853,13506041870.6169,13597634806.772264,13689444547.546688,13781429293.35051,13873544324.346191,13965741832.995516,15782006154.246777,15857731979.80438,15932603074.072254,16006536899.471992,16079446709.122557,16151241365.352789,16221825152.977694,17414029519.426823,17453257886.52093,17490212219.44727,17524778175.02469,17556837081.400566,17586265816.93002,17335464446.190063,17343003352.103924,17347312603.457294,17348248938.385,17345664506.765526,17339406861.57775,17098104683.484474,17105765529.491669,17109130917.995926,17108002899.003382,17102178534.20068,17091450098.849989,17075605331.736208,16580909905.005714,16530808822.82818,16475217164.41995,16413951827.25665,16346828737.886196,16273663460.4597,16194271883.789043,16108470991.472383,16035029921.091309,15908812747.815851,15775592453.015509,15635205984.238056,15487491795.724024,15332289738.367836,15169440743.746902,14998786239.596403,14820167219.961592,14633422876.3026,14438388675.551691,14234893746.944489,8518981935.251831,8350306171.847265,8174020048.432169,7988986653.931239,7793891942.486139,7587221764.213262,9788143270.924685,9384552002.600945,8958930108.711277,8509302049.705112,8033414786.029701,7856402432.950926,7307378717.363582,6724143594.788061,6103106873.58808,5440138151.893212,-1634643945.1560698,-2651978296.9328127,-3744591162.772841,-4919676095.051398,-6185046295.450079,-25770102500.86078,-27672694565.716686,-29676125173.73755,-31788169283.124016,-34017691017.10185,-44815635502.506805,-47539943517.68929,-50406381729.87018,-53421709498.25619,-56591487045.69521,-53741543074.502594,-57429843805.94677,-61319458365.77777,-65400145327.19963,-69638550772.19986,-73956960250.08817,-84988617145.67029,-84248980996.04968,-80911242273.701,-73818569939.02846,-61604031674.0602,-40918678876.807,-18965903189.70576,-2338741602.978697,2095223222.7139359,0.0
2881.0,3272673392.926324,3279957635.2676907,3287316382.1939464,3294750668.437396,3302261543.3149924,3309850070.939629,3317517330.4346724,3325264416.151765,3333092437.8919764,3341002521.130327,3348995807.243774,3357073453.7426906,3365236634.505897,3373486540.019326,3381824377.6183662,3390251371.733925,3398768764.142314,3407377814.2189875,3416079799.196213,3424876014.424728,3433767773.639472,3442756409.229413,3451843272.511617,3461029734.009536,3470317183.735649,3479707031.478532,3489200707.094369,3498799660.803045,3508505363.48887,3518319307.00599,3528243004.488613,3538277990.6660805,3548425822.182885,3558688077.9237366,3569066359.343708,3579562290.8036137,3590177519.9106493,3600913717.864393,3611772579.8082967,3622755825.186693,3633865198.107471,3645102467.7104607,3656469428.541662,3667967900.933396,3679599731.390453,3691366792.982403,3703270985.7420735,3715314237.070383,3727498502.147577,3739825764.350997,3752298035.67947,3764917357.184437,3777685799.407924,3790605462.827476,3803678478.308108,3816907007.561493,3830293243.612373,3843839411.2723927,3857547767.621448,3871420602.496637,3885460238.98897,3899669033.947924,3914049378.4939737,3928603698.5392113,3943334455.316167,3958244145.914972,3973335303.8289566,3988610499.5088,4004072340.92538,4019723474.1414247,4035566583.8920417,4051604394.17436,4067839668.846232,4084275212.234271,4100913869.751244,4117758528.522965,4134812118.024771,4152077610.727761,4169558022.754789,4187256414.546456,4205175891.537056,4223319604.8406887,4241690751.9475737,4260292577.430656,4279128373.662627,4298201481.543356,4317515291.237922,4337073242.925196,4356878827.557095,4376935587.628552,4397247117.958214,4417817066.479932,4438649135.045037,4459747080.235424,4481114714.18742,4502755905.426458,4524674579.712458,4546874720.89595,4569360371.784761,4592135635.021313,4615204673.970268,4638571713.616547,4662241041.473442,4686217008.500716,4710504030.032427,4735106586.714303,4760029225.450314,4785276560.358197,4810853273.7335615,4836764117.022168,4863013911.799993,4889607550.760551,4916549998.709009,4943846293.5624,4971501547.355394,4999520947.250914,5027909756.554695,5056673315.733121,5085817043.433265,5115346437.504182,5145267076.018377,5175584618.292168,5206304805.903749,5237433463.707444,5268976500.842667,5300939911.73593,5333329777.094112,5366152264.886977,5399413631.316952,5433120221.773804,5467278471.771797,5501894907.866743,5536976148.54999,5572528905.116376,5608559982.502824,5645076280.093968,5682084792.491037,5719592610.239872,5757606920.513612,5796135007.745297,5835184254.205307,5874762140.518071,5914876246.112159,5955534249.597442,5996743929.062449,6038513162.284611,6080849926.845583,6123762300.143136,6167258459.290616,6211346680.894266,6256035340.697942,6301332913.084135,6347247970.419206,6393789182.230081,6440965314.198565,6488785226.958488,6537257874.6798935,6586392303.423219,6636197649.245218,6686683136.037252,6737858073.074786,6789731852.255806,6842313945.004026,6895613898.811077,6949641333.390051,7004405936.41069,7059917458.784472,7116185709.465491,7173220549.730589,7231031886.899507,7289629667.453177,7349023869.504902,7409224494.576324,7470241558.626214,7532085082.276631,7594765080.17684,7658291549.441045,7722674457.091492,7787923726.433329,7854049222.282399,7921060734.961358,7988967962.973331,8057780494.255723,8127507785.909684,8198159142.293071,8269743691.356614,8342270359.094054,8415747841.967769,8490184577.160956,8565588710.496894,8641968061.853676,8719330087.890553,8797681841.888311,8877029930.49172,8957380467.126291,9038739021.845184,11684324814.491978,11763577276.894983,11843161288.993172,11923051345.470337,12003220053.22498,12083638020.269226,12766134727.236006,12838993200.427448,12911678924.961544,12984143022.603582,13056333733.41472,13128196268.476795,14684430847.278885,14736375318.140362,14787042676.508644,14836346920.365108,14884198245.801004,14930502914.321476,14975163119.170694,15976031374.145723,15987101061.452578,15995460700.196014,16001001179.985668,16003610362.373188,16003173068.962349,15710804837.747368,15689752026.195776,15665267762.820477,15637231836.83656,15605521651.402023,15570012347.624731,15139062504.793758,15118734793.83439,15094142929.193268,15065122498.855352,15031506817.876028,14993127301.233408,14949813891.84293,14545060699.211636,14470011725.424175,14389970921.935287,14304828236.738316,14214477415.780466,14118816766.71711,14017749984.911718,13911187041.54668,13540528458.82984,13402655081.12601,13259441999.36931,13110843124.294235,12956817778.649351,12797330375.023363,12632349834.33386,12461848679.5437,12285801726.560757,12104184279.63428,11916969721.63335,11724126370.127134,6654650535.34814,6534625860.34846,6408837813.193094,6276230597.370125,6135603659.414089,5985597345.801311,7524592971.420507,7201326761.889271,6861754153.39944,6504403104.867394,6127621868.679664,6416553753.481883,5984780763.711896,5527349000.76394,5041593396.566395,4524507564.765435,-915220232.8492168,-1672787057.5177677,-2480822993.396186,-3343431374.973353,-4265067800.458127,-18324001604.904247,-19708381411.121483,-21193548288.181976,-22795488185.615032,-24533939103.143967,-34747077064.86894,-37392949113.4781,-40335065120.71265,-43632377644.31704,-47359188726.06338,-43653858644.818726,-47956769708.88189,-52954238440.73432,-58834160893.67613,-65849740173.083626,-74348143701.01654,-133197064631.00304,-151556306623.39038,-174178698033.01224,-202343858788.4252,-237455980418.81985,-294725644809.58655,-337599637312.191,-343638351508.5099,-164673893224.09512,0.0
2880.0,3410701096.1952925,3417902290.994443,3425174009.1814995,3432517229.001872,3439932942.420132,3447422155.314295,3454985887.672932,3462625173.795087,3470341062.4930987,3478134617.2983565,3486006916.670006,3493959054.206684,3501992138.8612847,3510107295.158849,3518305663.417574,3526588399.9730344,3534956677.405602,3543411684.771181,3551954627.835236,3560586729.310199,3569309229.096323,3578123384.525955,3587030470.611364,3596031780.2961063,3605128624.710022,3614322333.4278846,3623614254.731769,3633005755.8771806,3642498223.3630047,3652093063.205313,3661791701.215108,3671595583.2800207,3681506175.650048,3691524965.22736,3701653459.860241,3711893188.6412206,3722245702.209442,3732712573.0573225,3743295395.8415785,3753995787.698634,3764815388.564502,3775755861.4991856,3786818893.0156336,3798006193.4133415,3809319497.116614,3820760563.017591,3832331174.824024,3844033141.411953,3855868297.1832304,3867838502.428045,3879945643.6924233,3892191634.150821,3904578413.983799,3917107950.7609086,3929782239.828752,3942603304.70434,3955573197.473769,3968693999.196241,3981967820.313535,3995396801.0649047,4008983111.907491,4022728953.942295,4036636559.345699,4050708191.806668,4064946146.969547,4079352752.882598,4093930370.4522448,4108681393.903055,4123608251.243518,4138713404.737601,4153999351.3821206,4169468623.389957,4185123788.6790433,4200967451.367267,4217002252.2731423,4233230869.422321,4249656018.559936,4266280453.668709,4283106967.492805,4300138392.067466,4317377599.254259,4334827501.282004,4352491051.293247,4370371243.896219,4388471115.722228,4406793745.988344,4425342257.065327,4444119815.050596,4463129630.346205,4482374958.241579,4501859099.5009365,4521585400.955106,4541557256.097664,4561778105.685059,4582251438.340523,4602980791.161554,4623969750.330563,4645221951.728504,4666741081.551031,4688530876.926888,4710595126.538071,4732937671.241385,4755562404.69086,4778473273.960552,4801674280.167189,4825169479.092018,4848962981.8012905,4873058955.264591,4897461622.9703865,4922175265.537907,4947204221.324528,4972552887.027779,4998225718.280924,5024227230.241088,5050561998.168792,5077234657.997706,5104249906.893257,5131612503.798736,5159327269.967432,5187399089.479137,5215832909.739354,5244633741.959374,5273806661.615245,5303356808.883563,5333289389.051843,5363609672.901096,5394322997.058013,5425434764.314104,5456950443.908824,5488875571.773614,5521215750.733499,5553976650.662752,5587164008.590812,5620783628.754431,5654841382.591728,5689343208.673601,5724295112.567519,5759703166.628566,5795573509.712037,5831912346.801757,5868725948.547647,5906020650.705909,5943802853.474421,5982079020.7158165,6020855679.059891,6060139416.876657,6099936883.110619,6140254785.966337,6181099891.434599,6222479021.64791,6264399053.053088,6306866914.388142,6349889584.44957,6393474089.635434,6437627501.248488,6482356932.542596,6527669535.494664,6573572497.282928,6620073036.451342,6667178398.7382965,6714895852.546595,6763232684.029875,6812196191.769144,6861793681.011265,6912032457.4393215,6962919820.442763,7014463055.8530445,7066669428.10823,7119546171.807428,7173100482.6133,7227339507.458223,7282270334.006339,7337899979.320701,7394235377.681258,7451283367.495539,7509050677.240091,7567543910.3663645,7626769529.100331,7686733837.059982,7747442960.60999,7808902828.866985,7871119152.26302,7934097399.568475,7997842773.268668,8062360183.181358,8127654218.194269,8193729115.993545,8260588730.645111,8328236497.881205,8396675397.934237,8465907915.749173,8535935998.393776,8606761009.473782,8678383680.346428,8750804057.9117,8824021448.745207,11120451831.801332,11185619087.880592,11250817864.666256,11316016576.114662,11381181715.757956,11446277755.475986,11928207056.86052,11982500994.408434,12036290322.550247,12089522512.570496,12142142369.92604,12194091915.492418,13490825789.419094,13520554403.752245,13548699258.786324,13575176188.56606,13599897828.031862,13622773531.709728,13643709295.04228,14479939391.13094,14466850549.872667,14450785547.045576,14431645395.17244,14409329423.310492,14383735362.801384,14087549809.126482,14043462077.357508,13995939742.086931,13944890091.46155,13890220099.229248,13831836645.18994,13183867860.686806,13142098261.12077,13096366402.554089,13046546583.75492,12992513100.434689,12934140714.74304,12871305181.325748,12614643744.236034,12523082496.446316,12427227762.011309,12327037995.646856,12222479150.20247,12113525516.432192,12000160612.022814,11882378117.964624,11265502198.0896,11126140088.779913,10983276366.104788,10836985357.310783,10687353027.240583,10534477144.815046,10378467287.827135,10219444645.489042,10057541571.554705,9892900833.543549,9725674495.65672,9556022364.50016,5301758983.739365,5252523390.352645,5202655772.263936,5151640114.404811,5098898156.71889,5043787574.465396,6220508798.775697,6042411856.947265,5859801720.327799,5672360182.076449,5479745040.977809,6266030138.67901,6053164579.829747,5833678140.12443,5607024996.72734,5372632161.982641,3240227765.9637656,2995050906.7169,2744842569.200716,2490485403.109966,2233133110.3161864,-271133762.92414546,-366498066.5595015,-453175727.34397656,-531225231.6005974,-600904565.3622804,-924157739.5715352,-980858805.7390049,-1032946319.9092188,-1081522152.8513248,-1127891867.132521,-942614677.5501068,-998527070.9759488,-1050581951.5133106,-1101688902.4037964,-1154830227.3434238,-1212992511.556237,-2206970210.557801,-2349403582.1918178,-2514445973.20195,-2716545668.6118207,-2975915080.5585184,-3641944841.2369094,-4205377975.695267,-5150542400.2902565,-7284005513.395335,0.0
2879.0,3540289060.0140414,3547333815.4967394,3554444259.506382,3561621302.447505,3568865867.414596,3576178890.366913,3583561320.3056245,3591014119.4533234,3598538263.435933,3606134741.46705,3613804556.534729,3621548725.590747,3629368279.742383,3637264264.446733,3645237739.707591,3653289780.274916,3661421475.846932,3669633931.2748766,3677928266.770419,3686305618.115792,3694767136.87667,3703313990.617778,3711947363.121336,3720668454.608285,3729478481.9623823,3738378678.95716,3747370296.485792,3756454602.793879,3765632883.715209,3774906442.9104767,3784276602.109029,3793744701.353625,3803312099.24827,3812980173.2091327,3822750319.718545,3832623954.582167,3842602513.189268,3852687450.776215,3862880242.693127,3873182384.6737614,3883595393.1086297,3894120805.3213606,3904760179.848336,3915515096.721611,3926387157.7551336,3937377986.834256,3948489230.208613,3959722556.788274,3971079658.443281,3982562250.306508,3994172071.0798826,4005910883.343946,4017780473.870776,4029782653.940245,4041919259.659631,4054192152.2865567,4066603218.555247,4079154371.006099,4091847548.318536,4104684715.6471386,4117667864.960996,4130799015.386296,4144080213.5520654,4157513533.939073,4171101079.231805,4184844980.6735134,4198747398.424227,4212810521.92171,4227036570.245282,4241427792.482436,4255986468.098142,4270714907.306815,4285615451.4467616,4300690473.357084,4315942377.756881,4331373601.626635,4346986614.591652,4362783919.307419,4378768051.846694,4394941582.088223,4411307114.106819,4427867286.564703,4444624773.103817,4461582282.738949,4478742560.251382,4496108386.582861,4513682579.229574,4531467992.635836,4549467518.587219,4567684086.602767,4586120664.325892,4604780257.913675,4623665912.424059,4642780712.200592,4662127781.254172,4681710283.641388,4701531423.838877,4721594447.113155,4741902639.885363,4762459330.090222,4783267887.52861,4804331724.2130165,4825654294.705074,4847239096.444458,4869089670.068182,4891209599.7195015,4913602513.345356,4936272082.981374,4959222025.023367,4982456100.484121,5005978115.234276,5029791920.225968,5053901411.697925,5078310531.360417,5103023266.558626,5128043650.412756,5153375761.933052,5179023726.10796,5204991713.963421,5231283942.591183,5257904675.143941,5284858220.794925,5312148934.659462,5339781217.675804,5367759516.442493,5396088323.009188,5424772174.617874,5453815653.390999,5483223385.963078,5513000043.0519085,5543150338.9654255,5573679031.039922,5604590919.005141,5635890844.271458,5667583689.134051,5699674375.888681,5732167865.85338,5765069158.289976,5798383289.219009,5832115330.121201,5866270386.5182905,5900853596.425449,5935870128.667198,5971325181.048128,6007223978.36919,6043571770.279889,6080373828.955911,6117635446.591248,6155361932.693096,6193558611.167183,6232230817.180222,6271383893.785675,6311023188.297795,6351154048.398271,6391781817.958652,6432911832.560719,6474549414.695947,6516699868.623833,6559368474.867771,6602560484.32576,6646281111.971738,6690535530.121889,6735328861.238661,6780666170.243382,6826552456.306704,6872992644.083951,6919991574.360586,6967553994.070522,7015684545.647873,7064387755.67008,7113668022.747767,7163529604.613577,7213976604.35957,7265012955.769158,7316642407.686293,7368868507.360754,7421694582.704729,7475123723.391321,7529158760.721419,7583802246.180509,7639056428.601816,7694923229.847,7751404218.909569,7808500584.340242,7866213104.886818,7924542118.234233,7983487487.722898,8043048566.915735,8103224161.875615,8164012491.006245,8225411142.299718,8287417027.824072,8350026335.273249,8413234476.390417,8477036032.063562,8541424693.879271,10475627380.515448,10526654395.29125,10577447080.898727,10627969854.0971,10678185289.34692,10728054033.143768,11016055377.780895,11052412913.138458,11087997677.976467,11122756699.979649,11156634700.293545,11189574008.662643,12234518078.538542,12244122906.691628,12251953706.301924,12257932735.095633,12261979784.919395,12264012149.759584,12263944599.098965,12966260996.887638,12933598171.554949,12897855323.824017,12858946741.194864,12816786277.54559,12771287517.497536,12504139381.924114,12442705935.320623,12377992909.815475,12309936242.44648,12238473336.88739,12163543343.464453,11273791851.952175,11216826362.632095,11156412684.194992,11092465343.897629,11024900510.51918,10953636478.357716,10878594202.891426,10818324965.280828,10717558182.556654,10613275620.377337,10505492333.310726,10394233207.2259,10279533793.975842,10161441185.304094,10040014924.497936,9223070134.790098,9088771207.998934,8952684420.660425,8814986070.698532,8675870419.697447,8535550697.864186,8394260127.364674,8252252961.87769,8109805541.083975,7967217360.330931,7824812158.131034,7682939027.782116,4213813098.144727,4238390426.618127,4268705104.395049,4304947100.50431,4347334304.311829,4396121457.368536,5408731388.894484,5394441560.087499,5388925003.787796,5393120115.562498,5408083945.670784,6614088021.069071,6647012715.571856,6694840023.574361,6759270156.291464,6842243518.348084,8358385853.010436,8660475679.083406,9000606536.409943,9383607494.275965,9815066622.675833,18679239333.887302,19832958521.48144,21104858346.928703,22512162167.75963,24075685190.348343,33886725679.9622,36407984915.917,39246351095.65217,42461229326.26989,46126936864.87576,42681872605.90123,46891172026.88252,51827349941.07075,57676155171.35996,64688555574.93046,73210281345.24904,132342366814.39365,150898609429.53296,173830778132.62207,202436481866.0332,238153427438.37875,296549502501.1766,340487137570.48834,347324579220.56934,166684021203.81198,0.0
2878.0,3661569464.953367,3668387947.0324383,3675266481.852692,3682205901.474373,3689207049.471265,3696270781.0839233,3703397963.374746,3710589475.3849454,3717846208.293357,3725169065.5771904,3732558963.174646,3740016829.649496,3747543606.3575735,3755140247.615224,3762807720.86971,3770547006.871604,3778359099.849144,3786245007.684623,3794205752.09272,3802242368.80093,3810355907.73195,3818547433.188132,3826818024.0379686,3835168773.90464,3843600791.356594,3852115200.100196,3860713139.1744576,3869395763.147807,3878164242.316952,3887019762.9077945,3895963527.278444,3904996754.124272,3914120678.685053,3923336552.9541655,3932645645.8898487,3942049243.628522,3951548649.7001314,3961145185.245543,3970840189.235962,3980635018.694335,3990531048.9187775,4000529673.707951,4010632305.588395,4020840376.043804,4031155335.7461896,4041578654.788941,4052111822.92171,4062756349.787115,4073513765.1592345,4084385619.183812,4095373482.620159,4106478947.0847135,4117703625.29617,4129049151.322169,4140517180.827427,4152109391.32332,4163827482.418781,4175673176.072471,4187648216.8461447,4199754372.159117,4211993432.543737,4224367211.901794,4236877547.761696,4249526301.536407,4262315358.781904,4275246629.456152,4288322048.178352,4301543574.488393,4314913193.106352,4328432914.19182,4342104773.602972,4355930833.15514,4369913180.878701,4384053931.276108,4398355225.577837,4412819231.99699,4427448145.982355,4442244190.469675,4457209616.130772,4472346701.620369,4487657753.820182,4503145108.080061,4518811128.455774,4534658207.943106,4550688768.707915,4566905262.3116665,4583310169.932144,4599906002.5787945,4616695301.302264,4633680637.397648,4650864612.600899,4668249859.277889,4685839040.605473,4703634850.743972,4721640015.000463,4739857289.982104,4758289463.738842,4776939355.894706,4795809817.766872,4814903732.471682,4834224015.016666,4853773612.377674,4873555503.560078,4893572699.643001,4913828243.80548,4934325211.333336,4955066709.605591,4976055878.059025,4997295888.129606,5018789943.169254,5040541278.336422,5062553160.458926,5084828887.867226,5107371790.196473,5130185228.155292,5153272593.259413,5176637307.527966,5200282823.140223,5224212622.050433,5248430215.5583,5272939143.83241,5297742975.383905,5322845306.487464,5348249760.546497,5373959987.399307,5399979662.562802,5426312486.410107,5452962183.278273,5479932500.502022,5507227207.369305,5534850093.994103,5562804970.101792,5591095663.721985,5619726019.783602,5648699898.606537,5678021174.28401,5707693732.949348,5737721470.920639,5768108292.716194,5798858108.933568,5829974833.9842,5861462383.675607,5893324672.632308,5925565611.546303,5958189104.2474575,5991199044.583427,6024599313.098318,6058393773.4985285,6092586268.893702,6127180617.799894,6162180609.891324,6197590001.48642,6233412510.752858,6269651812.615586,6306311533.3507,6343395244.847245,6380906458.517814,6418848618.837773,6457225096.49173,6496039181.104639,6535294073.533584,6574992877.694859,6615138591.899522,6655734099.668936,6696782160.00024,6738285397.049736,6780246289.200512,6822667157.478375,6865550153.278267,6908897245.360838,6952710206.076692,6996990596.773144,7041739752.335513,7086958764.812478,7132648466.071583,7178809409.427948,7225441850.185902,7272545725.029437,7320120630.193696,7368165798.345526,7416680074.096941,7465661888.070543,7515109229.431385,7565019616.794381,7615390067.411002,7666217064.533307,7717496522.847165,7769223751.860125,7821393417.122538,7873999499.153394,7927035249.934647,7980493146.829858,8034364843.774455,8088641119.576007,8143311823.153645,8198365815.53569,9765883100.214195,9803033410.064709,9839722901.836271,9875914011.064987,9911567502.78436,9946642405.519104,10052771956.445633,10072203240.169666,10090659456.674948,10108090002.055984,10124442427.879522,10139662392.516134,10946269522.587944,10938211194.61128,10928299055.273912,10916465452.382307,10902641066.790323,10886754924.085926,10868734413.253489,11468725485.070038,11421392693.385258,11371024810.895782,11317550892.54337,11260900598.835466,11201004414.507812,10989719963.238745,10916491823.286718,10840253884.52664,10760968930.318949,10678602587.92199,10593123635.019674,9440610606.873137,9374033770.866104,9304671180.81104,9232476214.927082,9157404848.083963,9079416069.640478,8998472341.177834,9172496317.944233,9068557092.062298,8961858284.598179,8852454536.944769,8740411124.949734,8625804701.066235,8508724064.745572,8389270960.662419,7415124587.806109,7289072441.752194,7162553946.386193,7035806163.023073,6909087554.896286,6782679653.896121,6656888910.027987,6532048755.587017,6408521922.866828,6286703062.520889,6167021719.782313,6049945737.984987,3132569808.581521,3211361518.130327,3300956485.512597,3402094385.91276,3515601530.417993,3642404626.0825305,4551213044.371422,4666756426.073421,4800814784.084951,4955165610.264638,5131784605.11332,6575315110.182396,6795579031.610366,7046057367.202865,7329859116.00757,7650448006.711124,11754783112.281174,12423661955.329254,13152057358.778954,13945397170.620916,14809710516.65796,28908518706.53201,30458610069.85017,32118049222.05285,33897915861.08167,35810874418.79658,46593846313.47194,49050926613.31471,51678879634.836525,54490406992.14069,57496457643.18513,54972283656.83444,58420906704.79415,62133822061.59364,66104572154.953766,70299587131.8171,74635946475.84694,87137648657.32605,86204517314.33765,82723307430.32707,75475893977.96529,63017370832.69201,41923912745.67051,19437897113.666664,2417608459.2542915,-2091366137.7346826,0.0
2877.0,3774743933.914503,3781270629.919871,3787851004.247983,3794485801.091152,3801175774.849851,3807921690.26268,3814724322.537701,3821584457.4851103,3828502891.651247,3835480432.453995,3842517898.319492,3849616118.820236,3856775934.814492,3863998198.587089,3871283773.991541,3878633536.593509,3886048373.815606,3893529185.08352,3901076881.973472,3908692388.3609767,3916376640.570916,3924130587.5289,3931955190.9139137,3939851425.312239,3947820278.372616,3955862750.962655,3963979857.3264666,3972172625.243495,3980442096.188527,3988789325.4928665,3997215382.506636,4005721350.7621927,4014308328.1386166,4022977427.027252,4031729774.4982615,4040566512.468156,4049488797.8682833,4058497802.814188,4067594714.7758703,4076780736.748817,4086057087.4258223,4095425001.369517,4104885729.1855392,4114440537.696319,4124090710.115384,4133837546.222148,4143682362.537084,4153626492.497225,4163671286.631916,4173818112.738716,4184068356.0593786,4194423419.455819,4204884723.5859504,4215453707.0793138,4226131826.712349,4236920557.583248,4247821393.286232,4258835846.085096,4269965447.085974,4281211746.4090905,4292576313.3593793,4304060736.595852,4315666624.299472,4327395604.339434,4339249324.437592,4351229452.330924,4363337675.931747,4375575703.485522,4387945263.725998,4400448106.027455,4413086000.553833,4425860738.4044285,4438774131.755909,4451828014.000378,4465024239.879135,4478364685.611864,4491851249.02087,4505485849.650038,4519270428.878113,4533206950.025977,4547297398.457402,4561543781.672972,4575948129.396646,4590512493.654482,4605238948.845097,4620129591.801237,4635186541.842018,4650411940.815162,4665807953.12871,4681376765.77149,4697120588.321766,4713041652.943284,4729142214.368041,4745424549.864984,4761890959.193806,4778543764.543047,4795385310.451527,4812417963.712283,4829644113.257896,4847066170.026293,4864686566.805873,4882507758.058844,4900532219.721549,4918762448.980586,4937200964.023323,4955850303.7614975,4974713027.526408,4993791714.734173,5013088964.5194845,5032607395.33613,5052349644.5225525,5072318367.830571,5092516238.915325,5112945948.784378,5133610205.203832,5154511732.059208,5175653268.668715,5197037569.046339,5218667401.112271,5240545545.847775,5262674796.391659,5285057957.075336,5307697842.393183,5330597275.904938,5353759089.066475,5377186119.985375,5400881212.097239,5424847212.758734,5449086971.753011,5473603339.702887,5498399166.387119,5523477298.954632,5548840580.031437,5574491845.714691,5600433923.447998,5626669629.771808,5653201767.942369,5680033125.412495,5707166471.166845,5734604552.904215,5762350094.058842,5790405790.652348,5818774307.967467,5847458277.034239,5876460290.918947,5905782900.805374,5935428611.857603,5965399878.852858,5995699101.572348,6026328619.937431,6057290708.877682,6088587572.916775,6120221340.46134,6152194057.777115,6184507682.6359215,6217164077.616002,6250165003.037519,6283512109.513773,6317206930.097796,6351250872.002928,6385645207.874656,6420391066.589867,6455489423.558384,6490941090.500218,6526746704.67058,6562906717.503147,6599421382.640435,6636290743.318531,6673514619.071555,6711092591.719325,6749023990.599825,6787307877.005825,6825943027.782871,6864927918.043541,6904260702.950369,6943939198.517193,6983960861.376098,7024322767.454101,7065021589.50079,7106053573.40489,7147414513.234414,7189099724.931531,7231104018.589556,7273421669.235611,7316046386.038422,7358971279.856453,7402188829.037064,7445690843.372709,7489468426.115412,7533511933.94536,7577810934.784458,7622354163.339903,7667129474.25716,7712123792.755692,7757323062.614722,7802712191.369714,9006993748.997854,9030806208.247284,9053973718.750652,9076458581.933044,9098221672.54386,9119222394.657856,9060205693.419231,9064021661.49522,9066724864.258629,9068269357.895905,9068607875.107649,9067691812.017788,9653587187.357023,9630539195.947151,9605656749.234304,9578884903.637798,9550167853.353905,9519448977.667248,9486670895.830233,10013462507.682327,9956423669.15332,9896526142.842413,9833713826.296816,9767931967.016125,9699127408.03081,9564153862.081911,9484336817.057917,9401853051.619917,9316688003.731771,9228830859.57248,9138274859.913792,7707357773.613268,7635830908.784359,7562264913.093307,7486648682.466195,7408974037.191691,7329236006.842222,7247433136.816523,7683444109.550264,7581132676.056588,7476726165.0730095,7370299595.034717,7261937925.368141,7151736621.388268,7039802231.720367,6926252977.985742,5839084027.253523,5722043125.6950445,5605300070.73553,5489097321.482755,5373697044.644933,5259382821.574521,5146461602.844488,5035265958.10338,4926156678.154857,4819525797.025803,4715800114.468821,4615445314.155125,1872892822.3252904,1969402218.88454,2078578595.2830627,2201341095.0124555,2338702588.961905,2491781200.5040355,3242497538.0359287,3414661477.867104,3607981732.641448,3824341331.9279337,4065819944.50013,5502043126.90061,5788743837.194439,6108904768.473007,6465727036.144307,6862723229.058788,11601922395.137947,12337643265.986856,13128119284.43878,13976585800.903934,14886276603.286938,26965503746.8737,28067375882.289585,29187700065.744595,30319775654.98888,31454796148.507748,36168940557.497406,36904567035.10221,37525513522.60357,37998819589.18239,38283781238.24272,38248429351.21398,38502355443.63738,38432814431.11907,37942457266.7479,36910654702.17205,35192093479.1259,19834528911.268967,15363977922.175545,10710939239.447449,6303111991.783837,2736768629.9117503,222879440.3458941,-649605668.9947767,-1010715194.2309219,-1207393470.1522853,0.0
2876.0,3880080033.038369,3886254467.736684,3892475538.8118496,3898743894.159669,3905060190.469488,3911425093.329649,3917839277.333778,3924303426.1879272,3930818232.8184967,3937384399.480992,3944002637.8695526,3950673669.227275,3957398224.457285,3964177044.234552,3971010879.1184406,3977900489.665972,3984846646.545746,3991850130.652556,3998911733.2226334,4006032255.949506,4013212511.100436,4020453321.633445,4027755521.314836,4035119954.837236,4042547477.938096,4050038957.518606,4057595271.763024,4065217310.258335,4072905974.1142178,4080662176.0832872,4088486840.6815305,4096380904.3089294,4104345315.3701806,4112381034.395466,4120489034.161233,4128670299.81091,4136925828.9754906,4145256631.893908,4153663731.533166,4162148163.7080913,4170710977.2007065,4179353233.879048,4188076008.815433,4196880390.4040046,4205767480.4775314,4214738394.423289,4223794261.2979727,4232936223.941515,4242165439.089664,4251483077.485256,4260890323.987996,4270388377.6826434,4279978451.985472,4289661774.7488246,4299439588.36364,4309313149.859766,4319283731.003908,4329352618.39503,4339521113.557024,4349790533.028433,4360162208.449085,4370637486.643341,4381217729.699804,4391904315.047231,4402698635.526394,4413602099.457657,4424616130.703999,4435742168.729185,4446981668.650816,4458336101.287947,4469806953.202955,4481395726.737322,4493103940.040974,4504933127.094858,4516884837.726294,4528960637.616792,4541162108.301847,4553490847.162363,4565948467.407099,4578536598.045856,4591256883.85276,4604110985.319155,4617100578.595625,4630227355.42248,4643493023.048184,4656899304.135063,4670447936.651678,4684140673.751125,4697979283.6346245,4711965549.399582,4726101268.87141,4740388254.418237,4754828332.747707,4769423344.684928,4784175144.93066,4799085601.798811,4814156596.932133,4829390024.995129,4844787793.343025,4860351821.665634,4876084041.604909,4891986396.344906,4908060840.172809,4924309338.009621,4940733864.909073,4957336405.523212,4974118953.533054,4991083511.042646,5008232087.934753,5025566701.186409,5043089374.142248,5060802135.743835,5078707019.712653,5096806063.684719,5115101308.29439,5133594796.205077,5152288571.084168,5171184676.519657,5190285154.875618,5209592046.083622,5229107386.367098,5248833206.895373,5268771532.364105,5288924379.498581,5309293755.476197,5329881656.264318,5350690064.869422,5371720949.49337,5392976261.592325,5414457933.83371,5436167877.946335,5458107982.458597,5480280110.319389,5502686096.396161,5525327744.844229,5548206826.341168,5571325075.179868,5594684186.213461,5618285811.645014,5642131557.654573,5666222980.855724,5690561584.573519,5715148814.935104,5739986056.764197,5765074629.269744,5790415781.519089,5816010687.68507,5841860442.056246,5867966053.798769,5894328441.457932,5920948427.186769,5947826730.688523,5974963962.8591175,6002360619.115093,6030017072.391758,6057933565.795517,6086110204.893669,6114546949.623971,6143243605.805497,6172199816.231489,6201415051.32377,6230888599.32736,6260619556.023049,6290606813.934298,6320849051.003933,6351344718.714761,6382092029.627063,6413088944.304544,6444333157.59892,6475822084.26206,6507552843.852808,6539522244.90428,6571726768.315721,6604162549.931243,6636825362.266037,6669710595.338747,6702813236.566868,6736127849.679857,6769648552.602644,6803368994.260143,6837282330.250871,6871381197.335744,6905657686.685494,6940103315.827766,6974708999.232357,7009465017.470495,7044360984.881193,7079385815.675257,7114527688.404289,7149774008.719656,7185111370.34304,7220525514.167677,7256001285.406191,7291522588.6982,7327072341.087967,7362632422.779613,8214143570.32398,8225384637.435363,8235839951.87776,8245473281.726448,8254247260.062444,8262123363.559354,8058521862.836257,8048252135.95817,8036792413.781154,8024103110.631027,8010143854.358649,7994873505.647754,8380249624.2121725,8344953033.861496,8307924990.881487,8269124784.461877,8228511600.403898,8186044594.867628,8141682975.37102,8618632518.379545,8556666073.502366,8492129368.029763,8424980168.856008,8355177996.61191,8282684370.005696,8238401299.029704,8156710696.221734,8072734424.265486,7986474725.499245,7897937991.286415,7807135048.468814,6089540271.369101,6016644552.735606,5942479813.438695,5867066098.705135,5790426254.208324,5712586038.468743,5633574234.132423,6349408849.485888,6252460798.248719,6153956551.624743,6053973214.22446,5952595900.669178,5849918061.082056,5746041798.204845,5641078174.410317,4492070424.397877,4383760015.553181,4275938008.148536,4168798238.855561,4062547141.9382176,3957404726.526213,3853605732.461941,3751401004.439212,3651059131.719185,3552868409.43456,3457139187.4893174,3364206684.4341664,384457549.6522617,457767137.7418693,541912248.3214532,637592496.2522873,745561158.7588445,866629286.4969873,1362563357.8673136,1506838441.9270017,1667032171.7944798,1844369172.6285565,2040196993.2248647,3232323639.061282,3449059004.1261425,3689480626.539033,3955640979.005215,4249765734.9421415,7577952628.479718,8088047301.698675,8630195284.510332,9205191810.01459,9813498140.63424,15908690381.547068,16338158249.766731,16734110212.137651,17085437812.794975,17378858270.219803,17143895485.037151,16891714939.239923,16493408596.923138,15931455492.76307,15189410243.404787,15828275626.333488,14909349160.034555,13750318945.83995,12343128771.828075,10696908581.485931,8847393450.055214,1652560821.4165626,826306535.110677,284849554.79349965,15227349.273242474,-53748058.032510765,-522358451.85995317,-625523992.9844109,-689230596.8505359,-419993615.46750057,0.0
2875.0,3977907064.20311,3983674459.58624,3989480860.94367,3995326812.641329,4001212866.335688,4007139581.053849,4013107523.273977,4019117267.006049,4025169393.872876,4031264493.191408,4037403162.05426,4043586005.4114623,4049813636.152381,4056086675.187808,4062405751.532135,4068771502.385664,4075184573.216919,4081645617.845015,4088155298.521964,4094714286.014932,4101323259.6883936,4107982907.586133,4114693926.513009,4121457022.116527,4128272908.968056,4135142310.6437287,4142065959.8048906,4149044598.2781153,4156078977.134649,4163169856.769279,4170318006.978527,4177524207.03809,4184789245.779493,4192113921.6658144,4199499042.8664737,4206945427.3309326,4214453902.861261,4222025307.183462,4229660488.0174594,4237360303.145634,4245125620.4798303,4252957318.126704,4260856284.451285,4268823418.138679,4276859628.253706,4284965834.298448,4293142966.267452,4301391964.700549,4309713780.733088,4318109376.143404,4326579723.397456,4335125805.6903305,4343748616.984552,4352449162.044961,4361228456.469965,4370087526.718978,4379027410.135848,4388049154.968025,4397153820.381272,4406342476.469676,4415616204.260693,4424976095.714997,4434423253.720851,4443958792.082726,4453583835.503861,4463299519.562499,4473106990.681434,4483007406.090578,4493001933.782192,4503091752.458403,4513278051.470667,4523562030.750782,4533944900.733021,4544427882.26697,4555012206.520687,4565699114.873612,4576489858.798853,4587385699.734309,4598387908.942091,4609497767.355724,4620716565.414566,4632045602.884847,4643486188.666693,4655039640.586559,4666707285.174314,4678490457.424345,4690390500.5399685,4702408765.66032,4714546611.568983,4726805404.38356,4739186517.22525,4751691329.867633,4764321228.36363,4777077604.649756,4789961856.126596,4802975385.214457,4816119598.883095,4829395908.154421,4842805727.576845,4856350474.670177,4870031569.33965,4883850433.25778,4897808489.212591,4911907160.420756,4926147869.804089,4940532039.227798,4955061088.698766,4969736435.522154,4984559493.41448,4999531671.571217,5014654373.686993,5029928996.92621,5045356930.842022,5060939556.24127,5076678243.99312,5092574353.778852,5108629232.780261,5124844214.303944,5141220616.338667,5157759740.042897,5174462868.159383,5191331263.353594,5208366166.472725,5225568794.721682,5242940339.752457,5260481965.663076,5278194806.902142,5296079966.074778,5314138511.64567,5332371475.534684,5350779850.600279,5369364588.005785,5388126594.463419,5407066729.350594,5426185801.692898,5445484567.007874,5464963724.003428,5484623911.124476,5504465702.941072,5524489606.371077,5544696056.72995,5565085413.600167,5585657956.512126,5606413880.428301,5627353291.0219,5648476199.740951,5669782518.648298,5691272055.027621,5712944505.745058,5734799451.355747,5756836349.943829,5779054530.684296,5801453187.114279,5824031370.10099,5846787980.4928665,5869721761.440058,5892831290.369542,5916114970.599745,5939571022.578757,5963197474.729683,5986992153.885767,6010952675.297418,6035076432.192371,6059360584.869478,6083802049.305838,6108397485.256025,6133143283.821575,6158035554.467613,6183070111.462981,6208242459.718989,6233547780.001143,6258980913.487066,6284536345.642907,6310208189.389505,6335990167.528397,6361875594.396858,6387857356.71995,6413927893.626536,6440079175.794996,6466302683.693518,6492589384.878387,6518929710.313003,6545313529.668912,6571730125.569403,6598168166.735033,6624615679.989543,6651060021.083773,6677487844.294344,6703885070.753119,6730236855.463026,6756527552.955087,6782740681.541568,6808858886.119726,6834863899.481052,6860736502.081123,6886456480.22601,7401646081.423033,7401259849.603511,7399989565.201618,7397801766.363901,7394662171.106056,7390535677.410473,7065865280.110321,7043178785.071772,7019279196.567592,6994134369.863999,6967711887.54516,6939979105.983879,7146044450.49971,7101179585.545424,7054751723.028556,7006734842.210947,6957103490.457772,6905832874.182164,6852898956.046596,7294515007.178736,7231989944.9953,7167274840.3204365,7100339752.626599,7031156554.410542,6959699147.696834,7015187397.132507,6935755743.338511,6854431283.946439,6771226402.402942,6686157531.488565,6599245405.573236,4596646576.072927,4524829445.439326,4452482208.784462,4379651360.720113,4306385870.527912,4232737119.7424994,4158758815.20072,5162295858.201653,5073605995.927132,4983774408.98127,4892865668.398139,4800949641.029592,4708101557.119261,4614402047.481871,4519937145.952248,3371446467.979987,3271925870.3923173,3172642927.828874,3073706669.6500216,2975228236.0715613,2877320583.4570565,2780098194.0063734,2683676802.544567,2588173156.121022,2493704825.4977274,2400390091.319804,2308347931.776946,-1234153536.4695082,-1215357888.2998395,-1190237179.93937,-1158563784.3426597,-1120119751.6696343,-1074701640.3394,-879799105.3490335,-827265702.056758,-769660255.4023018,-706932305.2630637,-639028057.376101,155343843.84442014,203046926.1515877,255704598.16015565,313457200.33243227,376447058.6356939,903955570.0831592,1001988559.0964168,1102264505.560448,1204342412.9467149,1307689300.4636028,1060751657.883808,1002328757.5361272,934092834.5633312,856135882.1680727,768839499.3625998,-399669592.5800559,-439587509.0529552,-479652267.67694414,-516291088.6503948,-545339301.3340213,-588996921.3951402,-657167141.7138913,-690537275.5474888,-683922948.1640443,-634904926.9184544,-545752144.6904302,-85154040.32644668,-61703137.4075836,-37496106.93993662,-17845358.669676393,-5832164.47802907,-425900128.0683256,-439739535.01953244,-363134071.8984373,-93190271.75849661,0.0
2874.0,4068611191.715226,4073923062.6390543,4079265806.769659,4084639858.988896,4090045659.899407,4095483655.8789663,4100954299.134623,4106458047.7566814,4111995365.772439,4117566723.1996818,4123172596.099864,4128813466.630973,4134489823.099977,4140202160.014917,4145950978.136458,4151736784.52899,4157560092.611141,4163421422.205682,4169321299.588782,4175260257.538522,4181238835.3826647,4187257579.045562,4193317041.0941806,4199417780.783168,4205560364.098871,4211745363.8022814,4217973359.470785,4224244937.538671,4230560691.336318,4236921221.1279583,4243327134.147944,4249779044.6354346,4256277573.8673897,4262823350.1898017,4269417009.0470257,4276059193.00914,4282750551.797206,4289491742.306317,4296283428.626327,4303126282.060112,4310020981.139264,4316968211.637081,4323968666.578665,4331023046.24807,4338132058.192268,4345296417.221832,4352516845.408134,4359794072.076912,4367128833.79804,4374521874.371274,4381973944.807844,4389485803.307632,4397058215.231789,4404691953.070521,4412387796.405882,4420146531.869279,4427968953.093499,4435855860.658987,4443808062.034115,4451826371.509172,4459911610.123812,4468064605.5876255,4476286192.193592,4484577210.724043,4492938508.348831,4501370938.515371,4509875360.830202,4518452640.93165,4527103650.353304,4535829266.377802,4544630371.880608,4553507855.163267,4562462609.775751,4571495534.327421,4580607532.286068,4589799511.764627,4599072385.294938,4608427069.588091,4617864485.280745,4627385556.666852,4636991211.414177,4646682380.264952,4656459996.720055,4666324996.705961,4676278318.223827,4686320900.979893,4696453685.996489,4706677615.202795,4716993631.004562,4727402675.831908,4737905691.664244,4748503619.531496,4759197398.990529,4769987967.575815,4780876260.223309,4791863208.666356,4802949740.802591,4814136780.030541,4825425244.554752,4836816046.658138,4848310091.940195,4859908278.519723,4871611496.200567,4883420625.598896,4895336537.230425,4907360090.555957,4919492132.983593,4931733498.825727,4944085008.209114,4956547465.935993,4969121660.294342,4981808361.815162,4994608321.974632,5007522271.838875,5020550920.649029,5033694954.344191,5046955034.01964,5060331794.317802,5073825841.749132,5087437752.940084,5101168072.805256,5115017312.640498,5128985948.133909,5143074417.291255,5157283118.272388,5171612407.135056,5186062595.482264,5200633948.009323,5215326679.946487,5230140954.392897,5245076879.537466,5260134505.76206,5275313822.622193,5290614755.700295,5306037163.326323,5321580833.16036,5337245478.631592,5353030735.227865,5368936156.629679,5384961210.682417,5401105275.200238,5417367633.594774,5433747470.32161,5450243866.137192,5466855793.158506,5483582109.717621,5500421555.002821,5517372743.477816,5534434159.070118,5551604149.119387,5568880918.076176,5586262520.941158,5603746856.4345455,5621331659.885069,5639014495.827436,5656792750.2968445,5674663622.8087,5692624118.0113125,5710671036.998816,5728800968.271303,5747010278.328543,5765295101.883331,5783651331.680098,5802074607.903758,5820560307.163612,5839103531.036434,5857699094.152542,5876341511.8081455,5895024987.086876,5913743397.47297,5932490280.938079,5951258821.483389,5970041834.118313,5988831749.256617,6007620596.510593,6026399987.863586,6045161100.20089,6063894657.178949,6082590910.412544,6101239619.95972,6119830034.084111,6138350868.274545,6156790283.502026,6175135863.694386,6193374592.409705,6211492828.689886,6229476282.076894,6247309986.77503,6264978274.943892,6282464749.108353,6299752253.673399,6316822845.534105,6333657763.773331,6350237398.442705,6366541258.425837,6382547938.386489,6582721412.433989,6571779376.887383,6559895169.265858,6547039079.696324,6533180892.961647,6518289907.609632,6098126972.183062,6064758173.964016,6030199464.528541,5994426633.206851,5957415654.555008,5919142755.301921,5966702573.235995,5914782444.535849,5861513799.745535,5806884790.638784,5750884690.885128,5693503995.750935,5634734526.664474,6044041637.115966,5984720784.127676,5923661703.234648,5860845026.725771,5796252952.568872,5729869410.323408,5889880538.572989,5816203341.137796,5741022591.232192,5664354239.76435,5586217720.937403,5506636158.893658,3233770865.815068,3164388610.6760087,3095136783.428204,3026083642.759125,2957299655.68757,2888857298.258239,2820830812.503791,4108945048.039101,4030776243.4152994,3951784795.270208,3872013647.759388,3791508099.4148417,3710315648.6672025,3628485792.950296,3546069774.696392,2471829385.130291,2382480293.137442,2292908914.70467,2203131780.2464743,2113157331.479598,2022984328.5047464,1932600059.954713,1841978335.3369827,1751077236.2396464,1659836600.1682985,1568175207.3289976,1475987636.5326924,-2774239732.1462617,-2821678440.8566046,-2867991173.798122,-2913434542.8629885,-2958330456.938938,-3003077692.4196763,-3031704608.099773,-3090357990.952818,-3155909591.7187204,-3229551216.3866224,-3312598149.0478773,-2936812284.852616,-3081464350.3096967,-3241346482.267376,-3418303144.211062,-3614346116.8438864,-6153123475.766167,-6496243481.833052,-6866807359.879061,-7266230961.16506,-7695714338.426094,-13205636586.002344,-13668798936.145405,-14115283756.04889,-14535218185.432238,-14916502964.877476,-16443170278.933584,-16266669261.85599,-15975037680.774044,-15549655937.455654,-14971387352.29883,-15410196858.53484,-14804471099.929045,-13958719045.51628,-12852716834.28491,-11477937829.91388,-9845776174.695265,-1732672440.1879184,-982289384.6514424,-460819588.4739329,-162063376.37868544,-35695347.90709146,-301464062.02356064,-260946031.4417518,-151466401.728959,-13501329.938742232,0.0
2873.0,4152629953.831424,4157444632.285068,4162281640.895273,4167141300.451644,4172023935.8502417,4176929876.122137,4181859454.461303,4186813008.251856,4191790879.0945616,4196793412.832624,4201820959.576607,4206873873.72856,4211952514.005191,4217057243.460112,4222188429.505039,4227346443.929934,4232531662.922022,4237744467.0835896,4242985241.448533,4248254375.49759,4253552263.172147,4258879302.886607,4264235897.539186,4269622454.521105,4275039385.7240686,4280487107.545953,4285966040.8946137,4291476611.189752,4297019248.362678,4302594386.853964,4308202465.608788,4313843928.069946,4319519222.168381,4325228800.311113,4330973119.366472,4336752640.646506,4342567829.886427,4348419157.22097,4354307097.157524,4360232128.545924,4366194734.544695,4372195402.583662,4378234624.322716,4384312895.606613,4390430716.415605,4396588590.811738,4402787026.880644,4409026536.668619,4415307636.114803,4421630844.97825,4427996686.759689,4434405688.617731,4440858381.2793255,4447355298.944205,4453896979.183088,4460483962.829384,4467116793.864102,4473796019.293777,4480522189.02102,4487295855.707475,4494117574.628862,4500987903.521745,4507907402.421794,4514876633.493063,4521896160.84808,4528966550.358257,4536088369.454319,4543262186.916321,4550488572.652866,4557768097.469082,4565101332.82291,4572488850.569302,4579931222.691769,4587429021.020867,4594982816.939083,4602593181.071541,4610260682.962117,4617985890.734217,4625769370.735771,4633611687.167777,4641513401.695738,4649475073.043385,4657497256.567972,4665580503.816415,4673725362.061626,4681932373.81814,4690202076.336404,4698535001.074766,4706931673.148429,4715392610.75437,4723918324.571445,4732509317.134609,4741166082.182309,4749889103.97607,4758678856.591143,4767535803.177143,4776460395.187553,4785453071.576891,4794514257.964287,4803644365.762255,4812843791.269249,4822112914.724737,4831452099.325262,4840861690.200079,4850342013.344809,4859893374.51153,4869516058.053615,4879210325.723682,4888976415.422772,4898814539.899028,4908724885.393829,4918707610.233538,4928762843.364673,4938890682.830465,4949091194.186491,4959364408.853201,4969710322.402845,4980128892.778376,4990620038.441763,5001183636.449062,5011819520.449455,5022527478.605431,5033307251.43111,5044158529.545687,5055080951.338728,5066074100.544119,5077137503.719152,5088270627.625231,5099472876.506582,5110743589.263031,5122082036.513046,5133487417.542862,5144958857.137495,5156495402.289266,5168096018.779298,5179759587.627312,5191484901.40482,5203270660.40678,5215115468.676453,5227017829.878103,5238976143.012077,5250988697.9664135,5263053670.899169,5275169119.445335,5287332977.741983,5299543051.265271,5311797011.472469,5324092390.242223,5336426574.105883,5348796798.26263,5361200140.370852,5373633514.108044,5386093662.491333,5398577150.950429,5411080360.144724,5423599478.515916,5436130494.567465,5448669188.861953,5461211125.72715,5473751644.661583,5486285851.430084,5498808608.839724,5511314527.186386,5523797954.362094,5536252965.613165,5548673352.939095,5561052614.122187,5573383941.377697,5585660209.614582,5597873964.296724,5610017408.894806,5622082391.919146,5634060393.523901,5645942511.6735525,5657719447.862808,5669381492.381533,5680918509.116916,5692319919.885785,5703574688.290539,5714671303.093432,5725597761.104648,5736341549.581061,5746889628.133896,5757228410.145098,5767343743.694077,5777220891.998589,5786844513.375772,5796198640.732128,5805266660.594124,5814031291.694543,5822474563.133308,5830577792.135958,5838321561.437367,5845685696.323744,5852649241.371759,5859190436.930006,5769333133.982361,5748985423.21709,5727674091.189222,5705373841.148951,5682059165.50646,5657704380.347931,5168810624.206049,5126493505.681723,5083047238.26087,5038455513.637342,4992702586.506516,4945773354.506376,4854006064.98316,4797294327.147329,4739475322.082792,4680550026.203305,4620520954.511832,4559392261.9501095,4497169848.107806,4863743074.198661,4810618570.813301,4756259366.114687,4700655213.997467,4643796955.271559,4585676616.213401,4851532442.335393,4786434810.698954,4720214473.735352,4652885357.181597,4584463904.293384,4514969225.484673,2003182275.0964344,1936627519.6806705,1870746580.2794783,1805624764.3092823,1741349582.3520782,1678010483.25239,1615698535.1537752,3172017286.4353456,3106138928.912641,3039706756.197658,2972739148.4247675,2905254197.603289,2837269413.9429207,2768801382.5609093,2699865363.332787,1779870394.556058,1703703282.36449,1626895789.8645506,1549392818.947331,1471125063.4990716,1392006675.0089428,1311932596.5869324,1230775519.1747687,1148382407.0713987,1064570532.2396044,979122948.0653352,891783323.1447021,-3993347754.984901,-4096827746.491343,-4202993686.258138,-4312375588.858061,-4425591865.771744,-4543362938.497148,-4578671372.453815,-4717435865.879444,-4871210175.429001,-5041996205.493756,-5232006184.854978,-5160127825.303638,-5436119915.116296,-5740785851.469669,-6077281608.309513,-6449058152.505139,-11112286912.11248,-11758356962.6834,-12454295676.531187,-13203370126.274796,-14008854196.78604,-23268731627.51673,-24202577221.45404,-25157565002.59302,-26129171412.350582,-27111324037.3206,-31699228442.02271,-32283413462.730644,-32812382953.09364,-33264043688.62295,-33609401620.19081,-32869240331.38808,-33373560475.47676,-33664608544.495045,-33664879025.26591,-33272595466.89115,-32355948143.78822,-17544838239.677048,-13770061588.01864,-9818932141.780474,-6035904380.89315,-2905050337.553255,-191572773.92991275,-132415214.50914645,-50644865.37284483,-1292969.2549701433,0.0
2872.0,4230446217.32327,4234729298.897318,4239025854.2642784,4243336086.9086313,4247660202.78468,4251998410.3197184,4256350920.416067,4260717946.452032,4265099704.28165,4269496412.233267,4273908291.106766,4278335564.169537,4282778457.150957,4287237198.235492,4291712018.054205,4296203149.674719,4300710828.589482,4305235292.702319,4309776782.313158,4314335540.100881,4318911811.104193,4323505842.700454,4328117884.582365,4332748188.7324295,4337397009.395108,4342064603.046536,4346751228.36175,4351457146.179297,4356182619.463108,4360927913.261568,4365693294.663599,4370479032.751745,4375285398.55201,4380112664.980412,4384961106.786121,4389831000.490982,4394722624.325347,4399636258.160034,4404572183.4342985,4409530683.079603,4414512041.439102,4419516544.18261,4424544478.216901,4429596131.591187,4434671793.397558,4439771753.666204,4444896303.2552185,4450045733.734792,4455220337.265569,4460420406.470947,4465646234.303125,4470898113.902594,4476176338.450921,4481481201.016497,4486812994.39302,4492172010.930464,4497558542.358204,4502972879.600052,4508415312.580902,4513886130.024632,4519385619.243021,4524914065.915249,4530471753.857742,4536058964.783932,4541675978.053588,4547323070.411354,4553000515.714083,4558708584.646551,4564447544.425162,4570217658.489196,4576019186.179083,4581852382.401396,4587717497.279881,4593614775.792175,4599544457.391627,4605506775.613713,4611501957.666441,4617530224.004252,4623591787.884753,4629686854.907698,4635815622.535584,4641978279.595177,4648175005.759333,4654405971.008349,4660671335.070179,4666971246.83868,4673305843.769208,4679675251.250656,4686079581.953139,4692518935.150502,4698993396.016645,4705503034.8948765,4712047906.5391865,4718628049.326583,4725243484.439364,4731894215.016295,4738580225.271622,4745301479.580724,4752057921.531254,4758849472.938554,4765676032.824097,4772537476.355564,4779433653.747364,4786364389.120012,4793329479.317083,4800328692.678133,4807361767.766127,4814428412.047695,4821528300.524628,4828661074.314873,4835826339.181259,4843023664.006148,4850252579.210102,4857512575.1126175,4864803100.232904,4872123559.528664,4879473312.570662,4886851671.650875,4894257899.821976,4901691208.865686,4909150757.187649,4916635647.636198,4924144925.24248,4931677574.879218,4939232518.835302,4946808614.3034,4954404650.777594,4962019347.3579855,4969651349.959175,4977299228.419336,4984961473.506577,4992636493.819147,5000322612.575972,5008018064.29388,5015720991.347792,5023429440.410012,5031141358.764733,5038854590.493658,5046566872.5286255,5054275830.566944,5061978974.84516,5069673695.766643,5077357259.378626,5085026802.693845,5092679328.852133,5100311702.117062,5107920642.7026825,5115502721.425339,5123054354.175419,5130571796.203827,5138051136.217999,5145488290.281966,5152878995.515301,5160218803.585331,5167503073.987299,5174726967.107024,5181885437.060486,5188973224.305094,5195984848.017075,5202914598.229834,5209756527.727942,5216504443.691736,5223151899.087589,5229692183.79907,5236118315.494591,5242423030.227179,5248598772.762635,5254637686.632516,5260531603.908863,5266272034.698256,5271850156.353175,5277256802.39946,5282482451.179424,5287517214.210989,5292350824.26425,5296972623.157993,5301371549.279903,5305536124.835604,5309454442.833259,5313114153.812237,5316502452.326086,5319606063.19257,5322411227.525553,5324903688.566379,5327068677.335314,5328890898.126781,5330354513.875782,5331443131.426834,5332139786.741098,5332426930.0822525,5332286411.22681,5331699464.750601,5330646695.449366,5329108063.95842,5327062872.644239,5324489751.8489685,4972084531.808441,4943514044.09816,4913990771.589329,4883494192.903555,4852003834.143793,4819499314.485961,4288992053.942472,4239403245.532808,4188774675.964308,4137097476.522655,4084363624.3792944,4030566027.905273,3816040937.7924914,3756495195.368545,3696092348.0582967,3634844202.492522,3572764374.2404747,3509868385.2416654,3446173763.232017,3745060452.539197,3700225929.6199927,3654692146.25908,3608457096.8873,3561519256.403686,3513877602.379251,3884059408.323883,3829666286.21884,3774526865.313136,3718649230.3083415,3662042721.212277,3604718012.88181,905684253.4716516,841583820.9617562,778554056.0080442,716692230.2809856,656098156.9153547,596873948.3690131,539123721.7226179,2330670695.809075,2278396993.813916,2225835993.026672,2172984117.336254,2119835530.3269384,2066381806.8511667,2012611567.4960127,1958510070.868637,1268839020.082434,1210085288.1557643,1150502744.1734362,1090003105.6615582,1028484092.5491152,965827296.1923182,901895718.0595382,836530926.0097754,769549768.040829,700740574.1740221,629858766.6465683,556621786.661326,-4700362946.850502,-4833503240.481758,-4970436471.392721,-5111640815.687843,-5257663980.77637,-5409133548.538741,-5154772237.973489,-5306336890.789244,-5473724887.573735,-5658961592.61742,-5864288267.977407,-5893432839.456674,-6181101213.202495,-6498512024.113864,-6848882060.177716,-7235741842.12563,-12214295638.644508,-12895463102.955952,-13630941452.899347,-14425525268.523174,-15284560217.25919,-25502744864.76657,-26716408087.273464,-28018701354.23962,-29420347160.03768,-30933769523.433067,-39444036305.83084,-41226139936.96503,-43180082412.26199,-45324751557.72264,-47678834311.60785,-44542193617.0909,-47418617184.61863,-50566494233.279816,-53997613006.38167,-57708662771.09563,-61666461713.73805,-75828610881.838,-75073516371.07693,-72162824555.4715,-66060707566.04532,-55528715073.65102,-5536065812.657601,-1093936936.0163293,-42914929.41333435,-82735.65388613909,0.0
2871.0,4302581640.319949,4306306347.312645,4310035459.11367,4313769060.116007,4317507235.545729,4321250071.440488,4324997654.6265135,4328750072.6941,4332507413.971479,4336269767.497067,4340037222.98999,4343809870.818818,4347587801.96847,4351371108.005196,4355159881.039552,4358954213.687354,4362754199.028431,4366559930.563214,4370371502.166985,4374189008.0417385,4378012542.665592,4381842200.739593,4385678077.13188,4389520266.819098,4393368864.824917,4397223966.155608,4401085665.732548,4404954058.321536,4408829238.458802,4412711300.373616,4416600337.907337,4420496444.428812,4424399712.745974,4428310235.013493,4432228102.636384,4436153406.169365,4440086235.21187,4444026678.298541,4447974822.785036,4451930754.728988,4455894558.765971,4459866317.980247,4463846113.770184,4467834025.70806,4471830131.394181,4475834506.305,4479847223.635091,4483868354.132767,4487897965.929098,4491936124.360098,4495982891.781874,4500038327.378487,4504102486.962234,4508175422.766152,4512257183.228448,4516347812.768547,4520447351.554549,4524555835.261716,4528673294.821745,4532799756.16248,4536935239.937765,4541079761.247052,4545233329.3445015,4549395947.337099,4553567611.871559,4557748312.8095045,4561938032.890611,4566136747.383273,4570344423.722378,4574561021.133758,4578786490.24486,4583020772.6812,4587263800.648055,4591515496.496993,4595775772.276659,4600044529.267305,4604321657.498538,4608607035.249723,4612900528.532417,4617201990.554313,4621511261.16399,4625828166.275913,4630152517.274933,4634484110.399708,4638822726.104244,4643168128.396915,4647520064.156156,4651878262.42206,4656242433.663144,4660612269.017365,4664987439.506606,4669367595.223755,4673752364.491403,4678141352.991331,4682534142.863745,4686930291.775276,4691329331.954765,4695730769.195726,4700134081.824428,4704538719.632448,4708944102.77257,4713349620.616794,4717754630.575251,4722158456.874754,4726560389.29567,4730959681.865737,4735355551.509506,4739747176.651905,4744133695.774471,4748514205.922797,4752887761.163496,4757253370.989219,4761609998.669972,4765956559.549063,4770291919.281935,4774614892.016072,4778924238.510109,4783218664.190287,4787496817.142248,4791757286.036176,4795998597.983245,4800219216.321241,4804417538.327135,4808591892.854501,4812740537.893343,4816861658.050123,4820953361.945536,4825013679.527543,4829040559.297258,4833031865.445013,4836985374.894091,4840898774.249353,4844769656.648119,4848595518.5105,4852373756.1863365,4856101662.495907,4859776423.161478,4863395113.126732,4866954692.761094,4870452003.945918,4873883766.039478,4877246571.717677,4880536882.687387,4883751025.26931,4886885185.847191,4889935406.180376,4892897578.576504,4895767440.921343,4898540571.562706,4901212384.045443,4903778121.694641,4906232852.044119,4908571461.107586,4910788647.489706,4912878916.33474,4914836573.110325,4916655717.224367,4918330235.47314,4919853795.318859,4921219837.995571,4922421571.442152,4923451963.061913,4924303732.308538,4924969343.098644,4925440996.051762,4925710620.559061,4925769866.683012,4925610096.890635,4925222377.624048,4924597470.71282,4923725824.633601,4922597565.623802,4921202488.657127,4919530048.290157,4917569349.390894,4915309137.761428,4912737790.66914,4909843307.302492,4906613299.169859,4903034980.462141,4899095158.402599,4894780223.6101885,4890076140.505775,4884968437.7942505,4879442199.059032,4873482053.509846,4867072166.929003,4860196232.866281,4852837464.138002,4844978584.691588,4836601821.903212,4827688899.383217,4818221030.371299,4808178911.811701,4797542719.207586,4786292102.363247,4200172535.273907,4164553140.680284,4128019112.3855166,4090554805.521576,4052144834.035423,4012774122.7043314,3467362722.090791,3412074521.981245,3355855853.4468484,3298704504.33414,3240619291.3055253,3181600143.3814898,2857563015.3512454,2796802465.464567,2735428440.5193696,2673461145.3244047,2610922717.391426,2547837316.348028,2484231214.298618,2675954973.308968,2640518975.013757,2604930800.559478,2569196517.129576,2533322057.6189365,2497313166.5313272,2967571799.3515267,2925268608.384956,2882600327.035812,2839567758.683032,2796171547.423732,2752412173.337222,-58366428.853530645,-120901186.89911675,-182133569.32424736,-241960220.1369114,-300274626.56461906,-356967255.1663244,-411925727.01195145,1561258759.2400732,1523386716.62681,1485530325.977595,1447670656.7218633,1409785359.2905202,1371848393.085549,1333829742.3800333,1295695119.6437557,895111087.2266796,858301818.0368085,820778128.1843334,782456828.7752954,743246861.7603197,703048319.3624036,661751284.2991624,619234455.7764342,575363520.0298368,529989217.071698,482945047.1701424,434044551.3531747,-4818875445.39486,-4950116321.173077,-5083453188.987029,-5219019483.302476,-5356965626.813864,-5497462094.838467,-4696605745.1849,-4786467971.318202,-4885296096.712527,-4994323558.444871,-5114914053.946935,-5033165406.191685,-5204579369.086,-5393962354.641497,-5603247325.811553,-5834543396.025041,-9162674800.02983,-9581223996.52288,-10032897039.378304,-10521183602.49636,-11050194336.78392,-18008056479.8442,-18869779199.34853,-19818674500.9642,-20869856687.026733,-22041713836.814312,-30079347016.221268,-31735183891.55932,-33649017057.60028,-35873596054.68614,-38474128907.00986,-34500122327.969826,-37741590250.024864,-41570608947.13071,-46135613772.47772,-51637239839.75448,-58352899751.46825,-117355458009.67365,-133499430306.14868,-153440652386.8296,-178308768876.261,-209362755147.47708,-302871255723.89935,-276282465075.86066,-178421998795.74265,-21978857277.263535,0.0
2870.0,4369589715.04459,4372737171.588596,4375879854.54093,4379017728.856288,4382150758.707316,4385278907.439547,4388402137.524486,4391520410.510817,4394633686.97362,4397741926.461591,4400845087.442124,4403943127.244257,4407036001.999353,4410123666.579473,4413206074.533336,4416283178.019823,4419354927.738895,4422421272.859892,4425482160.947059,4428537537.882281,4431587347.784881,4434631532.928384,4437670033.654202,4440702788.282053,4443729733.017082,4446750801.853527,4449765926.474844,4452775036.150156,4455778057.626909,4458774915.019623,4461765529.694598,4464749820.150437,4467727701.894275,4470699087.313522,4473663885.543054,4476622002.327625,4479573339.879381,4482517796.730324,4485455267.579544,4488385643.135054,4491308809.950059,4494224650.253476,4497133041.774532,4500033857.561196,4502926965.792334,4505812229.583308,4508689506.784853,4511558649.774982,4514419505.243732,4517271913.970501,4520115710.59373,4522950723.372695,4525776773.941196,4528593677.052783,4531401240.317364,4534199263.928857,4536987540.383593,4539765854.189224,4542533981.563793,4545291690.124658,4548038738.566985,4550774876.331425,4553499843.260677,4556213369.244557,4558915173.853241,4561604965.958267,4564282443.3409605,4566947292.287827,4569599187.172569,4572237790.024268,4574862750.0812645,4577473703.330398,4580070272.031007,4582652064.22333,4585218673.220753,4587769677.085421,4590304638.086712,4592823102.141987,4595324598.23914,4597808637.840316,4600274714.266245,4602722302.060612,4605150856.333777,4607559812.085302,4609948583.504537,4612316563.248669,4614663121.697483,4616987606.18417,4619289340.201395,4621567622.581918,4623821726.652966,4626050899.36356,4628254360.383983,4630431301.176515,4632580884.036642,4634702241.103729,4636794473.340342,4638856649.479257,4640887804.937108,4642886940.693798,4644853022.136574,4646784977.86772,4648681698.474828,4650542035.262524,4652364798.9445,4654148758.294709,4655892638.75653,4657595121.008661,4659254839.486543,4660870380.857931,4662440282.451433,4663963030.636546,4665437059.153898,4666860747.394273,4668232418.624933,4669550338.161863,4670812711.486341,4672017682.304369,4673163330.547405,4674247670.312747,4675268647.742029,4676224138.836134,4677111947.204869,4677929801.749685,4678675354.277732,4679346177.045507,4679939760.230305,4680453509.327686,4680884742.473178,4681230687.686335,4681488480.035386,4681655158.720572,4681727664.074354,4681702834.476625,4681577403.183084,4681347995.064938,4681011123.258098,4680563185.720064,4680000461.692724,4679319108.069313,4678515155.663857,4677584505.381416,4676522924.28756,4675326041.575559,4673989344.429869,4672508173.784578,4670877719.975555,4669093018.285305,4667148944.3795,4665040209.634487,4662761356.355116,4660306752.8825445,4657670588.591963,4654846868.780167,4651829409.44361,4648611831.947525,4645187557.587267,4641549802.04342,4637691569.732513,4633605648.055857,4629284601.549423,4624720765.938306,4619906242.100002,4614832889.941386,4609492322.195086,4603875898.141762,4597974717.265856,4591779612.853209,4585281145.540238,4578469596.82546,4571334962.555608,4563866946.399891,4556054953.327671,4547888083.1064415,4539355123.839039,4530444545.560795,4521144493.919903,4511442783.96641,4501326894.077998,4490783960.053636,4479800769.409126,4468363755.912109,4456458994.397625,4444072195.909304,4431188703.215678,4417793486.755555,4403871141.071566,4389405881.796459,4374381543.262492,4358781576.810801,4342589049.884337,4325786645.995586,4308356665.668204,4290281028.460333,4271541276.1868377,4252118577.467701,3461395970.1141214,3419855684.30728,3377460922.4273567,3334200803.790364,3290064865.447739,3245043116.0555,2710346759.487971,2650790237.65101,2590424321.315052,2529252467.277337,2467279248.141513,2404510427.9598207,1980444730.894241,1919739578.525947,1858645721.5204475,1797189113.1036348,1735397623.935904,1673301120.589646,1610931544.3357215,1642732103.656785,1616777562.1554115,1591208171.0781598,1566038573.238873,1541282773.210709,1516954016.4174275,2079877563.888599,2050255300.014742,2020663772.484988,1991097729.518005,1961550376.8281696,1932013276.874504,-888477768.6709499,-950570119.5298344,-1011299439.0249304,-1070563216.5347962,-1128255094.2959118,-1184264841.4563084,-1238478344.6377015,838273240.9126394,814946874.3486755,791996729.3421714,769397137.0160353,747118584.199086,725127544.9101686,703386328.5643299,681852949.870656,598016126.4284563,586899329.0977721,575443105.7982869,563590492.3264234,551285600.1235769,538474313.3390853,525105057.7971599,511129641.0674019,496504161.0316968,481189978.1302896,465154743.81027937,448373474.5476256,-4408391878.786067,-4512756113.680782,-4615766535.705924,-4717073178.449243,-4816278380.567675,-4912931305.427269,-3478230569.776237,-3456269162.6832123,-3431657092.855508,-3404365715.922388,-3374358011.9750447,-3039846751.284645,-3012555943.7875376,-2983834840.209936,-2953567089.2174554,-2921568092.009738,-3311493311.7854314,-3278763794.693094,-3239443774.758389,-3192645412.785012,-3137412860.158153,-3439081600.126941,-3331736508.849801,-3213185683.589101,-3083235273.200342,-2941906758.180483,-4761103138.718928,-4362780263.763563,-3958605516.404881,-3554419670.535201,-3157341924.1708755,-1408537860.7404358,-1282606224.798529,-1179041942.469619,-1100736390.6637225,-1050020636.8262024,-1028243696.3726386,-1945535548.7754157,-2063562229.5018995,-2206051834.7447844,-2382820238.0636883,-2610261848.7823715,-7273966124.685353,-8379778252.59362,-10254931704.513056,-14502041198.025928,0.0
2869.0,4432048467.710623,4434607883.310508,4437153341.979431,4439684690.321469,4442201772.586142,4444704430.601225,4447192503.703383,4449665828.66659,4452124239.628263,4454567568.01304,4456995642.454101,4459408288.712011,4461805329.590952,4464186584.852303,4466551871.125466,4468901001.815863,4471233787.01001,4473550033.377587,4475849544.070395,4478132118.61813,4480397552.820853,4482645638.638077,4484876164.074335,4487088913.061154,4489283665.335322,4491460196.313301,4493618276.961719,4495757673.663774,4497878148.081479,4499979457.013539,4502061352.2488365,4504123580.415296,4506165882.824031,4508187995.308641,4510189648.059478,4512170565.452765,4514130465.874379,4516069061.538153,4517986058.298552,4519881155.457505,4521754045.565264,4523604414.215078,4525431939.831524,4527236293.452271,4529017138.503113,4530774130.566042,4532506917.140188,4534215137.3953495,4535898421.917973,4537556392.449292,4539188661.615425,4540794832.649173,4542374499.103291,4543927244.554955,4545452642.30119,4546950255.044965,4548419634.571682,4549860321.415807,4551271844.517293,4552653720.867554,4554005455.1446295,4555326539.337266,4556616452.357543,4557874659.641747,4559100612.739137,4560293748.888203,4561453490.580145,4562579245.109094,4563670404.108747,4564726343.075031,4565746420.874332,4566729979.2369175,4567676342.235115,4568584815.745775,4569454686.896616,4570285223.495914,4571075673.445145,4571825264.133995,4572533201.817314,4573198670.97344,4573820833.643386,4574398828.750342,4574931771.398928,4575418752.1536045,4575858836.295712,4576251063.058424,4576594444.839144,4576887966.38855,4577130583.975771,4577321224.528925,4577458784.7504015,4577542130.206176,4577570094.388384,4577541477.750511,4577455046.714375,4577309532.648142,4577103630.814646,4576835999.289112,4576505257.845541,4576109986.810905,4575648725.8862295,4575119972.933785,4574522182.72941,4573853765.679108,4573113086.498959,4572298462.857414,4571408163.979012,4570440409.208496,4569393366.534419,4568265151.071121,4567053823.498116,4565757388.455849,4564373792.896678,4562900924.39013,4561336609.381255,4559678611.401014,4557924629.227569,4556072294.997406,4554119172.26512,4552062754.010715,4549900460.5933695,4547629637.650404,4545247553.940431,4542751399.129467,4540138281.518908,4537405225.714254,4534549170.233449,4531566965.053742,4528455369.096012,4525211047.645499,4521830569.707871,4518310405.299704,4514646922.672382,4510836385.468517,4506874949.810039,4502758661.317154,4498483452.057484,4494045137.424667,4489439412.945967,4484661851.018297,4479707897.572444,4474572868.665152,4469251946.99903,4463740178.370333,4458032468.044809,4452123577.062041,4446008118.468899,4439680553.482885,4433135187.586516,4426366166.553986,4419367472.411863,4412132919.335644,4404656149.48461,4396930628.777542,4388949642.612522,4380706291.534286,4372193486.853301,4363403946.221073,4354330189.166943,4344964532.602219,4335299086.298147,4325325748.345045,4315036200.6007,4304421904.137116,4293474094.695449,4282183778.1603374,4270541726.065672,4258538471.145269,4246164302.943178,4233409263.499807,4220263143.1315713,4206715476.323607,4192755537.756699,4178372338.491671,4163554622.3367314,4148290862.425228,4132569258.034161,4116377731.676203,4099703926.500873,4082535204.043875,4064858642.366634,4046661034.631932,4027928888.165373,4008648424.05649,3988805577.358052,3968385997.946757,3947375052.113874,3925757824.9598966,3903519123.673485,3880643481.781156,3857115164.461464,3832918175.0245833,3808036262.666407,3782452931.614663,3756151451.793884,3729114871.1456914,2762213453.830376,2715803275.145181,2668615341.9656262,2620643263.233867,2571881171.8716908,2522323776.382806,2022280067.5662968,1959718037.765304,1896472172.6857867,1832550514.982913,1767962225.9019718,1702717648.335631,1184172691.1352634,1124451616.0799336,1064538924.7659756,1004463668.1432276,944256674.5540124,883950615.1720061,823580069.5075212,631980530.500968,614575225.825532,598059641.6300197,582457942.204443,567793362.0904374,554088036.7146316,1198188378.9017863,1180976961.065894,1164211873.003615,1147885580.9336882,1131987868.4257884,1116505636.3475254,-1583930381.3547163,-1646653382.662428,-1708114962.498269,-1768221289.4660168,-1826874201.8297987,-1883971006.4618096,-1939404268.005854,135685062.95630074,126230603.40494823,117570598.88480093,109681407.625782,102535627.9083414,96102022.49362469,90345481.0872407,85227030.04589224,303411245.421412,320063724.5161338,336903408.5682173,353894969.81954336,371011282.4627972,388235625.7416129,405564213.2926309,423009086.6616559,440601414.5038455,458395242.783437,476471745.3197668,494944028.2742128,-3639705662.078816,-3706936410.607664,-3769294198.7395806,-3826011258.891605,-3876220769.321135,-3918944750.804511,-2013549374.647984,-1874567492.8989725,-1721426256.841304,-1552930522.1420064,-1367756887.0773954,-756128786.1487067,-526173500.3180653,-276301412.3967161,-4615537.090598464,291052360.2374445,2904451050.0800056,3368165142.9331274,3874411978.7158775,4428282159.716892,5035699641.56326,11211485535.112314,12256341196.964518,13412370396.025858,14695890533.21566,16126230631.87215,20424832365.024765,22883749497.187515,25624392779.134186,28690601887.96757,32136603961.30905,31726536770.36776,35318258545.46735,39472512179.39866,44332891573.42051,50095745016.24328,57035845364.549706,116518334031.6151,132880992476.3761,153113080378.76804,178372090095.42657,209955031154.5224,308614362218.5187,282148870701.5382,182541756364.29803,22493284207.78297,0.0
2868.0,4490552897.684448,4492521656.616207,4494467374.825075,4496389783.063614,4498288608.220064,4500163573.230695,4502014396.989754,4503840794.256894,4505642475.562065,4507419147.107741,4509170510.668455,4510896263.487528,4512596098.170926,4514269702.578188,4515916759.71027,4517536947.594318,4519129939.165196,4520695402.143711,4522232998.911452,4523742386.382118,4525223215.869269,4526675132.950361,4528097777.326992,4529490782.681234,4530853776.527935,4532186380.062891,4533488208.006773,4534758868.444659,4535997962.661096,4537205084.970494,4538379822.542818,4539521755.224341,4540630455.353385,4541705487.570897,4542746408.625695,4543752767.174246,4544724103.574831,4545659949.675913,4546559828.598581,4547423254.512856,4548249732.407732,4549038757.854764,4549789816.764975,4550502385.138989,4551175928.810098,4551809903.180141,4552403752.947948,4552956911.83017,4553468802.2742605,4553938835.163414,4554366409.513204,4554750912.159719,4555091717.438966,4555388186.8572445,4555639668.752317,4555845497.9450655,4556004995.381382,4556117467.764056,4556182207.174336,4556198490.682905,4556165579.9499855,4556082720.814269,4555949142.8703575,4555764059.034388,4555526665.097593,4555236139.267348,4554891641.695485,4554492313.993444,4554037278.733947,4553525638.938818,4552956477.552575,4552328856.901447,4551641818.13733,4550894380.666413,4550085541.561964,4549214274.960873,4548279531.443602,4547280237.396958,4546215294.359385,4545083578.348216,4543883939.168488,4542615199.702748,4541276155.181479,4539865572.433522,4538382189.116091,4536824712.92376,4535191820.775986,4533482157.982532,4531694337.386299,4529826938.48297,4527878506.516915,4525847551.552734,4523732547.521862,4521531931.24365,4519244101.420237,4516867417.604654,4514400199.141493,4511840724.079472,4509187228.055256,4506437903.147902,4503590896.703163,4500644310.127064,4497596197.647968,4494444565.046536,4491187368.352743,4487822512.509374,4484347850.001159,4480761179.448935,4477060244.168015,4473242730.690105,4469306267.247998,4465248422.222351,4461066702.549757,4456758552.091497,4452321349.962127,4447752408.817269,4443048973.099904,4438208217.244425,4433227243.837808,4428103081.737237,4422832684.143553,4417412926.62986,4411840605.124736,4406112433.849501,4400225043.208929,4394174977.635027,4387958693.383322,4381572556.281315,4375012839.428782,4368275720.849514,4361357281.094417,4354253500.795716,4346960258.172266,4339473326.485921,4331788371.449139,4323900948.584015,4315806500.533075,4307500354.322348,4298977718.577271,4290233680.692226,4281263203.95463,4272061124.624693,4262622148.972162,4252940850.271574,4243011665.757762,4232828893.5437,4222386689.5028734,4211679064.118855,4200699879.304995,4189442845.197424,4177901516.925108,4166069291.360949,4153939403.858478,4141504924.9790735,4128758757.215281,4115693631.7162175,4102302105.021773,4088576555.812939,4074509181.686218,4060091995.960988,4045316824.529325,4030175302.7588105,4014658872.459743,3998758778.929165,3982466068.085264,3965771583.706866,3948665964.7939806,3931139643.066795,3913182840.621879,3894785567.7660313,3875937621.049865,3856628581.5249577,3836847813.250553,3816584462.0776224,3795827454.7406025,3774565498.289342,3752787079.896487,3730480467.0782766,3707633708.369644,3684234634.497801,3660270860.101744,3635729786.048955,3610598602.404252,3584864292.110084,3558513635.441985,3531533215.307608,3503909423.462856,3475628467.7242017,3446676380.261809,3417039027.0645504,3386702118.674348,3355651222.2944098,3323871775.383365,3291349100.8551693,3258068424.013188,3224014891.355675,2107845045.242169,2057513974.929646,2006493014.117976,1954779873.560729,1902372845.78284,1849270851.0491395,1405639583.7228785,1341148962.6424432,1276098192.3818898,1210498815.686801,1144363429.9592505,1077705734.7795837,466369735.5785155,408241009.15558815,350084803.58665705,291930815.92840624,233810275.89041328,175755996.60061026,117802425.49432991,-367488728.5883627,-378226232.2018585,-387626791.461268,-395655712.4006438,-402279241.96014833,-407464760.4275217,301038676.21603584,295043055.2782273,289924756.44599056,285679689.4382906,282300397.8345776,279775771.6605244,-2144172778.573389,-2208291187.7619066,-2271387307.215263,-2333384062.8422346,-2394200052.9999933,-2453749206.8141484,-2511940408.9946594,-571274531.5749159,-568491065.3050661,-564457284.8199425,-559187244.4013424,-552698411.2318344,-545011706.351294,-536151502.9236026,-526145571.4785118,-69757026.63885689,-25407435.101254463,19706745.78649425,65545797.929245,112079283.14826298,159288874.62874222,207171664.9547348,255744016.9153109,305046031.3846798,355146715.517921,406149944.2989845,458201319.1550183,-2737179410.964473,-2773692778.612679,-2803345451.118066,-2825185761.612396,-2838143877.052212,-2841017329.4195747,-869085120.9846911,-653880152.4811366,-417661506.8987546,-158655407.8785646,125079733.58179736,921115776.0678128,1281505098.6348326,1671812446.75984,2094560523.681677,2552564423.955992,7082461523.53854,7763443141.613892,8497558788.946025,9290349956.793253,10148226501.606642,19017429326.408634,20295312643.758667,21685146965.348454,23200769158.96593,24857874295.056248,29019570299.19801,31544193853.822346,34287792049.06088,37265487918.016426,40490753900.71167,41188523329.95064,44568490747.20659,48233236539.330444,52188383883.60041,56420994993.578026,60884056855.595726,77245858311.12857,76554425294.97783,73655571626.24866,67483152525.38773,56761324087.13983,5685281284.830506,1082852200.959138,30424474.259957694,307.36279826781043,0.0
2867.0,4545707241.973256,4547090897.100863,4548442630.495249,4549762060.927544,4551048801.876389,4552302461.421812,4553522642.136455,4554708940.97407,4555860949.155263,4556978252.05034,4558060429.059235,4559107053.488421,4560117692.424713,4561091906.605907,4562029250.288137,4562929271.109901,4563791509.952627,4564615500.79772,4565400770.579974,4566146839.037271,4566853218.556443,4567519414.015221,4568144922.620153,4568729233.740385,4569271828.737194,4569772180.789167,4570229754.712895,4570644006.779093,4571014384.5239725,4571340326.555813,4571621262.356527,4571856612.078146,4572045786.334068,4572188185.98492,4572283201.918903,4572330214.826497,4572328594.969325,4572277701.943067,4572176884.434244,4572025479.97072,4571822814.665758,4571568202.955446,4571260947.329351,4570900338.054164,4570485652.890241,4570016156.800757,4569491101.653353,4568909725.914063,4568271254.333263,4567574897.623554,4566819852.129239,4566005299.487253,4565130406.279331,4564194323.675132,4563196187.06613,4562135115.690032,4561010212.245458,4559820562.496658,4558565234.867988,4557243280.0279045,4555853730.462207,4554395600.03624,4552867883.545797,4551269556.25642,4549599573.430843,4547856869.84422,4546040359.286882,4544148934.054324,4542181464.424009,4540136798.118828,4538013759.756707,4535811150.286165,4533527746.4074,4531162299.978579,4528713537.406963,4526180159.024526,4523560838.447659,4520854221.920615,4518058927.642302,4515173545.075992,4512196634.241634,4509126724.990259,4505962316.260159,4502701875.314362,4499343836.958979,4495886602.742052,4492328540.132382,4488667981.677971,4484903224.143536,4481032527.626763,4477054114.652727,4472966169.24608,4468766835.980515,4464454219.005039,4460026381.046574,4455481342.388414,4450817079.824031,4446031525.585802,4441122566.248083,4436088041.604242,4430925743.517084,4425633414.742228,4420208747.723938,4414649383.362932,4408952909.755675,4403116860.904715,4397138715.399572,4391015895.067734,4384745763.5953045,4378325625.116892,4371752722.77425,4365024237.24337,4358137285.229516,4351088917.929914,4343876119.463705,4336495805.268848,4328944820.465683,4321219938.186838,4313317857.873335,4305235203.536583,4296968521.986213,4288514281.0235534,4279868867.600718,4271028585.9453306,4261989655.650865,4252748209.732786,4243300292.650616,4233641858.2962346,4223768767.948753,4213676788.196376,4203361588.8257794,4192818740.679716,4182043713.483527,4171031873.641468,4159778482.003913,4148278691.606549,4136527545.382896,4124519973.85169,4112250792.780778,4099714700.829392,4086906277.1709375,4073819979.098609,4060450139.616423,4046790965.01845,4032836532.459488,4018580787.5205474,4004017541.772945,3989140470.3451257,3973943109.4968047,3958418854.205258,3942560955.76927,3926362519.436445,3909816502.060429,3892915709.794768,3875652795.831085,3858020258.189581,3840010437.5707273,3821615515.2776856,3802827511.2197495,3783638282.00794,3764039519.1548014,3744022747.3913617,3723579323.115238,3702700432.9850097,3681377092.677064,3659600145.822409,3637360263.142288,3614647941.8028393,3591453505.010504,3567767101.8716483,3543578707.541392,3518878123.68872,3493654979.3067,3467898731.898849,3441598669.075005,3414743910.5921955,3387323410.878858,3359325962.083197,3330740197.6895766,3301554596.749726,3271757488.7789564,3241337059.3709426,3210281356.588403,3178578298.1908946,3146215679.765056,3113181183.8271537,3079462389.9723606,3045046786.150196,3009921781.150857,2974074718.392566,2937492891.10615,2900163559.0190587,2862073966.647664,2823211363.31353,2783563025.0066504,2743116278.2261467,1502410661.1475892,1448987293.7786784,1394967756.513101,1340353402.7075534,1285146184.4885297,1229348690.6927958,861310647.8567991,795773587.4157696,729792779.2504587,663382247.149415,596556959.776515,529332861.5726428,-176679696.7656498,-232898011.3895884,-289014605.8140831,-345001219.1999216,-400828382.3703337,-456465383.0979395,-511880231.0687285,-1362829353.6658478,-1369605246.104103,-1374679790.6116676,-1378007164.2624865,-1379542194.3744144,-1379240544.632555,-629613146.686388,-626550096.9406519,-622180593.3869314,-616498667.9253197,-609501770.0991669,-601191109.8088131,-2569637543.4516487,-2635409180.3577604,-2700494935.823523,-2764841692.8322453,-2828392682.5019603,-2891087075.551059,-2952859524.65139,-1303974315.18648,-1291620508.8816152,-1277558528.815216,-1261787192.9016352,-1244308281.225874,-1225126618.1411796,-1204250126.7450156,-1181689848.1648984,-601337150.6476345,-531583609.7427573,-460465182.0831547,-388057268.61484766,-314432830.00618744,-239660220.9791212,-163800577.37627172,-86904683.95945072,-9009240.685928345,69867566.2830944,149731295.41206837,230617403.266397,-1910703224.899152,-1935370381.600856,-1953629372.340524,-1964647120.628136,-1967490669.252941,-1961115067.279776,-466745376.46657085,-244480853.47601223,-1203518.6633133888,264688329.6985488,554912778.4572692,1367851641.5382648,1744648154.4596584,2150010353.104736,2585758145.0824304,3053829824.310068,7902627545.059548,8521171451.109892,9174644870.240637,9865103623.397226,10594806567.26136,17758673748.898376,18524665455.42153,19319585612.271606,20143590493.932423,20996123759.48362,19564553827.97995,20626333385.76964,21700002963.54176,22765907135.69645,23796626573.497868,27328765922.487698,28311298446.896915,29142755133.4596,29744869381.000443,30009280258.90826,29788682208.143707,18136102086.09184,14236390756.846355,10149438413.221066,6235165623.947963,2997215004.5628643,2315201.7021665215,-63327.30825627534,-889.630370352909,-0.00021756701216002933,0.0
2866.0,4598117154.095549,4598929324.794139,4599700996.261821,4600431680.471956,4601120882.77637,4601768101.782908,4602372829.230147,4602934549.859233,4603452741.282765,4603926873.850655,4604356410.51286,4604740806.678967,4605079510.07447,4605371960.593751,4605617590.14959,4605815822.519185,4605966073.186562,4606067749.181292,4606120248.9134245,4606122962.004536,4606075269.114816,4605976541.766042,4605826142.160427,4605623422.995142,4605367727.272458,4605058388.105405,4604694728.518784,4604276061.245513,4603801688.518045,4603270901.854899,4602682981.842049,4602037197.909123,4601332808.100253,4600569058.839433,4599745184.690285,4598860408.110059,4597913939.197742,4596904975.436123,4595832701.427675,4594696288.624095,4593494895.049333,4592227665.015984,4590893728.834854,4589492202.51752,4588022187.471765,4586482770.18965,4584873021.928097,4583191998.381769,4581438739.348075,4579612268.384104,4577711592.455297,4575735701.575647,4573683568.439262,4571554148.043013,4569346377.300144,4567059174.644545,4564691439.625523,4562242052.49284,4559709873.771749,4557093743.82785,4554392482.421479,4551604888.251436,4548729738.487747,4545765788.293266,4542711770.333814,4539566394.276621,4536328346.276805,4532996288.451601,4529568858.3420725,4526044668.362038,4522422305.233912,4518700329.411186,4514877274.487232,4510951646.590184,4506921923.763524,4502786555.3321295,4498543961.253452,4494192531.4534855,4489730625.147266,4485156570.143534,4480468662.1332445,4475665163.96163,4470744304.88345,4465704279.801099,4460543248.485277,4455259334.777826,4449850625.776465,4444315171.001019,4438650981.540835,4432856029.183069,4426928245.521442,4420865521.045194,4414665704.207847,4408326600.475473,4401845971.354136,4395221533.396134,4388450957.1848,4381531866.297456,4374461836.246264,4367238393.396654,4359859013.863014,4352321122.381401,4344622091.158928,4336759238.699636,4328729828.606548,4320531068.359695,4312160108.0699,4303614039.208098,4294889893.310052,4285984640.656265,4276895188.927022,4267618381.832384,4258150997.717141,4248489748.140633,4238631276.431474,4228572156.217197,4218308889.92892,4207837907.2811418,4197155563.726892,4186258138.888415,4175141834.963727,4163802775.109385,4152237001.7999225,4140440475.1644087,4128409071.300797,4116138580.568617,4103624705.8609424,4090863060.856309,4077849168.251753,4064578457.977894,4051046265.397424,4037247829.488236,4023178291.012803,4008832690.675351,3994205967.268745,3979292955.813009,3964088385.687734,3948586878.760706,3932782947.51542,3916670993.180264,3900245303.862589,3883500052.6908526,3866429295.968655,3849026971.344528,3831286896.001797,3813202764.8731422,3794768148.884872,3775976493.2362986,3756821115.720116,3737295205.0899086,3717391819.481786,3697103884.897226,3676424193.755091,3655345403.5212064,3633860035.42452,3611960473.269661,3589638962.3561826,3566887608.515862,3543698377.2798724,3520063093.188829,3495973439.259385,3471420956.622188,3446397044.3469176,3420892959.471365,3394899817.2525134,3368408591.658994,3341410116.125488,3313895084.5911875,3285854052.845675,3257277440.207533,3228155531.5622783,3198478479.78834,3168236308.6014786,3137418915.8500924,3106016077.296104,3074017450.918192,3041412581.7766204,3008190907.4814644,2974341764.3086066,2939854394.010788,2904717951.373881,2868921512.5718355,2832454084.376875,2795304614.2851763,2757462001.621896,2718915109.693178,2679652779.057038,2639663841.989079,2598937138.2236423,2557461532.055588,2515225930.8928323,2472219305.354912,2428430711.018138,2383849311.913599,2338464405.88982,2292265451.958163,949097259.2522568,893278223.2563267,836957529.7568665,780139675.4758587,722829741.8925867,665033423.8511643,388880423.5413246,322983574.0085945,256747568.6388788,190188001.97142503,123321279.47132684,56164632.553723335,-749516593.2858276,-803761578.0049639,-857809832.6872902,-911636117.209776,-965214357.669919,-1018517628.8631878,-1071518136.2757092,-2355605697.950859,-2361767649.3446217,-2365971512.8259945,-2368160622.493723,-2368278401.7607,-2366268513.78224,-1606192207.6669693,-1597170145.6205463,-1586445373.8672209,-1573995784.715417,-1559802018.4065838,-1543847808.8042326,-2862843974.940504,-2929911137.409191,-2996673335.4191494,-3063106366.829281,-3129183753.90501,-3194876362.196052,-3260151966.103178,-2078076437.0002167,-2059824469.5426111,-2039449408.679493,-2016931283.0552847,-1992252544.7494688,-1965398246.9124424,-1936356223.753245,-1905117271.219788,-1361778706.941042,-1271004359.9172182,-1178175435.9106607,-1083417932.900056,-986868529.1888188,-888674300.8130531,-788992212.8081121,-687988333.5446997,-585836712.27806,-482717849.59892464,-378816678.4691677,-274319959.8037386,-1300743375.7056866,-1336766295.0181637,-1369214713.771691,-1397628347.293434,-1421493262.9144936,-1440235328.0997524,-955207873.1039504,-796304872.4942861,-622389453.4642148,-432564407.0475292,-225914185.21052885,421995981.8685808,706857252.340373,1010297605.0118322,1332713330.2465167,1674375690.805004,5527813162.963655,5887636119.622368,6251205917.577457,6616223230.7784,6979919869.385329,10431291764.178593,10457333345.835236,10434877368.362925,10356924746.33488,10215763483.64877,2883810009.9479456,2644519337.1510906,2359140346.089237,2021470291.7005184,1625777017.3614028,6706398904.838134,6176874556.342797,5522607127.957195,4749659109.138824,3875699177.9654303,2934440237.925308,1708788705.521738,982389898.772168,466135768.5052126,165212610.3276344,36505621.98598782,-352061.1876534851,-21125.307244571377,-71.32178270090776,-1.2772266954388338e-06,0.0
2865.0,4648381888.375422,4648644063.4037285,4648857562.220181,4649021796.424141,4649136169.779445,4649200078.07794,4649212909.000077,4649174041.972518,4649082848.022658,4648938689.630021,4648740920.574431,4648488885.780882,4648181921.161055,4647819353.451376,4647400500.04754,4646924668.835416,4646391158.018282,4645799255.94022,4645148240.905685,4644437380.995078,4643665933.87626,4642833146.611918,4641938255.462682,4640980485.68585,4639959051.329702,4638873155.023235,4637721987.761208,4636504728.684445,4635220544.85522,4633868591.027655,4632448009.412986,4630957929.439589,4629397467.507661,4627765726.738388,4626061796.717512,4624284753.23316,4622433658.00779,4620507558.4241085,4618505487.244875,4616426462.326365,4614269486.325457,4612033546.400057,4609717613.902874,4607320644.068237,4604841575.691926,4602279330.803737,4599632814.332756,4596900913.765034,4594082498.79361,4591176420.960621,4588181513.291418,4585096589.920401,4581920445.708487,4578651855.851958,4575289575.482557,4571832339.2585945,4568278860.94689,4564627832.995359,4560877926.096039,4557027788.738329,4553076046.752268,4549021302.84164,4544862136.106652,4540597101.556023,4536224729.608221,4531743525.581665,4527151969.173632,4522448513.9276495,4517631586.689176,4512699587.049282,4507650886.776157,4502483829.234149,4497196728.790132,4491787870.206968,4486255508.023792,4480597865.922873,4474813136.082871,4468899478.518159,4462855020.404007,4456677855.387394,4450366042.883154,4443917607.355292,4437330537.583117,4430602785.912018,4423732267.488658,4416716859.480276,4409554400.277922,4402242688.683338,4394779483.079329,4387162500.583296,4379389416.183803,4371457861.859926,4363365425.683159,4355109650.901695,4346688035.006922,4338098028.781864,4329337035.331512,4320402409.094785,4311291454.83803,4302001426.629926,4292529526.7976384,4282872904.864184,4273028656.466867,4262993822.2567854,4252765386.7793255,4242340277.335634,4231715362.825142,4220887452.569096,4209853295.115243,4198609577.02373,4187152921.634413,4175479887.815696,4163586968.695171,4151470590.37233,4139127110.613635,4126552817.5303774,4113743928.239679,4100696587.509189,4087406866.386021,4073870760.810518,4060084190.215577,4046042996.1123314,4031742940.66299,4017179705.241861,4002348888.985575,3987246007.333682,3971866490.560877,3956205682.302269,3940258838.073196,3924021123.7852345,3907487614.260248,3890653291.744331,3873513044.42391,3856061664.946152,3838293848.9462905,3820204193.584441,3801787196.094911,3783037252.351034,3763948655.448952,3744515594.313944,3724732152.333202,3704592306.01924,3684089923.708429,3663218764.299479,3641972476.037044,3620344595.345986,3598328545.7222624,3575917636.686744,3553105062.808823,3529883902.807033,3506247118.734494,3482187555.257461,3457697939.035896,3432770878.21544,3407398862.041013,3381574260.602738,3355289324.7256627,3328536186.015652,3301306857.074337,3273593231.897161,3245387086.469233,3216680079.5747843,3187463753.836961,3157729537.0058017,3127468743.513308,3096672576.3158016,3065332129.044905,3033438388.4899497,3000982237.435831,2967954457.8820944,2934345734.6701927,2900146659.5479865,2865347735.7018714,2829939382.788968,2793911942.503732,2757255684.715261,2719960814.2138,2682017478.107116,2643415773.909807,2604145758.371092,2564197457.0890284,2523560874.962109,2482226007.53173,2440182853.2720485,2397421426.886955,2353931773.6768155,2309703985.041281,2264728215.18754,2218994699.1173787,2172493771.969714,2125215889.7993653,2077151651.8765967,2028291824.5960543,1978627367.0878005,1928149458.6274016,1876849527.9461973,450345855.9884119,392691285.4263916,334625588.1557903,276155884.2502537,217289843.9897232,158035706.92568684,-13054586.813646317,-78813287.5402832,-144822094.9642229,-211064631.13408569,-277523845.3208933,-344182012.51187515,-1257017401.739563,-1309444781.789527,-1361611886.058218,-1413497505.0027857,-1465079987.7038984,-1516337242.2338724,-1567246735.575716,-3340629290.383258,-3349928261.710068,-3357142006.444419,-3362204571.652462,-3365049345.5542746,-3365609147.448906,-2633384468.515579,-2622339650.86916,-2609271116.7252645,-2594136633.234508,-2576895364.9799137,-2557508156.664467,-3029590664.061219,-3096984482.432954,-3164439270.1006565,-3231961191.7688475,-3299556056.3606377,-3367229053.993866,-3434984447.15924,-2901328563.0590982,-2881708095.731291,-2859640269.518317,-2835084815.762226,-2808003157.7608166,-2778358685.970562,-2746117069.114415,-2711246606.5045776,-2404770309.827,-2299395450.0269,-2191064704.772045,-2079935701.401638,-1966191227.913077,-1850041457.661064,-1731726299.4614067,-1611517865.8427868,-1489723047.616931,-1366686177.2106323,-1242791756.0982237,-1118467212.9309423,-952206625.17245,-1018448712.9169828,-1085426032.1561584,-1153171729.4315329,-1221721077.8150702,-1291111130.8543386,-2192100203.7436905,-2144082915.55449,-2089992391.947488,-2029742467.754157,-1963309024.6781845,-1625639455.999797,-1498071131.927652,-1364541601.0458536,-1225881953.2488277,-1083201625.5710006,1217577992.1669693,1279237278.253335,1320913266.3980956,1338077587.9931557,1325526646.7953515,1911239083.0282235,1463554066.8547509,943702334.0271132,346248909.7223239,-333731477.788651,-10933719372.656694,-11661493661.62066,-12381767550.133186,-13081660093.626352,-13744599531.348171,-8819664956.022114,-9607238140.6417,-10378841547.314384,-11081083974.659525,-11639372319.5517,-11955069394.832996,-989830283.506214,-558617028.5636545,-256959330.1144648,-86609488.30354407,-17594980.2504758,-6905702.750812683,-172989.71352293948,-85.75106091844917,-9.10983997558314e-09,0.0
2864.0,4697086581.620773,4696827828.94393,4696512715.686301,4696140560.648517,4695710673.710882,4695222355.6853895,4694674898.164699,4694067583.368086,4693399683.984232,4692670463.010839,4691879173.590933,4691025058.8458805,4690107351.704917,4689125274.73124,4688078039.94448,4686964848.639546,4685784891.201732,4684537346.917988,4683221383.784311,4681836158.309132,4680380815.312626,4678854487.721852,4677256296.361649,4675585349.7411375,4673840743.835826,4672021561.865111,4670126874.065162,4668155737.457048,4666107195.61001,4663980278.399747,4661774001.761667,4659487367.438942,4657119362.725242,4654668960.202114,4652135117.470776,4649516776.878309,4646812865.238055,4644022293.54413,4641143956.679929,4638176733.120455,4635119484.62841,4631971055.943848,4628730274.467277,4625395949.936091,4621966874.094184,4618441820.354561,4614819543.454869,4611098779.10567,4607278243.63127,4603356633.603018,4599332625.464882,4595204875.151141,4590972017.696064,4586632666.835368,4582185414.599362,4577628830.897537,4572961463.094471,4568181835.576898,4563288449.311735,4558279781.394892,4553154284.590749,4547910386.862032,4542546490.889997,4537060973.584665,4531452185.585028,4525718450.748903,4519858065.632397,4513869298.958701,4507750391.076062,4501499553.404752,4495114967.872841,4488594786.340591,4481937130.013285,4475140088.842306,4468201720.914277,4461120051.828093,4453893074.05966,4446518746.3141365,4438994992.8655405,4431319702.883524,4423490729.747118,4415505890.345363,4407362964.364538,4399059693.561956,4390593781.026063,4381962890.422767,4373164645.227813,4364196627.945087,4355056379.310715,4345741397.482836,4336249137.216943,4326577009.026698,4316722378.33013,4306682564.581125,4296454840.386183,4286036430.606365,4275424511.444396,4264616209.516963,4253608600.9121294,4242398710.2319736,4230983509.62046,4219359917.776594,4207524798.953045,4195474961.9402246,4183207159.036141,4170718085.0020447,4158004376.004239,4145062608.542202,4131889298.363395,4118480899.365012,4104833802.483146,4090944334.569748,4076808757.2578335,4062423265.815577,4047783987.98976,4032886982.839328,4017728239.5597386,4002303676.298904,3986609138.965581,3970640400.031199,3954393157.32612,3937863032.8314767,3921045571.467819,3903936239.881882,3886530425.232937,3868823433.980216,3850810490.6732025,3832486736.7464495,3813847229.32104,3794886940.014604,3775600753.762325,3755983467.651229,3736029789.770424,3715734338.080047,3695091639.301912,3674096127.835079,3652742144.699742,3631023936.513099,3608935654.501122,3586471353.5504403,3563624991.304724,3540390427.310393,3516761422.216728,3492731637.035744,3468294632.46766,3443443868.2980566,3418172702.873284,3392474392.661086,3366342091.903845,3339768852.372261,3312747623.227939,3285271251.0036583,3257332479.710874,3228923951.0843616,3200038204.974749,3170667679.900184,3140804713.7690525,3110441544.7865777,3079570312.5586143,3048183059.4070115,3016271731.9115705,2983828182.6946416,2950844172.465258,2917311372.340777,2883221366.464884,2848565654.942121,2813335657.1100206,2777522715.171335,2741118098.209858,2704113006.615025,2666498576.941407,2628265887.231113,2589405962.828289,2549909782.7166667,2509768286.412765,2468972381.448971,2427512951.482724,2385380865.069599,2342566985.140448,2299062179.224391,2254857330.461789,2209943349.453528,2164311186.9949474,2117951847.7454264,2070856404.886744,2023016015.825924,1974421939.0007887,1925065551.848988,1874938370.003883,1824032067.7834044,1772338500.0405507,1719849725.4470444,1666558031.2842565,1612455959.818202,1557536336.3381386,1501792298.9407475,8048626.846689224,-51015265.81550026,-110408147.04783344,-170120806.7831211,-230143530.0766697,-290466086.8006859,-346578795.73782444,-411876351.76184654,-477353543.62246513,-542993885.0343218,-608780343.2403708,-674695347.4153452,-1703933740.6059256,-1754882228.0755217,-1805534533.6630163,-1855873895.6983328,-1905883487.61006,-1955546436.0840409,-2004845839.107015,-4305305911.211436,-4321612356.147642,-4335852262.686495,-4347953418.06915,-4357842139.235897,-4365443286.370436,-3706311113.572524,-3697802035.200968,-3687071359.315208,-3674056222.988662,-3658693323.241533,-3640919070.525401,-3079997509.7047377,-3146264480.2952805,-3212885339.670624,-3279893770.521487,-3347325246.2668266,-3415216950.5829573,-3483607667.8209724,-3771748455.0935087,-3755883709.86287,-3737382585.696449,-3716185051.907352,-3692231710.737253,-3665464110.365519,-3635825117.2912254,-3603259358.770789,-3760777083.690219,-3649476360.3424063,-3534016796.2265987,-3414530427.606192,-3291183717.0757265,-3164181980.2983217,-3033774301.809524,-2900258985.3137426,-2763989586.1273403,-2625381575.1724024,-2484919684.974344,-2343165988.178114,-820858044.6411276,-925682460.6303872,-1035692773.0407592,-1151378036.494867,-1273276199.4416656,-1401978396.9252071,-3827988086.8670254,-3903516571.338846,-3981322934.511957,-4061867071.393567,-4145693381.580921,-4201520847.7828255,-4240872813.9069824,-4283889164.5553074,-4331814288.338715,-4386158090.23975,-3472941730.1024,-3621349353.936097,-3795731756.515446,-4000154225.174403,-4239214704.473575,-4466050292.714298,-4995709397.328257,-5585392054.853143,-6238947321.585409,-6959840220.01664,-18701674408.680504,-19505141896.43077,-20276012655.58675,-21003267458.74816,-21675230933.448586,-17374356721.68727,-18155176078.341686,-18971012554.76848,-19806206283.68816,-20630946165.65143,-21392549492.83717,-7920678409.140097,-5770344247.503159,-3735911187.05002,-2016596324.2567184,-807034519.3218648,-470281070.80998087,-51662961.62606488,-481672.5790828163,-0.17787941654275322,0.0
2863.0,4744794723.96117,4744051310.675308,4743244431.112834,4742373319.899651,4741437201.798039,4740435291.549689,4739366793.7157,4738230902.513525,4737026801.650758,4735753664.155729,4734410652.204809,4732996916.946384,4731511598.321389,4729953824.88039,4728322713.597089,4726617369.67817,4724836886.369489,4722980344.758419,4721046813.572369,4719035348.973309,4716944994.348319,4714774780.095977,4712523723.408563,4710190828.049978,4707775084.129269,4705275467.86971,4702690941.3733015,4700020452.380622,4697262934.025939,4694417304.587464,4691482467.232642,4688457309.758436,4685340704.326432,4682131507.192692,4678828558.43225,4675430681.658148,4671936683.734879,4668345354.486144,4664655466.396841,4660865774.309054,4656975015.112119,4652981907.426435,4648885151.281083,4644683427.784989,4640375398.791616,4635959706.556993,4631434973.390964,4626799801.301579,4622052771.632422,4617192444.69278,4612217359.380562,4607126032.797747,4601916959.858305,4596588612.888403,4591139441.218781,4585567870.769178,4579872303.624599,4574051117.603379,4568102665.816826,4562025276.220322,4555817251.155768,4549476866.885203,4543002373.115423,4536391992.513537,4529643920.213265,4522756323.311809,4515727340.357224,4508555080.826086,4501237624.591371,4493773021.380332,4486159290.22233,4478394418.886396,4470476363.308439,4462403047.007973,4454172360.49419,4445782160.661296,4437230270.172992,4428514476.83592,4419632532.962054,4410582154.719849,4401361021.474077,4391966775.114262,4382397019.371611,4372649319.124352,4362721199.691429,4352610146.114458,4342313602.427913,4331828970.917473,4321153611.366531,4310284840.290797,4299219930.161015,4287956108.6137953,4276490557.6505737,4264820412.824748,4252942762.417019,4240854646.599045,4228553056.585474,4216034933.774469,4203297168.8769016,4190336601.034313,4177150016.925913,4163734149.864744,4150085678.883343,4136201227.8091297,4122077364.329856,4107710599.049471,4093097384.534785,4078234114.353385,4063117122.103259,4047742680.4346647,4032107000.064837,4016206228.7861376,4000036450.468353,3983593684.0558977,3966873882.560701,3949872932.051725,3932586650.641985,3915010787.474182,3897141021.706011,3878972961.4963937,3860502142.993849,3841724029.328506,3822634009.609129,3803227397.926878,3783499432.367416,3763445274.033286,3743060006.078484,3722338632.757341,3701276078.4900007,3679867186.9468393,3658106720.1544704,3635989357.625973,3613509695.518418,3590662245.8206034,3567441435.5745068,3543841606.133852,3519857012.463598,3495481822.484319,3470710116.465729,3445535886.473856,3419953035.8766103,3393955378.912909,3367536640.3306084,3340690455.0991297,3313410368.202663,3285689834.520478,3257522218.801116,3228900795.7376432,3199818750.151613,3170269177.2937675,3140245083.2700887,3109739385.602128,3078744913.931265,3047254410.876851,3015260533.059023,2982755852.2973976,2949732856.9974275,2916183953.737165,2882101469.06748,2847477651.5397377,2812304673.9757624,2776574635.9954143,2740279566.818257,2703411428.356462,2665962118.6171,2627923475.4328537,2589287280.541227,2550045264.033356,2510189109.1945376,2469710457.7598314,2428600915.6091075,2386852058.9272766,2344455440.8565803,2301402598.6691494,2257685061.489442,2213294358.597509,2168222028.3454804,2122459627.7211328,2075998742.5940232,2028830998.6810915,1980948073.2703345,1932341707.742754,1883003720.9344845,1832926023.3825788,1782100632.499857,1730519688.725686,1678175472.7014625,1625060423.5212474,1571167158.1095967,1516488491.7804928,1461017460.0326838,1404747341.6384983,1347671683.0844707,1289784324.4236937,1231079426.6008534,1171551500.3121562,-376254318.9874563,-436425642.93950176,-496856173.8575688,-557535160.6766014,-618451395.7302284,-679593211.6326818,-614157309.0286007,-678825422.8811512,-743623680.396738,-808536079.397995,-873546175.273262,-938637094.9289598,-2094466209.197504,-2144423642.994404,-2194072599.095731,-2243400632.354988,-2292395560.492262,-2341045498.7142487,-2389338894.86627,-5229589431.936923,-5256579306.691629,-5281674726.640547,-5304801666.839324,-5325883903.124553,-5344842945.634658,-4809271338.904982,-4808149375.807847,-4804775693.500485,-4799070626.019941,-4790952079.605208,-4780335508.332884,-3029143549.088703,-3092585143.2420006,-3156553347.8764057,-3221102179.272592,-3286289410.3879232,-3352176695.9388227,-3418829689.7971573,-4676475980.850665,-4669724777.75,-4660319854.51662,-4648184177.89469,-4633239912.950572,-4615408670.0626135,-4594611814.056087,-4570770847.751567,-5430902922.448445,-5325053217.127665,-5213584054.342635,-5096519641.299046,-4973916955.353603,-4845871130.995664,-4712521575.300849,-4574058901.118122,-4430732776.640527,-4282860799.964302,-4130838517.6514826,-3975150717.0029497,-804783249.2885027,-944083454.4261274,-1091900124.8786106,-1249017570.7357922,-1416295313.3455353,-1594674551.1045055,-5443841785.352099,-5623141982.368027,-5810052161.373662,-6005169216.190047,-6209141894.842592,-6680635634.427156,-6852078260.748701,-7031168573.479223,-7218721586.780547,-7415676313.72176,-7379108711.193924,-7605526962.163248,-7848800612.97991,-8111105302.05639,-8394965963.931724,-7889788610.222519,-8243682497.363203,-8638810217.060879,-9080823374.739014,-9576199054.737202,-21481024648.783897,-22338226438.03487,-23184047580.13689,-24015118461.624523,-24829384796.60205,-20814926405.00229,-21604633721.198345,-22561997779.950226,-23734317393.160168,-25172753011.47634,-26926491132.482822,-33478563231.979687,-30275944584.1408,-25898580502.21884,-20287380497.909607,-13701579346.66117,-11168240683.814013,-3927442369.4108195,-371279332.46007663,-140641.57922798523,0.0
2862.0,4792040909.30591,4790855835.944313,4789600848.255464,4788275106.247778,4786877759.274471,4785407945.870276,4783864793.585134,4782247418.814872,4780554926.628771,4778786410.59396,4776940952.5966015,4775017622.659763,4773015478.757954,4770933566.628214,4768770919.577737,4766526558.287905,4764199490.614721,4761788711.385508,4759293202.191855,4756711931.178705,4754043852.829519,4751287907.747422,4748443022.432298,4745508109.053692,4742482065.219507,4739363773.740327,4736152102.389385,4732845903.658017,4729444014.506516,4725945256.110373,4722348433.601697,4718652335.805858,4714855734.973135,4710957386.505378,4706956028.677513,4702850382.353865,4698639150.699119,4694321018.883906,4689894653.78487,4685358703.679089,4680711797.932834,4675952546.684456,4671079540.521399,4666091350.151134,4660986526.066027,4655763598.20189,4650421075.590252,4644957446.004125,4639371175.59724,4633660708.536572,4627824466.628098,4621860848.935652,4615768231.3927765,4609544966.407423,4603189382.459441,4596699783.690718,4590074449.487826,4583311634.057145,4576409565.992238,4569366447.833467,4562180455.619697,4554849738.43194,4547372417.928917,4539746587.874329,4531970313.655822,4524041631.795455,4515958549.451655,4507719043.91246,4499321062.080045,4490762519.946352,4482041302.0598135,4473155260.982981,4464102216.741056,4454879956.261213,4445486232.802614,4435918765.377045,4426175238.160179,4416253299.893267,4406150563.275337,4395864604.345773,4385392961.857245,4374733136.638982,4363882590.950327,4352838747.824613,4341598990.403267,4330160661.260274,4318521061.716881,4306677451.146673,4294627046.271047,4282367020.445089,4269894502.9339848,4257206578.180076,4244300285.060558,4231172616.1361065,4217820516.890452,4204240884.9611263,4190430569.361594,4176386369.69494,4162105035.359396,4147583264.745967,4132817704.428447,4117804948.346183,4102541536.97995,4087023956.521311,4071248638.035951,4055211956.6214304,4038910230.5598927,4022339720.466316,4005496628.432885,3988377097.170192,3970977209.145979,3953292985.722161,3935320386.291032,3917055307.4115367,3898493581.9465137,3879630978.202063,3860463199.0700746,3840985881.175139,3821194594.0270977,3801084839.180661,3780652049.403482,3759891587.854305,3738798747.272816,3717368749.182981,3695596743.111815,3673477805.82547,3651006940.584939,3628179076.423527,3604989067.448594,3581431692.1700926,3557501652.858657,3533193574.936132,3508502006.4016223,3483421417.296308,3457946199.210504,3432070664.83658,3405789047.5716686,3379095501.1742325,3351984099.478807,3324448836.173546,3296483624.645401,3268082297.89807,3239238608.548085,3209946228.9048405,3180198751.140504,3149989687.5562525,3119312470.9515014,3088160455.1032324,3056526915.36292,3024405049.378822,2991787977.952071,2958668746.0351715,2925040323.8821654,2890895608.360095,2856227424.4319634,2821028526.82189,2785291601.8736525,2749009269.614537,2712174086.0367804,2674778545.6097336,2636815084.0363574,2598276081.2684474,2559153864.7955847,2519440713.223619,2479128860.159139,2438210498.417366,2396677784.5713906,2354522843.861852,2311737775.4867506,2268314658.2921915,2224245556.88556,2179522528.19374,2134137628.4899144,2088082920.9134085,2041350483.5081265,1993932417.8061705,1945820857.984209,1897007980.6213384,1847486015.088181,1797247254.5980563,1746284067.95229,1694588912.0125775,1642154344.934651,1588973040.1984353,1535037801.470974,1480341578.3393774,1424877482.9521585,1368638807.6080742,1311619043.3325405,1253811899.482566,1195211324.4215937,1135811527.306409,1075607001.0286803,1014592546.353766,952763297.299818,890114747.799737,-701189306.4679298,-762274130.7879448,-823564145.6128235,-885047631.9204607,-946712460.3099976,-1008546092.9900694,-818356814.8921099,-882355701.8022795,-946457992.8466176,-1010648720.0774498,-1074912551.035555,-1139233803.7191792,-2431876488.635148,-2481447379.9382114,-2530717672.806092,-2579678661.973814,-2628322155.326817,-2676640522.0657177,-2724626742.2802114,-6086601590.737317,-6127433568.924326,-6166692910.499598,-6204309314.01652,-6240209775.1479,-6274318450.187389,-5915329540.247126,-5926309647.075205,-5935206819.368916,-5941932751.877367,-5946395000.907123,-5948496768.369851,-2897074252.6189766,-2956070248.5082884,-3015617896.3307858,-3075780876.751647,-3136628010.027636,-3198233563.956794,-3260677575.3345795,-5591509934.189957,-5599034326.645216,-5604083207.769717,-5606567795.328574,-5606396822.706202,-5603476611.405075,-5597711184.703046,-5589002431.716036,-7380473560.314215,-7294516708.740574,-7201467841.221661,-7101164470.563041,-6993461948.995445,-6878237995.352811,-6755397960.747186,-6624880939.859679,-6486666849.35495,-6340784610.998151,-6187321594.917027,-6026434498.195068,-786770081.4437542,-946159220.9300736,-1115477881.2375526,-1295590950.385355,-1487442500.8523264,-1692062394.6123772,-6682713972.474562,-6926097698.714747,-7178718255.420447,-7440985364.561078,-7713304984.069926,-8576921509.7621155,-8824854642.995556,-9079406150.767736,-9340531088.517967,-9608132215.518188,-9996656296.430368,-10197221415.158983,-10399021895.404634,-10602186126.239174,-10807050923.984188,-9146364045.240309,-9225014502.52135,-9325297032.229424,-9454567250.822895,-9621872871.677128,-20815089896.1703,-21745835967.202656,-22690002438.110207,-23645153404.30493,-24609426363.099106,-20671538426.46924,-21204666525.69651,-21930604141.74546,-22934647142.91617,-24328856257.07562,-26258712784.28955,-76812427603.90897,-81006459787.13211,-84451828896.03377,-86146657282.94366,-84251395406.43436,-84285618486.41907,-68538640647.226395,-34461362424.93756,-1887167145.5778952,0.0
2861.0,4839323953.422792,4837746408.015144,4836093228.787416,4834363511.493937,4832556340.602168,4830670789.125743,4828705918.454556,4826660778.181947,4824534405.928844,4822325827.164814,4820034055.026011,4817658090.129924,4815196920.38686,4812649520.808145,4810014853.310912,4807291866.519509,4804479495.563347,4801576661.871216,4798582272.96198,4795495222.23154,4792314388.736063,4789038636.97136,4785666816.648366,4782197762.464632,4778630293.871788,4774963214.83887,4771195313.611447,4767325362.466502,4763352117.462929,4759274318.1876335,4755090687.49713,4750799931.254531,4746400738.0619,4741891778.98786,4737271707.290356,4732539158.134518,4727692748.305561,4722731075.916558,4717652720.111091,4712456240.760628,4707140178.1566,4701703052.697001,4696143364.567542,4690459593.417156,4684650198.027845,4678713615.978732,4672648263.304262,4666452534.14644,4660124800.401012,4653663411.357534,4647066693.333185,4640332949.300284,4633460458.507394,4626447476.093924,4619292232.698149,4611992934.058559,4604547760.60844,4596954867.063608,4589212382.003218,4581318407.443528,4573271018.404596,4565068262.469763,4556708159.337896,4548188700.368259,4539507848.118021,4530663535.872208,4521653667.166162,4512476115.300324,4503128722.847362,4493609301.151533,4483915629.820265,4474045456.207852,4463996494.891281,4453766427.138108,4443352900.36636,4432753527.596422,4421965886.894934,4410987520.810613,4399815935.802041,4388448601.657413,4376882950.906248,4365116378.223085,4353146239.8231945,4340969852.850336,4328584494.756641,4315987402.674673,4303175772.781713,4290146759.6564174,4276897475.627937,4263424990.117576,4249726328.9732,4235798473.7965374,4221638361.263496,4207242882.437775,4192608882.077948,4177733157.9382544,4162612460.063425,4147243490.077748,4131622900.468786,4115747293.866063,4099613222.31508,4083217186.547102,4066555635.2451935,4049624964.306942,4032421516.104414,4014941578.741929,3997181385.312252,3979137113.151856,3960804883.095972,3942180758.73418,3923260745.6673527,3904040790.7668223,3884516781.436685,3864684544.880279,3844539847.3718057,3824078393.534364,3803295825.625424,3782187722.831197,3760749600.571104,3738976909.813932,3716865036.407107,3694409300.420799,3671604955.50852,3648447188.286128,3624931117.731139,3601051794.604419,3576804200.8964777,3552183249.300621,3527183782.715496,3501800573.7795334,3476028324.440099,3449861665.560193,3423295156.565832,3396323285.137231,3368940466.9473057,3341141045.451025,3312919291.729416,3284269404.3922296,3255185509.543457,3225661660.8141565,3195691839.467226,3165269954.57908,3134389843.303332,3103045271.22202,3071229932.789959,3038937451.878358,3006161382.4239235,2972895209.190092,2939132348.6473875,2904866149.980132,2870089896.2272425,2834796805.56505,2798980032.740668,2762632670.6645727,2725747752.1717687,2688318251.961128,2650337088.7229447,2611797127.46545,2572691182.051145,2533012017.9545946,2492752355.253731,2451904871.867213,2410462207.050969,2368416965.167662,2325761719.743204,2282489017.8253326,2238591384.6595297,2194061328.698488,2148891346.961685,2103073930.762548,2056601571.82106,2009466768.7804976,1961662034.1477137,1913179901.6767533,1864012934.216662,1814153732.044694,1763594941.7069778,1712329265.389295,1660349470.8412952,1607648401.8781135,1554218989.4839387,1500054263.5426908,1445147365.2215676,1389491560.0335631,1333080251.605785,1275906996.1804738,1217965517.8763227,1159249724.737535,1099753725.598567,1039471847.7923433,978398655.7296538,916528970.3772936,853857889.6620173,790380809.8268552,726093447.7654934,660991864.3594713,-965385482.3613452,-1027275225.483344,-1089334626.6053362,-1151551605.7203608,-1213913714.9139671,-1276408143.197271,-961598839.885643,-1024985740.6602268,-1088473150.376503,-1152047684.6192083,-1215695649.1272411,-1279403051.680061,-2718143698.910404,-2768016636.34381,-2817614786.2060423,-2866932315.0498943,-2915964054.001876,-2964705555.820263,-3013153154.3012943,-6843927575.644444,-6900937681.927905,-6956830163.284677,-7011544472.669148,-7065017194.420965,-7117181860.330486,-6986974695.360771,-7014145446.348063,-7039608960.068707,-7063279779.48696,-7085067303.39719,-7104875411.041499,-2708022832.6308527,-2761390727.735553,-2815186271.2868147,-2869470304.435314,-2924309305.7370634,-2979775820.610661,-3035948921.0520525,-6482461845.762314,-6508768480.912898,-6532980662.475981,-6555005683.102299,-6574746738.205131,-6592102757.152691,-6606968237.082613,-6619233081.913257,-9532470833.43649,-9483685976.274347,-9426764401.39072,-9361315782.825466,-9286941889.408556,-9203238477.039268,-9109797669.46273,-9006210916.719633,-8892072635.367504,-8766984651.885904,-8630561590.739037,-8482437371.772633,-672911533.5722771,-832682737.6331577,-1001704872.3687992,-1180724442.217041,-1370554016.764164,-1572077970.0630703,-7332826551.390244,-7596124265.34532,-7867328804.406809,-8146531280.610851,-8433773936.383362,-9636841869.644173,-9907459820.013084,-10181109950.763634,-10456950878.392511,-10733956055.095392,-11373591534.373253,-11501662686.991446,-11616200371.976248,-11715580041.50271,-11798184061.973934,-9435731403.09036,-9230889084.444689,-9020438700.43957,-8809967059.544544,-8606717657.164722,-17577128385.059975,-18519110077.55016,-19484342367.82763,-20465335382.077785,-21452226809.836708,-18136129457.360165,-18050183255.64049,-18007030207.264084,-18071995837.57793,-18343459263.495136,-18965947046.072136,-81131142228.90746,-93763241974.174,-109980942067.1423,-131315526346.35474,-160147293521.91336,-169394264652.9935,-224494459725.1952,-304507354620.7172,-338001670056.51544,0.0
2860.0,4887100464.034428,4885185202.331759,4883189377.853782,4881112033.133401,4878952198.950803,4876708894.165487,4874381125.545505,4871967887.593849,4869468162.371956,4866880919.320292,4864205115.075918,4861439693.287033,4858583584.424395,4855635705.589631,4852594960.320289,4849460238.391654,4846230415.615264,4842904353.633993,4839480899.713748,4835958886.531645,4832337131.960631,4828614438.850494,4824789594.805199,4820861371.956458,4816828526.733534,4812689799.629142,4808443914.961435,4804089580.631981,4799625487.879694,4795050311.030611,4790362707.24348,4785561316.251081,4780644760.097218,4775611642.869287,4770460550.426397,4765190050.12291,4759798690.527403,4754285001.136924,4748647492.086485,4742884653.853724,4736994956.958696,4730976851.658635,4724828767.637729,4718549113.691713,4712136277.407327,4705588624.8364725,4698904500.165035,4692082225.376328,4685120099.909004,4678016400.309459,4670769379.878593,4663377268.312874,4655838271.339657,4648150570.346646,4640312322.00548,4632321657.889344,4624176684.084553,4615875480.796034,4607416101.946675,4598796574.770433,4590014899.399201,4581069048.443311,4571956966.565695,4562676570.049583,4553225746.35976,4543602353.697271,4533804220.547578,4523829145.222135,4513674895.393306,4503339207.622658,4492819786.882553,4482114306.071057,4471220405.520147,4460135692.497185,4448857740.699706,4437384089.743489,4425712244.643932,4413839675.290799,4401763815.916281,4389482064.556507,4376991782.506508,4364290293.768685,4351374884.494886,4338242802.422144,4324891256.3022,4311317415.324912,4297518408.535643,4283491324.246819,4269233209.4437776,4254741069.185066,4240011865.997421,4225042519.2655935,4209829904.617271,4194370853.3033314,4178662151.573709,4162700540.049167,4146482713.0892687,4130005318.156941,4113264955.179947,4096258175.9097137,4078981483.277928,4061431330.751334,4043604121.685322,4025496208.676724,4007103892.916483,3988423423.542752,3969450996.995126,3950182756.370648,3930614790.7823753,3910743134.7212887,3890563767.422396,3870072612.235919,3849265536.004505,3828138348.447542,3806686801.553568,3784906588.9819794,3762793345.475257,3740342646.282932,3717550006.598729,3694410881.012271,3670920662.976913,3647074684.295274,3622868214.624202,3598296461.0009565,3573354567.39252,3548037614.270013,3522340618.2103705,3496258531.5274405,3469786241.9349527,3442918572.2437105,3415650280.095717,3387976057.737868,3359890531.838226,3331388263.347756,3302463747.410825,3273111413.327759,3243325624.5729494,3213100678.872285,3182430808.343631,3151310179.7045946,3119732894.5516653,3087692989.71531,3055184437.6956234,3022201147.183455,2988736963.672144,2954785670.165161,2920340987.985345,2885396577.691516,2849946040.1086216,2813982917.4777694,2777500694.7328625,2740492800.910749,2702952610.702175,2664873446.151056,2626248578.5099707,2587071230.2601194,2547334577.3041143,2507031751.3407154,2466155842.4305024,2424699901.762165,2382656944.629328,2340019953.628199,2296781882.086709,2252935657.736247,2208474186.6373,2163390357.370991,2117677045.5085533,2071327118.3714929,2024333440.095276,1976688877.0100288,1928386303.351936,1879418607.319449,1829778697.4888911,1779459509.6041293,1728454013.7556615,1676755221.964518,1624356196.1868167,1571250056.754993,1517429991.272117,1462889263.9757018,1407621225.5877814,1351619323.6680384,1294877113.486859,1237388269.4351978,1179146596.9881268,1120146045.238656,1060380720.0184546,999844897.621438,938533039.1460934,876439805.4716187,813560072.8824363,749888949.3546638,685421791.5173073,620154222.2995887,554082149.2745371,487201783.7074332,-1167343705.2962456,-1229987091.271573,-1292784958.824418,-1355725514.199728,-1418796636.047861,-1481985881.0010328,-1045956006.5519876,-1108849246.3384027,-1171864236.0445452,-1234989756.3779402,-1298214318.4146996,-1361526169.3007812,-2953674404.775164,-3004586995.0869827,-3055267796.015827,-3105712875.1121664,-3155919006.408172,-3205883730.1638603,-3255605415.739846,-7465538689.001831,-7539981141.01224,-7613864506.947765,-7687143741.395604,-7759771161.417987,-7831696246.67874,-7977974257.771912,-8024308297.069614,-8069495919.60966,-8113467351.258484,-8156147690.566514,-8197456451.450648,-2488799326.6165457,-2536129944.924024,-2583642284.824338,-2631382173.613405,-2679400558.5183887,-2727753973.083481,-2776505043.5413914,-7306357564.668083,-7354851694.223287,-7401822568.76899,-7447183495.203934,-7490842572.721817,-7532702292.05843,-7572659094.881035,-7610602888.017809,-11762228631.415876,-11769421370.855837,-11768395373.634922,-11758556333.940891,-11739272497.086117,-11709872862.264984,-11669645427.98703,-11617835518.156578,-11553644236.75245,-11476227111.284454,-11384693000.149918,-11278103357.263416,-417067576.9449177,-557961257.7899666,-705715579.635603,-860821448.6296349,-1023813376.6841048,-1195274141.0762768,-7348667327.487574,-7595540450.356966,-7847424881.454552,-8104129836.79644,-8365397061.12108,-9836834425.820566,-10091519708.141523,-10345575744.422918,-10597732656.232706,-10846478064.438025,-11842484393.506657,-11902088925.204596,-11938011165.687256,-11947208761.772928,-11926344178.581345,-9761642796.877253,-9320382493.947737,-8837804420.27812,-8314109737.115929,-7750368615.32654,-12313304950.741884,-13166402187.790413,-14046489957.225258,-14941073250.77398,-15831597090.746271,-14557821647.27911,-13767228922.659576,-12760581119.615135,-11526685299.837835,-10069396717.257729,-8416830249.630506,-1193302485.332788,-1281935779.9223788,-1376292417.3001852,-1488016427.0723526,-1630249150.1029482,-1394892416.47358,-1610573888.6112986,-1972546735.2863464,-2789609675.065797,0.0
2859.0,4935778942.59614,4933585601.849558,4931307612.192963,4928943974.494453,4926493677.573096,4923955698.03259,4921329000.092259,4918612535.415412,4915805242.934945,4912906048.676222,4909913865.577097,4906827593.305134,4903646118.071864,4900368312.444155,4896993035.152526,4893519130.89645,4889945430.146543,4886270748.943604,4882493888.694464,4878613635.964572,4874628762.267306,4870538023.849875,4866340161.475892,4862033900.204401,4857617949.165457,4853091001.332088,4848451733.288667,4843698804.995571,4838830859.55014,4833846522.943807,4828744403.815393,4823523093.200512,4818181164.276982,4812717172.106231,4807129653.370631,4801417126.106668,4795578089.433938,4789611023.2799,4783514388.100275,4777286624.595112,4770926153.420414,4764431374.895272,4757800668.704458,4751032393.596418,4744124887.076591,4737076465.096044,4729885421.73529,4722550028.883322,4715068535.911729,4707439169.343891,4699660132.51919,4691729605.25216,4683645743.486555,4675406678.944277,4667010518.76911,4658455345.165212,4649739215.030335,4640860159.583708,4631816183.988573,4622605266.969297,4613225360.423059,4603674389.026075,4593950249.834289,4584050811.878567,4573973915.754332,4563717373.205613,4553278966.703532,4542656449.01918,4531847542.790874,4520849940.085837,4509661301.956265,4498279257.98978,4486701405.85434,4474925310.837561,4462948505.380528,4450768488.606112,4438382725.841833,4425788648.137314,4412983651.776428,4399965097.784143,4386730311.428205,4373276581.715698,4359601160.884628,4345701263.890602,4331574067.888751,4317216711.7110405,4302626295.339098,4287799879.37273,4272734484.4943256,4257427090.929338,4241874637.903026,4226074023.0937634,4210022102.083063,4193715687.802708,4177151549.9792,4160326414.575829,4143236963.232793,4125879832.70565,4108251614.3025074,4090348853.320422,4072168048.481353,4053705651.368268,4034958065.8617854,4015921647.57802,3996592703.30809,3976967490.459989,3957042216.5034094,3936813038.418283,3916276062.1476727,3895427342.055888,3874262880.3926153,3852778626.7639017,3830970477.610958,3808834275.697768,3786365809.6085,3763560813.255804,3740414965.401228,3716923889.188846,3693083151.693495,3668888263.48488,3644334678.209039,3619417792.188639,3594132944.043623,3568475414.3339853,3542440425.226332,3516023140.186044,3489218663.697041,3462022041.011101,3434428257.928879,3406432240.6148567,3378028855.4485216,3349212908.914238,3319979147.532393,3290322257.8344064,3260236866.38451,3229717539.851156,3198758785.131134,3167355049.5296,3135500720.9993486,3103190128.4428234,3070417542.080487,3037177173.889367,3003463178.115699,2969269651.865816,2934590635.779534,2899420114.79051,2863752018.978224,2827580224.5163546,2790898554.7226067,2753700781.2150974,2715980625.180816,2677731758.761576,2638947806.563387,2599622347.295068,2559748915.542464,2519321003.684502,2478332063.9577074,2436775510.67607,2394644722.613156,2351933045.553692,2308633795.022115,2264740259.1955943,2220245702.009399,2175143366.462594,2129426478.1322093,2083088248.904358,2036121880.930647,1988520570.8187857,1940277514.065979,1891385909.7443144,1841838965.4469671,1791629902.504529,1740751961.480708,1689198407.9564962,1636962538.6122828,1584037687.6170511,1530417233.3339348,1476094605.3512058,1421063291.8477216,1365316847.3016424,1308848900.5508857,1251653163.2137332,1193723438.4774027,1135053630.2620935,1075637752.7675014,1015469940.4081974,954544458.1435784,892855712.2073746,830398261.2407403,767166827.8320379,703156310.4653091,638361795.878109,572778571.8281126,506402140.2662091,439228230.9122925,371252815.2279248,-1305347471.56116,-1368718213.3536282,-1432249474.165453,-1495930432.0564632,-1559749980.0232086,-1623696730.689371,-1073000876.2686127,-1135540611.6479435,-1198246802.8210137,-1261111025.7966433,-1324124625.9013672,-1387278715.641141,-3137080056.809924,-3189778830.5950336,-3242306714.949625,-3294660806.317036,-3346838842.7042227,-3398839258.924284,-3450661245.3541355,-7914230577.161744,-8006093041.617335,-8098017171.499808,-8189978041.444912,-8281948706.331749,-8373900020.09023,-8836389894.95287,-8903329491.169788,-8969815557.968395,-9035805563.25724,-9101252992.088804,-9166106915.742657,-2266434627.832411,-2308341137.866991,-2350114545.0490475,-2391776076.8418217,-2433350620.07844,-2474867135.685894,-2516359115.3855,-8014409210.607824,-8087009582.703684,-8158813241.473509,-8229750364.686428,-8299745715.400898,-8368718102.325766,-8436579769.984161,-8503235707.342794,-13896085585.286575,-13976960781.625004,-14050956911.80445,-14117372671.097858,-14175445467.912275,-14224346074.51348,-14263172823.974224,-14290945322.905111,-14306597650.281118,-14308971014.527515,-14296805844.361929,-14268733294.20024,-27396331.07121849,-135423094.40911674,-246930773.0988407,-362094442.7195606,-481107442.5228882,-604184917.6083412,-6822233607.753567,-7030625298.878643,-7240883445.977051,-7452651195.163317,-7665509640.035429,-9321335199.197834,-9540125066.719463,-9756002034.401377,-9967689553.383247,-10173683427.323294,-11784025258.2159,-11809641986.26355,-11807426504.255032,-11773433328.29591,-11703133950.38309,-10782947125.034157,-10209350894.019005,-9559751240.537403,-8827408926.746344,-8005228970.449882,-5632512782.6186905,-6308359888.091249,-7023089248.064152,-7766012254.201838,-8518886137.836458,-11174644774.510609,-10039140055.789248,-8471794854.372205,-6368266914.878142,-3607225751.791073,-51443638.55692434,80215362125.37923,92833766950.42429,109120669625.8125,130607042046.97354,159688976368.29272,168964214672.00443,224525587471.5053,305348855137.3628,339720123977.32874,0.0
2858.0,4985714491.58995,4983306846.167175,4980811350.462427,4978226975.607801,4975552680.560999,4972787411.943146,4969930103.874182,4966979677.805772,4963935042.351722,4960795093.115818,4957558712.51711,4954224769.612504,4950792119.916758,4947259605.21972,4943626053.400817,4939890278.240762,4936051079.230425,4932107241.376802,4928057535.006096,4923900715.563806,4919635523.411813,4915260683.622419,4910774905.769286,4906176883.715241,4901465295.396858,4896638802.605867,4891696050.7672205,4886635668.713898,4881456268.458298,4876156444.960221,4870734775.891402,4865189821.396539,4859520123.850743,4853724207.613417,4847800578.778458,4841747724.920788,4835564114.83914,4829248198.295047,4822798405.74801,4816213148.086783,4809490816.356754,4802629781.483305,4795628393.991254,4788484983.720128,4781197859.53544,4773765309.035749,4766185598.255586,4758456971.364132,4750577650.359649,4742545834.75958,4734359701.28635,4726017403.548768,4717517071.71901,4708856812.205193,4700034707.319432,4691048814.941433,4681897168.177534,4672577775.015182,4663088617.972857,4653427653.74537,4643592812.844576,4633581999.235408,4623393089.967317,4613023934.801029,4602472355.830664,4591736147.101187,4580813074.221213,4569700873.971161,4558397253.906786,4546899891.958077,4535206436.023589,4523314503.560175,4511221681.168229,4498925524.172409,4486423556.197914,4473713268.742403,4460792120.743567,4447657538.142429,4434306913.442497,4420737605.2648,4406946937.898943,4392932200.850252,4378690648.383175,4364219499.061006,4349515935.282108,4334577102.812804,4319400110.317044,4303982028.883073,4288319891.547269,4272410692.815369,4256251388.181305,4239838893.643861,4223170085.221469,4206241798.4653296,4189050827.971265,4171593926.890487,4153867806.439727,4135869135.411029,4117594539.681566,4099040601.723974,4080203860.1175103,4061080809.060575,4041667897.885074,4021961530.573105,4001958065.276512,3981653813.8399,3961045041.327737,3940127965.5561113,3918898756.62992,3897353536.486088,3875488378.443724,3853299306.761832,3830782296.205573,3807933271.621847,3784748107.5252,3761222627.694965,3737352604.784727,3713133759.945131,3688561762.461214,3663632229.405396,3638340725.307413,3612682761.8425007,3586653797.539129,3560249237.5078025,3533464433.1923795,3506294682.145439,3478735227.829423,3450781259.4451404,3422427911.789559,3393670265.14456,3364503345.1988177,3334922123.004612,3304921514.9718075,3274496382.9011865,3243641534.059323,3212351721.297487,3180621643.216936,3148445944.3832364,3115819215.5922,3082735994.190212,3049190764.4518256,3015177958.017495,2980691954.3946023,2945727081.5248246,2910277616.4211617,2874337785.877992,2837901767.2575336,2800963689.3563766,2763517633.355689,2725557633.8588734,2687077680.0205507,2648071716.770795,2608533646.1387863,2568457328.679825,2527836585.010144,2486665197.453722,2444936911.805468,2402645439.21531,2359784458.197645,2316347616.7706966,2272328534.7304564,2227720806.0637712,2182518001.505265,2136713671.2427647,2090301347.7757704,2043274548.931725,1995626781.0444984,1947351542.2996664,1898442326.2508776,1848892625.511676,1798695935.626751,1747845759.1266751,1696335609.7697587,1644159016.9744737,1591309530.4456658,1537780724.9973211,1483566205.5743766,1428659612.4755888,1373054626.778954,1316744975.9707413,1259724439.7784724,1201986856.207622,1143526127.781006,1084336227.979077,1024411207.8784448,963745202.9848996,902332440.2563906,840167245.3099709,777244049.8057761,713557398.9995966,649101959.454277,583872526.8986406,517864034.2209201,451071559.5821457,383490334.6328592,315115752.81476307,-1377423832.9320097,-1441485566.0841446,-1505734752.9375725,-1570162253.3508625,-1634758693.0806923,-1699514466.6728582,-1043715354.9137144,-1106022509.0047443,-1168562474.2025518,-1231330293.9947033,-1294320834.2181416,-1357528773.153964,-3265040051.8299007,-3320233147.3381634,-3375335924.776525,-3430345923.8567533,-3485261171.395637,-3540080224.8035088,-3594802218.9067907,-8154405404.933713,-8262322579.697737,-8370934679.052853,-8480239622.81178,-8590234233.610073,-8700914105.278973,-9508539081.380558,-9595731994.999989,-9683217055.959656,-9770986538.592249,-9859030837.12682,-9947338173.80436,-2065303262.484993,-2103528908.959837,-2141309192.068648,-2178635639.8367424,-2215501295.049799,-2251901003.701294,-2287831740.506222,-8555572804.325939,-8652434634.605473,-8749325220.052889,-8846201500.159483,-8943015901.795582,-9039715812.46362,-9136242977.5365,-9232532808.421589,-15717302798.919895,-15884742246.944063,-16048256941.563553,-16207191361.102676,-16360819299.288809,-16508336355.931078,-16648851604.714945,-16781378347.15538,-16904823852.391972,-17017977972.498068,-17119500512.392923,-17207907222.423565,442817151.8134575,373544402.8198414,304338690.02160645,235332120.6171513,166662919.7400055,98473297.14033508,-5928591926.806261,-6091680999.692755,-6254130552.703457,-6415534000.755114,-6575441007.055225,-8323702265.219154,-8502556378.119968,-8677927213.957008,-8848842655.201555,-9014171361.39387,-11495390451.362925,-11533040739.3541,-11545075258.766748,-11527502201.739998,-11475637751.012604,-12796391336.451977,-12250649428.856232,-11609383805.096458,-10860205169.1432,-9989132005.80859,1688845889.3338394,1258639987.9988766,765758682.5011845,209016089.8546677,-408358984.7278805,-8612172975.448463,-7822685800.972302,-6592279216.292074,-4768896902.982137,-2156829059.8668246,1489792193.950644,78194813884.80656,82145283312.3563,85480547508.4315,87164463149.71779,85284385849.7284,85103209358.69667,69281029713.56766,34826266925.273735,1899435081.220569,0.0
2857.0,5037204194.291459,5034649362.217352,5032004394.339851,5029268244.199586,5026439853.207439,5023518150.489038,5020502052.726993,5017390464.000918,5014182275.62519,5010876365.984367,5007471600.366314,5003966830.792919,5000360895.848425,4996652620.505323,4992840815.947766,4988924279.392481,4984901793.9071455,4980772128.226176,4976534036.563917,4972186258.425173,4967727518.4130745,4963156526.03421,4958471975.501033,4953672545.531429,4948756899.145522,4943723683.459576,4938571529.477011,4933299051.876488,4927904848.797041,4922387501.620157,4916745574.748876,4910977615.383766,4905082153.295801,4899057700.596098,4892902751.502458,4886615782.102686,4880195250.114669,4873639594.643146,4866947235.933183,4860116575.12024,4853145993.976913,4846033854.656192,4838778499.431314,4831378250.432082,4823831409.377707,4816136257.306085,4808291054.299489,4800294039.20669,4792143429.361409,4783837420.29715,4775374185.458322,4766751875.907704,4757968620.030139,4749022523.232512,4739911667.639996,4730634111.788459,4721187890.313157,4711571013.63358,4701781467.634515,4691817213.343292,4681676186.603205,4671356297.743139,4660855431.243363,4650171445.397514,4639302171.970818,4628245415.854477,4616998954.716316,4605560538.647697,4593927889.806664,4582098702.057447,4570070640.606287,4557841341.633645,4545408411.92284,4532769428.4851885,4519921938.181639,4506863457.341082,4493591471.375244,4480103434.390417,4466396768.795979,4452468864.909855,4438317080.561025,4423938740.689158,4409331136.94153,4394491527.267324,4379417135.509455,4364105150.994109,4348552728.1180935,4332756985.934234,4316715007.7349615,4300423840.634303,4283880495.148488,4267081944.7754135,4250025125.573141,4232706935.737805,4215124235.18106,4197273845.10746,4179152547.592046,4160757085.1584463,4142084160.357858,4123130435.3492575,4103892531.481242,4084367028.875884,4064550466.015034,4044439339.3295617,4024030102.791928,4003319167.512665,3982302901.341264,3960977628.4720087,3939339629.055373,3917385138.8155313,3895110348.6747103,3872511404.384976,3849584406.168177,3826325408.364849,3802730419.092728,3778795399.915813,3754516265.524696,3729888883.429158,3704909073.663874,3679572608.508179,3653875212.22097,3627812560.79172,3601380281.7086983,3574573953.7455487,3547389106.7673903,3519821221.5576363,3491865729.666832,3463518013.2848,3434773405.137453,3405627188.4096985,3376074596.695879,3346110813.979233,3315730974.641984,3284930163.507624,3253703415.917032,3222045717.8401613,3189952006.025058,3157417168.185931,3124436043.232228,3091003421.5405016,3057114045.271099,3022762608.731541,2987943758.7887287,2952652095.331901,2916882171.788533,2880628495.6952567,2843885529.3258715,2806647690.378759,2768909352.725728,2730664847.224539,2691908462.5973577,2652634446.377168,2612837005.924488,2572510309.516416,2531648487.5101466,2490245633.583104,2448295806.0515466,2405793029.269762,2362731295.111597,2319104564.536092,2274906769.238876,2230131813.39079,2184773575.465142,2138825910.154601,2092282650.37881,2045137609.383352,1997384582.930513,1949017351.5820105,1900029683.0734887,1850415334.780228,1800168056.2731028,1749281591.9634795,1697749683.8350496,1645566074.260313,1592724508.8986154,1539218739.672226,1485042527.8160515,1430189646.995994,1374653886.4901266,1318429054.4258962,1261508981.0657773,1203887522.1327152,1145558562.1656528,1086516017.8942757,1026753841.6209898,966266024.596663,905046600.375587,843089648.1333632,780389295.9301958,716939723.9002151,652735167.3460732,587769919.7160845,522038335.4395523,455534832.5940137,388253895.376245,320190076.3470011,-1381360026.1040602,-1446030364.1264982,-1510934367.6087427,-1576065284.6923945,-1641416195.5733967,-1706980013.5393944,-958466394.6292562,-1020601656.3736316,-1083054611.6873856,-1145824453.4011517,-1208910278.7047634,-1272311073.334817,-3332271869.495865,-3390573338.221838,-3448886825.422804,-3507210160.87284,-3565541448.635125,-3623879092.6622887,-3682221824.898881,-8154976801.720197,-8276258218.113565,-8398827021.041606,-8522704271.128377,-8647911017.390614,-8774468235.861938,-9943507381.241455,-10048752871.73652,-10154994998.837929,-10262262271.81757,-10370583943.007946,-10479989939.653543,-1904064476.1554432,-1941412870.1128843,-1978084808.0052128,-2014042655.892109,-2049247857.052344,-2083661046.461872,-2117242192.287495,-8880608136.929262,-8999996252.886791,-9120263650.357944,-9241400765.252825,-9363395425.502363,-9486232497.172934,-9609893476.857422,-9734356020.770971,-16981957388.382809,-17239930041.917103,-17498333187.34497,-17756725582.57618,-18014604994.76834,-18271400764.463806,-18526465447.62469,-18779065416.55833,-19028370284.774704,-19273441002.68663,-19513216450.458504,-19746498330.914497,914144204.0101336,880810462.975975,850532275.1084576,823689817.6990433,800690774.5667324,781970137.2289429,-4868559359.891466,-4992165533.747736,-5113712478.156902,-5232826764.515137,-5349112088.151512,-7097815140.747784,-7243945356.621365,-7387420006.929344,-7527720169.4478035,-7664265414.180225,-11148227531.307993,-11241800266.663864,-11317891275.95573,-11373501608.53292,-11405089887.556648,-15710305303.165527,-15380740936.134144,-14962598937.35936,-14441756106.826218,-13801784317.252111,8745264468.171032,8621080745.91282,8411160872.180067,8096401257.097153,7654926003.259287,-6603758659.943172,-6811487178.530693,-6843725386.760654,-6593129448.641966,-5905912028.620641,-4567797179.588163,37150394416.24856,32852827557.300625,27500939161.443096,21148120541.23591,14093120273.60541,10843002839.038065,3935152469.618673,373939300.4346423,139246.01600255695,0.0
2856.0,5090483226.102733,5087850836.305381,5085126960.891817,5082310548.01229,5079400533.898802,5076395842.718599,5073295386.425632,5070098064.61008,5066802764.345853,5063408360.036076,5059913713.256519,5056317672.596944,5052619073.500326,5048816738.099975,5044909475.054471,5040896079.380419,5036775332.2829895,5032546000.984212,5028206838.549013,5023756583.70895,5019193960.683608,5014517678.99968,5009726433.307619,5004818903.195949,4999793753.003085,4994649631.626728,4989385172.3307495,4983998992.549591,4978489693.690104,4972855860.93082,4967096063.018626,4961208852.062853,4955192763.326655,4949046315.015785,4942768008.064631,4936356325.919531,4929809734.319359,4923126681.073342,4916305595.836067,4909344889.879659,4902242955.863175,4894998167.599069,4887608879.816819,4880073427.923639,4872390127.762273,4864557275.365839,4856573146.709732,4848435997.4605465,4840144062.722008,4831695556.777909,4823088672.83204,4814321582.745074,4805392436.768434,4796299363.275121,4787040468.487478,4777613836.201942,4768017527.510675,4758249580.520224,4748308010.067063,4738190807.430131,4727895940.040308,4717421351.186875,4706764959.720961,4695924659.755962,4684898320.36503,4673683785.27555,4662278872.560705,4650681374.328164,4638889056.405843,4626899658.024863,4614710891.499741,4602320441.905777,4589725966.753794,4576925095.66222,4563915430.026581,4550694542.686497,4537259977.590242,4523609249.456919,4509739843.436377,4495649214.766943,4481334788.431051,4466793958.8089,4452024089.330233,4437022512.124377,4421786527.668645,4406313404.435291,4390600378.537068,4374644653.371672,4358443399.265115,4341993753.114295,4325292818.02889,4308337662.972803,4291125322.405364,4273652795.922485,4255917047.898048,4237915007.125698,4219643566.4614096,4201099582.4669447,4182279875.054675,4163181227.133873,4143800384.258957,4124134054.279928,4104178906.99534,4083931573.808244,4063388647.385391,4042546681.320157,4021402189.799615,3999951647.2761145,3978191488.1439056,3956118106.421234,3933727855.438416,3911017047.532404,3887981953.74837,3864618803.548877,3840923784.531209,3816893042.1534495,3792522679.4699335,3767808756.876713,3742747291.8677263,3717334258.8023233,3691565588.684837,3665437168.957029,3638944843.304036,3612084411.474692,3584851629.116978,3557242207.629401,3529251814.029201,3500876070.838187,3472110555.987081,3442950802.739325,3413392299.6351733,3383430490.457066,3353060774.21719,3322278505.168165,3291078992.8378606,3259457502.089241,3227409253.2062645,3194929422.006771,3162013139.98332,3128655494.472965,3094851528.856863,3060596242.790667,3025884592.466616,2990711490.908187,2955071808.298115,2918960372.3406296,2882371968.6585865,2845301341.2262654,2807743192.8383274,2769692185.6155844,2731142941.5479183,2692090043.074766,2652528033.703305,2612451418.66453,2571854665.6069865,2530732205.328188,2489078432.542952,2446887706.688405,2404154352.7645164,2360872662.2091937,2317036893.8065834,2272641274.6268287,2227680000.9953485,2182147239.489195,2136037127.957839,2089343776.5651093,2042061268.8486457,1994183662.792801,1945704991.9101448,1896619266.3264327,1846920473.8630047,1796602581.1100492,1745659534.4834309,1694085261.256858,1641873670.560461,1589018654.335915,1535514088.2372122,1481353832.4651952,1426531732.522933,1371041619.8777194,1314877312.5143852,1258032615.3631706,1200501320.5842104,1142277207.6890306,1083354043.4781246,1023725581.7719402,963385562.9111196,902327712.9999276,840545742.8652134,778033346.701252,714784200.3690643,650791959.316833,586050256.0860538,520552697.3662243,454292860.55872726,387264289.808876,-1314778661.328372,-1379894536.7639463,-1445306570.2270412,-1511011059.2438536,-1577004220.6085844,-1643282190.3901978,-817050821.0778112,-878975926.1763363,-941317601.14225,-1004079822.6466016,-1067266594.4602128,-1130881929.199113,-3331630740.592703,-3393496919.11664,-3455500665.372484,-3517640456.6573496,-3579914815.4816084,-3642322313.486999,-3704861576.439536,-7892145150.669415,-8022921969.031789,-8155486707.617079,-8289881244.465464,-8426148517.826931,-8564332540.99883,-10097679532.3964,-10217113656.971828,-10338115367.4633,-10460743770.498549,-10585061236.659843,-10711133584.399803,-1792833733.3386154,-1832911851.407604,-1872236073.946968,-1910745948.6240065,-1948377814.5723152,-1985064728.2051928,-2020736402.894768,-8946276798.231155,-9084619067.73552,-9224633209.825089,-9366344851.75736,-9509779484.754255,-9654962392.486,-9801918569.060562,-9950672624.522947,-17445561427.8005,-17785764046.13948,-18131503012.52825,-18482684309.80712,-18839180197.703053,-19200824155.49264,-19567405118.407875,-19938660906.00308,-20314270724.976982,-20693846610.56101,-21076923649.04325,-21462948798.702965,1303029806.3878326,1295384669.5891323,1292699825.5669746,1295512483.4058132,1304404076.551485,1320002404.5855522,-3822729991.473261,-3921178651.5091896,-4017382263.393482,-4111053030.936922,-4201897994.2730656,-5869741847.280909,-5997430822.086979,-6124235762.422798,-6250098286.170948,-6374997499.705261,-10795464163.456997,-10977101006.327866,-11153682283.464931,-11324028082.45438,-11486769740.132765,-19036492688.491985,-19086559860.042454,-19084000428.86567,-19018222893.777275,-18876580274.58404,14567461284.204395,14801004539.56097,14949014669.01869,14978785382.30151,14847603405.444435,-4167436285.208866,-5504030839.530315,-7082479747.592827,-8917432411.278938,-11003122126.501442,-13294047185.203487,16109219265.31707,12601014677.734646,8706595537.422493,4985280516.884077,2107012081.7350645,-3613694382.013255,-727960095.4479694,-21282165.328936357,-214.75821794167442,0.0
2855.0,5145721747.783074,5143083078.402858,5140352517.700524,5137529020.533752,5134611530.21492,5131598978.375707,5128490284.830013,5125284357.435208,5121980091.951647,5118576371.900478,5115072068.419713,5111466040.118492,5107757132.929619,5103944179.960245,5100026001.340762,5096001404.071828,5091869181.869553,5087628115.008768,5083276970.164446,5078814500.251157,5074239444.260592,5069550527.097143,5064746459.411496,5059825937.432223,5054787642.795369,5049630242.37199,5044352388.093642,5038952716.7758255,5033429849.939295,5027782393.629296,5022008938.232673,5016108058.292817,5010078312.322492,5003918242.614449,4997626375.049868,4991201218.904608,4984641266.653213,4977944993.770694,4971110858.532084,4964137301.809676,4957022746.868072,4949765599.156839,4942364246.101,4934817056.889093,4927122382.258995,4919278554.281398,4911283886.140953,4903136671.915075,4894835186.35042,4886377684.636993,4877762402.179947,4868987554.368972,4860051336.345409,4850951922.766942,4841687467.570008,4832256103.729826,4822655943.01811,4812885075.75847,4802941570.5794525,4792823474.16535,4782528811.004656,4772055583.136297,4761401769.893597,4750565327.645994,4739544189.538599,4728336265.229534,4716939440.625141,4705351577.613086,4693570513.793355,4681594062.207255,4669420011.064381,4657046123.467646,4644470137.136424,4631689764.127843,4618702690.556271,4605506576.311098,4592099054.772876,4578477732.527824,4564640189.080871,4550583976.567234,4536306619.462696,4521805614.292571,4507078429.339588,4492122504.350646,4476935250.242689,4461514048.807728,4445856252.417137,4429959183.725414,4413820135.373447,4397436369.691529,4380805118.40214,4363923582.322834,4346788931.069205,4329398302.758207,4311748803.712027,4293837508.162595,4275661457.9570594,4257217662.2643113,4238503097.282835,4219514705.950118,4200249397.6537895,4180704047.944794,4160875498.252807,4140760555.60416,4120355992.34254,4099658545.8527727,4078664918.2879057,4057371776.299967,4035775750.7746377,4013873436.570198,3991661392.2610383,3969136139.8860974,3946294164.702523,3923131914.9449496,3899645801.59073,3875832198.131472,3851687440.351259,3827207826.111951,3802389615.1459055,3777229028.856544,3751722250.127099,3725865423.13805,3699654653.193436,3673086006.556678,3646155510.296128,3618859152.14076,3591192880.3464584,3563152603.573195,3534734190.7735047,3505933471.0925646,3476746233.7802706,3447168228.1155424,3417195163.343245,3386822708.623896,3356046492.996459,3324862105.354376,3293265094.435026,3261250968.8226976,3228815196.965132,3195953207.203635,3162660387.816709,3128932087.077028,3094763613.321514,3060150235.0342746,3025087180.941868,2989569640.120448,2953592762.114071,2917151657.0634155,2880241395.843908,2842857010.212173,2804993492.959537,2766645798.0709896,2727808840.8880544,2688477498.273423,2648646608.7753124,2608310972.7889977,2567465352.7126737,2526104473.094637,2484223020.76826,2441815644.970847,2398876957.442191,2355401532.4980683,2311383907.073406,2266818580.729472,2221700015.6187325,2176022636.4005246,2129780830.099967,2082968945.901856,2035581294.8706093,1987612149.586471,1939055743.687271,1889906271.304346,1840157886.380002,1789804701.8530583,1738840788.6978369,1687260174.8008556,1635056843.658172,1582224732.8751478,1528757732.4489498,1474649682.8126774,1419894372.618525,1364485536.235772,1308416850.9377117,1251681933.7499475,1194274337.9306436,1136187549.051375,1077414980.645445,1017949969.3883504,957785769.773142,896915548.2412329,835332376.7271981,773029225.5738239,709998955.7715092,646234310.4741297,581727905.7411118,516472220.45364,-1175270900.5708897,-1240557549.8638103,-1306214766.8449993,-1372242460.6647348,-1438640571.5357409,-1505409071.293808,-618808609.8804779,-680352367.2927752,-742419613.0239544,-805019617.826992,-868161849.2156801,-931855955.4234648,-3254359032.0129223,-3320019420.871995,-3385965866.748027,-3452198353.8728743,-3518716714.1355114,-3585520608.8927145,-3652609510.0309153,-7351784165.332152,-7487266745.411267,-7624902865.006896,-7764750496.481734,-7906869552.752721,-8051321968.216832,-9938699073.165564,-10067206966.534058,-10197647100.471706,-10330097160.787436,-10464639857.874714,-10601363319.757313,-1731010096.1152458,-1777803870.17239,-1823973377.8006785,-1869446646.057866,-1914146774.56702,-1957991690.365797,-2000893902.2760563,-8719263873.836136,-8871395450.303963,-9025853237.301914,-9182693790.202044,-9341975906.512642,-9503760850.799265,-9668112617.42379,-9835098237.956495,-16898193132.519943,-17298586955.739674,-17709396216.882484,-18130926067.808685,-18563485153.98902,-19007384462.4766,-19462935915.258858,-19930450662.32666,-20410237020.3161,-20902597992.352108,-21407828292.340862,-21926210781.91986,1541281058.1356802,1544111967.3280468,1552440130.184986,1566851673.985916,1587986885.126917,1616544596.5152302,-2921974916.750103,-3013723761.735422,-3104251941.184553,-3193395125.6434803,-3280996454.1235065,-4807392368.258587,-4934687847.989224,-5063498838.039696,-5194143104.053387,-5327048833.989857,-10397814899.22438,-10681464174.396263,-10974002592.779213,-11276330360.841034,-11589566957.169289,-21965750196.01511,-22474931488.97945,-22987490861.756096,-23500805292.64352,-24011454857.83334,18200392627.398064,18803191254.47279,19359616381.57553,19837760094.88559,20193283501.970093,-456704343.34677887,-2308814345.4623184,-4704495739.243126,-7778291087.158157,-11687002814.27047,-16600021951.449738,10422919877.876211,12361335186.894823,12673302787.699087,11021358822.971825,7605865579.615063,-22594306830.55096,-8325275512.586291,-841202160.1598084,-385405.98087126407,0.0
2854.0,5203022621.33815,5200449719.902705,5197785462.404919,5195028822.246135,5192178761.809091,5189234232.335657,5186194173.803231,5183057514.799723,5179823172.397167,5176490052.023953,5173057047.335585,5169523040.084081,5165886899.985881,5162147484.588342,5158303639.134724,5154354196.427744,5150297976.691618,5146133787.432602,5141860423.298032,5137476665.933826,5132981283.840466,5128373032.227429,5123650652.866044,5118812873.940807,5113858409.899102,5108785961.299337,5103594214.657471,5098281842.291952,5092847502.167024,5087289837.734406,5081607477.77333,5075799036.228963,5069863112.049142,5063798289.019466,5057603135.5967245,5051276204.740647,5044816033.743981,5038221144.060875,5031490041.133591,5024621214.217498,5017613136.204398,5010464263.444134,5003173035.56451,4995737875.289494,4988157188.255735,4980429362.827377,4972552769.909146,4964525762.75779,4956346676.791772,4948013829.399308,4939525519.744699,4930880028.573011,4922075618.013056,4913110531.378725,4903982992.968678,4894691207.864382,4885233361.726533,4875607620.589868,4865812130.656366,4855845018.086893,4845704388.791286,4835388328.216896,4824894901.135604,4814222151.429391,4803368101.874396,4792330753.92359,4781108087.48801,4769698060.716662,4758098609.775042,4746307648.622433,4734323068.787881,4722142739.145004,4709764505.68561,4697186191.292227,4684405595.509523,4671420494.314753,4658228639.887235,4644827760.376915,4631215559.672115,4617389717.166503,4603347887.525371,4589087700.451259,4574606760.449059,4559902646.5906105,4544972912.278928,4529815085.012103,4514426666.146988,4498805130.662767,4482947926.924469,4466852476.446573,4450516173.656771,4433936385.660008,4417110452.002909,4400035684.438719,4382709366.692827,4365128754.229071,4347291074.016879,4329193524.299387,4310833274.362694,4292207464.3063593,4273313204.815296,4254147576.933148,4234707631.837381,4214990390.6161184,4194992844.046989,4174711952.377996,4154144645.1106577,4133287820.785519,4112138346.770173,4090693059.049955,4068948762.021433,4046902228.288848,4024550198.463603,4001889380.966992,3978916451.83623,3955628054.5339375,3932020799.761159,3908091265.274077,3883835995.7044,3859251502.383608,3834334263.1710696,3809080722.286041,3783487290.143622,3757550343.1946416,3731266223.769472,3704631239.925679,3677641665.299456,3650293738.9607487,3622583665.271833,3594507613.749264,3566061718.928852,3537242080.2334127,3508044761.842972,3478465792.56693,3448501165.7177844,3418146838.985804,3387398734.3140497,3356252737.772959,3324704699.4337254,3292750433.239515,3260385716.873455,3227606291.6222363,3194407862.2339954,3160786096.7690296,3126736626.441698,3092255045.451738,3057336910.802928,3021977742.1069603,2986173021.3701053,2949918192.7598963,2913208662.349057,2876039797.833289,2838406928.219576,2800305343.480995,2761730294.173952,2722676991.0132623,2683140604.399954,2643116263.896561,2602599057.6439185,2561584031.7129936,2520066189.384944,2478040490.351821,2435501849.8297253,2392445137.575724,2348865176.7989144,2304756742.955415,2260114562.4161983,2214933310.9958267,2169207612.3292155,2122932036.0826435,2076101095.9840937,2028709247.656964,1980750886.2400813,1932220343.775572,1883111886.3449311,1833419710.9322896,1783137941.9923096,1732260627.6986766,1680781735.847545,1628695149.3885405,1575994661.5542426,1522673970.5570743,1468726673.820713,1414146261.7110758,1358926110.7297287,1303059476.130559,1246539483.918223,1189359122.184454,1131511231.7361977,1072988495.9668416,1013783429.919569,953888368.489203,893295453.7065887,831996621.0469413,769983584.7011752,707247821.7470107,-960583251.8138494,-1025629257.2246542,-1091126535.8888395,-1157079011.4875755,-1223490775.1079006,-1290366088.4624977,-362799972.5066471,-423631594.7084942,-485094416.434104,-547203300.225977,-609973520.7844982,-673420756.3757763,-3090499332.1065464,-3159886553.075121,-3229728259.779872,-3300027200.474086,-3370785851.497411,-3442006380.5040684,-3513690607.0454245,-6531201371.079271,-6666026245.34796,-6803205789.526501,-6942807563.886651,-7084901615.459348,-7229560601.181402,-9448310451.414322,-9580108977.536356,-9713960528.10072,-9849945296.350113,-9988148987.296928,-10128663311.12447,-1706133021.1712208,-1763463456.2434473,-1820530266.0628643,-1877264488.6965663,-1933591397.1246967,-1989430127.5693817,-2044693293.4401703,-8179401820.810945,-8338984941.4461155,-8501346005.915199,-8666562787.36785,-8834716896.49149,-9005894208.331177,-9180185361.31266,-9357686341.941078,-15202782276.445255,-15628878550.753828,-16068969451.66225,-16523707092.111088,-16993782873.54993,-17479930394.833122,-17982928615.250595,-18503605296.4802,-19042840750.58012,-19601571923.566868,-20180796846.58909,-20781579489.11816,1589657911.4093704,1585785598.3328238,1586528245.9715252,1592408045.8778343,1604002259.3738966,1621949097.4311037,-2233662264.503689,-2337278845.114796,-2441766296.704014,-2547117098.391306,-2653338834.5390244,-4003350339.2384434,-4149004757.5249233,-4299047142.769526,-4454049375.029495,-4614722915.741364,-9857372662.316334,-10236063575.840836,-10635869509.57688,-11059361009.950115,-11509625191.964008,-23554287309.05208,-24478009669.27977,-25462722441.41033,-26515146621.369926,-27642975014.4297,18828614678.74712,19720448599.58217,20636812725.71728,21562883306.740723,22475744931.775204,4039146004.433701,2688645178.293076,817889763.3585663,-1740391830.2797928,-5207275522.3211975,-9872783509.998688,-21313713002.47581,-9653818597.604202,2201831251.7768936,12563425061.633438,18792695456.93137,-78623534222.86717,-51475103300.18,-15401346303.792067,-164958977.15715203,0.0
2853.0,5262419979.074729,5259984775.647655,5257459677.776571,5254843688.826387,5252135801.814116,5249334999.301552,5246440253.286906,5243450525.095399,5240364765.268799,5237181913.453892,5233900898.289898,5230520637.294803,5227040036.750628,5223457991.58762,5219773385.267323,5215985089.664587,5212091964.948486,5208092859.462111,5203986609.60126,5199772039.69204,5195447961.86733,5191013175.942148,5186466469.287888,5181806616.70541,5177032380.297071,5172142509.337541,5167135740.143574,5162010795.942573,5156766386.740072,5151401209.186083,5145913946.440254,5140303268.035984,5134567829.74332,5128706273.430766,5122717226.925965,5116599303.87522,5110351103.601919,5103971210.963829,5097458196.209258,5090810614.832116,5084027007.42587,5077105899.536361,5070045801.513571,5062845208.362257,5055502599.591526,5048016439.063317,5040385174.839829,5032607239.029889,5024681047.634259,5016605000.389939,5008377480.613408,4999996855.042895,4991461473.679628,4982769669.628114,4973919758.935452,4964910040.429704,4955738795.557333,4946404288.219745,4936904764.60892,4927238453.042185,4917403563.796159,4907398288.939866,4897220802.167033,4886869258.627656,4876341794.758795,4865636528.114666,4854751557.196052,4843684961.279063,4832434800.24327,4820999114.39924,4809375924.31557,4797563230.645339,4785559013.952149,4773361234.535673,4760967832.256843,4748376726.362659,4735585815.310726,4722592976.593455,4709396066.562114,4695992920.250643,4682381351.199381,4668559151.278709,4654524090.512632,4640273916.902408,4625806356.25025,4611119111.983149,4596209864.97686,4581076273.380135,4565715972.439247,4550126574.322804,4534305667.947027,4518250818.80142,4501959568.77494,4485429435.982746,4468657914.593513,4451642474.657428,4434380561.934863,4416869597.725792,4399106978.699997,4381090076.728113,4362816238.713514,4344282786.425099,4325487016.331034,4306426199.433361,4287097581.103668,4267498380.919627,4247625792.502588,4227476983.35607,4207049094.7052336,4186339241.337247,4165344511.442548,4144061966.456895,4122488640.904185,4100621542.239932,4078457650.695301,4055993919.121563,4033227272.834845,4010154609.460995,3986772798.780341,3963078682.572161,3939069074.458552,3914740759.747457,3890090495.274484,3865115009.2431087,3839811001.062969,3814175141.185612,3788204070.937305,3761894402.348261,3735242717.977688,3708245570.7338777,3680899483.6886425,3653200949.8851614,3625146432.138312,3596732362.826438,3567955143.673456,3538811145.519945,3509296708.0819483,3479408139.6959143,3449141717.048203,3418493684.8872986,3387460255.716867,3356037609.467463,3324221893.144648,3292009220.45096,3259395671.379108,3226377291.7733183,3192950092.855773,3159110050.7145853,3124853105.749656,3090175162.072244,3055072086.8540373,3019539709.620816,2983573821.485763,2947170174.316842,2910324479.832254,2873032408.6177125,2835289589.058485,2797091606.1789026,2758434000.3812785,2719312266.0756807,2679721850.191292,2639658150.559524,2599116514.158096,2558092235.204828,2516580553.0886946,2474576650.12523,2432075649.121971,2389072610.739071,2345562530.628813,2301540336.3368587,2257000883.9467297,2211938954.4478617,2166349249.806181,2120226388.714746,2073564902.0005107,2026359227.661732,1978603705.5088265,1930292571.3797808,1881419950.8993416,1831979852.749359,1781966161.4155774,1731372629.3740685,1680192868.6782875,1628420341.9054976,1576048352.4188194,1523070033.8987336,1469478339.0953064,1415266027.7496848,1360425653.6307974,1304949550.6302128,1248829817.8554497,1192058303.658989,1134626588.5373392,1076525966.8315306,1017747427.1575418,958281631.4921637,-668849639.540473,-733090324.4818468,-797862628.9337921,-863174673.6839943,-929034903.4276868,-995452094.9308864,-48037418.2898407,-107649608.56246376,-167993222.65050793,-229088711.51441,-290957189.9235401,-353620440.39082813,-2829474916.771347,-2902160262.7388783,-2975481975.8303328,-3049447028.3833075,-3124062116.5439835,-3199333612.3229733,-3275267511.428937,-5440085133.797647,-5568718627.556342,-5699730971.1655445,-5833191947.096285,-5969173959.238236,-6107752166.356764,-8623688849.063246,-8752985784.799221,-8884219456.463898,-9017455991.420923,-9152766034.797474,-9290225195.292782,-1694030045.784853,-1764959358.054613,-1836205098.422552,-1907716793.331536,-1979438414.133777,-2051307941.53146,-2123256903.6323807,-7321822105.383233,-7481897999.531839,-7644964437.244649,-7811107264.231161,-7980416490.425046,-8152986741.669158,-8328917788.953119,-8508315170.173163,-12328902611.789696,-12738005876.011942,-13162504613.190048,-13603250437.4436,-14061157411.352655,-14537207721.720108,-15032457969.088928,-15548046148.217373,-16085199407.815456,-16645242690.74282,-17229608370.87825,-17839847020.378994,1444375595.2985592,1417614563.348569,1393319840.5109882,1371844462.749993,1353587047.202671,1338997892.7403374,-1760551889.3283806,-1891263219.7504003,-2025738958.7076447,-2164156451.872669,-2306711821.779234,-3468332058.9634304,-3648436726.130291,-3836156389.669052,-4032202597.2275753,-4237410850.4197454,-9053518928.97677,-9501080517.79698,-9977556998.355091,-10486280436.1011,-11031178965.622557,-22989353110.4968,-24158593377.129467,-25426892387.523884,-26807558968.55204,-28316262178.038933,15970315332.706696,16945017250.489294,18014776022.25545,19189048205.06284,20477508138.45173,7035768755.181648,6861549981.112946,6481469572.148346,5802241650.152649,4683975046.528687,2912376970.5492706,-120470631764.71724,-109686238167.33484,-92899628508.10938,-68543284240.05815,-36008718519.78108,-147980705362.44934,-161349162258.84665,-122002289242.61871,-16325359127.906895,0.0
2852.0,5323878665.508714,5321652090.076375,5319337982.33194,5316935386.458504,5314443337.094258,5311860859.241645,5309186968.175833,5306420669.352471,5303560958.314757,5300606820.599778,5297557231.644168,5294411156.689077,5291167550.684393,5287825358.192316,5284383513.290216,5280840939.472775,5277196549.553487,5273449245.565414,5269597918.661304,5265641449.012991,5261578705.710117,5257408546.658224,5253129818.476123,5248741356.392606,5244241984.1425295,5239630513.862212,5234905745.98419,5230066469.131331,5225111460.010317,5220039483.304492,5214849291.566078,5209539625.107809,5204109211.893922,5198556767.430574,5192880994.655668,5187080583.828104,5181154212.416451,5175100544.987091,5168918233.091776,5162605915.154708,5156162216.359046,5149585748.53294,5142875110.03507,5136028885.639691,5129045646.42122,5121923949.638392,5114662338.617957,5107259342.63799,5099713476.810778,5092023241.965339,5084187124.529575,5076203596.412102,5068071114.88372,5059788122.458618,5051353046.775272,5042764300.477102,5034020281.092876,5025119370.916915,5016059936.889096,5006840330.474694,4997458887.544068,4987913928.252278,4978203756.918524,4968326661.905624,4958280915.499373,4948064773.78792,4937676476.541182,4927114247.090274,4916376292.207016,4905460801.983572,4894365949.712175,4883089891.765039,4871630767.474471,4859986699.013178,4848155791.274814,4836136131.75485,4823925790.431693,4811522819.648171,4798925253.993373,4786131110.184861,4773138386.951322,4759945064.91563,4746549106.478397,4732948455.701973,4719141038.194984,4705124760.99738,4690897512.466018,4676457162.160814,4661801560.731439,4646928539.804603,4631835911.871912,4616521470.178325,4600982988.611145,4585218221.589618,4569224903.95506,4553000750.861533,4536543457.667037,4519850699.825158,4502920132.777158,4485749391.844473,4468336092.121529,4450677828.368791,4432772174.906049,4414616685.505747,4396208893.286318,4377546310.605404,4358626428.952764,4339446718.842809,4320004629.706531,4300297589.78265,4280323006.0078015,4260078263.905466,4239560727.4734383,4218767739.069537,4197696619.295247,4176344666.876878,4154709158.543974,4132787348.904462,4110576470.3161206,4088073732.75386,4065276323.67226,4042181407.862791,4018786127.3050175,3995087601.01112,3971082924.86296,3946769171.440823,3922143389.8429217,3897202605.4947424,3871943819.947032,3846364010.6614304,3820460130.7823234,3794229108.893671,3767667848.7592993,3740773229.045049,3713542103.0210886,3685971298.242526,3658057616.206323,3629797831.982327,3601188693.8161345,3572226922.701259,3542909211.917878,3513232226.535292,3483192602.874956,3452786947.9306903,3422011838.742488,3390863821.7199984,3359339411.91155,3327435092.2141485,3295147312.519737,3262472488.792418,3229407002.071213,3195947197.3923,3162089382.624424,3127829827.2105737,3093164760.808638,3058090371.8231945,3022602805.819928,2986698163.813797,2950372500.4212904,2913621821.8663187,2876442083.8289485,2838829189.125017,2800778985.204094,2762287261.4523587,2723349746.285946,2683962104.01951,2644119931.49354,2603818754.443036,2563054023.5888314,2521821110.431804,2480115302.7286816,2437931799.626997,2395265706.4351583,2352112029.0020657,2308465667.679099,2264321410.835628,2219673927.8972464,2174517761.8741674,2128847321.345149,2082656871.860139,2035940526.722751,1988692237.1111767,1940905781.4938743,1892574754.293684,1843692553.751423,1794252368.9372158,1744247165.8549109,1693669672.581955,1642512363.3839574,1590767441.7399323,1538426822.2109823,1485482111.081646,1431924585.6997452,1377745172.4369464,1322934423.188651,1267482490.3281794,-298856557.8366575,-361567723.0992546,-424883143.9148102,-488815046.5582409,-553376148.8780804,-618579675.4669056,326240167.5890131,268536251.24722195,210017066.8051805,150656955.61221695,90429324.93547058,29306627.355366707,-2460827300.875334,-2535969803.981748,-2611933696.854106,-2688731573.955554,-2766375885.2780685,-2844878887.7106047,-2924252591.317657,-4100525247.436853,-4217683205.8208094,-4337073373.2660885,-4458760606.967419,-4582812113.738147,-4709297561.639956,-7477101903.279107,-7598717215.245931,-7721967012.037463,-7846890256.8102865,-7973528143.031227,-8101924347.460707,-1660360131.275876,-1746628818.242117,-1833965529.720851,-1922352229.345244,-2011766582.513852,-2102181528.1881533,-2193564815.621663,-6157764925.22876,-6311369573.765351,-6467936824.185061,-6627547126.476616,-6790284054.818913,-6956234583.4515705,-7125489411.217811,-7298143345.010447,-8373898458.424055,-8721713281.16874,-9083723176.080326,-9460776426.789068,-9853787255.211464,-10263742013.98357,-10691706058.84493,-11138831387.86394,-11606365147.392048,-12095659119.914114,-12608180326.98704,-13145522901.805635,1136931258.2371657,1074625120.1134825,1011690798.4782934,948228005.6559352,884362594.8035126,820251438.8554907,-1449179303.768222,-1616159342.5845797,-1790205481.8220024,-1971694512.040039,-2161023230.164204,-3135408686.4815464,-3359809917.945137,-3595180358.990168,-3842289456.552376,-4101984638.232073,-7877202117.918285,-8354101726.002806,-8861917012.248676,-9403677710.059645,-9982858019.073889,-19854064905.646385,-21020757061.194984,-22290246637.92356,-23676457310.584766,-25195855957.29782,9702242606.2223,10451271595.579191,11325255169.142635,12350540447.432152,13560345874.928646,5600016498.865654,6388505936.075584,7317521988.603325,8404591819.843338,9658448306.84018,11065628075.796097,-243208757397.75568,-261128268702.352,-278211248330.047,-291364822942.0624,-293937001113.0748,-95398535038.00089,-175036576575.8574,-303299079691.9,-314618941235.1705,0.0
2851.0,5387294560.581622,5385345675.944258,5383312484.938702,5381194082.714589,5378989555.798319,5376697982.020011,5374318430.440104,5371849961.275618,5369291625.826065,5366642466.39903,5363901516.235389,5361067799.434269,5358140330.877638,5355118116.15461,5352000151.485464,5348785423.645346,5345472909.887745,5342061577.867642,5338550385.564438,5334938281.204629,5331224203.184238,5327407079.991017,5323485830.126471,5319459362.0276165,5315326573.988629,5311086354.082249,5306737580.081061,5302279119.378626,5297709828.910466,5293028555.074938,5288234133.653988,5283325389.733863,5278301137.625691,5273160180.7860565,5267901311.7375,5262523311.989028,5257024951.956603,5251404990.883657,5245662176.761638,5239795246.250598,5233802924.599898,5227683925.568956,5221436951.34814,5215060692.4798,5208553827.7794485,5201915024.257127,5195142937.038966,5188236209.289009,5181193472.131239,5174013344.571907,5166694433.422159,5159235333.220973,5151634626.15847,5143890881.999566,5136002658.008047,5127968498.871073,5119786936.624102,5111456490.576337,5102975667.236635,5094342960.239977,5085556850.274469,5076615805.00897,5067518279.02126,5058262713.72692,5048847537.308819,5039271164.647326,5029531997.2512045,5019628423.189276,5009558817.022811,4999321539.738752,4988914938.683703,4978337347.498776,4967587086.055275,4956662460.391281,4945561762.649073,4934283271.013521,4922825249.651351,4911185948.651373,4899363603.965643,4887356437.351568,4875162656.315019,4862780454.054352,4850208009.405414,4837443486.787522,4824485036.150366,4811330792.921884,4797978877.957028,4784427397.487458,4770674443.0721,4756718091.548534,4742556404.98521,4728187430.6344,4713609200.88586,4698819733.221128,4683817030.168397,4668599079.25786,4653163852.977485,4637509308.729023,4621633388.784275,4605534020.241337,4589209114.980813,4572656569.621721,4555874265.477044,4538860068.508612,4521611829.281205,4504127382.915573,4486404549.040178,4468441131.741341,4450234919.511517,4431783685.195358,4413085185.933218,4394137163.101711,4374937342.250884,4355483433.037567,4335773129.15442,4315804108.25408,4295574031.867913,4275080545.318663,4254321277.626377,4233293841.406866,4211995832.761869,4190424831.160136,4168578399.308466,4146454083.01172,4124049411.020774,4101361894.867234,4078389028.6836967,4055128289.00824,4031577134.5717134,4007733006.066324,3983593325.893835,3959155497.8916736,3934416907.035019,3909374919.1128855,3884026880.375967,3858370117.154027,3832401935.440221,3806119620.439763,3779520436.0800495,3752601624.479194,3725360405.3696737,3697793975.4735856,3669899507.8258142,3641674151.041,3613115028.5201206,3584219237.592018,3554983848.5850124,3525405903.8233576,3495482416.5429206,3465210369.720096,3434586714.807626,3403608370.3704176,3372272220.614133,3340575113.798764,3308513860.528865,3276085231.9116507,3243285957.573416,3210112723.5243173,3176562169.860683,3142630888.2934337,3108315419.490381,3073612250.219443,3038517810.2788334,3003028469.1994963,2967140532.704061,2930850238.905533,2894153754.2278843,2857047169.0296006,2819526492.9099026,2781587649.676244,2743226471.950141,2704438695.387051,2665219952.4845,2625565765.9509296,2585471541.6061134,2544932560.782194,2503943972.192338,2462500783.2321763,2420597850.676911,2378229870.7348127,2335391368.4153843,2292076686.168053,2248279971.7445807,2203995165.2356067,2159215985.2288814,2113935914.0336647,2068148181.912664,2021845750.2593827,1975021293.6554725,1927667180.738848,1879775453.8097348,1831337807.097628,1782345563.608304,1732789650.46558,1682660572.658238,1631948385.0979662,149674319.8223982,89370835.48524475,28405774.26643467,-33236791.0334177,-95573444.82395647,-158621452.33913898,760268108.1391945,705334461.8036804,649527039.1530905,592815783.5127935,535169439.738266,476555514.44624615,-1975083997.557993,-2051401505.25228,-2128714641.303392,-2207042657.038044,-2286404925.4689045,-2366820904.0199423,-2448310092.30231,-2546084951.488061,-2647125244.189727,-2750103943.017414,-2855075090.5652666,-2962094488.0390835,-3071219760.760746,-6034031963.059646,-6143869440.134566,-6254938438.570797,-6367244530.383572,-6480792504.216203,-6595586328.307166,-1563479052.64993,-1665054282.0859594,-1768541274.8785934,-1873964580.575798,-1981346593.567068,-2090707202.6973488,-2202063401.8239565,-4713932457.357445,-4854692764.052258,-4998181267.588382,-5144462643.463552,-5293602644.462447,-5445668049.114418,-5600726603.122511,-5758846954.2076025,-3564853505.233034,-3813141251.801333,-4072000969.972664,-4342078182.211579,-4624067892.973353,-4918718973.755342,-5226838984.624726,-5549299481.842012,-5887041867.979948,-6241083848.890687,-6612526571.255096,-7002562525.580174,728573512.4176617,623459127.3662243,514120062.33813,400352619.8432112,281952489.77347946,158717196.11457634,-1204988609.84651,-1409608199.8472614,-1624507257.2534914,-1850253572.807988,-2087435220.8786488,-2875710816.3111343,-3144912948.4802494,-3428151483.572523,-3726203552.052411,-4039868547.424933,-6258804567.204667,-6720538978.309143,-7209649116.675754,-7728002399.758294,-8277599029.503297,-14295023102.817324,-15209836132.861738,-16195486743.621696,-17260014901.346188,-18412744383.79324,813775007.6451988,1018694546.3147756,1315315151.30505,1729569713.9162617,2295111874.645155,-1625163654.350891,-816147013.6884308,252656214.8511963,1648790960.2310486,3455610907.3842545,5774972230.6798935,-226745389095.2224,-263488490100.0498,-311282790379.71136,-375218610234.7339,-463655655080.5956,46584674737.64484,43006004402.77399,-4801499455.837158,-379997700337.67163,0.0
2850.0,5452495781.143837,5450890942.420397,5449205840.057481,5447439629.482377,5445591458.524217,5443660467.359779,5441645788.459249,5439546546.532007,5437361858.47244,5435090833.305786,5432732572.134018,5430286168.081804,5427750706.242539,5425125263.624478,5422408909.096956,5419600703.336765,5416699698.774646,5413704939.541941,5410615461.417435,5407430291.774389,5404148449.527752,5400768945.081648,5397290780.277087,5393712948.339924,5390034433.829161,5386254212.585502,5382371251.680256,5378384509.364613,5374292935.019242,5370095469.104347,5365791043.110075,5361378579.507415,5356856991.699534,5352225183.973605,5347482051.453161,5342626480.050967,5337657346.42247,5332573517.9198265,5327373852.546568,5322057198.912876,5316622396.191552,5311068274.074672,5305393652.730976,5299597342.763998,5293678145.1710005,5287634851.302678,5281466242.823751,5275171091.674393,5268748160.032582,5262196200.277357,5255513954.953043,5248700156.734492,5241753528.393293,5234672782.765082,5227456622.717892,5220103741.121656,5212612820.818802,5204982534.596059,5197211545.15745,5189298505.098517,5181242056.881784,5173040832.813546,5164693455.021944,5156198535.43638,5147554675.768334,5138760467.493522,5129814491.835518,5120715319.750801,5111461511.915253,5102051618.71215,5092484180.221663,5082757726.211853,5072870776.131222,5062821839.102805,5052609413.919793,5042231989.042757,5031688042.598399,5020976042.379905,5010094445.848837,4999041700.138591,4987816242.059422,4976416498.104953,4964840884.46028,4953087807.011462,4941155661.35656,4929042832.818041,4916747696.456586,4904268617.086206,4891603949.290662,4878752037.441021,4865711215.714416,4852479808.113792,4839056128.488627,4825438480.556474,4811625157.92523,4797614444.116019,4783404612.586487,4768993926.754407,4754380640.02139,4739562995.796514,4724539227.519695,4709307558.684496,4693866202.860224,4678213363.712954,4662347235.0252495,4646266000.714252,4629967834.84773,4613450901.657843,4596713355.552074,4579753341.120996,4562568993.1423645,4545158436.581038,4527519786.584148,4509651148.471013,4491550617.717062,4473216279.931162,4454646210.825587,4435838476.177864,4416791131.783628,4397502223.399614,4377969786.6757965,4358191847.075651,4338166419.783424,4317891509.597207,4297365110.806601,4276585207.0535054,4255549771.174684,4234256765.024478,4212704139.276025,4190889833.1992064,4168811774.413444,4146467878.613238,4123856049.264385,4100974177.268482,4077820140.593282,4054391803.8662434,4030687017.928501,4006703619.346206,3982439429.876066,3957892255.881704,3933059887.697111,3907940098.9334273,3882530645.72485,3856829265.909264,3830833678.138956,3804541580.9163895,3777950651.5497,3751058545.022285,3723862892.7704215,3696361301.362511,3668551351.073124,3640430594.344504,3611996554.127872,3583246722.096216,3554178556.719825,3524789481.195244,3495076881.217665,3465038102.5862656,3434670448.6312017,3403971177.4503374,3372937498.9429545,3341566571.6270084,3309855499.2254777,3277801327.0065994,3245401037.861688,3212651548.103339,3179549702.9656506,3146092271.7869205,3112275942.8542085,3078097317.8876534,3043552906.141223,3008639118.0950274,2973352258.712884,2937688520.237012,2901643974.490218,2865214564.653933,2828396096.488598,2791184228.960801,2753574464.239411,2715562137.02066,2677142403.139588,2638310227.422873,2599060370.7351003,2559387376.167816,2519285554.3176336,2478748967.596295,2437771413.512429,2396346406.8608823,2354467160.751987,2312126566.4088616,2269317171.6568604,2226031158.0247188,2182260316.372287,2137996020.954952,2093229201.829471,2047950315.500848,675804396.6746149,618922530.6451006,561344417.3827066,503051162.6083393,444023067.5644026,384239596.50300217,1253450812.187436,1202300001.1561332,1150250610.742178,1097269441.031744,1043321864.2083678,988371765.3275738,-1364712068.5347862,-1440482297.0561771,-1517394892.1923475,-1595476140.2732,-1674752823.4647243,-1755252205.4283772,-1837002013.31073,-819998808.9140215,-901246161.495019,-984028640.4673338,-1068385654.336916,-1154357610.8441782,-1241985926.1620064,-4330159997.009556,-4425445142.126119,-4521558880.408997,-4618475906.403144,-4716167209.460771,-4814599732.0998535,-1358379370.3662062,-1473182825.0656557,-1590732455.077222,-1711100009.1544056,-1834357818.13374,-1960578583.3638363,-2089835127.918508,-3030457056.097209,-3153083410.462148,-3278059289.3084774,-3405429039.933999,-3535235772.231738,-3667520938.864029,-3802323844.1178894,-3939681070.2436094,1761423682.435433,1637851989.594472,1508994966.241928,1374547319.7358427,1234184094.0723238,1087559576.5070703,934306199.5865326,774033454.0100589,606326832.013185,430746826.1603012,246828014.7542572,54078272.7393651,301089483.96484184,152352071.106009,-4195633.001782417,-169067070.83719587,-342805915.04297066,-525986714.8037281,-911672676.4501414,-1146940559.896849,-1395080629.0733583,-1656814379.166247,-1932883708.9612827,-2524641044.0177817,-2828153152.982141,-3147916457.8319383,-3484676502.8515844,-3839151607.221489,-4185364966.295887,-4591193920.104086,-5016964764.484833,-5462971618.618023,-5929285254.63256,-7022234791.636065,-7515896412.156921,-8026019154.448675,-8550909979.828739,-9088043227.28007,-9226938759.852922,-9767444768.273697,-10300648046.976696,-10816490445.583038,-11301668127.274343,-12847299581.896929,-12920220646.881857,-12867440030.1243,-12653894928.625542,-12237632640.2613,-11570423087.793455,-3477978223.256624,-3548069920.9303546,-3723434523.981681,-3995917678.4113846,-4371149341.296817,75067430.38623953,455633400.2932849,611807561.726284,865977750.8565178,0.0
2849.0,5519244746.066567,5518046797.605877,5516773388.341333,5515423742.332842,5513997077.153952,5512492603.857193,5510909526.939756,5509247044.309551,5507504347.251644,5505680620.395119,5503775041.680325,5501786782.326637,5499715006.800638,5497558872.784798,5495317531.146695,5492990125.908731,5490575794.218449,5488073666.319397,5485482865.522616,5482802508.178769,5480031703.650899,5477169554.287893,5474215155.398644,5471167595.226946,5468025954.927163,5464789308.540665,5461456722.973105,5458027257.972525,5454499966.108348,5450873892.751273,5447148076.05409,5443321546.933489,5439393329.05285,5435362438.806046,5431227885.302335,5426988670.352333,5422643788.455101,5418192226.786407,5413632965.188183,5408964976.159179,5404187224.846931,5399298669.040964,5394298259.167383,5389184938.284778,5383957642.0815735,5378615298.874804,5373156829.610334,5367581147.864649,5361887159.848123,5356073764.409924,5350139853.044501,5344084309.899771,5337906011.786924,5331603828.192044,5325176621.289421,5318623245.9566965,5311942549.791841,5305133373.131983,5298194549.074159,5291124903.497981,5283923255.090282,5276588415.371761,5269119188.725652,5261514372.428445,5253772756.682707,5245893124.652027,5237874252.498048,5229714909.419735,5221413857.694753,5212969852.723104,5204381643.072947,5195647970.528667,5186767570.141192,5177739170.280547,5168561492.69068,5159233252.546545,5149753158.513448,5140119912.808622,5130332211.265095,5120388743.397691,5110288192.471346,5100029235.571522,5089610543.676793,5079030781.733528,5068288608.732649,5057382677.788367,5046311636.218898,5035074125.629014,5023668781.994414,5012094235.747779,5000349111.866448,4988432029.961573,4976341604.368641,4964076444.23924,4951635153.633888,4939016331.615799,4926218572.345359,4913240465.17517,4900080594.7453785,4886737541.079127,4873209879.677836,4859496181.616002,4845595013.635313,4831504938.2376585,4817224513.776751,4802752294.547929,4788086830.875792,4773226669.199179,4758170352.153057,4742916418.6468,4727463403.938288,4711809839.703301,4695954254.099548,4679895171.824614,4663631114.167243,4647160599.051016,4630482141.069735,4613594251.513575,4596495438.385076,4579184206.403948,4561659056.999676,4543918488.290695,4525960995.049013,4507785068.648855,4489389196.998079,4470771864.450754,4451931551.699423,4432866735.645275,4413575889.244517,4394057481.329003,4374309976.399065,4354331834.386415,4334121510.3848295,4313677454.346124,4292998110.7388496,4272081918.166936,4250927308.9453135,4229532708.629448,4207896535.495349,4186017199.966658,4163893103.984921,4141522640.31916,4118904191.810434,4096036130.546906,4072916816.964652,4049544598.869067,4025917810.371551,4002034770.735654,3977893783.126667,3953493133.2581472,3928831087.92853,3903905893.4405456,3878715773.895687,3853258929.3555503,3827533533.861275,3801537733.301924,3775269643.12186,3748727345.856798,3721908888.487445,3694812279.598914,3667435486.3335695,3639776431.1239696,3611832988.191917,3583602979.7987084,3555084172.230759,3526274271.503844,3497170918.768065,3467771685.394728,3438074067.724985,3408075481.458976,3377773255.6627946,3347164626.369342,3316246729.747526,3285016594.8127503,3253471135.649967,3221607143.1188097,3189421276.008364,3156910051.6072288,3124069835.652297,3090896831.6175127,3057387069.3013287,3023536392.6691856,2989340446.9044247,2954794664.618327,2919894251.1667366,2884634169.017518,2849009121.109626,2813013533.140732,2776641534.716562,2739886939.2906685,2702743222.8190856,2665203501.049393,2627260505.3586016,2588906557.049002,2550133540.005142,2510932871.609042,1277117267.3901205,1224775945.1953812,1171732858.7636752,1117967198.192277,1063457238.0584798,1008180296.7870857,1804072435.139862,1757831002.488967,1710706975.3760767,1662665683.8282175,1613670865.9954224,1563684591.6874666,-625096633.8724871,-698194454.1045895,-772535784.5431261,-848153431.3738184,-925081128.7439556,-1003353556.2464448,-1083006355.0675192,1027339099.4573278,968368069.0373116,908328377.3807526,847196567.0421028,784948927.9164562,721561537.6069202,-2407812275.20243,-2487060527.776192,-2566827552.5403967,-2647068147.143938,-2727731429.6787224,-2808760272.1756496,-1001313116.034268,-1125174521.366057,-1252496425.6025443,-1383395890.1712856,-1517993509.2628777,-1656413380.9067516,-1798783049.0317187,-1157743079.3598008,-1258350260.3872552,-1360860444.0954676,-1465300118.392211,-1571692857.6520543,-1680058632.5725207,-1790412999.10317,-1902766145.8934703,7198435883.572638,7207042728.020235,7216161413.580578,7225863362.338739,7236232521.698812,7247367641.640363,7259384963.100447,7272421392.227436,7286638249.256864,7302225697.523767,7319407978.233994,7338449600.7855425,-54389190.64812374,-240921405.1191182,-438320427.2330816,-647368638.6045015,-868905828.0203383,-1103832890.1702514,-452054505.6356927,-703364279.7682518,-969043186.7503653,-1249901370.9798963,-1546769162.609987,-1914863799.5682008,-2231744256.861017,-2565668231.393137,-2917300616.8134737,-3287242185.9919305,-1705049333.5846486,-2025010467.543101,-2356016058.9605064,-2696900678.6139464,-3045990222.017702,868998931.1579142,832701479.506896,834375184.8326292,884698861.4466305,997027062.7577648,-18549330852.55234,-19822237491.48466,-21181906359.304,-22637567557.06022,-24200556818.72133,-23642533761.482224,-24731615858.38794,-25867752832.451942,-27053992572.243168,-28294654263.7392,-29597794587.58223,222363791795.64075,259705394265.99197,307994621735.79254,372411437514.0198,461458871318.818,-49027209291.5647,-44826572456.77374,2388708250.527588,376922635627.39954,0.0
2848.0,5587241078.822849,5586508598.837809,5585706155.473338,5584833048.715883,5583888573.246063,5582872018.423957,5581782668.275149,5580619801.477453,5579382691.348416,5578070605.833584,5576682807.495561,5575218553.503942,5573677095.626045,5572057680.218567,5570359548.220146,5568581935.144841,5566724071.076639,5564785180.664887,5562764483.120834,5560661192.215192,5558474516.276782,5556203658.192359,5553847815.407563,5551406179.929049,5548877938.327897,5546262271.744231,5543558355.893185,5540765361.072169,5537882452.169519,5534908788.674561,5531843524.689103,5528685808.940439,5525434784.795845,5522089590.278654,5518649358.085922,5515113215.607747,5511480284.948248,5507749682.948288,5503920521.209946,5499991906.122783,5495962938.89199,5491832715.56838,5487600327.080347,5483264859.26776,5478825392.917921,5474281003.803534,5469630762.72281,5464873735.541708,5460008983.238353,5455035561.949708,5449952523.020495,5444758913.054464,5439453773.967997,5434036143.046124,5428505053.001,5422859532.032839,5417098603.893407,5411221287.952049,5405226599.264373,5399113548.64352,5392881142.734159,5386528384.08921,5380054271.249276,5373457798.824915,5366737957.581698,5359893734.528141,5352924113.006502,5345828072.786499,5338604590.161951,5331252638.050361,5323771186.095495,5316159200.772931,5308415645.498596,5300539480.740356,5292529664.132552,5284385150.59362,5276104892.446682,5267687839.54314,5259132939.38928,5250439137.275836,5241605376.410501,5232630598.053362,5223513741.655204,5214253744.998642,5204849544.342065,5195300074.566266,5185604269.3237295,5175761061.190505,5165769381.820562,5155628162.102474,5145336332.318474,5134892822.305548,5124296561.618611,5113546479.695503,5102641506.023701,5091580570.3085165,5080362602.642629,5068986533.676719,5057451294.790925,5045755818.266977,5033899037.460605,5021879886.973997,5009697302.827999,4997350222.633648,4984837585.762713,4972158333.516825,4959311409.294758,4946295758.757416,4933110329.990004,4919754073.660851,4906225943.176347,4892524894.831333,4878649887.954309,4864599885.046778,4850373851.915951,4835970757.800022,4821389575.485182,4806629281.41341,4791688855.780148,4776567282.620761,4761263549.884727,4745776649.496346,4730105577.400789,4714249333.59407,4698206922.135637,4681977351.142012,4665559632.759894,4648952783.117096,4632155822.249445,4615167774.001803,4597987665.901155,4580614528.999614,4563047397.685088,4545285309.457191,4527327304.66584,4509172426.209767,4490819719.192175,4472268230.530415,4453517008.516398,4434565102.324475,4415411561.462971,4396055435.165653,4376495771.718998,4356731617.720942,4336762017.2665615,4316586011.055822,4296202635.41825,4275610921.2491264,4254809892.8514266,4233798566.677378,4212575949.9632745,4191141039.250576,4169492818.786192,4147630258.7941785,4125552313.610785,4103257919.674264,4080745993.360254,4058015428.653224,4035065094.6436434,4011893832.840154,3988500454.2851934,3964883736.462042,3941042419.980272,3916975205.026167,3892680747.563463,3868157655.269268,3843404483.1887927,3818419729.091793,3793201828.512397,3767749149.45301,3742059986.7317166,3716132555.951448,3689964987.06775,3663555317.530616,3636901484.9743214,3610001319.4276137,3582852535.014754,3555452721.116293,3527799332.9562263,3499889681.580291,3471720923.1877723,3443290047.776868,3414593867.0610003,3385629001.610753,3356391867.1731944,3326878660.116974,3297085341.94846,3267007622.840276,3236640944.109776,3205980459.5807304,3175021015.756978,3143757130.731857,3112182971.751964,3080292331.3480806,3048078601.940028,3015534748.815505,1949499091.962792,1902879770.8699307,1855587425.9774275,1807600658.1256287,1758897095.165965,1709453345.3145185,2409045305.2529087,2368904413.3509126,2327942809.856033,2286126373.573995,2243419321.256321,2199784118.63636,244529501.16638,176555149.49073696,107299322.71650982,36724237.78129101,-35209238.353447914,-108541642.20895386,-183314969.03392363,2941360546.4764986,2905851539.594404,2869755104.180649,2833062573.16872,2795765589.792441,2757856175.376692,-312549623.61403704,-375287724.6021805,-438390989.3026543,-501811268.32789135,-565494357.4433289,-629379363.5735397,-454610060.46409416,-581464458.5054226,-712267810.0847135,-847174024.8442631,-986343290.5492368,-1129942247.0952764,-1278144145.6064448,847404567.3960772,771185706.4046006,693504941.2776084,614344958.53265,533691606.514553,451534636.4745588,367868579.0700693,282693780.26378393,12323452403.3483,12452740620.61975,12587599905.879503,12728406981.333878,12875574302.703451,13029554395.562714,13190844807.744768,13359993775.183737,13537606715.37288,13724353682.582714,13920977942.758991,14128305854.402395,-248991415.67988065,-461483110.1346469,-686912863.4154549,-926248482.1543032,-1180534944.3750005,-1450900444.917927,272298801.1339114,25205207.26907444,-236334741.00062704,-513136200.8184333,-806033308.0067506,-910023637.2113523,-1211816356.4177446,-1529653122.3524122,-1864058979.3205605,-2215470600.106297,1080556691.967681,861707386.3768406,639677290.2590046,416531472.9055328,194974837.09828568,8196169403.975992,8516082312.750572,8906799663.782118,9383026285.892351,9962699881.545189,-25337869407.82304,-27103540025.005302,-29012911683.711,-31084556909.561047,-33340787518.626373,-29377297741.73918,-30778819113.751537,-32217044435.30193,-33664292763.00605,-35068550721.97809,-36335512667.83742,241234252718.9613,260827596322.9389,279330541183.8179,293589458516.74054,296910404613.4268,89501253760.90314,172451833337.83624,302761569655.5034,314868727865.39185,0.0
2847.0,5656125310.101811,5655911912.712232,5655634670.533771,5655292965.623078,5654886175.961259,5654413675.459284,5653874833.964426,5653269017.267814,5652595587.11304,5651853901.205943,5651043313.225539,5650163172.836148,5649212825.700774,5648191613.495749,5647098873.9266615,5645933940.745642,5644696143.770022,5643384808.902394,5641999258.152121,5640538809.65834,5639002777.714478,5637390472.794334,5635701201.579789,5633934266.990097,5632088968.212937,5630164600.737131,5628160456.387157,5626075823.359479,5623909986.2607,5621662226.147652,5619331820.569399,5616918043.611252,5614420165.940789,5611837454.855982,5609169174.33545,5606414585.090852,5603572944.621552,5600643507.271524,5597625524.288573,5594518243.885941,5591320911.306329,5588032768.888367,5584653056.1356325,5581181009.788206,5577615863.896872,5573956849.899964,5570203196.702958,5566354130.760816,5562408876.163151,5558366654.722295,5554226686.064241,5549988187.72261,5545650375.235609,5541212462.246086,5536673660.604689,5532033180.476215,5527290230.449177,5522444017.648638,5517493747.852356,5512438625.610319,5507277854.3676405,5502010636.590951,5496636173.898253,5491153667.192335,5485562316.797713,5479861322.601253,5474049884.196356,5468127201.030898,5462092472.558812,5455944898.395447,5449683678.476676,5443308013.221785,5436817103.700151,5430210151.801762,5423486360.411526,5416644933.58746,5409685076.742645,5402605996.831088,5395406902.537343,5388087004.469966,5380645515.358773,5373081650.255827,5365394626.740167,5357583665.126234,5349647988.675906,5341586823.814149,5333399400.348142,5325084951.68988,5316642715.082093,5308071931.827443,5299371847.520844,5290541712.284845,5281580781.007859,5272488313.58516,5263263575.162468,5253905836.381922,5244414373.630264,5234788469.289045,5225027411.986547,5215130496.851288,5205097025.766727,5194926307.626949,5184617658.592976,5174170402.349379,5163583870.360858,5152857402.128298,5141990345.444019,5130982056.645627,5119831900.868095,5108539252.293469,5097103494.39772,5085524020.194089,5073800232.4722805,5061931544.032942,5049917377.916551,5037757167.626062,5025450357.342446,5012996402.1322565,5000394768.146305,4987644932.808482,4974746384.993622,4961698625.193365,4948501165.66883,4935153530.588788,4921655256.152105,4908005890.692995,4894204994.767578,4880252141.220224,4866146915.227969,4851888914.321254,4837477748.379109,4822913039.596804,4808194422.423866,4793321543.470271,4778294061.378428,4763111646.658501,4747773981.48447,4732280759.448112,4716631685.26801,4700826474.450521,4684864852.899384,4668746556.470558,4652471330.468637,4636038929.081006,4619449114.745651,4602701657.448355,4585796333.944762,4568732926.90247,4551511223.95821,4534131016.684632,4516592099.461247,4498894268.243411,4481037319.223215,4463021047.375563,4444845244.882474,4426509699.428282,4408014192.357781,4389358496.68923,4370542374.973429,4351565576.989658,4332427837.268785,4313128872.433264,4293668378.343112,4274046027.036439,4254261463.4522977,4234314301.923054,4214204122.4226193,4193930466.556133,4173492833.2758646,4152890674.307081,4132123389.2668304,4111190320.45732,4090090747.31474,4068823880.492976,4047388855.5604,4025784726.286791,4004010457.495648,3982064917.455855,3959946869.784859,3937654964.8336816,3915187730.522249,3892543562.591284,3869720714.234864,3846717285.075136,3823531209.438279,3800160243.887628,3776601953.967033,3752853700.104004,3728912622.618596,3704775625.780012,3680439360.848579,3655900208.036046,3631154257.312036,3606197287.978942,3581024746.931408,3555631725.509947,2686979622.308812,2647274026.8441286,2606961598.5329504,2566021876.6959825,2524433438.395716,2482173849.13389,3063717051.729518,3030872660.198624,2997317868.449944,2963021351.796404,2927950169.6415167,2892069670.9587574,1240286373.0030951,1180096323.139501,1118664922.467915,1055951979.6217476,991915618.2822866,926512189.5293208,859696179.1401844,4866502222.569378,4854361018.284798,4842084331.6748905,4829675118.573242,4817136902.909271,4804473839.993214,1909487630.947744,1863168413.7904568,1816464135.568617,1769407176.6905456,1722034500.6787162,1674388162.6261325,308829914.4635558,186513409.1074572,60072326.15053892,-70669852.57122016,-205898059.7426641,-345806011.90010214,-490596582.2091386,2925861416.4465528,2874979912.209107,2823018698.845277,2769957447.146777,2715777406.873252,2660461917.966521,2603997026.228465,2546372223.1006184,16754565082.4392,16976575339.07985,17207454418.546986,17447731591.229816,17697978443.144432,17958813145.342278,18230905236.762733,18514980990.96637,18811829447.925545,19122309204.584023,19447356072.553776,19787991728.483627,-206758402.3167024,-428721508.5438336,-664375698.750168,-914759836.2022938,-1180998739.7688756,-1464310403.7079563,1325380632.426867,1105547651.8989372,872714911.2728844,626148519.9468145,365097859.9959736,567649405.2470922,312101707.02360344,43293382.76005554,-239118178.81205177,-535377005.1143131,4033497673.11672,3915884382.115597,3799978068.625902,3687917377.955218,3582420120.4918766,14004123920.033432,14485851891.707352,15037830427.004211,15672111952.70391,16402971414.39272,-28307731893.144764,-30183101213.37641,-32196847785.95908,-34361517059.04956,-36690214422.68798,-27816265112.49253,-28599731622.90136,-29225339294.493404,-29591930928.591736,-29540171336.539032,-28815444524.44268,113227264109.54926,105081074433.39134,90614506724.25604,67993298875.30281,36379634557.07785,136042812539.408,156214004302.8401,121296963972.1119,16253755305.7248,0.0
2846.0,5725483332.171234,5725837035.76136,5726133554.039863,5726372356.055011,5726552908.039949,5726674673.437989,5726737112.929291,5726739684.4589205,5726681843.266369,5726563041.916554,5726382730.332339,5726140355.828595,5725835363.147882,5725467194.497757,5725035289.5897455,5724539085.680048,5723978017.612006,5723351517.8603525,5722659016.577333,5721899941.640696,5721073718.703617,5720179771.246634,5719217520.631554,5718186386.157497,5717085785.119004,5715915132.866342,5714673842.868034,5713361326.77563,5711976994.490825,5710520254.234929,5708990512.620749,5707387174.726981,5705709644.175084,5703957323.208762,5702129612.776073,5700225912.614225,5698245621.337122,5696188136.525699,5694052854.821122,5691839172.020905,5689546483.177991,5687174182.702859,5684721664.468723,5682188321.9198885,5679573548.183275,5676876736.183246,5674097278.759725,5671234568.789727,5668287999.312293,5665256963.656949,5662140855.57572,5658939069.378765,5655651000.073665,5652276043.508497,5648813596.518646,5645263057.077507,5641623824.451085,5637895299.3565645,5634076884.124894,5630167982.867451,5626168001.646846,5622076348.651898,5617892434.376864,5613615671.804925,5609245476.596042,5604781267.279165,5600222465.448875,5595568495.966517,5590818787.165795,5585972771.062964,5581029883.571578,5575989564.721845,5570851258.88465,5565614415.000222,5560278486.811503,5554842933.102223,5549307217.939698,5543670810.92234,5537933187.431931,5532093828.890589,5526152223.022496,5520107864.120296,5513960253.316215,5507708898.857817,5501353316.388408,5494893029.2319975,5488327568.682817,5481656474.299297,5474879294.202449,5467995585.378562,5461004913.986152,5453906855.667024,5446700995.861343,5439386930.126622,5431964264.460424,5424432615.626689,5416791611.485472,5409040891.325912,5401180106.202251,5393208919.27267,5385127006.140689,5376934055.198898,5368629767.974726,5360213859.477929,5351686058.549524,5343046108.211744,5334293766.018722,5325428804.407419,5316451011.048443,5307360189.196222,5298156158.038129,5288838753.041916,5279407826.30102,5269863246.877037,5260204901.138833,5250432693.097487,5240546544.736475,5230546396.336254,5220432206.792447,5210203953.926786,5199861634.7899,5189405265.954955,5178834883.801163,5168150544.786021,5157352325.70524,5146440323.939007,5135414657.683407,5124275466.165651,5113022909.84161,5101657170.574223,5090178451.791143,5078586978.619984,5066882997.999333,5055066778.763772,5043138611.70082,5031098809.577845,5018947707.136644,5006685661.053553,4994313049.8624935,4981830273.838569,4969237754.839432,4956535936.101681,4943725281.989266,4930806277.690838,4917779428.862735,4904645261.214212,4891404320.03122,4878057169.6349945,4864604392.771443,4851046589.9270935,4837384378.567239,4823618392.291551,4809749279.902384,4795777704.380554,4781704341.763172,4767529879.917986,4753255017.208075,4738880461.040753,4724406926.294001,4709835133.613503,4695165807.572876,4680399674.689539,4665537461.287886,4650579891.201336,4635527683.3041935,4620381548.863731,4605142188.702478,4589810290.160062,4574386523.843393,4558871540.153265,4543265965.57482,4527570398.718559,4511785406.097786,4495911517.627459,4479949221.828581,4463898960.721245,4447761124.388226,4431536045.190128,4415223991.611451,4398825161.715933,4382339676.187744,4365767570.93362,4349108789.219164,4332363173.3106985,4315530455.59177,4298610249.121235,4281602037.597172,4264505164.688184,4247318822.690425,4230042040.46544,4212673670.610124,4195212375.805887,4177656614.2898335,4160004624.3854337,4142254408.024901,4124403713.1892223,3481650806.958804,3450001580.8772154,3417850035.0368032,3385178275.6532774,3351967535.413792,3318198125.868,3761754734.508623,3737340596.4390383,3712374288.790277,3686829606.406755,3660678904.150579,3633893005.364237,2353058900.009685,2303373058.8442903,2252574144.673017,2200622996.071915,2147478592.7573705,2093097942.1833007,2037435958.1445808,6749288448.734237,6759271146.976485,6769506788.269974,6780005593.502993,6790778260.0675335,6801835987.325435,4213069091.917521,4183009730.152632,4152405571.2326775,4121257640.101292,4089568477.721129,4057342350.98091,1301862501.7616956,1192461129.2407303,1079128904.5839677,961685146.379212,839939568.7722447,713691753.6462002,582730599.5074472,5019963178.470509,4994210691.305142,4967679800.142681,4940335414.18221,4912140757.045647,4883057391.194666,4853045274.278993,4822062855.636914,20200629821.35518,20476543763.047832,20762312157.1108,21058432779.23417,21365434260.8172,21683878229.807823,22014361596.396164,22357518988.886868,22714025343.68533,23084598651.309395,23470002857.478542,23871050914.37378,126762313.13113104,-85415567.1391257,-310554054.9525013,-549634948.3195088,-803722339.0470994,-1073969665.2350802,2727019101.358535,2557000089.1165285,2376812345.36726,2185873546.889229,1983586538.4924269,2521562324.8260155,2340544735.656229,2150390934.5173645,1950927169.838789,1742066816.3582537,7001609172.990446,6973038974.922575,6947116392.449081,6925186135.410576,6908929671.471287,17790373769.89075,18218899041.02372,18685962648.78488,19195744255.703247,19752654146.371742,-27013871199.324863,-28610212270.439323,-30286187577.684948,-32038303653.246563,-33858517444.56707,-20106763429.610607,-19842552648.08593,-19244211835.23062,-18187407523.442123,-16497880366.030457,-13928720402.620888,-1114893920.956314,-8837509815.031494,-16270014187.073011,-22016640726.93914,-23964976861.971783,51770665096.955765,34699274664.873245,10322163114.810556,100939033.91328628,0.0
2845.0,5794851546.450974,5795814216.328951,5796726815.268173,5797588902.954257,5798400037.528233,5799159775.631182,5799867672.450561,5800523281.768252,5801126156.010359,5801675846.29884,5802171902.504963,5802613873.304668,5803001306.235866,5803333747.7577095,5803610743.311909,5803831837.386119,5803996573.579419,5804104494.670031,5804155142.685181,5804148058.973287,5804082784.278435,5803958858.817261,5803775822.358215,5803533214.303343,5803230573.77258,5802867439.690623,5802443350.876481,5801957846.135681,5801410464.355263,5800800744.601573,5800128226.220923,5799392448.943203,5798592952.988476,5797729279.176599,5796800969.040017,5795807564.939674,5794748610.184198,5793623649.152376,5792432227.419004,5791173891.884159,5789848190.905975,5788454674.43698,5786992894.164064,5785462403.652131,5783862758.491531,5782193516.449325,5780454237.624403,5778644484.606654,5776763822.640072,5774811819.790042,5772788047.114762,5770692078.840911,5768523492.543624,5766281869.330858,5763966794.0321865,5761577855.392118,5759114646.267998,5756576763.8325405,5753963809.781113,5751275390.54376,5748511117.502108,5745670607.211147,5742753481.626037,5739759368.333887,5736687900.790679,5733538718.563342,5730311467.577015,5727005800.367599,5723621376.339641,5720157862.02957,5716614931.374386,5712992265.985786,5709289555.429848,5705506497.512236,5701642798.569009,5697698173.763087,5693672347.386339,5689565053.167373,5685376034.585042,5681105045.187653,5676751848.917955,5672316220.443835,5667797945.49476,5663196821.20401,5658512656.456581,5653745272.242844,5648894502.017878,5643960192.066466,5638942201.873693,5633840404.501135,5628654686.96852,5623384950.640875,5618031111.620985,5612593101.147158,5607070865.996141,5601464368.89111,5595773588.91457,5589998521.926074,5584139180.984543,5578195596.775116,5572167818.040228,5566055912.014812,5559859964.865356,5553580082.132614,5547216389.177682,5540769031.63117,5534238175.845236,5527624009.348044,5520926741.300449,5514146602.954412,5507283848.112862,5500338753.590535,5493311619.675332,5486202770.589781,5479012554.952073,5471741346.236099,5464389543.230013,5456957570.492625,5449445878.807056,5441854945.630963,5434185275.542599,5426437400.682013,5418611881.186525,5410709305.619698,5402730291.392906,5394675485.178565,5386545563.314046,5378341232.195239,5370063228.658717,5361712320.351333,5353289306.086031,5344795016.182704,5336230312.792685,5327596090.205547,5318893275.136793,5310122826.994825,5301285738.125734,5292383034.034145,5283415773.578459,5274385049.138626,5265291986.754593,5256137746.233437,5246923521.223079,5237650539.250483,5228320061.722065,5218933383.883917,5209491834.739467,5199996776.921946,5190449606.519102,5180851752.847231,5171204678.171778,5161509877.371408,5151768877.542402,5141983237.540165,5132154547.45434,5122284428.014063,5112374529.919569,5102426533.096352,5092442145.86779,5082423104.042088,5072371169.909078,5062288131.1424,5052175799.602166,5042036010.033167,5031870618.65342,5021681501.627508,5011470553.419016,5001239685.016029,4990990822.023388,4980725902.615007,4970446875.339312,4960155696.770303,4949854328.996578,4939544736.939915,4929228885.494703,4918908736.478928,4908586245.386721,4898263357.931959,4887942006.371544,4877624105.596184,4867311548.975714,4857006203.9448,4846709907.313913,4836424460.289078,4826151623.182588,4815893109.795273,4805650581.449163,4795425640.647408,4785219824.336153,4775034596.740566,4764871341.744429,4754731354.77964,4744615834.188396,4734525872.017002,4724462444.195669,4714426400.05386,4323676043.749741,4301113764.781643,4278190288.913775,4254891897.5564766,4231204168.558585,4207111935.214344,4495120134.555846,4480137688.9068985,4464805417.373064,4449104454.147835,4433014801.11262,4416515248.57024,3568193507.101171,3531614669.159512,3494142522.8276005,3455742940.325424,3416379980.851096,3376015765.6249027,3334610342.974783,8541051769.169339,8570983210.245896,8601471656.54198,8632530038.914787,8664171367.396584,8696408693.273949,6554085926.235546,6540475608.549194,6526098260.831882,6510915430.932365,6494886229.78094,6477967142.535507,2520647757.63377,2432638327.1572742,2341279204.522784,2246406060.5800004,2147844945.3447256,2045411665.129517,1938911118.489624,7076553354.306117,7074922240.738653,7072746300.425634,7069968505.574139,7066525906.56264,7062349020.913774,7057361157.677877,7051477670.017018,22495028609.47296,22782531610.239807,23078592030.576767,23383517034.208523,23697620062.874084,24021219657.69087,24354637946.47738,24698198728.344563,25052225073.189465,25417036337.22032,25792944475.686413,26180249509.8025,778768384.8471985,596233052.4562676,402928766.6825931,198053606.52490664,-19261356.62213469,-249957747.52026844,4450187199.820471,4348919048.174386,4241344505.474325,4127071834.573783,4005693277.8888617,4879779569.176283,4793760787.680441,4703300165.85692,4608298959.151489,4508701240.7563,9841073622.339096,9882118045.6837,9922974223.636166,9963507182.326197,10003548533.357798,19575427859.53139,19786752625.30189,19987592095.60037,20172627690.052525,20334831413.55686,-21882215243.65961,-22930880580.00223,-23981260168.037548,-25015116937.908657,-26006773661.08608,-9671438549.38179,-8684313246.082779,-7392812875.7435875,-5744778658.851646,-3692305498.456184,-1206060875.4909515,-57474846705.343575,-56048421762.95599,-51167024300.0509,-42280738463.497314,-29761689917.423386,-28674806516.748756,-34004514572.921627,-21254043936.110973,-1416869188.0365663,0.0
2844.0,5863722636.277085,5865329508.578112,5866893788.731396,5868415129.396102,5869893182.947346,5871327601.539322,5872718037.170405,5874064141.75028,5875365567.169085,5876621965.368722,5877832988.416279,5878998288.579668,5880117518.405521,5881190330.799371,5882216379.108215,5883195317.205449,5884126799.57828,5885010481.417658,5885846018.710747,5886633068.336039,5887371288.161142,5888060337.143297,5888699875.4327,5889289564.478659,5889829067.138677,5890318047.790495,5890756172.447206,5891143108.875396,5891478526.716522,5891762097.611469,5891993495.328411,5892172395.894019,5892298477.728109,5892371421.781767,5892390911.679041,5892356633.862255,5892268277.741024,5892125535.845053,5891928103.980748,5891675681.391777,5891367970.923582,5891004679.191988,5890585516.755915,5890110198.29433,5889578442.787466,5888989973.702401,5888344519.183101,5887641812.244955,5886881590.973922,5886063598.730332,5885187584.357462,5884253302.394922,5883260513.296961,5882208983.655763,5881098486.429791,5879928801.177302,5878699714.295087,5877411019.2624855,5876062516.89081,5874654015.578237,5873185331.570213,5871656289.225502,5870066721.287904,5868416469.163772,5866705383.205343,5864933323.000022,5863100157.665628,5861205766.151722,5859250037.547072,5857232871.393325,5855154178.004924,5853013878.795404,5850811906.610063,5848548206.065092,5846222733.893243,5843835459.296061,5841386364.302753,5838875444.135739,5836302707.582912,5833668177.376692,5830971890.57988,5828213898.978361,5825394269.480673,5822513084.524499,5819570442.490052,5816566458.12045,5813501262.948988,5810375005.733416,5807187852.897133,5803939988.9773655,5800631617.080249,5797262959.342839,5793834257.401999,5790345772.870134,5786797787.817724,5783190605.2625885,5779524549.665839,5775799967.434434,5772017227.430249,5768176721.485565,5764278864.924887,5760324097.092925,5756312881.888679,5752245708.305419,5748123090.976427,5743945570.726337,5739713715.127883,5735428119.063816,5731089405.293854,5726698225.026342,5722255258.494437,5717761215.536494,5713216836.180431,5708622891.231713,5703980182.864652,5699289545.216668,5694551844.985195,5689767982.026737,5684938889.957799,5680065536.757149,5675148925.369051,5670190094.30689,5665190118.2568,5660150108.680666,5655071214.418041,5649954622.286325,5644801557.678642,5639613285.158803,5634391109.05265,5629136374.035151,5623850465.712511,5618534811.198553,5613190879.68465,5607820183.002358,5602424276.177988,5597004757.978238,5591563271.446034,5586101504.425674,5580621190.076336,5575124107.373053,5569612081.59413,5564086984.794016,5558550736.2606735,5553005302.956287,5547452699.940395,5541894990.774242,5536334287.905352,5530772753.031126,5525212597.440445,5519656082.332048,5514105519.108612,5508563269.645355,5503031746.532017,5497513413.287094,5492010784.543151,5486526426.202084,5481062955.559214,5475623041.395082,5470209404.033853,5464824815.367258,5459472098.842976,5454154129.416519,5448873833.465494,5443634188.665393,5438438223.825892,5433289018.686842,5428189703.6730175,5423143459.606852,5418153517.378366,5413223157.571571,5408355710.046561,5403554553.476685,5398823114.840088,5394164868.865015,5389583337.428084,5385082088.904997,5380664737.472868,5376334942.363377,5372096407.06584,5367952878.479146,5363908146.011349,5359966040.625338,5356130433.828911,5352405236.606921,5348794398.292902,5345301905.376833,5341931780.245102,5338688079.847729,5335574894.287007,5332596345.32033,5329756584.768715,5327059792.820547,5324510176.218262,5322111966.313236,5319869416.9712925,5317786802.308191,5201398104.398253,5188778614.535684,5175971284.75187,5162968028.819633,5149760303.721527,5136339080.233568,5254144942.347364,5249394708.666073,5244533990.194054,5239553189.226503,5234442004.337044,5229189372.42445,4865535645.785582,4844360696.870849,4822598983.0508585,4800225555.672647,4777213950.889772,4753536071.361026,4729162057.485277,10200080247.707651,10247127113.06214,10294944422.79852,10343544033.179155,10392937298.518047,10443134959.605864,8888698212.671808,8892297044.67463,8894946770.036127,8896571421.455616,8897088750.046947,8896409643.831108,3943694970.3616295,3884858369.1882434,3823616878.581789,3759842669.201565,3693399531.710503,3624142241.926661,3551915872.303547,9049019576.561323,9070070180.537498,9090784627.5108,9111084487.913448,9130881312.58104,9150075402.918896,9168554422.276888,9186191826.352003,23607894075.37524,23868615040.49237,24134868707.364,24406681697.465927,24684058301.88401,24966976075.878536,25255380705.730663,25549180028.45056,25848237064.548847,26152361900.01635,26461302225.21189,26774732304.67005,1746720258.4706278,1612106105.335359,1470173643.8386612,1320400840.9541843,1162222779.6838522,995028136.7363424,6425242073.332687,6405590173.696727,6384035590.495553,6360378730.886735,6334396978.208383,7508269702.905016,7526806103.083578,7545311837.985733,7563604895.02014,7581463392.359322,12434979646.813593,12525040297.634377,12609536264.09202,12686531155.566149,12753645460.411469,19814226728.549603,19740618997.508728,19608635369.059483,19405570983.824013,19115956297.06033,-13977430799.959044,-14390090242.1915,-14745427725.68556,-15021004080.811337,-15188421419.076103,-59218944.40101624,898069500.356163,1922094038.9193764,2948454731.9819145,3855546746.708,4427637645.629814,-89111657574.506,-88363774437.25215,-85261949822.2528,-79035020527.06828,-68527142764.34588,-75433736400.08942,-82050388872.81998,-68642832039.32787,-17299640459.51988,0.0
2843.0,5931551888.28374,5933831180.901108,5936075630.903048,5938284984.935301,5940458990.590274,5942597396.487497,5944699952.356297,5946766409.120762,5948796518.987031,5950790035.532928,5952746713.800085,5954666310.388475,5956548583.553546,5958393293.305885,5960200201.513581,5961969072.007241,5963699670.687792,5965391765.637112,5967045127.231487,5968659528.258072,5970234744.034282,5971770552.530305,5973266734.494686,5974723073.583145,5976139356.490614,5977515373.0866,5978850916.553958,5980145783.531089,5981399774.257674,5982612692.724022,5983784346.824032,5984914548.511969,5986003113.962977,5987049863.737533,5988054622.949827,5989017221.4402,5989937493.9516735,5990815280.31072,5991650425.612236,5992442780.408925,5993192200.90509,5993898549.154921,5994561693.265425,5995181507.603996,5995757873.010767,5996290677.015798,5996779814.061226,5997225185.728406,5997626700.970183,5997984276.348345,5998297836.276369,5998567313.267545,5998792648.188551,5998973790.518608,5999110698.614235,5999203339.979789,5999251691.543796,5999255739.941222,5999215481.801733,5999130924.044086,5999002084.176673,5998828990.604404,5998611682.941903,5998350212.333247,5998044641.778191,5997695046.465109,5997301514.110633,5996864145.306147,5996383053.871194,5995858367.2139,5995290226.698504,5994678788.020041,5994024221.586345,5993326712.907365,5992586462.991945,5991803688.752115,5990978623.414993,5990111516.942346,5989202636.457932,5988252266.68265,5987260710.3776045,5986228288.795132,5985155342.137872,5984042230.025938,5982889331.97223,5981697047.866016,5980465798.464732,5979196025.894138,5977888194.156838,5976542789.64922,5975160321.68684,5973741323.038293,5972286350.467615,5970795985.285214,5969270833.907364,5967711528.424275,5966118727.176761,5964493115.341477,5962835405.524748,5961146338.36498,5959426683.143633,5957677238.404722,5955898832.582842,5954092324.639663,5952258604.708868,5950398594.749451,5948513249.207375,5946603555.685474,5944670535.621544,5942715244.974556,5940738774.918888,5938742252.546496,5936726841.576898,5934693743.074873,5932644196.175806,5930579478.818431,5928500908.484986,5926409842.94854,5924307681.027389,5922195863.346361,5920075873.104867,5917949236.851555,5915817525.265371,5913682353.942882,5911545384.191691,5909408323.829752,5907272927.990393,5905140999.932942,5903014391.858697,5900895005.73215,5898784794.107219,5896685760.958424,5894599962.516777,5892529508.110313,5890476561.009106,5888443339.274669,5886432116.613691,5884445223.235998,5882485046.716755,5880554032.862886,5878654686.583753,5876789572.766179,5874961317.153946,5873172607.231912,5871426193.115025,5869724888.442521,5868071571.277666,5866469185.013491,5864920739.285091,5863429310.889099,5861998044.711073,5860630154.661682,5859328924.622643,5858097709.403561,5856939935.710925,5855859103.130736,5854858785.126317,5853942630.053155,5853114362.192827,5852377782.808142,5851736771.222069,5851195285.923136,5850757365.700342,5850427130.810833,5850208784.184027,5850106612.666096,5850124988.309118,5850268369.709621,5850541303.401579,5850948425.309353,5851494462.266626,5852184233.607626,5853022652.83765,5854014729.390333,5855165570.479483,5856480383.054184,5857964475.86611,5859623261.658777,5861462259.489,5863487097.191401,5865703513.99748,5868117363.321379,5870734615.724939,5873561362.075494,5876603816.910126,5879868322.020899,5883361350.27586,5887089509.691232,5891059547.770343,5895278356.125343,5899752975.397678,5904490600.49341,5909498586.14921,5914784452.844596,5920355893.07505,5926220778.000103,6101547828.804517,6099494065.850837,6097451139.635718,6095417772.860111,6093392542.599918,6091373866.878993,6027708231.65516,6033727508.195431,6039902465.993454,6046234233.548312,6052723761.61363,6059371794.333118,6219840252.413237,6215874385.513957,6211701824.288763,6207310593.001108,6202687748.669479,6197819288.970215,6192690050.884102,11693056789.075626,11754017998.175186,11815879538.62417,11878649927.535316,11942336587.758732,12006945671.722923,11171909033.432606,11194010726.549791,11215124125.014029,11235147956.57814,11253971950.856972,11271475981.02959,5532517049.329432,5509178010.917127,5484678309.9704895,5458943950.72105,5431894979.083244,5403444927.635021,5373500202.546551,10898232627.663488,10940388217.975088,10982450503.450438,11024329118.901964,11065920944.668388,11107108451.08871,11147757819.470398,11187716807.315891,23636165885.11795,23841627255.973827,24048762190.366142,24257315714.48056,24466987676.066563,24677426376.769653,24888221317.68939,25098894931.115334,25308893152.51875,25517574665.119537,25724198624.26001,25927910639.89959,2999154577.659276,2927231317.6163883,2852350466.4917126,2774334154.1475053,2692990547.287795,2608112776.961481,8549875273.213448,8617212734.617393,8687070211.801968,8759410316.051407,8834159029.217506,10234522182.566334,10355664388.074575,10480259785.969578,10607880248.904375,10737946311.839968,14704545780.364697,14827464217.32418,14938893371.88143,15035240624.832542,15112125045.54145,19200054929.695515,18877506240.20848,18465177669.848194,17947265281.957085,17305244132.93979,-4628471633.175777,-4477801794.337427,-4251606220.992472,-3935737358.129028,-3514929734.6879253,6730348522.067425,7020629727.92157,7087739323.682398,6791709669.515873,5924369722.817707,4179097001.278097,-111820897878.41176,-119545155718.59554,-127864229771.39062,-136142093131.07228,-142506379634.88687,-97419468738.17609,-122159497579.58575,-145738058801.92706,-107757077133.93254,0.0
2842.0,5997763978.349971,6000736593.426249,6003682290.612934,6006600910.239241,6009492294.762717,6012356288.865555,6015192739.553365,6018001496.256438,6020782410.933574,6023535338.178513,6026260135.329036,6028956662.578794,6031624783.091904,6034264363.120386,6036875272.124512,6039457382.896081,6042010571.684753,6044534718.327423,6047029706.380786,6049495423.257052,6051931760.363008,6054338613.242342,6056715881.721457,6059063470.058703,6061381287.097184,6063669246.421175,6065927266.516249,6068155270.9331455,6070353188.455494,6072520953.271448,6074658505.149303,6076765789.617213,6078842758.147023,6080889368.34234,6082905584.13092,6084891375.961468,6086846721.0048485,6088771603.359949,6090666014.264099,6092529952.308305,6094363423.657232,6096166442.274144,6097939030.15085,6099681217.542699,6101393043.208783,6103074554.657443,6104725808.397102,6106346870.19259,6107937815.327032,6109498728.869392,6111029705.947769,6112530852.028582,6114002283.201669,6115444126.471479,6116856520.054417,6118239613.682455,6119593568.913092,6120918559.445828,6122214771.445166,6123482403.870335,6124721668.811776,6125932791.834558,6127116012.32874,6128271583.86692,6129399774.568928,6130500867.473907,6131575160.919802,6132622968.930392,6133644621.610001,6134640465.545962,6135610864.21896,6136556198.42135,6137476866.683604,6138373285.7089205,6139245890.816185,6140095136.391342,6140921496.347309,6141725464.592523,6142507555.50824,6143268304.434708,6144008268.166307,6144728025.455742,6145428177.527428,6146109348.600179,6146772186.419253,6147417362.797916,6148045574.168584,6148657542.1436825,6149254014.086285,6149835763.69064,6150403591.572733,6150958325.8708935,6151500822.856619,6152031967.555667,6152552674.379519,6153063887.767336,6153566582.838435,6154061766.055442,6154550475.898162,6155033783.548288,6155512793.585014,6155988644.691636,6156462510.373255,6156935599.685615,6157409157.975241,6157884467.630858,6158362848.846285,6158845660.3947935,6159334300.415099,6159830207.209022,6160334860.05091,6160849780.008974,6161376530.77855,6161916719.527455,6162471997.753527,6163044062.154423,6163634655.509876,6164245567.576454,6164878635.994997,6165535747.210907,6166218837.407396,6166929893.451887,6167670953.855803,6168444109.74786,6169251505.861186,6170095341.534469,6170977871.727375,6171901408.050641,6172868319.811064,6173881035.071833,6174942041.728559,6176053888.601512,6177219186.544477,6178440609.570854,6179720895.997551,6181062849.607374,6182469340.830603,6183943307.946585,6185487758.306243,6187105769.576439,6188800491.007288,6190575144.72361,6192433027.041766,6194377509.813351,6196412041.797247,6198540150.061781,6200765441.418777,6203091603.891626,6205522408.219494,6208061709.400139,6210713448.274031,6213481653.152475,6216370441.49308,6219384021.625809,6222526694.533398,6225802855.690132,6229216996.963325,6232773708.582247,6236477681.179617,6240333707.911192,6244346686.659458,6248521622.3278885,6252863629.23278,6257377933.600246,6262069876.176472,6266944914.960011,6272008628.065622,6277266716.729809,6282725008.468929,6288389460.401733,6294266162.748835,6300361342.522734,6306681367.422777,6313232749.950708,6320022151.76325,6327056388.279598,6334342433.562666,6341887425.494347,6349698671.266291,6357783653.209154,6366150034.98464,6374805668.166338,6383758599.236689,6393017077.029314,6402589560.647517,6412484727.891443,6422711484.228356,6433278972.342269,6444196582.300951,6455473962.3804,6467121030.588715,6479147986.933207,6491565326.476549,6504383853.229632,6517614694.930502,6531269318.760702,7009549283.844389,7018401723.025229,7027479873.173648,7036790046.421749,7046338765.035776,7056132767.276505,6803511775.80915,6820523266.707516,6837970714.653629,6855866808.342065,6874224647.313638,6893057747.758504,7601557398.052197,7615948189.365845,7630564533.745462,7645410371.284508,7660489434.179453,7675805198.62336,7691360830.323868,12995742906.185987,13067321653.530228,13139864148.80143,13213375212.7706,13287858152.335218,13363314547.609196,13356218623.805622,13398349243.271858,13439672023.86625,13480080450.669523,13519458195.80787,13557678180.704224,7233840341.483,7250222234.990711,7266888580.072529,7283831576.934738,7301040836.629173,7318502993.042803,7336201261.886847,12592497348.800062,12654207671.261992,12716159082.090614,12778266539.758177,12840431883.61393,12902542083.192244,12964467248.663538,13026058368.079332,22775350219.33006,22910358535.319347,23043324248.876736,23173790375.95536,23301244822.046635,23425113950.117725,23544755383.320675,23659449950.525387,23768392672.05341,23870682671.28109,23965311885.02043,24051152431.79523,4479451834.304378,4480012446.824857,4482442361.479351,4486929875.569336,4493678649.090418,4502908869.10173,10702733646.776674,10854694980.196177,11013167065.718733,11178229859.080769,11349909129.50093,12875592814.394886,13087688310.972813,13305573940.06942,13528490114.990131,13755413048.38512,16611355962.450935,16759244583.788336,16891426324.067726,17003256505.912434,17089114592.546915,18439534834.15994,17982138982.549335,17427514194.31285,16761108712.195229,15966429107.374657,4930889911.57939,5484689657.456363,6093111214.288071,6754561651.452585,7463210984.101056,10637081167.280384,10079635865.377283,9119213648.460163,7620283002.527571,5407746834.663235,2257496855.43016,-111726426322.35593,-126294639179.866,-144791871028.53168,-168638837414.53085,-199705877992.9522,-91107744232.70222,-128524969966.31606,-197528095084.91827,-317772684561.8948,0.0
2841.0,6061760131.791779,6065439452.975304,6069099860.11877,6072741285.643255,6076363665.212513,6079966937.843422,6083551046.019044,6087115935.804399,6090661556.96497,6094187863.088019,6097694811.706761,6101182364.427462,6104650487.059515,6108099149.748573,6111528327.112757,6114937998.382071,6118328147.541016,6121698763.474525,6125049840.117257,6128381376.606325,6131693377.437512,6134985852.625099,6138258817.865297,6141512294.703415,6144746310.704823,6147960899.629765,6151156101.61214,6154331963.342279,6157488538.25383,6160625886.714825,6163744076.223011,6166843181.605512,6169923285.222918,6172984477.17791,6176026855.528451,6179050526.505678,6182055604.736571,6185042213.471484,6188010484.816648,6190960559.971674,6193892589.472273,6196806733.438156,6199703161.826299,6202582054.689633,6205443602.441282,6208288006.124407,6211115477.687824,6213926240.267435,6216720528.473618,6219498588.68466,6222260679.346353,6225007071.277869,6227738047.983995,6230453905.9738655,6233154955.086298,6235841518.821836,6238513934.681642,6241172554.513323,6243817744.863813,6246449887.339466,6249069378.9734335,6251676632.600463,6254272077.239268,6256856158.48256,6259429338.894864,6261992098.41828,6264544934.786276,6267088363.945684,6269622920.486987,6272149158.083055,6274667649.93644,6277178989.235416,6279683789.618806,6282182685.649837,6284676333.299056,6287165410.436556,6289650617.333543,6292132677.173456,6294612336.572754,6297090366.111515,6299567560.874008,6302044740.999332,6304522752.242367,6307002466.545043,6309484782.618224,6311970626.534252,6314460952.330362,6316956742.623066,6319459009.233763,6321968793.825565,6324487168.551709,6327015236.715526,6329554133.442251,6332105026.362781,6334669116.309591,6337247638.024941,6339841860.881577,6342453089.6160965,6345082665.075158,6347731964.974726,6350402404.672543,6353095437.954015,6355812557.831737,6358555297.358844,6361325230.456413,6364123972.7551365,6366953182.451496,6369814561.178695,6372709854.892559,6375640854.772724,6378609398.139319,6381617369.385493,6384666700.926035,6387759374.162432,6390897420.464695,6394082922.17029,6397318013.600586,6400604882.09515,6403945769.064369,6407342971.060829,6410798840.869927,6414315788.620205,6417896282.913967,6421542851.978797,6425258084.8405285,6429044632.518404,6432905209.243082,6436842593.698342,6440859630.287237,6444959230.423639,6449144373.850137,6453418109.983301,6457783559.287456,6462243914.678176,6466802442.956772,6471462486.277209,6476227463.646961,6481100872.463441,6486086290.087769,6491187375.457798,6496407870.74247,6501751603.03969,6507222486.120178,6512824522.219853,6518561803.883565,6524438515.863227,6530458937.073558,6536627442.609016,6542948505.825712,6549426700.492376,6556066703.01484,6562873294.738781,6569851364.335896,6577005910.27901,6584342043.412136,6591864989.621874,6599580092.6171,6607492816.824401,6615608750.407254,6623933608.417626,6632473236.089191,6641233612.28223,6650220853.090889,6659441215.624296,6668901101.973965,6678607063.380654,6688565804.615089,6698784188.587636,6709269241.203497,6720028156.480843,6731068301.95079,6742397224.359352,6754022655.69289,6765952519.550238,6778194937.88608,6790758238.152073,6803650960.86383,6816881867.623945,6830459949.633196,6844394436.724183,6858694806.954071,6873370796.795366,6888432411.96625,6903889938.944742,6919753957.213674,6936035352.286524,6952745329.567247,6969895429.100544,6987497541.272399,7005563923.524437,7024107218.149293,7043140471.238217,7062677152.856166,7082731178.523954,7103316932.09137,7124449290.089827,7909910665.192896,7929690082.925411,7949915475.085804,7970601038.03618,7991761552.896623,8013412412.405182,7568441966.610416,7596317413.967514,7624908692.573954,7654240150.010881,7684337152.669961,7715226128.880936,8977962906.241577,9011070528.685677,9044860093.393251,9079353112.800455,9114571789.60891,9150539025.682726,9187278428.781574,14092944746.136862,14171973251.068691,14251984880.691582,14332982268.71516,14414966441.10935,14497936607.89673,15391017849.404276,15454431654.917624,15517467957.860916,15580038518.622946,15642046691.057076,15703386632.266865,8983159250.499325,9040920684.156712,9100489719.812138,9161930538.752403,9225308683.84565,9290690907.444565,9358144980.391829,14106783250.682798,14186532657.147892,14266986575.496078,14348087026.9827,14429765426.621683,14511941126.625084,14594519761.70972,14677391368.439198,21280051724.047832,21343163756.279224,21401477986.141987,21454465404.037144,21501547365.27873,21542090917.91286,21575403703.87287,21600728401.472023,21617236677.097336,21624022614.66376,21620095593.228336,21604372586.551582,6111911765.469638,6188906295.778277,6272585169.56265,6363482895.270054,6462175193.997699,6569281837.356713,12758287027.96822,12985599360.59089,13222677256.329216,13469679521.262926,13726695419.519472,15264277218.097025,15549378370.112633,15841712609.413769,16140247711.02004,16443610914.398472,18151034339.16484,18325417525.51486,18483521226.554325,18620584420.627857,18730894978.59001,18070723229.58321,17627397839.221947,17102405810.023012,16485371951.928614,15764926216.100328,13789294999.38517,14582376533.785452,15389582948.469805,16193986690.813276,16971039632.354551,12858791973.653908,11722604259.960115,10173676260.861116,8137035707.901971,5537424513.366503,2306599143.4314013,-74335908576.54822,-86250314987.45793,-102167157243.99872,-124452583761.6515,-157530154953.70706,-55289343625.947395,-82786445669.64764,-145752253191.07208,-363540208736.1776,0.0
2840.0,6122925562.531929,6127317348.823515,6131698208.803708,6136068164.153244,6140427240.825565,6144775469.169403,6149112884.05412,6153439524.997908,6157755436.298853,6162060667.168986,6166355271.871305,6170639309.8599205,6174912845.923287,6179175950.330676,6183428698.981886,6187671173.560291,6191903461.689295,6196125657.092229,6200337859.755806,6204540176.097164,6208732719.134586,6212915608.661992,6217088971.427211,6221252941.31419,6225407659.529165,6229553274.790872,6233689943.524917,6237817830.062331,6241937106.842456,6246047954.620158,6250150562.677549,6254245129.040255,6258331860.698283,6262410973.831652,6266482694.040832,6270547256.582083,6274604906.607794,6278655899.411935,6282700500.680685,6286738986.748355,6290771644.858708,6294798773.431755,6298820682.336163,6302837693.167341,6306850139.531345,6310858367.334673,6314862735.080114,6318863614.168678,6322861389.207798,6326856458.325882,6330849233.493336,6334840140.850161,6338829621.040267,6342818129.552617,6346806137.069301,6350794129.820685,6354782609.947794,6358772095.871961,6362763122.671965,6366756242.468761,6370752024.817896,6374751057.109802,6378753944.978086,6382761312.715918,6386773803.700692,6390792080.827143,6394816826.94895,6398848745.329096,6402888560.09905,6406937016.726959,6410994882.49499,6415062946.985993,6419142022.579616,6423232944.958055,6427336573.621587,6431453792.414076,6435585510.058573,6439732660.703231,6443896204.477668,6448077128.059982,6452276445.254585,6456495197.581027,6460734454.874029,6464995315.894861,6469278908.954306,6473586392.547409,6477918956.000139,6482277820.128269,6486664237.908604,6491079495.162813,6495524911.254074,6500001839.7967415,6504511669.379281,6509055824.300724,6513635765.320837,6518252990.424293,6522909035.599107,6527605475.629572,6532343924.903968,6537126038.237385,6541953511.709858,6546828083.520212,6551751534.855857,6556725690.778913,6561752421.128963,6566833641.442841,6571971313.891761,6577167448.236227,6582424102.799095,6587743385.457247,6593127454.652271,6598578520.420671,6604098845.444056,6609690746.11985,6615356593.653051,6621098815.169661,6626919894.852314,6632822375.098859,6638808857.704468,6644882005.068102,6651044541.42403,6657299254.099249,6663648994.797693,6670096680.912152,6676645296.864848,6683297895.477827,6690057599.374166,6696927602.411321,6703911171.147804,6711011646.344654,6718232444.503071,6725577059.439911,6733049063.902624,6740652111.225477,6748389937.029056,6756266360.965013,6764285288.508364,6772450712.799721,6780766716.539963,6789237473.940147,6797867252.729594,6806660416.225288,6815621425.4660015,6824754841.414803,6834065327.233813,6843557650.635477,6853236686.314779,6863107418.4673,6873174943.398294,6883444472.22835,6893921333.701621,6904610977.103092,6915518975.291695,6926651027.856787,6938012964.405822,6949610747.991836,6961450478.689816,6973538397.331841,6985880889.411431,6998484489.16851,7011355883.866962,7024501918.277879,7037929599.382358,7051646101.308779,7065658770.520565,7079975131.271583,7094602891.34748,7109549948.112734,7124824394.884375,7140434527.654993,7156388852.1892185,7172696091.519432,7189365193.868459,7206405341.028832,7223825957.230226,7241636718.529043,7259847562.756251,7278468700.062263,7297510624.100225,7316984123.891835,7336900296.423084,7357270560.02018,7378106668.559618,7399420726.569878,7421225205.286018,7443532959.722698,7466357246.835381,7489711744.844163,7513610573.799555,7538068317.474767,7563100046.67454,7588721344.056447,7614948330.566744,7641797693.599437,7669286716.994135,7697433312.995623,8786684276.998411,8817069851.309868,8848115235.33518,8879842264.7649,8912273724.08007,8945433394.224762,8309000861.277903,8347242864.493075,8386464791.63633,8426701956.295985,8467991270.268969,8510371323.316481,10314571914.788649,10365889347.5668,10418336806.830269,10471953439.672829,10526780022.484337,10582859032.71277,10640234723.41106,14977871528.967442,15061469885.15284,15146049401.71716,15231613454.96705,15318164132.116753,15405702074.29869,17223225519.11636,17308310455.50583,17393671803.135887,17479261252.907677,17565025496.60988,17650905780.802223,10709295925.318289,10807296025.535576,10908570459.605747,11013253742.498447,11121485828.531792,11233412234.380411,11349184144.29886,15421594828.52171,15517770004.299656,15615245995.378036,15714013370.583506,15814057334.214647,15915356915.631971,16017884049.252254,16121602530.469885,19421621124.537807,19423020263.44349,19418317017.05858,19407050471.75375,19388728606.930176,19362826547.935524,19328784815.38005,19286007598.71984,19233861090.07056,19171671924.167183,19098725782.582504,19014266235.2248,7809288939.605186,7960611999.799273,8122970217.978327,8297188661.732967,8484153244.590202,8684814536.430273,14600615809.938065,14888717499.204302,15188975482.991982,15501613138.605583,15826779118.491148,17268433192.363007,17606147672.40611,17952229992.90582,18305595238.383,18664812265.9228,19340808821.690907,19550830857.45251,19748744779.97348,19930720524.40669,20092213059.06114,18365843804.661774,18076833763.012897,17738101340.82888,17344581475.588223,16890938893.935995,21416000330.1296,22338192157.87857,23238985456.809933,24092752717.131664,24865714353.336742,14838274533.595243,13617086122.189274,12102451186.406004,10288149657.11118,8193918021.117639,5880403459.898028,-7014620319.173466,-7102049632.114907,-6778528012.926764,-5972254247.151565,-4731152987.073077,-1609708302.3861933,-844851285.3124143,-714149176.7482389,-992843609.6524447,0.0
2839.0,6180637092.450773,6185739469.054555,6190838797.859151,6195935185.799524,6201028745.013672,6206119592.975126,6211207852.628327,6216293652.526957,6221377126.975235,6226458416.172298,6231537666.359649,6236615029.971836,6241690665.790335,6246764739.10074,6251837421.853341,6256908892.827105,6261979337.797209,6267048949.706101,6272117928.83823,6277186482.998494,6282254827.694448,6287323186.322424,6292391790.357542,6297460879.547781,6302530702.11209,6307601514.942727,6312673583.811838,6317747183.582344,6322822598.423285,6327900122.029672,6332980057.8468895,6338062719.299847,6343148430.026839,6348237524.118317,6353330346.360582,6358427252.484565,6363528609.419717,6368634795.553183,6373746200.994274,6378863227.844444,6383986290.472761,6389115815.797071,6394252243.570894,6399396026.676206,6404547631.422192,6409707537.850097,6414876240.044259,6420054246.449491,6425242080.194862,6430440279.424084,6435649397.632514,6440870004.011015,6446102683.796693,6451348038.63073,6456606686.923368,6461879264.226217,6467166423.612019,6472468836.061987,6477787190.860868,6483122195.999884,6488474578.587645,6493845085.269264,6499234482.653736,6504643557.749775,6510073118.410265,6515523993.785478,6520997034.785199,6526493114.549934,6532013128.931369,6537557996.982264,6543128661.455879,6548726089.315235,6554351272.252254,6560005227.217028,6565688996.957414,6571403650.569127,6577150284.056463,6582930020.903976,6588744012.659172,6594593439.526543,6600479510.973066,6606403466.345428,6612366575.499179,6618370139.440027,6624415490.97756,6630503995.39155,6636637051.111149,6642816090.407188,6649042580.097876,6655318022.268095,6661643955.002647,6668021953.133656,6674453629.002464,6680940633.236318,6687484655.540107,6694087425.503529,6700750713.423964,6707476331.145472,6714266132.914149,6721122016.250336,6728045922.837978,6735039839.431564,6742105798.781079,6749245880.575334,6756462212.404211,6763756970.740252,6771132381.940047,6778590723.266026,6786134323.92911,6793765566.152861,6801486886.259635,6809300775.779493,6817209782.582415,6825216512.03454,6833323628.179241,6841533854.943688,6849849977.371819,6858274842.884497,6866811362.567863,6875462512.490755,6884231335.052294,6893120940.360662,6902134507.644307,6911275286.696692,6920546599.356003,6929951841.021126,6939494482.20538,6949178070.129598,6959006230.356221,6968982668.466143,6979111171.780258,6989395611.127727,6999839942.663052,7010448209.734378,7021224544.805384,7032173171.433413,7043298406.306704,7054604661.343626,7066096445.857203,7077778368.788314,7089655141.011228,7101731577.715424,7114012600.867861,7126503241.760154,7139208643.645528,7152134064.470628,7165284879.707658,7178666585.292809,7192284800.677193,7206145271.997066,7220253875.370518,7234616620.328412,7249239653.387773,7264129261.776508,7279291877.318977,7294734080.492491,7310462604.665657,7326484340.530215,7342806340.738746,7359435824.761733,7376380183.978126,7393646987.014751,7411243985.351013,7429179119.206255,7447460523.728736,7466096535.506166,7485095699.419394,7504466775.862219,7524218748.351999,7544360831.557415,7564902479.771638,7585853395.861057,7607223540.721967,7629023143.279739,7651262711.067561,7673953041.424267,7697105233.353694,7720730700.090886,7744841182.423612,7769448762.821073,7794565880.425327,7820205346.964734,7846380363.652872,7873104539.140902,7900391908.595826,7928256953.982443,7956714625.631792,7985780365.185066,8015470130.007696,8045800419.175168,8076788301.139023,8108451443.188974,8140808142.835104,8173877361.242711,8207678758.86138,8242232733.39976,9623973917.641994,9664298728.092443,9705478711.51007,9747542546.659498,9790520184.071264,9834442912.331806,9011783708.775743,9059527739.570744,9108484794.902077,9158699676.291134,9210219286.063738,9263092739.601456,11576745723.967,11644878738.478756,11714547602.48043,11785807434.386543,11858715851.339031,11933333101.243216,12009722202.530388,15651047209.455503,15736709701.388008,15823348456.698715,15910971197.39,15999585087.102394,16089196666.916386,18799392501.12356,18905123643.85457,19011928743.325195,19119814275.462173,19228786424.094933,19338851094.283463,12339535913.088444,12473850718.483728,12612718050.95718,12756333683.209108,12904902546.985458,13058639133.632694,13217767901.69379,16521853152.804356,16632519501.149685,16745180050.75627,16859890115.28864,16976706821.9055,17095689174.899246,17216898125.473194,17340396649.74537,17450567598.62161,17408198389.935917,17359972668.72328,17305610748.87978,17244827652.06084,17177334523.255844,17102840411.015488,17021054479.891132,16931688734.016165,16834461343.911615,16729100683.76728,16615350203.892036,9480863302.948383,9698761927.904154,9931205515.633455,10179228701.895905,10443939064.161896,10726521273.85471,16134300596.25497,16465350735.049664,16810110224.036118,17168884237.311329,17541915113.07904,18800909105.169544,19171573860.14463,19552083323.699062,19941634713.018414,20339159788.22637,20204813642.59888,20463038908.830475,20718015578.567554,20967750517.61196,21209927868.396687,19323437517.272343,19288920105.959705,19244437435.44561,19190083268.078304,19126123930.563866,27587204659.644016,28597456495.087845,29573877009.945786,30491220070.070503,31317877702.411827,17529346263.321266,16699707506.715296,15747589252.39373,14711387427.281967,13662467432.276722,12721455382.422031,61640411276.32056,73118876114.77167,89281411099.81004,112725805319.9233,147981143659.54758,51246764816.68928,80762825289.03317,144575365404.3555,362375052875.14386,0.0
2838.0,6234270850.071516,6240074395.246722,6245882572.249852,6251695568.177207,6257513576.145188,6263336795.430377,6269165431.612509,6274999696.7204685,6280839809.381292,6286685994.972294,6292538485.776338,6298397521.140347,6304263347.637096,6310136219.230364,6316016397.443477,6321904151.531385,6327799758.656242,6333703504.066645,6339615681.280541,6345536592.271923,6351466547.661336,6357405866.910324,6363354878.519846,6369313920.232773,6375283339.240513,6381263492.393875,6387254746.418232,6393257478.133071,6399272074.676033,6405298933.731489,6411338463.763779,6417391084.25518,6423457225.94871,6429537331.095849,6435631853.7092495,6441741259.820608,6447866027.743675,6454006648.342642,6460163625.305872,6466337475.425192,6472528728.880744,6478737929.531607,6484965635.212225,6491212418.034764,6497478864.697533,6503765576.799574,6510073171.161512,6516402280.152833,6522753552.025657,6529127651.255163,6535525258.886798,6541947072.890346,6548393808.521045,6554866198.6878805,6561364994.329112,6567890964.795287,6574444898.239781,6581027602.0170965,6587639903.088933,6594282648.438359,6600956705.492063,6607662962.550945,6614402329.229168,6621175736.90182,6627984139.1613655,6634828512.283074,6641709855.699524,6648629192.484453,6655587569.8460245,6662586059.629807,6669625758.831539,6676707790.119949,6683833302.369799,6691003471.205303,6698219499.554226,6705482618.212765,6712794086.421479,6720155192.4524765,6727567254.208077,6735031619.831201,6742549668.32764,6750122810.200588,6757752488.097548,6765440177.469933,6773187387.24561,6780995660.514671,6788866575.228696,6796801744.913746,6804802819.397502,6812871485.55072,6821009468.043401,6829218530.115992,6837500474.36588,6845857143.549671,6854290421.40145,6862802233.467519,6871394547.957954,6880069376.61537,6888828775.601349,6897674846.400936,6906609736.745684,6915635641.555698,6924754803.901194,6933969515.984057,6943282120.139988,6952695009.861752,6962210630.844149,6971831482.051319,6981560116.807018,6991399143.908596,7001351228.765282,7011419094.56168,7021605523.447136,7031913357.751882,7042345501.230795,7052904920.33576,7063594645.517504,7074417772.558056,7085377463.934831,7096476950.21755,7107719531.499162,7119108578.86211,7130647535.881285,7142339920.165087,7154189324.936213,7166199420.653705,7178373956.678043,7190716762.981151,7203231751.903168,7215922919.958183,7228794349.691047,7241850211.587651,7255094766.041194,7268532365.377025,7282167455.938997,7296004580.240256,7310048379.181751,7324303594.341853,7338775070.340778,7353467757.283656,7368386713.286484,7383537107.089324,7398924220.761559,7414553452.504168,7430430319.55454,7446560461.199476,7462949641.902605,7479603754.552757,7496528823.840363,7513731009.769277,7531216611.312217,7548992070.218191,7567063974.981227,7585439064.980124,7604124234.799679,7623126538.744619,7642453195.558186,7662111593.35812,7682109294.803797,7702454042.5090685,7723153764.716499,7744216581.249714,7765650809.761711,7787464972.298354,7809667802.197466,7832268251.345411,7855275497.814663,7878698953.907377,7902548274.63179,7926833366.640176,7951564397.659084,7976751806.4446335,8002406313.298183,8028538931.179875,8055160977.460445,8082284086.354385,8109920222.080584,8138081692.799961,8166781165.382892,8196031681.063127,8225846672.038866,8256239979.085875,8287225870.25226,8318819060.709362,8351034733.838553,8383888563.639453,8417396738.551065,8451575986.784052,8486443603.269209,8522017478.334863,8558316128.234035,8595358727.650768,8633165144.324594,8671755975.941933,8711152589.45427,8751377162.994312,10406464331.635525,10455729187.083698,10506014663.067484,10557354967.26133,10609785832.48364,10663344597.515848,9663976615.431313,9720013873.041515,9777452288.461994,9836343958.795765,9896743463.763044,9958708003.15854,12731381972.509308,12814093351.53339,12898671885.539047,12985185345.327747,13073704692.47577,13164304260.629068,13257061948.69814,16118960400.232489,16204574244.920166,16291167385.197975,16378755278.592272,16467353877.332315,16556979684.399336,20069151441.69416,20192724711.200085,20318194567.02692,20445626945.35354,20575092496.791054,20706667065.909504,13804868296.804537,13969054630.213717,14138766937.983517,14314246610.7415,14495747108.069916,14683534601.04225,14877888646.436142,17396095018.88314,17518752226.703697,17644121887.238785,17772330828.91492,17903515545.334656,18037823182.113537,18175412645.85577,18316455852.834663,15569188146.3509,15504222689.73064,15434950238.576237,15361334383.165785,15283359616.077824,15201035306.773392,15114400261.177769,15023527945.487123,14928532463.274437,14829575385.787315,14726873547.122952,14620707928.695654,11040164668.014452,11312162271.098316,11601106574.406357,11908147585.532116,12234512830.77909,12581511429.325716,17291364049.19957,17646243439.804268,18015669564.96921,18400071638.44797,18799847892.35688,19820234906.96788,20206696774.02123,20605249495.82325,21015726387.099285,21437852372.90037,20761314500.736904,21078289180.81731,21404337113.248898,21739852688.03844,22085365042.862022,20727211067.515656,20992436920.22444,21287590020.518703,21617229177.033413,21986413969.45758,32254459786.410767,33360642470.456787,34449687694.72749,35504771889.2791,36505780893.68624,21139505960.97176,21015123889.930443,20931602466.132027,20942170067.68449,21125893071.74717,21600982622.51052,102760698982.09052,116334856129.0464,134020544475.83446,157574310279.92484,189365591872.5949,84586453074.00055,124933036172.13773,196523032900.7633,317466387335.77655,0.0
2837.0,6283209947.211705,6289697872.723098,6296197825.773733,6302710067.543393,6309234865.924433,6315772495.66692,6322323238.52667,6328887383.416261,6335465226.559121,6342057071.64666,6348663229.998607,6355284020.726536,6361919770.900669,6368570815.720055,6375237498.686118,6381920171.779707,6388619195.641657,6395334939.757002,6402067782.642814,6408818112.039843,6415586325.107929,6422372828.625347,6429178039.1921015,6436002383.437273,6442846298.230467,6449710230.897504,6456594639.440352,6463499992.761445,6470426770.892447,6477375465.227528,6484346578.761294,6491340626.331383,6498358134.8658905,6505399643.63566,6512465704.511574,6519556882.226895,6526673754.644802,6533816913.031199,6540986962.3328495,6548184521.461058,6555410223.580857,6562664716.405926,6569948662.499268,6577262739.579815,6584607640.835018,6591984075.239592,6599392767.880473,6606834460.288184,6614309910.774619,6621819894.777496,6629365205.211508,6636946652.826336,6644565066.571671,6652221293.969349,6659916201.492738,6667650674.953545,6675425619.896143,6683241961.99962,6691100647.487602,6699002643.546133,6706948938.749632,6714940543.495182,6722978490.445259,6731063834.979098,6739197655.652825,6747381054.668578,6755615158.35273,6763901117.643464,6772240108.587816,6780633332.848428,6789082018.220165,6797587419.156835,6806150817.308151,6814773522.0672245,6823456871.128716,6832202231.057951,6841010997.8711405,6849884597.626998,6858824487.029963,6867832154.04527,6876909118.526138,6886056932.853306,6895277182.5872135,6904571487.133068,6913941500.419105,6923388911.588318,6932915445.703959,6942522864.469145,6952212966.960838,6961987590.378593,6971848610.808355,6981797944.00173,6991837546.171024,7001969414.80049,7012195589.474153,7022518152.720615,7032939230.875321,7043460994.960637,7054085661.584316,7064815493.856739,7075652802.327477,7086599945.941737,7097659333.017123,7108833422.241433,7120124723.691991,7131535799.877127,7143069266.800581,7154727795.049359,7166514110.905907,7178430997.485228,7190481295.897859,7202667906.439444,7214993789.807837,7227461968.348633,7240075527.330107,7252837616.248585,7265751450.165319,7278820311.076002,7292047549.314143,7305436584.98953,7318990909.463184,7332714086.860131,7346609755.621573,7360681630.098009,7374933502.184942,7389369243.0030365,7403992804.624513,7418808221.847865,7433819614.02292,7449031186.928577,7464447234.705543,7480072141.846619,7495910385.247217,7511966536.319005,7528245263.169598,7544751332.851667,7561489613.684801,7578465077.653778,7595682802.88719,7613147976.220448,7630865895.847704,7648841974.067245,7667081740.12544,7685590843.164511,7704375055.279824,7723440274.692723,7742792529.045357,7762437978.8243475,7782382920.9206705,7802633792.333492,7823197174.026371,7844079794.944647,7865288536.203573,7886830435.45728,7908712691.459411,7930942668.826953,7953527903.019634,7976476105.548019,7999795169.424401,8023493174.871508,8047578395.305068,8072059303.60746,8096944578.710691,8122243112.508392,8147964017.117763,8174116632.513853,8200710534.560181,8227755543.461292,8255261732.664688,8283239438.241412,8311699268.77674,8340652115.804464,8370109164.820757,8400081906.916073,8430582151.066234,8461622037.126804,8493214049.57796,8525371032.070452,8558106202.826769,8591433170.955603,8625365953.741785,8659918994.978405,8695107184.412502,8730945878.3811,8767450921.719662,8804638671.031246,8842526019.41093,8881130422.727104,8920469927.568577,8960563200.974697,9001429562.074118,9043089015.767378,9085562288.598476,9128870866.97156,9173037037.880554,9218083932.332355,11119945358.86482,11176850653.087172,11234902060.156635,11294137561.541475,11354596823.843964,11416321288.496986,10253846107.1998,10316666413.282587,10381019309.92755,10446961414.4369,10514552052.25586,10583853409.800344,13748567638.656689,13842884106.800917,13939297106.16664,14037882354.30986,14138719184.27024,14241890757.058388,14347484288.805614,16392634997.208956,16476445848.870825,16561248804.325306,16647069389.207996,16733934836.870384,16821874271.70995,20989562757.61104,21126305296.59846,21265658505.701305,21407741209.884773,21552681207.63203,21700616117.42195,15044865310.321531,15230443656.855188,15422128085.680267,15620185019.87517,15824894693.304806,16036551966.32991,16255467193.867435,18036173648.19676,18167565582.27107,18302316167.958183,18440618804.45626,18582683633.88643,18728739312.25675,18879034993.034748,19033842551.58664,13916932409.172453,13849576426.929686,13780289858.615664,13709283603.877005,13636810169.81792,13563169097.307545,13488713021.150105,13413854431.705894,13339073211.30932,13264925024.659046,13192050648.102669,13121186328.198193,12411615907.136974,12721800396.661783,13050083790.541471,13397635762.115047,13765701564.272812,14155605856.63178,18034047894.63235,18394039847.716408,18768844185.626232,19159063120.945103,19565316840.774868,20324376678.212444,20712239538.05877,21115216133.360176,21534037837.975937,21969527243.64381,21015192902.12316,21394249368.843296,21796054283.47932,22223466668.62397,22679904250.12558,22237687407.97459,22792636319.971348,23411918997.118195,24103782491.91246,24877370291.139084,35425091682.30782,36646329919.14623,37890590020.03487,39154431444.60757,40434604701.25847,25236881736.148834,25924594221.19155,26782445656.80438,27859659205.888054,29217892958.743565,30937569836.611984,107978536578.3036,114502650443.407,121063594496.98964,127116189070.61612,131342156191.93285,87778926358.72214,114566429814.16357,143088660753.88013,107423680875.75885,0.0
2836.0,6326852033.250893,6334000454.659647,6341167936.133872,6348354805.991544,6355561399.822085,6362788060.633971,6370035139.005159,6377302993.236496,6384591989.508076,6391902502.038631,6399234913.248037,6406589613.92297,6413967003.385763,6421367489.666549,6428791489.678732,6436239429.397875,6443711744.044043,6451208878.267666,6458731286.339016,6466279432.341348,6473853790.367761,6481454844.721881,6489083090.122425,6496739031.911693,6504423186.268101,6512136080.422827,6519878252.880623,6527650253.644862,6535452644.446998,6543285998.98036,6551150903.138496,6559047955.258123,6566977766.366712,6574940960.434859,6582938174.633529,6590970059.5962105,6599037279.68614,6607140513.268663,6615280452.988794,6623457806.054164,6631673294.523356,6639927655.599798,6648221641.931306,6656556021.915356,6664931580.010226,6673349117.052123,6681809450.578356,6690313415.156764,6698861862.721401,6707455662.914715,6716095703.436265,6724782890.398117,6733518148.687084,6742302422.333905,6751136674.8894825,6760021889.808395,6768959070.839698,6777949242.425303,6786993450.105948,6796092760.93499,6805248263.900156,6814461070.353394,6823732314.448975,6833063153.590064,6842454768.883856,6851908365.605509,6861425173.67099,6871006448.119094,6880653469.602726,6890367544.889734,6900150007.373375,6910002217.592741,6919925563.763235,6929921462.317378,6939991358.456137,6950136726.710996,6960359071.517005,6970659927.797034,6981040861.557476,6991503470.495666,7002049384.619217,7012680266.87763,7023397813.806339,7034203756.183571,7045099859.700241,7056087925.6432295,7067169791.592316,7078347332.13111,7089622459.57231,7100997124.69763,7112473317.512726,7124053068.017554,7135738446.992456,7147531566.800456,7159434582.20611,7171449691.211366,7183579135.908909,7195825203.353397,7208190226.451098,7220676584.868457,7233286705.960059,7246023065.71661,7258888189.733416,7271884654.200033,7285015086.911706,7298282168.303178,7311688632.505642,7325237268.4275,7338930920.85966,7352772491.60626,7366764940.641474,7380911287.293434,7395214611.45607,7409678054.829868,7424304822.192538,7439098182.700638,7454061471.22331,7469198089.709246,7484511508.588137,7500005268.207952,7515682980.30934,7531548329.538685,7547605075.001289,7563857051.856324,7580308172.955265,7596962430.525612,7613823897.901804,7630896731.305344,7648185171.676311,7665693546.558484,7683426272.040502,7701387854.755629,7719582893.94277,7738016083.571662,7756692214.535243,7775616176.91244,7794792962.304759,7814227666.250393,7833925490.719652,7853891746.69578,7874131856.845632,7894651358.284735,7915455905.44175,7936551273.027472,7957943359.1140785,7979638188.330459,8001641915.179968,8023960827.48736,8046601349.98204,8069570048.02524,8092873631.4893055,8116518958.797711,8140513041.135021,8164863046.836697,8189576305.969156,8214660315.111371,8240122742.349851,8265971432.499793,8292214412.565983,8318859897.457933,8345916295.974746,8373392217.076241,8401296476.457986,8429638103.449106,8458426348.253,8487670689.552481,8517380842.502415,8547566767.134366,8578238677.199634,8609407049.478754,8641082633.587608,8673276462.31231,8705999862.507318,8739264466.59376,8773082224.69732,8807465417.468145,8842426669.627995,8877978964.293272,8914135658.125917,8950910497.368078,8988317634.820305,9026371647.82755,9065087557.341885,9104480848.135817,9144567490.245691,9185363961.730465,9226887272.837442,9269154991.673546,9312185271.487932,9355996879.67998,9400609228.655075,9446042408.660233,9492317222.741465,9539455223.976084,9587478755.144714,9636410991.020851,11751803195.143194,11814797266.824335,11879015068.15215,11944496272.98048,12011282290.25229,12079416355.86841,10771192394.703793,10839044919.101902,10908496139.655144,10979604017.082092,11052429265.900597,11127035511.121286,14603074926.653538,14705449322.285526,14810027838.34361,14916888484.092808,15026112982.184896,15137786989.706028,15252000334.828094,16486278162.228365,16566822601.482197,16648375000.2401,16730971592.521791,16814651489.377447,16899456973.995266,21529669535.299004,21673266210.577267,21819956844.6613,21969896728.643776,22123252794.73261,22280204654.34747,16011788378.695091,16208895342.063982,16412242738.747944,16622098662.370085,16838745373.024696,17062480193.973463,17293616474.431686,18437496071.606525,18573537771.313263,18713408181.021137,18857350679.96246,19005630381.456444,19158536396.316208,19316384355.707504,19479519225.513584,12568157265.04335,12514521308.902676,12461597103.51694,12409797386.601463,12359588275.987137,12311494951.466438,12266107884.45034,12224089660.095213,12186182438.370125,12153216101.942093,12126117139.61174,12105918314.159164,13535573687.312511,13866076902.278969,14214564328.442375,14582137672.020285,14969967263.728752,15379295664.191353,18353923160.471405,18701905016.3692,19064495892.33366,19442502890.3901,19836808703.76136,20340928668.466354,20717656664.85324,21112847664.36048,21528213465.21316,21965752772.257244,20957291049.365944,21390962393.884827,21859915437.91611,22369078351.872192,22924247269.08061,23486082390.83982,24274623225.83334,25152727506.09123,26131502355.77065,27223453589.62082,37095473599.804565,38426124914.83365,39830069126.669846,41318435045.18166,42905850310.94147,29023903849.304947,30439060117.694782,32113574072.34558,34087597051.93946,36401018846.46673,39090686513.42384,90640323396.2088,88865147163.29166,84111611494.8209,75035688023.25461,60114084426.01308,68133440070.996765,69255278218.4882,60100728576.156685,16682185529.363594,0.0
2835.0,6364616629.210358,6372394920.958149,6380198869.621918,6388028862.975373,6395885296.482487,6403768573.444927,6411679105.15225,6419617311.034927,6427583618.820231,6435578464.691055,6443602293.447697,6451655558.672693,6459738722.898735,6467852257.779731,6475996644.265087,6484172372.777239,6492379943.392511,6500619866.025394,6508892660.616212,6517198857.322388,6525538996.713206,6533913629.968291,6542323319.079754,6550768637.058159,6559250168.142315,6567768508.013016,6576324264.010771,6584918055.357615,6593550513.383058,6602222281.754282,6610934016.710619,6619686387.302443,6628480075.634508,6637315777.113865,6646194200.702372,6655116069.173988,6664082119.376826,6673093102.500147,6682149784.346319,6691252945.607899,6700403382.149863,6709601905.297157,6718849342.127584,6728146535.770227,6737494345.709414,6746893648.094407,6756345336.054876,6765850320.022296,6775409528.05735,6785023906.183498,6794694418.72678,6804422048.66201,6814207797.965454,6824052687.974164,6833957759.752019,6843924074.462692,6853952713.749619,6864044780.123099,6874201397.354743,6884423710.8793125,6894712888.204146,6905070119.326365,6915496617.157911,6925993617.9586735,6936562381.777796,6947204192.90337,6957920360.320677,6968712218.179129,6979581126.268121,6990528470.50196,7001555663.4140415,7012664144.660531,7023855381.533642,7035130869.484831,7046492132.658031,7057940724.433212,7069478227.980384,7081106256.824424,7092826455.420812,7104640499.742607,7116550097.878912,7128556990.645025,7140662952.204618,7152869790.704171,7165179348.919952,7177593504.917848,7190114172.7263565,7202743303.023027,7215482883.83471,7228334941.251904,7241301540.157611,7254384784.971032,7267586820.406423,7280909832.247642,7294356048.138636,7307927738.390396,7321627216.804767,7335456841.515596,7349419015.847666,7363516189.193939,7377750857.911592,7392125566.237419,7406642907.223131,7421305523.691132,7436116109.211438,7451077409.100301,7466192221.441261,7481463398.129297,7496893845.938844,7512486527.616388,7528244462.998489,7544170730.156048,7560268466.5657425,7576540870.309469,7592991201.302877,7609622782.553955,7626439001.452728,7643443311.093264,7660639231.629106,7678030351.663454,7695620329.675347,7713412895.483298,7731411851.747802,7749621075.51429,7768044519.798138,7786686215.213501,7805550271.647691,7824640879.983156,7843962313.868942,7863518931.5439,7883315177.713833,7903355585.485034,7923644778.356653,7944187472.274757,7964988477.750709,7986052702.047051,8007385151.434003,8028990933.519966,8050875259.65963,8073043447.443472,8095500923.272707,8118253225.023939,8141306004.808084,8164665031.828341,8188336195.342413,8212325507.734352,8236639107.70183,8261283263.564999,8286264376.703451,8311588985.128254,8337263767.196424,8363295545.475728,8389691290.768185,8416458126.301132,8443603332.095442,8471134349.520862,8499058786.049402,8527384420.218084,8556119206.813425,8585271282.290585,8614848970.441174,8644860788.324486,8675315452.478037,8706221885.424294,8737589222.491611,8769426818.968714,8801744257.613182,8834551356.536085,8867858177.486158,8901675034.558695,8936012503.356062,8970881430.628572,9006292944.426456,9042258464.795998,9078789715.054989,9115898733.685358,9153597886.883545,9191899881.811913,9230817780.59787,9270365015.130585,9310555402.708973,9351403162.598425,9392922933.55816,9435129792.40556,9478039273.688875,9521667390.545095,9566030656.82548,9611146110.577711,9657031338.980225,9703704504.831911,9751184374.70815,9799490348.903038,9848642493.286854,9898661573.218382,9949569089.662416,10001387317.675291,12291452799.922373,12358794153.73233,12427383745.590405,12497260676.92173,12568465716.352625,12641041386.622158,11207740151.385683,11278708502.778816,11351271459.252262,11425484964.07522,11501407570.754028,11579100591.463554,15275591856.33414,15382107849.022,15490803416.98587,15601752808.648138,15715033736.09988,15830727580.68168,15948919613.176792,16416120047.639095,16492147095.267591,16569187813.094929,16647287783.042068,16726496383.769432,16806867161.93502,21674477945.390224,21817489033.81232,21963759159.79417,22113457214.72449,22266764348.015083,22423874992.294613,16673597080.20523,16871743011.722408,17075806290.818398,17286032994.268555,17502682283.443855,17726027279.5674,17956356010.137344,18599690350.93763,18735549179.54745,18875438842.944885,19019626829.004723,19168404360.626205,19322088775.922813,19481026164.587105,19645594289.27443,11539755816.555813,11510135095.403627,11483621819.256496,11460753856.213291,11442124616.762457,11428388038.52467,11420263964.505178,11418543937.532394,11424097433.336618,11437878554.194431,11460933204.212587,11494406766.15229,14371489215.75837,14703989293.489536,15053183383.46149,15420032240.041042,15805554807.6876,16210831705.013512,18268301497.66896,18589429061.44921,18924521124.81678,19274583482.754074,19640751857.23153,19917027233.23626,20270604585.51797,20645535947.99488,21044380409.41872,21470130970.842453,20570176762.608604,21039106304.197018,21552387201.02244,22116254481.506336,22737957408.04534,24150781439.71425,25084464995.317616,26121449541.14085,27274609080.51424,28558694888.196514,37244333950.66664,38632682395.00304,40138738080.51711,41785748805.814926,43603091028.97545,31633583284.83572,33539773240.42021,35752334109.59966,38305464350.64192,41226088268.40802,44524139702.662,69980192110.0366,65152496122.79539,57356415547.1092,45678162839.42285,29371840656.492752,48238086687.68276,28161137229.52447,2840157109.3235264,-3031383539.576455,0.0
2834.0,6395952147.873997,6404323376.914555,6412726359.22793,6421161533.764507,6429629347.439875,6438130255.279524,6446664720.566147,6455233214.989581,6463836218.799482,6472474220.960758,6481147719.311785,6489857220.72551,6498603241.273462,6507386306.392711,6516206951.055855,6525065719.944078,6533963167.623337,6542899858.723737,6551876368.122132,6560893281.128048,6569951193.67295,6579050712.50294,6588192455.37495,6597377051.256443,6606605140.528774,6615877375.194195,6625194419.086626,6634556948.086222,6643965650.337824,6653421226.473386,6662924389.838386,6672475866.722384,6682076396.593716,6691726732.33844,6701427640.503657,6711179901.545181,6720984310.07972,6730841675.141644,6740752820.444393,6750718584.646636,6760739821.623235,6770817400.741177,6780952207.140469,6791145142.0201645,6801397122.929574,6811709084.064787,6822081976.570578,6832516768.847815,6843014446.866467,6853576014.484311,6864202493.771473,6874894925.340863,6885654368.684677,6896481902.517036,6907378625.122891,6918345654.713336,6929384129.787419,6940495209.500596,6951680074.039967,6962939925.006398,6974275985.803693,6985689502.034925,6997181741.906101,7008753996.6373005,7020407580.881369,7032143833.150471,7043964116.250463,7055869817.723439,7067862350.298463,7079943152.350754,7092113688.369435,7104375449.434093,7116729953.700257,7129178746.894036,7141723402.816106,7154365523.855215,7167106741.511464,7179948716.92951,7192893141.441968,7205941737.123234,7219096257.353888,7232358487.396038,7245730244.979731,7259213380.900768,7272809779.630193,7286521359.935598,7300350075.514754,7314297915.641638,7328366905.825279,7342559108.481714,7356876623.619375,7371321589.538236,7385896183.543053,7400602622.671114,7415443164.434817,7430420107.579474,7445535792.856801,7460792603.814425,7476192967.601926,7491739355.793824,7507434285.230001,7523280318.874051,7539280066.690084,7555436186.538467,7571751385.091165,7588228418.76716,7604870094.688635,7621679271.658489,7638658861.159959,7655811828.378928,7673141193.249691,7690650031.525024,7708341475.8712015,7726218716.988955,7744285004.76111,7762543649.427971,7780998022.791289,7799651559.447908,7818507758.054108,7837570182.621824,7856842463.847826,7876328300.477221,7896031460.702425,7915955783.599124,7936105180.600559,7956483637.0117,7977095213.564905,7997944048.018717,8019034356.801623,8040370436.702604,8061956666.610463,8083797509.304033,8105897513.295444,8128261314.728772,8150893639.336542,8173799304.456657,8196983221.112514,8220450396.159178,8244205934.498706,8268255041.367866,8292603024.701645,8317255297.576237,8342217380.735317,8367494905.203692,8393093614.992657,8419019369.901644,8445278148.420978,8471876050.740954,8498819301.872686,8526114254.886456,8553767394.273855,8581785339.440158,8610174848.333885,8638942821.22103,8668096304.611702,8697642495.347544,8727588744.858904,8757942563.601105,8788711625.67988,8819903773.67678,8851527023.685863,8883589570.573841,8916099793.476688,8949066261.546494,8982497739.963291,9016403196.227589,9050791806.75045,9085672963.75892,9121056282.536127,9156951609.01634,9193369027.757004,9230318870.311102,9267811724.024868,9305858441.2877,9344470149.26298,9383658260.13052,9423434481.873642,9463810829.646282,9504799637.75799,9546413572.317583,9588665644.579197,9631569225.03774,9675138058.324171,9719386278.955095,9764328427.99495,9809979470.693909,9856354815.16917,9903470332.202812,9951342376.234924,9999987807.637178,10049424016.358532,10099668947.042278,10150741125.72165,10202659688.209797,10255444410.309734,10309115739.979849,12730688828.288338,12800518647.288664,12871565934.011368,12943866928.186012,13017459352.854883,13092382489.450802,11557444420.946938,11629531631.995888,11703138431.34562,11778315434.88652,11855115541.804436,11933594063.100468,15753601128.33335,15860203880.836693,15968829674.266125,16079543143.741772,16192411811.00508,16307506252.42381,16424900278.880129,16199509274.28384,16269910901.968311,16341305370.015354,16413744314.353931,16487283667.93642,16561984058.673058,21427644113.338684,21562231981.805943,21699888721.157177,21840772040.36857,21985050470.647514,22132904193.61513,17015653354.844513,17204513088.597233,17398538902.79044,17597933279.04102,17802909381.963795,18013691814.405727,18230517439.96084,18527489614.118515,18657824990.205112,18792063185.52093,18930464748.908707,19073312646.187325,19220914379.607983,19373604315.60245,19531746241.1258,10804988205.9302,10803528709.7855,10806952507.7847,10815835714.59584,10830804081.802025,10852536739.53748,10881770172.969252,10919302442.568134,10965997657.026457,11022790707.757126,11090692274.286093,11170794110.728832,14899147808.244616,15216250617.570358,15547757604.674747,15894433697.136354,16257089354.825085,16636583978.446556,17815091090.054436,18097076979.4815,18391897840.66784,18700702807.58528,19024809790.76945,19111303957.92343,19429177780.171963,19769950951.300404,20136705250.43014,20533023950.80712,19838175027.31387,20312728659.90964,20835567512.26968,21413275406.79496,22053421879.54256,24008322513.795208,24981582514.7918,26059144842.15055,27254125954.366734,28581757338.954937,35869077365.48592,37215758465.791374,38704725304.02496,40365931209.851,42236849223.94932,32378541406.05307,34439592972.83693,36806073551.51428,39509612672.37609,42574906114.72784,46009156151.75258,56127518101.83936,53827931037.167885,50427232483.6632,45491753768.76558,38182905341.19957,48307119974.67102,22589993951.075043,-14761782802.256622,-23313095469.376743,0.0
2833.0,6420342511.629094,6429263942.274794,6438222665.667474,6447219163.206656,6456253924.387137,6465327446.9384,6474440236.966444,6483592809.098039,6492785686.62753,6502019401.666149,6511294495.293926,6520611517.714231,6529971028.410983,6539373596.308626,6548819799.934822,6558310227.586004,6567845477.495792,6577426158.006316,6587052887.742538,6596726295.789572,6606447021.873094,6616215716.542885,6626033041.359566,6635899669.084551,6645816283.873337,6655783581.472119,6665802269.417839,6675873067.241701,6685996706.676249,6696173931.866015,6706405499.581848,6716692179.438982,6727034754.118874,6737434019.594939,6747890785.362194,6758405874.670898,6768980124.764294,6779614387.120487,6790309527.698521,6801066427.188787,6811885981.267788,6822769100.857342,6833716712.388361,6844729758.069202,6855809196.158741,6866956001.2442255,6878171164.523996,6889455694.095188,6900810615.246447,6912236970.75583,6923735821.193922,6935308245.232304,6946955339.957433,6958678221.190102,6970478023.8104925,6982355902.089008,6994313030.022949,7006350601.679154,7018469831.542727,7030671954.871949,7042958228.059515,7055329929.000203,7067788357.465094,7080334835.48251,7092970707.725717,7105697341.907638,7118516129.182629,7131428484.555487,7144435847.2978325,7157539681.372041,7170741475.862808,7184042745.416601,7197445030.689069,7210949898.800617,7224558943.800337,7238273787.138425,7252096078.147272,7266027494.531469,7280069742.866832,7294224559.108702,7308493709.109724,7322878989.147268,7337382226.460755,7352005279.799089,7366750039.978431,7381618430.450519,7396612407.881855,7411733962.743935,7426985119.914804,7442367939.292253,7457884516.41886,7473536983.119223,7489327508.149672,7505258297.860757,7521331596.872836,7537549688.765124,7553914896.778519,7570429584.532549,7587096156.756899,7603917060.037791,7620894783.579693,7638031859.982777,7655330866.036506,7672794423.529886,7690425200.078773,7708225909.970787,7726199315.028319,7744348225.490147,7762675500.912277,7781184051.088537,7799876836.991522,7818756871.734587,7837827221.5555,7857091006.822413,7876551403.06299,7896211642.017303,7916075012.715402,7936144862.5803,7956424598.557329,7976917688.270652,7997627661.208018,8018558109.934637,8039712691.337289,8061095127.899739,8082709209.010583,8104558792.304785,8126647805.040108,8148980245.509803,8171560184.492939,8194391766.74386,8217479212.522241,8240826819.165497,8264438962.70508,8288320099.528604,8312474768.089604,8336907590.666944,8361623275.175968,8386626617.033592,8411922501.079674,8437515903.557107,8463411894.153236,8489615638.105291,8516132398.3728,8542967537.879877,8570126521.830801,8597614920.102077,8625438409.714712,8653602777.39043,8682113922.19587,8710977858.278976,8740200717.702133,8769788753.376743,8799748342.104347,8830085987.729567,8860808324.410597,8891922120.013206,8923434279.634695,8955351849.26442,8987682019.588303,9020432129.944752,9053609672.440218,9087222296.23301,9121277811.994514,9155784196.557625,9190749597.762802,9226182339.51282,9262090927.048082,9298484052.455029,9335370600.42125,9372759654.251495,9410660502.160149,9449082643.856386,9488035797.439758,9527529906.624895,9567575148.315516,9608181940.549295,9649360950.836773,9691123104.919111,9733479595.971325,9776441894.279724,9820021757.424215,9864231240.998774,9909082709.905518,9954588850.261051,10000762681.956257,10047617571.914335,10095167248.095284,10143425814.29882,10192407765.82212,10242128006.033297,10292601863.926292,10343845112.728905,10395873989.641027,10448705216.78719,10502356023.47446,10556844169.8546,13063937269.521795,13134357988.033388,13205911171.151428,13278628044.62881,13352541028.984,13427683796.767763,11816694581.075035,11887912844.631218,11960508251.180216,12034523063.46392,12110001337.746689,12186989022.293808,16031850264.35569,16134584282.452211,16239063366.16153,16345337454.509222,16453458526.682808,16563480715.175947,16675460426.80151,15854278225.905487,15918043700.616705,15982738772.976154,16048416324.565617,16115133511.214022,16182952132.97607,20812355111.46499,20931099692.922867,21052385958.24784,21176338302.42657,21303088864.408936,21432778033.38007,17041042058.439484,17211206792.093674,17385424341.459743,17563836257.020596,17746591317.41804,17933846082.651024,18125765502.73665,18231568025.21827,18350901960.791702,18473659665.527782,18600063470.123943,18730353759.5974,18864790527.279964,19003655059.3479,19147251759.078857,10309697695.75896,10335159369.130678,10366465447.344591,10404151242.0803,10448790481.343054,10500997660.79664,10561430506.421066,10630792552.87124,10709835843.203114,10799363757.564434,10900233981.247805,11013361626.473703,15118145916.698996,15404538803.617325,15702278679.702393,16011898734.822195,16333963667.670631,16669072918.14163,17047151442.340963,17280299602.821186,17524587225.319946,17781204907.088173,18051526207.92207,17988841784.72175,18257657799.943947,18548839570.54764,18865547889.658,19211423029.076225,18758584640.8842,19202716527.616043,19693198645.73671,20235998619.122284,20837886303.73636,22958780207.59829,23863887216.4781,24861522310.02221,25963170002.7323,27182244452.94536,33037846153.192387,34212161418.034748,35524974844.51993,37005767000.59857,38691190676.28346,30924125555.22399,32768681656.495422,34863527465.82153,37235515699.74854,39909653289.0304,42903772085.79585,47399594274.219376,49477791247.23818,52487020070.93497,56529732472.18701,61245176152.98361,67651828945.06625,58423225672.51146,29060677449.685745,-44730267285.441,0.0
2832.0,6437313286.477644,6446736948.173578,6456202837.854274,6465711470.345351,6475263368.554564,6484859063.603544,6494499094.96172,6504184010.582432,6513914367.041304,6523690729.676905,6533513672.7337055,6543383779.507416,6553301642.492703,6563267863.53337,6573283053.974986,6583347834.820064,6593462836.885761,6603628700.964251,6613846077.985644,6624115629.183706,6634438026.264235,6644813951.576258,6655244098.286042,6665729170.554016,6676269883.714548,6686866964.458761,6697521151.020355,6708233193.364479,6719003853.379768,6729833905.073521,6740724134.77014,6751675341.312846,6762688336.26873,6773763944.137223,6784903002.561991,6796106362.546385,6807374888.672431,6818709459.323488,6830110966.910561,6841580318.102435,6853118434.059579,6864726250.671977,6876404718.8009,6888154804.524712,6899977489.388773,6911873770.659515,6923844661.582733,6935891191.646236,6948014406.846835,6960215369.961828,6972495160.825031,6984854876.607429,6997295632.102516,7009818560.016464,7022424811.263114,7035115555.263989,7047891980.253326,7060755293.588234,7073706722.06413,7086747512.235489,7099878930.742009,7113102264.640318,7126418821.741306,7139829930.953207,7153336942.630491,7166941228.928745,7180644184.165579,7194447225.187736,7208351791.744493,7222359346.867461,7236471377.256939,7250689393.674946,7265014931.345008,7279449550.358919,7293994836.090538,7308652399.616815,7323423878.146152,7338310935.454268,7353315262.327723,7368438577.015245,7383682625.687029,7399049182.902191,7414540052.08449,7430157066.006576,7445902087.2828865,7461777008.871384,7477783754.584357,7493924279.608471,7510200571.034216,7526614648.395088,7543168564.216591,7559864404.575367,7576704289.66864,7593690374.394262,7610824848.941544,7628109939.393207,7645547908.338636,7663141055.498781,7680891718.36294,7698802272.837738,7716875133.908622,7735112756.314144,7753517635.233396,7772092306.986919,7790839349.751448,7809761384.288831,7828861074.68953,7848141129.131074,7867604300.65187,7887253387.940844,7907091236.143221,7927120737.683075,7947344833.102978,7967766511.92131,7988388813.507704,8009214827.977213,8030247697.103689,8051490615.25297,8072946830.3365,8094619644.785979,8116512416.549679,8138628560.111153,8160971547.530979,8183544909.512329,8206352236.491086,8229397179.751321,8252683452.566984,8276214831.370656,8299995156.950253,8324028335.674657,8348318340.749262,8372869213.502434,8397685064.703997,8422770075.916855,8448128500.882907,8473764666.944544,8499682976.502933,8525887908.514499,8552384020.02697,8579175947.756496,8606268409.707335,8633666206.835758,8661374224.75988,8689397435.517086,8717740899.371078,8746409766.670332,8775409279.760113,8804744774.95013,8834421684.540127,8864445538.905745,8894821968.647177,8925556706.803192,8956655591.133297,8988124566.470932,9019969687.150766,9052197119.513254,9084813144.489912,9117824160.272837,9151236685.07223,9185057359.966026,9219292951.845638,9253950356.462528,9289036601.58008,9324558850.236008,9360524404.12042,9396940707.075308,9433815348.72139,9471156068.21867,9508970758.167542,9547267468.657606,9586054411.471972,9625339964.455208,9665132676.053757,9705441270.038267,9746274650.41788,9787641906.557232,9829552318.507908,9872015362.566668,9915040717.073944,9958638268.467022,10002818117.603489,10047590586.371708,10092966224.60662,10138955817.330288,10185570392.33869,10232821228.157707,10280719862.393309,10329278100.5032,10378508025.019476,10428422005.254402,10479032707.524488,10530353105.93098,10582396493.738642,10635176495.398308,10688707079.263176,10743002571.053375,13288395876.168987,13357551234.43324,13427704006.66656,13498878539.65795,13571100001.518414,13644394416.602152,11984405694.73317,12052865415.334194,12122499911.61042,12193340563.850628,12265419926.68713,12338771789.79958,16112389970.494064,16207625179.427654,16304225865.792765,16402223433.270798,16501650296.72437,16602539930.067898,16704926917.323578,15398349989.80624,15454551928.811651,15511565944.28837,15569440523.73252,15628227862.101776,15687984153.29856,19870192782.66279,19966863728.350727,20065279706.673206,20165515952.22179,20267651407.94105,20371768862.97424,16769556880.904812,16913182658.89041,17059481532.474812,17208522625.82144,17360378158.899826,17515123742.711998,17672838712.276554,17729071574.802002,17832237115.874672,17938020930.434185,18046580403.64956,18158084343.38295,18272713787.36433,18390662852.41968,18512139624.21149,9987727462.109474,10034922576.171623,10088084300.401913,10147647540.35592,10214072018.549202,10287843367.511805,10369474255.788496,10459505552.180256,10558507536.10739,10667081165.397478,10785859417.276417,10915508724.12464,15045909273.813437,15289222202.030523,15540318770.85814,15799482562.163086,16067013803.149254,16343232151.86538,16026932599.114746,16204090694.849209,16390060030.209686,16585939994.796345,16792998638.971458,16618851309.21688,16825147920.648552,17050821929.748508,17298646913.44423,17571774605.066193,17351001590.729595,17727458966.43891,18142735492.45131,18601376969.06652,19108435798.41958,21029184095.818047,21770020434.9486,22580338516.20411,23468115611.82517,24442598688.43937,28931514788.516266,29799268076.1636,30772253502.413948,31872236187.709152,33125915266.86509,27369673662.767548,28666132801.4072,30105405385.60601,31700787573.07113,33468001715.693714,35426797478.86975,36982313032.628296,41467669390.77171,48002563107.33176,57306633947.23197,70358354466.77693,80697261797.10965,99423311445.0556,122979718097.19286,86124354457.86609,0.0
2831.0,6446437258.641725,6456310567.572927,6466230397.619617,6476197287.869617,6486211785.34091,6496274445.103547,6506385830.403398,6516546512.787828,6526757072.233345,6537018097.27519,6547330185.138986,6557693941.874386,6568109982.490829,6578578931.095381,6589101421.032721,6599678095.027301,6610309605.32772,6620996613.853316,6631739792.343057,6642539822.506708,6653397396.178401,6664313215.472519,6675287992.942041,6686322451.739352,6697417325.779493,6708573359.90601,6719791310.059337,6731071943.447795,6742416038.721252,6753824386.147475,6765297787.791225,6776837057.696108,6788443022.069279,6800116519.468991,6811858400.995071,6823669530.482327,6835550784.696991,6847503053.536198,6859527240.230547,6871624261.549845,6883795048.012003,6896040544.095224,6908361708.453459,6920759514.135226,6933234948.80582,6945789014.9730015,6958422730.216184,6971137127.419193,6983933255.006646,6996812177.184029,7009774974.181495,7022822742.501499,7035956595.170265,7049177661.993195,7062487089.814268,7075886042.779498,7089375702.604502,7102957268.846283,7116631959.17923,7130401009.675496,7144265675.089735,7158227229.148338,7172286964.8432045,7186446194.730136,7200706251.231936,7215068486.946311,7229534274.958572,7244105009.159363,7258782104.567343,7273566997.657024,7288461146.691808,7303466032.062308,7318583156.630046,7333814046.076654,7349160249.258628,7364623338.567752,7380204910.297334,7395906585.014263,7411730007.937086,7427676849.320173,7443748804.844053,7459947596.012106,7476274970.553652,7492732702.833588,7509322594.268719,7526046473.750858,7542906198.076847,7559903652.385651,7577040750.602601,7594319435.891002,7611741681.111168,7629309489.287078,7647024894.080788,7664889960.274744,7682906784.262173,7701077494.545651,7719404252.244121,7737889251.608401,7756534720.545462,7775342921.151579,7794316150.254583,7813456739.965363,7832767058.238831,7852249509.444567,7871906534.947266,7891740613.697294,7911754262.831499,7931950038.284467,7952330535.410572,7972898389.616885,7993656277.007257,8014606915.037864,8035753063.184334,8057097523.620821,8078643141.911199,8100392807.712704,8122349455.492222,8144516065.255589,8166895663.290066,8189491322.920393,8212306165.278607,8235343360.088032,8258606126.461603,8282097733.71501,8305821502.194795,8329780804.121872,8353979064.450682,8378419761.744415,8403106429.066535,8428042654.889014,8453232084.01761,8478678418.534517,8504385418.758747,8530356904.224598,8556596754.67857,8583108911.095077,8609897376.711319,8636966218.081669,8664319566.15194,8691961617.353874,8719896634.720226,8748128949.020779,8776662959.91964,8805503137.154148,8834654021.735754,8864120227.17314,8893906440.717947,8924017424.633396,8954458017.486042,8985233135.461,9016347773.700865,9047807007.668495,9079615994.534023,9111779974.586077,9144304272.66754,9177194299.635887,9210455553.84822,9244093622.671017,9278114184.014702,9312523007.892944,9347325958.00666,9382528993.35254,9418138169.85612,9454159642.028902,9490599664.649605,9527464594.468897,9564760891.93748,9602495122.956957,9640673960.653015,9679304187.1704,9718392695.489006,9757946491.260468,9797972694.66441,9838478542.283726,9879471388.99784,9920958709.893251,9962948102.190264,10005447287.185097,10048464112.206274,10092006552.58443,10136082713.634483,10180700832.649317,10225869280.904127,10271596565.670668,10317891332.240738,10364762365.958584,10412218594.261902,10460269088.731586,10508923067.150608,10558189895.572975,10608079090.404062,10658600320.494438,10709763409.249878,10761578336.761246,10814055241.958973,10867204424.797956,13404058020.609344,13470210008.034504,13537181338.947355,13604988030.368153,13673646488.614624,13743173519.170015,12061993589.348131,12125986418.644732,12190902750.912077,12256761225.576427,12323580951.158266,12391381523.492798,16004192575.17699,16088821363.97857,16174361542.084211,16260823708.100569,16348218363.941788,16436555894.800274,16525846547.611109,14849529301.54318,14897341933.384657,14945789623.966902,14994910813.58225,15044746601.667454,15095340921.343328,18658099246.96048,18728267226.87389,18799216500.947887,18870965632.7182,18943532678.11525,19016934984.178608,16235514975.45886,16346816698.34063,16459260124.092815,16572837206.35361,16687538618.591244,16803353766.683285,16920270818.283949,17043646419.230663,17126247485.743427,17210401274.520496,17296181796.08945,17383666665.975933,17472937125.159157,17564078021.729576,17657177744.165894,9773410254.5447,9834888530.490011,9901724453.739271,9974216916.963736,10052676043.812042,10137423282.302288,10228791486.447538,10327124992.767609,10432779701.175098,10546123173.222382,10667534764.96416,10797405816.835535,14714639406.62344,14905988370.401632,15101317636.337149,15300659503.477146,15504047587.410574,15711518767.436775,14821844402.788116,14938387471.252926,15060778337.824862,15189886136.885803,15326708161.142572,15073982982.63087,15205668430.751375,15351368680.845625,15513074938.861988,15693001445.178406,15662451525.832067,15938216459.148672,16240817982.808006,16572851453.701012,16937067565.220043,18359513120.909985,18863200008.173195,19405257087.20929,19988763412.954693,20617047908.49537,23858286165.225845,24312617446.521866,24815920461.84516,25376850407.58203,26005296025.23236,22228717526.85552,22758609204.507786,23288721089.126354,23808002613.193413,24306509488.12768,24780337781.859444,20516950369.81681,23771820264.33255,28757497431.67165,36274554280.984535,47711887357.34984,58017840121.965,84400512662.19684,141683846089.128,306421271273.902,0.0
2830.0,6447339389.212339,6457605814.005835,6467922382.83382,6478289649.894951,6488708177.034291,6499178533.853348,6509701297.821649,6520277054.389955,6530906397.105066,6541589927.726292,6552328256.34359,6563122001.497383,6573971790.300101,6584878258.559469,6595842050.903533,6606863820.907499,6617944231.22237,6629083953.705424,6640283669.552538,6651544069.4324255,6662865853.622757,6674249732.148233,6685696424.920643,6697206661.880863,6708781183.142917,6720420739.140076,6732126090.773006,6743898009.560053,6755737277.789628,6767644688.674765,6779621046.509875,6791667166.829698,6803783876.570504,6815972014.233603,6828232430.051112,6840565986.15412,6852973556.743156,6865456028.261132,6878014299.568663,6890649282.12188,6903361900.152743,6916153090.851891,6929023804.554033,6941975004.925987,6955007669.157307,6968122788.153611,6981321366.732632,6994604423.822951,7007972992.665579,7021428121.01832,7034970871.362982,7048602321.115503,7062323562.839,7076135704.459777,7090039869.486341,7104037197.231493,7118128843.037473,7132315978.50424,7146599791.720968,7160981487.500672,7175462287.618166,7190043431.051277,7204726174.225397,7219511791.261453,7234401574.22726,7249396833.392391,7264498897.486523,7279709113.961391,7295028849.256315,7310459489.067403,7326002438.620452,7341659122.947609,7357430987.167832,7373319496.771178,7389326137.907022,7405452417.676204,7421699864.427169,7438070028.05618,7454564480.311591,7471184815.10231,7487932648.810436,7504809620.608154,7521817392.778939,7538957651.043124,7556232104.887842,7573642487.901478,7591190558.112596,7608878098.333448,7626706916.508085,7644678846.065161,7662795746.275435,7681059502.61406,7699472027.127671,7718035258.806374,7736751163.960642,7755621736.603158,7774648998.83572,7793835001.241167,7813181823.280422,7832691573.6946945,7852366390.912846,7872208443.464008,7892219930.395443,7912403081.695696,7932760158.723095,7953293454.639571,7974005294.849852,7994898037.44607,8015974073.657724,8037235828.307116,8058685760.270096,8080326362.942329,8102160164.710836,8124189729.430972,8146417656.908726,8168846583.388313,8191479182.044985,8214318163.483084,8237366276.23914,8260626307.290041,8284101082.56607,8307793467.468776,8331706367.393463,8355842728.256204,8380205537.025139,8404797822.255921,8429622654.630997,8454683147.502552,8479982457.438771,8505523784.773131,8531310374.156343,8557345515.110569,8583632542.585507,8610174837.51578,8636975827.379213,8664038986.75534,8691367837.883537,8718965951.220078,8746836945.993368,8774984490.756483,8803412303.936161,8832124154.377216,8861123861.88131,8890415297.738869,8920002385.25297,8949889100.253647,8980079471.601303,9010577581.677376,9041387566.86069,9072513617.98742,9103959980.79267,9135730956.331364,9167830901.376047,9200264228.788973,9233035407.865574,9266148964.646296,9299609482.19352,9333421600.8299,9367590018.33434,9402119490.091463,9437014829.190111,9472280906.466007,9507922650.483486,9543945047.450754,9580353141.062632,9617152032.26441,9654346878.929962,9691942895.446705,9729945352.199446,9768359574.944715,9807190944.06642,9846444893.703053,9886126910.736103,9926242533.628435,9966797351.100689,10007797000.633003,10049247166.77831,10091153579.272743,10133522010.927485,10176358275.285551,10219668224.025711,10263457744.09478,10307732754.548037,10352499203.076435,10397763062.197842,10443530325.087933,10489807001.025051,10536599110.421646,10583912679.4131,10631753733.973167,10680128293.523151,10729042364.000244,10778501930.348022,10828512948.390371,10879081336.047436,10930212963.850134,13413621337.656555,13475219741.14862,13537425779.825258,13600246197.986675,13663687669.062723,13727756779.736073,12053237095.65398,12111308104.101755,12170016225.548191,12229366294.315865,12289362871.97166,12350010221.708551,15722394719.318745,15793986028.975058,15865991929.78661,15938401663.000525,16011203293.028736,16084383624.402004,16157928113.109556,14225405440.407291,14264149059.779406,14303294054.221724,14342863959.787216,14382883573.861631,14423378991.754898,17243855757.115578,17285261023.45034,17326434686.013783,17367339719.63536,17407934887.63264,17448174286.414062,15484654041.157572,15560211575.174448,15635350343.915958,15709987300.477531,15784033935.740334,15857396015.484013,15929973312.79202,16204862231.490704,16263677880.658855,16322818576.290745,16382266959.15344,16442001430.11705,16501995471.809948,16562216871.657831,16622626832.560251,9610139083.821548,9677773633.950226,9749613260.508354,9825808053.085566,9906507291.021156,9991858799.29122,10082008262.15673,10177098499.374275,10277268711.569405,10382653703.38386,10493383095.192852,10609580536.471474,14167601472.5355,14301822111.31085,14436231970.569107,14570624474.780266,14704778998.991465,14838461567.61808,13500488778.97734,13554376107.964888,13610607194.170506,13669702114.559856,13732249942.853767,13429952517.231554,13478154338.526878,13533152677.456327,13595901502.593204,13667401831.201958,13767250664.06746,13918197080.75835,14081287977.117538,14256973986.918903,14445515370.149073,15175731349.93024,15400876214.219448,15629835463.087156,15860308109.590605,16089113190.867418,18234670132.27582,18221371256.333027,18190138282.05904,18134539676.19967,18045214833.23406,16313217050.92224,16023593844.947754,15589450419.7339,14970327338.763,14119642530.836569,12987397261.82013,-526152158.5482597,-1277639703.5113678,-1787459784.1996336,-1936532896.201876,-1612088924.026014,-460841084.4405277,79526161.20105577,537316870.9830756,804608901.8306392,0.0
2829.0,6439701092.21576,6450300853.528248,6460953693.359557,6471660172.029621,6482420857.098599,6493236323.463315,6504107153.454977,6515033936.938121,6526017271.410824,6537057762.106223,6548156022.095333,6559312672.391147,6570528342.054095,6581803668.29884,6593139296.602421,6604535880.813775,6615994083.264644,6627514574.88189,6639098035.30121,6650745152.982311,6662456625.325492,6674233158.789726,6686075469.012198,6697984280.929343,6709960328.899379,6722004356.826387,6734117118.285906,6746299376.652087,6758551905.226434,6770875487.368101,6783270916.625807,6795738996.871376,6808280542.434872,6820896378.241425,6833587339.949688,6846354274.091988,6859198038.216146,6872119501.029057,6885119542.541927,6898199054.217304,6911358939.11783,6924600112.056782,6937923499.750389,6951330040.971948,6964820686.707767,6978396400.31491,6992058157.680826,7005806947.384794,7019643770.861284,7033569642.565161,7047585590.138823,7061692654.58124,7075891890.41893,7090184365.878859,7104571163.063311,7119053378.12672,7133632121.454479,7148308517.843737,7163083706.686196,7177958842.152952,7192935093.381292,7208013644.663593,7223195695.638225,7238482461.482508,7253875173.107743,7269375077.356291,7284983437.200737,7300701531.945131,7316530657.42829,7332472126.229221,7348527267.874613,7364697429.048416,7380983973.803525,7397388283.775545,7413911758.39864,7430555815.123472,7447321889.637233,7464211436.085707,7481225927.297436,7498366855.009926,7515635730.097872,7533034082.803425,7550563462.968466,7568225440.268839,7586021604.450583,7603953565.568056,7622022954.223997,7640231421.811439,7658580640.757464,7677072304.768742,7695708129.078832,7714489850.697166,7733419228.659674,7752498044.281005,7771728101.408239,7791111226.676056,7810649269.763268,7830344103.650614,7850197624.879745,7870211753.813284,7890388434.895861,7910729636.915968,7931237353.268572,7951913602.218246,7972760427.162779,7993779896.896973,8014974105.87656,8036345174.481974,8057895249.28179,8079626503.295607,8101541136.256101,8123641374.87005,8145929473.077957,8168407712.312006,8191078401.752062,8213943878.579279,8237006508.226967,8260268684.628308,8283732830.460482,8307401397.384675,8331276866.281519,8355361747.481348,8379658580.988709,8404169936.70046,8428898414.616772,8453846645.044297,8479017288.790693,8504413037.349642,8530036613.075427,8555890769.346128,8581978290.714291,8608301993.04395,8634864723.632832,8661669361.31834,8688718816.565899,8716016031.538225,8743563980.143757,8771365668.0626,8799424132.74804,8827742443.40158,8856323700.919445,8885171037.808012,8914287618.065926,8943676637.029974,8973341321.18204,9003284927.91387,9033510745.246529,9064022091.500813,9094822314.914955,9125914793.205482,9157302933.066814,9188990169.605013,9220979965.700548,9253275811.294796,9285881222.59441,9318799741.187428,9352034933.064508,9385590387.538143,9419469716.052288,9453676550.874268,9488214543.66021,9523087363.8847,9558298697.124653,9593852243.186676,9629751714.066538,9666000831.728365,9702603325.690556,9739562930.404327,9776883382.409832,9814568417.253803,9852621766.151546,9891047152.37484,9929848287.346066,9969028866.417557,10008592564.313631,10048543030.211224,10088883882.433443,10129618702.728523,10170751030.10469,10212284354.189682,10254222108.08115,10296567660.652168,10339324308.273476,10382495265.911407,10426083657.557808,10470092505.94511,10514524721.496634,10559383090.458685,10604670262.157524,10650388735.320286,10696540843.394775,10743128738.798807,10790154376.024868,10837619493.520884,10885525594.262676,10933873924.927612,13322288923.678314,13378029795.482662,13434144057.183794,13490628799.264109,13547480584.86642,13604695409.480549,11964037540.608276,12015042492.380844,12066378692.764616,12118036964.498796,12170007130.529375,12222277946.560013,15287235153.184689,15344136194.595669,15400945881.5966,15457633227.79044,15514165114.079449,15570506153.679354,15626618548.42578,13543295256.121264,13572496205.60962,13601819076.471815,13631269110.051208,13660851238.705069,13690569982.867865,15700689180.924068,15713332766.48084,15724796477.460646,15734996055.322657,15743840318.63058,15751230565.026253,14570425086.406635,14609287678.894775,14646260933.24419,14681195338.098684,14713932322.96941,14744303755.42565,14772131414.018448,15247035665.346395,15280313198.503672,15312641001.099142,15343913116.12012,15374012496.27872,15402809805.527466,15430162089.453476,15455911300.490664,9454985875.616823,9521238857.743317,9590217907.651917,9661929700.816544,9736370312.258305,9813524036.315622,9893362132.260878,9975841494.529716,10060903246.206047,10148471253.967728,10238450561.78149,10330725739.01455,13455144905.565428,13530748231.843924,13602986601.873108,13671439019.72501,13735655663.112797,13795157025.260803,12129668547.517376,12121547243.454227,12111923635.801085,12100892502.14009,12088550543.814957,11764401798.546598,11725194435.885042,11684550991.598597,11642306842.788773,11598180087.13858,11761785566.416204,11775805489.993725,11786566217.809446,11792510402.13848,11791606965.697483,11754417568.309122,11694776077.338863,11606211730.984867,11481665043.546648,11312261071.266989,12537187513.440418,12067937559.832336,11518102845.261396,10868247434.267689,10092655709.306389,10548386003.971691,9564594965.338877,8329651773.212107,6780524575.406398,4839634050.316318,2412432489.5395203,-20119710276.93573,-25139015939.898743,-31482222449.00843,-39749394793.62297,-51107337630.9226,-58834458543.35649,-84879459517.61794,-141331426243.3876,-306192727794.21045,0.0
2828.0,6423263792.10022,6434134585.59181,6445060695.260108,6456042678.860649,6467081100.872144,6478176532.577968,6489329552.148569,6500540744.724725,6511810702.501734,6523140024.814501,6534529318.223536,6545979196.601865,6557490281.222865,6569063200.849051,6580698591.821739,6592397098.151707,6604159371.610764,6615986071.824293,6627877866.364701,6639835430.84588,6651859449.018583,6663950612.866806,6676109622.705089,6688337187.2768345,6700634023.853566,6713000858.335195,6725438425.351244,6737947468.363044,6750528739.766958,6763183000.998561,6775911022.637784,6788713584.515107,6801591475.818697,6814545495.202536,6827576450.895561,6840685160.811785,6853872452.66138,6867139164.062795,6880486142.655813,6893914246.215622,6907424342.76782,6921017310.704474,6934694038.90106,6948455426.834421,6962302384.701682,6976235833.540094,6990256705.347859,7004365943.205856,7018564501.400332,7032853345.546482,7047233452.712965,7061705811.5473,7076271422.402157,7090931297.462521,7105686460.873693,7120537948.870177,7135486809.90534,7150534104.781912,7165680906.783263,7180928301.805429,7196277388.489921,7211729278.357204,7227285095.940886,7242945978.92259,7258713078.267422,7274587558.360077,7290570597.141483,7306663386.245996,7322867131.13908,7339183051.255434,7355612380.137531,7372156365.574534,7388816269.741483,7405593369.338787,7422488955.73188,7439504335.091068,7456640828.531384,7473899772.252541,7491282517.678756,7508790431.598477,7526424896.3039055,7544187309.730176,7562079085.594187,7580101653.532934,7598256459.241243,7616544964.608833,7634968647.856531,7653529003.671588,7672227543.341928,7691065794.889168,7710045303.200331,7729167630.158035,7748434354.769022,7767847073.290846,7787407399.356555,7807116964.097103,7826977416.261393,7846990422.333613,7867157666.647725,7887480851.498773,7907961697.250808,7928601942.441134,7949403343.88053,7970367676.749183,7991496734.6879635,8012792329.884676,8034256293.154931,8055890474.017195,8077696740.761583,8099676980.511985,8121833099.280924,8144167022.016764,8166680692.64257,8189376074.086119,8212255148.3004,8235319916.273905,8258572398.0300255,8282014632.614779,8305648678.072058,8329476611.405496,8353500528.526076,8377722544.184481,8402144791.887079,8426769423.794553,8451598610.60181,8476634541.398052,8501879423.505554,8527335482.295735,8553004960.980991,8578890120.380606,8604993238.659023,8631316611.034576,8657862549.45671,8684633382.249504,8711631453.719288,8738859123.723885,8766318767.200869,8794012773.652138,8821943546.581774,8850113502.884073,8878525072.178389,8907180696.087185,8936082827.453444,8965233929.493355,8994636474.879913,9024292944.752745,9054205827.649158,9084377618.351131,9114810816.642502,9145507925.970331,9176471452.003893,9207703901.084402,9239207778.558056,9270985586.984491,9303039824.212162,9335372981.311676,9367987540.35738,9400885972.046934,9434070733.14782,9467544263.75908,9501308984.37564,9535367292.741838,9569721560.479803,9604374129.47731,9639327308.01877,9674583366.64182,9710144533.70078,9746012990.616993,9782190866.794737,9818680234.179691,9855483101.435787,9892601407.714128,9930037015.986202,9967791705.911598,10005867166.20829,10044264986.491465,10082986648.544493,10122033516.983158,10161406829.271437,10201107685.044453,10241137034.691006,10281495667.144814,10322184196.830112,10363203049.703514,10404552448.329824,10446232395.925508,10488242659.298504,10530582750.608408,10573251907.865637,10616249074.082457,10659572874.982754,10703221595.170853,10747193152.652622,10791485071.594728,10836094453.199718,10881017944.566072,13137476531.4915,13186346718.614422,13235345603.858358,13284460816.31692,13333679035.50867,13382985929.728493,11802091364.512102,11845236134.570091,11888403290.505508,11931570295.475073,11974712949.780384,12017805286.667606,14722777255.337185,14764158560.128004,14804965880.394974,14845150613.30291,14884661267.67376,14923443292.295609,14961438893.664703,12820166733.835686,12839619977.086143,12858887614.162918,12877955103.652044,12896806044.40317,12915421949.53042,14101703521.539251,14087674552.992786,14071675403.948751,14053587836.758629,14033285184.81387,14010631720.71715,13550019566.003937,13553614145.772804,13554043783.27398,13551106261.788927,13544587599.169872,13534261362.488789,13519887942.703629,14207557977.565834,14215159125.301023,14220605016.249693,14223713339.762651,14224285571.049782,14222105473.881298,14216937466.1636,14208524836.883762,9279982647.981672,9338755422.25176,9398656659.945646,9459567346.245975,9521350446.260838,9583849320.938572,9646886029.415943,9710259507.765738,9773743611.9031,9837085009.474413,9900000901.660437,9962176550.679752,12630794113.110453,12649690980.439651,12662093561.562494,12667401019.004238,12664970360.136322,12654113915.236704,10771984199.187368,10705267075.779442,10633142107.825718,10555258308.373768,10471203023.762123,10154448138.165874,10030025734.240543,9895913046.953491,9750915079.70308,9593592783.874632,9755422594.701069,9633647540.633884,9494413652.647448,9334567137.904842,9150302861.614088,8383980999.794183,8066867844.21634,7694758143.183515,7257441063.998039,6742407691.485173,7237006912.109396,6387422416.442227,5412281012.071382,4284683506.839235,2969989490.1478543,5764582359.386556,4354999564.894702,2658732307.97322,609086528.8075981,-1878278323.9749968,-4911099121.151371,-31566170748.15861,-38605156767.67798,-47505616251.73313,-58854099792.47438,-73426647196.96016,-79653318219.59203,-100775186858.00339,-123843740712.3086,-86365235222.49658,0.0
2827.0,6397831727.801778,6408909459.889921,6420044050.212746,6431236045.711868,6442485999.437663,6453794470.614759,6465162024.708046,6476589233.489206,6488076675.103764,6499624934.138677,6511234601.690399,6522906275.433506,6534640559.689789,6546438065.497867,6558299410.683308,6570225219.9292345,6582216124.847414,6594272764.049855,6606395783.220863,6618585835.189562,6630843580.002916,6643169684.999165,6655564824.881741,6668029681.793621,6680564945.392097,6693171312.923983,6705849489.301236,6718600187.176962,6731424127.021853,6744322037.200944,6757294654.050786,6770342721.956946,6783466993.431865,6796668229.193009,6809947198.241355,6823304677.940167,6836741454.094017,6850258321.028106,6863856081.667767,6877535547.618242,6891297539.244595,6905142885.751844,6919072425.265199,6933087004.910456,6947187480.894474,6961374718.585706,6975649592.594788,6990012986.855141,7004465794.703527,7019008918.960569,7033643272.01118,7048369775.884842,7063189362.335747,7078102972.922721,7093111559.088887,7108216082.241055,7123417513.828754,7138716835.422899,7154115038.793976,7169613125.9898,7185212109.412651,7200913011.895863,7216716866.779695,7232624717.986512,7248637620.095125,7264756638.414296,7280982849.055247,7297317339.003196,7313761206.187755,7330315559.552133,7346981519.121069,7363760216.067386,7380652792.777048,7397660402.912661,7414784211.475264,7432025394.8643265,7449385140.935804,7466864649.05817,7484465130.166208,7502187806.812534,7520033913.216624,7538004695.311186,7556101410.785793,7574325329.127514,7592677731.658414,7611159911.569754,7629773173.952587,7648518835.824722,7667398226.153629,7686412685.875214,7705563567.908143,7724852237.163454,7744280070.549232,7763848456.970032,7783558797.320702,7803412504.474407,7823411003.264383,7843555730.459174,7863848134.730897,7884289676.616208,7904881828.469492,7925626074.407886,7946523910.247635,7967576843.43132,7988786392.945387,8010154089.227489,8031681474.06304,8053370100.470308,8075221532.573503,8097237345.463083,8119419125.042566,8141768467.861135,8164286980.93112,8186976281.529581,8209837996.983018,8232873764.434265,8256085230.590504,8279474051.451366,8303041892.015879,8326790425.967106,8350721335.333111,8374836310.12294,8399137047.936038,8423625253.543679,8448302638.440613,8473170920.365293,8498231822.78674,8523487074.35607,8548938408.32061,8574587561.898338,8600436275.610237,8626486292.568108,8652739357.715057,8679197217.015894,8705861616.594292,8732734301.813568,8759817016.29757,8787111500.888031,8814619492.53453,8842342723.112816,8870282918.167149,8898441795.571959,8926821064.107761,8955422421.946032,8984247555.037361,9013298135.396824,9042575819.280125,9072082245.243689,9101819032.081282,9131787776.629513,9161990051.433771,9192427402.265858,9223101345.483746,9254013365.223583,9285164910.41302,9316557391.594564,9348192177.54672,9380070591.68987,9412193908.263077,9444563348.256989,9477180075.087069,9510045189.99025,9543159727.12716,9576524648.370602,9610140837.759953,9644009095.599531,9678130132.177725,9712504561.08183,9747132892.082302,9782015523.557709,9817152734.430382,9852544675.580303,9888191360.702614,9924092656.571997,9960248272.674353,9996657750.1638,10033320450.099876,10070235540.91694,10107401985.07437,10144818524.832586,10182483667.096256,10220395667.261854,10258552512.002468,10296951900.918106,10335591226.97469,10374467555.64964,10413577602.696213,10452917710.432484,10492483822.45451,10532271456.665829,10572275676.508053,10612491060.26912,10652911668.336828,10693531008.256176,10734341997.438538,10775336923.360088,12868443771.047092,12909749631.22319,12950941367.246923,12991997883.299892,13032896772.783722,13073614239.86972,11576496251.400124,11611356661.794186,11645943858.752888,11680223396.337818,11714158609.777103,11747710482.119062,14055515488.216534,14081360122.68056,14106200277.782402,14129973498.649546,14152613935.315395,14174052151.364988,14194214921.391518,12072503620.079628,12082325149.80728,12091647725.30866,12100437589.894836,12108657773.814371,12116267775.612152,12514795362.224236,12477887449.006418,12438439491.851782,12396314654.320711,12351367330.918884,12303442566.073055,12480461785.197054,12452327841.143845,12420031339.288254,12383334774.715292,12341987256.320992,12295723709.88204,12244264030.489817,13124904183.989296,13108292235.594423,13088492073.304125,13065264273.076777,13038350170.81234,13007470283.819233,12972322609.537334,12932580793.98037,9070995756.442465,9118068259.07222,9164727289.016468,9210752780.788649,9255901417.66958,9299904732.815226,9342467053.287891,9383263268.051285,9421936397.196438,9458094934.98252,9491309933.459772,9521111786.214,11747674204.370005,11714721907.468754,11672716536.95979,11620920150.622553,11558541780.104795,11484733391.375933,9483832789.808504,9364664255.482023,9236448905.30821,9098427317.232595,8949727955.46607,8672966263.055386,8471988307.703318,8254006248.569006,8017018317.355223,7758704968.231981,7859358438.012505,7615477735.244067,7342695326.570617,7036852056.423367,6693087844.682281,5327809688.611801,4807536715.418784,4216257347.1283937,3542802047.857193,2773800844.302199,2733556239.89473,1627082982.0173106,376150365.9820862,-1046302792.9923458,-2674200639.548969,2521287886.4195914,1021654342.983698,-717427979.357197,-2742217537.919961,-5110700903.606958,-7897046602.761903,-31311270851.935966,-37124526072.50145,-44113974693.63239,-52275867908.228645,-61042867943.56247,-58635468520.207436,-57528220715.27379,-30985649643.336243,44566508162.28554,0.0
2826.0,6363273982.01377,6374493507.878552,6385770748.913278,6397106233.552293,6408500495.641977,6419954074.489559,6431467514.912039,6443041367.285278,6454676187.593254,6466372537.477406,6478130984.286134,6489952101.124403,6501836466.903409,6513784666.390376,6525797290.258387,6537874935.136279,6550018203.658587,6562227704.515499,6574504052.502816,6586847868.57195,6599259779.879797,6611740419.83868,6624290428.166154,6636910450.934738,6649601140.621574,6662363156.157925,6675197162.97855,6688103833.070872,6701083845.0240135,6714137884.077535,6727266642.169981,6740470817.987129,6753751117.009935,6767108251.562146,6780542940.857557,6794055911.046858,6807647895.264051,6821319633.672426,6835071873.509991,6848905369.134409,6862820882.067327,6876819181.038085,6890901042.0267935,6905067248.30666,6919318590.485597,6933655866.547014,6948079881.889765,6962591449.367191,6977191389.32521,6991880529.639373,7006659705.750895,7021529760.701508,7036491545.167127,7051545917.49029,7066693743.711208,7081935897.597473,7097273260.672239,7112706722.240889,7128237179.416016,7143865537.140759,7159592708.210247,7175419613.291201,7191347180.939508,7207376347.61574,7223508057.698399,7239743263.494946,7256082925.250343,7272528011.153061,7289079497.338466,7305738367.889369,7322505614.833666,7339382238.138926,7356369245.703728,7373467653.34567,7390678484.785833,7408002771.629546,7425441553.343288,7442995877.227543,7460666798.385386,7478455379.686647,7496362691.727421,7514389812.784674,7532537828.765772,7550807833.152651,7569200926.940388,7587718218.569892,7606360823.854491,7625129865.900038,7644026475.018303,7663051788.633301,7682206951.180216,7701493113.996591,7720911435.205349,7740463079.589378,7760149218.457111,7779971029.498818,7799929696.633042,7820026409.842796,7840262365.000956,7860638763.68432,7881156812.975854,7901817725.254446,7922622717.971613,7943573013.414474,7964669838.45437,7985914424.280308,8007308006.116589,8028851822.923719,8050547117.081795,8072395134.055534,8094397122.039885,8116554331.585323,8138868015.201771,8161339426.93999,8183969821.949306,8206760456.010451,8229712585.042168,8252827464.580235,8276106349.2274275,8299550492.072899,8323161144.079298,8346939553.435956,8370886964.876232,8395004618.957197,8419293751.29945,8443755591.785019,8468391363.711025,8493202282.896553,8518189556.7403345,8543354383.226336,8568697949.874409,8594221432.632954,8619925994.710249,8645812785.341063,8671882938.484787,8698137571.451252,8724577783.450033,8751204654.058867,8778019241.606535,8805022581.465164,8832215684.246765,8859599533.898388,8887175085.689903,8914943264.088104,8942904960.510475,8971061030.951378,8999412293.473135,9027959525.553938,9056703461.283909,9085644788.400312,9114784145.152103,9144122116.98348,9173659233.02549,9203395962.383965,9233332710.211266,9263469813.548658,9293807536.92516,9324346067.697763,9355085511.11712,9386025885.1015,9417167114.701036,9448509026.232594,9480051341.064997,9511793669.032265,9543735501.451672,9575876203.721523,9608215007.472012,9640751002.240755,9673483126.642748,9706410159.002338,9739530707.41283,9772843199.186852,9806345869.658276,9840036750.293802,9873913656.069489,9907974172.064386,9942215639.220524,9976635139.214537,10011229478.38299,10045995170.639196,10080928419.315166,10116025097.857763,10151280729.303288,10186690464.449385,10222249058.637672,10257950847.054426,10293789718.450115,10329759087.171837,10365851863.395058,10402060421.433315,10438376565.995655,10474791496.252722,10511295767.56224,10547879250.694084,10584531088.383724,10621239649.030468,12525870547.265177,12559250031.846643,12592286239.69236,12624950564.600992,12657212810.54666,12689041101.926785,11297314167.683422,11323835824.505156,11349816983.102093,11375213423.740583,11399978292.919,11424061950.272886,13312965286.17464,13324007649.518871,13333690367.444202,13341941643.747349,13348686048.359272,13353844322.921898,13357333175.6127,11316094982.35952,11316753578.759289,11316618069.404696,11315637977.584332,11313758597.444622,11310920621.345482,10998573783.399036,10943768030.22889,10886100799.720013,10825431602.436447,10761611782.339851,10694484036.702242,11415060555.76464,11360447599.818232,11301008000.923658,11236488256.252804,11166621016.581764,11091124253.650524,11009700371.812231,12036539228.330624,11998617787.217588,11956727126.60114,11910593870.878986,11859924496.982609,11804403853.3717,11743693582.340237,11677430442.056507,8825166059.983294,8858292945.706253,8889650087.548332,8918943760.439484,8945853685.541735,8970030897.134577,8991095413.698082,9008633687.732656,9022195804.43655,9031292394.106571,9035391216.875118,9033913370.959711,10855459168.628157,10777884457.604172,10689368977.043562,10589086339.978218,10476149711.62378,10349606641.592367,8313694190.540875,8150734302.280867,7975674568.406183,7787433757.11241,7584787467.110603,7384120297.097331,7121158244.929929,6835596038.223409,6524931246.393478,6186326829.275044,6175371225.042028,5833360329.663575,5454765553.211395,5035077379.360907,4569160726.353329,2794413091.711833,2142065031.114004,1414039417.068117,600427223.7354636,-310247354.72400475,-697501210.0819545,-1915140401.2185588,-3268703443.496318,-4778577120.103049,-6469151628.590275,1009840875.600224,-270080490.83428407,-1675546434.689175,-3213759965.0327044,-4890483652.832992,-6709481720.78958,-20598917606.38397,-22815392838.79161,-25006725997.771267,-26761456232.480717,-27068886861.109863,-19364593033.047794,-9067225143.772476,14092364947.10009,22421701803.419754,0.0
2825.0,6319525725.867076,6330821579.435442,6342175339.202304,6353587508.063049,6365058593.562405,6376589107.926172,6388179568.092818,6399830495.744802,6411542417.339709,6423315864.141136,6435151372.249302,6447049482.63138,6459010741.151517,6471035698.600542,6483124910.725307,6495278938.257658,6507498346.943023,6519783707.568567,6532135595.990889,6544554593.163279,6557041285.162436,6569596263.214682,6582220123.7216015,6594913468.285105,6607676903.731855,6620511042.137045,6633416500.847494,6646393902.504011,6659443875.062996,6672567051.817265,6685764071.415985,6699035577.883806,6712382220.639012,6725804654.510721,6739303539.75511,6752879542.070534,6766533332.611583,6780265588.001961,6794076990.346168,6807968227.239927,6821939991.779276,6835992982.568305,6850127903.725458,6864345464.888334,6878646381.216927,6893031373.395226,6907501167.631172,6922056495.65476,6936698094.714382,6951426707.57119,6966243082.491495,6981147973.237064,6996142139.053241,7011226344.654842,7026401360.209631,7041667961.319421,7057026928.998575,7072479049.649851,7088025115.037516,7103665922.257549,7119402273.704872,7135234977.037433,7151164845.137095,7167192696.067104,7183319353.026069,7199545644.298282,7215872403.200224,7232300468.023128,7248830681.971426,7265463893.09687,7282200954.228244,7299042722.89641,7315990061.254493,7333043835.99309,7350204918.250195,7367474183.515694,7384852511.53017,7402340786.177818,7419939895.37318,7437650730.941492,7455474188.492323,7473411167.286306,7491462570.094572,7509629303.050678,7527912275.494637,7546312399.808744,7564830591.244904,7583467767.742972,7602224849.739871,7621102759.968966,7640102423.249376,7659224766.264688,7678470717.330714,7697841206.15174,7717337163.564779,7736959521.271337,7756709211.556068,7776587166.991814,7796594320.130362,7816731603.178303,7836999947.657304,7857400284.048132,7877933541.417606,7898600647.027761,7919402525.926403,7940340100.518141,7961414290.115051,7982626010.465946,8003976173.263323,8025465685.626875,8047095449.56245,8068866361.395344,8090779311.176585,8112835182.061035,8135034849.655788,8157379181.3375635,8179869035.537445,8202505260.991412,8225288695.954943,8248220167.379938,8271300490.051951,8294530465.685873,8317910881.977833,8341442511.611177,8365126111.214041,8388962420.26617,8412952159.95224,8437096031.958886,8461394717.212588,8485848874.555178,8510459139.353721,8535226122.041268,8560150406.584777,8585232548.876297,8610473075.043213,8635872479.673265,8661431223.949547,8687149733.690681,8713028397.290852,8739067563.55423,8765267539.417822,8791628587.55664,8818150923.864458,8844834714.803234,8871680074.613754,8898687062.37957,8925855678.93589,8953185863.614567,8980677490.81565,9008330366.395634,9036144223.86158,9064118720.360018,9092253432.448427,9120547851.636671,9149001379.684772,9177613323.64262,9206382890.616337,9235309182.244896,9264391188.869827,9293627783.37945,9323017714.708103,9352559600.969477,9382251922.20188,9412093012.701786,9442081052.920551,9472214060.897495,9502489883.200798,9532906185.345943,9563460441.65924,9594149924.552032,9624971693.168812,9655922581.370129,9686999185.0085,9718197848.45289,9749514650.314228,9780945388.321398,9812485563.29366,9844130362.151943,9875874639.907406,9907712900.561724,9939639276.84895,9971647508.744114,10003730920.658665,10035882397.237198,10068094357.66441,10100358728.38452,10132666914.12901,10165009767.141045,10197377554.477415,10229759923.260254,10262145863.742008,10294523670.037533,10326880898.366705,10359204322.639915,10391479887.207005,10423692656.57698,12121401704.468727,12146820033.483084,12171690220.930643,12195977747.7,12219646322.155985,12242657785.040012,10975116068.51795,10993595051.759384,11011307530.93536,11028202176.274488,11044224773.012527,11059318058.900955,12522327690.010044,12519950942.390017,12515950998.314194,12510251544.825825,12502772655.667416,12493430608.1145,12482137690.259188,10565755799.980536,10558077374.942104,10549350790.31388,10539512908.88818,10528495772.204266,10516226214.58392,9599605040.845757,9532504734.747244,9462465961.56764,9389357177.970392,9313039903.80378,9233368359.460236,10400454791.583485,10325826974.516376,10246067588.28265,10160926492.677032,10070140361.575523,9973431887.347645,9870508929.94852,10976937850.613422,10921770169.067513,10862153343.213911,10797804034.974731,10728419710.91324,10653677379.847063,10573232262.905128,10486716395.381718,8547750672.527152,8566509079.819591,8582412166.532074,8595119930.927563,8604264225.939943,8609446489.00246,8610235251.551176,8606163400.233454,8596725157.770765,8581372746.7792225,8559512694.580346,8530501731.081068,9997956345.23842,9884706296.31026,9759353396.026802,9621034740.057585,9468823776.18122,9301724574.59851,7300685258.760225,7104679698.442311,6894371629.518977,6668477765.012354,6425562091.713013,6338917875.524875,6033116605.834239,5701329020.328796,5340881912.79974,4948800751.206087,4786196355.177048,4376975237.332964,3927629506.5695,3433903531.988137,2891088885.858817,918410881.9558464,210032601.55587244,-568345258.0237589,-1423672082.5680804,-2363492819.8538985,-2931112458.2188134,-4120005560.842055,-5414358623.361971,-6823491295.217235,-8356902679.234259,1057700098.5898844,200165814.3659577,-641313619.4190214,-1430512055.8367045,-2115484702.3835912,-2622667912.3491545,-4447419068.006328,-2579325301.280794,223794993.143564,4250801250.131507,9694237862.797443,15851256568.845865,19478862279.119453,13775633033.973465,-440616240.8077879,0.0
2824.0,6266588680.711638,6277895786.775839,6289260351.472271,6300682845.876653,6312163744.902416,6323703527.315504,6335302675.748627,6346961676.714958,6358681020.621282,6370461201.780501,6382302718.423546,6394206072.710601,6406171770.741661,6418200322.566393,6430292242.193189,6442448047.597522,6454668260.72943,6466953407.520213,6479304017.8882,6491720625.743645,6504203768.992657,6516753989.540154,6529371833.291792,6542057850.154811,6554812594.037804,6567636622.849302,6580530498.495226,6593494786.874998,6606530057.876477,6619636885.369483,6632815847.197961,6646067525.17071,6659392505.050608,6672791376.542294,6686264733.278248,6699813172.803194,6713437296.556783,6727137709.854486,6740915021.866625,6754769845.59549,6768702797.850434,6782714499.220929,6796805574.047461,6810976650.390217,6825228359.995438,6839561338.259434,6853976224.190076,6868473660.365771,6883054292.891735,6897718771.353565,6912467748.767917,6927301881.530262,6942221829.359556,6957228255.239777,6972321825.358114,6987503209.039835,7002773078.679543,7018132109.668846,7033580980.320198,7049120371.786833,7064750967.978631,7080473455.47375,7096288523.425921,7112196863.467197,7128199169.605991,7144296138.120298,7160488467.445801,7176776858.058819,7193162012.353781,7209644634.515091,7226225430.383172,7242905107.31444,7259684374.0350065,7276563940.487875,7293544517.673393,7310626817.482645,7327811552.523632,7345099435.93985,7362491181.221039,7379987502.005805,7397589111.875752,7415296724.140881,7433111051.615801,7451032806.38653,7469062699.567387,7487201441.047672,7505449739.227716,7523808300.743833,7542277830.181774,7560859029.778237,7579552599.1098995,7598359234.769489,7617279630.028374,7636314474.485153,7655464453.699549,7674730248.811165,7694112536.142324,7713611986.784422,7733229266.167046,7752965033.609158,7772819941.85157,7792794636.569895,7812889755.867147,7833105929.745119,7853443779.553594,7873903917.416411,7894486945.633392,7915193456.057031,7936024029.442825,7956979234.772112,7978059628.546051,7999265754.049593,8020598140.583929,8042057302.666071,8063643739.193943,8085357932.575516,8107200347.820135,8129171431.590409,8151271611.212679,8173501293.644209,8195860864.394894,8218350686.401386,8240971098.851343,8263722415.955257,8286604925.663425,8309618888.325287,8332764535.288265,8356042067.433157,8379451653.642784,8402993429.200708,8426667494.116233,8450473911.372216,8474412705.091467,8498483858.617767,8522687312.506915,8547022962.423251,8571490656.936627,8596090195.214638,8620821324.604588,8645683738.099289,8670677071.680569,8695800901.533869,8721054741.127031,8746438038.145903,8771950171.279015,8797590446.843023,8823358095.240238,8849252267.239,8875272030.066975,8901416363.30717,8927684154.585434,8954074195.03791,8980585174.545977,9007215676.725489,9033964173.656464,9060829020.33829,9087808448.854822,9114900562.23261,9142103327.974585,9169414571.250357,9196831967.723152,9224353035.99212,9251975129.627447,9279695428.774324,9307510931.300232,9335418443.4584,9363414570.03872,9391495703.97525,9419658015.377935,9447897439.953562,9476209666.779182,9504590125.388622,9533033972.130106,9561536075.750544,9590091002.158825,9618692998.317608,9647335975.209602,9676013489.820862,9704718726.079817,9733444474.686626,9762183111.7632,9790926576.24943,9819666345.966362,9848393412.261486,9877098253.145723,9905770804.825603,9934400431.527315,9962975893.502502,9991485313.097937,10019916138.763132,10048255106.861223,10076488201.139051,10104600609.702305,10132576679.330788,10160399866.957218,10188052688.120413,11667183087.814922,11684913200.798256,11701923481.96664,11718175364.745968,11733628430.36304,11748240313.305954,10620532755.924175,10631579160.901876,10641684513.01355,10650793379.383867,10658847364.922974,10665784950.888165,11709305062.66508,11695408614.869017,11679725880.977028,11662180760.984184,11642693790.248068,11621181978.46345,11597558640.717035,9835002370.249603,9820144517.09634,9804044788.212715,9786632485.507175,9767831949.995544,9747562199.72356,8351083790.857986,8277377883.272055,8200871945.016787,8121452567.681677,8039000944.505434,7953392616.8291645,9474414280.906645,9386910226.542686,9294325019.27536,9196429670.212343,9092983647.3854,8983734180.27183,8868415514.23063,9975904342.19136,9908353662.145536,9836192295.1992,9759149107.006136,9676936145.507507,9589247657.894192,9495759065.733734,9396125899.078705,8248980305.919936,8254464721.256878,8256324157.97257,8254198095.054862,8247697835.3978195,8236404219.901772,8219865117.124693,8197592662.276985,8169060216.371832,8133699013.172992,8090894458.271031,8039982041.244247,9211377004.390404,9072444360.247149,8920981783.684084,8756141971.468582,8577015372.766185,8382624537.678579,6473443814.211932,6256593235.619788,6024260649.806319,5775093770.669744,5507597712.310967,5571578410.563148,5244779997.115876,4890987768.973221,4507658302.948738,4092015613.9999743,3748756690.866956,3306387212.720816,2824286242.2859826,2298912443.6879187,1726496424.267804,-245792728.709384,-940275377.645112,-1691560884.4138908,-2502834684.142516,-3376853966.6994925,-3990668334.399891,-5040317109.013819,-6153300109.326139,-7326996602.537978,-8555441455.974196,2225588659.62832,1842790669.45578,1597901490.607834,1558422600.852501,1816151963.266084,2495618519.4707937,10972396968.282238,15728449128.108856,21745590603.7988,29010973840.663628,36907451178.96566,39762083681.57742,38349534917.899025,18864962430.199646,-12086979795.410118,0.0
2823.0,6204530809.879633,6215785169.092464,6227095935.426359,6238463542.679084,6249888427.643163,6261371030.104144,6272911792.837997,6284511161.607655,6296169585.158651,6307887515.2138405,6319665406.467127,6331503716.576209,6343402906.154303,6355363438.7607765,6367385780.890675,6379470401.963127,6391617774.308548,6403828373.1546135,6416102676.610981,6428441165.652705,6440844324.102274,6453312638.610285,6465846598.634624,6478446696.418217,6491113426.965165,6503847288.015342,6516648780.017297,6529518406.09948,6542456672.039713,6555464086.232808,6568541159.656331,6581688405.834423,6594906340.799609,6608195483.05253,6621556353.519547,6634989475.508129,6648495374.659948,6662074578.901635,6675727618.393081,6689455025.473242,6703257334.603316,6717135082.307268,6731088807.109562,6745119049.470038,6759226351.715836,6773411257.9702425,6787674314.078424,6802016067.529855,6816437067.377414,6830937864.152971,6845519009.77943,6860181057.479008,6874924561.6776905,6889750077.90578,6904658162.694256,6919649373.466994,6934724268.428553,6949883406.447481,6965127346.934927,6980456649.718447,6995871874.910803,7011373582.773621,7026962333.575699,7042638687.445817,7058403204.219841,7074256443.281915,7090198963.399576,7106231322.552557,7122354077.755022,7138567784.87112,7154872998.423481,7171270271.394521,7187760155.020227,7204343198.57622,7221019949.155775,7237790951.439528,7254656747.456596,7271617876.336739,7288674874.05332,7305828273.156692,7323078602.497618,7340426386.940486,7357872147.065768,7375416398.861509,7393059653.403297,7410802416.522354,7428645188.461296,7446588463.517073,7464632729.670624,7482778468.202746,7501026153.295616,7519376251.61945,7537829221.903698,7556385514.492176,7575045570.881544,7593809823.242374,7612678693.922245,7631652594.93005,7650731927.400799,7669917081.04014,7689208433.547729,7708606350.018668,7728111182.321985,7747723268.455343,7767442931.874879,7787270480.799194,7807206207.486386,7827250387.482958,7847403278.843459,7867665121.319551,7888036135.517185,7908516522.020546,7929106460.481253,7949806108.671324,7970615601.498304,7991535049.980856,8012564540.18303,8033704132.105402,8054953858.531063,8076313723.824472,8097783702.680902,8119363738.824348,8141053743.651365,8162853594.818405,8184763134.769953,8206782169.204679,8228910465.476702,8251147750.928757,8273493711.154179,8295947988.184034,8318510178.595989,8341179831.540951,8363956446.683451,8386839472.051659,8409828301.792297,8432922273.825974,8456120667.397728,8479422700.517652,8502827527.285939,8526334235.096514,8549941841.713002,8573649292.210493,8597455455.776184,8621359122.361477,8645358999.177933,8669453707.028725,8693641776.467073,8717921643.772377,8742291646.734425,8766750020.235418,8791294891.618904,8815924275.834198,8840636070.344053,8865428049.782782,8890297860.3511,8915243013.933313,8940260881.921473,8965348688.730333,8990503504.98583,9015722240.368952,9041001636.095558,9066338257.011707,9091728483.282696,9117168501.652748,9142654296.250874,9168181638.916813,9193746079.019585,9219342932.739136,9244967271.780174,9270613911.484884,9296277398.30951,9321951996.627348,9347631674.818516,9373310090.6041,9398980575.579916,9424636118.901943,9450269350.072657,9475872520.774015,9501437485.689585,9526955682.254251,9552418109.2663,9577815304.292051,9603137319.788889,9628373697.867496,9653513443.60888,9678544996.846222,9703456202.31545,9728234278.072067,9752865782.064789,9777336576.74923,9801631791.61673,9825735783.505056,9849632094.54847,9873303407.614746,9896731499.066263,9919897188.67076,11175411073.659908,11186000848.937029,11195739030.02525,11204585011.562748,11212496358.645493,11219428718.266487,10243834579.625126,10248321855.345545,10251751894.016829,10254068310.702774,10255211852.960178,10255120250.204042,10897124636.649942,10873974185.338438,10848976398.253544,10822059677.4695,10793149490.515951,10762168238.47362,10729035117.90018,9135717375.304638,9115116024.081087,9093153101.95786,9069755893.32572,9044847008.891855,9018344077.13633,7272835563.314633,7197849121.940287,7120371625.561373,7040313338.449549,6957580715.594006,6872076237.145299,8664477918.902712,8571372545.1905985,8473561515.540255,8370851866.333874,8263041503.404901,8149918655.239805,8031261285.181906,9057325943.07267,8982661314.811401,8903530836.961649,8819694003.120356,8730896792.180708,8636870974.664734,8537333396.079639,8431985238.212616,7941314205.984083,7935758864.571281,7926137793.0663395,7912093202.065556,7893240540.636244,7869166331.825721,7839425801.294331,7803540278.07133,7760994344.940891,7711232714.659358,7653656807.222702,7587621002.934897,8523290725.531195,8369054614.711664,8202563420.466379,8023034428.681046,7829628562.038509,7621445407.089113,5849447568.12673,5624631038.247049,5384238082.655842,5126974386.984081,4851428058.2575245,5097337026.936879,4771978936.09582,4420863839.58131,4041810235.6768703,3632489648.822067,3090862711.582875,2648871245.237766,2170803722.639785,1654094032.4070368,1096172135.3294048,-718174952.4207778,-1343309799.9704826,-2008365240.605076,-2712959142.383604,-3455484284.907388,-4020295523.940509,-4863583917.64808,-5728153242.203242,-6601974777.512011,-7467485959.660156,3961206468.031442,3961371752.5006247,4163174335.982626,4641847032.600937,5495986751.741877,6854635748.827284,20886516733.919266,26527366547.82946,33312120656.038208,41177272645.922905,49669189713.62935,52022705916.95746,56692188853.60518,52140069803.54234,9245845087.94989,0.0
2822.0,6133485264.009194,6144624602.231248,6155818733.25102,6167068049.005312,6178372943.568951,6189733813.137291,6201151056.007597,6212625072.559259,6224156265.232835,6235745038.507858,6247391798.879405,6259096954.833323,6270860916.820145,6282684097.227633,6294566910.351849,6306509772.366798,6318513101.292546,6330577316.961783,6342702840.984743,6354890096.712524,6367139509.198646,6379451505.158892,6391826512.929292,6404264962.422301,6416767285.080966,6429333913.831192,6441965283.031918,6454661828.423189,6467423987.072086,6480252197.316387,6493146898.705939,6506108531.941671,6519137538.812144,6532234362.127575,6545399445.651294,6558633234.028508,6571936172.712304,6585308707.886839,6598751286.387564,6612264355.618484,6625848363.466263,6639503758.21118,6653230988.434719,6667030502.923832,6680902750.5716505,6694848180.274603,6708867240.825812,6722960380.804647,6737128048.462328,6751370691.6034565,6765688757.463331,6780082692.580945,6794552942.667496,6809099952.470311,6823724165.631998,6838426024.544716,6853205970.199366,6868064442.029594,6883001877.750391,6898018713.191165,6913115382.123064,6928292316.080399,6943549944.1759815,6958888692.910126,6974308985.9732,6989811244.041428,7005395884.565799,7021063321.553772,7036813965.343648,7052648222.371273,7068566494.928856,7084569180.915665,7100656673.580275,7116829361.254112,7133087627.076049,7149431848.707642,7165862398.038773,7182379640.883372,7198983936.664811,7215675638.090692,7232455090.816596,7249322633.098465,7266278595.433153,7283323300.186812,7300457061.210596,7317680183.443281,7334992962.500339,7352395684.248937,7369888624.368386,7387472047.8955,7405146208.7543,7422911349.269499,7440767699.663166,7458715477.533941,7476754887.318127,7494886119.732002,7513109351.194639,7531424743.230444,7549832441.8507,7568332576.913254,7586925261.459496,7605610591.027792,7624388642.942388,7643259475.576834,7662223127.590916,7681279617.140034,7700428941.055909,7719671073.997441,7739005967.570524,7758433549.415544,7777953722.261169,7797566362.943127,7817271321.38639,7837068419.549317,7856957450.328102,7876938176.419846,7897010329.14244,7917173607.209482,7937427675.45818,7957772163.528275,7978206664.489721,7998730733.417032,8019343885.907729,8040045596.542532,8060835297.284624,8081712375.815243,8102676173.802698,8123725985.101786,8144861053.880381,8166080572.669888,8187383680.335942,8208769459.965696,8230236936.667741,8251785075.280567,8273412777.985177,8295118881.817314,8316902156.074483,8338761299.612695,8360694938.027565,8382701620.714155,8404779817.799632,8426927916.942469,8449144219.991575,8471426939.49844,8493774195.074903,8516184009.588851,8538654305.189632,8561182899.154591,8583767499.547597,8606405700.679998,8629094978.363787,8651832684.94633,8674616044.115244,8697442145.46159,8720307938.788563,8743210228.15248,8766145665.621819,8789110744.7394,8812101793.671902,8835114968.03,8858146243.3414,8881191407.158077,8904246050.777851,8927305560.55933,8950365108.808027,8973419644.209988,8996463881.788145,9019492292.354765,9042499091.43213,9065478227.611656,9088423370.319897,9111327896.95808,9134184879.379671,9156987069.668314,9179726885.17617,9202396392.7803,9224987292.311916,9247490899.11071,9269898125.653343,9292199462.202026,9314384956.415668,9336444191.862518,9358366265.369102,9380139763.13638,9401752735.549303,9423192670.6014,9444446465.850723,9465500398.818228,9486340095.733517,9506950498.526997,9527315829.960323,9547419556.780231,9567244350.77274,9586772047.586807,9605983603.187202,9624859047.787216,10657915254.778675,10662144104.322838,10665433905.006111,10667744039.97309,10669032180.4968,10669254207.980862,9854559585.478476,9853563307.94476,9851455362.465675,9848181509.490952,9843684895.153849,9837905919.820396,10105804858.252518,10075877237.03975,10044138342.20919,10010524669.492891,9974970337.31414,9937406987.261965,9897763680.035583,8477843220.798674,8453136845.188007,8427030282.514126,8399454204.341724,8370335253.973982,8339595811.2662735,6372408000.317913,6300773530.182822,6227076024.337529,6151251698.578422,6073234432.37473,5992955668.650267,7987435284.54467,7895645031.018999,7799797947.45931,7699748100.602062,7595343349.662469,7486424979.456806,7372827304.231816,8238430925.584174,8161940373.569184,8081399351.171943,7996611572.192701,7907370987.980772,7813461358.743927,7714655813.3551855,7610716397.763699,7637277702.606567,7623665888.224591,7605864958.348874,7583540094.076725,7556332443.523581,7523857214.091914,7485701593.8087635,7441422487.896172,7390544056.722539,7332555041.73857,7266905867.121536,7193005506.890475,7952221062.690621,7792837936.91638,7622105558.558627,7439348406.398548,7243844348.153366,7034820808.848206,5434870822.447007,5214805855.884068,4980105774.411116,4729639510.485199,4462191939.572879,4912021906.128655,4609118979.640868,4283567164.143068,3933689945.377924,3557747695.405325,2811391255.6163425,2399690632.4933066,1957877233.7541883,1484410920.2376552,977923620.1355816,-577760432.4134908,-1096997459.7996974,-1639428180.3039978,-2202129242.9865894,-2780573480.285272,-3240698197.432485,-3856199651.7073183,-4460867885.704761,-5038065305.145403,-5565232971.297374,5759108586.018484,5955752223.765424,6343435277.8035145,6979884642.666354,7936491668.601619,9301108001.870872,23282493361.689133,27869675950.573383,33218044200.02228,39434310811.82101,46793201636.946144,49959328458.28234,64011205140.579544,88924833788.65913,115458234109.8725,0.0
2821.0,6053648613.539314,6064612987.873107,6075630024.55197,6086700069.977498,6097823471.835975,6109000579.066225,6120231741.826121,6131517311.457674,6142857640.450714,6154253082.405081,6165703991.99132,6177210724.909801,6188773637.848235,6200393088.437571,6212069435.20615,6223803037.532173,6235594255.594336,6247443450.320641,6259350983.335311,6271317216.903761,6283342513.875553,6295427237.625318,6307571751.991539,6319776421.213173,6332041609.864012,6344367682.784777,6356755005.012826,6369203941.709429,6381714858.084537,6394288119.319013,6406924090.484167,6419623136.458612,6432385621.842299,6445211910.867696,6458102367.307985,6471057354.382252,6484077234.657495,6497162369.947477,6510313121.208215,6523529848.4301,6536812910.526493,6550162665.218734,6563579468.91743,6577063676.599944,6590615641.683944,6604235715.896922,6617924249.141583,6631681589.35689,6645508082.374808,6659404071.772421,6673369898.719452,6687405901.820961,6701512416.955101,6715689777.105799,6729938312.19018,6744258348.880624,6758650210.421239,6773114216.43864,6787650682.746815,6802259921.145933,6816942239.214899,6831697940.097429,6846527322.281552,6861430679.372192,6876408299.856748,6891460466.863369,6906587457.911749,6921789544.656176,6937066992.620607,6952420060.925529,6967849002.006315,6983354061.322847,6998935477.0600815,7014593479.819296,7030328292.299748,7046140128.970342,7062029195.731068,7077995689.563866,7094039798.172504,7110161699.611194,7126361561.901508,7142639542.637236,7158995788.576771,7175430435.222603,7191943606.387472,7208535413.746756,7225205956.376579,7241955320.277201,7258783577.881101,7275690787.54532,7292676993.027424,7309742222.944534,7326886490.214867,7344109791.481092,7361412106.514896,7378793397.602079,7396253608.907431,7413792665.818687,7431410474.268826,7449106920.035786,7466881868.018913,7484735161.491156,7502666621.326134,7520676045.199146,7538763206.761096,7556927854.784278,7575169712.279007,7593488475.579892,7611883813.400579,7630355365.855774,7648902743.449162,7667525526.025993,7686223261.688763,7704995465.674656,7723841619.193099,7742761168.221843,7761753522.259888,7780818053.03542,7799954093.166965,7819160934.775755,7838437828.047289,7857783979.739956,7877198551.638441,7896680658.949604,7916229368.63834,7935843697.70084,7955522611.3725395,7975265021.267956,7995069783.449313,8014935696.420988,8034861499.046335,8054845868.383571,8074887417.436981,8094984692.819748,8115136172.324345,8135340262.396339,8155595295.507135,8175899527.421135,8196251134.352324,8216648210.005295,8237088762.495185,8257570711.141058,8278091883.126579,8298650010.021897,8319242724.160063,8339867554.861078,8360521924.496313,8381203144.385566,8401908410.518772,8422634799.093769,8443379261.861233,8464138621.267321,8484909565.384084,8505688642.6171875,8526472256.179904,8547256658.321723,8568037944.299352,8588812046.077119,8609574725.743208,8630321568.627266,8651047976.10421,8671749158.068245,8692420125.06016,8713055680.02998,8733650409.716204,8754198675.621637,8774694604.564774,8795132078.784529,8815504725.574722,8835805906.423538,8856028705.63159,8876165918.380856,8896210038.22496,8916153243.969765,8935987385.911224,8955703971.39561,8975294149.665161,8994748695.949919,9014057994.764317,9033212022.364414,9052200328.319193,9071012016.14634,9089635722.960012,9108059598.074863,9126271280.507088,9144257875.309616,9162005928.674747,9179501401.7331,9196729642.973536,9213675359.20372,9230322584.96593,9246654650.317276,9262654146.877537,9278302892.041534,9293581891.246296,9308471298.175917,10125790654.686218,10124618495.94222,10122466071.876196,10119294684.46024,10115064123.741772,10109732603.927752,9461205638.456032,9455935764.621532,9449561403.730846,9442033323.01803,9433300064.069656,9423307837.070736,9351677816.432487,9317511656.306492,9281657149.49661,9244061622.07402,9204670652.484177,9163428004.590746,9120275557.59096,7869139318.371422,7842078538.149305,7813660259.06407,7783823308.089993,7752503391.073787,7719632940.4515505,5646924990.205452,5582384404.119358,5516277491.460744,5448566196.852705,5379211409.60844,5308172912.12207,7449590277.692533,7365254813.866134,7277717657.607349,7186886516.175125,7092666045.377375,6994957675.526636,6893659421.067234,7529560440.187742,7456205830.17907,7379434063.690262,7299101513.794564,7215058599.6201935,7127149581.107605,7035212347.913225,6939078201.434648,7347924391.855679,7329623456.150073,7307298047.72513,7280653186.424358,7249373715.196341,7213122763.56951,7171540088.088026,7124240283.352886,7070810858.427841,7010810175.098089,6943765247.010384,6869169402.3394575,7507810508.7565,7352683775.21616,7187642280.832262,7012151105.38732,6825641309.752105,6627507508.57588,5225040326.352314,5021472002.394148,4805101042.827135,4575033418.565922,4330326507.889134,4993428166.431943,4730891911.7279415,4450164183.436028,4150125598.8792057,3829660959.610544,2883448963.205553,2526164464.3057337,2145998923.45568,1742310519.163559,1314725318.7414813,58153710.35673809,-337837947.04016924,-743426336.8356876,-1154631660.0405393,-1565965547.1814651,-1900242228.782448,-2304148635.548888,-2680677343.351714,-3013986698.6214657,-3283555359.2599754,7279978361.33985,7464117966.06723,7764090452.784223,8202769608.751742,8802620747.283716,9583201511.37433,18936048165.49665,21151686207.3308,23543663089.51789,26272239613.255238,29908327014.256416,30952199484.50931,44097236413.140144,75854694104.58452,179712216181.72073,0.0
2820.0,5965278411.185019,5976010765.998165,5986793187.817919,5997625974.759357,6008509425.388684,6019443838.677845,6030429513.9576025,6041466750.869013,6052555849.313284,6063697109.399958,6074890831.393372,6086137315.657372,6097436862.5981865,6108789772.605492,6120196345.991527,6131656882.92828,6143171683.382664,6154741047.049619,6166365273.2831135,6178044661.024982,6189779508.7315,6201570114.297726,6213416774.979439,6225319787.312725,6237279447.031027,6249296048.9797125,6261369887.028008,6273501253.978252,6285690441.472422,6297937739.895822,6310243438.277878,6322607824.189989,6335031183.640278,6347513800.965244,6360055958.71819,6372657937.554342,6385320016.112559,6398042470.893606,6410825576.134793,6423669603.680969,6436574822.851726,6449541500.304754,6462569899.895159,6475660282.530742,6488812906.023039,6502028024.934044,6515305890.418524,6528646750.061716,6542050847.712387,6555518423.311038,6569049712.71319,6582644947.507547,6596304354.828945,6610028157.165901,6623816572.162647,6637669812.415476,6651588085.263215,6665571592.57169,6679620530.512018,6693735089.332504,6707915453.124,6722161799.578511,6736474299.740887,6750853117.753336,6765298410.592628,6779810327.799705,6794389011.201509,6809034594.62479,6823747203.60165,6838526955.066583,6853373957.044737,6868288308.331175,6883270098.160791,6898319405.868658,6913436300.540515,6928620840.653015,6943873073.70351,6959193035.828985,6974580751.413818,6990036232.686039,7005559479.301659,7021150477.916782,7036809201.747008,7052535610.113804,7068329647.977372,7084191245.455578,7100120317.328506,7116116762.528164,7132180463.612801,7148311286.225401,7164509078.535777,7180773670.665694,7197104874.096508,7213502481.058657,7229966263.902445,7246495974.449421,7263091343.323725,7279752079.262665,7296477868.405821,7313268373.561909,7330123233.452621,7347042061.932625,7364024447.1848545,7381069950.890177,7398178107.370597,7415348422.704912,7432580373.815901,7449873407.527924,7467226939.59391,7484640353.690516,7502113000.380307,7519644196.039692,7537233221.751327,7554879322.159605,7572581704.287861,7590339536.315753,7608151946.315315,7626018020.944059,7643936804.09343,7661907295.490868,7679928449.253611,7697999172.392345,7716118323.262671,7734284709.962305,7752497088.671756,7770754161.936277,7789054576.886605,7807396923.396012,7825779732.171019,7844201472.773036,7862660551.568037,7881155309.601261,7899684020.393752,7918244887.657501,7936836042.925661,7955455543.094233,7974101367.871456,7992771417.1308975,8011463508.164087,8030175372.828319,8048904654.58509,8067648905.424346,8086405582.669525,8105172045.658136,8123945552.292363,8142723255.4539,8161502199.276947,8180279315.273013,8199051418.300825,8217815202.374411,8236567236.301905,8255303959.147441,8274021675.508036,8292716550.596932,8311384605.124527,8330021709.967468,8348623580.616176,8367185771.390356,8385703669.411739,8404172488.322636,8422587261.738241,8440942836.420305,8459233865.158698,8477454799.347138,8495599881.238369,8513663135.863462,8531638362.598978,8549519126.365058,8567298748.436455,8584970296.847686,8602526576.37241,8619960118.056168,8637263168.280403,8654427677.334614,8671445287.47211,8688307320.423677,8705004764.341856,8721528260.147303,8737868087.246841,8754014148.59137,8769955955.039911,8785682608.994204,8801182787.26624,8816444723.139042,8831456187.57872,8846204469.553333,8860676355.41169,8874858107.272314,8888735440.37001,8902293499.304321,8915516833.130806,8928389369.232643,8940894385.90618,8953014483.590073,8964731554.663345,8976026751.733084,9589091892.091516,9583603666.41466,9577139755.73036,9569665114.784813,9561143451.96526,9551537181.810558,9070997325.390394,9062728089.51894,9053419697.319288,9043030392.567713,9031516687.377728,9018833286.48804,8647161441.038097,8611222585.010979,8573791040.650469,8534826785.697793,8494288702.976099,8452134544.035572,8408320890.805711,7315030855.921875,7287382358.036175,7258494309.922394,7228317460.091067,7196800496.50696,7163889977.512681,5085357890.219503,5030685128.550228,4974967574.993176,4918191037.863523,4860341352.165396,4801404368.580454,7047692387.456981,6975855735.84989,6901803343.35927,6825498669.1480055,6746905240.2767935,6665986665.737179,6582706647.011011,6934410555.700122,6868548240.230273,6800058049.076197,6728852583.373384,6654842070.82035,6577934339.274139,6498034786.827487,6415046346.383252,7081876049.797743,7062320332.123526,7039151151.514674,7012126561.552659,6980989166.707356,6945465035.869895,6905262545.128563,6860071149.831488,6809560087.683931,6753377016.918163,6691146596.616117,6622469020.268337,7191462412.024613,7048812465.761683,6898085450.177991,6738909237.356569,6570891832.031469,6393620394.421284,5205486438.47871,5028490692.390414,4841203617.979717,4643007174.373631,4433266641.070409,5304234490.170656,5095695186.790805,4874195156.339644,4639147190.197252,4390010313.39795,3259689129.9355965,2974003540.806057,2672989441.956965,2356660054.3346653,2025301610.8563545,1055760215.4208935,784261787.6414213,512064588.29199934,242707548.8845539,-19252115.20193148,-232247821.5066204,-463695167.1113548,-667350231.7286186,-832601025.0677323,-946391321.32759,8400982417.187946,8410388651.792961,8425357479.952967,8429964821.856575,8395166888.776017,8271953352.057178,10550514326.49581,9959445920.646845,8854139979.967602,7166167581.107666,4981671787.557594,-9658032.007309437,-769949894.5226514,-114623038.51806414,458752244.5712604,0.0
2819.0,5868690135.42704,5879136802.719139,5889630531.572836,5900171569.983434,5910760165.598807,5921396565.662446,5932081016.95481,5942813765.732953,5953595057.66837,5964425137.783031,5975304250.383549,5986232638.993444,5997210546.283455,6008238213.999829,6019315882.890584,6030443792.62964,6041622181.738813,6052851287.507596,6064131345.910652,6075462591.523025,6086845257.43292,6098279575.1521015,6109765774.5237465,6121304083.627755,6132894728.683426,6144537933.949454,6156233921.621157,6167982911.724863,6179785122.009437,6191640767.834782,6203550062.057328,6215513214.912405,6227530433.893363,6239601923.627467,6251727885.748384,6263908518.765239,6276144017.928099,6288434575.089879,6300780378.564466,6313181612.981061,6325638459.134582,6338151093.83207,6350719689.73494,6363344415.197045,6376025434.098366,6388762905.674252,6401556984.34013,6414407819.511478,6427315555.419025,6440280330.918987,6453302279.298263,6466381528.0744,6479518198.790252,6492712406.803129,6505964261.068325,6519273863.916874,6532641310.8273735,6546066690.191696,6559550083.074443,6573091562.965995,6586691195.528911,6600349038.337556,6614065140.610786,6627839542.937405,6641672276.994278,6655563365.256902,6669512820.702122,6683520646.50291,6697586835.714861,6711711370.954245,6725894224.067338,6740135355.79081,6754434715.402872,6768792240.36496,6783207855.953636,6797681474.882477,6812212996.913569,6826802308.45841,6841449282.167802,6856153776.510479,6870915635.340096,6885734687.450226,6900610746.117039,6915543608.629217,6930533055.804805,6945578851.494493,6960680742.07102,6975838455.904156,6991051702.820902,7006320173.550383,7021643539.152971,7037021450.433153,7052453537.335578,7067939408.32379,7083478649.741053,7099070825.152709,7114715474.669422,7130412114.250762,7146160234.988373,7161959302.368122,7177808755.510504,7193708006.388559,7209656439.022565,7225653408.650671,7241698240.87473,7257790230.780375,7273928642.030538,7290112705.931433,7306341620.470077,7322614549.322322,7338930620.83036,7355288926.948682,7371688522.157225,7388128422.340699,7404607603.632757,7421125001.223797,7437679508.131032,7454269973.929491,7470895203.442499,7487553955.390129,7504244940.994102,7520966822.537486,7537718211.877514,7554497668.909784,7571303699.981971,7588134756.255169,7604989232.010863,7621865462.901467,7638761724.142266,7655676228.642466,7672607125.073114,7689552495.869286,7706510355.164134,7723478646.652061,7740455241.378244,7757437935.451666,7774424447.678558,7791412417.113241,7808399400.522922,7825382869.763184,7842360209.060493,7859328712.198085,7876285579.601288,7893227915.318302,7910152723.892181,7927056907.119625,7943937260.69203,7960790470.713955,7977613110.094097,7994401634.803499,8011152379.995612,8027861555.982548,8044525244.061592,8061139392.1858835,8077699810.472758,8094202166.543135,8110641980.684935,8127014620.833213,8143315297.359471,8159539057.662161,8175680780.550166,8191735170.410575,8207696751.151804,8223559859.912666,8239318640.527579,8254967036.737684,8270498785.137291,8285907407.844421,8301186204.883945,8316328246.271107,8331326363.782888,8346173142.403989,8360860911.433605,8375381735.238722,8389727403.638884,8403889421.906712,8417859000.367957,8431627043.583843,8445184139.097978,8458520545.729112,8471626181.390307,8484490610.414154,8497103030.362693,8509452258.299866,8521526716.503148,8533314417.590074,8544802949.034062,8555979457.042971,8566830629.772352,8577342679.844161,8587501326.140237,8597291774.838337,8606698699.657019,8615706221.273926,8624297885.880222,8632456642.832188,9056597439.715311,9047946301.6983,9038367251.982584,9027830357.50735,9016304751.071957,9003758601.443142,8689733441.191648,8679734895.50409,8668814291.561047,8656939307.656872,8644076455.129839,8630191034.77348,8000759075.928149,7965327202.438088,7928654512.406879,7890714564.299428,7851480456.903739,7810924820.392026,7769019806.3099985,6818565310.165842,6792018826.961214,6764414844.245433,6735718584.104254,6705894316.534206,6674905366.651937,4670900187.907263,4627921374.449913,4584409515.82402,4540371536.668432,4495815301.56807,4450749644.123493,6770384746.7946415,6714788005.86075,6658015000.209919,6600082829.043831,6541011501.938914,6480824120.602818,6419547068.64001,6450662824.917683,6395843178.748535,6339276348.394211,6280930540.315912,6220774762.461844,6158778937.740143,6094914015.422673,6029152077.998129,6844848376.41831,6827280372.650049,6806706688.288632,6782947692.983849,6755813592.281416,6725103827.284902,6690606453.314856,6652097502.038819,6609340333.242556,6562084984.522543,6510067529.793989,6453009460.7418375,6997354833.404943,6873903920.491628,6744477721.022718,6608876887.561482,6466896573.946364,6318326762.464222,5353514908.237612,5210980229.930523,5061096834.270075,4903529175.108439,4737949770.50571,5796014080.939922,5650212918.477255,5496908860.785807,5335968772.662684,5167320871.278925,3878800984.81906,3674759142.251759,3462531991.792741,3242505446.255462,3015264258.60854,2283627620.270812,2126927173.1068687,1973673260.7617044,1825842634.0801013,1685717663.7196078,1573912541.3223145,1469280445.0063062,1380538089.7158484,1310627110.0187173,1262491248.6013784,9194054481.7358,8958154187.968782,8619514694.550148,8132685339.268644,7432434606.03849,6425070244.052925,1553712880.9847937,-1369980735.6643915,-5355651417.71904,-10789690342.138006,-18289322475.18616,-29357531094.481586,-45171209050.347885,-76599955242.60815,-179367305164.29047,0.0
2818.0,5764253573.178744,5774364712.761274,5784519555.63032,5794718298.723118,5804961137.879687,5815248267.776164,5825579881.856363,5835956172.26149,5846377329.758039,5856843543.66375,5867355001.771611,5877911890.271918,5888514393.672222,5899162694.715242,5909856974.2946205,5920597411.368488,5931384182.870799,5942217463.620376,5953097426.2276,5964024240.998718,5974998075.837679,5986019096.14547,5997087464.716877,6008203341.634615,6019366884.160756,6030578246.625418,6041837580.312616,6053145033.343225,6064500750.555003,6075904873.37957,6087357539.716293,6098858883.803008,6110409036.083483,6122008123.071551,6133656267.21188,6145353586.737193,6157100195.521973,6168896202.932491,6180741713.673098,6192636827.62868,6204581639.7031765,6216576239.654123,6228620711.923017,6240715135.461517,6252859583.553278,6265054123.631393,6277298817.091307,6289593719.099024,6301938878.394631,6314334337.090896,6326780130.466871,6339276286.7563925,6351822826.931296,6364419764.479284,6377067105.176242,6389764846.852915,6402512979.155784,6415311483.301978,6428160331.828093,6441059488.332768,6454008907.212818,6467008533.392798,6480058302.047821,6493158138.319429,6506307957.024362,6519507662.356043,6532757147.578544,6546056294.712898,6559404974.215513,6572803044.648459,6586250352.341471,6599746731.045396,6613292001.576867,6626885971.45396,6640528434.522615,6654219170.573534,6667957944.949286,6681744508.141432,6695578595.377232,6709459926.195854,6723388204.013592,6737363115.677879,6751384331.009835,6765451502.334839,6779564264.001028,6793722231.885124,6807925002.885441,6822172154.401527,6836463243.8002,6850797807.867428,6865175362.245773,6879595400.856886,6894057395.30862,6908560794.286348,6923105022.927929,6937689482.181908,6952313548.148398,6966976571.4021225,6981677876.297056,6996416760.252134,7011192493.017418,7026004315.920101,7040851441.089734,7055733050.662033,7070648295.96058,7085596296.655693,7100576139.899791,7115586879.438429,7130627534.69632,7145697089.837448,7160794492.79845,7175918654.294453,7191068446.796418,7206242703.479036,7221440217.138282,7236659739.077579,7251899977.961477,7267159598.635918,7282437220.913799,7297731418.32482,7313040716.828294,7328363593.487784,7343698475.106187,7359043736.819998,7374397700.651318,7389758634.016191,7405124748.187819,7420494196.713001,7435865073.780385,7451235412.53865,7466603183.363138,7481966292.068956,7497322578.06887,7512669812.474005,7528005696.135369,7543327857.624269,7558633851.149351,7573921154.408251,7589187166.371471,7604429204.996222,7619644504.867797,7634830214.765969,7649983395.153913,7665101015.586863,7680179952.037889,7695216984.137878,7710208792.326879,7725151954.913643,7740042945.040452,7754878127.549894,7769653755.750309,7784365968.076551,7799010784.642528,7813584103.681984,7828081697.873744,7842499210.547701,7856832151.767629,7871075894.286818,7885225669.372445,7899276562.494482,7913223508.874855,7927061288.892476,7940784523.339614,7954387668.525128,7967865011.219784,7981210663.438989,7994418557.058081,8007482438.25529,8020395861.777348,8033152185.022774,8045744561.937713,8058165936.719164,8070409037.320478,8082466368.75387,8094330206.184782,8105992587.812834,8117445307.534193,8128679907.3802,8139687669.727118,8150459609.271947,8160986464.76941,8171258690.525171,8181266447.640699,8190999595.005175,8200447680.030149,8209599929.122863,8218445237.894415,8226972161.099286,8235168902.303038,8243023303.275479,8250522833.106956,8257654577.046051,8264405225.057354,8270761060.098742,8276707946.118265,8282231315.771421,8535647826.680451,8524999896.846363,8513510569.115427,8501156153.392714,8487912364.605103,8473754310.492679,8321715931.752634,8311190732.185799,8299903585.073996,8287832969.914404,8274956798.445304,8261252403.088972,7417252332.590668,7384332631.639883,7350462717.880426,7315629853.81813,7279821430.06533,7243024980.2157955,7205228195.447786,6380480628.739384,6356566492.179247,6331826256.326492,6306240894.087717,6279791490.764666,6252459315.851789,4383198566.773451,4352880604.5729065,4322506731.84617,4292101910.196152,4261692823.846776,4231307952.155573,6599999130.382219,6562986678.257162,6525817923.824972,6488557857.011688,6451276750.00798,6414050474.014473,6376960833.06628,6070899941.53455,6029748892.894117,5987761137.247437,5944956546.002235,5901358470.816708,5856993966.957342,5811894016.826026,5766093751.203934,6639556115.304928,6626828656.000593,6611846163.730036,6594496570.103489,6574663139.775578,6552224350.171604,6527053792.388313,6499020099.906673,6467986912.936272,6433812887.5293045,6396351760.056587,6355452479.222073,6913715349.287536,6814493992.067951,6711520516.404744,6604766282.376499,6494210516.988684,6379841665.985123,5640164366.378849,5537487659.542244,5430585249.983821,5319384728.226711,5203837893.813192,6413797776.963751,6334526450.589994,6252981505.898337,6169380214.482134,6083993969.775017,4672216583.391647,4553298225.184671,4432475336.816348,4310256950.860583,4187225986.741524,3626149991.420596,3569265288.340843,3516397990.800948,3467452432.7221184,3421907978.034924,3384988792.2980537,3368807896.968393,3350727825.219527,3325846218.0969453,3287259850.95955,9851322065.793629,9401468795.460089,8773912378.190006,7911163357.642614,6737370441.243097,5151214271.904282,-5044449295.65917,-9143055404.387152,-14422573215.622265,-21363516716.646717,-30775170841.36225,-43132013685.38158,-62537006574.86414,-90482575696.66238,-115672548131.20453,0.0
2817.0,5652388705.733371,5662118681.844421,5671888708.879459,5681698932.634251,5691549497.118305,5701440544.480509,5711372214.9329605,5721344646.672926,5731357975.802923,5741412336.248861,5751507859.676218,5761644675.404173,5771822910.317694,5782042688.777525,5792304132.528004,5802607360.6026745,5812952489.227673,5823339631.722796,5833768898.400232,5844240396.460886,5854754229.888247,5865310499.339781,5875909302.035719,5886550731.645267,5897234878.170113,5907961827.825227,5918731662.916855,5929544461.717649,5940400298.338914,5951299242.599833,5962241359.893674,5973226711.050877,5984255352.19895,5995327334.619121,6006442704.599649,6017601503.285772,6028803766.526117,6040049524.715632,6051338802.634818,6062671619.2853,6074047987.72156,6085467914.878819,6096931401.396927,6108438441.440205,6119989022.513141,6131583125.271816,6143220723.331022,6154901783.066906,6166626263.415097,6178394115.664173,6190205283.244374,6202059701.511458,6213957297.525584,6225897989.825098,6237881688.195102,6249908293.430709,6261977697.094852,6274089781.2704735,6286244418.307034,6298441470.561154,6310680790.131288,6322962218.586244,6335285586.687442,6347650714.104742,6360057409.125702,6372505468.358084,6384994676.425445,6397524805.655718,6410095615.7624655,6422706853.51878,6435358252.423566,6448049532.360008,6460780399.246106,6473550544.67698,6486359645.558825,6499207363.734266,6512093345.598892,6525017221.708767,6537978606.378678,6550977097.270891,6564012274.974151,6577083702.572718,6590190925.20512,6603333469.612434,6616510843.675761,6629722535.942613,6642968015.141985,6656246729.687742,6669558107.170052,6682901553.83453,6696276454.048782,6709682169.756013,6723118039.915311,6736583379.928314,6750077481.051842,6763599609.796126,6777149007.308248,6790724888.7404,6804326442.602504,6817952830.098808,6831603184.447984,6845276610.186303,6858972182.453383,6872688946.260033,6886425915.737732,6900182073.369164,6913956369.199323,6927747720.02664,6941555008.573536,6955377082.635877,6969212754.210652,6983060798.601355,6996919953.500364,7010788918.047688,7024666351.865415,7038550874.067181,7052441062.241928,7066335451.411224,7080232532.959406,7094130753.535773,7108028513.928019,7121924167.906119,7135816021.035818,7149702329.460856,7163581298.653044,7177451082.12937,7191309780.135076,7205155438.291868,7218986046.210272,7232799536.065105,7246593781.133105,7260366594.291658,7274115726.477575,7287838865.104887,7301533632.440499,7315197583.936661,7328828206.519107,7342422916.829723,7355979059.422593,7369493904.912273,7382964648.073086,7396388405.888325,7409762215.548053,7423083032.394479,7436347727.813556,7449553087.071735,7462695807.096659,7475772494.20061,7488779661.745601,7501713727.74901,7514571012.428601,7527347735.685957,7540040014.5272255,7552643860.420362,7565155176.587796,7577569755.23386,7589883274.706135,7602091296.590157,7614189262.736816,7626172492.222182,7638036178.239401,7649775384.922493,7661385044.10223,7672859951.994181,7684194765.819519,7695384000.359179,7706422024.442386,7717303057.370798,7728021165.279804,7738570257.438943,7748944082.493736,7759136224.651754,7769140099.816,7778948951.669531,7788555847.715462,7797953675.277396,7807135137.465844,7816092749.116927,7824818832.710611,7833305514.2764015,7841544719.295572,7849528168.609819,7857247374.347639,7864693635.880658,7871858035.823737,7878731436.093887,7885304474.04479,7891567558.695259,7897510867.071915,7903124340.688284,7908397682.184629,7913320352.155258,7917881566.192476,7922070292.17901,7925875247.863753,7929284898.7588,8032057591.081825,8020540784.190153,8008301917.978714,7995324317.965967,7981591061.722083,7967084983.503866,7969756619.764864,7959785064.588883,7949244206.683607,7938124064.979681,7926414689.091645,7914106177.77434,6898046074.961086,6869307365.585414,6839930563.667346,6809916080.713865,6779264976.943485,6747978996.504188,6716060603.197914,5999377522.246942,5979400391.555765,5958861218.073418,5937756797.51533,5916084987.186884,5893844828.284356,4200275360.351769,4182854017.164486,4165803240.8653536,4149162934.685656,4132975402.291004,4117285466.800156,6514525431.24875,6497057462.907926,6480369837.47985,6464566859.756646,6449759882.042503,6436067714.8367815,6423617060.5467415,5783696583.969101,5757874251.425885,5732100785.137125,5706441372.914795,5680966835.325271,5655753937.142987,5630885702.698611,5606451733.116634,6465894621.436852,6460332326.908131,6453353410.795759,6444914621.783743,6434973409.992012,6423488245.445419,6410418989.692348,6395727327.360551,6379377264.785179,6361335703.014545,6341573092.398336,6320064175.4654255,6924245872.292066,6852519761.123414,6779249551.25465,6704564377.220666,6628612649.1840105,6551564089.459137,6032376075.877645,5972378471.83064,5911230667.460891,5849086914.113892,5786133808.787189,7100650304.2784,7087147341.945665,7076039481.16178,7067790289.667166,7062896728.116819,5570244037.434791,5534441096.978042,5501969525.964905,5473296644.208699,5448825225.858911,4990607043.580094,5018070565.423861,5048417132.712326,5079623335.76155,5108668853.535906,5120883842.168773,5170329113.543841,5201133617.477218,5202260974.292059,5159448486.125158,10589453061.951044,10037021963.775345,9281810909.40615,8272715613.776916,6948614453.288179,5236038315.808468,-7460971404.213984,-11350594323.172031,-16016609455.889065,-21700793457.61126,-28758571055.23284,-36284364516.4717,-47840956181.554726,-52365930106.65129,-10171652205.81224,0.0
2816.0,5533561166.773575,5542868858.915323,5552212714.736774,5561592829.608213,5571009296.495347,5580462205.879363,5589951645.675183,5599477701.147882,5609040454.827255,5618639986.420463,5628276372.722734,5637949687.526108,5647660001.526117,5657407382.226439,5667191893.84143,5677013597.19651,5686872549.626362,5696768804.870897,5706702412.968934,5716673420.149566,5726681868.721134,5736727796.957815,5746811238.9837,5756932224.654396,5767090779.436021,5777286924.2816105,5787520675.504832,5797792044.650973,5808101038.365161,5818447658.257732,5828831900.766698,5839253757.017293,5849713212.678462,5860210247.816303,5870744836.744373,5881316947.870771,5891926543.541978,5902573579.883366,5913258006.636285,5923979766.991709,5934738797.42032,5945535027.498998,5956368379.733618,5967238769.37808,5978146104.249525,5989090284.5396,6000071202.621763,6011088742.854477,6022142781.380275,6033233185.920542,6044359815.5659895,6055522520.562689,6066721142.093578,6077955512.055402,6089225452.830877,6100530777.056108,6111871287.383078,6123246776.237118,6134657025.569283,6146101806.603506,6157580879.5784,6169093993.4836445,6180640885.790789,6192221282.17841,6203834896.251431,6215481429.254564,6227160569.779673,6238871993.466986,6250615362.699984,6262390326.293838,6274196519.177303,6286033562.067831,6297901061.139872,6309798607.686098,6321725777.771522,6333682131.880226,6345667214.554641,6357680554.027175,6369721661.843987,6381790032.480825,6393885142.950646,6406006452.402922,6418153401.714407,6430325413.071182,6442521889.541773,6454742214.641192,6466985751.885638,6479251844.337669,6491539814.141675,6503848962.049364,6516178566.935087,6528527885.300783,6540896150.77025,6553282573.572583,6565686340.01446,6578106611.941088,6590542526.185545,6602993194.006193,6615457700.512,6627935104.075406,6640424435.732529,6652924698.570381,6665434867.100819,6677953886.620951,6690480672.559684,6703014109.810122,6715553052.04747,6728096321.032198,6740642705.89806,6753190962.424727,6765739812.294625,6778287942.333736,6790834003.735898,6803376611.270433,6815914342.472572,6828445736.816493,6840969294.870515,6853483477.434141,6865986704.656594,6878477355.136504,6890953765.002359,6903414226.973424,6915856989.400717,6928280255.2877655,6940682181.290776,6953060876.697836,6965414402.386954,6977740769.762459,6990037939.669622,7002303821.287085,7014536270.996895,7026733091.231877,7038892029.300106,7051010776.186303,7063086965.329926,7075118171.379863,7087101908.925608,7099035631.20481,7110916728.787239,7122742528.235129,7134510290.740053,7146217210.736382,7157860414.491648,7169436958.674009,7180943828.897255,7192377938.243763,7203736125.766035,7215015154.967453,7226211712.263041,7237322405.421243,7248343761.987714,7259272227.692428,7270104164.841516,7280835850.69544,7291463475.835327,7301983142.519537,7312390863.032757,7322682558.030211,7332854054.87983,7342901086.005637,7352819287.235846,7362604196.159599,7372251250.49676,7381755786.485432,7391113037.292614,7400318131.453668,7409366091.347095,7418251831.711531,7426970158.21266,7435515766.0684595,7443883238.741911,7452067046.711269,7460061546.32875,7467860978.77968,7475459469.15503,7482851025.651594,7490029538.915134,7496988781.543402,7503722407.76714,7510223953.328993,7516486835.581724,7522504353.829193,7528269689.935326,7533775909.228558,7539015961.731495,7543982683.747968,7548668799.842437,7553066925.249352,7557169568.753477,7560969136.085165,7564457933.878442,7567628174.243431,7570471980.008851,7572981390.694826,7575148369.280904,7576964809.839559,7550097218.778299,7538756175.449352,7526838281.606317,7514334286.763897,7501235030.060364,7487531460.158823,7635254130.976858,7626749733.08456,7617889706.776567,7608675723.864555,7599110052.535364,7589195602.240097,6441621731.534235,6418360313.374212,6394778461.264811,6370888648.933407,6346704441.290503,6322240546.9144,6297512871.874117,5671979061.455636,5656971165.202628,5641680887.572222,5626119880.944574,5610301645.040803,5594241685.235726,4100058223.1721344,4095181173.426528,4091041432.94521,4087690856.71293,4085184277.7636538,4083579672.182801,6489594552.532019,6491351622.139149,6494691457.651243,6499747220.618407,6506660205.81487,6515580301.053311,6526666472.571615,5574781434.311007,5565007438.481795,5556097732.2808895,5548154903.841508,5541288805.773925,5535616938.211113,5531264840.822696,5528366492.473671,6321307276.5639305,6324623005.165607,6327394753.745557,6329645596.388762,6331404243.82537,6332705734.6079,6333592200.954483,6334113714.832298,6334329219.288761,6334307549.012465,6334128542.450721,6333884245.3044815,7009592240.906435,6966901022.956528,6924736864.844672,6883364932.663499,6843078514.673705,6804201414.675038,6495190401.120915,6478232571.062572,6462965711.574362,6449726068.096001,6438884434.91922,7801800749.9340515,7849473819.432972,7903447976.783665,7964346732.725458,8032803233.971405,6507082352.803705,6548205409.331171,6596880792.58227,6653477336.010198,6718184104.310728,6308368844.002891,6407307027.558479,6508232003.359515,6607865891.302193,6701629581.868779,6741309220.391242,6850930084.45599,6931828672.332707,6969659771.069529,6946425384.883675,11565101169.411896,11059536117.129292,10375062151.023396,9479708627.147535,8342985483.811408,6939956120.860326,-5442474208.994516,-8043265116.5466385,-10689900847.774963,-13219828010.199837,-15344523263.150982,-14527492687.596016,-15944542280.657745,-10236948841.772163,9299074314.18798,0.0
2815.0,5408277344.605821,5417126391.548476,5426007538.757469,5434920832.623985,5443866316.59483,5452844031.089052,5461854013.412828,5470896297.67258,5479970914.686331,5489077891.893209,5498217253.26114,5507389019.192603,5516593206.428495,5525829827.950044,5535098892.878696,5544400406.374025,5553734369.529518,5563100779.26631,5572499628.224739,5581930904.653756,5591394592.298077,5600890670.283119,5610419112.997601,5619979889.973829,5629572965.765577,5639198299.823564,5648855846.368444,5658545554.261293,5668267366.871541,5678021221.942281,5687807051.45295,5697624781.479304,5707474332.050644,5717355617.00425,5727268543.836969,5737213013.553916,5747188920.514217,5757196152.273771,5767234589.424927,5777304105.433107,5787404566.470219,5797535831.244884,5807697750.829378,5817890168.483255,5828112919.47356,5838365830.891616,5848648721.466295,5858961401.373701,5869303672.043253,5879675325.960033,5890076146.463413,5900505907.541808,5910964373.623578,5921451299.363953,5931966429.427893,5942509498.268916,5953080229.903683,5963678337.682395,5974303524.054812,5984955480.331947,5995633886.443234,6006338410.689178,6017068709.489367,6027824427.125795,6038605195.481389,6049410633.773666,6060240348.283445,6071093932.078538,6081970964.732287,6092871012.036928,6103793625.711646,6114738343.105235,6125704686.89331,6136692164.769917,6147700269.13352,6158728476.767214,6169776248.513078,6180843028.940609,6191928246.009102,6203031310.723877,6214151616.786285,6225288540.237358,6236441439.09502,6247609652.984766,6258792502.763666,6269989290.137632,6281199297.271847,6292421786.394193,6303655999.391648,6314901157.399494,6326156460.383242,6337421086.713197,6348694192.731507,6359974912.311633,6371262356.410119,6382555612.610557,6393853744.65964,6405155791.995231,6416460769.266295,6427767665.844643,6439075445.328383,6450383045.036964,6461689375.497738,6472993319.923974,6484293733.684175,6495589443.762733,6506879248.211718,6518161915.593845,6529436184.416481,6540700762.556719,6551954326.677363,6563195521.633926,6574422959.872497,6585635220.818533,6596830850.256536,6608008359.700688,6619166225.756365,6630302889.472713,6641416755.686213,6652506192.355411,6663569529.886888,6674605060.45258,6685611037.298632,6696585674.045956,6707527143.982688,6718433579.348851,6729303070.613426,6740133665.744226,6750923369.470914,6761670142.541564,6772371900.973295,6783026515.297405,6793631809.7997,6804185561.756587,6814685500.667679,6825129307.485751,6835514613.844851,6845839001.28765,6856100000.493002,6866295090.504965,6876421697.964546,6886477196.345648,6896458905.196651,6906364089.389537,6916189958.378194,6925933665.468104,6935592307.099562,6945162922.146832,6954642491.235922,6964027936.083794,6973316118.862141,6982503841.589142,6991587845.552814,7000564810.770012,7009431355.485355,7018184035.714809,7026819344.838982,7035333713.251696,7043723508.069698,7051985032.910126,7060114527.742535,7068108168.823235,7075962068.719938,7083672276.435705,7091234777.6416025,7098645495.028513,7105900288.78914,7112994957.242301,7119925237.612448,7126686806.978468,7133275283.406843,7139686227.285532,7145915142.876078,7151957480.102997,7157808636.600832,7163463960.040919,7168918750.761615,7174168264.727593,7179207716.8457,7184032284.66715,7188637112.5079565,7193017316.022064,7197167987.264212,7201084200.2824745,7204761017.28338,7208193495.415829,7211376694.223612,7214305683.819912,7216975553.841528,7219381423.244601,7221518451.008565,7223381847.819933,7224966888.812981,7226268927.450181,7227283410.63152,7228005895.128438,7092538364.485643,7082296970.782517,7071642244.397928,7060572417.373783,7049086124.70724,7037182437.406143,7318330352.436146,7312007427.032742,7305551744.508111,7298976158.467795,7292294624.845219,7285522268.51363,6044056246.235841,6027183164.863369,6010298792.881298,5993426195.606171,5976589889.515033,5959815909.325049,5943131877.326321,5393454589.02835,5384149570.551453,5374841383.744745,5365554760.97206,5356316878.42905,5347157536.958958,4061500778.0347614,4068367664.346541,4076274786.1607,4085283065.0918303,4095456863.536165,4106864189.922452,6500335882.694442,6519896097.709784,6541671499.700421,6565812753.9129925,6592479055.193066,6621838593.015707,6654069041.391399,5428180805.096272,5434312690.334698,5442019549.259018,5451432606.577209,5462691485.151083,5475944646.147446,5491349843.954027,5509074595.282543,6201263380.803961,6214523903.663599,6228097785.057369,6242068623.545728,6256529912.001955,6271586022.264422,6287353277.106857,6303961113.372166,6321553338.79371,6340289483.053732,6360346240.788411,6381919000.26696,7148764137.636461,7135056981.32408,7123711106.083706,7115099751.97886,7109630325.028372,7107746887.916357,6993797711.234794,7018055153.115377,7046473709.708222,7079526271.692623,7117719364.153063,8467996904.915838,8569328628.501629,8680017354.209297,8800787030.312443,8932353922.96359,7424444691.771273,7533423046.205651,7653314680.251919,7784434835.184062,7926854935.367046,7531830097.2739105,7693049905.315529,7857091563.151142,8020390518.243984,8178073109.917744,8228151059.658177,8406185497.139293,8555249465.479435,8660789209.913776,8704781052.982159,12824094480.174755,12506964061.939346,12068895219.232912,11500471486.062803,10803490136.16471,10000477382.145811,-31827338.784132004,-933216171.2711468,-1194695519.8499126,-339809387.1477108,2290370488.2325997,11285122097.301662,16335118035.57648,17063362320.315931,-543166207.4334373,0.0
2814.0,5277079202.847522,5285438179.865901,5293825074.896099,5302239887.44667,5310682613.626007,5319153246.057645,5327651773.793935,5336178182.228104,5344732453.00465,5353314563.928055,5361924488.869781,5370562197.6735525,5379227656.0588455,5387920825.522594,5396641663.239078,5405390121.957957,5414166149.900438,5422969690.653505,5431800683.062244,5440659061.12018,5449544753.857615,5458457685.227949,5467397773.991943,5476364933.599859,5485359072.071524,5494380091.874196,5503427889.798276,5512502356.830774,5521603378.026541,5530730832.377201,5539884592.677765,5549064525.390904,5558270490.5088215,5567502341.412688,5576759924.729659,5586043080.187359,5595351640.465855,5604685431.047066,5614044270.06157,5623427968.132777,5632836328.2184105,5642269145.449314,5651726206.965477,5661207291.7492895,5670712170.455982,5680240605.241199,5689792349.585665,5699367148.11694,5708964736.428173,5718584840.893871,5728227178.482593,5737891456.56658,5747577372.728235,5757284614.563465,5767012859.481783,5776761774.503203,5786531016.051839,5796320229.746179,5806129050.18602,5815957100.735991,5825803993.305656,5835669328.12614,5845552693.523246,5855453665.687048,5865371808.437876,5875306672.988707,5885257797.703895,5895224707.854222,5905206915.36823,5915203918.579795,5925215201.971923,5935240235.916736,5945278476.411594,5955329364.811377,5965392327.556824,5975466775.898987,5985552105.619703,5995647696.74811,6005752913.27315,6015867102.852081,6025989596.514951,6036119708.365008,6046256735.275087,6056399956.579915,6066548633.764335,6076702010.147483,6086859310.56288,6097019741.034449,6107182488.4485,6117346720.221647,6127511583.964717,6137676207.142653,6147839696.730444,6158001138.865129,6168159598.493896,6178314119.018347,6188463721.934967,6198607406.471887,6208744149.221979,6218872903.772392,6228992600.330629,6239102145.34724,6249200421.135255,6259286285.486519,6269358571.285034,6279416086.117446,6289457611.880919,6299481904.388519,6309487692.972334,6319473680.084569,6329438540.896841,6339380922.897957,6349299445.490461,6359192699.586267,6369059247.201697,6378897621.052383,6388706324.148296,6398483829.389494,6408228579.162928,6417938984.940933,6427613426.881863,6437250253.433552,6446847780.940158,6456404293.2531805,6465918041.34734,6475387242.942143,6484810082.130026,6494184709.012003,6503509239.341812,6512781754.179728,6522000299.557095,6531162886.15295,6540267488.98404,6549312047.109732,6558294463.353296,6567212604.041429,6576064298.763605,6584847340.153388,6593559483.693732,6602198447.548508,6610761912.42265,6619247521.453625,6627652880.136892,6635975556.288394,6644213080.047289,6652362943.9224,6660422602.885992,6668389474.518973,6676260939.21163,6684034340.424642,6691706985.015094,6699276143.632916,6706739051.193235,6714092907.43089,6721334877.5433445,6728462092.929234,6735471652.029817,6742360621.281444,6749126036.187586,6755764902.519703,6762274197.6567335,6768650872.07391,6774891850.992198,6780994036.20055,6786954308.064066,6792769527.732049,6798436539.560999,6803952173.768623,6809313249.336151,6814516577.177498,6819558963.595081,6824437214.043622,6829148137.224732,6833688549.536776,6838055279.90624,6842245175.02877,6846255105.04998,6850081969.718463,6853722705.0456295,6857174290.509563,6860433756.8428,6863498194.446749,6866364762.478593,6869030698.659906,6871493329.859566,6873750083.507612,6875798499.900585,6877636245.463381,6879261127.037323,6880671107.2692175,6881864321.181553,6882839094.009826,6883593960.399306,6884127685.06001,6884439284.986173,6884528053.353946,6660753436.130097,6652385857.613003,6643779018.300768,6634938372.6094055,6625870055.23941,6616580924.930128,7018013599.508753,7014367537.784279,7010809281.576041,7007361881.137344,7004049914.473576,7000899570.296298,5699567996.818855,5689616316.522846,5679942258.199518,5670577760.546303,5661556490.8690815,5652913924.321816,5644687426.378213,5157782069.612021,5154608545.512144,5151696596.491009,5149081700.234989,5146802178.802233,5144899390.187874,4065326863.006242,4082815376.9266777,4101582459.102252,4121695270.723562,4143224735.914222,4166245776.4011226,6523000019.127947,6558066732.873756,6595791203.325275,6636330298.972617,6679849172.982397,6726521694.6957,6776530902.66219,5327273474.075985,5348423575.1185465,5371730862.8769,5397346174.295938,5425429409.725517,5456150015.304489,5489687485.89128,5526231888.676352,6099786144.88418,6123420335.84848,6148166440.025076,6174160066.793979,6201550127.924644,6230500033.510067,6261188981.673472,6293813344.486166,6328588150.804215,6365748664.282268,6405552051.436291,6448279130.023062,7320426120.501247,7334273845.068606,7352006195.60319,7374073112.7403,7400962024.915524,7433200276.399594,7495304606.085532,7557153017.454072,7625175875.975657,7699941791.310079,7782051762.210055,9057900227.993528,9203406838.691145,9360475918.070757,9529899332.88784,9712456843.345882,8273762845.282099,8439775150.971286,8619390128.702148,8812985698.740685,9020697229.064562,8629122001.625526,8846474544.253847,9069939384.281063,9296663343.117165,9522732790.167925,9569155129.684668,9830399078.510178,10072693110.25725,10283977312.378649,10449258694.384493,14292583154.712675,14261758179.151085,14180789063.582932,14057171453.729025,13913433536.245487,13798591450.078886,7047603517.784183,7545977706.295685,9004532963.140638,11984837772.214775,17174251996.63324,31715603569.666035,40572765390.93723,40642723057.405365,6890942789.928814,0.0
2813.0,5140538894.558889,5148381425.035401,5156247627.559097,5164137457.413227,5172050866.112264,5179987801.317908,5187948206.753666,5195932022.117943,5203939182.995686,5211969620.768505,5220023262.523285,5228100030.959248,5236199844.293478,5244322616.164843,5252468255.536338,5260636666.595791,5268827748.654953,5277041396.046911,5285277498.021831,5293535938.64099,5301816596.669119,5310119345.46497,5318444052.87015,5326790581.096167,5335158786.609678,5343548520.015914,5351959625.940281,5360391942.908076,5368845303.222355,5377319532.839894,5385814451.245208,5394329871.322683,5402865599.226706,5411421434.249852,5419997168.689073,5428592587.709863,5437207469.208413,5445841583.671723,5454494694.035627,5463166555.54077,5471856915.586461,5480565513.582451,5489292080.798546,5498036340.212103,5506798006.353367,5515576785.148635,5524372373.761245,5533184460.430367,5542012724.307591,5550856835.291294,5559716453.858801,5568591230.89629,5577480807.526467,5586384814.934012,5595302874.188724,5604234596.066465,5613179580.867814,5622137418.234468,5631107686.963374,5640089954.818632,5649083778.341103,5658088702.655802,5667104261.27702,5676129975.911252,5685165356.257856,5694209899.807551,5703263091.63868,5712324404.21134,5721393297.159335,5730469217.080009,5739551597.321989,5748639857.770842,5757733404.632707,5766831630.215935,5775933912.710768,5785039615.967102,5794148089.270402,5803258667.115804,5812370668.980472,5821483399.094282,5830596146.208886,5839708183.365237,5848818767.659678,5857927140.008651,5867032524.912139,5876134130.215945,5885231146.872912,5894322748.703217,5903408092.153815,5912486316.05727,5921556541.390001,5930617871.030185,5939669389.515448,5948710162.800532,5957739238.015125,5966755643.222056,5975758387.176086,5984746459.083518,5993718828.362864,6002674444.406852,6011612236.34605,6020531112.81441,6029429961.717028,6038307650.0005045,6047163023.426225,6055994906.346981,6064802101.487332,6073583389.728138,6082337529.895725,6091063258.55623,6099759289.815563,6108424315.1256485,6117057003.097472,6125655999.321597,6134219926.196816,6142747382.767686,6151236944.571675,6159687163.496759,6168096567.65032,6176463661.240291,6184786924.469473,6193064813.444172,6201295760.098124,6209478172.1329975,6217610432.976705,6225690901.760782,6233717913.318389,6241689778.204311,6249604782.738647,6257461189.075861,6265257235.301016,6272991135.555147,6280661080.191787,6288265235.966892,6295801746.264437,6303268731.36022,6310664288.726444,6317986493.379999,6325233398.277283,6332403034.758888,6339493413.047469,6346502522.802398,6353428333.735105,6360268796.289144,6367021842.389373,6373685386.264882,6380257325.350637,6386735541.273076,6393117900.925319,6399402257.637938,6405586452.451678,6411668315.498934,6417645667.5012245,6423516321.390366,6429278084.061623,6434928758.267556,6440466144.661971,6445888044.003914,6451192259.53239,6456376599.523115,6461438880.039442,6466376927.890359,6471188583.809345,6475871705.868754,6480424173.145477,6484843889.65456,6489128788.568681,6493276836.7425165,6497286039.562429,6501154446.143124,6504880154.894522,6508461319.483645,6511896155.217921,6515182945.8782215,6518320051.03179,6521305913.857313,6524139069.516576,6526818154.109554,6529341914.252199,6531709217.319043,6533919062.395477,6535970591.987793,6537863104.542283,6539596067.828313,6541169133.244104,6542582151.107952,6543835187.002029,6544928539.24069,6545862757.539965,6546638662.970615,6547257369.282664,6547720305.695543,6548029241.254772,6548186310.862949,6548194043.100726,6548055389.961458,6254859165.247997,6248969786.830383,6243018196.784929,6237016536.667362,6230977861.085861,6224916189.524183,6732454478.443019,6731754608.713264,6731350195.105589,6731273078.313692,6731556957.680743,6732237484.886193,5401056968.117502,5398205065.259211,5395890262.821167,5394151524.228407,5393029738.79114,5392567810.658179,5392810751.981308,4958123172.578201,4961215583.607649,4964808527.658608,4968945583.01145,4973673384.895435,4979041818.052193,4094459669.310829,4121232628.973388,4149459216.535026,4179210030.634653,4210559588.349561,4243586574.802791,6536270623.632469,6583927772.56934,6634490982.852066,6688112915.98223,6744953728.049789,6805181437.561102,6868972309.75231,5255706959.036413,5290383459.288933,5327657493.098597,5367690690.415724,5410653974.223174,5456728068.828682,5506104033.896535,5558983825.019789,6009983889.771012,6043826068.923626,6079484096.765629,6117135069.024002,6156971843.799524,6199204371.121127,6244061119.428692,6291790600.984972,6342662996.527216,6396971877.132923,6455036018.105335,6517201295.447007,7503999157.31041,7542859498.114114,7586771117.50756,7636228548.139825,7691764727.935753,7753953308.28313,7970121632.749714,8064580561.40889,8166730130.734456,8277200557.966887,8396654991.512391,9539477896.143862,9718617625.827332,9910729385.284706,10116660671.5457,10337257752.488348,9017131014.63086,9228486898.322584,9455611009.10696,9699087757.317436,9959324508.928932,9578546864.565144,9847198821.904932,10127588706.306017,10418376900.50505,10717585614.187572,10746807094.754057,11104510509.73875,11461639763.78418,11810539013.670223,12141305775.25751,15804546205.128157,16096658626.90004,16402681893.230974,16735954619.769732,17121019389.17064,17602249681.440613,14105054511.813335,15257867646.740591,17210369622.965828,20399098252.774918,25387498011.989758,41539503995.35515,53372185907.00255,65713569835.206535,57117723887.63421,0.0
2812.0,4999253244.316281,5006558047.83741,5013882265.945344,5021225812.820599,5028588598.5942335,5035970529.26652,5043371506.62431,5050791428.157198,5058230186.972391,5065687671.708328,5073163766.446975,5080658350.624869,5088171298.942823,5095702481.274303,5103251762.572497,5110819002.776035,5118404056.713347,5126006774.005679,5133626998.9686985,5141264570.512783,5148919322.04185,5156591081.350843,5164279670.521777,5171984905.81838,5179706597.579331,5187444550.110041,5195198561.573019,5202968423.876789,5210753922.563375,5218554836.694318,5226370938.735253,5234201994.439034,5242047762.727382,5249907995.571095,5257782437.868771,5265670827.324108,5273572894.321706,5281488361.801426,5289416945.131314,5297358351.979043,5305312282.181921,5313278427.615486,5321256472.060621,5329246091.069295,5337246951.828871,5345258713.02501,5353281024.7032,5361313528.128922,5369355855.646446,5377407630.536295,5385468466.871423,5393537969.372053,5401615733.259298,5409701344.107523,5417794377.69548,5425894399.856302,5434000966.326331,5442113622.592838,5450231903.740689,5458355334.298,5466483428.080769,5474615688.03664,5482751606.087758,5490890662.972811,5499032328.088327,5507176059.329276,5515321302.929035,5523467493.298826,5531614052.866667,5539760391.915936,5547905908.423647,5556049987.898509,5564192003.218867,5572331314.470668,5580467268.785515,5588599200.178955,5596726429.389126,5604848263.715883,5612963996.860551,5621072908.766455,5629174265.460381,5637267318.895144,5645351306.79341,5653425452.493002,5661488964.793835,5669541037.806736,5677580850.804333,5685607568.074265,5693620338.774937,5701618296.794084,5709600560.610456,5717566233.158823,5725514401.698685,5733444137.686979,5741354496.655098,5749244518.090603,5757113225.323998,5764959625.420959,5772782709.080443,5780581450.539087,5788354807.482411,5796101720.96328,5803821115.32814,5811511898.151593,5819172960.179869,5826803175.283823,5834401400.422058,5841966475.614898,5849497223.929882,5856992451.479558,5864450947.432352,5871871484.037371,5879252816.664,5886593683.85722,5893892807.409698,5901148892.451576,5908360627.559171,5915526684.88364,5922645720.300945,5929716373.584313,5936737268.600583,5943707013.531927,5950624201.124424,5957487408.965091,5964295199.789087,5971046121.818922,5977738709.137489,5984371482.097002,5990942947.765935,5997451600.416187,6003895922.052897,6010274382.989373,6016585442.469793,6022827549.342539,6028999142.787082,6035098653.097573,6041124502.526497,6047075106.191906,6052948873.051939,6058744206.950601,6064459507.738993,6070093172.476412,6075643596.716018,6081109175.880033,6086488306.729776,6091779388.936094,6096980826.756097,6102091030.822515,6107108420.052282,6112031423.681488,6116858483.434049,6121588055.832173,6126218614.656972,6130748653.568163,6135176688.892354,6139501262.589995,6143720945.411648,6147834340.254942,6151840085.734292,6155736859.9761,6159523384.653113,6163198429.272344,6166760815.731895,6170209423.162989,6173543193.074556,6176761134.818813,6179862331.397388,6182845945.628851,6185711226.699798,6188457517.12309,6191084260.128256,6193591007.510868,6195977427.969122,6198243315.958015,6200388601.093252,6202413358.139104,6204317817.616841,6206102377.072491,6207767613.045519,6209314293.7823925,6210743392.742294,6212056102.94496,6213253852.214296,6214338319.374671,6215311451.460869,6216175482.006516,6216932950.480316,6217586722.944011,6218140014.011,6218596410.189938,6218959894.703283,6219234873.877047,6219426205.204462,6219539227.19347,6219579791.11541,6219554294.780639,5873893062.211155,5870905243.271506,5868028156.193151,5865279870.988246,5862679553.515312,5860247522.70418,6459160171.186051,6461454426.739832,6464229645.248705,6467524737.786352,6471380703.277907,6475840727.473867,5140613438.866171,5144720183.946104,5149587365.876076,5155259088.937181,5161781503.81135,5169202903.553515,5177573824.661207,4787188021.952675,4796411353.967174,4806340104.809232,4817023220.393577,4828512746.195633,4840864012.945444,4134208065.589401,4168800809.577352,4204961684.4388943,4242761962.748576,4282276807.327664,4323585519.766738,6522223022.535406,6579196382.313041,6639139275.355234,6702191309.737546,6768498383.844728,6838212971.229409,6911494416.300636,5198145164.177683,5244404486.092369,5293555768.392428,5345763184.474167,5401200031.121813,5460049245.059055,5522503949.540872,5588768032.45127,5924549276.142264,5967909926.580995,6013668621.414141,6062032154.514269,6113224561.698788,6167488514.910209,6225086815.581629,6286303990.059324,6351447988.763389,6420851989.124626,6494876300.118055,6573910363.265975,7680532692.953199,7741044125.836492,7807398665.733917,7880104897.771386,7959708776.045506,8046795836.728142,8392927780.964168,8514115694.914908,8644009286.298405,8783273055.928936,8932607814.707434,9890462283.973543,10092425014.386942,10308053977.407394,10538249745.75578,10783936218.863213,9627255721.15186,9872023777.784927,10134265358.13661,10414897169.517426,10714774415.601248,10364165432.02415,10678540847.427872,11011789710.821833,11364547887.425608,11737311851.985628,11734028702.69013,12192999133.310532,12674670884.990484,13176788725.681654,13695585220.251728,17150900357.989147,17743047319.72396,18394488960.738487,19113199064.465706,19908253533.00909,20791549652.498245,20009679789.855556,21030983389.2566,22311946817.860256,24035327543.202957,26589988837.770477,39558492536.683685,51386386356.53061,76612624576.42725,134193825574.72559,0.0
2811.0,4853838171.0291,4860589051.00424,4867355125.2905245,4874136270.454092,4880932358.817473,4887743258.382584,4894568832.752699,4901408941.053414,4908263437.8526125,4915132173.07937,4922014991.941886,4928911734.84436,4935822237.302847,4942746329.860095,4949683837.999332,4956634582.057057,4963598377.134769,4970575033.009687,4977564354.044437,4984566139.095712,4991580181.421911,4998606268.589771,5005644182.379968,5012693698.691708,5019754587.446339,5026826612.489943,5033909531.494951,5041003095.860775,5048107050.613475,5055221134.304466,5062345078.9082775,5069478609.71939,5076621445.24814,5083773297.115744,5090933869.948409,5098102861.270622,5105279961.397549,5112464853.326641,5119657212.628445,5126856707.336616,5134062997.837226,5141275736.757305,5148494568.852751,5155719130.89555,5162949051.560412,5170183951.310797,5177423442.284443,5184667128.1783695,5191914604.133451,5199165456.618595,5206419263.314552,5213675592.997453,5220934005.422113,5228194051.205147,5235455271.707966,5242717198.919785,5249979355.340589,5257241253.8642645,5264502397.661874,5271762280.065239,5279020384.450853,5286276184.124265,5293529142.205005,5300778711.512169,5308024334.450788,5315265442.899036,5322501458.096485,5329731790.533463,5336955839.841673,5344172994.686243,5351382632.659296,5358584120.175251,5365776812.367985,5372960052.990028,5380133174.314019,5387295497.036525,5394446330.184511,5401584971.024603,5408710704.975418,5415822805.523129,5422920534.140581,5430003140.210135,5437069860.950566,5444119921.348272,5451152534.0930605,5458166899.518871,5465162205.549726,5472137627.651239,5479092328.788059,5486025459.387629,5492936157.310581,5499823547.828313,5506686743.608016,5513524844.705734,5520336938.567856,5527122100.041569,5533879391.394788,5540607862.3461,5547306550.10531,5553974479.425184,5560610662.665034,5567214099.866782,5573783778.844236,5580318675.286286,5586817752.874794,5593279963.417985,5599704247.000191,5606089532.148842,5612434736.019607,5618738764.600725,5625000512.9374895,5631218865.378023,5637392695.841454,5643520868.109697,5649602236.144087,5655635644.428202,5661619928.338252,5667553914.542488,5673436421.431179,5679266259.578763,5685042232.2398615,5690763135.88095,5696427760.749556,5702034891.482975,5707583307.758539,5713071784.987675,5718499095.056012,5723864007.111983,5729165288.406466,5734401705.18612,5739572023.643297,5744675010.92543,5749709436.207119,5754674071.828135,5759567694.500877,5764389086.590924,5769137037.474533,5773810344.977214,5778407816.897581,5782928272.621124,5787370544.828547,5791733481.303842,5796015946.84729,5800216825.299102,5804335021.679534,5808369464.451763,5812319107.914116,5816182934.728593,5819959958.593057,5823649227.064814,5827249824.543854,5830760875.424315,5834181547.423437,5837511055.09758,5840748663.555613,5843893692.380439,5846945519.770098,5849903586.910559,5852767402.592987,5855536548.088999,5858210682.298261,5860789547.183582,5863272973.509525,5865660886.901564,5867953314.243756,5870150390.434016,5872252365.517153,5874259612.217095,5876172633.890992,5877992072.929192,5879718719.6266365,5881353521.552709,5882897593.448177,5884352227.679678,5885718905.28409,5886999307.636999,5888195328.781716,5889309088.4574585,5890342945.867792,5891299514.232963,5892181676.172488,5892992599.967262,5893735756.753708,5894414938.7056055,5895034278.263042,5895598268.471557,5896111784.498744,5896580106.399872,5897008943.208851,5897404458.435745,5897773297.057508,5898122614.094349,5898460104.870246,5898794037.062841,5899133284.654958,5899487363.9077015,5516011597.779261,5516164745.043444,5516591122.876238,5517313803.143438,5518357083.874193,5519746549.2909,6195233446.979437,6200363497.812864,6206130361.435497,6212578098.584576,6219752984.574642,6227703608.595457,4909976620.547916,4920624510.365881,4932215664.820524,4944797484.098091,4958419462.321743,4973133287.442674,4988992946.920747,4637570888.097645,4652555364.0326185,4668410834.977037,4685188976.226181,4702944459.13332,4721735123.640944,4172280304.421452,4213170295.0785,4255686169.593322,4299897217.215684,4345876403.462673,4393700602.1442375,6466918730.519282,6529823955.001024,6595598205.912256,6664361229.229352,6736237593.168055,6811356882.371208,6889853897.758354,5140834600.076304,5196434196.24018,5255078266.729771,5316926130.951004,5382145704.440086,5450914005.520657,5523417695.3361845,5599853653.445558,5836201513.421999,5887957427.294064,5942553952.067352,6000215263.975534,6061183301.649076,6125719165.552322,6194104619.360367,6266643698.319098,6343664429.315262,6425520666.895949,6512594048.775238,6605296073.398417,7833328417.0369215,7911608857.1418495,7996156433.065795,8087466571.939803,8186069562.40685,8292532742.276671,8743212802.271072,8884776226.850445,9035581162.220415,9196304125.227575,9367664023.521828,10098026564.328712,10312370284.844051,10540444565.19678,10783199334.36238,11041641311.154097,10086713083.34932,10353143371.172009,10638263035.252865,10943392043.42991,11269931567.724169,10973256707.521038,11325332043.43792,11703674765.57095,12110969205.76781,12550247573.14076,12496212244.321491,13048576697.433428,13647756681.366428,14297054607.295391,14999032273.199688,18132603872.85637,18958369244.5714,19867938637.942207,20857358672.478725,21911314591.37844,22996270413.560104,24376237665.88347,24788607300.86417,24770966679.00778,24187421642.93018,23118931674.18609,28123920944.698055,33437715182.017487,53849238764.143906,134821984328.92671,0.0
2810.0,4704923121.49709,4711108896.124495,4717305726.611242,4723513455.662633,4729731921.629108,4735960958.435087,4742200395.507028,4748450057.700773,4754709765.228117,4760979333.582665,4767258573.464938,4773547290.706752,4779845286.194896,4786152355.794079,4792468290.269186,4798792875.206842,4805125890.936287,4811467112.449594,4817816309.321214,4824173245.626892,4830537679.86195,4836909364.858948,4843288047.704774,4849673469.657118,4856065366.060431,4862463466.261316,4868867493.523418,4875277164.941818,4881692191.35697,4888112277.268177,4894537120.746692,4900966413.348406,4907399840.026203,4913837079.041999,4920277801.8785,4926721673.150724,4933168350.517313,4939617484.591696,4946068718.853135,4952521689.557699,4958976025.649226,4965431348.670322,4971887272.673435,4978343404.132092,4984799341.852342,4991254676.884448,4997708992.434955,5004161863.779139,5010612858.173935,5017061534.771454,5023507444.533117,5029950130.14452,5036389125.931122,5042823957.774844,5049254143.0316725,5055679190.450376,5062098600.092445,5068511863.253377,5074918462.38538,5081317871.021703,5087709553.70263,5094092965.903345,5100467553.963775,5106832755.020568,5113187996.941372,5119532698.261555,5125866268.1235695,5132188106.219115,5138497602.734301,5144794138.297984,5151077083.933521,5157345801.014125,5163599641.222041,5169837946.511816,5176060049.077856,5182265271.326576,5188452925.853365,5194622315.424692,5200772732.965608,5206903461.552969,5213013774.414692,5219102934.935404,5225170196.668783,5231214803.357014,5237235988.957689,5243232977.6786175,5249204984.020875,5255151212.830631,5261070859.360119,5266963109.338286,5272827139.051602,5278662115.435556,5284467196.177368,5290241529.830522,5295984255.94168,5301694505.190636,5307371399.543928,5313014052.422829,5318621568.886406,5324193045.8304,5329727572.202713,5335224229.236332,5340682090.700506,5346100223.171137,5351477686.321252,5356813533.2325945,5362106810.729324,5367356559.734934,5372561815.653462,5377721608.776238,5382834964.715336,5387900904.865082,5392918446.892911,5397886605.261057,5402804391.780472,5407670816.198637,5412484886.822788,5417245611.180328,5421951996.718194,5426603051.543061,5431197785.204292,5435735209.521809,5440214339.460899,5444634194.056322,5448993797.388067,5453292179.611193,5457528378.042431,5461701438.306265,5465810415.543311,5469854375.684077,5473832396.7912245,5477743570.473653,5481587003.375885,5485361818.746413,5489067158.088851,5492702182.899887,5496266076.498297,5499758045.949475,5503177324.090089,5506523171.65781,5509794879.531279,5512991771.085688,5516113204.669666,5519158576.2095,5522127321.94692,5525018921.3171015,5527832899.973815,5530568832.969071,5533226348.094916,5535805129.395511,5538304920.857973,5540725530.291018,5543066833.400751,5545328778.07365,5547511388.877119,5549614771.788676,5551639119.165413,5553584714.965906,5555451940.237525,5557241278.882695,5558953323.718452,5560588782.844404,5562148486.335014,5563633393.273015,5565044599.141678,5566383343.594664,5567651018.623143,5568849177.141139,5569979542.010953,5571044015.53207,5572044689.417975,5572983855.286944,5573864015.694147,5574687895.734089,5575458455.244104,5576178901.641285,5576852703.427163,5577483604.396534,5578075638.588847,5578633146.022873,5579160789.257875,5579663570.826948,5580146851.591056,5580616370.065164,5581078262.771071,5581539085.674731,5582005836.769688,5582485979.871777,5582987469.694627,5583518778.279594,5584088922.858734,5584707495.234212,5585384692.763128,5586131351.042445,5586958978.39498,5587879792.264128,5178699462.19059,5182053603.610127,5185827615.303051,5190048532.287405,5194744693.640456,5199945802.886883,5937603985.527711,5945229070.217752,5953611583.716572,5962798726.695244,5972839943.441692,5983787017.234653,4700931449.666639,4717474176.098157,4735100218.952486,4753858524.336971,4773800110.906224,4794978170.133456,4817448172.77586,4502043328.161603,4522225153.905179,4543401835.782297,4565625373.79091,4588950540.843416,4613435037.073836,4198685203.3019977,4244346789.99896,4291640086.8045855,4340629957.535332,4391384557.232065,4443975534.605309,6360652455.231692,6426214400.209419,6494410191.338839,6565335200.055967,6639088041.997066,6715770683.658118,6795488550.921104,5071990494.938235,5134533243.75392,5200141702.504442,5268964004.732245,5341156043.421094,5416881950.050968,5496314609.416017,5579636213.202078,5738055297.500116,5796751337.953425,5858582247.216979,5923777420.941535,5992583639.1732645,6065266419.847099,6142111477.652163,6223426296.4537945,6309541824.242329,6400814300.509796,6497627227.07435,6600393494.734067,7948316960.845142,8040246331.055988,8138527144.350275,8243618935.120168,8356012554.41258,8476232403.713423,9005435590.81033,9160926546.97708,9325754068.302835,9500586955.553122,9686144013.939089,10157866427.414516,10374993917.234505,10605365362.999964,10849966611.475157,11109876153.22188,10386790832.579296,10663604718.17098,10959733882.005571,11276896426.379066,11617035533.59558,11395678020.413565,11774087662.120216,12185066945.268768,12633068776.32404,13123304471.045933,12997637780.843794,13621828392.885756,14313958382.06097,15082380285.638023,15935544629.397896,18602941144.46807,19574774298.712887,20639851500.07905,21782905847.2806,22967370490.66402,24121407408.05843,27423032653.79392,27223666631.24369,26010392786.45259,23317205114.27073,18712594662.257336,12937129715.785091,5760852864.61691,1051756466.6226828,378164209.72389996,0.0
2809.0,4553145580.894455,4558759961.977612,4564381382.496864,4570009655.216075,4575644588.510362,4581285986.302016,4586933647.995901,4592587368.41442,4598246937.732008,4603912141.409166,4609582760.126101,4615258569.715911,4620939341.097403,4626624840.207512,4632314827.933374,4638009060.044047,4643707287.121916,4649409254.493804,4655114702.161806,4660823364.733868,4666534971.35416,4672249245.633243,4677965905.578072,4683684663.521864,4689405226.053879,4695127293.949118,4700850562.09799,4706574719.436003,4712299448.873494,4718024427.22544,4723749325.141414,4729473807.035727,4735197531.017769,4740920148.822678,4746641305.742296,4752360640.556542,4758077785.465217,4763792366.020334,4769504001.059014,4775212302.637017,4780916875.96299,4786617319.333511,4792313224.068979,4798004174.450449,4803689747.6575165,4809369513.707276,4815043035.394545,4820709868.233331,4826369560.399754,4832021652.676444,4837665678.39859,4843301163.401688,4848927625.971188,4854544576.794067,4860151518.912574,4865747947.680162,4871333350.719855,4876907207.885129,4882468991.223489,4888018164.942905,4893554185.381273,4899076500.97906,4904584552.255353,4910077771.787467,4915555584.1943245,4921017406.1238365,4926462646.244464,4931890705.241207,4937300975.816275,4942692842.6946335,4948065682.63476,4953418864.444786,4958751749.004396,4964063689.292706,4969354030.422446,4974622109.680809,4979867256.577196,4985088792.898319,4990286032.77093,4995458282.732591,5000604841.810882,5005725001.61143,5010818046.415199,5015883253.285488,5020919892.185077,5025927226.104034,5030904511.198659,5035850996.942102,5040765926.287197,5045648535.842087,5050498056.059221,5055313711.438375,5060094720.744282,5064840297.239633,5069549648.934059,5074221978.849915,5078856485.305549,5083452362.21694,5088008799.418445,5092524983.003634,5097000095.687014,5101433317.187651,5105823824.635681,5110170793.002706,5114473395.557189,5118730804.345936,5122942190.702872,5127106725.786337,5131223581.146118,5135291929.32166,5139310944.47276,5143279803.044239,5147197684.4661045,5151063771.890805,5154877252.969227,5158637320.667149,5162343174.124009,5165994019.555845,5169589071.2043705,5173127552.33431,5176608696.281085,5180031747.551169,5183395962.977423,5186700612.931889,5189944982.598663,5193128373.309462,5196250103.944781,5199309512.403545,5202305957.144335,5205238818.801449,5208107501.879127,5210911436.527493,5213650080.403894,5216322920.62352,5218929475.803293,5221469298.203329,5223941975.97031,5226347135.487509,5228684443.836189,5230953611.373579,5233154394.432638,5235286598.1492605,5237350079.422671,5239344750.015205,5241270579.79779,5243127600.1478815,5244915907.506843,5246635667.104176,5248287116.85623,5249870571.4475765,5251386426.603408,5252835163.561959,5254217353.756159,5255533663.714369,5256784860.190369,5257971815.533405,5259095513.309532,5260157054.186089,5261157662.091725,5262098690.664989,5262981630.005179,5263808113.739784,5264579926.423656,5265299011.285636,5265967478.339407,5266587612.875965,5267161884.356088,5267692955.722164,5268183693.149627,5268637176.259358,5269056708.813556,5269445829.918653,5269808325.760164,5270148241.895642,5270469896.133335,5270777892.025515,5271077133.007125,5271372837.211979,5271670553.000492,5271976175.2348,5272295962.339136,5272636554.185343,5273004990.845745,5273408732.257933,5273855678.848509,5274354193.165655,5274913122.573183,5275541823.061863,5276250184.237101,5277048655.5456295,5277948273.807577,5278960692.12442,5280098210.237717,5281373806.418054,5282801170.968947,5284394741.435648,4858980210.271877,4865427025.9220295,4872420116.69329,4879989383.141598,4888166057.561892,4896982762.496914,5683241415.689401,5692868838.553982,5703335523.522994,5714689816.130798,5726982246.169727,5740265615.74894,4505637654.811654,4527249153.572682,4550040788.431416,4574061438.196836,4599361968.541406,4625995328.770712,4654016654.834379,4373796677.105712,4398461260.5926895,4424202892.112068,4451071820.770672,4479120752.712603,4508404983.104508,4205567338.0307374,4254514618.920064,4305053347.029442,4357241860.483568,4411141262.34156,4466815583.768141,6197889983.198446,6263122076.084225,6330652696.127779,6400550670.488652,6472886524.850149,6547732514.444651,6625162655.050655,4982014911.188601,5049078454.475958,5119113429.297144,5192251668.318953,5268631672.032909,5348399043.62155,5431706960.988229,5518716689.80966,5623907884.573814,5687862992.541786,5755098945.359627,5825838942.553703,5900322378.643824,5978806104.885309,6061565799.522938,6148897458.289421,6241119018.810906,6338572134.962006,6441624120.15852,6550670082.236546,8014206313.424715,8115676023.861965,8223285819.2732115,8337441635.831749,8458576478.431204,8587152735.462409,9168862666.472086,9332050128.542084,9504275964.214092,9686181638.547873,9878465913.572784,10072886905.283264,10284375009.915236,10508139216.97375,10745173578.849968,10996596293.577929,10526133487.435474,10802752153.390026,11098590924.092403,11415681601.37728,11756402189.857056,11624636967.165394,12014760088.996994,12441509031.57886,12910566744.92854,13428670087.577747,13209651347.598593,13872377936.2522,14618183679.31768,15459499288.36245,16409774825.722622,18490429937.69448,19520531289.20997,20647848302.992287,21853145826.050926,23092473847.57072,24280198942.012184,29639033386.7203,29257864586.364883,27591632461.592007,23918258509.968536,17222657674.82457,1768293075.817544,-17896423179.305954,-50209020516.7414,-134332985923.97043,0.0
2808.0,4399145721.669711,4404187146.34039,4409231751.545447,4414279324.096951,4419329646.454467,4424382496.668969,4429437648.326571,4434494870.492039,4439553927.652159,4444614579.658948,4449676581.672752,4454739684.10523,4459803632.562281,4464868167.786922,4469933025.602138,4474997936.853758,4480062627.353375,4485126817.821322,4490190223.829794,4495252555.74607,4500313518.6759615,4505372812.407471,4510430131.354692,4515485164.50205,4520537595.348886,4525587101.85442,4530633356.383199,4535676025.651005,4540714770.67136,4545749246.702614,4550779103.195708,4555803983.742668,4560823526.025909,4565837361.768383,4570845116.684662,4575846410.433037,4580840856.568693,4585828062.498035,4590807629.434271,4595779152.354319,4600742219.957133,4605696414.623537,4610641312.37769,4615576482.850234,4620501489.243286,4625415888.297347,4630319230.260263,4635211058.858343,4640090911.269773,4644958318.100449,4649812803.36237,4654653884.454714,4659481072.147776,4664293870.569895,4669091777.197533,4673874282.848695,4678640871.679815,4683391021.186355,4688124202.20723,4692839878.933326,4697537508.920244,4702216543.105555,4706876425.830703,4711516594.867879,4716136481.452003,4720735510.318159,4725313099.744658,4729868661.602065,4734401601.408404,4738911318.390911,4743397205.554548,4747858649.757668,4752295031.795113,4756705726.489106,4761090102.788292,4765447523.87528,4769777347.283085,4774078925.02088,4778351603.709435,4782594724.726733,4786807624.364151,4790989633.993721,4795140080.246952,4799258285.205691,4803343566.605587,4807395238.052691,4811412609.253768,4815394986.260911,4819341671.731087,4823251965.201254,4827125163.37972,4830960560.454456,4834757448.419063,4838515117.417193,4842232856.10616,4845909952.04063,4849545692.077162,4853139362.800575,4856690250.973022,4860197644.006713,4863660830.461369,4867079100.56738,4870451746.775793,4873778064.336272,4877057351.904175,4880288912.178024,4883472052.568642,4886606085.901251,4889690331.152,4892724114.220302,4895706768.738512,4898637636.920574,4901516070.451189,4904341431.417276,4907113093.283488,4909830441.913641,4912492876.639979,4915099811.38233,4917650675.819184,4920144916.612958,4922581998.6917,4924961406.589573,4927282645.848678,4929545244.484722,4931748754.519317,4933892753.581582,4935976846.58216,4938000667.462532,4939963881.022939,4941866184.832158,4943707311.222641,4945487029.374598,4947205147.4928255,4948861515.080177,4950456025.311792,4951988617.514368,4953459279.7549095,4954868051.543623,4956215026.655848,4957500356.077968,4958724251.082756,4959886986.439529,4960988903.764906,4962030415.02021,4963012006.161715,4963934240.950304,4964797764.927383,4965603309.564117,4966351696.5914345,4967043842.518611,4967680763.348442,4968263579.497513,4968793520.930372,4969271932.516807,4969700279.621886,4970080153.9387245,4970413279.57457,4970701519.401051,4970946881.68012,4971151526.977569,4971317775.376647,4971448114.004777,4971545204.887046,4971611893.140646,4971651215.525188,4971666409.364422,4971660921.855604,4971638419.783551,4971602799.657061,4971558198.286427,4971509003.8213005,4971459867.269456,4971415714.517535,4971381758.876221,4971363514.173031,4971366808.417293,4971397798.062789,4971462982.894939,4971569221.570652,4971723747.840279,4971934187.482675,4972208575.985813,4972555377.006972,4972983501.64847,4973502328.586487,4974121725.092606,4974852068.989818,4975704271.586827,4976689801.63698,4977820710.370625,4979109657.652433,4980569939.318113,4982215515.748135,4984061041.739407,4986121897.739533,4988414222.512185,4553619878.753597,4562899007.035879,4572827294.189484,4583436398.137581,4594759289.936785,4606830308.423673,5429341655.187122,5440361790.133935,5452262692.078386,5465091961.714106,5478899248.81369,5493736330.494766,4316890061.071261,4342612688.370375,4369570091.770474,4397809637.52082,4427380534.45925,4458333923.261654,4490722971.586365,4246630769.7724905,4274955405.2589417,4304399634.047865,4335010264.496889,4366836179.471539,4399928442.736543,4187009184.490618,4237829306.824547,4290161324.492549,4344055410.398619,4399563875.629625,4456741287.43194,5976950958.993744,6039287852.692825,6103524383.262356,6169702862.181218,6237865904.72898,6308056402.971028,6380317498.803232,4863566640.054852,4932813015.641342,5004840424.87513,5079760593.416075,5157690627.491486,5238753389.365492,5323077910.183573,5410799844.867831,5488442304.419813,5555853115.104435,5626550293.491119,5700740667.859592,5778645364.347134,5860500933.590619,5946560586.908383,6037095557.02912,6132396601.310958,6232775669.025584,6338567758.782305,6450132997.751662,8022434682.822022,8129551952.871492,8242356879.054682,8361189172.473149,8486410879.271376,8618408748.009562,9227164627.28642,9392275509.509008,9565785259.592571,9748286863.156542,9940435484.13645,9851678358.204554,10050482038.659697,10260176571.283464,10481722092.418156,10716224350.595823,10509338796.613611,10776101309.330109,11061152608.908188,11366687479.422216,11695327326.17717,11658124447.294815,12043057106.881298,12465671956.256151,12932205468.870264,13450114290.178455,13118078947.192636,13778481152.794462,14529283018.347092,15385739601.420267,16365096705.378569,17800872709.450176,18815201959.85536,19933882055.7454,21144825148.063576,22416042954.319828,23681003018.38655,31432403023.13,31534992747.934483,30506113342.56684,27555914855.38217,21320437384.527397,1462444389.0600615,-23298455533.180073,-66386731721.98483,-133826667313.67075,0.0
2807.0,4243561246.905362,4248032667.731996,4252503598.331345,4256973803.533848,4261443043.915103,4265911075.748448,4270377650.9576063,4274842517.0694017,4279305417.166626,4283766089.841022,4288224269.146466,4292679684.552354,4297132060.897236,4301581118.342728,4306026572.327744,4310468133.523086,4314905507.786435,4319338396.117759,4323766494.615237,4328189494.4316845,4332607081.731565,4337018937.648634,4341424738.244244,4345824154.466404,4350216852.109608,4354602491.775521,4358980728.83457,4363351213.388508,4367713590.234016,4372067498.827423,4376412573.250579,4380748442.17802,4385074728.845431,4389391051.01955,4393697020.96955,4397992245.440029,4402276325.625651,4406548857.147589,4410809430.031818,4415057628.6894,4419293031.89883,4423515212.790612,4427723738.834095,4431918171.826787,4436098067.886196,4440262977.444364,4444412445.245226,4448546010.344915,4452663206.115202,4456763560.250169,4460846594.776319,4464911826.06625,4468958764.856101,4472986916.266916,4476995779.830119,4480984849.517307,4484953613.774542,4488901555.561345,4492828152.394632,4496732876.397792,4500615194.355139,4504474567.772,4508310452.940671,4512122301.012495,4515909558.076362,4519671665.243872,4523408058.741488,4527118170.009966,4530801425.811369,4534457248.344006,4538085055.365637,4541684260.325274,4545254272.503987,4548794497.165045,4552304335.713819,4555783185.867871,4559230441.837615,4562645494.518022,4566027731.691832,4569376538.244732,4572691296.39303,4575971385.924298,4579216184.451559,4582425067.681568,4585597409.697745,4588732583.258404,4591829960.110845,4594888911.322036,4597908807.626491,4600889019.79208,4603828919.004503,4606727877.271188,4609585267.845372,4612400465.671223,4615172847.850835,4617901794.133991,4620586687.431585,4623226914.353712,4625821865.773357,4628370937.416783,4630873530.481622,4633329052.283836,4635736916.934694,4638096546.048957,4640407369.485541,4642668826.121944,4644880364.663816,4647041444.491051,4649151536.541882,4651210124.2365,4653216704.441762,4655170788.478662,4657071903.1742325,4658919591.959706,4660713416.016732,4662452955.473597,4664137810.653443,4665767603.376578,4667341978.318975,4668860604.429285,4670323176.406633,4671729416.241669,4673079074.823351,4674371933.614141,4675607806.396269,4676786541.091963,4677908021.660565,4678972170.075591,4679978948.384931,4680928360.857523,4681820456.219876,4682655329.986132,4683433126.88526,4684154043.389378,4684818330.347121,4685426295.72632,4685978307.470266,4686474796.472144,4686916259.6723,4687303263.283198,4687636446.147232,4687916523.232543,4688144289.272449,4688320622.55408,4688446488.862211,4688522945.584414,4688551145.983914,4688532343.646842,4688467897.110713,4688359274.681357,4688208059.445747,4688015954.488432,4687784788.319636,4687516520.523406,4687213247.634396,4686877209.252387,4686510794.403847,4686116548.160254,4685697178.523268,4685255563.587241,4684794758.989914,4684318005.662604,4683828737.891634,4683330591.703072,4682827413.583536,4682323269.550104,4681822454.582908,4681329502.434627,4680849195.831448,4680386577.080764,4679946959.101397,4679535936.8927,4679159399.459624,4678823542.211367,4678534879.851927,4678300259.781694,4678126876.029737,4678022283.737431,4677994414.214712,4678051590.591143,4678202544.084843,4678456430.913277,4678822849.870778,4679311860.59882,4679934002.576019,4680700314.85601,4681622356.582589,4682712228.312702,4683982594.179245,4685446704.927193,4687118421.857882,4689012241.718206,4691143322.573105,4693527510.701632,4696181368.559191,4699122203.850489,4259316635.670413,4271036016.717229,4283481719.664444,4296686083.120551,4310682699.186976,4325506462.551388,5173480505.287287,5185204159.529494,5197810090.040451,5211343442.640957,5225851215.869959,5241382327.876072,4128312782.54333,4157102856.881111,4187142432.234433,4218476108.359121,4251150131.983864,4285212474.665248,4320712915.799562,4115089944.020581,4146183648.643184,4178403335.870824,4211791093.357953,4246390658.767493,4282247498.12161,4138821575.1756887,4190200037.942184,4242979150.347413,4297199830.933852,4352904455.785652,4410136929.001549,5699499828.616343,5756880911.85293,5815734839.923353,5876079335.872461,5937931269.256822,6001306590.894079,6066220269.3831005,4711507520.186639,4780770284.675282,4852549137.381109,4926933234.24829,5004015690.733429,5083893883.990542,5166669791.070299,5252450368.430867,5327350247.027767,5396386660.824537,5468588934.533482,5544138978.018997,5623230508.667515,5706069999.951405,5792877736.221677,5883888991.068331,5979355350.238672,6079546204.608582,6184750444.265361,6295278391.635834,7966970124.117863,8076210263.254777,8190504429.818159,8310118237.66148,8435334528.133525,8566455688.299112,9177851474.52748,9339743867.113884,9509108416.55164,9686466497.939837,9872402256.266884,9506936319.698772,9687491986.207731,9877200195.005993,10076934271.915665,10287720794.648176,10345590818.88158,10593983485.670856,10858838846.987972,11142322079.09438,11447054765.612951,11500248681.946709,11862373827.84109,12259975919.585651,12699148814.766666,13187247055.750492,12728004017.761566,13342894665.272186,14047070313.906288,14857224673.038189,15792978043.621595,16602792353.328808,17546292036.440437,18608545976.23017,19795327439.79396,21104497642.33932,22518418386.47784,32893596520.15281,34116783068.217583,34774732315.74869,34277979053.44378,31416764147.382256,14578596091.54562,-4180664692.712845,-38358227959.168686,-55171327927.41813,0.0
2806.0,4087022478.128268,4090931117.3783016,4094835809.471428,4098736301.12522,4102632334.951709,4106523649.418933,4110409978.812805,4114291053.199336,4118166598.387247,4122036335.891024,4125899982.894407,4129757252.2144265,4133607852.265936,4137451487.026782,4141287856.003572,4145116654.198145,4148937572.074752,4152750295.528032,4156554505.851809,4160349879.7087774,4164136089.101125,4167912801.342175,4171679679.0290594,4175436380.016546,4179182557.39205,4182917859.45189,4186641929.678908,4190354406.7214594,4194054924.373926,4197743111.558754,4201418592.310167,4205080985.7596064,4208729906.122983,4212364962.689861,4215985759.814659,4219591896.90994,4223182968.441949,4226758563.928463,4230318267.939089,4233861660.0981054,4237388315.0900135,4240897802.667843,4244389687.6644497,4247863530.006844,4251318884.7337456,4254755302.0165033,4258172327.1835146,4261569500.748319,4264946358.4415216,4268302431.24672,4271637245.440605,4274950322.637425,4278241179.837999,4281509329.483474,4284754279.514037,4287975533.432783,4291172590.3749714,4294344945.182895,4297492088.486585,4300613506.790608,4303708682.567232,4306777094.356173,4309818216.871238,4312831521.114151,4315816474.49582,4318772540.9653845,4321699181.147352,4324595852.487159,4327462009.405458,4330297103.461567,4333100583.526341,4335871895.964974,4338610484.829979,4341315792.064907,4343987257.719129,4346624320.174142,4349226416.381892,4351792982.115557,4354323452.233295,4356817260.955473,4359273842.155882,4361692629.667533,4364073057.603581,4366414560.693945,4368716574.638302,4370978536.476027,4373199884.973787,4375380061.031465,4377518508.107102,4379614672.661649,4381668004.624223,4383677957.878757,4385643990.772786,4387565566.649248,4389442154.402247,4391273229.057618,4393058272.379297,4394796773.502494,4396488229.59468,4398132146.545462,4399728039.686473,4401275434.542405,4402773867.614404,4404222887.1970415,4405622054.230171,4406970943.186994,4408269142.999725,4409516258.024293,4410711909.045553,4411855734.324596,4412947390.689706,4413986554.672682,4414972923.692227,4415906217.286188,4416786178.39452,4417612574.694915,4418385199.993059,4419103875.669633,4419768452.186174,4420378810.652065,4420934864.454943,4421436560.956921,4421883883.259154,4422276852.037281,4422615527.450456,4422900011.126735,4423130448.2276745,4423307029.595186,4423429993.983652,4423499630.380605,4423516280.419197,4423480340.886003,4423392266.327624,4423252571.759896,4423061835.483414,4422820702.009469,4422529885.100381,4422190170.928602,4421802421.358899,4421367577.358244,4420886662.538097,4420360786.834,4419791150.3275175,4419179047.215764,4418525869.933943,4417833113.436483,4417102379.642575,4416335382.052084,4415533950.53803,4414700036.322037,4413835717.139336,4412943202.600178,4412024839.754652,4411083118.868245,4410120679.415566,4409140316.300079,4408144986.307716,4407137814.802705,4406122102.674017,4405101333.541249,4404079181.2288685,4403059517.518158,4402046420.186378,4401044181.3429165,4400057316.072613,4399090571.396551,4398148935.560997,4397237647.665469,4396362207.641127,4395528386.591025,4394742237.504061,4394010106.354743,4393338643.601153,4392734816.093859,4392205919.408772,4391759590.617226,4391403821.506942,4391146972.267717,4390997785.656071,4390965401.653326,4391059372.631947,4391289679.045138,4391666745.655184,4392201458.316119,4392905181.326756,4393789775.370293,4394867616.057135,4396151613.087774,4397655230.052946,4399392504.888643,4401378071.003813,4403627179.099115,4406155719.695318,4408980246.390505,4412117999.8657255,4415586932.659138,3972871077.78919,3986530109.043901,4000965743.8212295,4016209991.1075687,4032296018.90349,4049258196.398712,4913730847.043964,4925426966.169218,4937968881.554027,4951397809.806778,4965756578.25063,4981089679.679369,3934492536.904511,3965262016.498632,3997259005.6173687,4030524292.104008,4065100072.9138207,4101030017.156216,4138359333.201067,3974550527.542668,4007489438.7824407,4041529027.57072,4076705789.2174406,4113057425.6784215,4150622894.351128,4058335195.008943,4109074043.980051,4161078696.54891,4214380324.855333,4269010871.3149257,4325003072.381382,5369911484.0553,5420816713.460978,5472772391.514511,5525775069.163309,5579819574.585785,5634898928.367636,5691004263.066259,4522752320.895722,4590100001.144779,4659646662.59842,4731457752.289569,4805601184.181155,4882147555.386959,4961170394.977284,5042746450.926573,5137382583.230459,5206270789.45532,5278097919.157764,5353014330.361567,5431179228.519382,5512761393.83637,5597940005.028537,5686905577.692807,5779861039.439744,5877022968.824264,5978623031.11498,6084909651.329438,7844004248.262901,7952308983.502132,8064913403.810589,8182005356.610315,8303784474.018284,8430464273.635515,9021622286.18332,9175898070.925798,9336488016.537945,9503817543.97181,9678369838.99721,9053944643.014463,9212194786.311111,9377577100.541445,9550820512.384996,9732799421.544533,10047370955.744484,10270261696.05513,10506917548.75305,10759269072.840391,11029680678.627052,11161894510.34285,11484673576.573353,11837675430.094408,12226230999.606035,12656860700.95794,12064972327.403828,12594076504.05411,13203373672.190048,13909595513.008917,14733182105.695717,15003646204.739822,15837932976.292,16810868467.261524,17952564615.843918,19301085936.70935,20904537922.56337,33732667142.42221,36442568896.99128,39425087565.99055,42536799427.93897,45263552208.47032,37787184948.703125,34391979069.60781,20251975608.923126,4630998541.867485,0.0
2805.0,3930147731.049972,3933504805.033945,3936854709.5809913,3940197176.990772,3943531935.647717,3946858709.991532,3950177220.488289,3953487183.60208,3956788311.767357,3960080313.361915,3963362892.680631,3966635749.909949,3969898581.1032114,3973151078.156837,3976392928.787429,3979623816.509861,3982843420.616376,3986051416.156784,3989247473.9198,3992431260.41558,3995602437.85954,3998760664.157509,4001905592.89227,4005036873.3116016,4008154150.317855,4011257064.459161,4014345251.9223504,4017418344.527652,4020475969.725282,4023517750.5939856,4026543305.841639,4029552249.8080025,4032544192.469735,4035518739.447752,4038475492.0170417,4041414047.119077,4044333997.376877,4047234931.1129146,4050116432.369917,4052978080.93475,4055819452.365469,4058640118.021723,4061439645.098592,4064217596.664077,4066973531.700335,4069707005.148844,4072417567.959672,4075104767.144988,4077768145.8370447,4080407243.350728,4083021595.250969,4085610733.425141,4088174186.160655,4090711478.228001,4093222130.9694,4095705662.393348,4098161587.275236,4100589417.264331,4102988660.997336,4105358824.2188215,4107699409.908765,4110009918.417504,4112289847.608393,4114538693.008439,4116755947.967261,4118941103.824666,4121093650.0872016,4123213074.614022,4125298863.812406,4127350502.843343,4129367475.83752,4131349266.1221714,4133295356.4591312,4135205229.294588,4137078367.020932,4138914252.251189,4140712368.106509,4142472198.517192,4144193228.537771,4145874944.676704,4147516835.241168,4149118390.697603,4150679104.0485296,4152198471.226268,4153675991.504234,4155111167.926397,4156503507.755648,4157852522.941736,4159157730.609522,4160418653.568301,4161634820.842996,4162805768.227994,4163931038.864504,4165010183.8423057,4166042762.826745,4167028344.711995,4167966508.301464,4168856843.016414,4169698949.63381,4170492441.054476,4171236943.102661,4171932095.35822,4172577552.022529,4173172982.819458,4173718073.932618,4174212528.980261,4174656070.029171,4175048438.649023,4175389397.008615,4175678729.0155935,4175916241.501169,4176101765.451533,4176235157.287613,4176316300.19499,4176345105.505738,4176321514.134098,4176245498.0679407,4176117061.918028,4175936244.52715,4175703120.641329,4175417802.645282,4175080442.364505,4174691232.9363217,4174250410.7524056,4173758257.475323,4173215102.131725,4172621323.284953,4171977351.289869,4171283670.6328106,4170540822.35973,4169749406.5956106,4168910085.158365,4168023584.270584,4167090697.372541,4166112288.039974,4165089293.010372,4164022725.321444,4162913677.5657663,4161763325.26554,4160572930.371605,4159343844.89105,4158077514.647695,4156775483.180061,4155439395.7814407,4154071003.68686,4152672168.411878,4151244866.248286,4149791192.921885,4148313368.41775,4146813741.978405,4145294797.2805934,4143759157.7964096,4142209592.344691,4140649020.8387895,4139080520.23687,4137507330.7011538,4135932861.972522,4134360699.967196,4132794613.602199,4131238561.856496,4129696701.074879,4128173392.5216894,4126673210.191693,4125200948.885408,4123761632.556404,4122360522.9381433,4121003128.457933,4119695213.445791,4118442807.6458807,4117252216.038445,4116130028.979936,4115083132.669277,4114118719.948032,4113244301.44224,4112467717.053727,4111797147.8084254,4111241128.069308,4110808558.121274,4110508717.135217,4110351276.518221,4110346313.656653,4110504326.058605,4110836245.901719,4111353454.992175,4112067800.1401024,4112991608.9561768,4114137706.07368,4115519429.799614,4117150649.19789,4119045781.60678,4121219810.592103,4123688304.336663,4126467434.465662,4129573995.306588,4133025423.581217,4136839818.526041,3691333333.370504,3706347680.849561,3722161828.119577,3738806538.01697,3756313609.884145,3774715913.817332,4648742061.599299,4659673978.593388,4671380639.378582,4683898129.989597,4697263874.954407,4711516679.858175,3731057922.644528,3762711444.475405,3795537646.531912,3829572679.398186,3864853833.6316433,3901419585.3269234,3939309644.366392,3821266098.9863806,3855123517.550152,3890029592.906382,3926014743.4280114,3963110153.397938,4001347791.830441,3944200143.54296,3993229522.6768966,4043374451.108246,4094656458.1615977,4147097193.2743926,4200718406.2884607,4994576148.764257,5038018895.607147,5082121129.04236,5126862663.919704,5172221026.544118,5218171365.109303,5264686367.120071,4296049844.920841,4359825987.26846,4425453806.935133,4492975157.268828,4562432855.674829,4633870802.524401,4707334126.672537,4782869362.891715,4916338769.213751,4983428470.966664,5053146981.49571,5125608578.442905,5200933090.14945,5279246359.667975,5360680787.322144,5445375968.977824,5533479451.052111,5625147628.014467,5720546813.922878,5819854526.627615,7651587890.206768,7756412172.059145,7864718404.444482,7976616559.771376,8092222625.044911,8211660271.23537,8761693638.041306,8904759515.814156,9052808642.174236,9206146730.762686,9365126141.87481,8509206579.419893,8642563106.118156,8780830979.132309,8924539406.257416,9074340329.62646,9629265687.767223,9821117686.91795,10023277833.034485,10237252946.892883,10464914021.271994,10660420794.886448,10930041385.680578,11222168890.692244,11540888537.536625,11891310664.61301,11172644395.08843,11582944438.791197,12057621069.277555,12612114555.188925,13266079892.141766,13124650682.550016,13821394133.891884,14675419267.962065,15741122575.77406,17096241370.784693,18853365357.62679,33379441356.634624,37522164985.42493,42811346853.38724,49657226486.42893,58550664146.569305,63053492840.48471,78951125398.28738,90654704898.00388,51506302044.192795,0.0
