,900,897,894,891,888,885,882,879,876,873,870,867,864,861,858,855,852,849,846,843,840,837,834,831,828,825,822,819,816,813,810,807,804,801,798,795,792,789,786,783,780,777,774,771,768,765,762,759,756,753,750,747,744,741,738,735,732,729,726,723,720,717,714,711,708,705,702,699,696,693,690,687,684,681,678,675,672,669,666,663,660,657,654,651,648,645,642,639,636,633,630,627,624,621,618,615,612,609,606,603,600,597,594,591,588,585,582,579,576,573,570,567,564,561,558,555,552,549,546,543,540,537,534,531,528,525,522,519,516,513,510,507,504,501,498,495,492,489,486,483,480,477,474,471,468,465,462,459,456,453,450,447,444,441,438,435,432,429,426,423,420,417,414,411,408,405,402,399,396,393,390,387,384,381,378,375,372,369,366,363,360,357,354,351,348,345,342,339,336,333,330,327,324,321,318,315,312,309,306,303,300,297,294,291,288,285,282,279,276,273,270,267,264,261,258,255,252,249,246,243,240,237,234,231,228,225,222,219,216,213,210,207,204,201,198,195,192,189,186,183,180,177,174,171,168,165,162,159,156,153,150,147,144,141,138,135,132,129,126,123,120,117,114,111,108,105,102,99,96,93,90,87,84,81,78,75,72,69,66,63,60,57,54,51,48,45,42,39,36,33,30,27,24,21,18,15,12,9,6,3,0
2985.0,24846614.211103287,24847583.34343237,24848597.54629687,24849657.2545319,24850762.90747064,24851914.94900604,24853113.82765332,24854359.99661374,24855653.91383941,24856996.04209909,24858386.849045373,24859826.807282865,24861316.394437466,24862856.093227107,24864446.3915335,24866087.78247524,24867780.76448204,24869525.84137053,24871323.52242116,24873174.322456423,24875078.761920683,24877037.36696115,24879050.66951042,24881119.20737047,24883243.52429805,24885424.17009168,24887661.7006801,24889956.678212337,24892309.67114941,24894721.254357528,24897192.00920309,24899722.52364929,24902313.39235452,24904965.21677235,24907678.60525364,24910454.173150007,24913292.542919625,24916194.344234604,24919160.21409036,24922190.796917085,24925286.744693022,24928448.71705995,24931677.381440703,24934973.41315872,24938337.495559894,24941770.32013656,24945272.586653683,24948845.00327751,24952488.28670628,24956203.16230357,24959990.36423397,24963850.63560117,24967784.72858864,24971793.40460286,24975877.43441915,24980037.59833025,24984274.686297458,24988589.498104684,24992982.843515217,24997455.542431537,25002008.425057825,25006642.332065742,25011358.114762936,25016156.63526495,25021038.76667016,25026005.39323788,25031057.410569925,25036195.7257954,25041421.25775893,25046734.93721242,25052137.70701032,25057630.52230855,25063214.35076705,25068890.172756184,25074658.981566947,25080521.783625025,25086479.598708887,25092533.46017196,25098684.41516895,25104933.524886265,25111281.86477693,25117730.524799746,25124280.60966293,25130933.239072427,25137689.547984693,25144550.686864395,25151517.82194678,25158592.135505088,25165774.826122887,25173067.108971555,25180470.216093007,25187985.396687705,25195613.91740802,25203357.06265725,25211216.13489408,25219192.454943035,25227287.362310395,25235502.215506505,25243838.392373744,25252297.29042099,25260880.3271642,25269588.9404735,25278424.58892677,25287388.75216988,25296482.931283846,25305708.64915876,25315067.45087477,25324560.90409041,25334190.599438068,25343958.15092701,25353865.19635392,25363913.397721227,25374104.44166336,25384440.0398808,25394921.9295826,25405551.873937,25416331.66253048,25427263.111835588,25438348.06568743,25449588.39576899,25460986.002105728,25472542.81356915,25484260.788389903,25496141.91468041,25508188.21096716,25520401.72673268,25532784.54296787,25545338.772734206,25558066.56173625,25570970.088904828,25584051.566990685,25597313.24316889,25610757.399654265,25624386.35432781,25638202.46137434,25652208.111931484,25666405.73475019,25680797.79686676,25695386.80428673,25710175.302680448,25725165.87809081,25740361.157652784,25755763.810325287,25771376.54763524,25787202.124433767,25803243.339664888,25819503.03714644,25835984.1063634,25852689.483273644,25869622.15112593,25886785.141290344,25904181.53410061,25921814.459708974,25939687.09895265,25957802.684232272,25976164.50040181,25994775.88566995,26013640.23251233,26032760.98859449,26052141.65770522,26071785.80069952,26091697.03645088,26111879.04281233,26132335.55758528,26153070.379495703,26174087.36917656,26195390.45015576,26216983.60984817,26238870.90055104,26261056.44044093,26283544.41457124,26306339.07586808,26329444.74612347,26352865.816983107,26376606.75092718,26400672.082241368,26425066.41797567,26449794.43888827,26474860.90037089,26500270.63335264,26526028.54517835,26552139.62045725,26578608.92187764,26605441.590982474,26632642.848900605,26660217.99702773,26688172.41765082,26716511.574508727,26745241.01328195,26774366.36200258,26803893.33137621,26833827.71500528,26864175.389503807,26894942.31449147,26926134.532454845,26957758.16846172,26989819.42971377,27022324.60492154,27055280.063483752,27088692.254452307,27122567.705261745,27156913.020200912,27191734.878602143,27227040.032721423,27262835.305280525,27299127.58663979,27335923.831567343,-897162521.30478,-897132275.8883445,-897101813.0359559,-897071133.9321237,-897040239.9653724,-897009132.7403566,-893955251.2217284,-893926244.295577,-893897047.3572431,-893867662.816369,-893838093.3503835,-879014908.9460732,-878981145.729012,-878947110.8700848,-878912806.3475733,-878878234.4895898,-878622238.248137,-878589424.3500832,-878556408.342875,-878523195.2240809,-878489790.4604534,-878456200.0143912,-892899808.9684291,-892862842.0856688,-892825634.6004448,-892788193.399141,-892750526.0437882,-890911995.1186266,-890875754.8014632,-890839314.9862094,-890802685.482898,-890765876.9661608,-890728901.0244335,-874753792.8955926,-874718339.4180104,-874682804.112567,-874647203.3213634,-874611554.5065055,-873945325.8077828,-873910516.4660518,-873875731.3854287,-873840992.649081,-873806323.6017977,-829071498.3238637,-829035036.5003488,-828998684.405529,-828962471.7538528,-828926429.7997571,-828890591.3299975,-828160507.0205206,-828128739.8235701,-828097315.83307,-828066268.6567913,-828035632.4164083,-827987129.1666453,-827958445.3480117,-827930267.4902948,-827902626.3585447,-827875551.2691511,-829850304.3681128,-829829665.4844971,-829809553.6861413,-829789965.8291259,-829770892.5466075,-851791998.642069,-851777138.2421649,-851762544.6078777,-851748161.1224413,-851733921.1807394,-851719747.6976372,-871117482.0429903,-871102758.179775,-871087855.6830574,-871072653.0635406,-871057018.8657819,-869534911.8573058,-869518463.1013569,-869501077.0277135,-869482632.2783864,-869463020.9625554,-872432096.1471467,-872409937.3600385,-872372709.5061008,-872348107.6587456,-872322613.1990666,-872296625.4420862,-872270832.6411608,-871649955.0103506,-871628700.9729578,-871613404.4608015,-871607600.3268839,-871612738.9036931,-870724108.2847148,0.0
2984.0,23936638.88558232,23936520.667366333,23936446.039805874,23936415.449740075,23936429.34880264,23936488.19348941,23936592.44522725,23936742.57044404,23936939.04063996,23937182.33246006,23937472.92776805,23937811.313721508,23938197.98284832,23938633.43312452,23939118.1680536,23939652.69674716,23940237.53400696,23940873.200408645,23941560.222386736,23942299.132321347,23943090.468626343,23943934.775839213,23944832.60471243,23945784.512306627,23946791.0620854,23947852.82401173,23948970.37464643,23950144.297248103,23951375.181875184,23952663.625489622,23954010.23206272,23955415.61268261,23956880.38566417,23958405.17666038,23959990.61877628,23961637.35268468,23963346.02674425,23965117.297119647,23966951.827903945,23968850.29124333,23970813.367464155,23972841.745202325,23974936.12153511,23977097.202115525,23979325.70130902,23981622.342333,23983987.857398763,23986422.9878562,23988928.484341275,23991505.10692616,23994153.625272367,23996874.8187866,23999669.47677984,24002538.398629043,24005482.3939424,24008502.282727323,24011598.895561904,24014773.07376952,24018025.669596825,24021357.54639516,24024769.57880536,24028262.652946293,24031837.666606773,24035495.52944137,24039237.16316996,24043063.501780964,24046975.4917388,24050974.092195023,24055060.2752039,24059235.02594181,24063499.342931263,24067854.23826895,24072300.73785845,24076839.88164741,24081472.72386932,24086200.33329008,24091023.79345932,24095944.20296675,24100962.675703347,24106080.341127947,24111298.34453884,24116617.84735081,24122040.027377684,24127566.079120368,24133197.214060657,24138934.660960782,24144779.666169,24150733.493931085,24156797.426708262,24162972.765501183,24169260.83018056,24175662.959824275,24182180.51306134,24188814.868422657,24195567.424698744,24202439.6013048,24209432.83865291,24216548.59853192,24223788.3644948,24231153.642253924,24238645.960084204,24246266.86923452,24254017.94434737,24261900.78388706,24269917.01057652,24278068.2718431,24286356.240273293,24294782.61407683,24303349.11756017,24312057.50160964,24320909.54418449,24329907.050820004,24339051.855140906,24348345.81938526,24357790.8349392,24367388.82288252,24377141.73454561,24387051.55207776,24397120.28902714,24407349.990932915,24417742.73592926,24428300.63536217,24439025.8344188,24449920.512769923,24460986.88522556,24472227.202404305,24483643.751416463,24495238.85656122,24507014.88003853,24518974.222675346,24531119.324667297,24543452.666335523,24555976.76889912,24568694.195263773,24581607.55082657,24594719.484297503,24608032.68853795,24621549.901416425,24635273.90668202,24649207.5348558,24663353.664140634,24677715.22134944,24692295.1828527,24707096.575545248,24722122.47783262,24737376.02063765,24752860.388427347,24768578.82026036,24784534.610855743,24800731.11168276,24817171.732072707,24833859.940352425,24850799.265000258,24867993.29582453,24885445.685164843,24903160.149116445,24921140.468777947,24939390.49152255,24957914.13229298,24976715.37492022,24995798.273466293,25015166.95359118,25034825.61394356,25054778.52757603,25075030.043384105,25095584.587569226,25116446.6651256,25137620.861350443,25159111.84337749,25180924.361733243,25203063.251915533,25225533.435993727,25248339.92422976,25271487.816719428,25294982.30505256,25318828.67399135,25343032.303164884,25367598.668779243,25392533.34534052,25417842.007389545,25443530.431245662,25469604.49675739,25496070.18905686,25522933.60031545,25550200.9314967,25577878.49410268,25605972.711910147,25634490.122690853,25663437.37991147,25692821.254407056,25722648.636021577,25752926.535208456,25783662.084583446,25814862.540420987,25846535.28408468,25878687.823381297,25911327.79382706,25944462.95981312,25978101.215656787,26012250.58652283,26046919.2291984,26082115.432702787,26117847.618712217,26154124.341777205,26190954.289308205,26228346.28130315,26266309.269787256,-897794234.2505506,-897759885.20325,-897725227.2874788,-897690259.8968884,-897654982.6072395,-897619395.1899207,-894557559.6382569,-894523830.1794618,-894489806.4001652,-894455488.7721214,-894420878.0247672,-879648672.0865209,-879610269.4692752,-879571476.3624927,-879532292.0618559,-879492716.1742942,-879206332.7250437,-879167925.3809644,-879129186.5558026,-879090118.8801364,-879050725.4665569,-879011009.9438884,-893486812.5282842,-893443796.7029402,-893400388.8034362,-893356592.7247036,-893312413.0577967,-891469128.9911255,-891426080.7159328,-891382663.319954,-891338883.6152661,-891294749.3607792,-891250269.3324549,-875257904.5384555,-875214488.5132023,-875170812.8656836,-875126892.4891576,-875082743.6946737,-874402347.1456059,-874358642.5148418,-874314784.7395726,-874270796.788187,-874226703.4844159,-829515558.4061577,-829469302.9113581,-829422971.5298581,-829376597.3487228,-829330215.9890012,-829283865.719437,-828519517.9563501,-828477131.4784403,-828434978.2766752,-828393105.461603,-828351562.5718517,-828286589.6193064,-828246997.0980005,-828207900.5022793,-828169355.8401842,-828131420.4298747,-830065343.9071183,-830035310.6598707,-830006024.8176703,-829977520.7677943,-829949828.4570625,-851940847.9725013,-851919356.701548,-851898565.8539882,-851878448.740164,-851858964.8292099,-851840057.5617203,-871229094.299173,-871210330.7483871,-871191935.1529961,-871173766.1037445,-871155651.6001656,-869630747.5682201,-869612834.5752997,-869594058.2215837,-869574104.7136339,-869552618.3165132,-872518967.7491047,-872493366.1395013,-872448581.4715731,-872416175.4244063,-872379652.8459522,-872338220.2027858,-872290945.4051826,-871640074.9483619,-871578002.9140874,-871507894.4491216,-871432523.1594244,-871363674.5950508,-870434476.993494,0.0
2983.0,23015874.139684305,23014585.74491448,23013338.85013428,23012133.908326466,23010971.3774898,23009851.72071153,23008775.40624123,23007742.907566,23006754.703486923,23005811.27819702,23004913.121360548,23004060.72819384,23003254.59954749,23002495.24199013,23001783.16789377,23001118.895520657,23000502.94911172,22999935.85897665,22999418.161585823,22998950.39966352,22998533.122283354,22998166.8849652,22997852.249773864,22997589.785419885,22997380.0673619,22997223.677911177,22997121.206338003,22997073.24898,22997080.40935264,22997143.29826175,22997262.533918142,22997438.742054462,22997672.5560442,22997964.61702296,22998315.57401213,22998726.084044818,22999196.81229422,22999728.43220441,23000321.625623714,23000977.08294059,23001695.503222097,23002477.59435509,23003324.073190115,23004235.66568804,23005213.1070696,23006257.14196776,23007368.524583124,23008548.018842258,23009796.3985592,23011114.44760002,23012502.960050683,23013962.74038819,23015494.60365493,23017099.375636667,23018777.893043857,23020531.00369665,23022359.566713378,23024264.452702995,23026246.54396116,23028306.734670155,23030445.93110294,23032665.05183118,23034965.027937323,23037346.80323104,23039811.334469963,23042359.59158467,23044992.557908468,23047711.2304115,23050516.61993969,23053409.75145848,23056391.664301503,23059463.412424173,23062626.064662524,23065880.704997167,23069228.432822704,23072670.363222525,23076207.62724925,23079841.372210868,23083572.76196268,23087402.977205243,23091333.215788405,23095364.693021577,23099498.641990304,23103736.313879527,23108078.978303216,23112527.92364112,23117084.45738226,23121749.90647564,23126525.617688064,23131412.95796973,23136413.31482705,23141528.09670341,23146758.733368024,23152106.6763126,23157573.3991566,23163160.398060888,23168869.19215007,23174701.32394378,23180658.359797,23186741.89034987,23192953.530986693,23199294.92230505,23205767.73059468,23212373.648326542,23219114.39465256,23225991.715915628,23233007.38617105,23240163.207718786,23247461.01164728,23254902.658389084,23262490.038288403,23270225.0721809,23278109.71198612,23286145.941312782,23294335.77607723,23302681.265135404,23311184.49092862,23319847.570143387,23328672.654385887,23337661.930871204,23346817.62312762,23356141.99171672,23365637.334969185,23375305.989736933,23385150.33216221,23395172.7784634,23405375.78573865,23415761.85278745,23426333.52095032,23437093.374967616,23448044.04385762,23459188.201814115,23470528.569124576,23482067.91310876,23493809.049078777,23505754.8413208,23517908.20409904,23530272.102682684,23542849.554396044,23555643.629692685,23568657.45325424,23581894.20511408,23595357.121806912,23609049.497544613,23622974.685418986,23637136.098632272,23651537.21175576,23666181.56201732,23681072.750618663,23696214.444082823,23711610.37563253,23727264.34660038,23743180.22787133,23759361.96135852,23775813.56151264,23792539.1168662,23809542.791612964,23826828.82722369,23844401.54409848,23862265.34325691,23880424.70806662,23898884.20601077,23917648.49049552,23936722.3026982,23956110.47345661,23975817.92520046,23995849.67392563,24016210.83121164,24036906.60628333,24057942.30811714,24079323.347592503,24101055.239689164,24123143.60573057,24145594.175673883,24168412.790447056,24191605.404332954,24215178.08740102,24239137.02798625,24263488.53521567,24288239.041581884,24313395.105563708,24338963.414292943,24364950.78626706,24391364.174106594,24418210.667356208,24445497.49532829,24473232.029986966,24501421.788871016,24530074.43805303,24559197.79513239,24588799.832258534,24618888.679181304,24649472.62632387,24680560.12787371,24712159.80488596,24744280.44839341,24776931.022515774,24810120.667560715,24843858.703107733,24878154.631065045,24913018.138688337,24948459.101549167,24984487.58643898,25021113.85419343,25058348.36241972,25096201.768107727,25134684.9301037,-898519761.6019748,-898481813.6051611,-898443462.6633711,-898404705.9461017,-898365540.7559091,-898325964.5417804,-895254717.8342173,-895216709.9365586,-895178296.9183962,-895139476.6691728,-895100247.2872057,-880374524.1016955,-880332032.8055587,-880289028.158259,-880245506.1089754,-880201462.8324904,-879887577.1699575,-879844015.086287,-879799980.7215251,-879755473.2946048,-879710492.453562,-879665038.3137314,-894172989.1726451,-894124428.455188,-894075311.270762,-894025637.2046783,-893975406.469283,-892126214.0031698,-892076776.2461205,-892026779.6298507,-891976226.1537397,-891925118.7244174,-891873461.2398214,-875864585.4575362,-875813395.8292849,-875761732.7892723,-875709607.0725487,-875657030.9697866,-874962402.7169219,-874909746.837191,-874856708.0773263,-874803306.7354642,-874749565.3814871,-830062458.5287387,-830006171.9589703,-829949554.809555,-829892638.9329774,-829835459.5094554,-829778055.2910345,-828976759.6203108,-828922846.6755043,-828868956.5224596,-828815145.0156424,-828761472.4398338,-828677825.8451445,-828625826.3077009,-828574191.5513884,-828522999.8962499,-828472334.4673536,-830356522.4411823,-830314826.1385703,-830274004.0355685,-830234135.9968107,-830195301.7408276,-852147890.684803,-852117283.1509018,-852087833.4407091,-852059572.769753,-852032519.0730048,-852006673.4395747,-871386069.1909025,-871361277.5588694,-871337647.4057362,-871315076.1598501,-871293415.2174511,-869764441.5025201,-869745346.2841401,-869726045.1197224,-869706097.8792797,-869684967.0666598,-872650778.155082,-872625462.9120407,-872580312.178203,-872546006.4040829,-872505468.0709622,-872456837.5006773,-872397666.32003,-871727768.2427458,-871636460.6101475,-871521538.5540977,-871377965.1035823,-871209069.0518667,-870168271.0153759,0.0
2982.0,22085649.27615096,22083110.48255316,22080610.48618459,22078149.74013177,22075728.70263898,22073347.83718432,22071007.612557232,22068708.50293749,22066450.987975467,22064235.552874133,22062062.68847236,22059932.891329963,22057846.66381419,22055804.514187936,22053806.956699464,22051854.51167408,22049947.70560718,22048087.07125933,22046273.147753067,22044506.48067145,22042787.622158624,22041117.131022148,22039495.5728374,22037923.52005388,22036401.55210366,22034930.25551171,22033510.224008616,22032142.058645245,22030826.367909696,22029563.767846536,22028354.882178336,22027200.34242948,22026100.788052525,22025056.866556887,22024069.23364007,22023138.553321563,22022265.498079125,22021450.748988003,22020694.995862737,22019998.93740171,22019363.28133469,22018788.744573142,22018276.05336368,22017825.94344426,22017439.160203908,22017116.45884515,22016858.60455008,22016666.37264944,22016540.54879524,22016481.92913682,22016491.320500348,22016569.54057203,22016717.41808495,22016935.79300966,22017225.51674861,22017587.452334657,22018022.47463329,22018531.470549274,22019115.33923728,22019774.99231692,22020511.35409206,22021325.36177473,22022217.965713527,22023190.129626684,22024242.830840006,22025377.060529664,22026593.823969904,22027894.14078604,22029279.04521244,22030749.586356115,22032306.82846557,22033951.851205297,22035685.74993604,22037509.63600085,22039424.63701701,22041431.89717444,22043532.57753971,22045727.85636717,22048018.929416057,22050407.01027456,22052893.330690667,22055479.140909974,22058165.71002069,22060954.32630601,22063846.297603827,22066842.95167426,22069945.63657501,22073155.72104467,22076474.594894268,22079903.66940735,22083444.37774841,22087098.175380453,22090866.540491257,22094750.974429112,22098753.002147924,22102874.172661893,22107116.05951029,22111480.26123229,22115968.40185212,22120582.13137492,22125323.126293607,22130193.09010668,22135193.75384761,22140326.87662595,22145594.24618036,22150997.67944397,22156539.023122333,22162220.15428436,22168042.98096639,22174009.442789763,22180121.51159253,22186381.19207516,22192790.52246094,22199351.57517144,22206066.457517125,22212937.31240395,22219966.31905586,22227155.69375401,22234507.690592933,22242024.602254007,22249708.760796983,22257562.538469624,22265588.348536324,22273788.646125905,22282165.92909933,22290722.738937512,22299461.66165022,22308385.32870632,22317496.417985745,22326797.65475449,22336291.812662218,22345981.71476411,22355870.234566785,22365960.29709944,22376254.880010765,22386757.01469211,22397469.7874281,22408396.34057478,22419539.873766743,22430903.64515346,22442490.972665943,22454305.235314533,22466349.874518458,22478628.39546834,22491144.368522298,22503901.43063676,22516903.28683291,22530153.7116995,22543656.55093357,22557415.722919542,22571435.220348224,22585719.11187647,22600271.54382882,22615096.741942424,22630199.013155986,22645582.747444514,22661252.419700697,22677212.5916644,22693467.91390164,22710023.127834287,22726883.06782193,22744052.663297355,22761536.940957017,22779341.02700813,22797470.149473783,22815929.64055766,22834724.93906991,22853861.59291595,22873345.261649564,22893181.71909223,22913376.85602019,22933936.682920985,22954867.33282141,22976175.064188164,22997866.26390352,23019947.45031725,23042425.276376985,23065306.53283841,23088598.15155749,23112307.208865765,23136440.929031186,23161006.68780561,23186012.01606076,23211464.60351426,23237372.30254688,23263743.13211295,23290585.281744663,23317907.11565166,23345717.17691691,23374024.19178955,23402837.07407539,23432164.92962548,23462017.06092259,23492402.97176573,23523332.37205197,23554815.18265428,23586861.54039445,23619481.80310884,23652686.55480432,23686486.610901203,23720893.023559425,23755917.08708265,23791570.34339494,23827864.58758272,23864811.87349425,23902424.519386888,23940715.11361128,-899345730.8756084,-899304871.4953922,-899263517.0115728,-899221662.0442139,-899179301.2711807,-899136429.439597,-896054781.0220242,-896013155.3308895,-895971012.5828007,-895928347.5551121,-895885155.1457502,-881199177.0587354,-881153358.1366925,-881106905.028743,-881059809.8403971,-881012064.7719879,-880675091.848218,-880627073.8703175,-880578438.1105309,-880529179.4598317,-880479293.1145132,-880428774.6133116,-894967239.5233397,-894913916.8363215,-894859868.153042,-894805087.5826648,-894749569.694317,-892893554.7395774,-892838465.4723138,-892782616.2053841,-892726002.4299477,-892668620.3643703,-892610467.0413165,-876586953.3194703,-876528557.3185971,-876469446.4530888,-876409624.4435959,-876349096.4867594,-875640884.8239336,-875579639.7245018,-875517736.1140616,-875455187.4826387,-875392009.7149515,-830728891.4220936,-830662788.8859079,-830596036.5263362,-830528659.2319124,-830460685.6130824,-830392148.3592789,-829552716.5750468,-829486790.6571031,-829420565.4098718,-829354097.4930385,-829287449.6692606,-829183464.8723689,-829117870.9576684,-829052356.1762879,-828987012.4398181,-828921940.0659661,-830747718.5734088,-830691967.0971318,-830637042.4116296,-830583069.3937188,-830530179.3031185,-852434228.6227262,-852391218.8921989,-852349728.5461338,-852309870.8221865,-852271752.6403307,-852235470.6908643,-871603623.694795,-871569313.3199714,-871537095.7688888,-871506985.7061635,-871478950.2371521,-869941476.8740714,-869919841.993162,-869899376.1764214,-869879660.0842329,-869860137.1040865,-872827152.4190278,-872805711.9073571,-872768317.329871,-872739860.3426076,-872705419.3997445,-872662659.4135485,-872608472.6521896,-871941695.1466699,-871849620.6283149,-871726018.8932393,-871555542.6021829,-871312114.1236436,-870074409.3588437,0.0
2981.0,21147401.474485926,21143535.415497903,21139704.84469193,21135910.209130187,21132151.96109129,21128430.558148704,21124746.46325036,21121100.14480004,21117492.07674004,21113922.738635577,21110392.6157607,21106902.199185856,21103451.98586715,21100042.478737246,21096674.186798107,21093347.62521532,21090063.315414503,21086821.785179306,21083623.56875148,21080469.20693276,21077359.247188795,21074294.243755065,21071274.757744867,21068301.357259367,21065374.61749984,21062495.120882105,21059663.45715317,21056880.223510165,21054146.02472167,21051461.473251373,21048827.189384174,21046243.801354807,21043711.94547905,21041232.26628743,21038805.416661646,21036432.057973783,21034112.86022818,21031848.502206203,21029639.67161392,21027487.065232728,21025391.38907302,21023353.358530942,21021373.698548283,21019453.143775668,21017592.43873902,21015792.338009387,21014053.60637626,21012377.019024342,21010763.36171409,21009213.430965733,21007728.03424722,21006307.990166,21004954.12866467,21003667.29122074,21002448.331050426,21001298.11331682,21000217.51534211,20999207.42682448,20998268.750059355,20997402.400165245,20996609.3053144,20995890.40696816,20995246.66011738,20994679.03352776,20994188.509990368,20993776.08657747,20993442.7749038,20993189.60139309,20993017.60755065,20992927.85024138,20992921.40197383,20992999.3511903,20993162.80256312,20993412.8772972,20993750.713439167,20994177.46619306,20994694.308242697,20995302.43008127,20996003.04034772,20996797.36617061,20997686.65351934,20998672.167562984,20999755.193036944,21000937.03461763,21002219.0173052,21003602.4868148,21005088.809976287,21006679.375142768,21008375.59260812,21010178.89503372,21012090.7378846,21014112.599875264,21016245.98342536,21018492.41512565,21020853.446214054,21023330.653062712,21025925.63767565,21028640.02819781,21031475.47943538,21034433.67338801,21037516.319793,21040725.156681743,21044061.95094898,21047528.498934854,21051126.62702041,21054858.1922366,21058725.082887296,21062729.2191868,21066872.55391184,21071157.07306871,21075584.796576075,21080157.77896348,21084878.11008613,21089747.91585661,21094769.358993568,21099944.639788102,21105275.99688836,21110765.70810245,21116416.091220666,21122229.50485729,21128208.349312343,21134355.06745416,21140672.14562315,21147162.114557367,21153827.55034049,21160671.07537285,21167695.35936612,21174903.12036231,21182297.12577781,21189880.19347322,21197655.1928494,21205625.04597095,21213792.728717595,21222161.271964222,21230733.76279064,21239513.345721778,21248503.223999187,21257706.66088475,21267126.980997656,21276767.5716856,21286631.884430923,21296723.43629329,21307045.81138935,21317602.66241116,21328397.7121838,21339434.755264085,21350717.659581043,21362250.368119832,21374036.90065016,21386081.355500683,21398387.91138086,21410960.829251524,21423804.45424597,21436923.217642825,21450321.638892632,21464004.327699486,21477975.98615976,21492241.410959613,21506805.49563305,21521673.23288252,21536849.716964222,21552340.1461398,21568149.825196862,21584284.1680406,21600748.700358205,21617549.0623594,21634691.011594523,21652180.4258534,21670023.306147248,21688225.77977642,21706794.10348671,21725734.6667172,21745053.99494241,21764758.75311201,21784855.749191143,21805351.937804464,21826254.423987664,21847570.46704925,21869307.484546937,21891473.05638147,21914074.92901225,21937121.019798245,21960619.421468284,21984578.406724587,22009006.432983965,22033912.147260506,22059304.39119442,22085192.20623096,22111584.83895452,22138491.746581648,22165922.60261814,22193887.30268452,22222395.970514502,22251458.964131173,22281086.88220561,22311290.57060207,22342081.129114844,22373469.918400727,22405468.567111515,22438088.97923087,22471343.34161903,22505244.13176927,22539804.12577921,22575036.406540044,22610954.37214551,22647571.74452321,22684902.57828845,-900277457.3913019,-900234555.0335495,-900191072.5672226,-900147001.8973945,-900102334.8898534,-900057063.3788773,-896964555.5001268,-896920193.7611105,-896875208.3477701,-896829590.5892166,-896783331.811776,-882128074.2742162,-882079897.5709202,-882030974.8184817,-881981294.0268712,-881930843.1328954,-881576771.5822793,-881525267.9562947,-881473004.8235518,-881419972.0907533,-881366159.7794437,-881311558.0564064,-895877176.381036,-895820164.3733184,-895762261.5190872,-895703455.6036875,-895643734.611691,-893780275.5669775,-893720614.2691463,-893659992.062244,-893598396.5899767,-893535815.9023235,-893472238.5325289,-877437222.8505993,-877372617.4812436,-877307041.5121117,-877240489.0275357,-877172955.2593764,-876452652.2661155,-876383682.7608187,-876313747.0554655,-876242847.6367732,-876170989.1295595,-831531297.0964763,-831456159.8528128,-831380003.3710492,-831302839.4169558,-831224683.3064857,-831145554.3295517,-830268904.3139635,-830191105.6047283,-830112577.3500512,-830033366.5596248,-829953527.2259294,-829828492.817622,-829748718.2117937,-829668566.0812768,-829588127.4427916,-829507504.5381345,-831267904.1284012,-831195953.371865,-831124531.9418103,-831053797.1762955,-830983920.3171039,-852828621.7784374,-852769397.0871615,-852711797.7519665,-852656027.6306942,-852602297.7568325,-852550823.6980945,-871905453.9571654,-871856510.8012652,-871810485.9045259,-871767585.2466161,-871727986.9152398,-870172935.0894902,-870144595.5665996,-870119402.5922283,-870097170.4593151,-870077570.5694,-873045423.3657361,-873028779.9315118,-873004045.3654835,-872987710.3583624,-872968690.8967065,-872944960.6418726,-872913949.985388,-872275769.60309,-872218477.7757592,-872137921.2426895,-872019302.7923203,-871827060.8186145,-870556964.6890413,0.0
2980.0,20202672.3762716,20197406.2883976,20192171.78640607,20186969.305213284,20181799.28492601,20176662.17092056,20171558.41392321,20166488.470092352,20161452.80110198,20156451.87422701,20151486.16243008,20146556.14445006,20141662.30489237,20136805.134320915,20131985.129351832,20127202.7927492,20122458.633522384,20117753.167025488,20113086.915058687,20108460.405971464,20103874.17476801,20099328.763214663,20094824.719949394,20090362.60059356,20085942.96786582,20081566.3916984,20077233.44935544,20072944.725554112,20068700.81258773,20064502.3104516,20060349.82697128,20056243.977933533,20052185.38721981,20048174.686942466,20044212.517583728,20040299.52813757,20036436.376254342,20032623.72838836,20028862.25994868,20025152.65545273,20021495.60868322,20017891.822848205,20014342.010744587,20010846.894924726,20007407.207866754,20004023.692148283,20000697.10062368,19997428.19660514,19994217.7540474,19991066.55773642,19987975.40348191,19984945.098313898,19981976.460683525,19979070.320667893,19976227.52017932,19973448.913179003,19970735.36589517,19968087.757045843,19965506.978066333,19962993.933341544,19960549.540443294,19958174.73037257,19955870.44780705,19953637.65135389,19951477.31380792,19949390.42241539,19947377.97914341,19945441.00095513,19943580.520090964,19941797.58435577,19940093.25741238,19938468.61908147,19936924.765647825,19935462.81017348,19934083.882817578,19932789.131163243,19931579.72055165,19930456.83442337,19929421.67466736,19928475.46197748,19927619.436216988,19926854.856791176,19926183.003028054,19925605.17456777,19925122.691760536,19924736.8960734,19924449.15050634,19924260.840017468,19924173.3719579,19924188.176516414,19924306.70717412,19924530.44116941,19924860.87997356,19925299.54977697,19925848.001986604,19926507.8137348,19927280.58839963,19928167.956137303,19929171.5744268,19930293.12862699,19931534.33254673,19932896.92902813,19934382.69054337,19935993.41980548,19937730.95039328,19939597.147391103,19941593.90804346,19943723.162425112,19945986.874127027,19948387.040958583,19950925.695666444,19953604.906670533,19956426.778817683,19959393.454153303,19962507.112711545,19965769.97332472,19969184.294452097,19972752.37502893,19976476.55533624,19980359.21789165,19984402.78836228,19988609.736499988,19992982.57709982,19997523.870982006,20002236.225998644,20007122.298065323,20012184.792218648,20017426.463700432,20022850.11906912,20028458.617339555,20034254.871151555,20040241.847968534,20046422.571306683,20052800.121995952,20059377.639473543,20066158.32311104,20073145.43357617,20080342.29423014,20087752.29256184,20095378.881659865,20103225.581723675,20111295.98161494,20119593.74045056,20128122.58923844,20136886.3325576,20145888.850283787,20155134.09936234,20164626.11562953,20174369.01568422,20184366.9988113,20194624.348958667,20205145.43676957,20215934.721672025,20226996.754027363,20238336.17733978,20249957.730529048,20261866.250268333,20274066.673389755,20286564.039359488,20299363.492825214,20312470.28623831,20325889.782553248,20339627.45800728,20353688.904982693,20368079.834955223,20382806.081531025,20397873.60357601,20413288.4884404,20429056.9552822,20445185.35849304,20461680.191230427,20478548.08905987,20495795.83371127,20513430.356953844,20531458.74459365,20549888.24059865,20568726.25135607,20587980.350066803,20607658.281282227,20627767.96558896,20648317.504446864,20669315.18518656,20690769.48617217,20712689.08213599,20735082.84969148,20757959.873031672,20781329.449819934,20805201.0972808,20829584.558498465,20854489.80893103,20879927.063149072,20905906.78180703,20932439.678856533,20959536.729011104,20987209.175472137,21015468.537925787,21044326.62082185,21073795.521944977,21103887.641289644,21134615.69025041,21165992.701139417,21198032.03704323,21230747.40203197,21264152.851733387,21298262.80428531,21333092.051679995,21368655.77151426,-901318580.9263688,-901274672.3330934,-901230111.3687174,-901184887.260112,-901138989.0836942,-901092405.7680357,-897989153.3767201,-897943150.0498687,-897896428.9132715,-897848977.7744834,-897800784.2897458,-883165022.9653944,-883115653.4224776,-883065442.3536724,-883014373.7307236,-882962431.2607831,-882598774.7816552,-882545022.4928782,-882490382.4750365,-882434839.3762171,-882378377.7166134,-882320981.9067738,-896908623.179822,-896849278.061859,-896788893.2048535,-896727449.6988739,-896664928.4974649,-894793735.1503271,-894730924.8697951,-894666966.920856,-894601840.3504311,-894535524.1710465,-894467997.4142584,-878425942.0095044,-878356581.4614273,-878285998.2387617,-878214174.8278875,-878141094.2915268,-877411122.6798675,-877335855.3932396,-877259303.3488787,-877181454.436142,-877102298.0151429,-832484875.9125755,-832402138.592485,-832317987.1723299,-832232414.651356,-832145416.7529606,-832056992.3444979,-831146697.3185753,-831057987.5834533,-830968032.0952519,-830876856.6656973,-830784493.7787108,-830639081.0073214,-830545451.7748264,-830450827.1682845,-830355278.5806438,-830258889.7103614,-831950474.9237682,-831860932.9705855,-831771324.1653392,-831681812.4228233,-831592581.9573147,-853368285.5147394,-853289094.934868,-853211213.0036337,-853134916.0504508,-853060504.888218,-852988305.1399869,-872326656.7008815,-872256716.0179479,-872190052.2307122,-872127096.568472,-872068294.4357901,-870481235.6119256,-870438382.2481434,-870400778.0128937,-870368696.4848001,-870342318.0858018,-873306632.949963,-873289974.0906947,-873274216.8257174,-873270341.8154826,-873270001.8828527,-873272113.5626596,-873275476.14571,-872682994.9707983,-872685757.5589138,-872687508.9565574,-872688543.9126043,-872689394.0654788,-871796466.7618923,0.0
2979.0,19253103.768780805,19246369.72590103,19239662.793614484,19232983.388673574,19226331.93291049,19219708.853315234,19213114.582115456,19206549.556857653,19200014.220490057,19193509.021447044,19187034.413735304,19180590.857021566,19174178.8167222,19167798.764094383,19161451.176329307,19155136.536647,19148855.33439313,19142608.06513778,19136395.23077611,19130217.339630987,19124074.90655781,19117968.45305133,19111898.50735461,19105865.6045702,19099870.286773626,19093913.10312903,19087994.61000724,19082115.371106263,19076275.957574133,19070476.94813435,19064718.92921384,19059002.49507353,19053328.247941613,19047696.798149567,19042108.76427092,19036564.773262966,19031065.46061128,19025611.47047738,19020203.455849346,19014842.078695577,19009528.01012184,19004261.93053146,18999044.529789,18993876.507387266,18988758.572617847,18983691.44474529,18978675.85318493,18973712.537684344,18968802.24850892,18963945.74663104,18959143.80392354,18954397.203357127,18949706.739202105,18945073.217234325,18940497.454945583,18935980.281758573,18931522.53924635,18927125.081356622,18922788.774640795,18918514.49848808,18914303.14536445,18910155.62105705,18906072.844923723,18902055.750148024,18898105.283999804,18894222.40810145,18890408.09870006,18886663.346945383,18882989.159174062,18879386.557200085,18875856.57861153,18872400.27707397,18869018.72264065,18865713.00206936,18862484.21914654,18859333.495018445,18856261.96852986,18853270.796570204,18850361.15442754,18847534.23615048,18844791.254918184,18842133.443418745,18839562.054236133,18837078.36024585,18834683.655019578,18832379.253239043,18830166.491119247,18828046.72684146,18826021.340996016,18824091.73703532,18822259.34173716,18820525.605678946,18818892.003722534,18817360.03551055,18815931.225974143,18814607.12585247,18813389.31222435,18812279.38905233,18811278.98773953,18810389.767699413,18809613.416939184,18808951.652656723,18808406.221851844,18807978.90195192,18807671.50145242,18807485.860572744,18807423.851927724,18807487.38121528,18807678.387920465,18807998.84603672,18808450.76480436,18809036.18946715,18809757.20204721,18810615.92213883,18811614.50772175,18812755.15599449,18814040.1042281,18815471.63064116,18817052.05529636,18818783.741019573,18820669.094341666,18822710.566464268,18824910.654249456,18827271.90123479,18829796.89867385,18832488.28660347,18835348.754937954,18838381.044591684,18841587.94863047,18844972.313452683,18848537.04000109,18852285.08500629,18856219.46226277,18860343.243938383,18864659.561918613,18869171.60918636,18873882.641238622,18878795.977540992,18883915.0030215,18889243.16960462,18894783.997787174,18900541.078257058,18906518.07355656,18912718.71979148,18919146.82838768,18925806.287896443,18932701.06585069,18939835.210673183,18947212.853639003,18954838.210893795,18962715.585529856,18970849.36972205,18979244.04692548,18987904.194137435,18996834.48422534,19006039.6883236,19015524.67830136,19025294.42930413,19035354.02237146,19045708.647134047,19056363.604592565,19067324.309981767,19078596.295722764,19090185.21446671,19102096.842233744,19114337.081650328,19126911.965289067,19139827.659115,19153090.466042187,19166706.829605334,19180683.337750576,19195026.7267506,19209743.88524862,19224841.858436752,19240327.852374155,19256209.23845045,19272493.558000658,19289188.52707791,19306302.04139021,19323842.18140859,19341817.2176535,19360235.61616729,19379106.0441806,19398437.37598108,19418238.698993225,19438519.32007845,19459288.77206528,19480556.82051957,19502333.47076556,19524628.975169096,19547453.840694536,19570818.83674798,19594735.003319666,19619213.65943937,19644266.41195902,19669905.16467781,19696142.127825584,19722989.827921286,19750461.118024025,19778569.188395098,19807327.57759065,19836750.18400508,19866851.277886707,19897645.513848603,19929147.943897422,19961374.031006,19994339.66325523,-902470724.9428836,-902426991.4953996,-902382551.6941054,-902337392.3538276,-902291500.0242604,-902244860.9864328,-899131561.5585471,-899085201.0653998,-899038048.4510026,-898990088.2398257,-898941304.6460123,-884311848.8093274,-884262619.7786387,-884212477.4751116,-884161402.2381232,-884109373.9461457,-883745018.7445877,-883690498.6041901,-883634986.2704806,-883578461.3342929,-883520902.9876297,-883462290.025533,-898065121.364346,-898005057.2338812,-897943832.3396893,-897881421.3047417,-897817798.2371621,-895938935.3536235,-895874720.9707313,-895809201.496422,-895742347.4160669,-895674128.6631056,-895604514.6374646,-879561178.4793696,-879488969.6001664,-879415310.920514,-879340172.4344485,-879263523.9479288,-878527259.4605011,-878447703.2889814,-878366560.2846185,-878283801.4428126,-878199398.1932386,-833602453.2170329,-833514247.3424692,-833424241.0411195,-833332404.4815787,-833238709.1026816,-833143127.9460276,-832205810.2498447,-832108123.7775009,-832008631.4019628,-831907327.1489122,-831804210.0073049,-831640850.9742985,-831534890.4612777,-831427198.1916424,-831317806.0477284,-831206756.8099397,-832831576.0354888,-832724382.5839514,-832616229.6171606,-832507251.0213041,-832397603.7555467,-854098368.5158733,-853996424.0948677,-853894926.9674939,-853794175.4178444,-853694507.7271918,-853596306.4354466,-872915640.7974093,-872818140.9071369,-872723412.2269968,-872632068.3013618,-872544791.9722943,-870906972.9420531,-870838300.2160867,-870776247.3687627,-870721686.5441308,-870675514.8975573,-873626484.1495471,-873596626.8040603,-873572342.8763955,-873570675.7728935,-873580659.4176224,-873602582.2122731,-873636795.3564978,-873088649.5362397,-873151929.6221917,-873236943.8041375,-873358304.9421146,-873552502.8199916,-873036880.0523088,0.0
2978.0,18300432.37583316,18292168.00199721,18283925.71785691,18275705.916183807,18267508.99463502,18259335.3558291,18251185.40742347,18243059.56219333,18234958.238112185,18226881.858433843,18218830.851776145,18210805.65220632,18202806.69932802,18194834.43837012,18186889.32027727,18178971.80180232,18171082.34560044,18163221.420325384,18155389.500727475,18147587.067753688,18139814.60864971,18132072.617064167,18124361.593154784,18116682.043696944,18109034.48219431,18101419.428991728,18093837.41139056,18086288.96376624,18078774.62768837,18071294.95204328,18063850.49315904,18056441.81493316,18049069.48896304,18041734.09467882,18034436.2194794,18027176.458870985,18019955.416608755,18012773.70484142,18005631.944258794,17998530.764242563,17991470.80302018,17984452.707822062,17977477.135042086,17970544.750401564,17963656.229116607,17956812.2560692,17950013.525981825,17943260.74359587,17936554.623853907,17929895.89208583,17923285.284199037,17916723.54687276,17910211.437756505,17903749.725672916,17897339.190824933,17890980.62500757,17884674.83182417,17878422.626907595,17872224.838146016,17866082.305913832,17859995.883307617,17853966.436387204,17847994.844422188,17842082.000143774,17836228.81000228,17830436.194430266,17824705.088111658,17819036.440256663,17813431.214883,17807890.39110327,17802414.963418897,17797005.942020513,17791664.353095252,17786391.23914083,17781187.65928675,17776054.68962284,17770993.42353512,17766004.972049363,17761090.464182433,17756251.04730165,17751487.88749236,17746802.169933844,17742195.09928394,17737667.900072485,17733221.81710367,17728858.1158679,17724578.082962964,17720383.02652513,17716274.276670024,17712253.18594407,17708321.12978612,17704479.50700017,17700729.740238834,17697073.276498474,17693511.58762573,17690046.170836147,17686678.549244944,17683410.272410423,17680242.91689024,17677178.086810995,17674217.414451256,17671362.56083872,17668615.216361515,17665977.101394314,17663449.966939542,17661035.595283985,17658735.800671447,17656552.429991633,17654487.3634859,17652542.515470248,17650719.835076008,17649021.30700878,17647448.95232606,17646004.82923411,17644691.033904612,17643509.701311696,17642463.00608975,17641553.163412854,17640782.429896314,17640153.104520876,17639667.529580377,17639328.091653474,17639137.222600233,17639097.400584016,17639211.151119947,17639481.048150063,17639909.71514657,17640499.82624371,17641254.107399136,17642175.33758573,17643266.35001481,17644530.033391725,17645969.33320472,17647587.253048148,17649386.855981242,17651371.265923344,17653543.669086974,17655907.31544972,17658465.52026643,17661221.66562284,17664179.202032015,17667341.650075167,17670712.60208806,17674295.72389481,17678094.756590333,17682113.518373523,17686355.906432435,17690825.898883563,17695527.55676704,17700465.026099592,17705642.539987363,17711064.42080079,17716735.08241364,17722659.032508485,17728840.874951255,17735285.312237103,17741997.148010388,17748981.289661597,17756242.7510038,17763786.655032024,17771618.236768354,17779742.846196353,17788165.951288037,17796893.1411271,17805930.129132316,17815282.756384768,17824956.995063514,17834958.951993607,17845294.872311443,17855971.143251915,17866994.29806275,17878371.020051114,17890108.146768145,17902212.674337246,17914691.761932343,17927552.736412644,17940803.09712051,17954450.52084992,17968502.86699284,17982968.182871647,17997854.709265757,18013170.886141695,18028925.358595468,18045126.98301747,18061784.83349006,18078908.20842888,18096506.63747944,18114589.888681136,18133167.975911785,18152251.166626085,18171849.98990261,18191975.24481446,18212638.00913983,18233849.64842943,18255621.825449057,18277966.510016154,18300895.98925092,18324422.878263377,18348560.131298967,18373321.05336736,18398719.31237934,18424768.95181969,18451484.4039844,18478880.503813013,18506972.50334857,18535776.08685982,18565307.38666197,-903733200.6855168,-903690933.5787554,-903647929.4440866,-903604173.185888,-903559649.3375546,-903514342.0515825,-900392253.5490854,-900346972.7622875,-900300852.2647507,-900253873.8675697,-900206018.9200486,-885568094.9553227,-885520468.6170901,-885471887.6526989,-885422329.5304291,-885371771.0779256,-885016715.1029588,-884963109.588799,-884908441.0703036,-884852684.806443,-884795815.3895955,-884737806.7288622,-899347480.1911823,-899288522.7919049,-899228322.978401,-899166849.8010653,-899104071.4177877,-897217964.809146,-897154365.3850613,-897089347.9007736,-897022875.2205043,-896954909.1229869,-896885410.2778078,-880847712.5617622,-880774972.697105,-880700603.5897461,-880624563.2293159,-880546808.5508305,-879808522.2067981,-879727239.6546937,-879644115.8131812,-879559104.3948568,-879472158.2606419,-834893271.168218,-834802409.7512156,-834709410.5301912,-834614219.3554227,-834516781.4242487,-834417041.4478247,-833462515.7420399,-833358831.7550871,-833252797.5892969,-833144368.2039977,-833033500.4978336,-832856636.8360955,-832741266.3297656,-832623385.6729473,-832502970.4428421,-832380002.9651462,-833947303.8615626,-833824284.9299437,-833699188.4281425,-833572077.8723612,-833443036.9583968,-855069519.5599303,-854944104.1422371,-854817713.7587894,-854690590.8061255,-854563024.310205,-854435357.5661732,-873733733.3472818,-873603676.2376928,-873474728.4866494,-873347547.2406344,-873222906.3069284,-871514792.9787215,-871407289.684082,-871305978.9915886,-871212257.5129371,-871127716.1784649,-874050231.0881463,-873985033.7924755,-873918206.3423852,-873894626.9894859,-873890549.1806252,-873908148.1735257,-873949489.0888627,-873420703.686142,-873517247.810316,-873647165.1657622,-873822494.7436314,-874068529.2332644,-873519843.8406593,0.0
2977.0,17346483.774642285,17336632.926953353,17326798.63673286,17316981.267250516,17307181.18638742,17297398.766708218,17287634.385534655,17277888.42502064,17268161.272228796,17258453.319208488,17248764.963075493,17239096.606093287,17229448.655755833,17219821.524872158,17210215.63165268,17200631.399797127,17191069.25858442,17181529.642964274,17172012.993650723,17162519.75721754,17153050.386195645,17143605.339172486,17134185.080893513,17124790.082365707,17115420.82096328,17106077.78053557,17096761.45151722,17087472.331040546,17078210.9230504,17068977.738421354,17059773.295077354,17050598.11811389,17041452.739922855,17032337.700319868,17023253.546674337,17014200.83404248,17005180.125302877,16996191.991295144,16987237.010961488,16978315.771491244,16969428.868468612,16960576.906023517,16951760.49698568,16942980.263042144,16934236.834898032,16925530.852440942,16916862.96490881,16908233.831061527,16899644.11935612,16891094.508125983,16882585.68576388,16874118.35090899,16865693.212638043,16857310.990660712,16848972.4155193,16840678.228792798,16832429.18330546,16824226.04334007,16816069.584855847,16807960.595711283,16799899.875891887,16791888.23774301,16783926.506207965,16776015.51907136,16768156.12720798,16760349.194837252,16752595.59978337,16744896.23374142,16737252.00254939,16729663.82646644,16722132.640457451,16714659.394483997,16707245.053801997,16699890.599266196,16692597.027641509,16685365.351921534,16678196.6016544,16671091.823276104,16664052.080451464,16657078.454423023,16650172.044367902,16643333.967763076,16636565.36075897,16629867.378561852,16623241.19582508,16616688.00704945,16610209.026993038,16603805.491090445,16597478.655882064,16591229.79945338,16585060.221884592,16578971.245710928,16572964.216393797,16567040.50280315,16561201.497711308,16555448.618298588,16549783.306670904,16544207.030389914,16538721.28301574,16533327.584662816,16528027.482569149,16522822.551679283,16517714.39524141,16512704.64541898,16507794.963917222,16502987.0426249,16498282.604271842,16493683.403102515,16489191.225566288,16484807.891024612,16480535.252475746,16476375.197297482,16472329.64800829,16468400.56304749,16464589.937574988,16460899.804291043,16457332.23427662,16453889.337855188,16450573.265476078,16447386.208620563,16444330.400730869,16441408.1181631,16438621.681164607,16435973.454876551,16433465.850362437,16431101.32566338,16428882.386880884,16426811.589287946,16424891.538469464,16423124.89149264,16421514.358108474,16420062.701985229,16418772.741974868,16417647.353413524,16416689.469457,16415902.082452573,16415288.245348029,16414851.07313931,16414593.744358,16414519.50259988,16414631.658095896,16414933.589327108,16415428.744684866,16416120.644177929,16417012.881187923,16418109.124275075,16419413.119035564,16420928.69001272,16422659.742663598,16424610.265383096,16426784.33158758,16429186.101860184,16431819.826160014,16434689.846097594,16437800.597279008,16441156.611721229,16444762.520341462,16448623.055523165,16452743.05376164,16457127.458392506,16461781.322405994,16466709.811350584,16471918.206329608,16477411.907094292,16483196.435237415,16489277.437491456,16495660.689135714,16502352.09751679,16509357.70568733,16516683.696167825,16524336.39483706,16532322.27495638,16540647.961333938,16549320.234634958,16558346.03584441,16567732.470889146,16577486.815426553,16587616.519807504,16598129.21422143,16609032.714032304,16620335.025314344,16632044.35059698,16644169.094829213,16656717.871573877,16669699.50944334,16683123.058788192,16696997.79865199,16711333.2440052,16726139.153272642,16741425.53616968,16757202.661862928,16773481.06747277,16790271.566935588,16807585.260245107,16825433.543093152,16843828.11693177,16862780.999479726,16882304.535698205,16902411.409261893,16923114.654553596,16944427.66921218,16966364.227265872,16988938.492884826,17012165.03478942,17036058.84135315,17060635.33644157,17085910.39603176,-905102778.4092814,-905063333.664635,-905023148.5779916,-904982206.86212,-904940491.77447,-904897986.1014688,-901768873.45061,-901726210.2613428,-901682692.2884784,-901638299.514392,-901593011.3349552,-886930787.9226556,-886886303.9489211,-886840859.7561247,-886794431.0278409,-886746992.6657172,-886411981.1678815,-886361113.6593946,-886309154.5504545,-886256076.007687,-886201849.3014184,-886146444.7709064,-900753404.23171,-900697524.8543733,-900640370.7485777,-900581906.9454981,-900522097.255643,-898629521.0140979,-898568756.3421782,-898506518.6180406,-898442764.9482902,-898377450.8758575,-898310530.3133785,-882286302.2591921,-882215677.0912163,-882143312.6834139,-882069157.0458499,-881993156.2875872,-881257867.7434925,-881177890.8305374,-881095897.314049,-881011825.5365723,-880925611.6400855,-836361808.415584,-836271701.344199,-836179210.4602191,-836084259.1013937,-835986767.8403921,-835886654.4315225,-834927742.242434,-834822048.6548717,-834713547.91276,-834602154.085643,-834487779.2601974,-834303905.36162,-834183502.2773298,-834059872.7301522,-833932926.8468313,-833802575.0544497,-835329862.7227235,-835195130.2246772,-835057121.2137549,-834915795.1503967,-834771122.4460633,-856333189.9629495,-856186751.3791467,-856037492.3699307,-855885512.2488887,-855730948.9338894,-855573987.6016293,-874851208.4307379,-874687386.0459108,-874521837.935527,-874355048.8300555,-874187633.3446121,-872395094.4408957,-872237777.1100595,-872083556.5346496,-871933975.8582603,-871790925.3269371,-874667431.9258746,-874539255.7479904,-874382762.3455408,-874300046.8093189,-874240652.3423874,-874209258.4079113,-874210555.6982955,-873649864.2824506,-873729436.8502818,-873846680.5582373,-873997597.4833261,-874171060.9617473,-873424687.7267251,0.0
2976.0,16393165.467211071,16381678.880614828,16370202.848773664,16358737.70032258,16347283.768158687,16335841.389508126,16324410.905994404,16312992.663708149,16301587.013278129,16290194.309943851,16278814.913629577,16267449.189019836,16256097.505636478,16244760.237917334,16233437.76529646,16222130.472286034,16210838.748559982,16199562.989039268,16188303.59397901,16177060.969057327,16165835.525466165,16154627.68000388,16143437.85516988,16132266.479261102,16121113.986470688,16109980.81698865,16098867.417104617,16087774.239312893,16076701.742419574,16065650.391652089,16054620.658771005,16043613.022184197,16032627.967063565,16021665.98546409,16010727.576445654,15999813.246197244,15988923.5081641,15978058.883177347,15967219.899586683,15956407.09339578,15945621.00840064,15934862.1963311,15924131.216995291,15913428.63842729,15902755.037038088,15892110.99776973,15881497.114253012,15870913.988968529,15860362.233411336,15849842.468259282,15839355.323544975,15828901.43883171,15818481.463393187,15808096.0563973,15797745.887094043,15787431.635007558,15777153.990132596,15766913.653135216,15756711.335558236,15746547.760031108,15736423.66048459,15726339.782370366,15716296.88288552,15706295.73120218,15696337.108702306,15686421.80921796,15676550.639276884,15666724.41835385,15656943.979127644,15647210.16774401,15637523.844084634,15627885.882042252,15618297.16980217,15608758.610130312,15599271.120667726,15589835.634232234,15580453.099126792,15571124.479455205,15561850.75544507,15552632.923778338,15543471.99792957,15534369.008512096,15525325.003632331,15516341.049252344,15507418.22956105,15498557.647354102,15489760.424422724,15481027.701951835,15472360.640927527,15463760.422554243,15455228.248681936,15446765.342243295,15438372.947701564,15430052.331508966,15421804.782576134,15413631.61275289,15405534.157320509,15397513.77549595,15389571.850948164,15381709.792327078,15373929.03380521,15366231.035632698,15358617.284705631,15351089.295148486,15343648.608910654,15336296.796377722,15329035.456997808,15321866.21992328,15314790.744668383,15307810.721783184,15300927.873544289,15294143.954662705,15287460.753009465,15280880.09035944,15274403.823153766,15268033.843281591,15261772.078881484,15255620.495163238,15249581.095250512,15243655.92104504,15237847.054112831,15232156.616593264,15226586.772131491,15221139.726834947,15215817.730254762,15210623.076392576,15205558.10473372,15200625.20130754,15195826.799775504,15191165.38254813,15186643.481931563,15182263.681304572,15178028.61632722,15173940.976181772,15170003.504847236,15166219.002408378,15162590.326400409,15159120.393190358,15155812.179396514,15152668.723346995,15149693.126578843,15146888.555378906,15144258.242367892,15141805.48812921,15139533.662883898,15137446.208213292,15135546.63883114,15133838.544406831,15132325.591441462,15131011.525198797,15129900.171692858,15128995.439734315,15128301.323037816,15127821.90239248,15127561.347897714,15127523.921267232,15127713.978203312,15128135.970844382,15128794.450288568,15129694.06919616,15130839.584474184,15132235.860046243,15133887.869711109,15135800.70009359,15137979.55369149,15140429.752022753,15143156.738876604,15146166.083673565,15149463.484938595,15153054.773892438,15156945.918166216,15161143.025644844,15165652.348444736,15170480.287032204,15175633.394488528,15181118.380928898,15186942.118081866,15193111.644037366,15199634.168170884,15206517.076252451,15213767.935749458,15221394.50133259,15229404.72059518,15237806.739996558,15246608.91104079,15255819.796702849,15265448.178115068,15275503.061527452,15285993.685556415,15296929.528737305,15308320.3173972,15320176.03386554,15332506.925041104,15345323.5113354,15358636.596013715,15372457.274956347,15386796.946864553,15401667.32393688,15417080.44304372,15433048.677429715,15449584.748975854,15466701.741055155,15484413.112018565,15502732.709350016,15521674.784532892,15541254.00867261,15561485.488924067,-906573546.183102,-906538291.3943336,-906502322.9503044,-906465624.2652549,-906428178.2466984,-906389967.2753552,-903256020.0278264,-903217550.1214166,-903178246.9399034,-903138089.7824956,-903097057.2817236,-888394290.9319841,-888354505.5926385,-888313793.7074841,-888272130.519139,-888229490.4048377,-887925561.8509568,-887879319.678647,-887832005.8022993,-887783590.9759877,-887734044.8993278,-887683336.1679641,-902277232.6417367,-902226464.8084632,-902174446.5673484,-902121141.0523608,-902066509.9457092,-900168554.6743842,-900112948.6975595,-900055883.0329673,-899997311.7155437,-899937186.8654076,-899875458.5844303,-883873090.2948198,-883807433.489506,-883740015.0215366,-883670776.4270983,-883599656.6502882,-882872899.3646004,-882797589.7708576,-882720195.2820227,-882640643.1528552,-882558857.2512404,-838006744.89275,-837921242.3122903,-837833240.1607203,-837742644.6083325,-837649357.120227,-837553274.1693523,-836605246.6745396,-836502376.3038298,-836396402.4146447,-836287203.2171766,-836174650.8256003,-835992094.6055921,-835872362.1978787,-835748866.8103015,-835621455.3157561,-835489967.3066863,-837003001.3109083,-836863062.3722448,-836718770.396716,-836569965.0077317,-836416482.5617031,-857934776.0094209,-857773701.1586592,-857607840.930375,-857437082.9820772,-857261329.6277665,-857080503.9502885,-876338995.7202201,-876146138.1826013,-875947931.8335437,-875744459.708013,-875535894.6236298,-873657955.5912615,-873447056.4676433,-873233370.6200829,-873017947.6153426,-872802214.5902709,-875618841.0749454,-875403435.0286154,-875110091.7726517,-874926305.0517789,-874760540.1659788,-874619645.951757,-874511673.5179505,-873838349.3464693,-873826074.9427593,-873862579.8210077,-873935694.7558627,-874012937.2399061,-873156717.060747,0.0
2975.0,15442459.144454109,15429295.030578436,15416135.045228172,15402979.477745002,15389828.621314738,15376682.773027811,15363542.233940952,15350407.309140248,15337278.307805372,15324155.543275176,15311039.333114622,15297929.999183128,15284827.86770428,15271733.26933696,15258646.539248064,15245568.017186662,15232498.047559664,15219436.979509156,15206385.1669913,15193342.968856966,15180310.74893396,15167288.876111072,15154277.72442389,15141277.673142446,15128289.10686065,15115312.41558778,15102347.994841812,15089396.24574479,15076457.575120293,15063532.395592852,15050621.125689752,15037724.189944817,15024842.019004608,15011975.049736788,14999123.725340998,14986288.495462026,14973469.816305514,14960668.150756242,14947883.968498884,14935117.746141613,14922369.967342213,14909641.122937132,14896931.71107342,14884242.237343412,14871573.21492261,14858925.16471053,14846298.615474652,14833694.103997752,14821112.175228337,14808553.382434623,14796018.287361834,14783507.460393175,14771021.480714347,14758560.93648177,14746126.424994742,14733718.552871332,14721337.936228376,14708985.200865552,14696660.982453622,14684365.926727008,14672100.68968073,14659865.937771937,14647662.348125933,14635490.608747026,14623351.418734254,14611245.488502022,14599173.5400058,14587136.306973169,14575134.535140129,14563168.982492823,14551240.41951508,14539349.629441496,14527497.408516582,14515684.566259796,14503911.92573698,14492180.323837928,14480490.61156065,14468843.65430219,14457240.332156328,14445681.540218282,14434168.188896662,14422701.204232654,14411281.5282269,14399910.119174082,14388587.952005364,14377316.018639125,14366095.32833992,14354926.908086069,14343811.802945964,14332751.07646349,14321745.81105254,14310797.108401136,14299906.089885175,14289073.896992154,14278301.69175516,14267590.657197328,14256941.997787042,14246356.939904133,14235836.732317569,14225382.646674544,14214995.978001691,14204678.045218391,14194430.191662746,14184253.7856304,14174150.220926616,14164120.91743194,14154167.321681816,14144290.907460526,14134493.176409869,14124775.658652918,14115139.913433349,14105587.52977063,14096120.12713165,14086739.356119191,14077446.899177613,14068244.471316423,14059133.820851935,14050116.730167942,14041195.016495405,14032370.532712238,14023645.168163313,14015020.849501563,14006499.541550605,13998083.248189596,13989774.013260892,13981573.9215013,13973485.099497445,13965509.716666069,13957649.98626,13949908.166400492,13942286.561136851,13934787.521533905,13927413.446788557,13920166.785375936,13913050.03622632,13906065.749933597,13899216.529996425,13892505.034092896,13885933.975390077,13879506.123889208,13873224.30780798,13867091.415000856,13861110.39441896,13855284.257610526,13849616.080263572,13844109.00379192,13838766.236966308,13833591.057591882,13828586.814233929,13823756.92799322,13819104.894333126,13814634.284959838,13810348.74975806,13806252.018783938,13802347.904317329,13798640.3029757,13795133.197891925,13791830.660958288,13788736.855139432,13785856.036856698,13783192.558446808,13780750.870697672,13778535.525464544,13776551.17836968,13774802.59158891,13773294.636728687,13772032.297797527,13771020.674275616,13770264.98428695,13769770.567878343,13769542.890409986,13769587.546062592,13769910.261466185,13770516.89945618,13771413.462962504,13772606.099038022,13774101.103032706,13775904.922920618,13778024.163786847,13780465.592482485,13783236.142455636,13786342.918767504,13789793.203302596,13793594.460183412,13797754.341399811,13802280.692664364,13807181.559505986,13812465.19361424,13818140.059448184,13824214.84112426,13830698.44959863,13837600.030160792,13844928.970255926,13852694.90765526,13860907.738994384,13869577.628701633,13878715.018339545,13888330.636384578,13898435.508471776,13909040.968133172,13920158.66806082,13931800.591927882,13943979.066803096,13956706.77619752,13969996.773784583,13983862.497838492,13998317.786438596,-908136873.072436,-908107128.6390258,-908076728.11882,-908045655.629626,-908013894.7725924,-907981428.6098952,-904845154.632838,-904812419.8328212,-904778911.6623378,-904744610.055138,-904709494.2563794,-889950261.547142,-889916680.4198802,-889882246.8837523,-889846937.2408158,-889810726.9163054,-889548692.5320828,-889508937.9956405,-889468183.3256571,-889426399.8490096,-889383557.778472,-889339626.1543647,-903909819.8147228,-903866163.2679578,-903821340.945031,-903775316.60365,-903728052.4546504,-901826075.6744852,-901777941.9989496,-901728436.220804,-901677512.5931644,-901625123.2906836,-901571218.2821132,-885599219.6154678,-885541440.6469179,-885481977.1250482,-885420768.8132474,-885357752.4717677,-884645262.1245323,-884578122.23921,-884508956.325729,-884437686.8838221,-884364232.2265977,-839820192.973574,-839743363.1254311,-839664077.669997,-839582234.1467109,-839497723.9971199,-839410432.0797526,-838490087.8059015,-838395425.3327436,-838297586.8457844,-838196426.754125,-838091789.9317961,-837920209.4583833,-837807837.2316549,-837691456.6660928,-837570866.5641121,-837445851.4199282,-838977304.7983928,-838840776.4412351,-838699168.2789774,-838552210.7373166,-838399615.120478,-859905318.9976734,-859740068.0353543,-859568375.2787721,-859389896.101084,-859204265.895171,-859011100.3681217,-878256402.5156085,-878046492.4306064,-877827616.3133992,-877599308.0122479,-877361099.9343563,-875416854.1065545,-875160948.5516545,-874894666.3255394,-874617895.8679343,-874330729.7687771,-877085630.092265,-876775449.092331,-876320987.0446235,-876007648.2525126,-875694154.9158101,-875386615.8633817,-875093952.4830441,-874204821.2545819,-873992943.7889919,-873843691.281941,-873768771.0520381,-873754850.40487,-872864949.734621,0.0
2974.0,14496412.190570746,14481536.783220142,14466658.70720529,14451778.20846918,14436895.536320232,14422010.94348511,14407124.686162658,14392237.024078945,14377348.220543424,14362458.54250631,14347568.260617131,14332677.649284452,14317786.98673693,14302896.555085575,14288006.640387423,14273117.532710403,14258229.526199711,14243342.919145592,14228458.014052412,14213575.117709434,14198694.54126286,14183816.6002897,14168941.61487292,14154069.909678478,14139201.814033885,14124337.66200848,14109477.792495498,14094622.54929589,14079772.28120395,14064927.342094894,14050088.091014303,14035254.892269516,14020428.115523051,14005608.13588815,13990795.33402636,13975990.0962473,13961192.814610656,13946403.887030425,13931623.717381544,13916852.715608794,13902091.297838278,13887339.886491297,13872598.910400791,13857868.804930495,13843150.012096664,13828442.98069268,13813748.16641634,13799066.03200011,13784397.047344375,13769741.689653674,13755100.443576006,13740473.801345387,13725862.262927664,13711266.336169636,13696686.536951602,13682123.389343409,13667577.425764224,13653049.187145732,13638539.223099362,13624048.092087222,13609576.361597065,13595124.608321307,13580693.418340176,13566283.38730914,13551895.120650744,13537529.23375081,13523186.352159394,13508867.111796277,13494572.159161342,13480302.151549945,13466057.757273244,13451839.655883748,13437648.538406247,13423485.107574062,13409350.078070968,13395244.176778816,13381168.143031048,13367122.728872089,13353108.699323114,13339126.832653914,13325177.920661408,13311262.768954646,13297382.19724672,13283537.039653543,13269728.144999975,13255956.37713291,13242222.615242314,13228527.754189605,13214872.704844134,13201258.394427674,13187685.766867246,13174155.7831564,13160669.421725309,13147227.678819716,13133831.56888917,13120482.124984547,13107180.399165306,13093927.462916637,13080724.40757674,13067572.344774503,13054472.40687798,13041425.747453604,13028433.541736882,13015496.987114497,13002617.30361823,12989795.734431136,12977033.546406047,12964332.030596998,12951692.502803644,12939116.304129278,12926604.8015526,12914159.38851364,12901781.485514428,12889472.540734418,12877234.030661404,12865067.460738173,12852974.366025398,12840956.31188112,12829014.89465732,12817151.742414191,12805368.515652226,12793666.908063073,12782048.647299271,12770515.495763732,12759069.251419224,12747711.748618629,12736444.858956452,12725270.492142295,12714190.596896736,12703207.161870455,12692322.21658718,12681537.83241112,12670856.123539722,12660279.248022364,12649809.408805778,12639448.854807124,12629199.882015416,12619064.834622117,12609046.106182037,12599146.140805151,12589367.434380587,12579712.535833526,12570184.048416274,12560784.63103442,12551516.999609424,12542383.928478502,12533388.25183326,12524532.865198435,12515820.726951675,12507254.859886272,12498838.352817835,12490574.362236716,12482466.11400765,12474516.905118307,12466730.105478438,12459109.159771454,12451657.589360394,12444378.994250191,12437277.055108355,12430355.535346253,12423618.283263374,12417069.2342568,12410712.41309872,12404551.936284268,12398592.014452972,12392836.95488627,12387291.1640847,12381959.15042767,12376845.526919508,12371955.014025372,12367292.442601016,12362862.75692016,12358671.017804394,12354722.405859586,12351022.22482401,12347575.90503342,12344389.007008078,12341467.22516814,12338816.391683023,12336442.48046168,12334351.611290472,12332550.054126283,12331044.233552497,12329840.733406449,12328946.301587244,12328367.855053429,12328112.485020772,12328187.462371038,12328600.243283471,12329358.475101229,12330470.002446374,12331942.873597486,12333785.347145263,12336005.898942657,12338613.229366854,12341616.270912342,12345024.196135134,12348846.425970197,12353092.638445413,12357772.777817572,12362897.064157523,12368476.003414055,12374520.397988018,12381041.357851325,12388050.312247338,12395559.02201317,12403579.592566911,-909781488.1540709,-909758466.4557226,-909734876.0193762,-909710702.6956952,-909685931.8545878,-909660548.363214,-906524650.3352329,-906499082.9004776,-906472839.6140684,-906445902.418838,-906418252.6127856,-891587725.2016475,-891561733.4131279,-891535002.43038,-891507511.1474327,-891479237.6488054,-891269125.8124237,-891237600.7999034,-891205198.4196368,-891171892.67912,-891137656.5264323,-891102461.7907697,-905638579.4645624,-905603897.5798626,-905568194.2490592,-905531436.5397476,-905493590.03706,-903589151.483327,-903550668.4900815,-903510975.5432172,-903470030.6911076,-903427789.9660436,-903384207.250544,-887450712.9688413,-887403603.8079695,-887354990.4910173,-887304816.410709,-887253021.9160144,-886560370.1050318,-886504818.6978612,-886447436.1733648,-886388147.9616473,-886326875.0699335,-841787304.8629302,-841723162.5371671,-841656783.1288763,-841588066.3192887,-841516905.1575193,-841443185.4591477,-840567627.07037,-840486705.7948172,-840402801.0344715,-840315761.1919659,-840225423.1945101,-840075044.7800785,-839977173.8835316,-839875423.0531576,-839769569.9633955,-839659373.3051223,-841246105.8712374,-841122997.9078752,-840994634.9932239,-840860677.7131491,-840720754.5924081,-862253103.2524683,-862097474.6374217,-861934512.4451879,-861763685.7676886,-861584409.4112451,-861396037.1088488,-880636614.2941275,-880428629.7229838,-880209105.3027681,-879977047.4988399,-879731348.8643732,-877762822.934547,-877485617.1125654,-877191012.4195437,-876877410.3938222,-876543065.7741327,-879253777.7748381,-878870970.3636073,-878280022.0672207,-877846191.2191416,-877383637.4610248,-876892490.8039471,-876375311.4866129,-875189378.4065146,-874661301.2235531,-874165099.138046,-873757914.198365,-873518138.8564491,-872572090.0317974,0.0
2973.0,13557128.484083528,13540516.52456515,13523894.785743397,13507263.46668038,13490622.769273356,13473972.89829898,13457314.06145835,13440646.469423078,13423970.33588227,13407285.8775906,13390593.314417178,13373892.86939576,13357184.768775756,13340469.242074454,13323746.52213037,13307016.845157685,13290280.450801896,13273537.582196657,13256788.486021817,13240033.41256277,13223272.615771068,13206506.353326388,13189734.886699772,13172958.481218336,13156177.406131422,13139391.934678098,13122602.344156248,13105808.91599316,13089011.935817689,13072211.693533989,13055408.483396964,13038602.60408936,13021794.35880054,13004984.05530716,12988172.006055532,12971358.528245872,12954543.94391855,12937728.580042155,12920912.768603677,12904096.846700614,12887281.156635355,12870466.046011528,12853651.8678327,12836838.980603224,12820027.74843154,12803218.541135672,12786411.734351331,12769607.709642416,12752806.854614034,12736009.563028287,12719216.234922584,12702427.276730774,12685643.101407103,12668864.128553037,12652090.784547042,12635323.502677426,12618562.723278234,12601808.89386842,12585062.46929412,12568323.911874488,12551593.691550745,12534872.286038866,12518160.180985885,12501457.87012977,12484765.855463147,12468084.647400972,12451414.764951978,12434756.735894402,12418111.09695571,12401478.393996738,12384859.182200087,12368254.02626303,12351663.500595134,12335088.189520383,12318528.687484324,12301985.599266054,12285459.540195292,12268951.136374673,12252461.02490729,12235989.854129875,12219538.283851346,12203106.985597158,12186696.642859671,12170307.951354356,12153941.6192822,12137598.36759853,12121278.930288194,12104984.054647485,12088714.501572808,12072471.04585629,12056254.476488646,12040065.596969271,12023905.22562388,12007774.195929838,11991673.356849352,11975603.573170813,11959565.725858351,11943560.712409887,11927589.44722399,11911652.861975484,11895751.906000376,11879887.546690002,11864060.769894956,11848272.580338713,11832524.002041414,11816816.078754034,11801149.87440314,11785526.473546537,11769946.981840052,11754412.526515797,11738924.256872144,11723483.344775723,11708090.985175844,11692748.396631394,11677456.821850898,11662217.5282458,11647031.80849739,11631900.9811378,11616826.391145265,11601809.410554249,11586851.439080585,11571953.904762218,11557118.264615824,11542346.005309729,11527638.64385376,11512997.728306135,11498424.838498132,11483921.58677687,11469489.618766747,11455130.614149991,11440846.287466882,11426638.38893616,11412508.705296133,11398459.060667224,11384491.317436213,11370607.377163226,11356809.181511642,11343098.713201948,11329477.99699002,11315949.100670531,11302514.13610632,11289175.26028433,11275934.676399017,11262794.634963984,11249757.434952704,11236825.424969118,11224001.004449142,11211286.624893956,11198684.791136062,11186198.062639082,11173829.054832544,11161580.440482477,11149454.95109924,11137455.378383644,11125584.575712638,11113845.459666,11102241.011595195,11090774.279236035,11079448.378366644,11068266.494512113,11057231.884697769,11046347.879252622,11035617.883664915,11025045.380491683,11014633.93132428,11004387.178812144,10994308.848746937,10984402.75220944,10974672.78778184,10965122.943827797,10955757.300843356,10946580.033881502,10937595.415053528,10928807.816110505,10920221.711108394,10911841.679160638,10903672.407281814,10895718.693327192,10887985.449031956,10880477.703155464,10873200.604735233,10866159.426456165,10859359.568141,10852806.56036774,10846506.068221046,10840463.895184368,10834685.987180566,10829178.436768867,10823947.48750704,10818999.538487883,10814341.149060218,10809979.04374474,10805920.11735666,10802171.440347224,10798740.264377505,10795634.028138977,10792860.363436066,10790427.101547752,10788342.279886002,10786614.148970583,10785251.179741483,10784262.07123155,10783655.758624304,10783441.421723437,10783628.49386325,10784226.671291538,10785245.923059069,-911493680.0596428,-911478426.4811028,-911462718.1468474,-911446543.6065522,-911429891.0102547,-911412748.0893368,-908279991.135328,-908262839.0866272,-908245142.8176552,-908226887.5821884,-908208058.0982552,-893293269.5791361,-893276063.9827423,-893258267.4505292,-893239862.8976558,-893220832.5738035,-893071334.992695,-893049565.8628558,-893027088.9565582,-893003882.9813004,-892979925.7557003,-892955194.157301,-907447703.9884956,-907423621.8287967,-907398717.079628,-907372962.6986994,-907346330.3886218,-905441116.49839,-905414201.219039,-905386307.040344,-905357399.292266,-905327441.5858608,-905296395.6933116,-889408653.8896596,-889374708.6737179,-889339537.3666024,-889303092.4508376,-889265323.7314478,-888597527.6250743,-888556659.8266044,-888514287.2299123,-888470346.2414887,-888424769.2617562,-843886338.77607,-843838549.0643979,-843788911.9695113,-843737340.872531,-843683743.0202408,-843628018.920963,-842813248.4383113,-842751276.5490062,-842686788.1252365,-842619646.4283125,-842549703.3714955,-842430377.4461755,-842353924.0918535,-842274126.8991863,-842190776.877815,-842103645.136899,-843782835.8612603,-843683457.8735076,-843579325.1248428,-843470090.5262628,-843355369.2133007,-864956922.5897866,-864826412.9650474,-864688797.3841177,-864543469.0135194,-864389745.7913845,-864226858.33835,-883473085.7691016,-883290764.322494,-883096337.4132528,-882888507.4541383,-882665777.7034082,-880734052.6346741,-880472677.4789209,-880190236.8836687,-879883964.6045126,-879550584.7966801,-882255878.9086002,-881857220.0704186,-881217653.6035838,-880727264.2429923,-880181086.8891044,-879569687.3786743,-878882287.9300511,-877432058.8427949,-876567430.0969349,-875612641.6997656,-874607178.3617772,-873691086.3536738,-872311001.0521514,0.0
2972.0,12626758.56027688,12608393.716418622,12590011.730917916,12571612.75315618,12553196.934778703,12534764.429729251,12516315.394285511,12497849.987095326,12479368.369213516,12460870.704139756,12442357.157856992,12423827.898870949,12405283.098250272,12386722.92966767,12368147.569441942,12349557.196580866,12330951.992825124,12312332.142693045,12293697.83352657,12275049.25553796,12256386.601857783,12237710.068583762,12219019.854830949,12200316.162782794,12181599.197743507,12162869.168191548,12144126.285834368,12125370.76566429,12106602.8260158,12087822.688624058,12069030.57868472,12050226.724915195,12031411.359617328,12012584.718741365,11993747.041951638,11974898.572693506,11956039.558262086,11937170.249872375,11918290.902731124,11899401.7761104,11880503.1334227,11861595.242298031,11842678.374662664,11823752.806819782,11804818.819531972,11785876.698105698,11766926.732477808,11747969.217303973,11729004.452049296,11710032.741081048,11691054.393763566,11672069.724555489,11653079.053109195,11634082.70437264,11615081.008693708,11596074.301926931,11577062.92554278,11558047.226739602,11539027.558558272,11520004.279999452,11500977.756143795,11481948.358274989,11462916.46400567,11443882.457406558,11424846.72913845,11405809.676587604,11386771.704004215,11367733.222644327,11348694.650915202,11329656.414524022,11310618.946630342,11291582.688002177,11272548.087175826,11253515.60061962,11234485.692901503,11215458.836860854,11196435.513784302,11177416.213585842,11158401.434991363,11139391.685727555,11120387.482715491,11101389.352268782,11082397.830296587,11063413.46251162,11044436.804642975,11025468.422654402,11006508.89296757,10987558.802690992,10968618.749854283,10949689.343648257,10930771.204670783,10911864.965178477,10892971.269344704,10874090.77352366,10855224.146520875,10836372.069870304,10817535.2381181,10798714.359113228,10779910.1543051,10761123.35904847,10742354.722915592,10723605.010016004,10704874.999323986,10686165.485013915,10667477.27680373,10648811.20030673,10630168.097391674,10611548.826551776,10592954.26328246,10574385.300468184,10555842.848778682,10537327.837074636,10518841.212823126,10500383.9425231,10481957.012140954,10463561.427556736,10445198.21502086,10426868.421621956,10408573.11576576,10390313.387665626,10372090.349844689,10353905.137650045,10335758.909779323,10317652.848819748,10299588.161800118,10281566.080756051,10263587.863308571,10245654.793256704,10227768.181184055,10209929.365079977,10192139.71097551,10174400.613594498,10156713.497020284,10139079.815378267,10121501.053534688,10103978.72781229,10086514.386722837,10069109.611717204,10051766.01795344,10034485.255083084,10017269.008056313,10000118.99794636,9983036.982793655,9966024.758470131,9949084.159564396,9932217.06028794,9915425.375403317,9898711.061174572,9882076.116340565,9865522.58311183,9849052.54819156,9832668.143821329,9816371.548852151,9800164.989841832,9784050.742178911,9768031.131234264,9752108.533541022,9736285.378003564,9720564.147136474,9704947.378334338,9689437.665173236,9674037.658744955,9658750.069024833,9643577.666274358,9628523.282479577,9613589.81282647,9598780.217214411,9584097.521809308,9569544.820637183,9555125.277220296,9540842.126256712,9526698.675345302,9512698.306757584,9498844.479258388,9485140.72997704,9471590.676331203,9458198.018005457,9444966.538986862,9431900.109659962,9419002.688963752,9406278.326613506,9393731.165390158,9381365.443500718,9369185.497012816,9357195.762367217,9345400.778972097,9333805.191883309,9322413.754575234,9311231.331806917,9300262.90258893,9289513.56325652,9278988.53065517,9268693.145445336,9258632.875533286,9248813.319636064,9239240.210988857,9229919.421203991,9220856.964291371,9212059.000851374,9203531.842451666,9195281.956200976,9187315.969533589,9179640.675219871,9172263.036619252,9165190.193193937,9158429.466302987,9151988.365298336,-913257614.0427908,-913250953.9069024,-913243974.5515664,-913236668.0393152,-913229026.1535764,-913221040.385027,-910094120.2881076,-910086379.1045429,-910078253.3511548,-910069732.6932166,-910060806.4261904,-895051357.3778774,-895043885.2016249,-895035998.8736814,-895027686.5244876,-895018935.8288014,-894936895.1494771,-894926104.9714236,-894914815.3235174,-894903011.331647,-894890677.5053599,-894877797.7006663,-909318558.9843526,-909306369.647766,-909293601.5578464,-909280235.7623558,-909266252.4258626,-907361995.7682877,-907348186.4979668,-907333686.7688328,-907318472.1979152,-907302517.191099,-907285794.8556856,-891449682.4188672,-891430926.176467,-891411304.5054003,-891390783.7983973,-891369328.5156773,-890730472.3073671,-890706827.3797996,-890682116.6808478,-890656294.8657194,-890629313.6303735,-846089225.2696863,-846060813.0679731,-846031091.5796453,-845999998.5128357,-845967466.9581183,-845933424.9031696,-845192918.2965429,-845154290.693065,-845113860.6041204,-845071526.4933337,-845027177.8141137,-844947372.1172628,-844898296.0183188,-844846792.7512128,-844792702.0988623,-844735847.3457661,-846540519.6835045,-846474165.3204455,-846404236.3401283,-846330449.3998576,-846252487.3825905,-867962827.7034653,-867872303.7668391,-867776151.8216326,-867673837.3565422,-867564752.5732706,-867448203.4103801,-886710626.565378,-886578437.7875439,-886436113.0595874,-886282422.1603391,-886115921.6664237,-884289875.9931762,-884087887.7487993,-883866627.402888,-883623122.8990809,-883353743.9432268,-886106571.0347745,-885773704.7603502,-885223891.7259727,-884789727.2534834,-884291279.8924159,-883712708.7451826,-883032486.8001873,-881539115.1222435,-880551637.6513036,-879329203.3797764,-877784703.9251584,-875821664.1223549,-872751219.3988947,0.0
2971.0,11707489.207372747,11687364.420874638,11667214.943896884,11647040.874070594,11626842.310689516,11606619.354734508,11586372.10889873,11566100.67761325,11545805.167073287,11525485.68526497,11505142.34199278,11484775.2489075,11464384.519534886,11443970.26930485,11423532.615581475,11403071.677693589,11382587.57696599,11362080.436751518,11341550.382463807,11320997.541610667,11300422.043828458,11279824.020917064,11259203.60687576,11238560.937939905,11217896.152618472,11197209.391732477,11176500.798454309,11155770.51834794,11135018.69941012,11114245.49211255,11093451.04944503,11072635.526959648,11051799.082815966,11030941.877827443,11010064.075508686,10989165.842124136,10968247.346737728,10947308.76126379,10926350.260519188,10905372.02227674,10884374.227319848,10863357.059498534,10842320.705786789,10821265.356341347,10800191.20456186,10779098.447152495,10757987.284185138,10736857.919164076,10715710.559092252,10694545.414539147,10673362.699710364,10652162.632518835,10630945.434657898,10609711.331675991,10588460.55305339,10567193.332280656,10545909.906939091,10524610.518783212,10503295.413825143,10481964.842421178,10460619.05936047,10439258.323955858,10417882.90013698,10396493.05654565,10375089.066633577,10353671.20876258,10332239.76630714,10310795.027759625,10289337.286837928,10267866.84259598,10246383.999536814,10224889.067728484,10203382.36292281,10181864.206677103,10160334.926478794,10138794.855873212,10117244.334594471,10095683.70869955,10074113.330705708,10052533.559731184,10030944.761639483,10009347.309187071,9987741.5821747,9966127.967602495,9944506.859828755,9922878.660732675,9901243.779880976,9879602.634698637,9857955.650643744,9836303.261386575,9814645.908993052,9792984.044112545,9771318.12617034,9749648.62356463,9727976.013868269,9706300.78403543,9684623.43061308,9662944.45995769,9641264.388456993,9619583.742756993,9597903.059994526,9576222.888035173,9554543.785716876,9532866.323099328,9511191.081719138,9489518.65485107,9467849.647775425,9446184.678051552,9424524.375797836,9402869.383978125,9381220.35869483,9359577.96948882,9337942.899646072,9316315.846511586,9294697.521810222,9273088.6519751,9251489.978483263,9229902.258199029,9208326.263725068,9186762.783761345,9165212.62347213,9143676.604861168,9122155.56715513,9100650.36719563,9079161.8798398,9057690.998369647,9036238.634910349,9014805.720857644,8993393.20731442,8972002.065536726,8950633.287389252,8929287.885810578,8907966.895288246,8886671.372343784,8865402.396027908,8844161.068426074,8822948.515174396,8801765.885986228,8780614.355189493,8759495.12227491,8738409.412455259,8717358.477235869,8696343.594996447,8675366.071584396,8654427.24091973,8633528.465611804,8612671.137587935,8591856.678734034,8571086.541547433,8550362.209802037,8529685.199225811,8509057.058190955,8488479.368416607,8467953.745684415,8447481.840566924,8427065.339169096,8406705.963882761,8386405.474154419,8366165.667266269,8345988.379130618,8325875.485097795,8305828.900777651,8285850.582874624,8265942.530036615,8246106.783717531,8226345.4290538225,8206660.595754797,8187054.459007086,8167529.240392961,8148087.208822939,8128730.681482463,8109462.024792796,8090283.655386309,8071198.041096024,8052207.7019596705,8033315.211238218,8014523.196449083,7995834.340413984,7977251.382321679,7958777.118805602,7940414.405036814,7922166.155832096,7904035.346777642,7886025.0153686525,7868138.262164913,7850378.251962918,7832748.214984898,7815251.448085178,7797891.315974465,7780671.25246281,7763594.7617219025,7746665.419567578,7729886.874763693,7713262.850348353,7696797.144984054,7680493.63433315,7664356.2724605,7648389.0932653,7632596.211944532,7616981.826490513,7601550.2192258835,7586305.758379115,7571252.899704908,7556396.188153489,7541740.259594351,7527289.842599768,7513049.7602949375,-915055755.5024683,-915058250.777857,-915060577.199088,-915062730.9249376,-915064707.9845988,-915066504.2712008,-911947926.3297852,-911950282.1421608,-911952432.7449512,-911954373.0020598,-911956097.6146052,-896844747.2784321,-896847655.5292599,-896850346.3205606,-896852813.8443546,-896855052.0937573,-896845029.8917345,-896846064.8914691,-896846836.1251646,-896847336.3680102,-896847558.1255294,-896847493.6171745,-911230240.1302028,-911230826.7300652,-911231110.107574,-911231080.97912,-911230729.6558462,-909329130.0953742,-909329487.514076,-909329483.700141,-909329106.7339984,-909328344.1482828,-909327182.8872968,-893546791.6161475,-893544634.2160705,-893542031.2375828,-893538966.5195086,-893535423.0004498,-892928327.5849375,-892923688.7687888,-892918504.5600989,-892912753.2781178,-892906411.8209794,-848362624.707737,-848355722.1405894,-848348156.282883,-848339897.1897002,-848330912.6243191,-848321167.7936234,-847664608.050414,-847652467.8341587,-847639423.5003836,-847625424.7472229,-847610416.4558206,-847576290.9099281,-847558916.274915,-847540322.5885723,-847520427.4129236,-847499139.0076708,-849453819.7190834,-849427455.940787,-849399247.6452103,-849369038.0650055,-849336649.9578248,-871185709.4107299,-871146845.5028943,-871104918.5533106,-871059608.7127583,-871010549.0089005,-870957316.6727278,-890244554.6619954,-890182736.3903317,-890115114.5284452,-890040916.6257815,-889959228.3968385,-888299297.7518886,-888195826.2872665,-888080605.7720423,-887951666.4979644,-887806574.3865459,-890658731.7484363,-890473697.8899038,-890159125.2987342,-889906213.8178672,-889609440.0232581,-889256390.1053331,-888829150.99141,-887648155.18982,-886970311.4278209,-886069979.6564941,-884796812.8757457,-882803501.140805,-878264639.1913328,0.0
2970.0,10801532.575594408,10779650.33322096,10757735.732842408,10735788.81903469,10713809.637417104,10691798.234666465,10669754.65853146,10647678.957847368,10625571.18255109,10603431.38369668,10581259.613470936,10559055.925209742,10536820.373414475,10514553.01376898,10492253.903156905,10469923.099679448,10447560.662673544,10425166.65273047,10402741.131714974,10380284.162784794,10357795.81041069,10335276.140396968,10312725.219902562,10290143.11746254,10267529.903010257,10244885.647899993,10222210.424930152,10199504.308367169,10176767.37396981,10153999.69901434,10131201.36232011,10108372.444275938,10085513.026867071,10062623.193702986,10039703.030045696,10016752.622838968,9993772.060738204,9970761.434141103,9947720.835219156,9924650.357949896,9901550.09815005,9878420.153509522,9855260.623626254,9832071.61004196,9808853.21627896,9785605.547877664,9762328.712435396,9739022.81964597,9715687.9813404,9692324.311528658,9668931.926442536,9645510.94457963,9622061.486748455,9598583.676114716,9575077.638248893,9551543.501174957,9527981.395420378,9504391.454067504,9480773.812806211,9457128.609987965,9433455.986681271,9409756.086728577,9386029.05680466,9362275.046476465,9338494.20826465,9314686.69770655,9290852.673420876,9266992.297174027,9243105.733948192,9219193.152011087,9195254.722987585,9171290.62193312,9147301.02740904,9123286.121559752,9099246.090191988,9075181.12285598,9051091.4129287,9026977.15769928,9002838.558456464,8978675.82057837,8954489.153624441,8930278.771429684,8906044.892201299,8881787.738617657,8857507.537929783,8833204.522065256,8808878.927734748,8784530.996541116,8760160.975091139,8735769.115109984,8711355.673558438,8686920.912752971,8662465.100488612,8637988.510164851,8613491.420914339,8588974.117734857,8564436.891624184,8539880.039718218,8515303.865432201,8490708.678605307,8466094.79564844,8441462.539695445,8416812.24075769,8392144.235882169,8367458.86931304,8342756.492656864,8318037.465051275,8293302.153337491,8268550.932236468,8243784.18452876,8219002.301238276,8194205.681819876,8169394.73435082,8144569.875726097,8119731.531857886,8094880.137878838,8070016.138349522,8045139.987469851,8020252.149294593,7995353.097953109,7970443.317873065,7945523.304008334,7920593.562071115,7895654.608768112,7870706.9720409,7845751.191310503,7820787.817725933,7795817.414417029,7770840.556751337,7745857.83259487,7720869.842577171,7695877.200360069,7670880.532910551,7645880.480777246,7620877.698370889,7595872.854248258,7570866.631399736,7545859.727540405,7520852.855404287,7495846.743041826,7470842.134120412,7445839.788227737,7420840.481177728,7395845.005318951,7370854.169845206,7345868.801108147,7320889.742931422,7295917.856926358,7270954.022808638,7245999.138715623,7221054.121524203,7196119.907168397,7171197.450956574,7146287.727887644,7121391.732965912,7096510.481513734,7071645.009481823,7046796.373756162,7021965.652461284,6997153.945258736,6972362.373640467,6947592.081216,6922844.233992596,6898120.020647624,6873420.652791989,6848747.365223707,6824101.416170453,6799484.087519881,6774896.685036668,6750340.538564568,6725817.002212524,6701327.454522884,6676873.298620632,6652455.962341383,6628076.898336832,6603737.584155536,6579439.522297016,6555184.240237181,6530973.290422534,6506808.250231266,6482690.721898175,6458622.332401071,6434604.73330578,6410639.600566713,6386728.634279843,6362873.558384832,6339076.120312685,6315338.090575306,6291661.262292939,6268047.45065544,6244498.492312945,6221016.24469134,6197602.585227694,6174259.410520511,6150988.6353894295,6127792.19183861,6104672.027918017,6081630.106475996,6058668.403796885,6035788.908116356,6012993.618007396,5990284.540629238,5967663.689830954,5945133.084101539,5922694.7443574695,5900350.691558306,5878102.944140879,-916869381.1243588,-916881300.2431346,-916893207.7728804,-916905104.2632765,-916916990.299052,-916928866.5016004,-913820845.2639875,-913833633.9883512,-913846406.640796,-913859163.6758604,-913871905.6123072,-898655005.5441996,-898668604.8471931,-898682193.1468021,-898695771.1139234,-898709339.4999005,-898773299.429617,-898786575.5786047,-898799837.4016674,-898813085.9312917,-898826322.3128748,-898839547.8119838,-913160267.4720114,-913174047.041751,-913187814.6233577,-913201571.3842304,-913215318.6170338,-911317973.3048984,-911333008.6506928,-911348032.438806,-911363046.3033384,-911378052.0713812,-911393051.7767092,-895670383.5326949,-895685513.1335527,-895700646.6365336,-895715787.0936071,-895730937.8351091,-895156910.7998266,-895172158.9762713,-895187422.7377228,-895202706.79024,-895218016.2154497,-850669413.9982274,-850685074.9892023,-850700772.7801929,-850716513.8705041,-850732305.2288016,-850748154.3076239,-850180490.797528,-850196401.8322344,-850212400.9655923,-850228497.7048762,-850244701.9933411,-850259408.1987156,-850275905.5017273,-850292543.9553208,-850309335.0382046,-850326290.378903,-852443598.6868813,-852460814.1878433,-852478218.0936337,-852495817.5359784,-852513618.3495183,-874516150.7345183,-874535220.4416561,-874554435.4205285,-874573780.9791883,-874593237.5401895,-874612779.8092759,-893929622.773375,-893949606.5058379,-893969584.3150667,-893989498.8163726,-894009280.8270373,-892551238.5111476,-892569805.6492814,-892587900.9214045,-892605401.4241153,-892622171.4439865,-895606332.8892252,-895621568.8461466,-895637288.3788822,-895649410.953208,-895660166.0287008,-895669557.002534,-895677700.6162577,-895090474.2257042,-895097104.6642594,-895103767.0964795,-895111069.240798,-895119682.6157923,-894240113.2577477,0.0
2969.0,9911114.8841247,9887487.409183666,9863819.85955373,9840112.226236377,9816364.500651777,9792576.674642166,9768748.74047536,9744880.690848395,9720972.51889122,9697024.218170583,9673035.782693995,9649007.206913829,9624938.48573158,9600829.61450223,9576680.58903882,9552491.405617086,9528262.060980346,9503992.552344471,9479682.877403114,9455333.034333017,9430943.02179962,9406512.83896275,9382042.485482598,9357531.961525852,9332981.26777208,9308390.4054203,9283759.376195803,9259088.182357248,9234376.826703915,9209625.312583337,9184833.6438991,9160001.825118966,9135129.86128327,9110217.758013636,9085265.521521926,9060273.158619631,9035240.676727474,9010168.083885351,8985055.388762763,8959902.600669418,8934709.72956636,8909476.78607734,8884203.781500742,8858890.727821793,8833537.637725187,8808144.524608307,8782711.402594667,8757238.28654797,8731725.192086583,8706172.13559854,8680579.134256989,8654946.206036167,8629273.36972797,8603560.644959008,8577808.052208189,8552015.612825008,8526183.349048307,8500311.284025652,8474399.441833444,8448447.847497517,8422456.527014527,8396425.50737395,8370354.816580751,8344244.483678829,8318094.538775125,8291905.013064509,8265675.938855446,8239407.349596344,8213099.279902859,8186751.765585834,8160364.843680217,8133938.552474733,8107472.931542508,8080968.0217724675,8054423.865401756,8027840.506049002,8001217.988748541,7974556.359985594,7947855.667732433,7921115.961485545,7894337.292303694,7867519.712847243,7840663.277418196,7813768.042001611,7786834.064307831,7759861.403815977,7732850.121818406,7705800.281466354,7678711.947816678,7651585.187879751,7624420.070668449,7597216.667248337,7569975.050788996,7542695.296616511,7515377.482267141,7488021.687542158,7460627.994563836,7433196.487832653,7405727.254285669,7378220.383356024,7350675.967033652,7323094.09992709,7295474.879326516,7267818.405267791,7240124.780597763,7212394.1110405,7184626.50526469,7156822.074952093,7128980.934866864,7101103.202925993,7073189.000270583,7045238.451338057,7017251.683935122,6989228.829311574,6961170.022234769,6933075.401064756,6904945.107829939,6876779.288303233,6848578.092078638,6820341.672648024,6792070.187478145,6763763.798087717,6735422.670124364,6707046.973441459,6678636.882174487,6650192.574817043,6621714.23429592,6593202.048045564,6564656.208081246,6536076.911071067,6507464.358406331,6478818.756270237,6450140.315704432,6421429.252673309,6392685.788125581,6363910.148052938,6335102.563545415,6306263.270842954,6277392.511382968,6248490.53184335,6219557.584180491,6190593.925661816,6161599.818892373,6132575.531834883,6103521.337822584,6074437.515564448,6045324.349141819,6016182.127996089,5987011.146906361,5957811.705956444,5928584.110490362,5899328.671055315,5870045.703331344,5840735.52804637,5811398.470875922,5782034.862326004,5752645.037598093,5723229.336434939,5693788.102945721,5664321.685409158,5634830.436052938,5605314.710807882,5575774.869035015,5546211.273223774,5516624.288659295,5487014.283056633,5457381.62615986,5427726.689303521,5398049.844933962,5368351.466087967,5338631.925825766,5308891.596615485,5279130.849665815,5249350.054203654,5219549.576692915,5189729.779990969,5159891.022438515,5130033.656878706,5100158.029600895,5070264.479204319,5040353.335376588,5010424.917581385,4980479.533649975,4950517.478270008,4920539.031365494,4890544.456360798,4860533.99832149,4830507.88196423,4800466.309527417,4770409.458493874,4740337.479156165,4710250.492014707,4680148.584998106,4650031.810494449,4619900.18218173,4589753.671644587,4559592.204763915,4529415.657864999,4499223.853608722,4469016.556609637,4438793.46876349,4408554.224265622,4378298.384300453,4348025.43138112,4317734.76331656,4287425.686782157,4257097.41046837,-918679151.9825124,-918700455.2685626,-918721902.5553944,-918743498.7577271,-918765248.9893954,-918787158.572998,-915691548.4017868,-915714734.1609192,-915738091.9593244,-915761627.79777,-915785347.9645604,-900463084.1797783,-900487329.8161786,-900511769.7085147,-900536410.9544393,-900561261.0069349,-900698394.6063466,-900723868.79629,-900749576.938172,-900775528.2405416,-900801732.4001198,-900828199.6321744,-915085381.634128,-915112275.5847508,-915139447.0960152,-915166907.6875914,-915194669.526763,-913303018.0865844,-913332654.7915344,-913362627.751,-913392952.0281523,-913423643.6077656,-913454719.4630789,-897789519.0613455,-897821845.657567,-897854622.5565763,-897887871.7793751,-897921616.7835451,-897380306.2262409,-897415343.4610261,-897450952.3693086,-897487163.6451118,-897524010.129001,-852970493.1042327,-853008596.896308,-853047431.1007068,-853087038.1448019,-853127463.6566926,-853168756.7592816,-852689717.7245414,-852733495.7641478,-852778342.9232787,-852824327.8737609,-852871524.9778565,-852934843.2537723,-852984958.6467931,-853036560.6549175,-853089754.178294,-853144653.8085353,-855423490.011017,-855483922.3121531,-855546563.043714,-855611584.4582312,-855679177.1646445,-877831792.122875,-877908373.999,-877988330.81903,-878071961.0774934,-878159602.0688835,-878251637.0966891,-897597893.5261992,-897699483.5761228,-897806955.0873573,-897920985.6104414,-898042373.6615738,-896786867.3199947,-896928093.0333247,-897080342.0987035,-897245365.1765032,-897425349.6529253,-900542747.125774,-900760141.8231738,-901109264.1693436,-901388960.1516368,-901709965.8474492,-902084590.5537064,-902530823.5908756,-902540080.0719762,-903233192.6643084,-904148450.0920422,-905437689.273566,-907450029.905985,-910231533.7115971,0.0
2968.0,9038464.815847209,9013114.177392969,8987715.768741297,8962269.527592612,8936775.39144822,8911233.297603112,8885643.183138644,8860004.984915212,8834318.639564637,8808584.08348261,8782801.252820933,8756970.083479635,8731090.511099033,8705162.471051628,8679185.89843395,8653160.728058212,8627086.894443888,8600964.331809195,8574792.974062493,8548572.754793435,8522303.607264176,8495985.464400357,8469618.258782055,8443201.922634523,8416736.38781893,8390221.58582294,8363657.447751157,8337043.9043155005,8310380.885825478,8283668.322178337,8256906.142849072,8230094.27688042,8203232.652872635,8176321.198973266,8149359.842866763,8122348.5117640095,8095287.132391746,8068175.630981871,8041013.933260699,8013801.964438057,7986539.6491963295,7959226.911679377,7931863.675481364,7904449.863635507,7876985.39860269,7849470.202260047,7821904.195889365,7794287.300165506,7766619.435144601,7738900.520252281,7711130.474271729,7683309.215331669,7655436.660894273,7627512.727742962,7599537.331970098,7571510.3889646465,7543431.813399653,7515301.519219741,7487119.419628373,7458885.427075145,7430599.453242904,7402261.409034827,7373871.204561328,7345428.749126892,7316933.951216875,7288386.718484041,7259786.957735097,7231134.574917136,7202429.475103824,7173671.562481612,7144860.740335672,7115996.911035834,7087079.976022248,7058109.835790981,7029086.389879394,7000009.536851381,6970879.174282396,6941695.198744301,6912457.5057900045,6883165.989937874,6853820.544655909,6824421.062345643,6794967.434325828,6765459.550815743,6735897.300918322,6706280.572602754,6676609.252686943,6646883.226819418,6617102.379460904,6587266.593865436,6557375.752061046,6527429.734829788,6497428.421687411,6467371.690862358,6437259.419274033,6407091.482510595,6376867.754805843,6346588.109015415,6316252.416592126,6285860.547560401,6255412.370489751,6224907.752467185,6194346.559068577,6163728.654328827,6133053.900710635,6102322.159072102,6071533.288632752,6040687.146937988,6009783.589821966,5978822.471368513,5947803.643870411,5916726.957786319,5885592.261695729,5854399.40225153,5823148.224130079,5791838.569978573,5760470.280359643,5729043.193692934,5697557.146193389,5666011.971806086,5634407.50213749,5602743.5663827285,5571019.991248709,5539236.600872746,5507393.216736578,5475489.657575252,5443525.739280639,5411501.274799336,5379416.074024375,5347269.943680604,5315062.687203119,5282794.104608419,5250463.992357774,5218072.143212435,5185618.346079965,5153102.385851357,5120524.043228183,5087883.094539338,5055179.3115464775,5022412.461237817,4989582.30560918,4956688.6014318345,4923731.100006062,4890709.546899822,4857623.681671397,4824473.237575136,4791257.941249333,4757977.512384997,4724631.663374505,4691220.098938889,4657742.515732389,4624198.601923028,4590588.036747645,4556910.490039983,4523165.621730067,4489353.081313312,4455472.507287416,4421523.526555234,4387505.753791399,4353418.79077088,4319262.2256567385,4285035.63224516,4250738.569164717,4216370.579027576,4181931.187529414,4147419.902495338,4112836.212868223,4078179.5876364014,4043449.4746967726,4008645.299649708,3973766.464521568,3938812.346410486,3903782.296051008,3868675.6362924185,3833491.660485928,3798229.630775053,3762888.7762833927,3727468.291193663,3691967.3327115057,3656385.018906994,3620720.4264265057,3584972.588067197,3549140.4902055566,3513223.0700713648,3477219.2128574834,3441127.748655556,3404947.4492068915,3368677.024457196,3332315.118903036,3295860.3077173373,3259311.092639867,3222665.8976185326,3185923.0641855635,3149080.8465521806,3112137.4064039984,3075090.807378272,3037939.0092028063,3000679.861475042,2963311.097058216,2925830.325070168,2888235.023438228,2850522.5309924544,2812690.0390666705,2774734.582575405,2736653.0305319554,2698442.0759708,2660098.2252343474,-920465717.675371,-920496059.811894,-920526691.268356,-920557620.9762558,-920588858.2141184,-920620412.6241444,-917538678.3184884,-917571853.100086,-917605376.1647671,-917639258.5825253,-917673511.9073988,-902249936.4266984,-902284428.1968786,-902319307.28776,-902354586.7065252,-902390280.0597658,-902596992.975758,-902634161.3233856,-902671795.8246392,-902709913.104599,-902748530.6024688,-902787666.6212074,-916982398.4722644,-917021832.1426008,-917061813.8907206,-917102364.6240816,-917143506.3528438,-915258795.6711504,-915302368.0767596,-915346600.371136,-915391519.7236184,-915437154.854236,-915483536.1445206,-899873277.861204,-899921932.5383372,-899971448.361005,-900021864.1040967,-900073220.9539639,-899562585.3669078,-899616336.4023728,-899671165.4454217,-899727125.719945,-899784274.0606613,-855226766.6412663,-855286021.2527322,-855346633.6883464,-855408677.2532147,-855472230.6925654,-855537378.707403,-855141499.1859996,-855211226.0297339,-855282888.2640398,-855356603.9228338,-855432500.9189773,-855540873.64768,-855621952.6223323,-855705683.7874776,-855792248.2944185,-855881844.4095793,-858307551.0922924,-858406919.4186099,-858510186.9670323,-858617655.5211389,-858729659.7546537,-881011314.8982903,-881138272.4862133,-881271217.6632011,-881410684.4137301,-881557275.5587382,-881711674.8307264,-901082132.2133604,-901253348.1992686,-901435005.0026217,-901628291.1680584,-901834595.4476726,-900746395.1918632,-900987523.9689173,-901247784.7318404,-901530010.11254,-901837660.8318188,-905057564.0948443,-905427684.2943932,-906020102.2247788,-906487888.4740942,-907018001.6687678,-907625875.3872036,-908332642.3351762,-908661638.6971184,-909669469.668234,-910909683.7644747,-912470452.8495588,-914449178.4851284,-915750124.0264736,0.0
2967.0,8185801.693549728,8158759.83178029,8131662.595689302,8104509.870734483,8077301.54157594,8050037.492058692,8022717.605194983,7995341.763146111,7967909.847204027,7940421.737772599,7912877.314348444,7885276.455501475,7857619.038855121,7829904.941066069,7802134.037803783,7774306.20372952,7746421.31247506,7718479.236621005,7690479.847674699,7662423.016047743,7634308.61103313,7606136.500781973,7577906.552279725,7549618.631322112,7521272.602490603,7492868.329127331,7464405.673309734,7435884.495824624,7407304.656141862,7378666.012387544,7349968.421316749,7321211.738285711,7292395.817223634,7263520.510603943,7234585.669415016,7205591.143130391,7176536.779678551,7147422.425412063,7118247.925076231,7089013.121777193,7059717.856949471,7030361.970322885,7000945.299889023,6971467.681866949,6941928.950668465,6912328.938862636,6882667.477139788,6852944.394274812,6823159.51708982,6793312.670416178,6763403.677055814,6733432.357741881,6703398.531098693,6673302.013600916,6643142.619532115,6612920.160942445,6582634.447605635,6552285.286975195,6521872.484139808,6491395.841777853,6460855.160111237,6430250.236858137,6399580.867185139,6368846.8436582405,6338047.956193065,6307183.992004089,6276254.735552887,6245259.968495432,6214199.469628306,6183073.014833921,6151880.377024616,6120621.326085676,6089295.628817224,6057903.048874859,6026443.346709227,5994916.279504209,5963321.601113919,5931659.061998332,5899928.409157605,5868129.386064945,5836261.732598031,5804325.184968974,5772319.475652701,5740244.333313779,5708099.482731503,5675884.644723409,5643599.5360668665,5611243.869418946,5578817.353234349,5546319.691681404,5513750.584555913,5481109.727193078,5448396.810376982,5415611.520248038,5382753.538207866,5349822.540821823,5316818.199718935,5283740.181489158,5250588.147577899,5217361.754177596,5184060.65211631,5150684.486743253,5117232.897810955,5083705.519354073,5050101.979564655,5016421.900663664,4982664.898768701,4948830.58375761,4914918.559127966,4880928.421852012,4846859.762227175,4812712.163721566,4778485.202814683,4744178.448832572,4709791.463777732,4675323.802153068,4640775.010779889,4606144.62860961,4571432.18652871,4536637.207156854,4501759.204637718,4466797.684422149,4431752.14304333,4396622.067883574,4361406.936932359,4326106.2185349865,4290719.371131722,4255245.842986641,4219685.071905818,4184036.484944354,4148299.498101511,4112473.516003614,4076557.931573789,4040552.125688202,4004455.46681777,3968267.310654904,3931986.999724315,3895613.8629771415,3859147.215367487,3822586.3574105497,3785930.5747213066,3749179.137532728,3712331.300192459,3675386.3006369504,3638343.359841664,3601201.68124626,3563960.4501532423,3526618.833098973,3489175.977195182,3451631.009439768,3413983.035994929,3376231.141431205,3338374.387935213,3300411.814479541,3262342.435952262,3224165.242244477,3185879.1972929817,3147483.23807604,3108976.273559612,3070357.183591197,3031624.817738442,2992777.9940696927,2953815.497872946,2914736.0803100085,2875538.45700226,2836221.306544013,2796783.268939735,2757222.9439605656,2717538.8894157326,2677729.6193341566,2637793.6020509307,2597729.258193466,2557534.958561546,2517209.021895201,2476749.712523999,2436155.2378908903,2395423.745943468,2354553.3223848706,2313541.9877761765,2272387.694481709,2231088.3234479665,2189641.680806445,2148045.4942899765,2106297.409451388,2064394.985673085,2022335.691954536,1980116.9024648184,1937735.891845798,1895189.8302509,1852475.778103449,1809590.6805572635,1766531.361641506,1723294.518069951,1679876.712694198,1636274.36757826,1592483.7566711006,1548500.998051557,1504322.0457186112,1459942.6808979693,1415358.502833965,1370564.9190334943,1325557.134926382,1280330.1429040728,1234878.710695715,1189197.3690376936,1143280.398589576,1097121.8160457034,-922210317.342303,-922249067.0880884,-922288233.223958,-922327828.0555376,-922367864.35357,-922408355.375713,-919341590.8602014,-919383995.7951274,-919426903.3454412,-919470328.7883574,-919514288.0353216,-903997136.9388652,-904041138.2182049,-904085697.432364,-904130832.5632828,-904176562.3830968,-904446627.4998648,-904494551.2287942,-904543143.51239,-904592427.039506,-904642425.5549624,-904693163.921903,-918829073.7954016,-918880005.3681358,-918931720.6082408,-918984248.0917168,-919037617.8361816,-917160887.7122388,-917217177.3530544,-917274405.9693208,-917332610.4722662,-917391829.7814716,-917452104.9639524,-901892134.3809748,-901955524.3123378,-902020121.7286936,-902085978.2855223,-902153148.7108216,-901669543.4300504,-901740034.1310756,-901812020.375684,-901885571.9442512,-901960763.1627332,-857401138.4373142,-857479182.5934448,-857559094.3326491,-857640969.0919985,-857724909.1323411,-857811024.1726389,-857488175.373687,-857580392.5549395,-857675210.4333677,-857772779.339266,-857873261.7868886,-858020214.1283678,-858127514.928601,-858238319.195255,-858352854.2287374,-858471368.1090089,-861017838.1230085,-861148580.7580208,-861284336.3981373,-861425473.5140476,-861572398.9770275,-883948399.505791,-884113174.9941933,-884285449.511612,-884465854.5297269,-884655097.2885449,-884853972.7917726,-904239505.2388184,-904459193.675497,-904691547.6859784,-904937891.8992884,-905199748.7349508,-904217081.8509312,-904518530.3323252,-904841661.9882544,-905189228.9165612,-905564468.858468,-908835591.7959346,-909277272.0944686,-909968909.49527,-910501875.392198,-911089867.387276,-911741594.6833738,-912466838.5333512,-912763938.7781392,-913657106.3796403,-914633744.193918,-915653614.6368508,-916577115.6171216,-916176896.0636585,0.0
2966.0,7355323.533934909,7326632.201303394,7297878.050770892,7269060.91737394,7240180.63478431,7211237.035281811,7182229.949726654,7153159.2075312855,7124024.636631497,7094826.0634573,7065563.312902859,7036236.208296184,7006844.571367958,6977388.222219985,6947866.979292876,6918280.659333187,6888629.077359876,6858912.046630213,6829129.378604896,6799280.882912563,6769366.367313718,6739385.637663736,6709338.497875397,6679224.749880542,6649044.193591101,6618796.626859272,6588481.845437015,6558099.642934703,6527649.810779097,6497132.1381703885,6466546.412038461,6435892.416998323,6405169.935304711,6374378.746805806,6343518.628895989,6312589.356467817,6281590.701862978,6250522.434822335,6219384.322435055,6188176.1290866425,6156897.616406101,6125548.543211984,6094128.665457461,6062637.736174294,6031075.505415685,5999441.720198144,5967736.12444205,5935958.458911229,5904108.461151224,5872185.865426395,5840190.402655853,5808121.8003480425,5775979.782534066,5743764.06969974,5711474.378716233,5679110.4227693705,5646671.911287542,5614158.549868124,5581570.040202526,5548906.07999954,5516166.362907388,5483350.578434031,5450458.411865854,5417489.544184819,5384443.651983771,5351320.407380133,5318119.477927706,5284840.526526723,5251483.211332015,5218047.185659164,5184532.097888846,5150937.591368959,5117263.304314853,5083508.869707294,5049673.91518828,5015758.062954595,4981760.929649065,4947682.126249419,4913521.257954677,4879277.924069092,4844951.717883365,4810542.226553367,4776049.03097595,4741471.70566205,4706809.818606783,4672062.93115662,4637230.597873379,4602312.366395145,4567307.777293705,4532216.363928835,4497037.652298841,4461771.160887631,4426416.400507991,4390972.874140984,4355440.076771442,4319817.495219145,4284104.607965985,4248300.884978467,4212405.7875258215,4176418.7679932513,4140339.269690382,4104166.7266546,4067900.563449087,4031540.1949555096,3995085.0261609065,3958534.451938877,3921887.856824585,3885144.614783472,3848304.088973423,3811365.631500169,3774328.583165538,3737192.273208453,3699956.019038199,3662619.1259598737,3625180.886891439,3587640.582072313,3549997.478762984,3512250.8309352417,3474399.878952843,3436443.849241996,3398381.953951376,3360213.390601156,3321937.34172064,3283552.974473929,3245059.4402732435,3206455.8743791813,3167741.395487553,3128915.1053020167,3089976.08809192,3050923.410234904,3011756.1197432303,2972473.2457733685,2933073.7981180213,2893556.766679721,2853921.120925248,2814165.809319859,2774289.7587406035,2734291.8738674866,2694171.036551668,2653926.105159489,2613555.9138912023,2573059.272073285,2532434.9634229466,2491681.745283565,2450798.347829656,2409783.473239892,2368635.794836572,2327353.9561899044,2285936.570185525,2244382.2180530834,2202689.448354409,2160856.7759288778,2118882.680793974,2076765.606998856,2034503.9614284136,1992096.1125554072,1949540.38913794,1906835.078859567,1863978.4269090088,1820968.6344963969,1777803.8573026883,1734482.2038588095,1691001.7338508356,1647360.4563473382,1603556.327944694,1559587.25082609,1515451.0707295784,1471145.5748203169,1426668.4894618108,1382017.4778806786,1337190.1377192934,1292183.99846995,1246996.5187842103,1201625.083650577,1156067.001433101,1110319.5007631844,1064379.7272765834,1018244.7401865594,971911.5086842728,925376.9081564615,878637.7162099441,831690.6084920511,784532.1542950436,737158.8119321926,689566.9238720743,641752.7116171216,593712.2703111798,545441.5630602615,496936.4149492918,448192.5067367306,399205.3682077017,349970.3711650105,300482.7220358471,250737.45407095127,200729.41911080343,150453.27889229794,99903.49586699584,49074.3235004865,-2040.203979991595,-53446.28242493274,-105150.3492261694,-157159.09544544737,-209479.4786506991,-262118.73650669903,-315084.4011694972,-368384.31453828944,-422026.6444219113,-923895342.551201,-923941618.6514204,-923988413.1936356,-924035740.9749784,-924083617.3357396,-924132058.1839318,-921081059.4396652,-921131626.501073,-921182820.1039208,-921234658.5701046,-921287160.9460725,-905687472.4563388,-905739947.5399204,-905793119.91676,-905847011.2754884,-905901644.2163289,-906226516.2876304,-906283873.565066,-906342060.5239822,-906401104.1166508,-906461032.486066,-906521875.0329572,-920604928.1769104,-920665905.0352112,-920727853.004714,-920790806.044151,-920854799.7444186,-918986886.6178384,-919054193.456073,-919122657.092405,-919192321.0456722,-919263231.0830066,-919335435.367936,-903819254.7043376,-903895168.5266012,-903972549.0251894,-904051455.7322072,-904131951.5234638,-903670322.3829038,-903754825.5106696,-903841123.91562,-903929296.366638,-904019426.4612104,-859460359.4689947,-859553949.6243855,-859649762.257041,-859747903.9249794,-859848488.3459119,-859951637.02658,-859687970.1928195,-859798021.3609852,-859911081.1600628,-860027311.1864675,-860146885.2667139,-860323757.6320225,-860450999.1185181,-860582199.8480538,-860717596.8043525,-860857447.0144601,-863490748.5177319,-863643132.5533086,-863800938.5512629,-863964528.3750272,-864134297.8143959,-886562912.3586197,-886749826.9419779,-886944444.9028877,-887147341.2089419,-887359150.0000405,-887580572.0865483,-906970081.0445838,-907212546.3101696,-907467266.7600316,-907735322.6980308,-908017919.142672,-907068574.1309066,-907384925.994028,-907719944.953981,-908075359.9937968,-908453045.7253336,-911721010.1301576,-912150581.2140242,-912799535.9747812,-913283747.510224,-913797899.4062312,-914341184.0558754,-914909862.8705463,-914958202.270671,-915529460.9202908,-916059746.321266,-916488202.0034052,-916735701.8870542,-915900316.4978522,0.0
2965.0,6549195.077304762,6518905.695920062,6488546.2808068255,6458116.619129551,6427616.496163454,6397045.695258299,6366403.997801709,6335691.183181617,6304907.028748002,6274051.309773812,6243123.799415292,6212124.268671289,6181052.486341926,6149908.218986349,6118691.230879745,6087401.283969394,6056038.137829883,6024601.549617515,5993091.274023738,5961507.063227623,5929848.666847482,5898115.83189148,5866308.302707288,5834425.820930728,5802468.125433374,5770434.952269211,5738326.034620069,5706141.102740184,5673879.88389948,5641542.102325786,5609127.479146007,5576635.732325886,5544066.576608888,5511419.723453537,5478694.880969777,5445891.753853905,5413010.043322271,5380049.447043593,5347009.659070034,5313890.369766775,5280691.265740276,5247412.029765009,5214052.340708767,5180611.873456529,5147090.298832667,5113487.283521694,5079802.489987319,5046035.576389962,5012186.196502515,4978253.999624439,4944238.630494079,4910139.729199254,4875956.931085939,4841689.866665101,4807338.161517714,4772901.436197662,4738379.306132761,4703771.381523699,4669077.267240883,4634296.5627191225,4599428.861850131,4564473.752872822,4529430.818261227,4494299.634610103,4459079.772518154,4423770.796468717,4388372.26470792,4352883.729120338,4317304.7351018535,4281634.821429863,4245873.5201307135,4210020.35634415,4174074.848184989,4138036.506601604,4101904.835231436,4065679.330253248,4029359.480236136,3992944.7659851657,3956434.660383681,3919828.628231844,3883126.1260817535,3846326.602068726,3809429.4957387294,3772434.237871913,3735340.250302058,3698146.945731772,3660853.727543504,3623459.989606077,3585965.1160766315,3548368.4811979025,3510669.449090705,3472867.373541347,3434961.597784,3396951.45427774,3358836.264478118,3320615.3386031324,3282287.9753934056,3243853.461866373,3205311.0730642,3166660.0717955288,3127899.708370406,3089029.2203285657,3050047.8321605586,3010954.7550217942,2971749.186438865,2932430.3100082213,2892997.295086807,2853449.2964743497,2813785.454087056,2774004.8926224066,2734106.7212147806,2694090.033081378,2653953.905158401,2613697.397726924,2573319.5540281245,2532819.3998674387,2492195.9432073664,2451448.1737483894,2410575.0624975213,2369575.561324086,2328448.6025023246,2287193.098240017,2245807.9401929625,2204291.99896446,2162644.1235893364,2120863.141001892,2078947.8554870929,2036897.0481143096,1994709.476153012,1952383.8724694448,1909918.9449038592,1867313.3756270343,1824565.820475664,1781674.9082654307,1738639.2400809166,1695457.3885413816,1652127.8970412882,1608649.2789646464,1565020.0168718086,1521238.5616577235,1477303.3316802108,1433212.7118570893,1388965.0527306898,1344558.6694981835,1299991.8410064494,1255262.8087095502,1210369.7755873469,1165310.9050233958,1120084.3196401391,1074688.1000895838,1029120.2837972,983378.8636570245,937461.7866754576,891366.9525614715,845092.2122605786,798635.3664299166,751994.1638514502,705166.2997804609,658149.4142261159,610941.0901605583,563538.8516532987,515940.1619270086,468142.42133071535,420142.9652263976,371939.06178450776,323527.90968382586,274906.6357106686,226072.29225231288,177021.854679255,127752.218610365,78260.19705486199,28542.51742466558,-21404.181589768574,-71583.35328734986,-121998.54637583673,-172653.40855083772,-223551.6902430569,-274697.24854313914,-326094.05131338554,-377746.1814971486,-429657.84163642704,-481833.3586095216,-534277.1886009878,-586993.9223169303,-639988.2904596557,-693265.1694764082,-746829.5875978974,-800686.7311834795,-854841.9513906068,-909300.7711876588,-964068.8927304286,-1019152.2051234856,-1074556.7925897583,-1130288.9430725304,-1186355.157296168,-1242762.1583133002,-1299516.901568467,-1356626.585509865,-1414098.6627833608,-1471940.8520452136,-1530161.1504323664,-1588767.846732211,-1647769.5352964508,-1707175.13074703,-1766993.8835256011,-1827235.396341788,-1887909.6415793768,-925504828.7173914,-925557549.7505902,-925610861.195948,-925664779.2941346,-925719320.8611852,-925774503.3132464,-922739899.0960392,-922797310.5600356,-922855435.7443626,-922914294.6625788,-922973908.0771224,-907305469.2546418,-907365136.8986218,-907425603.1681268,-907486891.9676782,-907549028.157229,-907918302.9584332,-907983463.2202388,-908049564.612216,-908116636.2868414,-908184708.6064053,-908253813.206408,-922291983.3982388,-922361222.0794636,-922431561.5627908,-922503038.5743896,-922575691.5027956,-920717243.2084144,-920793486.4487284,-920871031.2723168,-920949924.2457078,-921030214.190654,-921111952.3217996,-905631626.0667498,-905717379.7800364,-905804757.7620636,-905893821.9349254,-905984637.4347408,-905538806.1169274,-905634038.010226,-905731230.7557015,-905830464.0670462,-905931822.1166975,-861376590.6366688,-861481850.3602548,-861589513.1877518,-861699685.2535154,-861812479.1534362,-861928014.4532634,-861707177.6401036,-861829647.6379633,-861955256.8681817,-862084157.1411467,-862216510.4249176,-862413376.352229,-862553425.9656374,-862697478.0517969,-862845744.1402357,-862998451.1522597,-865681233.7117047,-865844707.4512885,-866013319.4353434,-866187359.8834946,-866367140.6172962,-888807195.850758,-889000186.4493212,-889199888.5532644,-889406697.4157563,-889621035.3439202,-889843352.6040235,-909225987.4730856,-909466298.2742916,-909716259.7604514,-909976453.8739386,-910247482.9376334,-909266210.8190572,-909557633.0548546,-909860975.50761,-910176593.4032573,-910504671.2591316,-913727550.9087404,-914083584.546878,-914593707.7412416,-914960234.0099788,-915330559.6246716,-915698614.2474934,-916055129.0676728,-915824437.3835158,-916101955.8310049,-916312182.8636456,-916436092.5704472,-916478006.2773868,-915591997.4330983,0.0
2964.0,5769535.89112104,5737709.328050988,5705805.807562675,5673825.072176596,5641766.862052485,5609630.914945235,5577416.966160017,5545124.74850648,5512753.992251991,5480304.42507402,5447775.772011432,5415167.755414985,5382480.094896613,5349712.507277858,5316864.706537249,5283936.40375651,5250927.307065762,5217837.121587665,5184665.54938035,5151412.289379239,5118077.037337685,5084659.485766457,5051159.323871907,5017576.23749303,4983909.909037074,4950160.017414056,4916326.237969756,4882408.242417532,4848405.698768586,4814318.271260987,4780145.620287145,4745887.402319784,4711543.269836584,4677112.871243094,4642595.850794232,4607991.848514025,4573300.500113948,4538521.436909357,4503654.285734369,4468698.668854929,4433654.2038802,4398520.503671972,4363297.176252364,4327983.8247096,4292580.047101755,4257085.43635867,4221499.580181705,4185822.0609415183,4150052.455573678,4114190.335472169,4078235.2663805727,4042186.808281173,4006044.5152815655,3969807.935498993,3933476.610942288,3897050.077391271,3860527.8642736655,3823909.49453942,3787194.484532334,3750382.3438590704,3713472.575255264,3676464.6744489055,3639358.130020765,3602152.423261781,3564847.028027537,3527441.410589469,3489935.0294829533,3452327.335352124,3414617.7707912675,3376805.77018282,3338890.7595318668,3300872.156296889,3262749.3692170028,3224521.798135236,3186188.8338179328,3147749.857770249,3109204.242047405,3070551.3490618514,3031790.531386017,2992921.1315506967,2953942.4818388373,2914853.904074642,2875654.709407908,2836344.1980934227,2796921.65926527,2757386.370705927,2717737.598610068,2677974.597342747,2638096.6091920864,2598102.864116004,2557992.5794830294,2517764.9598069387,2477419.1964750914,2436954.4674701868,2396369.9370854,2355664.7556325,2314838.059142928,2273888.969061539,2232816.59193276,2191620.019078978,2150298.326270912,2108850.5733897267,2067275.804080592,2025573.045397435,1983741.307438613,1941779.5829733205,1899686.8470581144,1857462.0566436667,1815104.1501710736,1772612.047157604,1729984.6477713443,1687220.8323944714,1644319.461174928,1601279.373565738,1558099.387851846,1514778.300663919,1471314.8864786867,1427707.8971053844,1383956.061157721,1340058.0835108608,1296012.6447430898,1251818.400561223,1207473.9812095845,1162977.9908616254,1118329.0069937638,1073525.579740628,1028566.2312310582,983449.4549042048,938173.7148049443,892737.4448576118,847139.0481176245,801376.8959996852,755449.3274820311,709354.6482854967,663091.1300265429,616657.0093432287,570050.4869928994,523269.72692055744,476312.8552967028,429177.9595233584,381863.08720693714,334366.24509668816,286685.39798708924,238818.4675828443,190763.3313247588,142517.8211749443,94079.7223594056,45446.77206642058,-3383.3419014676183,-52412.982523738814,-101644.56500865016,-151080.55829273027,-200723.48659519668,-250575.9310302252,-300640.5312791061,-350919.9873254742,-401417.0612563306,-452134.579132004,-503075.4329280495,-554242.5825527252,-605639.0579435406,-657267.9612464057,-709132.4690816973,-761235.834901161,-813581.3914400843,-866172.5532695043,-919012.8194531808,-972105.7763146464,-1025455.100319686,-1079064.561080098,-1132938.0244847503,-1187079.4559643888,-1241492.923897085,-1296182.6031613809,-1351152.7788447854,-1406407.850115795,-1461952.334267743,-1517790.870943686,-1573928.2265518063,-1630369.298881428,-1687119.1219304642,-1744182.870955573,-1801565.867757153,-1859273.586212028,-1917311.6580671675,-1975685.8790093088,-2034402.2150253176,-2093466.8090699173,-2152885.988058007,-2212666.2701998274,-2272814.3726988807,-2333337.219833072,-2394241.951441603,-2455535.9318410554,-2517226.759195981,-2579322.275370799,-2641830.576291725,-2704760.022849344,-2768119.252374379,-2831917.1907217745,-2896163.0650001294,-2960866.41698673,-3026037.1172704734,-3091685.380168768,-3157821.7794671007,-3224457.265033925,-3291603.1803670363,-927024845.8758016,-927082790.7300428,-927141364.8880624,-927200584.9075834,-927260467.9070843,-927321031.588282,-924303471.8361598,-924366233.6201175,-924429755.7792096,-924494058.597126,-924559163.0663394,-908837826.0462216,-908903226.0876564,-908969483.742075,-909036623.5406116,-909104670.9362963,-909506661.4017818,-909577777.2223656,-909649891.125228,-909723032.3355623,-909797231.1977944,-909872519.2281344,-923875366.3271692,-923950850.7344478,-924027502.458694,-924105358.3021512,-924184456.6074948,-922335947.5114344,-922418788.4784428,-922502996.7081524,-922588618.1976888,-922675700.9888984,-922764295.2791266,-907310944.9242043,-907403555.3831972,-907497840.6893816,-907593859.844447,-907691674.5848292,-907254698.362782,-907357046.1630808,-907461383.2238892,-907567782.7881912,-907676321.6486492,-863128576.511412,-863241280.2571651,-863356392.5885319,-863474008.824802,-863594229.2206293,-863717159.2704755,-863521620.6906663,-863650808.6894481,-863783005.3803318,-863918335.4051745,-864056929.9674175,-864263549.8540449,-864409138.7972472,-864558405.3838316,-864711508.7611876,-864868616.3089045,-867564429.498608,-867728948.9516969,-867897767.1718755,-868071060.8506523,-868249012.385162,-890666539.5486516,-890851665.6447347,-891041686.249486,-891236757.3483195,-891437026.8777639,-891642629.7880032,-911009684.922982,-911228179.5678408,-911452494.4351624,-911682652.8281248,-911918607.8571566,-910860429.9316068,-911100843.8446004,-911345371.7264496,-911593235.3693792,-911843338.3851708,-914999831.3051614,-915254594.246757,-915591155.7117023,-915823018.834162,-916042136.2060312,-916242785.917334,-916418206.309133,-915982211.8644984,-916080808.0471362,-916139493.1509954,-916164619.1814364,-916171211.1602782,-915283186.375209,0.0
2963.0,5018408.644827967,4985114.907924192,4951737.6427973695,4918276.551170199,4884731.331995463,4851101.681405148,4817387.292658675,4783587.856089983,4749703.059053511,4715732.585869209,4681676.117766285,4647533.332825953,4613303.90592285,4578987.508665439,4544583.809335101,4510092.472823947,4475513.1605714895,4440845.530499906,4406089.2369480645,4371243.930604127,4336309.258436913,4301284.8636256745,4266170.385488595,4230965.459409747,4195669.716764589,4160282.784843961,4124804.286776416,4089233.841449158,4053571.063427117,4017815.562870575,3981966.945450986,3946024.8122651335,3909988.759747423,3873858.379580501,3837633.258603957,3801312.9787211353,3764897.1168040745,3728385.244596435,3691776.928614492,3655071.730045944,3618269.204646824,3581368.902636057,3544370.368588045,3507273.1413228046,3470076.753793987,3432780.732974498,3395384.59973972,3357887.868748311,3320290.0483205225,3282590.6403139364,3244789.139996634,3206885.035917654,3168877.809774768,3130766.9362794072,3092551.88301884,3054232.11031532,3015807.0710822903,2977276.210677565,2938638.966753372,2899894.76910314,2861043.039505102,2822083.1915624766,2783014.6305402904,2743836.7531986064,2704548.947622248,2665150.5930467527,2625641.059680643,2586019.708523797,2546285.8911818354,2506438.949676556,2466478.216252089,2426403.013176921,2386212.6525415154,2345906.436051423,2305483.6548159174,2264943.589131833,2224285.508262705,2183508.6702128462,2142612.32149652,2101595.6969017647,2060458.0192490448,2019198.4991443283,1977816.334726625,1936310.711409748,1894680.8016181933,1852925.7645169543,1811044.7457351056,1769036.877082964,1726901.276262768,1684637.0465725656,1642243.2766031867,1599719.0399280568,1557063.3947857893,1514275.383755152,1471354.0334223718,1428298.3540404532,1385107.3391803904,1341779.9653738083,1298315.19174711,1254711.9596466585,1210969.1922547948,1167085.7941963412,1123060.6511355003,1078892.6293627317,1034580.575371182,990123.315422674,945519.6551025948,900768.3788636406,855868.2495577738,810818.0079562824,765616.372257486,720262.037581559,674753.6754522847,629089.9332652253,583269.4337417274,537290.774368604,491152.52682272,444853.2363802229,398391.4213096917,351765.57224885374,304974.15156424005,258015.5926931403,210888.2994673697,163590.6454180988,116120.97306121874,68477.59316244611,20658.78398148308,-27337.209505414823,-75512.1764054026,-123867.9407321839,-172406.36225329636,-221129.3373623565,-270038.79997714225,-319136.72246463795,-368425.1165937965,-417906.0345172885,-467581.5697832053,-517453.85837791336,-567525.0798011897,-617797.4581749621,-668273.2633869813,-718954.8122706001,-769844.4698223872,-820944.6504588054,-872257.8193137017,-923786.4935781256,-975533.2438842852,-1027500.6957354072,-1079691.5309834103,-1132108.4893562684,-1184754.3700373808,-1237632.033298812,-1290744.4021909588,-1344094.464290883,-1397685.2735118975,-1451519.951977003,-1505601.691959047,-1559933.7578903465,-1614519.4884450587,-1669362.2986973175,-1724465.6823587134,-1779833.2140984938,-1835468.5519503937,-1891375.4398099435,-1947557.710026416,-2004019.2860938737,-2060764.1854457988,-2117796.522358211,-2175120.510966421,-2232740.468400775,-2290660.818047057,-2348886.092937583,-2407420.9392792755,-2466270.1201254334,-2525438.519198244,-2584931.144869381,-2644753.134306762,-2704909.7577955183,-2765406.42324222,-2826248.6808713726,-2887442.228124324,-2948992.914770678,-3010906.748243436,-3073189.899209429,-3135848.707387404,-3198889.68762686,-3262319.536261458,-3326145.1377518424,-3390373.571633282,-3455012.119784879,-3520068.2740377784,-3585549.744141228,-3651464.466106073,-3717820.610947082,-3784626.593846285,-3851891.083761292,-3919623.013504064,-3987831.590317005,-4056526.306975285,-4125716.953446212,-4195413.629138135,-4265626.7557740575,-4336367.090927094,-4407645.742257685,-4479474.182494964,-4551864.2652078895,-4624828.241414781,-928443766.0711166,-928505640.9281496,-928568150.171111,-928631309.5601788,-928695135.358412,-928759644.34997,-925760041.3449094,-925826565.426076,-925893854.9942304,-925961929.2330866,-926030807.9390564,-910273725.2366844,-910343294.3620502,-910413736.1062512,-910485074.0642211,-910557332.6497586,-910979725.5066152,-911054836.0307533,-911130946.055044,-911208082.8734356,-911286274.7172517,-911365550.7917706,-925343742.539216,-925423334.0619096,-925504095.1980696,-925586060.2975684,-925669265.0017854,-923830998.9473274,-923917977.121783,-924006308.9682406,-924096036.585263,-924187203.729506,-924279855.8885128,-908844208.2105658,-908940579.8264765,-909038573.2702116,-909138240.0571322,-909239633.7070916,-908804223.859762,-908909982.1950372,-909017630.2505867,-909127228.9008864,-909238841.3193054,-864702367.3010793,-864818230.0139029,-864936347.3127711,-865056795.7832097,-865179654.9340769,-865305007.2646419,-865117328.5314717,-865247694.4371343,-865380722.9228207,-865516500.3863229,-865655115.5440682,-865861786.3777542,-866006144.9964275,-866153579.5387496,-866304182.5056101,-866458046.8414555,-869134772.92553,-869291861.5745186,-869452071.8247483,-869615455.1274246,-869782053.9675608,-892154361.7717624,-892321519.3126572,-892491432.1319636,-892664029.8622248,-892839207.8704154,-893016819.3188752,-912362850.438278,-912547716.6966096,-912734478.312848,-912922720.6299012,-913111912.3744785,-911957862.5175506,-912137858.239635,-912315510.8499668,-912489478.9069562,-912658131.0727984,-915747432.1672348,-915904735.2833596,-916085894.0486232,-916204324.4184214,-916304216.9747552,-916382568.0627798,-916437061.8460757,-915878972.2847852,-915884783.6841556,-915876243.8447244,-915864235.8654736,-915859489.5835732,-914973928.1882802,0.0
2962.0,4297807.651377116,4263125.509196872,4228353.677229103,4193491.820791512,4158539.6020929934,4123496.680177317,4088362.710865678,4053137.3466981295,4017820.236873714,3982411.0271894266,3946909.359977972,3911314.8740441296,3875627.204599952,3839845.983198513,3803970.837666407,3768001.392034743,3731937.266468864,3695778.0771964905,3659523.436434476,3623172.952314009,3586726.228804318,3550182.8656347794,3513542.4582153987,3476804.5975557035,3439968.870181971,3403034.858052659,3366002.1384721976,3328870.2840029467,3291638.862375335,3254307.436396148,3216875.5638549337,3179342.797428422,3141708.684583032,3103972.767475302,3066134.582850269,3028193.661937719,2990149.530346337,2952001.70795557,2913749.708805317,2875393.04098322,2836931.206509753,2798363.701220718,2759690.0146474573,2720909.629894418,2682022.023514243,2643026.6653802223,2603923.0185560016,2564710.539162613,2525388.676242701,2485956.87162182,2446414.5597668923,2406761.1676415983,2366996.1145587373,2327118.812029416,2287128.6636091126,2247025.0647403635,2206807.402592188,2166475.055895993,2126027.3947780663,2085463.7805883896,2044783.5657258336,2003986.0934595976,1963070.697746755,1922036.703045907,1880883.4241268013,1839610.1658758025,1798216.2230971572,1756700.8803099317,1715063.4115405465,1673303.0801107492,1631419.138420946,1589410.8277287923,1547277.3779229312,1505018.007291708,1462631.9222868078,1420118.3172816196,1377476.374324318,1334705.2628852932,1291804.1395991507,1248772.1480007565,1205608.4182554383,1162312.066883159,1118882.19647635,1075317.8954114772,1031618.2375539986,987782.281956592,943809.07255057,899697.6378301126,855446.9905293493,811056.127291935,766524.0283330099,721849.6570932656,677031.9598850842,632069.8655302189,586962.2849891277,541708.1109815332,496306.2175979765,450755.459902243,405054.6735242465,359202.6742432159,313198.2575609107,267040.1982644791,220727.2499788153,174258.14470800443,127631.59236560004,80846.2802933784,33900.87276822416,-13205.989503048128,-60475.68990159861,-107909.63642725396,-155509.26224251225,-203276.0262302693,-251211.4135657028,-299316.9363025533,-347594.1339745299,-396044.574212064,-444669.8533750046,-493471.59720171534,-542451.4614751451,-591611.1327062172,-640952.3288354009,-690476.7999527705,-740186.329037198,-790082.7327154472,-840167.8620416392,-890443.6032978877,-940911.8788166444,-991574.6478257176,-1042433.9073164276,-1093491.692935987,-1144750.0799045966,-1196211.183958405,-1247877.1623190583,-1299750.214690752,-1351832.584285795,-1404126.5588797089,-1456634.471896779,-1509358.7035273556,-1562301.6818777786,-1615465.884154339,-1668853.8378823265,-1722468.122161602,-1776311.3689599351,-1830386.2644455093,-1884695.550360115,-1939242.025434537,-1994028.5468476573,-2049058.0317311287,-2104333.4587210766,-2159857.869558932,-2215634.3707431774,-2271666.135233934,-2327956.404212609,-2384508.488898734,-2441325.772426232,-2498411.71178153,-2555769.83980618,-2613403.767266301,-2671317.184991894,-2729513.866088775,-2787997.668226171,-2846772.5360031454,-2905842.503397263,-2965211.696298857,-3024884.3351347,-3084864.7375848456,-3145157.3213967406,-3205766.607300826,-3266697.222032157,-3327953.901462578,-3389541.493848719,-3451464.9632005705,-3513729.392776561,-3576339.988710491,-3639302.083776678,-3702621.1412995663,-3766302.759214453,-3830352.67428665,-3894776.766496189,-3959581.0635963255,-4024771.745853839,-4090355.150980033,-4156337.779261655,-4222726.298901428,-4289527.551578589,-4356748.55824021,-4424396.525134848,-4492478.850100685,-4561003.129120927,-4629977.16316014,-4699408.965295781,-4769306.768160226,-4839679.03170934,-4910534.451334612,-4981881.966337013,-5053730.768781575,-5126090.312753094,-5198970.324034414,-5272380.810230088,-5346332.071359799,-5420834.710946956,-5495899.647630123,-5571538.127326028,-5647761.735975157,-5724582.412902533,-5802012.464828945,-5880064.580569115,-929752392.9846754,-929816900.1702552,-929882014.5749764,-929947750.1445668,-930014121.2338048,-930081142.61911,-927100953.8758528,-927169644.4256454,-927239065.7505442,-927309234.7213302,-927380168.6830164,-911605001.3433971,-911677153.5051552,-911750150.3952163,-911824013.249876,-911898763.965795,-912329313.4489814,-912406452.8026592,-912484540.1797448,-912563599.2194182,-912643654.2521442,-912724730.3177556,-926689550.2920424,-926771102.9560688,-926853766.496614,-926937570.6460332,-927022546.0889652,-925194635.1585273,-925283307.8877516,-925373246.8365306,-925464487.4468924,-925557066.3146085,-925651021.2194155,-910223973.5880452,-910321083.9665765,-910419670.7173856,-910519774.4524974,-910621436.930394,-910180422.5867524,-910286020.7640648,-910393300.1106224,-910502305.2879229,-910613081.89736,-866091566.2739475,-866206513.858958,-866323430.7741486,-866442370.1546656,-866563385.9549131,-866686532.7974172,-866490475.4378145,-866617012.150816,-866745713.4090717,-866876623.6664506,-867009785.7321388,-867207986.9846958,-867345321.5193651,-867484968.3526189,-867626952.8842605,-867771294.3530293,-870403148.0858564,-870546531.3999089,-870691763.1431172,-870838786.0408459,-870987524.0922216,-893303894.1522937,-893447440.2886777,-893591761.6051185,-893736630.8360858,-893881776.0021033,-894026872.9202286,-913349857.8554088,-913497358.6899824,-913643660.4892272,-913788137.2322832,-913930050.8673332,-912684691.55223,-912809199.7306362,-912927664.727707,-913038777.0185024,-913141063.2057208,-916176793.3668329,-916261203.366287,-916337342.719177,-916382497.7619154,-916410587.180476,-916420617.3840474,-916412359.338202,-915793952.5199035,-915752461.0560668,-915699572.030064,-915639713.4379996,-915581739.69657,-914663794.052312,0.0
2961.0,3609647.7678469056,3573664.2981383554,3537585.437605761,3501410.8200204046,3465140.075782553,3428772.831861153,3392308.711732183,3355747.335315848,3319088.3189124484,3282331.275136852,3245475.812851708,3208521.537099322,3171468.0490319226,3134314.945840773,3097061.820683576,3059708.262610534,3022253.8564887764,2984698.1829253505,2947040.818188471,2909281.334127252,2871419.298089745,2833454.272839279,2795385.816469027,2757213.4823148577,2718936.818866404,2680555.3696761546,2642068.673266799,2603476.263036576,2564777.6671626577,2525972.4085025424,2487060.004493381,2448039.96704917,2408911.8024558937,2369675.0112643726,2330329.0881809294,2290873.5219557458,2251307.7952689105,2211631.3846140616,2171843.760179562,2131944.385727233,2091932.7184685303,2051808.20893806,2011570.3008644928,1971218.4310387843,1930752.029179488,1890170.5177954035,1849473.31204514,1808659.819593877,1767729.4404669777,1726681.566900517,1685515.5831886935,1644230.865527955,1602826.7818577643,1561302.6916980818,1519657.945983319,1477891.8868926885,1436003.847677065,1393993.152482016,1351859.1161670962,1309601.0441212398,1267218.2320741953,1224709.965903915,1182075.5214397728,1139314.1642614896,1096425.1494937926,1053407.7215965772,1010261.1141505,966984.5496379752,923577.2392192776,880038.3825039596,836367.1673170424,792562.769460253,748624.3524679821,704551.0673578451,660342.0523757916,615996.4327355451,571513.3203523625,526891.8135707872,482130.9968864602,437229.9406616982,392187.7008346795,347003.31862225744,301675.82021599484,256204.21647143428,210587.5025903865,164824.65779601107,118914.64500060258,72856.41046575701,26648.883454978,-19709.024121839146,-66218.41807186475,-112880.4222912325,-159696.179145405,-206666.8498583496,-253793.61491067696,-301077.6744470327,-348520.2486928813,-396122.5783810996,-443885.9251884904,-491811.5721824865,-539900.8242784451,-588155.008707701,-636575.4754966686,-685163.5979573294,-733920.7731894951,-782848.4225949083,-831947.9924038909,-881220.9542144807,-930668.8055446924,-980293.0703981956,-1030095.2998437078,-1080077.0726085631,-1130239.9956868505,-1180585.7049625115,-1231115.865847844,-1281832.1739378944,-1332736.3556811109,-1383830.1690667383,-1435115.4043295877,-1486593.8846725316,-1538267.4670073136,-1590138.0427141828,-1642207.5384210057,-1694477.9168023693,-1746951.1773991808,-1799629.3574597524,-1852514.532802502,-1905608.8187013704,-1958914.37079452,-2012433.3860169407,-2066168.103557832,-2120120.8058435367,-2174293.8195467824,-2228689.516623114,-2283310.315375389,-2338158.6815471705,-2393237.129446135,-2448548.2230982413,-2504094.577433931,-2559878.85950712,-2615903.7897484307,-2672172.143253472,-2728686.751107643,-2785450.501748421,-2842466.342366718,-2899737.280348392,-2957266.3847574065,-3015056.7878621733,-3073111.686706449,-3131434.344726426,-3190028.0934156617,-3248896.3340396057,-3308042.539401368,-3367470.255660732,-3427183.104208297,-3487184.783596726,-3547479.0715313414,-3608069.826922087,-3668960.991999325,-3730156.594495765,-3791660.749897121,-3853477.66376397,-3915611.6341277272,-3978067.053963494,-4040848.413742771,-4103960.3040691633,-4167407.4184004273,-4231194.5558601655,-4295326.624142828,-4359808.6425156975,-4424645.744921894,-4489843.183188357,-4555406.330343187,-4621340.684046919,-4687651.87014224,-4754345.646327296,-4821427.9059576895,-4888904.681982628,-4956782.151020777,-5025066.637582084,-5093764.61844154,-5162882.727171634,-5232427.758840321,-5302406.674881829,-5372826.608147786,-5443694.868146784,-5515018.946480632,-5586806.522486266,-5659065.469092376,-5731803.858900663,-5805029.970501777,-5878752.295036761,-5952979.543015336,-6027720.651402719,-6102984.790987641,-6178781.3740444975,-6255120.062303637,-6332010.775244072,-6409463.69872398,-6487489.293965044,-6566098.306907508,-6645301.777953638,-6725111.052118283,-6805537.789606239,-6886593.976837045,-6968291.937938851,-7050644.346734312,-930943949.1763308,-931009853.0441242,-931076308.4214786,-931143326.5948448,-931210919.1398668,-931279097.927717,-928320632.600471,-928389970.2484032,-928459968.3806248,-928530640.5818412,-928602000.7466944,-912826152.8189944,-912899359.4725864,-912973343.7386982,-913048123.3066489,-913123716.33018,-913550927.0666844,-913628230.953718,-913706384.4565804,-913785406.2297578,-913865315.3397044,-913946131.2646158,-927909015.210523,-927990488.8807714,-928072960.6196474,-928156453.8868986,-928240992.7070664,-926423303.2797964,-926511379.8592024,-926600571.5509604,-926690905.1502054,-926782408.0492344,-926875108.2268776,-911448276.0980432,-911543347.6856036,-911639674.9603912,-911737285.571114,-911836207.4501994,-911383031.6738418,-911485236.4232044,-911588830.207351,-911693839.8171964,-911800291.733618,-867297113.0340598,-867407514.9236456,-867519505.512232,-867633113.037481,-867748364.7151493,-867865286.4316368,-867646692.5747,-867765197.7053118,-867885286.2572054,-868006963.8103219,-868130231.3644919,-868313027.1586133,-868438802.0227468,-868566077.5619981,-868694823.2960145,-868824998.4503359,-871392921.8156384,-871518688.7739397,-871645145.4089549,-871772161.5044339,-871899584.8429261,-894158848.1334183,-894277176.2017744,-894394793.5909452,-894511410.0716292,-894626696.0248187,-894740277.982122,-914040958.0863888,-914153657.7437,-914263367.4880466,-914369482.8285276,-914471328.7282968,-913154144.0405524,-913236562.133814,-913312163.7685218,-913380078.652264,-913439413.6039624,-916440982.7141104,-916483999.1872932,-916513775.278489,-916527756.0169636,-916530255.8486924,-916521300.0409416,-916501090.6207024,-915875863.2410564,-915832348.8306776,-915774363.2940612,-915694819.6283232,-915578008.941858,-914511445.3973353,0.0
2960.0,2955753.7434760816,2918563.8155059703,2881273.3018348245,2843881.809923443,2806388.9436809043,2768794.3034017147,2731097.4857016057,2693298.08345205,2655395.685713361,2617389.877666484,2579280.240543331,2541066.3515556483,2502747.7838224927,2464324.106296088,2425794.8836862803,2387159.6763832755,2348418.040378921,2309569.527186219,2270613.6837572614,2231550.0523994034,2192378.1706897505,2153097.5713877613,2113707.782346166,2074208.326419872,2034598.7213731525,1994878.479784704,1955047.108950863,1915104.11078674,1875048.98172533,1834881.2126143884,1794600.2886113422,1754205.6890758234,1713696.8874600409,1673073.351196858,1632334.5415854286,1591479.9136745394,1550508.9161434765,1509420.9911802756,1468215.5743575972,1426892.094505785,1385449.9735834245,1343888.626545034,1302207.461206043,1260405.8781048814,1218483.2703621131,1176439.0235367166,1134272.5154791514,1091983.1161814071,1049570.1876238836,1007033.0836189106,964371.1496510638,921583.7227139836,878670.131143796,835629.6944488612,792461.7231360582,749165.5185331744,705740.3726075941,662185.5677811016,618500.3767406766,574684.0622452305,530735.8769282128,486655.06309592456,442440.8525215525,398092.46623465227,353609.11430620594,308989.9956289376,264234.29769290425,219341.19635623723,174309.85561082698,129139.4273430386,83829.05108910816,38377.85378521483,-7215.050487851666,-52950.56076561072,-98829.58946663608,-144853.06266499613,-191021.920368776,-237337.11680477788,-283799.6207093253,-330410.41562567453,-377170.500207888,-424080.8885315113,-471142.6104110794,-518356.7117247148,-565724.2547459917,-613246.3184831333,-660923.9990258594,-708758.4098999414,-756750.6824297572,-804901.966108998,-853213.4289796969,-901686.2580198556,-950321.65953976,-999120.8595874218,-1048085.104363056,-1097215.6606431603,-1146513.8162140965,-1195980.880315808,-1245618.1840954784,-1295427.0810717398,-1345408.9476095592,-1395565.1834060738,-1445897.2119876258,-1496406.4812183755,-1547094.4638207674,-1597962.6579079756,-1649012.5875290474,-1700245.8032265212,-1751663.8826073776,-1803268.4309273465,-1855061.0816889792,-1907043.4972539493,-1959217.3694698813,-2011584.4203120647,-2064146.4025405173,-2116905.1003728365,-2169862.330173096,-2223019.9411575347,-2276379.816117017,-2329943.8721573115,-2383714.0614571488,-2437692.3720448744,-2491880.8285941016,-2546281.4932388267,-2600896.466408713,-2655727.887684948,-2710777.9366773474,-2766048.833923297,-2821542.841809054,-2877262.2655142387,-2933209.453979944,-2989386.800901412,-3045796.745745624,-3102441.7747949967,-3159324.422217465,-3216447.2711641,-3273812.954894825,-3331424.15793322,-3389283.617251155,-3447394.1234842422,-3505758.522178978,-3564379.7150724824,-3623260.661405964,-3682404.3792727566,-3741813.9470021366,-3801492.504579878,-3861443.255106801,-3921669.466296419,-3982174.47201294,-4042961.6738507184,-4104034.542756805,-4165396.620697573,-4227051.522371009,-4289002.93696614,-4351254.629971045,-4413810.445030876,-4476674.305857852,-4539850.218194537,-4603342.271832294,-4667154.642686772,-4731291.594932173,-4795757.48319631,-4860556.754818434,-4925693.952171891,-4991173.715053882,-5057000.783144386,-5123179.99853674,-5189716.308342196,-5256614.767370954,-5323880.540892372,-5391518.907476916,-5459535.261922719,-5527935.118269677,-5596724.112904012,-5665908.007756561,-5735492.693597796,-5805484.193433288,-5875888.666002775,-5946712.409386625,-6017961.864723469,-6089643.620042785,-6161764.414216469,-6234331.141033774,-6307350.85340371,-6380830.767689445,-6454778.268179484,-6529200.911700232,-6604106.432375043,-6679502.746534933,-6755397.957785973,-6831800.362239271,-6908718.453908802,-6986160.930283061,-7064136.698076619,-7142654.879167519,-7221724.816726975,-7301356.081547868,-7381558.478578517,-7462342.053668673,-7543717.100534569,-7625694.167949913,-7708284.067170293,-7791497.879597675,-7875346.964692777,-7959842.968142211,-8044997.830287737,-8130823.794824988,-932013926.8651668,-932080112.0372088,-932146770.0148208,-932213908.810403,-932281536.5909733,-932349661.6783068,-929416384.49291,-929485003.2340744,-929554182.989613,-929623933.3796734,-929694264.1613483,-913934192.352982,-914007057.5911103,-914080600.070334,-914154833.0464588,-914229770.0259942,-914643519.5630268,-914719323.3621368,-914795840.18715,-914873082.8360304,-914951064.2366282,-915029797.4306318,-929001936.9822888,-929081501.9113338,-929161908.0917264,-929243171.6526544,-929325308.894016,-927517372.6020256,-927602834.2576864,-927689210.1727728,-927776517.3719516,-927864772.9314373,-927953993.934318,-912520209.2730262,-912610856.2595924,-912702484.2493885,-912795107.2449158,-912888738.7673918,-912417968.5813192,-912514051.9270794,-912611177.2452732,-912709353.767155,-912808589.4311752,-868326637.495896,-868429489.2568378,-868533492.559306,-868638652.0627589,-868744970.069356,-868852446.1451749,-868599890.1620716,-868707133.5098258,-868815358.769861,-868924540.5279367,-869034647.286818,-869196868.247037,-869307904.324338,-869419673.568441,-869532107.9543743,-869645127.9973102,-872135830.6695796,-872242184.3129085,-872348323.3765633,-872454087.6268556,-872559297.4268025,-894765464.1505976,-894859851.7330737,-894952668.4851643,-895043645.6388359,-895132490.341852,-895218885.0440979,-914499651.1534852,-914583576.519554,-914664000.959883,-914740498.1061592,-914812624.0721146,-913447272.5648535,-913502693.8354852,-913552606.9224508,-913596707.1046256,-913634768.497008,-916619381.7473078,-916647162.71419,-916675640.850568,-916688855.8640268,-916697669.5045184,-916702981.852365,-916705810.7717564,-916115180.8825272,-916115806.8221722,-916116279.4319804,-916116779.4177618,-916117370.4142312,-915230163.7516735,0.0
2959.0,2337850.098414382,2299555.795138171,2261156.2569272667,2222651.0704511134,2184039.818731281,2145322.0810775766,2106497.4330229145,2067565.4462567803,2028525.6885573063,1989377.7237219373,1950121.1114966767,1910755.407503854,1871280.1631683395,1831694.9256423088,1791999.237728336,1752192.637801007,1712274.659726732,1672244.8327820697,1632102.6815701586,1591847.725935591,1551479.4808773482,1510997.4564599553,1470401.157722877,1429690.0845878194,1388863.7317643354,1347921.5886531952,1306863.1392479,1265687.8620341057,1224395.2298868424,1182984.7099657287,1141455.76360778,1099807.8462181317,1058040.4071584295,1016152.8896327608,974144.7305713265,932015.360511548,889764.2034767643,847390.6768522231,804894.1912586344,762274.150422868,719529.9510460764,676660.9826688931,633666.6275338868,590546.2604449762,547299.2486239665,503924.9515640288,460422.72087999736,416791.90015553567,373031.8247870348,329141.821824251,285121.20980740385,240969.29860096783,196685.38922377225,152268.77367557224,107718.73475989768,63034.54590303509,18215.470969251008,-26739.23592804873,-71830.33061911305,-117058.5790748559,-162424.7576081116,-207929.6530790812,-253574.06310534547,-299358.79627636727,-345284.6723725562,-391352.5225891073,-437563.1897646912,-483917.5286150573,-530416.4059716791,-577060.7010256066,-623851.3055765744,-670789.1242875591,-717875.0749447838,-765110.0887234497,-812495.1104592434,-860031.0989257781,-907719.0271179618,-955559.8825417554,-1003554.6675100937,-1051704.3994453826,-1100010.1111885954,-1148472.8513151167,-1197093.6844576148,-1245873.6916359104,-1294813.970594167,-1343915.6361455168,-1393179.820524277,-1442607.6737459428,-1492200.3639751729,-1541959.0779018898,-1591885.0211258084,-1641979.4185493854,-1692243.5147796068,-1742678.5745386924,-1793285.8830839852,-1844066.7466371304,-1895022.4928230336,-1946154.4711184527,-1997464.0533108064,-2048952.633967192,-2100621.630914029,-2152472.4857274685,-2204506.664234908,-2256725.6570277344,-2309130.9799858825,-2361724.174814084,-2414506.809590379,-2467480.4793271334,-2520646.8065447547,-2574007.441858604,-2627564.064579225,-2681318.383326355,-2735272.1366570853,-2789427.093708262,-2843785.0548538906,-2898347.8523775423,-2953117.351160351,-3008095.449384851,-3063284.079255217,-3118685.2077341303,-3174300.8372968324,-3230133.006702692,-3286183.791784773,-3342455.3062579376,-3398949.7025456787,-3455669.172626551,-3512615.9489003285,-3569792.305074641,-3627200.5570724,-3684843.0639608,-3742722.2289021234,-3800840.500127256,-3859200.371932127,-3917804.385697951,-3976655.130935789,-4035755.246355932,-4095107.420962914,-4154714.395176736,-4214578.961980926,-4274703.968098227,-4335092.315194541,-4395746.961111882,-4456670.921131111,-4517867.26926513,-4579339.139583476,-4641089.7275689365,-4703122.291507154,-4765440.153910006,-4828046.702973627,-4890945.39407199,-4954139.751286976,-5017633.368975742,-5081429.913376536,-5145533.124253833,-5209946.816583735,-5274674.882280833,-5339721.291967432,-5405090.096786291,-5470785.430257953,-5536811.510183748,-5603172.640595808,-5669873.213754922,-5736917.71219779,-5804310.710834627,-5872056.879098559,-5940160.983147842,-6008627.888122472,-6077462.560456236,-6146670.070245696,-6216255.593677335,-6286224.415514347,-6356581.931644292,-6427333.651689157,-6498485.20167911,-6570042.326791375,-6642010.894155636,-6714396.895727442,-6787206.45123086,-6860445.811171939,-6934121.359924192,-7008239.618887667,-7082807.249722602,-7157831.057659357,-7233317.994885492,-7309275.164011369,-7385709.821615403,-7462629.381869834,-7540041.420248139,-7617953.677314717,-7696374.062597698,-7775310.658545242,-7854771.724565762,-7934765.701152206,-8015301.21409024,-8096387.078749984,-8178032.304460638,-8260246.098966921,-8343037.872965901,-8426417.244722314,-8510394.04475997,-8594978.320626203,-8680180.341725862,-8766010.604220157,-8852479.835985499,-8939599.00162585,-9027379.307531456,-9115832.206975613,-932959818.7931216,-933025336.579429,-933091232.4257932,-933157510.7243744,-933224175.8841516,-933291232.3255154,-930388031.5412272,-930454783.1890426,-930521975.2682228,-930589613.0769342,-930657701.8842472,-914928340.8275416,-914999666.6052862,-915071543.85753,-915143980.8612894,-915216985.9318146,-915609039.2009134,-915681961.2410276,-915755432.4053112,-915829459.239675,-915904048.1612695,-915979205.430707,-929971251.2779902,-930047377.8850265,-930124157.240518,-930201597.710401,-930279707.4676412,-928480602.5293568,-928561801.1642612,-928643679.7880472,-928726245.4022428,-928809504.5788814,-928893463.391861,-913447197.6528006,-913531540.0040188,-913616557.8456684,-913702252.0983062,-913788622.603742,-913296443.7536572,-913384309.4839592,-913472844.3117988,-913562041.7444547,-913651893.3572104,-869193438.181211,-869286487.2141738,-869380232.3483707,-869474657.8992753,-869569745.0885373,-869665471.6785101,-869370713.2161267,-869464514.1505862,-869558724.4979093,-869653297.881614,-869748181.7702382,-869886457.2913386,-869980893.659411,-870075398.4600496,-870169886.0015796,-870264260.607074,-872668543.5528017,-872755288.1407413,-872841221.2290139,-872926191.2411872,-873010033.5982721,-895167600.0195882,-895240789.771534,-895312119.5825788,-895381394.6742486,-895448413.3281386,-895512969.1620237,-914776721.6138952,-914838552.6564296,-914897276.2422526,-914952689.9219712,-915004614.0379232,-913610255.580728,-913650383.9211496,-913687097.5370364,-913720525.162126,-913750909.6943716,-916728857.2775851,-916755331.6615448,-916801259.079746,-916824967.753282,-916849616.9199058,-916876569.3010004,-916907470.679019,-916354494.8869514,-916400392.8067282,-916459697.6331367,-916540414.7655432,-916658585.0463138,-915950782.266046,0.0
2958.0,1757551.6105980547,1718261.5972929173,1678862.2784104776,1639353.225533174,1599734.0065851673,1560004.1857690783,1520163.323501505,1480210.9763470164,1440146.696950934,1399970.033970662,1359680.5320054565,1319277.7315249462,1278761.168795973,1238130.3758079633,1197384.8801967506,1156524.2051668172,1115547.869411809,1074455.3870334676,1033246.267458872,991920.015355872,950476.130546778,908914.1079202796,867233.437341381,825433.603559631,783514.086115232,741474.3592433137,699313.8917760609,657032.1470429462,614628.5827686499,572102.6509690103,529453.7978446628,486681.4636724867,443785.0826947048,400764.08300571376,357617.8864364544,314345.9084363403,270947.5579527428,227422.237307852,183769.3420729653,139988.26094010216,96078.37559088795,52039.06056268688,7869.6831118306145,-36430.396926024114,-80861.82727846177,-125425.2633819956,-170121.36853082094,-214950.8140286753,-259914.27934402903,-305012.45226852875,-350246.02907882014,-395615.7147018546,-441122.2228836591,-486766.276361826,-532548.6070415372,-578469.9561754887,-624531.0745475937,-670732.722660572,-717075.6709277306,-763560.6998686116,-810188.600309059,-856960.1735853981,-903876.2317531242,-950937.5977999942,-998145.1058637616,-1045499.601454494,-1093001.9416817725,-1140652.995486729,-1188453.643879126,-1236404.780179439,-1284507.3102662596,-1332762.1528290552,-1381170.2396262172,-1429732.5157489032,-1478449.9398904014,-1527323.4846214452,-1576354.1366713515,-1625542.8972154334,-1674890.7821683693,-1724398.8224842628,-1774068.064462896,-1823899.5700628287,-1873894.4172211825,-1924053.700180513,-1974378.5298226003,-2024870.034009637,-2075529.35793278,-2126357.6644683653,-2177356.134541758,-2228525.9674992734,-2279868.381488123,-2331384.6138446582,-2383075.9214911894,-2434943.581341323,-2486988.890714314,-2539213.167758381,-2591617.7518833457,-2644204.0042027216,-2696973.307985519,-2749927.069117915,-2803066.716575135,-2856393.702903585,-2909909.5047136974,-2963615.6231834795,-3017513.5845732493,-3071604.940751625,-3125891.2697331384,-3180374.1762276376,-3235055.292201819,-3289936.277453182,-3345018.820196507,-3400304.637663434,-3455795.4767151573,-3511493.1144686826,-3567399.3589368584,-3623516.049682662,-3679845.0584878,-3736388.290036176,-3793147.682612402,-3850125.208815762,-3907322.876289964,-3964742.728469033,-4022386.845339624,-4080257.34422026,-4138356.380557716,-4196686.148741076,-4255248.882933629,-4314046.857923322,-4373082.389991799,-4432357.837802719,-4491875.603309636,-4551638.132683842,-4611647.917262674,-4671907.494518683,-4732419.449050097,-4793186.413593003,-4854211.070055732,-4915496.150575951,-4977044.43860084,-5038858.769990825,-5100942.034147415,-5163297.175165595,-5225927.193011218,-5288835.144723891,-5352024.145645965,-5415497.370677915,-5479258.05556081,-5543309.4981861785,-5607655.059934037,-5672298.167039233,-5737242.311986924,-5802491.054937465,-5868048.025181321,-5933916.9226244325,-6000101.51930458,-6066605.660939029,-6133433.268504331,-6200588.339848141,-6268074.951334088,-6335897.259519688,-6404059.502867903,-6472566.003492708,-6541421.168938942,-6610629.493996873,-6680195.56255171,-6750124.049468314,-6820419.722511392,-6891087.444301249,-6962132.174305334,-7033558.970865501,-7105372.99326114,-7177579.503808046,-7250183.869992749,-7323191.566642356,-7396608.178129253,-7470439.400610475,-7544691.044301049,-7619369.035780712,-7694479.42033299,-7770028.364316027,-7846022.157563502,-7922467.215814686,-7999370.083171871,-8076737.434583442,-8154576.078350445,-8232892.958654396,-8311695.158103676,-8390989.900295418,-8470784.552389614,-8551086.62769157,-8631903.788238566,-8713243.847385809,-8795114.772386506,-8877524.686960097,-8960481.873842029,-9043994.777307771,-9128072.00566294,-9212722.333690396,-9297954.705044491,-9383778.23458107,-9470202.210611103,-9557236.097064244,-9644889.535547184,-9733172.347280016,-9822094.534892336,-9911666.284058258,-10001897.964948012,-933780755.6268384,-933844855.2720864,-933909230.0057316,-933973880.5398506,-934038807.473062,-934104011.2806214,-931237391.2452266,-931301392.9785649,-931365702.6103008,-931430321.0810016,-931495249.1556776,-915809581.3361584,-915878418.2939672,-915947664.819732,-916017324.0200336,-916087398.8449476,-916451772.65638,-916520776.9349104,-916590151.383968,-916659896.3576884,-916730011.8657104,-916800497.5385696,-930822382.738922,-930893911.3623552,-930965886.2077508,-931038308.044264,-931111177.1443168,-929319393.856532,-929395124.0732363,-929471284.0065256,-929547871.173686,-929624882.285384,-929702313.1644728,-914240004.2387564,-914316743.5380512,-914393845.136421,-914471298.454026,-914549091.4372996,-914033744.6374888,-914112009.4979916,-914190572.288533,-914269413.639338,-914348511.9506851,-869915158.9816935,-869996968.5079136,-870079035.98718,-870161329.6246572,-870243814.3427249,-870326451.4927783,-869984716.3745165,-870063953.0212634,-870143089.7961011,-870222068.9968134,-870300827.7714872,-870413553.9471917,-870490737.0550482,-870567451.4345648,-870643610.1750717,-870719119.5313574,-873030365.4620646,-873098325.3271759,-873165155.3722032,-873230738.9814805,-873294954.236678,-895405424.6773813,-895460369.5689672,-895513562.5484288,-895564898.9196973,-895614279.6570445,-895661614.6587201,-914910924.7418296,-914956018.0855446,-914998813.0553036,-915039287.4222536,-915077456.805797,-913664667.9473556,-913695832.9130592,-913725379.9028049,-913753607.5851136,-913780900.0431856,-916755312.9711528,-916782588.1932236,-916840758.9827048,-916870145.1292156,-916901951.0886434,-916937024.0010986,-916976254.709496,-916430432.029353,-916480356.6536708,-916536509.299476,-916597601.6199596,-916656312.1907424,-915798595.8520544,0.0
2957.0,1216354.4815126213,1176183.3280047912,1135899.4029995117,1095502.2687819714,1054991.4840539808,1014366.603872813,973627.1795889118,932772.7587821942,891802.8851970723,850717.098676099,809514.9350921469,768195.9262792746,726759.5999620676,685205.4796834775,643533.0847311702,601741.9300623363,559831.526226842,517801.3792888767,475650.9907467925,433379.85745138687,390987.4715224088,348473.3202632485,305836.8860739409,263077.64636215614,220195.0734524984,177188.63449375797,134057.791364213,90802.00057495396,47420.713171184645,3913.374631343526,-39720.57523584645,-83481.70239650412,-127370.57869902614,-171387.78198369523,-215533.8961946864,-259809.51149449195,-304215.224380641,-348751.6378050555,-393419.3612958157,-438219.0110815981,-483151.2102187572,-528216.5887210628,-573415.7836922167,-618749.4394612339,-664218.2077206337,-709822.7476676581,-755563.7261484169,-801441.8178051818,-847457.7052267629,-893612.0791021122,-939905.6383772222,-986339.09041533,-1032913.1511606072,-1079628.545305244,-1126486.0064602438,-1173486.2773296991,-1220630.109888913,-1267918.2655663034,-1315351.5154291403,-1362930.640373298,-1410656.431317131,-1458529.689399297,-1506551.2261810242,-1554721.8638526162,-1603042.4354443415,-1651513.7850418948,-1700136.7680064351,-1748912.2511993677,-1797841.1132119098,-1846924.2445995456,-1896162.548121576,-1945556.9389857813,-1995108.3450982403,-2044817.707318584,-2094685.979720732,-2144714.1298591774,-2194903.139040911,-2245254.002603371,-2295767.730198104,-2346445.346080687,-2397287.8894068114,-2448296.414534624,-2499471.9913337524,-2550815.705500712,-2602328.658881245,-2654011.9697995065,-2705866.773394298,-2757894.2219625087,-2810095.4853099314,-2862471.751109585,-2915024.2252676967,-2967754.132297546,-3020662.715701281,-3073751.238359916,-3127020.9829317173,-3180473.2522590263,-3234109.369783863,-3287930.679972356,-3341938.5487482697,-3396134.363935769,-3450519.5357116694,-3505095.4970672736,-3559863.7042801594,-3614825.637395807,-3669982.800719841,-3725336.723320317,-3780888.959541069,-3836641.089525668,-3892594.7197526735,-3948751.483582201,-4005113.041813988,-4061681.0832573455,-4118457.325313185,-4175443.5145681673,-4232641.427401537,-4290052.870604643,-4347679.682013484,-4405523.731154535,-4463586.919904097,-4521871.183161384,-4580378.489535688,-4639110.842047842,-4698070.278846193,-4757258.8739375165,-4816678.737932878,-4876332.018808975,-4936220.902685086,-4996347.614615906,-5056714.419400619,-5117323.622408332,-5178177.570420342,-5239278.652489327,-5300629.30081586,-5362231.991642415,-5424089.246165198,-5486203.631464092,-5548577.76145081,-5611214.297835804,-5674115.951113854,-5737285.481568802,-5800725.7002976425,-5864439.470254057,-5928429.707311787,-5992699.381347962,-6057251.517346552,-6122089.196522221,-6187215.557464656,-6252633.797303552,-6318347.172894437,-6384359.002025314,-6450672.664644371,-6517291.604108677,-6584219.328453973,-6651459.411685531,-6719015.495090074,-6786891.288568611,-6855090.571990189,-6923617.196566305,-6992475.086245756,-7061668.239129787,-7131200.7289071465,-7201076.706308568,-7271300.400580388,-7341876.12097666,-7412808.2582692355,-7484101.286274939,-7555759.763399333,-7627788.334195803,-7700191.730939255,-7772974.775213044,-7846142.379508072,-7919699.54883237,-7993651.382329775,-8068003.074905863,-8142759.918859164,-8217927.305515541,-8293510.726863211,-8369515.777186125,-8445948.15469235,-8522813.663134716,-8600118.21341991,-8677867.825202452,-8756068.628459228,-8834726.865040062,-8913848.890189296,-8993441.174032986,-9073510.303025564,-9154062.981349671,-9235106.032261854,-9316646.399376389,-9398691.147878855,-9481247.465659976,-9564322.664359896,-9647924.180311644,-9732059.575371902,-9816736.537625965,-9901962.88195248,-9987746.55043265,-10074095.61258658,-10161018.265418395,-10248522.833250009,-10336617.767321188,-10425311.645132048,-10514613.169501657,-10604531.167313898,-10695074.587919427,-10786252.50115924,-934477084.7268388,-934539227.2482152,-934601541.7271116,-934664025.4190028,-934726675.352482,-934789488.316127,-931967644.4075236,-932028305.8561844,-932089140.363244,-932150144.7779402,-932211315.6558728,-916580101.8148856,-916645781.7153984,-916711723.2300506,-916777924.4461662,-916844383.130142,-917177528.9589732,-917241962.3890692,-917306584.86878,-917371391.0277756,-917436374.9901322,-917501530.337776,-931562417.9328572,-931628604.3646368,-931695026.5311396,-931761678.297077,-931828552.8070627,-930041864.3878005,-930111405.0608722,-930181126.429972,-930251017.714098,-930321067.075167,-930391261.5353988,-914911530.2046576,-914979984.8233616,-915048502.2917944,-915117062.8437766,-915185645.052267,-914647748.9859804,-914715776.3565048,-914783756.6847696,-914851661.1265938,-914919458.5948808,-870512270.310158,-870582215.9607645,-870652030.8434012,-870721671.5687838,-870791091.6702398,-870860241.424365,-870470311.0002446,-870534878.9748496,-870598922.8342375,-870662381.0626123,-870725188.5259489,-870812490.7636498,-870872846.1557304,-870932323.7242079,-870990845.370995,-871048329.7339442,-873262019.2181876,-873312584.0841657,-873361894.3311595,-873409878.2839063,-873456465.7881702,-895517175.8314447,-895556252.104331,-895593864.7227192,-895629987.847964,-895664607.3174253,-895697723.2121716,-914934429.3080631,-914965961.0214348,-914996012.3778094,-915024663.47827,-915052025.6667806,-913623027.9911406,-913646935.7800232,-913670282.5807128,-913693314.3388966,-913716302.399225,-916686157.1337914,-916710175.3527488,-916765359.4802972,-916790542.2482008,-916816754.5244188,-916843948.8120298,-916871842.982928,-916308046.6832324,-916334311.1840476,-916357097.058668,-916372946.5369412,-916378106.495513,-915487670.5753896,0.0
2956.0,715628.244295751,674695.7083104143,633647.5587753407,592483.3544542438,551202.6506851632,509804.9993230519,468289.948681216,426657.04347140365,384905.82474273886,343035.8298192455,301046.59223616123,258937.64167476608,216708.5038960306,174358.70067258133,131887.74971947214,89295.1646233506,46580.45477014314,3743.125271208352,-39217.32311205403,-82301.39404525771,-125509.59569967352,-168842.4408325269,-212300.4468691051,-255884.13598650345,-299594.03519921214,-343430.67644649674,-387394.5966817101,-431486.33796336304,-475706.4475483106,-520055.4779868007,-564533.9872195874,-609142.5386771612,-653881.7013809892,-698752.0500470308,-743754.1651913445,-788888.6332381004,-834156.0466297426,-879557.0039395699,-925092.109986771,-970761.9759537932,-1016567.219506326,-1062508.4649157992,-1108586.3431844965,-1154801.4921733353,-1201154.556732417,-1247646.1888342658,-1294277.0477100576,-1341047.7999886149,-1387959.119838459,-1435011.689112856,-1482206.1974979653,-1529543.3426641722,-1577023.8304205777,-1624648.3748729425,-1672417.698584776,-1720332.532742082,-1768393.6173214517,-1816601.701261876,-1864957.5426400905,-1913461.9088498016,-1962115.5767845896,-2010919.3330248247,-2059873.9740285056,-2108980.306326203,-2158239.1467201114,-2207651.3224873804,-2257217.671587728,-2306939.04287555,-2356816.2963164626,-2406850.3032085,-2457041.9464079854,-2507392.120560264,-2557901.7323351977,-2608571.700667832,-2659402.957004117,-2710396.4455517214,-2761553.1235363577,-2812873.9614633964,-2864359.943385106,-2916012.0671734675,-2967831.344798885,-3019818.8026146186,-3071975.4816474053,-3124302.4378941287,-3176800.7426246977,-3229471.482691391,-3282315.76084472,-3335334.6960558854,-3388529.423846012,-3441901.0966223823,-3495450.8840215774,-3549179.973260032,-3603089.569491609,-3657180.896173,-3711455.195436488,-3765913.728470643,-3820557.775908813,-3875388.638225845,-3930407.636142914,-3985616.111040794,-4041015.4253816833,-4096606.963139745,-4152392.1302405023,-4208372.355009255,-4264549.088628797,-4320923.805606383,-4377498.004250336,-4434273.2071563145,-4491250.96170352,-4548432.840560908,-4605820.442203669,-4663415.39144015,-4721219.339949344,-4779233.966829088,-4837460.979155351,-4895902.112552488,-4954559.131774921,-5013433.831300214,-5072528.0359338615,-5131843.601425907,-5191382.415099463,-5251146.396491632,-5311137.498006526,-5371357.705580992,-5431809.039362916,-5492493.554402424,-5553413.341356047,-5614570.527204106,-5675967.275981279,-5737605.789520748,-5799488.308211845,-5861617.111771384,-5923994.520028864,-5986622.893725589,-6049504.635327783,-6112642.189853844,-6176038.045715764,-6239694.735574816,-6303614.8372115325,-6367800.974409914,-6432255.817856086,-6496982.086051122,-6561982.546238311,-6627260.015344433,-6692817.360935288,-6758657.50218524,-6824783.410860537,-6891198.112316392,-6957904.686507495,-7024906.269011748,-7092206.0520668775,-7159807.285619685,-7227713.278387343,-7295927.398930528,-7364453.076737686,-7433293.803319969,-7502453.133316084,-7571934.685606562,-7641742.144436273,-7711879.260544788,-7782349.852303161,-7853157.806856355,-7924307.081269944,-7995801.70367994,-8067645.774444219,-8139843.467293961,-8212399.0304835215,-8285316.787936744,-8358601.14038776,-8432256.566513961,-8506287.624058902,-8580698.95094232,-8655495.26635454,-8730681.371832155,-8806262.152311537,-8882242.577156706,-8958627.701157356,-9035422.665493032,-9112632.698658597,-9190263.117346104,-9268319.327277549,-9346806.823982649,-9425731.193515398,-9505098.113102231,-9584913.351714715,-9665182.770558368,-9745912.32346918,-9827108.057208257,-9908776.111644454,-9990922.719814016,-10073554.207845349,-10156676.994735952,-10240297.591967836,-10324422.602946062,-10409058.722244447,-10494212.734640706,-10579891.513921903,-10666102.021439925,-10752851.304394228,-10840146.493818264,-10927994.80224296,-11016403.521009238,-11105380.017198896,-11194931.730150435,-11285066.167524004,-11375790.900876269,-11467113.560702736,-935049931.115378,-935109784.8496768,-935169714.9299172,-935229715.63879,-935289780.9430858,-935349904.4786564,-932582640.3653308,-932639667.8271322,-932696740.6815042,-932753852.219544,-932810995.3539428,-917242667.4946432,-917304814.0157806,-917367078.4808952,-917429454.4236448,-917491934.9307446,-917792722.7269932,-917852323.1033436,-917911941.9768218,-917971569.06096,-918031193.4613674,-918090803.6414636,-932199140.4829404,-932259674.2576458,-932320242.9082257,-932380834.5024352,-932441436.2554026,-930656801.8951564,-930719925.2205116,-930782997.5040152,-930846001.3133416,-930908918.040892,-930971727.829394,-915475474.6193594,-915535574.4552716,-915595469.760593,-915655134.3207836,-915714540.2652454,-915157244.6070894,-915215129.9077972,-915272669.752668,-915329829.4390264,-915386572.2180368,-871006511.1617488,-871064702.1493798,-871122451.5162947,-871179708.7253631,-871236420.5698364,-871292531.1011332,-870856542.8027444,-870907267.657173,-870957143.9781163,-871006111.2814332,-871054106.977838,-871117795.550781,-871162706.2408296,-871206449.0715902,-871248958.1023178,-871290166.9903483,-873404866.2558322,-873439798.4139491,-873473443.0580238,-873505767.5200899,-873536745.0463214,-895542453.4911976,-895567301.687887,-895590955.3128695,-895613440.9288508,-895634797.7406287,-895655078.9216701,-914880280.4728112,-914899403.1463932,-914917614.2504116,-914935031.7658484,-914951791.2973952,-913502784.1436625,-913518359.152404,-913533823.4751264,-913549304.6351286,-913564908.590868,-916528313.576398,-916544614.1682254,-916584691.973846,-916600006.2092448,-916614782.5481256,-916628591.331358,-916640845.8167508,-916058153.3951387,-916064897.530912,-916068006.7279376,-916067611.4815288,-916065467.3346452,-915177613.4426738,0.0
2955.0,256608.4697968548,215038.7492368988,173351.20904380805,131545.41012395383,89620.91019474808,47577.2637322885,5414.021917907987,-36869.26741635683,-79273.05984359304,-121797.81439888828,-164443.99363752594,-207212.0636944284,-250102.4943447881,-293115.7590661021,-336252.3351014687,-379512.7035242703,-422897.3493042139,-466406.7613748592,-510041.4327025006,-553801.8603566091,-597688.5455817161,-641701.993870897,-685842.7150408404,-730111.2233084408,-774508.0373691162,-819033.6804768168,-863688.6805256829,-908473.5701335096,-953388.8867269778,-998435.1726287263,-1043612.9751463104,-1088922.8466630238,-1134365.3447307106,-1179941.0321645625,-1225650.477139911,-1271494.2532911804,-1317472.9398128802,-1363587.121562791,-1409837.3891673982,-1456224.339129541,-1502748.5739383795,-1549410.7021817262,-1596211.3386608,-1643151.1045074258,-1690230.6273037104,-1737450.5412043314,-1784811.487061445,-1832314.112552201,-1879959.072309087,-1927747.0280529512,-1975678.6487289327,-2023754.6106453207,-2071975.597615309,-2120342.3011018075,-2168855.420365356,-2217515.6626152187,-2266323.7431636066,-2315280.385583264,-2364386.3218684187,-2413642.292599085,-2463049.047108943,-2512607.343656726,-2562317.9496012577,-2612181.641580272,-2662199.2056928845,-2712371.4376861183,-2762699.143145181,-2813183.1376879234,-2863824.2471633563,-2914623.3078543283,-2965581.166684496,-3016698.6814297377,-3067976.7209338727,-3119416.165329027,-3171017.9062606487,-3222782.8471171227,-3274711.9032643363,-3326806.002285082,-3379066.0842234595,-3431493.1018344853,-3484088.0208387305,-3536851.82018245,-3589785.492302965,-3642890.043399732,-3696166.493710809,-3749615.877795256,-3803239.244821225,-3857037.658860098,-3911012.199186584,-3965163.96058502,-4019494.053662005,-4074003.605165349,-4128693.7583095822,-4183565.673108063,-4238620.526711845,-4293859.513755444,-4349283.846709514,-4404894.756240716,-4460693.491578767,-4516681.320890847,-4572859.531663496,-4629229.4310921095,-4685792.346478185,-4742549.62563429,-4799502.637297253,-4856652.771549161,-4914001.44024683,-4971550.077459455,-5029300.139914838,-5087253.107454104,-5145410.483495238,-5203773.795505426,-5262344.595482273,-5321124.460444175,-5380114.992929868,-5439317.821507226,-5498734.601291494,-5558367.014472992,-5618216.770854497,-5678285.608398254,-5738575.2937828135,-5799087.622969783,-5859824.421780447,-5920787.54648257,-5981978.884387127,-6043400.35445535,-6105053.907915855,-6166941.528892149,-6229065.235040278,-6291427.078196873,-6354029.1450374,-6416873.557744822,-6479962.474688419,-6543298.091112842,-6606882.639837411,-6670718.391965436,-6734807.65760347,-6799152.786590614,-6863756.169237354,-6928620.237074036,-6993747.463608722,-7059140.365094122,-7124801.501303393,-7190733.47631454,-7256938.939302976,-7323420.585342027,-7390181.156210789,-7457223.441208958,-7524550.277978158,-7592164.553329074,-7660069.204073838,-7728267.217862986,-7796761.634026095,-7865555.544415496,-7934652.09425188,-8004054.482970973,-8073765.965070151,-8143789.85095376,-8214129.507775902,-8284788.360279269,-8355769.89162852,-8427077.644236468,-8498715.220581383,-8570686.284013472,-8642994.559548393,-8715643.834645528,-8788637.959968626,-8861980.850126145,-8935676.484388532,-9009728.907379078,-9084142.229735527,-9158920.628738333,-9234068.348902162,-9309589.702526191,-9385489.07019891,-9461770.90125264,-9538439.714162372,-9615500.09688379,-9692956.707124026,-9770814.272539107,-9849077.59085093,-9927751.529876493,-10006841.02746128,-10086351.091308285,-10166286.798693378,-10246653.29605722,-10327455.798462767,-10408699.588907348,-10490390.017476453,-10572532.500326429,-10655132.518481605,-10738195.61643046,-10821727.400504624,-10905733.537022645,-10990219.750179715,-11075191.819662768,-11160655.577968745,-11246616.907402478,-11333081.736728502,-11420056.037449172,-11507545.819679623,-11595557.12758746,-11684096.03436276,-11773168.636681346,-11862781.048621194,-11952939.394988883,-12043649.804009425,-935500784.3252996,-935558202.8197392,-935615616.2330076,-935673016.577588,-935730395.4910548,-935787744.2203856,-933086199.9805572,-933139576.786342,-933192887.165433,-933246121.605689,-933299270.1667498,-917799976.8748035,-917858492.4959842,-917916996.6130148,-917975478.945782,-918033928.6833372,-918303432.4640586,-918358304.7932822,-918413047.4508288,-918467646.3099408,-918522086.5901148,-918576352.8282557,-932739984.2313468,-932794977.7681009,-932849827.322962,-932904516.5554416,-932959028.2305636,-931172558.9729075,-931229506.282984,-931286202.103434,-931342624.2594576,-931398749.4044472,-931454552.9610956,-915944928.862586,-915997172.234993,-916048990.0803156,-916100352.5857126,-916151228.448607,-915580152.2466851,-915628661.631638,-915676588.9782684,-915723897.29764,-915770547.8958988,-871419518.2555959,-871466634.447006,-871513099.9296222,-871558861.440778,-871603863.4917554,-871648048.3755472,-871170824.017487,-871209314.8242595,-871246745.2398942,-871283058.5310829,-871318196.9925334,-871361638.3287143,-871393313.7934568,-871423645.3264636,-871452577.9777652,-871480057.9233747,-873499536.5452365,-873521052.389571,-873541266.2992746,-873560167.7917769,-873577753.435824,-895524675.2186618,-895536684.1670182,-895547615.9411967,-895557515.7936959,-895566439.6380875,-895574454.5486897,-914788792.5455118,-914795627.4255216,-914801734.5063704,-914807226.7430592,-914812226.5537524,-913336302.088942,-913341225.3643107,-913346121.958056,-913351072.977181,-913356134.2561264,-916311517.2665029,-916316982.8056216,-916335257.6781178,-916340119.6520962,-916344365.6029388,-916347728.098028,-916349928.415511,-915758263.7151728,-915758017.034021,-915756808.0729524,-915755413.305804,-915754624.7670734,-914868000.146893,0.0
2954.0,-159609.6820562135,-201688.7199355436,-243887.1424558754,-286205.38110867934,-328643.8702644354,-371203.0472185428,-413883.3522383471,-456685.22861105273,-499609.1226927871,-542655.4839586855,-585824.7650540583,-629117.4218467011,-672533.91348027,-716074.7024289328,-759740.2545531043,-803531.0391564295,-847447.5290440426,-891490.2005820479,-935659.5337582516,-979956.012244342,-1024380.1234593004,-1068932.3586342663,-1113613.2128787166,-1158423.1852482532,-1203362.7788136324,-1248432.50073152,-1293632.8623166329,-1338964.3791154707,-1384427.5709817286,-1430022.962153223,-1475751.081330611,-1521612.461757688,-1567607.6413035856,-1613737.162546528,-1660001.5728596265,-1706401.424498434,-1752937.2746903223,-1799609.685725949,-1846419.22505254,-1893366.4653693133,-1940451.984724904,-1987676.366616896,-2035040.2000934628,-2082544.079857352,-2130188.6063718284,-2177974.385969255,-2225902.030961686,-2273972.1597539824,-2322185.396959451,-2370542.373517733,-2419043.726815409,-2467690.100809125,-2516482.1461513685,-2565420.520318874,-2614505.887743866,-2663738.919948055,-2713120.295679449,-2762650.7010521726,-2812330.8296892084,-2862161.382868157,-2912143.0696701137,-2962276.6071317326,-3012562.7204004526,-3063002.142893034,-3113595.6164574693,-3164343.891538284,-3215247.7273452915,-3266307.8920259727,-3317525.162841429,-3368900.326346007,-3420434.178570751,-3472127.5252106185,-3523981.1818156443,-3575995.9739861013,-3628172.737571648,-3680512.318874767,-3733015.574858146,-3785683.373356724,-3838516.593293672,-3891516.124901244,-3944682.869945852,-3998017.741957939,-4051521.666466416,-4105195.581238011,-4159040.436521396,-4213057.195296264,-4267246.83352751,-4321610.340424481,-4376148.718705442,-4430862.98486736,-4485754.169461075,-4540823.317371941,-4596071.488106009,-4651499.756081935,-4707109.210928545,-4762900.957788302,-4818876.11762662,-4875035.827547322,-4931381.241114032,-4987913.528677901,-5044633.877711491,-5101543.493149108,-5158643.597733583,-5215935.432369478,-5273420.256483049,-5331099.348388814,-5388974.005662939,-5447045.545523456,-5505315.305217421,-5563784.642415071,-5622454.93561105,-5681327.584532798,-5740404.010556101,-5799685.6571278665,-5859173.990196347,-5918870.498648536,-5978776.694755159,-6038894.114622898,-6099224.318654276,-6159768.892014916,-6220529.445108324,-6281507.614058251,-6342705.06119848,-6404123.475570165,-6465764.573426628,-6527630.09874563,-6589721.823748981,-6652041.549429513,-6714591.106085317,-6777372.353861172,-6840387.183296906,-6903637.515882838,-6967125.30462197,-7030852.534598611,-7094821.223553711,-7159033.4224662,-7223491.216140262,-7288196.723798464,-7353152.09968013,-7418359.533644752,-7483821.251780196,-7549539.51701507,-7615516.629734916,-7681754.928401803,-7748256.7901766095,-7815024.631543558,-7882060.908936297,-7949368.119364771,-8016948.80104233,-8084805.534011893,-8152940.940770675,-8221357.686892164,-8290058.481644532,-8359046.078604202,-8428323.276263427,-8497892.918630432,-8567757.895820918,-8637921.144639099,-8708385.649146762,-8779154.441218687,-8850230.601082161,-8921617.25783879,-8993317.589966338,-9065334.825798055,-9137672.243977118,-9210333.173883185,-9283320.99602836,-9356639.142419145,-9430291.09688112,-9504280.39534256,-9578610.626073183,-9653285.429873751,-9728308.5002119,-9803683.583299637,-9879414.478106972,-9955505.03630644,-10031959.16214229,-10108780.812218202,-10185973.995196572,-10263542.771402076,-10341491.252321662,-10419823.59999276,-10498544.026270496,-10577656.791964512,-10657166.205835007,-10737076.62343708,-10817392.445801564,-10898118.117939768,-10979258.127158633,-11060817.00117194,-11142799.30599197,-11225209.643585252,-11308052.64927462,-11391332.988868557,-11475055.355497666,-11559224.466136374,-11643845.057786737,-11728921.883299291,-11814459.706804262,-11900463.298724487,-11986937.43033936,-12073886.86786698,-12161316.366029026,-12249230.66106082,-12337634.463125603,-12426532.448089968,-12515929.248613236,-935831153.870634,-935886138.3295324,-935941055.5543522,-935995896.1504312,-936050650.322758,-936105307.8607782,-933481483.5314864,-933531427.284229,-933581215.8672982,-933630837.8893445,-933680281.5152534,-918254066.1298084,-918309094.184862,-918364004.3973732,-918418783.6404226,-918473418.214657,-918714524.2036908,-918765084.926898,-918815400.3241768,-918865453.6980578,-918915227.7012436,-918964704.3149636,-933190974.796129,-933240922.459628,-933290579.8692576,-933339927.8090044,-933388946.206605,-931595966.4098456,-931647391.044688,-931698406.4805136,-931748987.789886,-931799108.9745536,-931848742.9263464,-916330984.8306886,-916376361.6716064,-916421148.2984571,-916465313.9699357,-916508826.7408594,-915931762.4766788,-915972229.7776334,-916011949.6752788,-916050886.17757,-916089002.0280174,-871771943.934762,-871808985.4042449,-871845285.63314,-871880793.3540093,-871915455.4622287,-871949217.0634311,-871436876.1410106,-871465295.3631482,-871492567.8482211,-871518642.3429646,-871543467.2703112,-871571227.8903997,-871592516.6401205,-871612404.340785,-871630844.6875734,-871647792.7487259,-873583037.6347141,-873594016.9007944,-873603685.4896376,-873612036.4926648,-873619068.1252711,-895509915.838386,-895511140.4489559,-895511236.878372,-895510235.4683841,-895508172.7833259,-895505091.6977379,-914709189.0245968,-914704478.0847172,-914698831.9056766,-914692317.6304854,-914685008.1251916,-913176741.7378584,-913168944.8103746,-913160789.6582716,-913152368.3604608,-913143780.3209728,-916089407.6196193,-916080723.253525,-916068863.7796184,-916061984.1664132,-916055569.0470454,-916049818.8078436,-916044923.3646656,-915447569.4098384,-915446237.23527,-915445278.1272109,-915444758.7267,-915444609.1486634,-914558400.0006336,0.0
2953.0,-532077.0267986637,-574534.6313107235,-617112.5461280169,-659811.1899726475,-702630.9840694133,-745572.3521842873,-788635.7206637929,-831821.5184751379,-875130.1772473585,-918562.1313133228,-962117.8177526554,-1005797.6764356276,-1049602.150068038,-1093531.6842371118,-1137586.7274583096,-1181767.73122333,-1226075.150049058,-1270509.4415276274,-1315071.0663776542,-1359760.4884965208,-1404578.175013848,-1449524.5963461911,-1494600.2262528746,-1539805.5418931425,-1585141.0238844962,-1630607.156362352,-1676204.4270410878,-1721933.327276267,-1767794.3521283965,-1813788.000428049,-1859914.7748423489,-1906175.181943024,-1952569.732275878,-1999098.9404318144,-2045763.3251194288,-2092563.409239208,-2139499.719959275,-2186572.788792968,-2233783.151677867,-2281131.349056768,-2328617.92596032,-2376243.432091527,-2424008.421911942,-2471913.454729989,-2519959.094790945,-2568145.911369074,-2616474.4788616383,-2664945.3768850234,-2713559.190372861,-2762316.509676393,-2811217.930666846,-2860264.0548401675,-2909455.48942393,-2958792.84748652,-3008276.74804872,-3057907.81619768,-3107686.683203254,-3157613.9866369413,-3207690.370493234,-3257916.4853136484,-3308292.98831336,-3358820.54351048,-3409499.821858125,-3460331.501379272,-3511316.2673044,-3562454.8122121217,-3613747.836172652,-3665196.046894383,-3716800.159873476,-3768560.898546568,-3820478.994446641,-3872555.1873622,-3924790.225499631,-3977184.8656490007,-4029739.873353225,-4082456.023080724,-4135334.098401585,-4188374.89216737,-4241579.206694469,-4294947.853951349,-4348481.655749389,-4402181.443937682,-4456048.060601678,-4510082.358265861,-4564285.200100404,-4618657.460131875,-4673200.02345823,-4727913.78646794,-4782799.657063352,-4837858.554888564,-4893091.411561532,-4948499.170910759,-5004082.78921651,-5059843.235456554,-5115781.491556625,-5171898.5526456265,-5228195.427315519,-5284673.137886109,-5341332.720674727,-5398175.226270795,-5455201.719815468,-5512413.281286216,-5569811.005786657,-5627396.0038413545,-5685169.401695914,-5743132.341622296,-5801285.982229357,-5859631.498778719,-5918170.083505908,-5976902.94594698,-6035831.313270324,-6094956.430614086,-6154279.5614288,-6213801.987825536,-6273525.010929424,-6333449.951238612,-6393578.148988539,-6453910.964521665,-6514449.778662444,-6575195.993097661,-6636151.030761935,-6697316.336228508,-6758693.37610502,-6820283.639434377,-6882088.638100554,-6944109.907239128,-7006349.005652584,-7068807.516230097,-7131487.046371749,-7194389.228416828,-7257515.720076259,-7320868.204868702,-7384448.392560225,-7448258.019607172,-7512298.849602083,-7576572.673722149,-7641081.311179967,-7705826.6096762065,-7770810.445853695,-7836034.72575254,-7901501.385265724,-7967212.390594669,-8033169.738704144,-8099375.457775965,-8165831.607660687,-8232540.280326623,-8299503.600305348,-8366723.725132889,-8434202.84578557,-8501943.187109623,-8569947.008243417,-8638216.603031114,-8706754.300426614,-8775562.464886412,-8844643.496749897,-8913999.832605518,-8983633.94564132,-9053548.345977992,-9123745.580982428,-9194228.23555996,-9264998.932423033,-9336060.332333827,-9407415.134318652,-9479066.075851142,-9551015.933001664,-9623267.520549566,-9695823.692055516,-9768687.33988982,-9841861.395213628,-9915348.827908516,-9989152.646450631,-10063275.897724587,-10137721.666772358,-10212493.076472163,-10287593.287141478,-10363025.496058691,-10438792.936896805,-10514898.879062688,-10591346.626934657,-10668139.5189907,-10745280.92681942,-10822774.254004665,-10900622.934875024,-10978830.43310797,-11057400.240178317,-11136335.873639729,-11215640.87522728,-11295318.808768392,-11375373.257888462,-11455807.823496755,-11536626.121037068,-11617831.777486706,-11699428.428086212,-11781419.712781064,-11863809.27235554,-11946600.7442372,-12029797.757949648,-12113403.930189028,-12197422.859498711,-12281858.120514678,-12366713.257752083,-12451991.778901994,-12537697.147604838,-12623832.775665011,-12710402.014668887,-12797408.146965615,-12884854.375967776,-936042330.946946,-936094980.9570816,-936147523.9196092,-936199949.9839424,-936252248.9086922,-936304410.0479846,-933770492.511518,-933817391.9012609,-933864075.6478117,-933910531.5142746,-933956746.8367292,-918605835.134604,-918657697.8632692,-918709366.678022,-918760826.7467132,-918812062.6633396,-919028940.4085726,-919075831.3996388,-919122401.6224328,-919168633.2015136,-919214507.6562736,-919260005.8869244,-933555745.8204184,-933601452.795906,-933646764.2101924,-933691659.5312196,-933736117.4698786,-931931354.9534804,-931978233.2692084,-932024595.9591682,-932070417.2799577,-932115670.583254,-932160328.2973382,-916641440.780916,-916681326.5767564,-916720519.5154234,-916758990.1811476,-916796708.3069938,-916223101.5475512,-916257291.958832,-916290644.0493876,-916323125.5335932,-916354703.3638896,-872083413.7050968,-872111374.8962033,-872138627.6421067,-872165128.0270557,-872190830.6476446,-872215688.6594701,-871673321.3796417,-871694044.6292814,-871713671.854889,-871732159.1824323,-871749462.671795,-871766540.0296102,-871780631.4364263,-871793395.7322568,-871804794.430733,-871814789.9780483,-873684200.3382219,-873688257.6820601,-873691049.4284164,-873692561.8013036,-873692782.6452714,-895540231.428918,-895534218.1112336,-895526979.4371947,-895518511.0919558,-895508808.5150206,-895497866.4007386,-914692749.4137956,-914679618.4950244,-914665160.1294827,-914649359.6381954,-914632199.363838,-913095315.6280632,-913075691.2209444,-913054869.2212008,-913032866.0373176,-913009719.4954628,-915944750.1289512,-915919420.174476,-915866216.1324328,-915841868.9677664,-915817771.6042444,-915794626.7490432,-915773313.4519248,-915146339.6497666,-915139746.286064,-915136164.0912696,-915134892.1416523,-915134703.5535775,-914248800.0000435,0.0
2952.0,-859995.0058229971,-902698.3359285564,-945522.2709757918,-988467.2121222848,-1031533.5625941062,-1074721.7277158543,-1118032.1149413544,-1161465.1338850495,-1205021.196354262,-1248700.7163819969,-1292504.110260635,-1336431.7965763623,-1380484.196244367,-1424661.7325449456,-1468964.8311602718,-1513393.92021216,-1557949.4303006467,-1602631.7945434314,-1647441.4486162518,-1692378.8307941423,-1737444.381993712,-1782638.545816341,-1827961.768592326,-1873414.499426097,-1918997.1902424528,-1964710.295833828,-2010554.2739086344,-2056529.5851407268,-2102636.6932199136,-2148876.0649038022,-2195248.170070537,-2241753.4817729844,-2288392.476293979,-2335165.633202889,-2382073.4354134407,-2429116.3692428484,-2476294.924472218,-2523609.594408393,-2571060.875947127,-2618649.2696376448,-2666375.2797487145,-2714239.414336146,-2762242.1853117715,-2810384.108514008,-2858665.703779923,-2907087.495018934,-2955650.010288156,-3004353.781869308,-3053199.346347433,-3102187.2446912606,-3151318.0223353524,-3200592.229264033,-3250010.4200971723,-3299573.1541778445,-3349280.995661754,-3399134.513608832,-3449134.2820765967,-3499280.8802156257,-3549574.8923670626,-3600016.908162186,-3650607.5226241536,-3701347.33627183,-3752236.9552259273,-3803276.991317302,-3854468.062197581,-3905810.7914520814,-3957305.808715159,-4008953.749787893,-4060755.2567582894,-4112710.9781239,-4164821.568917077,-4217087.6908327015,-4269510.012358664,-4322089.208908834,-4374825.962958906,-4427720.964184931,-4480774.909604618,-4533988.503721489,-4587362.458671979,-4640897.494375358,-4694594.338686748,-4748453.727552984,-4802476.405171725,-4856663.12415353,-4911014.645687133,-4965531.739707845,-5020215.185069274,-5075065.769718247,-5130084.290873,-5185271.555204826,-5240628.379023009,-5296155.588463207,-5351854.019679287,-5407724.519038692,-5463767.943321274,-5519985.159921672,-5576377.0470553525,-5632944.4939682335,-5689688.401149873,-5746609.680550393,-5803709.255801086,-5860988.062438738,-5918447.0481335465,-5976087.172920936,-6033909.409436975,-6091914.743157605,-6150104.172641611,-6208478.70977726,-6267039.380032728,-6325787.222710259,-6384723.291203904,-6443848.653261081,-6503164.391247659,-6562671.602416681,-6622371.399180571,-6682264.909386991,-6742353.276597949,-6802637.660372378,-6863119.23655194,-6923799.197550065,-6984678.752643998,-7045759.128269911,-7107041.568320699,-7168527.334446719,-7230217.706358728,-7292113.9821335105,-7354217.478521488,-7416529.531256344,-7479051.495366431,-7541784.745487603,-7604730.676177335,-7667890.702229766,-7731266.25899135,-7794858.802676773,-7858669.810684848,-7922700.7819138365,-7986953.237075886,-8051428.719010088,-8116128.792993676,-8181055.047050705,-8246209.092257795,-8311592.56304628,-8377207.117499956,-8443054.437647868,-8509136.22975132,-8575454.224584235,-8642010.177706007,-8708805.869725924,-8775843.1065581,-8843123.719665844,-8910649.56629434,-8978422.529690294,-9046444.519307328,-9114717.470995624,-9183243.347174369,-9252024.136985242,-9321061.856425429,-9390358.548458057,-9459916.283098262,-9529737.1574728,-9599823.29585076,-9670176.849643128,-9740799.99736872,-9811694.94458355,-9882863.923770972,-9954309.194189224,-10026033.041673431,-10098037.778388212,-10170325.742527409,-10242899.297956817,-10315760.833795808,-10388912.763933174,-10462357.52647254,-10536097.583102234,-10610135.41838406,-10684473.53895536,-10759114.47263815,-10834060.767448746,-10909314.990501024,-10984879.72679595,-11060757.577889362,-11136951.16042992,-11213463.104558095,-11290296.052157022,-11367452.654944949,-11444935.57239897,-11522747.469498413,-11600891.01427619,-11679368.875165122,-11758183.718125958,-11837338.203542588,-11916834.982869182,-11996676.695013382,-12076865.962437963,-12157405.386963217,-12238297.545250429,-12319544.98394621,-12401150.21446598,-12483115.707393372,-12565443.886471609,-12648137.122160649,-12731197.724732978,-12814627.936879072,-12898429.925791664,-12982605.77469668,-13067157.47379607,-13152086.910586616,-936135284.6039298,-936185742.154006,-936236075.9358076,-936286276.5996813,-936336334.4488078,-936386239.427936,-933953769.566252,-933998105.6150588,-934042196.4614972,-934086030.0986954,-934129594.1392404,-918854771.406677,-918903887.0627662,-918952767.7452148,-919001398.1735888,-919049762.5292954,-919247255.9647936,-919291233.0146114,-919334858.6145084,-919378115.1587222,-919420984.5128022,-919463448.0065092,-933834733.5029511,-933877215.3384768,-933919243.09047,-933960796.4191092,-934001854.3642434,-932179789.2314464,-932223301.8443648,-932266249.0265312,-932308606.030428,-932350347.4008652,-932391446.9744692,-916879698.229658,-916915722.1303188,-916951014.7651206,-916985549.753498,-917019300.2233212,-916459536.1724042,-916489486.8344476,-916518580.4678977,-916546790.3432156,-916574089.4819038,-872373644.0785218,-872393153.0827302,-872412095.6785411,-872430441.2604642,-872448158.1681256,-872465213.7044045,-871893555.6050553,-871908708.511339,-871922957.6535186,-871936269.4669014,-871948610.3545719,-871959044.3042234,-871969023.2439975,-871977890.3182747,-871985616.3589303,-871992172.6977069,-873818616.8463657,-873819788.3383899,-873819863.8009002,-873818825.268548,-873816653.6558653,-895642438.0719602,-895634249.4485139,-895624894.5486479,-895614343.1186838,-895602559.2745858,-895589500.2937095,-914776739.3944268,-914761359.7535968,-914744489.6151996,-914726044.024925,-914705922.555357,-913159970.214018,-913135461.956818,-913108965.3584182,-913080316.3071872,-913049330.8735584,-915978053.0986952,-915941939.751823,-915854500.2396774,-915812747.8636706,-915767689.7164174,-915719351.0633072,-915667896.567555,-914948097.5966568,-914906786.0125154,-914869971.6302836,-914842001.4487264,-914827448.2064992,-913939215.5431311,0.0
2951.0,-1142719.4013831192,-1185534.3181696746,-1228469.518059522,-1271525.380293961,-1314702.2856999468,-1358000.6167109252,-1401420.757388159,-1444963.0934426088,-1488628.01225733,-1532415.902910503,-1576327.1561988154,-1620362.164661788,-1664521.3226063356,-1708805.0261321375,-1753213.6731575632,-1797747.6634462974,-1842407.398634537,-1887193.282258888,-1932105.719784967,-1977145.1186366605,-2022311.888226109,-2067606.4399844585,-2113029.187393276,-2158580.546016805,-2204260.9335349435,-2250070.7697770586,-2296010.476756592,-2342080.4787064744,-2388281.2021154133,-2434613.075765089,-2481076.530768125,-2527672.000607085,-2574399.92117429,-2621260.730812653,-2668254.870357427,-2715382.783178977,-2762644.915226513,-2810041.715072877,-2857573.6339603714,-2905241.125847644,-2953044.6474576453,-3000984.6583267683,-3049061.620855027,-3097276.000357435,-3145628.265116601,-3194118.8864364377,-3242748.3386971965,-3291517.0994116734,-3340425.64928273,-3389474.472262078,-3438664.0556104733,-3487994.8899591207,-3537467.469372578,-3587082.291413028,-3636839.8572058985,-3686740.671507064,-3736785.242771412,-3786974.083222996,-3837307.708926653,-3887786.639861255,-3938411.3999944776,-3989182.517359207,-4040100.524131605,-4091165.9567108448,-4142379.3558005113,-4193741.266491737,-4245252.238348132,-4296912.825492434,-4348723.586695015,-4400685.085464189,-4452797.890138396,-4505062.573980339,-4557479.715272905,-4610049.897417196,-4662773.709032375,-4715651.744057681,-4768684.601856316,-4821872.887321514,-4875217.210984593,-4928718.189125192,-4982376.443883578,-5036192.603375178,-5090167.301807215,-5144301.1795976125,-5198594.883496101,-5253049.066707516,-5307664.38901749,-5362441.5169203365,-5417381.1237492105,-5472483.889808702,-5527750.502509684,-5583181.656506522,-5638778.053836657,-5694540.404062552,-5750469.42441606,-5806565.839945095,-5862830.383662764,-5919263.796698891,-5975866.828453864,-6032640.236754946,-6089584.788014902,-6146701.257393048,-6203990.428958644,-6261453.095856518,-6319090.060475185,-6376902.134617101,-6434890.139671269,-6493054.906787955,-6551397.277055712,-6609918.1016804185,-6668618.242166482,-6727498.570499985,-6786559.969333818,-6845803.332174691,-6905229.563571908,-6964839.579307867,-7024634.30659017,-7084614.684245163,-7144781.662912913,-7205136.205243418,-7265679.286093885,-7326411.892726958,-7387335.025009766,-7448449.695613509,-7509756.93021345,-7571257.767689163,-7632953.260324628,-7694844.474008156,-7756932.488431645,-7819218.397289113,-7881703.308473963,-7944388.344274879,-8007274.641569812,-8070363.352017828,-8133655.642248248,-8197152.694046858,-8260855.704538422,-8324765.886365406,-8388884.467861954,-8453212.693222811,-8517751.822666558,-8582503.132592382,-8647467.915729843,-8712647.48128073,-8778043.155052435,-8843656.279581713,-8909488.214248253,-8975540.335376747,-9041814.036326788,-9108310.727569284,-9175031.836748231,-9241978.80872674,-9309153.105615877,-9376556.206785029,-9444189.60885217,-9512054.82565258,-9580153.388184268,-9648486.844528295,-9717056.759742118,-9785864.715723949,-9854912.31104592,-9924201.16075384,-9993732.896131052,-10063509.164423857,-10133531.62852576,-10203801.966617553,-10274321.871760294,-10345093.051437734,-10416117.22704488,-10487396.133318825,-10558931.517708108,-10630725.13967625,-10702778.769935263,-10775094.189604267,-10847673.189288426,-10920517.568072733,-10993629.132425357,-11067009.69500433,-11140661.07336162,-11214585.08853771,-11288783.563539827,-11363258.321696322,-11438011.18487937,-11513043.971587572,-11588358.494879838,-11663956.560151068,-11739839.962739749,-11816010.485357303,-11892469.895327894,-11969219.941627247,-12046262.351708144,-12123598.828099612,-12201231.044766234,-12279160.64321302,-12357389.228320708,-12435918.363895496,-12514749.567916268,-12593884.307461552,-12673323.993297566,-12753069.97410766,-12833123.530342491,-12913485.867669212,-12994158.109997066,-13075141.292055348,-13156436.351498768,-13238044.120514257,-13319965.31690154,-936110707.4518152,-936159100.1734954,-936207373.8585455,-936255520.5334964,-936303531.9520092,-936351399.5868115,-934030347.9970198,-934072606.7325702,-934114621.34921,-934156381.1099868,-934197874.9707186,-918998943.569263,-919045728.296275,-919092273.6942278,-919138565.3363044,-919184588.3272636,-919367594.3976684,-919409398.0963649,-919450865.18657,-919491979.7636696,-919532725.49559,-919573085.6211748,-934024669.5083768,-934065024.8251512,-934104917.1580784,-934144327.7827892,-934183237.507354,-932338629.1385934,-932380016.4051884,-932420846.766137,-932461098.1401392,-932500747.9410434,-932539773.08986,-917043961.9784068,-917077850.7345644,-917111033.4496,-917143487.9638942,-917175191.9359047,-916639722.49666,-916667568.170337,-916694604.3534847,-916720810.709442,-916746167.0984104,-872664865.359817,-872675867.5387782,-872686515.0877162,-872696796.4455796,-872706699.6983819,-872716212.5669639,-872107672.5823565,-872118566.4217682,-872128877.9476695,-872138588.3796873,-872147678.8819829,-872152355.2585309,-872160603.8966165,-872168096.1531475,-872174815.2178216,-872180744.6623665,-873985401.8604045,-873987383.5608764,-873988600.9860432,-873989043.2998314,-873988698.2899812,-895817308.5154307,-895812352.7063076,-895806580.4779158,-895799969.6169509,-895792492.3115757,-895784113.9927341,-914965480.4212732,-914955468.2287428,-914944382.0954456,-914932146.462854,-914918669.411492,-913395055.8405228,-913377846.0911374,-913358972.7870728,-913338227.0201366,-913315350.6412392,-916249182.7135934,-916221390.1688688,-916147718.7603904,-916111591.5795923,-916070008.8249456,-916021848.6596822,-915965439.7194376,-915191485.164769,-915108092.1316656,-915006341.6351916,-914880107.7581164,-914724414.6641804,-913678601.3147255,0.0
2950.0,-1379763.1037156845,-1422554.9548002747,-1465466.1710360912,-1508497.1059006727,-1551648.113936053,-1594919.5507597583,-1638311.7730763354,-1681825.1386889515,-1725460.0065115553,-1769216.7365813206,-1813095.6900714168,-1857097.229304272,-1901221.7177650584,-1945469.5201157709,-1989841.0022095,-2034336.531105328,-2078956.4750835013,-2123701.203661073,-2168571.087608046,-2213566.498963926,-2258687.8110547327,-2303935.398510544,-2349309.6372834416,-2394810.904666081,-2440439.579310648,-2486196.0412484305,-2532080.671909878,-2578093.8541452484,-2624235.9722457323,-2670507.411965292,-2716908.560542943,-2763439.8067257507,-2810101.540792323,-2856894.1545770303,-2903818.04149481,-2950873.5965666594,-2998061.2164457007,-3045381.2994441045,-3092834.245560478,-3140420.4565081885,-3188140.335744204,-3235994.288498833,-3283982.721806113,-3332106.044535023,-3380364.6674214345,-3428759.0031008804,-3477289.4661421506,-3525956.4730816595,-3574760.4424587283,-3623701.794851669,-3672780.952914754,-3721998.34141609,-3771354.387276358,-3820849.519608588,-3870484.1697586426,-3920258.7713469295,-3970173.760310834,-4020229.574948336,-4070426.655962473,-4120765.446506913,-4171246.392232521,-4221869.9413349815,-4272636.544603439,-4323546.6554703545,-4374600.730062227,-4425799.227251692,-4477142.608710488,-4528631.338963749,-4580265.885445384,-4632046.718554549,-4683974.311713444,-4736049.141426188,-4788271.687338972,-4840642.432301337,-4893161.862428836,-4945830.4671667805,-4998648.739355323,-5051617.17529583,-5104736.274818417,-5158006.541350916,-5211428.481988953,-5265002.60756755,-5318729.432733782,-5372609.476020913,-5426643.259923806,-5480831.310975576,-5535174.159825683,-5589672.341319162,-5644326.394577382,-5699136.863079935,-5754104.294747898,-5809229.242028401,-5864512.261980435,-5919953.916362001,-5975554.77171847,-6031315.399472186,-6087236.37601332,-6143318.282791916,-6199561.7064111335,-6255967.238721585,-6312535.476916879,-6369267.023630194,-6426162.487031885,-6483222.480928134,-6540447.624860563,-6597838.544206709,-6655395.870281393,-6713120.240438817,-6771012.298175481,-6829072.693233654,-6887302.081705453,-6945701.126137397,-7004270.4956354005,-7063010.86596997,-7121922.919681634,-7181007.346186471,-7240264.841881534,-7299696.110250083,-7359301.861966513,-7419082.815000794,-7479039.694722222,-7539173.234002365,-7599484.173317011,-7659973.260846832,-7720641.252576668,-7781488.9123931425,-7842517.012180289,-7903726.331913086,-7965117.659748495,-8026691.79211372,-8088449.533791446,-8150391.698001601,-8212519.106479344,-8274832.589548978,-8337332.98619316,-8400021.144117214,-8462897.91980789,-8525964.17858624,-8589220.794653967,-8652668.651132701,-8716308.64009575,-8780141.662591482,-8844168.628657876,-8908390.457327351,-8972808.076621346,-9037422.423533617,-9102234.444001568,-9167245.09286468,-9232455.333809065,-9297866.139297154,-9363478.49048148,-9429293.377101364,-9495311.797361378,-9561534.7577902,-9627963.27307875,-9694598.365895802,-9761441.066679977,-9828492.4134062,-9895753.451325089,-9963225.232673451,-10030908.816353912,-10098805.26758184,-10166915.657497138,-10235241.062739031,-10303782.564981133,-10372541.25042447,-10441518.209245635,-10510714.534997504,-10580131.32395917,-10649769.674432203,-10719630.68598,-10789715.458606198,-10860025.09186906,-10930560.683927411,-11001323.330514258,-11072314.123833548,-11143534.151375512,-11214984.494645683,-11286666.227802446,-11358580.41619768,-11430728.114814743,-11503110.366597831,-11575728.20066624,-11648582.630406952,-11721674.651438495,-11795005.239438483,-11868575.347827371,-11942385.905299935,-12016437.813196056,-12090731.942701772,-12165269.131871074,-12240050.18245862,-12315075.856552966,-12390346.87299945,-12465863.903601415,-12541627.569087973,-12617638.434835866,-12693897.006332727,-12770403.724368297,-12847158.95993968,-12924163.008856416,-13001416.086030295,-13078918.319434743,-13156669.743717754,-13234670.293452265,-13312919.796007186,-13391417.96402204,-935969209.907591,-936015599.842938,-936061893.042713,-936108083.6186064,-936154165.5082576,-936200132.4710468,-933997980.7702582,-934038566.1712018,-934078935.8432156,-934119081.2364236,-934158993.5901158,-919035320.7837068,-919080083.8587432,-919124638.0794214,-919168971.1327292,-919213070.33805,-919385975.3741816,-919426195.642954,-919466136.1612182,-919505784.0591198,-919545126.1608772,-919584148.9869964,-934118502.5202984,-934157764.4325628,-934196603.323368,-934235003.4139065,-934272948.6134466,-932401536.9754152,-932441936.1306176,-932481842.6674083,-932521238.7021558,-932560106.043577,-932598426.2107302,-917126883.5865746,-917160282.0910224,-917193060.3654214,-917225201.2987686,-917256687.8211746,-916755014.6013724,-916782801.2288792,-916809884.6566124,-916836250.9017358,-916861886.470426,-872985318.1693134,-872986920.9123336,-872988383.6301103,-872989717.4559361,-872990934.2823752,-872992046.7518947,-872327153.7969155,-872333706.3549044,-872340084.1993713,-872346289.288341,-872352323.6718898,-872345943.7113008,-872353420.3433101,-872360615.241615,-872367527.9368869,-872374158.337275,-874168432.7180003,-874173549.6209733,-874178370.9139903,-874182901.6529295,-874187147.3084723,-896036280.1649009,-896038380.4611554,-896040239.3023903,-896041873.4850473,-896043299.8910375,-896044535.408256,-915221295.9977392,-915222247.5390706,-915223040.604262,-915223693.1926156,-915224223.460588,-913748387.7951868,-913748727.406755,-913749028.6207588,-913749309.210352,-913749587.0208216,-916699693.4257116,-916700100.9623536,-916697497.131621,-916699366.4437892,-916700633.491157,-916701544.1430207,-916702301.3376292,-916111817.6,-916112743.7867956,-916113771.5567436,-916114940.660462,-916116327.8108536,-915233188.9805315,0.0
2949.0,-1570797.9263817114,-1613432.315133958,-1656184.580639314,-1699055.047318514,-1742044.0401080688,-1785151.8844612716,-1828378.9063492469,-1871725.4322622595,-1915191.789211057,-1958778.30472856,-2002485.306871435,-2046313.124222132,-2090262.08589086,-2134332.52151788,-2178524.7612759466,-2222839.1358729084,-2267275.976554535,-2311835.615107553,-2356518.3838628577,-2401324.61569892,-2446254.644045499,-2491308.8028875217,-2536487.426769112,-2581790.850798039,-2627219.4106502337,-2672773.4425746724,-2718453.283398458,-2764259.2705321326,-2810191.7419753703,-2856251.0363228163,-2902437.492770278,-2948751.451121236,-2995193.251793523,-3041763.235826448,-3088461.744888145,-3135289.121283265,-3182245.707960937,-3229331.848523191,-3276547.887233544,-3323894.169026052,-3371371.0395146664,-3418978.845002932,-3466717.9324941267,-3514588.649701648,-3562591.345059874,-3610726.367735358,-3658994.0676384913,-3707394.7954354016,-3755928.902560465,-3804596.74122906,-3853398.664450816,-3902335.0260432814,-3951406.180646009,-4000612.483735105,-4049954.291638129,-4099431.961549583,-4149045.851546752,-4198796.320606042,-4248683.728619767,-4298708.4364134185,-4348870.805763412,-4399171.199415283,-4449609.981102432,-4500187.515565273,-4550904.168570913,-4601760.306933356,-4652756.298534162,-4703892.512343559,-4755169.318442196,-4806587.088043249,-4858146.193515103,-4909847.008404527,-4961689.907460341,-5013675.266657555,-5065803.463222079,-5118074.875655832,-5170489.883762442,-5223048.868673314,-5275752.212874285,-5328600.300232683,-5381593.516024896,-5434732.246964319,-5488016.881229858,-5541447.8084947765,-5595025.419956,-5648750.108363843,-5702622.268052009,-5756642.294968192,-5810810.586704807,-5865127.542530129,-5919593.5634198,-5974209.052088551,-6028974.413022171,-6083890.052509744,-6138956.378676092,-6194173.801514288,-6249542.732918397,-6305063.586716215,-6360736.778702125,-6416562.726669833,-6472541.850445166,-6528674.571918681,-6584961.315078124,-6641402.506040644,-6697998.573084747,-6754749.946681842,-6811657.059527388,-6868720.346571452,-6925940.245048744,-6983317.194507888,-7040851.636839953,-7098544.01630606,-7156394.779564008,-7214404.375693734,-7272573.25622162,-7330901.875143355,-7389390.688945325,-7448040.156624353,-7506850.739705606,-7565822.902258596,-7624957.110910956,-7684253.834859929,-7743713.545881356,-7803336.718335937,-7863123.829172445,-7923075.35792793,-7983191.786724381,-8043473.60026175,-8103921.285807043,-8164535.33317913,-8225316.23472907,-8286264.48531553,-8347380.582275008,-8408665.0253865,-8470118.316830244,-8531740.96114008,-8593533.46514905,-8655496.33792785,-8717630.090715516,-8779935.23684197,-8842412.291641837,-8905061.772359075,-8967884.198041622,-9030880.08942571,-9094049.968808966,-9157394.359911824,-9220913.78772626,-9284608.778351352,-9348479.85881471,-9412527.556878911,-9476752.400832148,-9541154.919262042,-9605735.640811669,-9670495.093916751,-9735433.806522897,-9800552.305781662,-9865851.11772436,-9931330.766912116,-9996991.776060931,-10062834.665640336,-10128859.953443931,-10195068.15413048,-10261459.778733645,-10328035.334138673,-10394795.322524255,-10461740.240767391,-10528870.579809384,-10596186.823980665,-10663689.450282188,-10731378.927621068,-10799255.715997765,-10867320.265642297,-10935573.016096614,-11004014.395240253,-11072644.818256076,-11141464.686532969,-11210474.386502124,-11279674.288403165,-11349064.744976614,-11418646.090078652,-11488418.637214117,-11558382.677983455,-11628538.480439227,-11698886.287347382,-11769426.31434852,-11840158.748014083,-11911083.74379205,-11982201.423836894,-12053511.874717778,-12125015.144999407,-12196711.242689062,-12268600.132543812,-12340681.733231124,-12412955.914336244,-12485422.49320939,-12558081.231645765,-12630931.83239099,-12703973.935464771,-12777207.114295203,-12850630.871656222,-12924244.63540067,-12998047.753981246,-13072039.491752151,-13146219.024043849,-13220585.432003686,-13295137.69719595,-13369874.695954392,-935711644.5189393,-935755988.442042,-935800269.7685114,-935844485.1645966,-935888631.237058,-935932704.5332524,-933853649.3771386,-933892806.5992744,-933931797.5409912,-933970616.5420132,-934009257.8452137,-918960446.9961828,-919003290.7903392,-919045985.3198828,-919088521.4988157,-919130890.00183,-919297127.3862292,-919336075.9643984,-919374835.681055,-919413397.837924,-919451753.570074,-919489893.8506932,-934105872.9589694,-934144849.6557752,-934183487.0102384,-934221773.4036,-934259697.0620016,-932359034.0060344,-932399310.5141724,-932439206.8288112,-932478710.6236316,-932517809.460711,-932556490.8091376,-917115818.8554398,-917150090.27554,-917183881.846877,-917217182.2097248,-917249980.1819352,-916789482.8534992,-916818966.2543302,-916847903.869894,-916876287.6277256,-916904110.0325222,-873373023.4841046,-873363632.8028045,-873354233.2334448,-873344857.5689942,-873335540.8196684,-873326320.2683741,-872572558.6698545,-872572887.454625,-872573447.0325338,-872574265.9431384,-872575373.5037258,-872543106.1167768,-872548597.0140051,-872554344.1818053,-872560369.2587228,-872566694.1827588,-874344081.3241129,-874352263.1439543,-874360687.6869439,-874369374.9052715,-874378346.4555876,-896250143.8453197,-896260000.1788237,-896270177.172336,-896280727.7333907,-896291710.7422122,-896303192.0071915,-915475512.9162214,-915488052.0757684,-915501317.3590285,-915515418.2113992,-915530480.2866422,-914103702.5084884,-914121966.5916034,-914141773.8223538,-914163366.784836,-914187038.7739472,-917153330.2866008,-917182114.0270776,-917250163.948042,-917290725.09756,-917335348.9789466,-917385684.7413628,-917443864.7945112,-917039066.8535932,-917124633.98561,-917228786.3685874,-917357676.0236434,-917516215.9073114,-916794511.7968303,0.0
2948.0,-1715655.474279252,-1757999.0072161243,-1800458.3884736514,-1843033.9107155649,-1885725.8665563627,-1928534.5485520987,-1971460.2491910264,-2014503.260884317,-2057663.875956656,-2100942.3866367894,-2144339.08504808,-2187854.2631990123,-2231488.212973571,-2275241.226121723,-2319113.5942497426,-2363105.6088105785,-2407217.561094107,-2451449.7422174285,-2495802.443115105,-2540275.9545293003,-2584870.5670000315,-2629586.570855225,-2674424.256200867,-2719383.912911055,-2764465.8306180923,-2809670.2987024267,-2854997.606282784,-2900448.0422059856,-2946021.895037024,-2991719.453048932,-3037541.0042127,-3083486.8361871643,-3129557.2363088704,-3175752.49158192,-3222072.888667788,-3268518.71387514,-3315090.2531495905,-3361787.7920635315,-3408611.61580581,-3455562.009171487,-3502639.2565515577,-3549843.641922661,-3597175.448836678,-3644634.960410489,-3692222.4593154974,-3739938.227767316,-3787782.547515317,-3835755.6998321954,-3883857.965503522,-3932089.624817204,-3980450.957553024,-4028942.242972,-4077563.759805898,-4126315.786246527,-4175198.599935039,-4224212.477951311,-4273357.6968031,-4322634.532415247,-4372043.260118792,-4421584.154640057,-4471257.490089611,-4521063.539951185,-4571002.577070504,-4621074.873644052,-4671280.701207703,-4721620.330625274,-4772094.032076933,-4822702.075047541,-4873444.72831478,-4924322.259937231,-4975334.937242217,-5026483.026813531,-5077766.794478922,-5129186.505297489,-5180742.423546671,-5232434.812709339,-5284263.935460232,-5336230.053652501,-5388333.42830369,-5440574.319581634,-5492952.986789872,-5545469.688352819,-5598124.681800463,-5650918.223752815,-5703850.569903771,-5756921.975004623,-5810132.692847074,-5863482.976245673,-5916973.077019823,-5970603.245975026,-6024373.732883715,-6078284.7864652425,-6132336.654365243,-6186529.583134233,-6240863.818205432,-6295339.603871709,-6349957.183261578,-6404716.798314415,-6459618.689754453,-6514663.097063793,-6569850.2584543545,-6625180.410838471,-6680653.789798336,-6736270.629554035,-6792031.16293017,-6847935.621320963,-6903984.234653821,-6960177.2313511055,-7016514.83829022,-7072997.280761791,-7129624.782425839,-7186397.565265883,-7243315.849540843,-7300379.853734573,-7357589.794502957,-7414945.886618447,-7472448.342911829,-7530097.374211146,-7587893.189277514,-7645835.994737916,-7703925.995014428,-7762163.392250111,-7820548.386231016,-7879081.1743044015,-7937761.951292761,-7996590.909403553,-8055568.238134378,-8114694.124173377,-8173968.751294574,-8233392.300247967,-8292964.948644051,-8352686.870832514,-8412558.237774767,-8472579.216910146,-8532749.97201518,-8593070.66305597,-8653541.44603296,-8714162.47281792,-8774933.890982835,-8835855.843620019,-8896928.469153315,-8958151.901139753,-9019526.268061304,-9081051.693106173,-9142728.293939162,-9204556.182460597,-9266535.46455316,-9328666.239816165,-9390948.601286586,-9453382.635146257,-9515968.420414483,-9578706.028625524,-9641595.52349002,-9704636.960539756,-9767830.386754984,-9831175.840173172,-9894673.34947883,-9958322.933572974,-10022124.601121591,-10086078.350082075,-10150184.167206436,-10214442.027520422,-10278851.89377722,-10343413.71588472,-10408127.430304974,-10472992.959424645,-10538010.210895108,-10603179.07694077,-10668499.433634158,-10733971.14013628,-10799594.037900705,-10865367.949839704,-10931292.679450674,-10997368.009901265,-11063593.703071162,-11129969.498548876,-11196495.112581205,-11263170.236973846,-11329994.537940552,-11396967.654899023,-11464089.199211158,-11531358.752865369,-11598775.867098711,-11666340.060956305,-11734050.819785696,-11801907.593663586,-11869909.795752514,-11938056.800584724,-12006347.942270923,-12074782.512631051,-12143359.759244813,-12212078.883419124,-12280939.038070232,-12349939.325517962,-12419078.795189826,-12488356.44123288,-12557771.200031186,-12627321.947627312,-12697007.497046145,-12766826.595520036,-12836777.921614312,-12906860.08225293,-12977071.609644482,-13047410.958109358,-13117876.500809755,-13188466.52638497,-13259179.235495558,-935339524.9158212,-935381651.2481806,-935423753.9962306,-935465832.5581082,-935507886.3917712,-935549915.0194952,-933594317.413036,-933632076.3881727,-933669730.9434942,-933707278.7098038,-933744717.3444042,-918771458.4003038,-918812196.4395018,-918852864.464898,-918893457.4640723,-918933970.3353492,-919095747.3249656,-919133354.661904,-919170885.7998128,-919208337.0351764,-919245704.652108,-919282984.9290912,-933974231.5801138,-934013353.0279168,-934052252.2594,-934090922.8310406,-934129358.3092922,-932199668.3904886,-932240260.2043532,-932280619.1182256,-932320739.4326148,-932360615.5443972,-932400241.963918,-916993883.7045966,-917029899.335876,-917065619.6162148,-917101039.6689384,-917136154.885071,-916720746.1970696,-916753173.0427831,-916785254.1649932,-916816987.1853414,-916848370.2194228,-873878390.8272123,-873856231.9324378,-873834028.088864,-873811825.8026975,-873789675.2003585,-873767630.2059011,-872883269.5943878,-872873755.5082141,-872864738.7058647,-872856275.7237449,-872848425.4179869,-872763886.8986765,-872763484.7969289,-872763822.8184745,-872764952.2630942,-872766925.1569254,-874496616.37645,-874504542.7764436,-874513248.6857836,-874522765.1071924,-874533123.3902446,-896407833.3051672,-896422775.0034922,-896438384.9627147,-896454713.8952558,-896471818.682594,-896489763.3484194,-915656521.2204026,-915676277.0862622,-915697096.895304,-915719091.7617964,-915742387.0351784,-914341625.3121668,-914368333.6360626,-914396777.6848052,-914427143.2942946,-914459638.2210654,-917430828.2985444,-917468386.8690825,-917547588.2511072,-917595664.6370538,-917644945.5416526,-917695991.4329892,-917749212.0723482,-917291121.8229816,-917333562.1852992,-917371337.0166428,-917400011.6280936,-917414900.74544,-916533184.2876273,0.0
2947.0,-1814327.0767883244,-1856248.083018556,-1898282.40364718,-1940430.2974998816,-1982692.0227831164,-2025067.837064772,-2067557.997254575,-2110162.759584245,-2152882.3795874584,-2195717.1120795417,-2238667.211136861,-2281732.930076133,-2324914.5214332794,-2368212.236942186,-2411626.327513163,-2455157.043211064,-2498804.633233305,-2542569.34588748,-2586451.428568771,-2630451.127737088,-2674568.688893868,-2718804.356558755,-2763158.3742457964,-2807630.984439473,-2852222.4285704964,-2896932.9469911084,-2941762.778950301,-2986712.162568625,-3031781.334812678,-3076970.531469347,-3122279.9871196887,-3167709.935112492,-3213260.6075375555,-3258932.235198543,-3304725.047585631,-3350639.2728476934,-3396675.137764166,-3442832.867716684,-3489112.6866601226,-3535514.8170934776,-3582039.480030278,-3628686.8949686014,-3675457.279860768,-3722350.851082603,-3769367.823402245,-3816508.409948608,-3863772.822179452,-3911161.269848878,-3958673.960974549,-4006311.1018043743,-4054072.8967827,-4101959.548516158,-4149971.257738885,-4198108.223277345,-4246370.642014619,-4294758.708854156,-4343272.616683055,-4391912.556334727,-4440678.716551056,-4489571.28394397,-4538590.442956431,-4587736.375822792,-4637009.262528596,-4686409.280769698,-4735936.60591074,-4785591.410942923,-4835373.866441189,-4885284.140520584,-4935322.398791945,-4985488.804316799,-5035783.517561579,-5086206.696350879,-5136758.49582007,-5187439.068366896,-5238248.563602377,-5289187.1283006,-5340254.906347795,-5391452.038690284,-5442778.663281526,-5494234.91502811,-5545820.925734712,-5597536.824047908,-5649382.735398932,-5701358.7819452565,-5753465.082510863,-5805701.752525418,-5858068.903962085,-5910566.645273971,-5963195.081329262,-6015954.313344932,-6068844.438818866,-6121865.5514606405,-6175017.74112053,-6228301.09371703,-6281715.691162579,-6335261.6112875845,-6388938.92776263,-6442747.710018719,-6496688.023165727,-6550759.927908639,-6604963.480461844,-6659298.7324611945,-6713765.73087381,-6768364.517905591,-6823095.130906245,-6877957.602271903,-6932951.959345068,-6988078.2243119,-7043336.41409669,-7098726.540253487,-7154248.608854665,-7209902.620376447,-7265688.569581162,-7321606.445396175,-7377656.230789334,-7433837.902640887,-7490151.431611577,-7546596.78200697,-7603173.911637734,-7659882.771675812,-7716723.306506165,-7773695.453574284,-7830799.143228818,-7888034.298559672,-7945400.835230906,-8002898.661308612,-8060527.677083514,-8118287.774887824,-8176178.838906629,-8234200.744983152,-8292353.360417938,-8350636.543761666,-8409050.144601347,-8467594.003339674,-8526267.950967321,-8585071.808827845,-8644005.388375051,-8703068.49092247,-8762260.907384668,-8821582.418010112,-8881032.792105401,-8940611.787750324,-9000319.151503684,-9060154.61809935,-9120117.91013239,-9180208.73773479,-9240426.7982405,-9300771.775839372,-9361243.341219686,-9421841.151198838,-9482564.84834181,-9543414.060566943,-9604388.40073877,-9665487.466247257,-9726710.838573271,-9788058.08283951,-9849528.74734678,-9911122.363094844,-9972838.443287645,-10034676.482822193,-10096635.957760634,-10158716.324785296,-10220917.020635696,-10283237.46152747,-10345677.042552404,-10408235.13705914,-10470911.096014025,-10533704.247341571,-10596613.895243917,-10659639.31949886,-10722779.77473592,-10786034.489689764,-10849402.666430686,-10912883.4795715,-10976476.07545038,-11040179.571289243,-11103993.054327164,-11167915.580928402,-11231946.17566478,-11296083.830371983,-11360327.503179472,-11424676.117513906,-11489128.561075917,-11553683.684790015,-11618340.301727897,-11683097.1860051,-11747953.0716514,-11812906.651455317,-11877956.575783284,-11943101.451374331,-12008339.840111151,-12073670.257768864,-12139091.172742968,-12204601.00475825,-12270198.123560809,-12335880.8475959,-12401647.442674356,-12467496.12063141,-12533425.037981777,-12599432.294575842,-12665515.932262452,-12731673.933564512,-12797904.220374646,-12864204.652679116,-12930573.02731952,-12997007.076802686,-13063504.468171246,-934855489.5668536,-934895095.2581038,-934934713.8392596,-934974347.30253,-935013997.8116828,-935053667.7106552,-933217856.4201782,-933254004.586796,-933290112.4500968,-933326180.966913,-933362211.2419612,-918467381.3665572,-918505488.5163052,-918543611.9698312,-918581751.2472802,-918619905.9420328,-918778124.4312816,-918813877.898428,-918849673.8369848,-918885513.9231333,-918921399.9843204,-918957334.0080816,-933710620.15448,-933749814.509012,-933788921.6039804,-933827940.81689,-933866871.7153578,-931911781.8946255,-931952580.6668408,-931993309.9110476,-932033971.1182824,-932074566.103764,-932115097.0242152,-916741962.7651584,-916779903.735348,-916817761.2581182,-916855537.623318,-916893235.4936408,-916521866.3043916,-916557744.9719906,-916593508.089805,-916629159.4027904,-916664703.0203232,-874563807.703336,-874527810.9935182,-874491518.6859821,-874454976.0511172,-874418232.6326467,-874381342.5455705,-873326393.9279767,-873302546.8221614,-873279166.303218,-873256327.4436991,-873234109.7377064,-873061711.678623,-873049036.7273251,-873037331.1625528,-873026678.8841763,-873017166.5685515,-874642012.8187383,-874642554.1629117,-874644308.0869176,-874647325.3182424,-874651654.6667254,-896479707.6045752,-896494262.010751,-896509670.602353,-896525944.7731463,-896543095.2317656,-896561132.1853399,-915719166.395859,-915739481.5395148,-915760659.7098408,-915782722.569486,-915805692.382746,-914401690.7875133,-914425608.8863574,-914450291.3590076,-914475718.806858,-914501847.6655606,-917466780.2534184,-917494578.4846892,-917532664.160848,-917567011.2916071,-917597692.20332,-917624628.0841994,-917647685.551744,-917095088.2104272,-917101620.1114324,-917105036.9766464,-917106223.9876404,-917106396.8391116,-916222299.9999579,0.0
2946.0,-1866962.8060882515,-1908332.023269582,-1949811.5534670327,-1991401.6202203904,-2033102.4458864736,-2074914.251609988,-2116837.257293956,-2158871.681569644,-2201017.7417663247,-2243275.653880274,-2285645.6325436155,-2328127.890992549,-2370722.6410352155,-2413430.093019067,-2456250.455797802,-2499183.936697836,-2542230.741484255,-2585391.074326329,-2628665.137762498,-2672053.132664942,-2715555.258203523,-2759171.711809291,-2802902.689137496,-2846748.384029991,-2890708.988477126,-2934784.692579155,-2978975.684506978,-3023282.1504624165,-3067704.2746378668,-3112242.23917535,-3156896.224125041,-3201666.4074030905,-3246552.964748953,-3291556.0696819504,-3336675.8934573457,-3381912.60502165,-3427266.370967304,-3472737.3554867613,-3518325.720325758,-3564031.6247360217,-3609855.225427111,-3655796.676517736,-3701856.12948614,-3748033.733119886,-3794329.633464754,-3840743.973772976,-3887276.894450594,-3933928.533004006,-3980699.023985754,-4027588.498939397,-4074597.086343552,-4121724.911555033,-4168972.096751181,-4216338.7608710965,-4263825.019556137,-4311430.985089351,-4359156.7663339125,-4407002.468670651,-4454968.193934453,-4503054.040349729,-4551260.102464743,-4599586.471084835,-4648033.233204616,-4696600.471938946,-4745288.266452761,-4794096.691889756,-4843025.819299752,-4892075.715564888,-4941246.4433245305,-4990538.060898842,-5039950.62221098,-5089484.176708002,-5139138.769280296,-5188914.440179601,-5238811.224935491,-5288829.154270443,-5338968.254013235,-5389228.545010876,-5439610.043038704,-5490112.758709095,-5540736.697378151,-5591481.859050845,-5642348.238284238,-5693335.824088858,-5744444.59982825,-5795674.543116384,-5847025.625713354,-5898497.813418637,-5950091.065962598,-6001805.3368955385,-6053640.573474693,-6105596.716548885,-6157673.700440733,-6209871.452826598,-6262189.894613903,-6314628.939816048,-6367188.495424496,-6419868.461278391,-6472668.729931236,-6525589.186514864,-6578629.7086003125,-6631790.166055928,-6685070.42090214,-6738470.327163253,-6791989.7307159165,-6845628.469134184,-6899386.371531252,-6953263.258397588,-7007258.941435401,-7061373.223389516,-7115605.897874232,-7169956.74919642,-7224425.552174458,-7279012.071953036,-7333716.063813733,-7388537.272981222,-7443475.434424864,-7498530.272655852,-7553701.501519456,-7608988.8239825135,-7664391.931915888,-7719910.505871748,-7775544.214855703,-7831292.716093415,-7887155.654791783,-7943132.66389439,-7999223.363831187,-8055427.362262166,-8111744.253814946,-8168173.619816154,-8224715.02801629,-8281368.032308178,-8338132.172438569,-8395006.97371301,-8451991.946693605,-8509086.58688963,-8566290.374440819,-8623602.773793196,-8681023.233367218,-8738551.185218163,-8796186.044688538,-8853927.210052442,-8911774.062151626,-8969725.964023156,-9027782.260518633,-9085942.277914587,-9144205.32351422,-9202570.6852401,-9261037.631217835,-9319605.409350611,-9378273.246884372,-9437040.34996374,-9495905.90317839,-9554869.069099933,-9613928.987809258,-9673084.77641418,-9732335.528557504,-9791680.313915445,-9851118.17768633,-9910648.140069837,-9970269.19573665,-10029980.31328867,-10089780.43470997,-10149668.474808604,-10209643.320649505,-10269703.830978684,-10329848.835639024,-10390077.134978011,-10450387.499247923,-10510778.667998616,-10571249.349463832,-10631798.2199413,-10692423.92316746,-10753125.069687616,-10813900.236222146,-10874747.96503004,-10935666.763270514,-10996655.1023642,-11057711.41735495,-11118834.106273964,-11180021.52950766,-11241272.009171275,-11302583.828490077,-11363955.231190378,-11425384.42090282,-11486869.560580617,-11548408.771935564,-11610000.13489525,-11671641.6870848,-11733331.423337204,-11795067.295236472,-11856847.210698258,-11918669.033593254,-11980530.583418876,-12042429.635025458,-12104363.918404058,-12166331.118542803,-12228328.875360567,-12290354.783726634,-12352406.393576285,-12414481.210133187,-12476576.694250528,-12538690.262883691,-12600819.289709209,-12662961.10590526,-12725113.00111137,-12787272.22458593,-934263750.8624812,-934300419.3942956,-934337127.7680532,-934373880.1294204,-934410680.8875136,-934447534.7268426,-932724037.9293444,-932758127.9642506,-932792233.6102144,-932826358.7916744,-932860507.6866032,-918050591.5454562,-918085198.9359672,-918119901.436982,-918154703.0720448,-918189608.099242,-918343976.4799454,-918376914.8451022,-918410002.490623,-918443246.3092366,-918476653.5071168,-918510231.6152682,-933304018.5107448,-933342645.881586,-933381318.675676,-933420042.1355993,-933458821.884108,-931485758.3923328,-931526053.6267564,-931566435.8331486,-931606913.4881223,-931647495.6285684,-931688191.873299,-916341723.5293508,-916380930.029362,-916420268.5174536,-916459748.7197948,-916499380.898718,-916164535.762946,-916203426.7547352,-916242441.4780228,-916281590.687268,-916320885.4895276,-875498522.5449497,-875449386.2162193,-875399512.3442283,-875348926.5439204,-875297657.9323517,-875245739.4491067,-873999774.3824607,-873958049.6653173,-873916356.195796,-873874763.1946205,-873833345.5989769,-873538379.3863443,-873506232.0076369,-873474785.2745637,-873444139.796267,-873414402.4063561,-874858978.6764156,-874841583.5586064,-874825486.8605431,-874810777.1119276,-874797543.1583542,-896485979.5304165,-896491451.5802372,-896498049.6566352,-896505765.7650859,-896514582.2947414,-896524470.7938652,-915663785.832238,-915677608.977824,-915692199.0155088,-915707470.676339,-915723325.0714405,-914296709.7780912,-914312110.0975434,-914327352.4046626,-914342314.1025006,-914356854.0887648,-917312308.451908,-917326100.384068,-917310538.6659788,-917335108.827024,-917354004.5880916,-917367527.6764796,-917376295.068872,-916793863.4441824,-916794925.0806836,-916795173.2961094,-916795199.4001768,-916795199.999606,-915911400.0,0.0
2945.0,-1873869.607794656,-1914560.829699525,-1955358.936622008,-1996264.1160033864,-2037276.553555307,-2078396.4332213388,-2119623.937137976,-2160959.245594977,-2202402.536995221,-2243953.9878138825,-2285613.7725570085,-2327382.063719513,-2369259.031742483,-2411244.844969873,-2453339.6696045115,-2495543.669663531,-2537857.0069329934,-2580279.8409219705,-2622812.328815803,-2665454.625428736,-2708206.883155804,-2751069.2519239825,-2794041.8791426,-2837124.9096530126,-2880318.48567747,-2923622.7467672443,-2967037.829749952,-3010563.868676031,-3054200.994764444,-3097949.3363475283,-3141809.0188150057,-3185780.164557079,-3229862.892906736,-3274057.320081049,-3318363.559121684,-3362781.7198343542,-3407311.908727448,-3451954.228949591,-3496708.7802263047,-3541575.6587956417,-3586554.9573427723,-3631646.764933629,-3676851.16694735,-3722168.245007808,-3767598.076913927,-3813140.7365689576,-3858796.293908573,-3904564.814827811,-3950446.361106871,-3996440.990335644,-4042548.755837146,-4088769.706589468,-4135103.887146722,-4181551.3375584967,-4228112.093288051,-4274786.185129156,-4321573.639121548,-4368474.476464953,-4415488.713431745,-4462616.361278042,-4509857.426153345,-4557211.909008686,-4604679.8055031225,-4652261.10590877,-4699955.795014068,-4747763.852025447,-4795685.250467358,-4843719.958080439,-4891867.936718013,-4940129.142240739,-4988503.524409412,-5036991.026775886,-5085591.586572019,-5134305.134596731,-5183131.595100993,-5232070.8856707215,-5281122.917107621,-5330287.593307875,-5379564.811138584,-5428954.46031197,-5478456.42325731,-5528070.5749904895,-5577796.782981124,-5627634.907017276,-5677584.799067581,-5727646.303140851,-5777819.255143052,-5828103.482731503,-5878498.805166401,-5929005.033159544,-5979621.968720029,-6030349.404997174,-6081187.12612031,-6132134.9070355045,-6183192.513339202,-6234359.701108454,-6285636.216728082,-6337021.796714256,-6388516.167534759,-6440119.045425637,-6491830.136204248,-6543649.135078628,-6595575.726453109,-6647609.583729957,-6699750.369107282,-6751997.733372602,-6804351.315692609,-6856810.743398484,-6909375.631766964,-6962045.583797109,-7014820.189982437,-7067699.028078545,-7120681.662866068,-7173767.645908763,-7226956.515306827,-7280247.795445165,-7333640.99673661,-7387135.615359938,-7440731.132992687,-7494427.01653847,-7548222.717848967,-7602117.673440266,-7656111.304203465,-7710203.015109699,-7764392.194909059,-7818678.215823814,-7873060.433235345,-7927538.185365102,-7982110.79294927,-8036777.558907089,-8091537.76800286,-8146390.686501436,-8201335.561817153,-8256371.62215618,-8311498.076152207,-8366714.112495377,-8422018.899554437,-8477411.584992202,-8532891.295373963,-8588457.135769248,-8644108.189346587,-8699843.516961524,-8755662.15673766,-8811563.123640966,-8867545.409047378,-8923607.980303608,-8979749.780281411,-9035969.726925349,-9092266.71279416,-9148639.60459596,-9205087.24271741,-9261608.440747011,-9318201.98499295,-9374866.633995475,-9431601.118034564,-9488404.138632623,-9545274.368053308,-9602210.448796345,-9659210.993089171,-9716274.582375854,-9773399.766803876,-9830585.064709444,-9887828.962102208,-9945129.912150064,-10002486.334664896,-10059896.615590444,-10117359.106493156,-10174872.124057356,-10232433.94958591,-10290042.828507766,-10347696.969893992,-10405394.54598392,-10463133.691723,-10520912.50431466,-10578729.042787936,-10636581.32758334,-10694467.340159332,-10752385.022622151,-10810332.277381863,-10868306.966837645,-10926306.913095796,-10984329.89772406,-11042373.66154614,-11100435.904480752,-11158514.285429608,-11216606.422219416,-11274709.89160308,-11332822.229325889,-11390940.930262849,-11449063.448633676,-11507187.19830285,-11565309.553172128,-11623427.847674036,-11681539.37737521,-11739641.399699124,-11797731.134778736,-11855805.766450044,-11913862.443398708,-11971898.280472668,-12029910.36017465,-12087895.734349735,-12145851.42608415,-12203774.431832708,-12261661.72379393,-12319510.252553042,-12377316.95001493,-12435078.732650612,-933570466.851211,-933603705.9975852,-933636996.717578,-933670344.6163632,-933703755.6240444,-933737236.0096872,-932115462.0998684,-932146856.2274942,-932178304.3083175,-932209812.5093513,-932241387.3268183,-917528261.4037484,-917558204.8471864,-917588299.811915,-917618554.2533374,-917648976.504352,-917798281.4355476,-917827055.6222112,-917856056.0759398,-917885294.131201,-917914781.580264,-917944530.687472,-932748018.8774656,-932784888.31786,-932821911.3427774,-932859098.2907308,-932896460.055578,-930916518.1915385,-930955026.3178152,-930993746.7807152,-931032693.868344,-931071882.63608,-931111328.935802,-915779504.1811072,-915818416.4136004,-915857650.0333028,-915897221.5338084,-915937148.1511508,-915623655.2749968,-915664038.708748,-915704762.2421284,-915745844.0493906,-915787302.8619944,-876748184.2318287,-876689256.0902979,-876629067.4187326,-876567609.2548155,-876504873.7810522,-876440854.4977986,-875023211.1420181,-874963448.7225949,-874902918.6772681,-874841650.4215875,-874779677.6865201,-874346795.8783627,-874290580.4371402,-874234164.6351585,-874177621.3849099,-874121031.4012916,-875317944.6919185,-875271542.9238635,-875225776.8867537,-875180759.5427012,-875136612.2537915,-896544404.7746745,-896526904.612328,-896510790.366382,-896496125.416354,-896482966.7539427,-896471362.7390869,-915563576.0221732,-915559547.5913036,-915557052.5909504,-915556030.1818614,-915556391.71546,-914084714.0106456,-914090535.138201,-914096342.3357778,-914101982.4780416,-914107304.7457376,-917055365.3974544,-917060097.3135954,-916993680.4539924,-917020968.27723,-917041779.307121,-917056414.935118,-917065588.6000156,-916481528.2687511,-916483429.0712328,-916483935.1885164,-916483998.2095696,-916483999.9985256,-915600500.0,0.0
2944.0,-1835508.5776199016,-1875399.259071813,-1915393.013902334,-1955489.9932669709,-1995690.3460723325,-2035994.218929055,-2076401.7561040968,-2116913.099472212,-2157528.3884667,-2198247.760029431,-2239071.348560032,-2279999.2858643825,-2321031.7011021525,-2362168.7207337106,-2403410.468466053,-2444757.065198017,-2486208.6289645294,-2527765.2748800763,-2569427.1150812367,-2611194.258668367,-2653066.811646268,-2695044.8768641218,-2737128.553954248,-2779317.9392701075,-2821613.125823207,-2864014.2032190333,-2906521.257592055,-2949134.371539574,-2991853.624054629,-3034679.0904578427,-3077610.842328096,-3120648.947432224,-3163793.469653469,-3207044.4689189307,-3250402.001125731,-3293866.1180661186,-3337436.8673512605,-3381114.2923339177,-3424898.432029797,-3468789.3210376864,-3512786.989458281,-3556891.4628117275,-3601102.761953765,-3645420.902990607,-3689845.897192355,-3734377.750905013,-3779016.465461138,-3823762.037088901,-3868614.4568198025,-3913573.710394739,-3958639.7781685945,-4003812.635013253,-4049092.250218972,-4094478.5873941537,-4139971.6043633977,-4185571.2530639046,-4231277.479440123,-4277090.223336613,-4323009.41838912,-4369034.991913858,-4415166.864794815,-4461404.951369221,-4507749.159311044,-4554199.389512539,-4600755.535963688,-4647417.485629655,-4694185.118326071,-4741058.306592184,-4788036.91556184,-4835120.802832228,-4882309.818330241,-4929603.804176658,-4977002.594547845,-5024506.015535012,-5072113.885001099,-5119826.01243506,-5167642.198803527,-5215562.236399956,-5263585.908690974,-5311712.99016008,-5359943.246148449,-5408276.432693012,-5456712.296361458,-5505250.574084418,-5553890.992984498,-5602633.2702023,-5651477.112719202,-5700422.217177031,-5749468.269694246,-5798614.945679003,-5847861.909638625,-5897208.814985607,-5946655.303840114,-5996201.006828777,-6045845.5428797975,-6095588.519014264,-6145429.53013362,-6195368.158803199,-6245403.97503169,-6295536.536046569,-6345765.386065358,-6396090.056062585,-6446510.063532464,-6497024.912247101,-6547634.092010276,-6598337.07840658,-6649133.332545946,-6700022.300803359,-6751003.414553837,-6802076.089902399,-6853239.727409133,-6904493.711809107,-6955837.411727116,-7007270.179387314,-7058791.350317319,-7110400.243047102,-7162096.158802267,-7213878.381191842,-7265746.1758903805,-7317698.790314438,-7369735.453293172,-7421855.374733213,-7474057.745277495,-7526341.735958312,-7578706.497844109,-7631151.161680451,-7683674.8375247475,-7736276.614374803,-7788955.5597913405,-7841710.71951413,-7894541.117072096,-7947445.753387044,-8000423.606371293,-8053473.630519018,-8106594.756491507,-8159785.890696267,-8213045.91485996,-8266373.685595542,-8319768.033963362,-8373227.765026391,-8426751.657400018,-8480338.462796064,-8533986.905561656,-8587695.68221279,-8641463.460963115,-8695288.881247947,-8749170.553243987,-8803107.05738492,-8857096.94387338,-8911138.73218959,-8965230.910597213,-9019371.93564677,-9073560.231677292,-9127794.190316774,-9182072.169982038,-9236392.495378714,-9290753.457002228,-9345153.310640484,-9399590.2768793,-9454062.540611582,-9508568.250551224,-9563105.518753074,-9617672.42014018,-9672266.992039682,-9726887.233728947,-9781531.105993466,-9836196.5306984,-9890881.390375525,-9945583.527827837,-10000300.745753735,-10055030.806393504,-10109771.431200292,-10164520.30053868,-10219275.053413527,-10274033.287232395,-10328792.557605004,-10383550.378183208,-10438304.220545648,-10493051.514131015,-10547789.646224791,-10602515.962003805,-10657227.764644291,-10711922.31549866,-10766596.834347015,-10821248.49972962,-10875874.449367397,-10930471.780677294,-10985037.55139067,-11039568.780282542,-11094062.448020918,-11148515.49814542,-11202924.838185282,-11257287.340927538,-11311599.845846867,-11365859.160709284,-11420062.06336268,-11474205.303728344,-11528285.6060081,-11582299.671122888,-11636244.179399911,-11690115.7935261,-11743911.161787072,-11797626.921612304,-11851259.703447888,-11904806.134980513,-11958262.84573706,-12011626.472086435,-932783977.2717412,-932813272.726602,-932842612.5830172,-932872003.0411808,-932901450.650115,-932930962.3221966,-931398285.8144362,-931426233.0787928,-931454248.1465502,-931482338.4224938,-931510511.6746345,-916913583.8309094,-916937508.1933348,-916961604.928695,-916985884.8257632,-917010359.1570542,-917152841.3593092,-917175843.6668788,-917199103.7870843,-917222636.1240946,-917246455.6466148,-917270577.9046892,-932043445.6610326,-932076931.2244464,-932110633.3973576,-932144565.9602672,-932178743.3676492,-930205915.600219,-930240904.7797856,-930276179.0058538,-930311756.2259676,-930347655.27784,-930383895.925244,-915050696.8056326,-915086927.6789744,-915123612.6427528,-915160772.9753923,-915198430.8622556,-914883081.765894,-914922378.4880154,-914962168.8340268,-915002477.0125194,-915043328.1438016,-878360277.6916441,-878297828.2581788,-878233692.7963858,-878167824.0722228,-878100172.7485347,-878030687.2675893,-876514373.0858964,-876441902.692659,-876367752.214324,-876291885.2272544,-876214264.8608205,-875668691.8540857,-875590764.1872542,-875511291.42367,-875430261.9601957,-875347667.4277425,-876283508.9255773,-876203188.1855726,-876121873.9577821,-876039620.7532048,-875956495.1912115,-896944525.4613642,-896886459.8809208,-896829036.7194872,-896772421.15683,-896716795.674107,-896662361.0699421,-915661780.718387,-915615245.5609742,-915571047.9552588,-915529433.4537088,-915490649.7319008,-913874786.1349504,-913861049.8018744,-913849506.6693676,-913840085.7923944,-913832668.1656235,-916766575.6556004,-916764226.2819508,-916633534.9773524,-916672910.5524058,-916704805.4633596,-916728910.9898016,-916745425.0031704,-916166430.7088524,-916171037.919526,-916172538.305582,-916172788.7081534,-916172799.9773592,-915289600.0,0.0
2943.0,-1752491.4237225335,-1791463.2393545182,-1830533.9775124253,-1869703.753483086,-1908972.6798220368,-1948340.8662987773,-1987808.419841135,-2027375.4444788257,-2067042.041286016,-2106808.308323116,-2146674.340577574,-2186640.229903717,-2226706.06496176,-2266871.931155736,-2307137.9105704944,-2347504.0819077264,-2387970.520420952,-2428537.2978494978,-2469204.482351404,-2509972.1384353265,-2550840.3268912733,-2591809.1047203764,-2632878.5250633694,-2674048.637128124,-2715319.4861158654,-2756691.1131463414,-2798163.5551817208,-2839736.844949306,-2881411.0108630448,-2923186.076943699,-2965062.062737827,-3007038.9832354537,-3049116.848786319,-3091295.665014951,-3133575.432734197,-3175956.147857542,-3218437.801309817,-3261020.3789366144,-3303703.861412199,-3346488.224145872,-3389373.4371868726,-3432359.465127742,-3475446.267006045,-3518633.7962045623,-3561922.000349804,-3605310.821208853,-3648800.194584608,-3692390.050209181,-3736080.311635591,-3779870.8961277152,-3823761.714548367,-3867752.671245501,-3911843.663936624,-3956034.583591204,-4000325.314311117,-4044715.733209171,-4089205.710285525,-4133795.1083020833,-4178483.782654734,-4223271.581243526,-4268158.3443405405,-4313143.904455669,-4358228.086199937,-4403410.70614675,-4448691.572690507,-4494070.485903066,-4539547.23738757,-4585121.610129918,-4630793.37834754,-4676562.307335708,-4722428.153311156,-4768390.663252982,-4814449.574740831,-4860604.615790278,-4906855.504685355,-4953201.949808147,-4999643.649465483,-5046180.291712499,-5092811.554173285,-5139537.103858199,-5186356.596978175,-5233269.678755574,-5280275.983231949,-5327375.133072185,-5374566.739365363,-5421850.4014219865,-5469225.706567801,-5516692.229933679,-5564249.534242144,-5611897.169589773,-5659634.673225991,-5707461.569327824,-5755377.368770622,-5803381.568894818,-5851473.653268455,-5899653.091445491,-5947919.338719904,-5996271.83587529,-6044710.008930126,-6093233.268878439,-6141841.01142594,-6190532.616721382,-6239307.449083306,-6288164.856721768,-6337104.17145537,-6386124.70842313,-6435225.765791393,-6484406.624455541,-6533666.547736529,-6583004.781072166,-6632420.55170292,-6681913.068352443,-6731481.520902498,-6781125.080062339,-6830842.897032497,-6880634.103162788,-6930497.809604744,-6980433.106957965,-7030439.064910915,-7080514.731875582,-7130659.134616308,-7180871.277872591,-7231150.143975932,-7281494.69246052,-7331903.859668015,-7382376.558346173,-7432911.677241389,-7483508.080685304,-7534164.608175213,-7584880.073948622,-7635653.266551787,-7686482.948402304,-7737367.855345969,-7788306.696207805,-7839298.1523375455,-7890340.877149547,-7941433.495657341,-7992574.604002999,-8043762.768981532,-8094996.52756043,-8146274.386394693,-8197594.821337555,-8248956.276947274,-8300357.165990274,-8351795.868941005,-8403270.73347902,-8454780.073983574,-8506322.171026414,-8557895.270863216,-8609497.584924303,-8661127.289305273,-8712782.524258256,-8764461.39368473,-8816161.964630399,-8867882.26678356,-8919620.291977422,-8971373.993698003,-9023141.286598226,-9074920.046019996,-9126708.10752536,-9178503.266438212,-9230303.27739831,-9282105.853929214,-9333908.668021971,-9385709.349736756,-9437505.48682431,-9489294.62436971,-9541074.264460873,-9592841.865884524,-9644594.843852188,-9696330.56975985,-9748046.37098382,-9799739.53071694,-9851407.287848508,-9903046.836892022,-9954655.327965116,-10006229.866826097,-10057767.514972243,-10109265.289804632,-10160720.1648656,-10212129.07015437,-10263488.89252733,-10314796.476189695,-10366048.623285748,-10417242.094595237,-10468373.610344158,-10519439.851138469,-10570437.459030043,-10621363.038724614,-10672213.158941949,-10722984.35393962,-10773673.125211684,-10824275.943375,-10874789.25025625,-10925209.4611936,-10975532.967567872,-11025756.13957886,-11075875.329283476,-11125886.87391312,-11175787.099489102,-11225572.32475549,-11275238.865450392,-11324783.038937436,-11374201.169220602,-11423489.592366925,-11472644.66236269,-11521662.757430386,-931914857.4537044,-931939736.2671484,-931964632.2320702,-931989551.2153174,-932014499.4164428,-932039483.3809984,-930582625.5826876,-930606363.19369,-930630154.5862124,-930654007.2585896,-930677929.0588444,-916226544.7125168,-916243058.5964392,-916259720.803368,-916276543.4278896,-916293539.1017766,-916427300.5987228,-916442854.533703,-916458641.617253,-916474677.4668282,-916490978.314548,-916507561.0252832,-931200440.760074,-931228694.1756144,-931257167.6039448,-931285875.8976704,-931314834.6018662,-929364635.5762976,-929394139.8766892,-929423934.8952252,-929454039.3762826,-929484472.942658,-929515256.1316576,-914164002.5835738,-914194561.0241934,-914225624.731384,-914257216.5925144,-914289360.4090676,-913941843.1554004,-913976654.9322656,-914012014.1137608,-914047946.929208,-914084480.777166,-880348831.3903631,-880291399.0564401,-880232143.1946293,-880170990.0642769,-880107861.0768898,-880042672.3868963,-878552220.9156891,-878478327.1907486,-878402133.3139275,-878323539.9824653,-878242441.3978795,-877661546.4934639,-877574104.4765048,-877483920.5823879,-877390874.7614772,-877294839.8967168,-878056651.5782466,-877952016.7318548,-877844338.3151253,-877733509.865645,-877619424.2555839,-898189157.668976,-898083140.7012547,-897975052.6960363,-897864950.3912435,-897752916.528514,-897639065.5143902,-916561217.3399038,-916440809.9304608,-916319963.8591737,-916199092.2677658,-916078694.4322106,-914056531.223285,-913976865.2339126,-913901300.5879683,-913830568.214604,-913765434.9585783,-916608891.7124864,-916565842.5005296,-916266347.024899,-916311890.4627566,-916353068.8002884,-916388115.457664,-916415477.6262314,-915846076.3910664,-915856520.355628,-915860631.3275985,-915861536.6794916,-915861599.7090312,-914978700.0,0.0
2942.0,-1625576.1597588868,-1663515.5137450094,-1701549.3454006622,-1739677.7351340638,-1777900.7601852347,-1816218.494564536,-1854631.0089902463,-1893138.3708251296,-1931740.6440119685,-1970437.8890081355,-2009230.162719149,-2048117.5184310963,-2087100.0057420456,-2126177.6704923864,-2165350.5546939755,-2204618.6964583336,-2243982.1299235104,-2283440.8851799346,-2322994.9881949867,-2362644.460736456,-2402389.3202947234,-2442229.580003728,-2482165.2485606936,-2522196.3301445427,-2562322.824333025,-2602544.7260185294,-2642862.025322539,-2683274.707508736,-2723782.752894699,-2764386.136762184,-2805084.829265985,-2845878.795341319,-2886767.994609714,-2927752.3812834285,-2968831.904068231,-3010006.5060647465,-3051276.124668104,-3092640.691465979,-3134100.1321350834,-3175654.366335804,-3217303.307605281,-3259046.8632487087,-3300884.934228809,-3342817.415053579,-3384844.193662187,-3426965.1513089766,-3469180.1624455946,-3511489.0946012093,-3553891.808260704,-3596388.1567409444,-3638977.986064944,-3681661.1348340088,-3724437.434097714,-3767306.7072217967,-3810268.769753822,-3853323.4292866206,-3896470.485319475,-3939709.7291170135,-3983040.943565674,-4026463.9030279065,-4069978.3731938135,-4113584.110930383,-4157280.864128168,-4201068.371545394,-4244946.362649446,-4288914.557455722,-4332972.666363693,-4377120.38999029,-4421357.419000389,-4465683.433934482,-4510098.105033406,-4554601.092060087,-4599192.044118293,-4643870.599468222,-4688636.385339057,-4733489.017738227,-4778428.101257446,-4823453.228875464,-4868563.981757352,-4913759.929050457,-4959040.627676785,-5004405.622121835,-5049854.444219798,-5095386.612935088,-5141001.634140073,-5186699.000389034,-5232478.190688122,-5278338.67026151,-5324279.890313386,-5370301.287785862,-5416402.28511276,-5462582.289969122,-5508840.695016399,-5555176.877643244,-5601590.199701883,-5648080.007239869,-5694645.630227344,-5741286.3822795125,-5788001.5603744,-5834790.444565766,-5881652.297691179,-5928586.365074965,-5975591.87422629,-6022668.034531946,-6069814.036944043,-6117029.053662436,-6164312.237811744,-6211662.72311304,-6259079.623549978,-6306562.033029518,-6354109.025036886,-6401719.652285004,-6449392.946358153,-6497127.91734984,-6544923.553494896,-6592778.820795612,-6640692.662642094,-6688663.999426527,-6736691.728151552,-6784774.7220325805,-6832911.830094103,-6881101.87675995,-6929343.661437478,-6977635.9580957405,-7025977.5148376245,-7074367.0534659065,-7122803.269043473,-7171284.829447458,-7219810.374917619,-7268378.517598819,-7316987.841077879,-7365636.899914816,-7414324.219168497,-7463048.293917108,-7511807.588773281,-7560600.537394412,-7609425.54198799,-7658280.972812568,-7707165.167674276,-7756076.431419514,-7805013.035423866,-7853973.217077771,-7902955.179269211,-7951957.089864082,-8000977.081184434,-8050013.249485332,-8099063.654430881,-8148126.318569897,-8197199.226812128,-8246280.325905576,-8295367.523915932,-8344458.689708798,-8393551.652435735,-8442644.201025354,-8491734.083680147,-8540819.007380717,-8589896.63739845,-8638964.596818078,-8688020.466071663,-8737061.782485694,-8786086.039842887,-8835090.687960792,-8884073.132289084,-8933030.733527629,-8981960.80726796,-9030860.623660324,-9079727.407109192,-9128558.33599997,-9177350.542460136,-9226101.112157838,-9274807.0841417,-9323465.450725462,-9372073.157421429,-9420627.102927051,-9469124.139169144,-9517561.07141067,-9565934.658425117,-9614241.612744104,-9662478.60098401,-9710642.24425782,-9758729.118679,-9806735.755964098,-9854658.644141937,-9902494.22837706,-9950238.91191606,-9997889.057165494,-10045440.986911165,-10092890.98568854,-10140235.301315114,-10187470.14659584,-10234591.701213691,-10281596.11381778,-10328479.50432238,-10375237.966430947,-10421867.57039981,-10468364.366057253,-10514724.386094386,-10560943.649645053,-10607018.166173052,-10652943.93968575,-10698716.973294193,-10744333.274140725,-10789788.85871622,-10835079.758590074,-10880202.02657696,-10925151.743365789,-10969925.02463695,-930975762.2175448,-930995858.4963776,-931015926.1150842,-931035969.7312536,-931055994.2819836,-931076004.9943576,-929682543.985549,-929701409.492135,-929720287.6320344,-929739184.8864076,-929758108.0273492,-915494036.3036234,-915501902.6435492,-915509844.6430953,-915517873.9229312,-915526002.6312948,-915649367.8516088,-915655960.0130616,-915662700.664257,-915669604.5057154,-915676686.8329976,-915683963.5541172,-930239527.1898355,-930260761.6359468,-930282155.4676092,-930303721.9526588,-930325474.9459224,-928413196.6017984,-928435293.8200476,-928457616.614902,-928480181.4793892,-928503005.6191174,-928526106.9784462,-913144782.494468,-913166431.7223104,-913188543.5309829,-913211138.7994052,-913234239.1021978,-912819597.7343372,-912846173.1732892,-912873232.4282274,-912900797.7621734,-912928892.467685,-882683232.9208326,-882640011.6440583,-882595244.3227779,-882548855.412293,-882500763.6655518,-882450881.6089368,-881138955.5562295,-881078780.2839224,-881016357.3006117,-880951563.958844,-880884267.8351877,-880386600.3919766,-880310291.9005352,-880230941.8387513,-880148369.8085431,-880062380.0531471,-880845108.5406821,-880743497.2377099,-880637758.4026595,-880527636.5331707,-880412854.5047139,-900854395.1525376,-900726005.4730588,-900592386.4086903,-900453239.5908326,-900308247.9438225,-900157075.3081664,-919258764.4873976,-919075266.678958,-918884198.6142538,-918685210.8268392,-918477963.7461138,-915875128.515806,-915673519.8851954,-915466628.3990166,-915254917.5113204,-915039097.8820904,-917586579.8845928,-917380634.7987676,-916469163.4978396,-916401840.6037116,-916337675.298584,-916278656.7648,-916227225.0651232,-915537102.226303,-915544083.4035492,-915548513.6069478,-915550175.4384228,-915550397.2859472,-914667799.9999963,0.0
2941.0,-1455662.078329289,-1492460.5629382972,-1529348.8317059427,-1566326.9316840395,-1603394.9063722864,-1640552.7956512314,-1677800.6357140876,-1715138.458997548,-1752566.2941114972,-1790084.165767572,-1827692.0947066564,-1865390.0976251776,-1903178.187100259,-1941056.3715137253,-1979024.654974826,-2017083.037241812,-2055231.513642264,-2093470.0749920984,-2131798.707513367,-2170217.392750679,-2208726.107486374,-2247324.823654298,-2286013.508252234,-2324792.1232529124,-2363660.6255136165,-2402618.966684428,-2441667.093114824,-2480804.945759048,-2520032.460079666,-2559349.565949883,-2598756.1875540907,-2638252.2432869,-2677837.645650546,-2717512.3011506875,-2757276.110190477,-2797128.9669629666,-2837070.7593417363,-2877101.368769878,-2917220.670147082,-2957428.5317149074,-2997724.814940269,-3038109.3743970464,-3078582.057645632,-3119142.705110761,-3159791.1499571702,-3200527.2179633244,-3241350.727393101,-3282261.488865345,-3323259.3052213443,-3364343.9713901062,-3405515.274251485,-3446772.992497016,-3488116.896488523,-3529546.748114418,-3571062.300643574,-3612663.298576906,-3654349.477496394,-3696120.563911744,-3737976.275104437,-3779916.318969252,-3821940.3938531713,-3864048.188391583,-3906239.381341818,-3948513.6414139327,-3990870.627098652,-4033309.986492485,-4075831.357119928,-4118434.3657526704,-4161118.628225912,-4203883.7492514495,-4246729.322227756,-4289654.929046869,-4332660.13989808,-4375744.513068225,-4418907.594738766,-4462148.918779383,-4505468.006538173,-4548864.366628267,-4592337.494710867,-4635886.873274723,-4679511.971411753,-4723212.244589062,-4766987.134416973,-4810836.068413234,-4854758.459763275,-4898753.707076348,-4942821.194137654,-4986960.289656203,-5031170.347008555,-5075450.703978096,-5119800.682490082,-5164219.588342138,-5208706.710930262,-5253261.322970213,-5297882.680214299,-5342570.021163335,-5387322.566773841,-5432139.520160386,-5477020.066292906,-5521963.371689053,-5566968.58410143,-5612034.832199657,-5657161.225247208,-5702346.852772921,-5747590.784237191,-5792892.068692649,-5838249.734439397,-5883662.788674622,-5929130.21713668,-5974650.983743349,-6020224.030224472,-6065848.275748743,-6111522.616544636,-6157245.925515503,-6203017.051848652,-6248834.820618582,-6294698.032384058,-6340605.462779293,-6386555.8620990105,-6432547.95487749,-6478580.439461488,-6524651.9875771385,-6570761.243890812,-6616906.825563857,-6663087.321801458,-6709301.293395416,-6755547.272261089,-6801823.760968475,-6848129.232267529,-6894462.128607824,-6940820.861652679,-6987203.811787795,-7033609.327624785,-7080035.725499414,-7126481.288965123,-7172944.268281742,-7219422.879899876,-7265915.305941032,-7312419.693674049,-7358934.154987818,-7405456.765861027,-7451985.565829075,-7498518.557448791,-7545053.705761259,-7591588.937753491,-7638122.141819373,-7684651.167220646,-7731173.823548464,-7777687.880186524,-7824191.06577635,-7870681.067685707,-7917155.531481281,-7963612.060406212,-8010048.214864247,-8056461.511911125,-8102849.424754793,-8149209.382266008,-8195538.768500386,-8241834.922233975,-8288095.136513913,-8334316.658225979,-8380496.687681184,-8426632.378223628,-8472720.835861558,-8518759.118924696,-8564744.23774995,-8610673.154398717,-8656542.782408519,-8702349.986582587,-8748091.582820382,-8793764.337993223,-8839364.96986861,-8884890.147087606,-8930336.489199724,-8975700.566760117,-9020978.901494035,-9066167.96653404,-9111264.186735729,-9156263.939077942,-9201163.553154023,-9245959.311761,-9290647.45159389,-9335224.164052907,-9379685.596171722,-9424027.851675546,-9468246.992177932,-9512339.038526287,-9556299.972306192,-9600125.737515248,-9643812.242418071,-9687355.361594282,-9730750.938192258,-9773994.78640196,-9817082.694160886,-9860010.42610787,-9902773.72680023,-9945368.324210498,-9987789.93351979,-10030034.261225488,-10072097.009582017,-10113973.88139398,-10155660.585181994,-10197152.84074228,-10238446.385121794,-10279536.979031771,-10320420.413722988,-10361092.5183472,-929981055.058247,-929996169.8376338,-930011195.624798,-930026135.1539084,-930040991.3564312,-930055767.3676472,-928715579.48447,-928729118.038211,-928742605.753484,-928756047.1903938,-928769447.1071496,-914749159.7453812,-914747500.0740688,-914745797.8631244,-914744062.4624608,-914742303.6750234,-914854065.666034,-914850591.7590764,-914847126.1859148,-914843680.6090589,-914840267.1934007,-914836898.6207188,-929191276.337153,-929204074.5003468,-929216915.0402749,-929229807.2896012,-929242760.9516116,-927381762.6539024,-927394873.9984574,-927408083.17473,-927421401.835588,-927434842.0549632,-927448416.3350072,-912036744.3686154,-912046444.3114076,-912056473.6200668,-912066848.2254888,-912077584.3591212,-911559881.3489327,-911574716.1557596,-911589868.256968,-911605350.4445494,-911621175.8829345,-885285929.5947443,-885264539.4509327,-885242297.1414562,-885219153.940262,-885195056.998053,-885169948.9657345,-884176745.5311847,-884144859.971887,-884111583.9673533,-884076830.546978,-884040505.3201945,-883749317.106497,-883706606.3880087,-883661854.8340514,-883614926.1743234,-883565671.2457392,-884610153.8201361,-884547918.8070655,-884482663.4917442,-884414163.4763318,-884342170.2774235,-905190570.8858944,-905101085.731452,-905006670.3706648,-904906904.4670416,-904801315.6194348,-904689370.6654178,-924537741.6567372,-924389794.2539068,-924232126.212132,-924063703.453104,-923883330.3752148,-921291500.5864196,-921069709.6509856,-920830804.757799,-920572600.5672857,-920292510.9345022,-922625066.8587282,-922291935.71502,-920615375.0131804,-920327699.5051106,-919992569.0702004,-919601806.1253172,-919146812.1170968,-917106901.6976426,-916613725.8969028,-916109071.7521328,-915649651.3616724,-915334448.9995768,-914357012.4343152,0.0
2940.0,-1243784.0585400322,-1279338.8600472398,-1314978.5484258735,-1350703.139376687,-1386512.6447236463,-1422407.0723424526,-1458386.4260879485,-1494450.7057203604,-1530599.9068304496,-1566834.0207634214,-1603153.034541659,-1639556.930786294,-1676045.687637453,-1712619.278673348,-1749277.6728279945,-1786020.8343077498,-1822848.7225064216,-1859761.2919191795,-1896758.4920549588,-1933840.2673475533,-1971006.5570653817,-2008257.2952196824,-2045592.410471395,-2083011.826036498,-2120515.4595898883,-2158103.2231676504,-2195775.023067984,-2233530.7597503234,-2271370.327733008,-2309293.615489329,-2347300.505341872,-2385390.873355193,-2423564.589226856,-2461821.516176629,-2500161.5108340373,-2538584.4231240493,-2577090.0961509766,-2615678.3660805044,-2654349.062019873,-2693102.0058961064,-2731937.0123323505,-2770853.8885221607,-2809852.434101855,-2848932.4410207723,-2888093.6934095058,-2927335.9674459333,-2966659.0312192123,-3006062.6445914884,-3045546.55905745,-3085110.5176015766,-3124754.2545531294,-3164477.49543878,-3204279.9568328247,-3244161.346205116,-3284121.361766311,-3324159.6923108576,-3364276.017057252,-3404470.0054858224,-3444741.3171737976,-3485089.6016278,-3525514.4981134715,-3566015.63548247,-3606592.63199656,-3647245.0951488977,-3687972.621482308,-3728774.7964047072,-3769651.194001421,-3810601.376844488,-3851624.895798833,-3892721.289825239,-3933890.08578008,-3975130.7982118623,-4016442.929154313,-4057825.967916126,-4099279.390867236,-4140802.6612216383,-4182395.2288165153,-4224056.529887872,-4265785.986842347,-4307583.008025372,-4349446.987485439,-4391377.304734524,-4433373.324504561,-4475434.396499911,-4517559.8551456975,-4559749.019332079,-4602001.192154286,-4644315.660648323,-4686691.695522422,-4729128.550883973,-4771625.4639621,-4814181.654825545,-4856796.32609606,-4899468.662656966,-4942197.831357096,-4984982.980709819,-5027823.240587136,-5070717.721908904,-5113665.516326909,-5156665.695903914,-5199717.312787458,-5242819.398878446,-5285970.965494425,-5329171.00302745,-5372418.480596509,-5415712.345694469,-5459051.523829432,-5502434.918160398,-5545861.409127373,-5589329.854075577,-5632839.086873945,-5676387.917527836,-5719975.131785627,-5763599.490739665,-5807259.730421007,-5850954.561388284,-5894682.668310484,-5938442.709543662,-5982233.316701625,-6026053.094220493,-6069900.618917208,-6113774.439541943,-6157673.076324426,-6201595.020514291,-6245538.733915338,-6289502.648413971,-6333485.165501576,-6377484.655791169,-6421499.458528305,-6465527.881096345,-6509568.19851617,-6553618.652940558,-6597677.453143282,-6641742.774003275,-6685812.755983774,-6729885.504607027,-6773959.089924474,-6818031.545982944,-6862100.870286991,-6906165.023257846,-6950221.927689234,-6994269.468200592,-7038305.490688084,-7082327.801773833,-7126334.168254018,-7170322.316546477,-7214289.932138205,-7258234.659033737,-7302154.09920495,-7346045.812043272,-7389907.313815022,-7433736.077120976,-7477529.530361135,-7521285.057205731,-7564999.996073882,-7608671.639620945,-7652297.234236177,-7695873.979552053,-7739399.027966842,-7782869.484182408,-7826282.40475873,-7869634.797687415,-7912923.621986233,-7956145.787316879,-7999298.15362856,-8042377.530829908,-8085380.678492006,-8128304.305585556,-8171145.0702553475,-8213899.5796354115,-8256564.389708463,-8299136.005213493,-8341610.879605627,-8383985.41507265,-8426255.962612696,-8468418.822178224,-8510470.242891414,-8552406.423336586,-8594223.511935528,-8635917.607412037,-8677484.759352311,-8718920.968868183,-8760222.189370753,-8801384.32746214,-8842403.24395385,-8883274.755020427,-8923994.633497773,-8964558.610335937,-9004962.376216501,-9045201.583345767,-9085271.847434934,-9125168.749879306,-9164887.840149311,-9204424.638406366,-9243774.638357636,-9282933.310364064,-9321896.104816929,-9360658.455798738,-9399215.785044923,-9437563.506223569,-9475697.029550878,-9513611.766761122,-9551303.136449784,-9588766.569810096,-9625997.51678289,-9662991.452640964,-9699743.885029083,-928946242.8009852,-928956390.5045676,-928966380.4316012,-928976212.9263276,-928985888.431019,-928995407.4880404,-927701841.1227406,-927709892.1476828,-927717814.6475384,-927725610.702005,-927733282.480154,-914029656.2382392,-914018141.0715182,-914006429.7210196,-913994527.7105842,-913982440.8851528,-914081946.3816684,-914067937.4928558,-914053754.1810362,-914039403.2688928,-914024891.9240202,-914010227.6685252,-928094431.7836074,-928098019.4363157,-928101494.8349136,-928104861.9021564,-928108124.6560372,-926308635.6022502,-926311797.7831308,-926314886.3372512,-926317906.5026076,-926320863.592966,-926323762.9828892,-910901411.0458876,-910896774.8240168,-910892261.024966,-910887879.2468164,-910883638.9840424,-910230070.7724608,-910230466.1004196,-910230953.7546256,-910231535.1917408,-910232211.3073422,-888041952.7146202,-888046228.0101281,-888050618.0253204,-888055121.925335,-888059738.0984434,-888064464.1099058,-887473363.1760446,-887478573.7733679,-887483826.480057,-887489114.8759328,-887494431.9552276,-887488830.9540262,-887494654.676387,-887500419.7844731,-887506121.3260723,-887511754.373007,-888991955.6777729,-888995688.3624494,-888999417.2064705,-889003143.6932027,-889006869.87593,-910716693.9749908,-910722784.5676312,-910728832.7587163,-910734838.4613066,-910740801.985896,-910746724.166064,-931884348.0769756,-931891005.9582835,-931897644.6610692,-931904270.8271624,-931910893.0579432,-930422562.081202,-930429905.7740272,-930437312.8517752,-930444806.2288214,-930452414.5026956,-933249252.0422428,-933257357.7812552,-932428546.198928,-932588336.710294,-932743384.8397022,-932890244.5401454,-933024515.1159225,-933257925.8661886,-933353605.7641296,-933422297.3437104,-933465464.162223,-933493911.6295484,-932611506.5503868,0.0
2939.0,-991106.2647339068,-1025320.5158925653,-1059614.5966987554,-1093988.4939345894,-1128442.1902448705,-1162975.6640624749,-1197588.889532596,-1232281.8364358032,-1267054.470109929,-1301906.751370669,-1336838.63643107,-1371850.0768196303,-1406941.0192972524,-1442111.4057727708,-1477361.1732173013,-1512690.2535771402,-1548098.5736854058,-1583586.0551722078,-1619152.614373533,-1654798.1622385597,-1690522.6042356538,-1726325.8402568866,-1762207.7645209748,-1798168.2654748084,-1834207.225693356,-1870324.5217780808,-1906520.024253724,-1942793.5974634765,-1979145.0994625296,-2015574.3819099544,-2052081.2899588663,-2088665.6621449152,-2125327.330272967,-2162066.119302066,-2198881.84722857,-2235774.3249674225,-2272743.3562316177,-2309788.737409723,-2346910.2574414834,-2384107.697691519,-2421380.8318209453,-2458729.4256570525,-2496153.2370608505,-2533652.01579265,-2571225.503375355,-2608873.43295574,-2646595.52916346,-2684391.507967838,-2722261.0765324347,-2760203.933067196,-2798219.7666784376,-2836308.2572162747,-2874469.075119728,-2912701.881259362,-2951006.326777354,-2989382.052925135,-3027828.690898331,-3066345.86166915,-3104933.175816057,-3143590.233350764,-3182316.6235424285,-3221111.924739038,-3259975.704185977,-3298907.517841677,-3337906.910190268,-3376973.414051336,-3416106.5503864805,-3455305.828102927,-3494570.743853873,-3533900.7818356585,-3573295.4135817257,-3612754.0977532095,-3652276.279926162,-3691861.3923754,-3731508.853854801,-3771218.069374182,-3810988.429972402,-3850819.3124869945,-3890710.0793199698,-3930660.0781999,-3970668.641940096,-4010735.088193005,-4050858.7192005496,-4091038.821540455,-4131274.66586855,-4171565.506656829,-4211910.581927373,-4252309.112981947,-4292760.304127246,-4333263.342395725,-4373817.397261968,-4414421.620354505,-4455075.145162955,-4495777.086740533,-4536526.541401777,-4577322.586415488,-4618164.279692698,-4659050.659469743,-4699980.743986284,-4740953.531158233,-4781967.998245476,-4823023.101514428,-4864117.775895212,-4905250.934633548,-4946421.468937149,-4987628.247616652,-5028870.116721036,-5070145.899167274,-5111454.394364568,-5152794.377832571,-5194164.60081405,-5235563.789881606,-5276990.646538496,-5318443.846813681,-5359922.040850688,-5401423.852490662,-5442947.878849275,-5484492.689887684,-5526056.82797722,-5567638.8074582685,-5609237.114192737,-5650850.205110736,-5692476.507750854,-5734114.419794639,-5775762.308594846,-5817418.510697741,-5859081.331359444,-5900749.044056353,-5942419.889989689,-5984092.0775844045,-6025763.781982353,-6067433.144529937,-6109098.2722604,-6150757.237370871,-6192408.076694383,-6234048.79116689,-6275677.34528982,-6317291.666588131,-6358889.645064281,-6400469.132648295,-6442027.942644505,-6483563.849175012,-6525074.586620538,-6566557.849058983,-6608011.289702158,-6649432.520331317,-6690819.110731965,-6732168.588128664,-6773478.436620366,-6814746.096617222,-6855968.964279471,-6897144.390959368,-6938269.682647079,-6979342.099421559,-7020358.854907423,-7061317.115739105,-7102214.001033425,-7143046.581872091,-7183811.880795367,-7224506.871308723,-7265128.477403931,-7305673.573096544,-7346138.981981608,-7386521.476809708,-7426817.779085549,-7467024.558691461,-7507138.433538221,-7547155.969246138,-7587073.678858982,-7626888.022594057,-7666595.407631547,-7706192.187946695,-7745674.664188506,-7785039.083608799,-7824281.640046104,-7863398.473968454,-7902385.672580175,-7941239.269997423,-7979955.247497996,-8018529.533850929,-8056958.005731894,-8095236.488230813,-8133360.755458206,-8171326.531257548,-8209129.490030984,-8246765.2576862415,-8284229.41271328,-8321517.487399158,-8358624.969190495,-8395547.302213218,-8432279.888959745,-8468818.092154214,-8505157.236807102,-8541292.612470869,-8577219.47570884,-8612933.052790143,-8648428.542624142,-8683701.119948065,-8718745.938782306,-8753558.136168428,-8788132.83620519,-8822465.154398678,-8856550.202342907,-8890383.092747772,-8923958.944831684,-8957272.890096448,-8990320.078502323,-927887259.3034356,-927892694.7404848,-927897902.5000224,-927902880.367174,-927907626.1226448,-927912137.5405706,-926662751.9905528,-926665502.346562,-926668042.376606,-926670371.5367256,-926672489.2690376,-913375521.9760828,-913354518.3177304,-913333145.6397208,-913311404.5670615,-913289295.8726916,-913376355.9606168,-913352150.3454884,-913327565.030352,-913302600.7987578,-913277258.575688,-913251539.4308052,-926992639.939838,-926987069.0775888,-926981219.6944284,-926975090.0441828,-926968678.2153996,-925237507.0961704,-925230570.745091,-925223371.4861556,-925215907.856738,-925208178.1601688,-925200180.4337888,-909815134.4153792,-909794835.1998332,-909774401.6999671,-909753837.3895566,-909733145.4213816,-908918003.4575636,-908902412.0963336,-908886682.7029845,-908870808.7674062,-908854782.5483444,-890820038.3488023,-890848565.1770157,-890878192.2298858,-890908971.5347884,-890940957.9697977,-890974209.5380386,-890781038.7676969,-890822631.1067481,-890865766.5393475,-890910523.5822569,-890956986.8468931,-891234315.2375743,-891289003.8707238,-891345683.1179254,-891404479.1177862,-891465530.5734423,-893395671.186785,-893465938.4775381,-893539260.4928254,-893615861.681826,-893695991.4982206,-916284349.2054688,-916387037.3107556,-916494591.3027784,-916607432.722502,-916726036.4257908,-916850939.6179914,-939293959.5829238,-939456688.600114,-939629149.0448627,-939812394.6900032,-940007645.899964,-939653152.1221672,-939891889.0432668,-940147985.5298704,-940423684.6703084,-940721641.7955014,-943993596.135694,-944346024.2163796,-944288148.2539876,-944901751.5743104,-945555603.4424808,-946251565.426149,-946989967.1815217,-949589347.7382866,-950290551.238445,-950946085.2393304,-951493201.5093266,-951841673.6676642,-951060283.6091499,0.0
2938.0,-698915.2961152764,-731698.3750239685,-764556.1087033749,-797488.457814754,-830495.3786892211,-863576.8232513731,-896732.7389416704,-929963.0686376224,-963267.7505738308,-996646.7182607112,-1030099.9004020832,-1063627.220811339,-1097228.5983264986,-1130903.9467238206,-1164653.1746301716,-1198476.1854339726,-1232372.877194901,-1266343.14255206,-1300386.8686308358,-1334503.9369482703,-1368694.2233170187,-1402957.597747828,-1437293.9243504405,-1471703.0612331312,-1506184.860400496,-1540739.167649838,-1575365.8224658864,-1610064.6579138767,-1644835.500531016,-1679678.170216309,-1714592.480118596,-1749578.236522935,-1784635.238735224,-1819763.278965014,-1854962.142206531,-1890231.6061179023,-1925571.4408984203,-1960981.409163991,-1996461.2658206588,-2032010.757936121,-2067629.624609287,-2103317.5968378447,-2139074.397383708,-2174899.74063646,-2210793.332474583,-2246754.8701246977,-2282784.04201841,-2318880.527647093,-2355043.9974143635,-2391274.112486247,-2427570.524639057,-2463932.8761048736,-2500360.7994146086,-2536853.917238691,-2573411.842225182,-2610034.176835454,-2646720.513177206,-2683470.4328350155,-2720283.5066980505,-2757159.294785336,-2794097.3460680293,-2831097.198289127,-2868158.377780204,-2905280.3992754025,-2942462.7657223977,-2979704.9680904904,-3017006.485175634,-3054366.7834024187,-3091785.316622968,-3129261.525912646,-3166794.839362557,-3204384.671868827,-3242030.4249185324,-3279731.486372255,-3317487.230243221,-3355297.016473015,-3393160.19070369,-3431076.0840463247,-3469044.0128459176,-3507063.278442617,-3545133.166929147,-3583252.948904407,-3621421.879223257,-3659639.1967422217,-3697904.124061376,-3736215.867261992,-3774573.6156401504,-3812976.541436129,-3851423.799559549,-3889914.527310157,-3928447.844094265,-3967022.851136717,-4005638.631188321,-4044294.248228706,-4082988.747164534,-4121721.1535229553,-4160490.473140306,-4199295.691845953,-4238135.775141173,-4277009.667873068,-4315916.293903411,-4354854.555772414,-4393823.334357169,-4432821.488524975,-4471847.854781289,-4510901.246912196,-4549980.455621604,-4589084.248162741,-4628211.3679641895,-4667360.534250198,-4706530.441655403,-4745719.7598336525,-4784927.133061202,-4824151.179833868,-4863390.492458369,-4902643.636637782,-4941909.15105081,-4981185.546925245,-5020471.307605207,-5059764.888112312,-5099064.714700829,-5138369.184406583,-5177676.664589732,-5216985.4924714975,-5256293.974664612,-5295600.386697689,-5334902.972533517,-5374199.944081223,-5413489.480702365,-5452769.728711111,-5492038.800868435,-5531294.775870454,-5570535.697831026,-5609759.575758683,-5648964.383028027,-5688148.056845773,-5727308.497711488,-5766443.568873335,-5805551.095778979,-5844628.865521807,-5883674.6262828745,-5922686.086768657,-5961660.915645147,-6000596.74096838,-6039491.149612006,-6078341.686692169,-6117145.85499019,-6155901.114373518,-6194604.881215561,-6233254.527814872,-6271847.381814422,-6310380.725621567,-6348851.795829529,-6387257.782641081,-6425595.829295531,-6463863.031499636,-6502056.43686372,-6540173.044343956,-6578209.803692065,-6616163.614913592,-6654031.327736285,-6691809.741089799,-6729495.602598572,-6767085.608089294,-6804576.401115008,-6841964.572497484,-6879246.659890246,-6916419.147364192,-6953478.465018302,-6990420.988617868,-7027243.039263008,-7063940.8830902055,-7100510.731010001,-7136948.738484054,-7173251.005344987,-7209413.575662691,-7245432.437660953,-7281303.523688608,-7317022.710249488,-7352585.81809582,-7387988.612390145,-7423226.802940709,-7458296.044515979,-7493191.937244112,-7527910.027103422,-7562445.806510401,-7596794.715012014,-7630952.140089612,-7664913.418081835,-7698673.83523459,-7732228.628886368,-7765572.988797663,-7798702.058633577,-7831610.937609299,-7864294.682308359,-7896748.308684025,-7928966.794254821,-7960945.080505274,-7992678.075503673,-8024160.656748835,-8055387.674258383,-8086353.95391139,-8117054.301058452,-8147483.504412825,-8177636.340236179,-8207507.576833081,-8237091.979368176,-926819660.466662,-926820882.6643836,-926821813.8576932,-926822449.4073716,-926822784.5775436,-926822814.5302548,-925619577.3998556,-925617573.2112194,-925615283.2431726,-925612704.5904372,-925609834.2553992,-912825985.5690392,-912796635.670725,-912766745.2540368,-912736309.6383568,-912705324.0994644,-912779974.6097144,-912746805.1258982,-912713052.9660488,-912678712.4840713,-912643777.9524533,-912608243.5583496,-925930228.8312166,-925916432.5401976,-925902207.2759842,-925887546.5659504,-925872443.5940928,-924213751.3436662,-924197473.0026324,-924180752.5876952,-924163582.8566464,-924145956.1299047,-924127864.2529918,-908863732.2119236,-908827822.1562304,-908791496.3092624,-908754752.9185954,-908717589.966273,-907726249.5848252,-907694372.8070464,-907662153.3003048,-907629583.3507092,-907596654.0983328,-893501468.4789618,-893547469.4130986,-893595284.5402937,-893645005.4261204,-893696728.9346684,-893750557.6502566,-893859748.7885114,-893926880.6021047,-893996576.3917935,-894068963.9769851,-894144179.5523901,-894612581.7839917,-894701067.1100452,-894792738.899736,-894887769.142212,-894986343.7006044,-897216183.283288,-897326661.0574071,-897441426.5546952,-897560726.7101848,-897684829.4879775,-920714560.3727152,-920857966.4011024,-921006502.2657548,-921160458.1355028,-921320143.1908202,-921485886.2148516,-944706230.0013947,-944905975.987482,-945113151.927076,-945328101.38502,-945551158.7691096,-945246276.4951676,-945463847.2208622,-945686425.385125,-945913515.9459395,-946144365.6789896,-949203129.4282976,-949422905.323386,-948269171.1120956,-948657261.6397644,-949039117.5664408,-949408127.5656112,-949755548.6884106,-951015635.1605254,-951246309.4305112,-951432028.0813254,-951556786.9743142,-951611011.5693138,-950736785.7578511,0.0
2937.0,-368612.8489919035,-399880.6247916548,-431217.8030995308,-462624.321553058,-494100.1133367652,-525645.1071052346,-557259.2269050265,-588942.3920952892,-620694.5172673771,-652515.5121630728,-684405.2815916892,-716363.7253458481,-748390.738116012,-780486.2094037738,-812650.0234337319,-844882.0590641135,-877182.1896960279,-909550.2831813795,-941986.2017293274,-974489.8018113532,-1007060.9340649432,-1039699.4431957464,-1072405.167878339,-1105177.9406553973,-1138017.58783538,-1170923.9293887448,-1203896.7788424687,-1236935.943173031,-1270041.222697881,-1303212.410965018,-1336449.2946412163,-1369751.653398267,-1403119.2597977417,-1436551.8791738153,-1470049.269514514,-1503611.181340945,-1537237.3575849151,-1570927.5334645817,-1604681.4363582153,-1638498.7856760826,-1672379.292730433,-1706322.660603433,-1740328.5840131342,-1774396.74917747,-1808526.83367608,-1842718.506310123,-1876971.4269599523,-1911285.246440612,-1945659.6063551505,-1980094.1389457013,-2014588.466942337,-2049142.2034096075,-2083754.951590652,-2118426.3047491824,-2153155.8460087776,-2187943.1481899507,-2222787.773644631,-2257689.274088132,-2292647.190428633,-2327661.052593955,-2362730.3793558115,-2397854.6781512527,-2433033.444901528,-2468266.163828045,-2503552.307265612,-2538891.3354728417,-2574282.6964395447,-2609725.8256912846,-2645220.14609094,-2680765.067637152,-2716359.987259737,-2752004.288612023,-2787697.3418598743,-2823438.503467608,-2859227.115980524,-2895062.5078042187,-2930943.9929803563,-2966870.8709591767,-3002842.426368345,-3038857.9287783746,-3074916.632464376,-3111017.7761641424,-3147160.5828325897,-3183344.2593923416,-3219567.99648049,-3255830.968191535,-3292132.3318162607,-3328471.2275766702,-3364846.7783568185,-3401258.0894295312,-3437704.2481789067,-3474184.323818468,-3510697.367105173,-3547242.410048835,-3583818.465617218,-3620424.5274365135,-3657059.5694872886,-3693722.545795717,-3730412.3901201375,-3767128.0156327793,-3803868.3145966064,-3840632.158037293,-3877418.39541013,-3914225.854261872,-3951053.3398875343,-3987899.634981769,-4024763.499285242,-4061643.669225455,-4098538.857552199,-4135447.752967645,-4172369.019750682,-4209301.297375841,-4246243.200126454,-4283193.316702047,-4320150.209819986,-4357112.415811228,-4394078.4442102015,-4431046.777338663,-4468015.869883532,-4504984.148468663,-4541950.011220521,-4578911.827327596,-4615867.936593726,-4652816.64898509,-4689756.244170904,-4726684.9710579645,-4763601.047318645,-4800502.658912741,-4837387.95960287,-4874255.070463603,-4911102.079384079,-4947927.040564574,-4984727.974006529,-5021502.864996412,-5058249.663583403,-5094966.284050845,-5131650.604381639,-5168300.465717678,-5204913.671813352,-5241487.988483223,-5278021.143044166,-5314510.82375193,-5350954.679232433,-5387350.317907894,-5423695.307418092,-5459987.174036964,-5496223.402084848,-5532401.433336573,-5568518.666425894,-5604572.456246451,-5640560.113349796,-5676478.903340913,-5712326.046271591,-5748098.716032296,-5783794.039743144,-5819409.097144372,-5854940.919987313,-5890386.491426318,-5925742.745412478,-5961006.566090209,-5996174.787197281,-6031244.191469536,-6066211.510051338,-6101073.421912715,-6135826.553274734,-6170467.477044113,-6204992.712258825,-6239398.723545872,-6273681.920593251,-6307838.657637475,-6341865.232968851,-6375757.888456333,-6409512.809094071,-6443126.122572149,-6476593.898873644,-6509912.14990084,-6543076.829133203,-6576083.831320154,-6608928.99221164,-6641608.088329943,-6674116.836786061,-6706450.895144542,-6738605.86134062,-6770577.273653781,-6802360.610742252,-6833951.291742953,-6865344.67644187,-6896536.065520043,-6927520.700880444,-6958293.766061636,-6988850.386744164,-7019185.631355824,-7049294.511782589,-7079171.98419195,-7108812.9499759525,-7138212.256821264,-7167364.699914373,-7196265.023289617,-7224907.9213287905,-7253288.04042084,-7281399.980790606,-7309238.298505872,-7336797.507672127,-7364072.082824707,-7391056.461528109,-7417745.047192479,-7444132.212117199,-925757804.220561,-925755536.2207092,-925752927.5784032,-925749971.6330638,-925746661.5561248,-925742990.3437364,-924591906.0083416,-924586021.7928675,-924579791.8875142,-924573211.6045276,-924566276.1231674,-912416138.4676712,-912380351.6162742,-912343876.1877892,-912306702.5482426,-912268820.837152,-912330990.244795,-912290967.796248,-912250188.2148076,-912208639.9354926,-912166311.1007272,-912123189.549108,-924947679.936368,-924927389.5784802,-924906558.6298168,-924885177.6826818,-924863236.925981,-923280196.3278242,-923256210.2322536,-923231638.17223,-923206468.8865628,-923180690.606344,-923154291.0240328,-908135037.642346,-908085163.0773014,-908034590.9137346,-907983314.5280414,-907931327.2508548,-906765224.8253012,-906718012.1005244,-906670269.785342,-906621994.3031762,-906573181.7946452,-896009490.2303202,-896062323.052282,-896117179.3958855,-896174162.9621309,-896233383.2422044,-896294955.887215,-896545824.7981291,-896620466.1900973,-896697858.8081058,-896778128.5651523,-896861407.3178606,-897364932.3364748,-897462356.7761312,-897562950.7474395,-897666837.4130975,-897774144.2801042,-900075304.3279983,-900187531.2811866,-900303179.1050313,-900422340.934338,-900545106.8826437,-923461768.8937927,-923583682.1308836,-923707424.5776726,-923832907.5607412,-923960013.992499,-924088592.7417976,-947506693.9708602,-947642213.6099812,-947777623.8461232,-947912460.1681764,-948046169.5886092,-947161054.100418,-947250936.543883,-947335745.4949632,-947414732.2369732,-947487115.541604,-950238364.912272,-950286194.5868036,-947934666.3805208,-948207324.9548942,-948490812.1260668,-948785607.0282972,-949090902.3443152,-950283857.2489648,-950594365.5130556,-950884783.4473282,-951122220.0102844,-951262113.0585186,-950412943.6004105,0.0
2936.0,-1707.9546955777332,-31382.98108349648,-61122.11818216927,-90925.28393331917,-120792.39177339524,-150723.35055748653,-180718.0644818917,-210776.4330057446,-240898.3507713648,-271083.7075233953,-301332.38802685216,-331644.2719839085,-362019.23394941166,-392457.1432451783,-422957.86387308873,-453521.2544267392,-484147.1680019535,-514835.4521058919,-545585.9485648116,-576398.4934304701,-607272.916885158,-638209.0431453679,-669206.690363965,-700265.6705309367,-731385.7893727105,-762566.8462499864,-793808.6340540117,-825110.9391013756,-856473.5410272013,-887896.2126768576,-919378.7199959503,-950920.821918778,-982522.2702551576,-1014182.8095754712,-1045902.1770941522,-1077680.1025513671,-1109516.3080930049,-1141410.5081488192,-1173362.4093089262,-1205371.710198286,-1237438.1013495035,-1269561.2650736794,-1301740.8753293157,-1333976.5975894164,-1366268.0887065155,-1398614.996775724,-1431016.9609958688,-1463473.6115284031,-1495984.5693544494,-1528549.446129527,-1561167.8440362914,-1593839.3556350302,-1626563.5637119692,-1659340.041125331,-1692168.3506491473,-1725048.0448147273,-1757978.6657498395,-1790959.745015429,-1823990.803440064,-1857071.3509517715,-1890200.8864075271,-1923378.8974201167,-1956604.860182512,-1989878.2392896253,-2023198.487557414,-2056565.0458392848,-2089977.3428398727,-2123434.794925916,-2156936.8059344767,-2190482.766978184,-2224072.0562477056,-2257704.0388111686,-2291378.0664107297,-2325093.477255989,-2358849.595814435,-2392645.732598737,-2426481.1839508303,-2460355.2318228697,-2494267.1435548617,-2528216.171648938,-2562201.553540387,-2596222.511365188,-2630278.251724017,-2664367.9654428493,-2698490.827329913,-2732645.995928999,-2766832.6132690925,-2801049.8046102626,-2835296.678185744,-2869572.324940132,-2903875.8182636406,-2938206.213722418,-2972562.5487847626,-3006943.842543264,-3041349.0954326857,-3075777.288943744,-3110227.3853324205,-3144698.327325022,-3179189.0378187047,-3213698.4195775893,-3248225.354924147,-3282768.705426083,-3317327.3115784405,-3351899.9924808145,-3386485.545509915,-3421082.7459869,-3455690.346840009,-3490307.078261786,-3524931.6473614424,-3559562.7378117107,-3594199.009490543,-3628839.0981173655,-3663481.6148838345,-3698125.146079076,-3732768.252709222,-3767409.470111352,-3802047.307561548,-3836680.247877083,-3871306.747012709,-3905925.233650922,-3940534.108786038,-3975131.7453022,-4009716.48754501,-4044286.6508869873,-4078840.521286384,-4113376.354839762,-4147892.37732786,-4182386.7837548926,-4216857.737881117,-4251303.371748744,-4285721.785200886,-4320111.045393741,-4354469.186301809,-4388794.2082160935,-4423084.077235291,-4457336.724749968,-4491550.046919466,-4525721.904141875,-4559850.12051663,-4593932.483300081,-4627966.74235378,-4661950.609585592,-4695881.758383655,-4729757.823043106,-4763576.398185707,-4797335.038172349,-4831031.256508592,-4864662.525243079,-4898226.274359172,-4931719.891159812,-4965140.719645618,-4998486.0598865,-5031753.167386883,-5064939.2524447935,-5098041.47950483,-5131056.966505492,-5163982.784220951,-5196815.95559759,-5229553.455085674,-5262192.207966469,-5294729.089675212,-5327160.925120309,-5359484.487999343,-5391696.500112275,-5423793.630672488,-5455772.495616293,-5487629.656911387,-5519361.621865328,-5550964.842434388,-5582435.7145340135,-5613770.577351483,-5644965.712662021,-5676017.344149189,-5706921.636730874,-5737674.695892018,-5768272.567025369,-5798711.234781728,-5828986.622431198,-5859094.591236949,-5889030.9398433855,-5918791.403680341,-5948371.654385479,-5977767.299246747,-6006973.880667337,-6035986.875655301,-6064801.695340368,-6093413.684520704,-6121818.121242245,-6150010.216413604,-6177985.1134598125,-6205737.888017856,-6233263.547677787,-6260557.031772817,-6287613.211222273,-6314426.888431403,-6340992.797252161,-6367305.603009364,-6393359.902596647,-6419150.224647069,-6444671.029783117,-6469916.710951191,-6494881.593845801,-6519559.93742881,-6543945.934549138,-6568033.712668624,-6591817.334699695,-6615290.79996053,-924714091.7177064,-924709238.3644676,-924704014.1421592,-924698410.9698822,-924692420.554612,-924686034.38359,-923596258.6961116,-923587629.015782,-923578615.900882,-923569213.6314024,-923559416.3547708,-912173589.0414414,-912133939.4041471,-912093497.101178,-912052248.6377884,-912010180.1464328,-912059344.2463936,-912015331.7221864,-911970439.9949268,-911924652.951759,-911877954.0196654,-911830326.1475824,-924077497.259741,-924053042.4554224,-924027988.5629456,-924002325.336194,-923976042.1775082,-922472896.4177208,-922443571.564723,-922413570.923511,-922382881.338604,-922351489.188658,-922319380.3694196,-907709791.0849584,-907649285.237826,-907587828.0126904,-907525407.1843052,-907462010.6142216,-906145250.4352862,-906085039.4438784,-906024098.7627258,-905962428.2953608,-905900028.7149358,-898330164.031545,-898378230.4513667,-898427933.9118466,-898479357.284971,-898532587.7580019,-898587717.0389137,-898803053.741616,-898865521.6606225,-898930045.8907152,-898996709.7689352,-899065598.6115743,-899429733.8688408,-899509946.0865239,-899592358.7043947,-899677015.2266694,-899763954.080245,-901941484.3775334,-902022681.5076916,-902105511.7893146,-902189929.5827724,-902275872.3519396,-924725244.3291398,-924799402.1883992,-924872610.723524,-924944660.9107575,-925015322.3819556,-925084342.3923644,-948425759.4061464,-948486633.1511114,-948544413.6573634,-948598800.8792038,-948649490.5984044,-947343405.4340842,-947366982.0948184,-947386964.4046133,-947403481.996629,-947416730.6857474,-950074407.3679682,-950080051.0556678,-946758924.5454692,-947038155.2917207,-947341230.3761588,-947670721.229663,-948028671.142424,-949296327.1239066,-949708679.6237968,-950133795.7872728,-950538358.6605356,-950848906.1113628,-950086353.7408674,0.0
2935.0,400191.1430385383,372179.4849897465,344109.0124616148,315979.82371974736,287792.0215171976,259545.7131685838,231241.0106254248,202878.0305524813,174456.89440524855,145977.72850851808,117440.66413616017,88845.83759194333,60193.3902916247,31483.46884614136,2716.2251461064443,-26108.18355260976,-54989.594541959465,-83927.83957360592,-112922.74476950524,-141974.1305312477,-171081.81144803762,-200245.5962033709,-229465.28748048656,-258740.68186620905,-288071.5697536906,-317457.7352435524,-346898.9560437286,-376395.0033678394,-405945.6418320341,-435550.62935055606,-465209.71702957153,-494922.6490596468,-524689.16260665,-554508.9877010342,-584381.8471256439,-614307.4563018242,-644285.5231739655,-674315.7480923515,-704397.8236944061,-734531.4347841674,-764716.2582101077,-794951.9627411924,-825238.2089411216,-855574.6490408769,-885960.9268093994,-916396.6774223866,-946881.5273293378,-977415.0941185514,-1007996.9863803677,-1038626.8035683353,-1069304.1358584743,-1100028.5640064797,-1130799.659202979,-1161616.9829266686,-1192480.0867953226,-1223388.5124148168,-1254341.7912258506,-1285339.444348612,-1316380.9824251223,-1347465.9054594943,-1378593.7026556954,-1409763.8522532417,-1440975.8213603338,-1472229.0657848148,-1503523.029862551,-1534857.1462834813,-1566230.8359151185,-1597643.5076236008,-1629094.5580921192,-1660583.3716367874,-1692109.320019898,-1723671.7622604675,-1755270.0444421433,-1786903.499518243,-1818571.447114132,-1850273.1933267163,-1882008.030521032,-1913775.237123943,-1945574.0774148784,-1977403.8013135728,-2009263.644164716,-2041152.8265195163,-2073070.553914148,-2105016.016644938,-2136988.3895403417,-2168986.8317296244,-2201010.486408181,-2233058.4805994136,-2265129.9249132155,-2297223.9133009044,-2329339.522806558,-2361475.813314772,-2393631.827294712,-2425806.589540381,-2457999.106907112,-2490208.368044206,-2522433.343123544,-2554672.983564316,-2586926.221753592,-2619191.9707627306,-2651469.124059724,-2683756.555217039,-2716053.117615332,-2748357.6441424927,-2780668.946888468,-2812985.8168351706,-2845307.0235419897,-2877631.314826416,-2909957.416439836,-2942284.0317384508,-2974609.841349137,-3006933.502830281,-3039253.6503272783,-3071568.894222917,-3103877.820782213,-3136178.991791901,-3168470.9441942414,-3200752.1897151032,-3233021.2144864304,-3265276.4786625924,-3297516.416030812,-3329739.433615436,-3361943.9112760285,-3394128.2012989363,-3426290.6279825307,-3458429.4872157,-3490543.046049641,-3522629.5422628624,-3554687.183918963,-3586714.14891751,-3618708.58453741,-3650668.606972994,-3682592.3008624464,-3714477.718808576,-3746322.880891595,-3778125.774173989,-3809884.352197111,-3841596.534469436,-3873260.205946325,-3904873.216501086,-3936433.380387119,-3967938.4756911695,-3999386.2437772015,-4030774.388721033,-4062100.576735326,-4093362.435584777,-4124557.553991532,-4155683.481030272,-4186737.72551311,-4217717.755363902,-4248620.996981932,-4279444.834594533,-4310186.609598761,-4340843.619891657,-4371413.119189058,-4401892.3163325805,-4432278.374584865,-4462568.410912557,-4492759.495256994,-4522848.649792407,-4552832.848171402,-4582709.014757425,-4612474.023844246,-4642124.69886204,-4671657.811569984,-4701070.081235189,-4730358.173797778,-4759518.701021859,-4788548.219632378,-4817443.23043754,-4846200.177436772,-4874815.446913946,-4903285.3665159,-4931606.204315983,-4959774.167862598,-4987785.403212685,-5015635.993949896,-5043321.960187683,-5070839.257556914,-5098183.776178362,-5125351.339619684,-5152337.703837272,-5179138.556102736,-5205749.5139143,-5232166.123893006,-5258383.860664094,-5284398.125723506,-5310204.246289866,-5335797.474142008,-5361172.984442551,-5386325.874547587,-5411251.162802968,-5435943.787327636,-5460398.604784278,-5484610.389137976,-5508573.830403258,-5532283.533380267,-5555734.016380575,-5578919.70994347,-5601834.955543485,-5624474.004289831,-5646831.015618887,-5668900.055980541,-5690675.097519435,-5712150.016752226,-5733318.5932421,-5754174.508271601,-923698339.4384564,-923691927.7285472,-923685138.0733526,-923677961.6797316,-923670389.526616,-923662412.3584884,-922644979.8372226,-922634904.118153,-922624432.6877688,-922613559.549668,-922602278.6096888,-912115543.3588043,-912075080.2328734,-912033780.1609294,-911991627.4820704,-911948606.0781096,-911983511.8271586,-911938898.8271476,-911893354.8820708,-911846861.385556,-911799399.1760654,-911750948.5142246,-923341081.6691308,-923315115.984109,-923288549.6912626,-923261373.5764807,-923233578.1993134,-921817439.249176,-921785642.7502054,-921753145.1656516,-921719933.5313654,-921685994.5240536,-921651314.4578688,-907651509.0736988,-907585312.8527278,-907517977.3040012,-907449483.6130922,-907379812.8820856,-905966103.5774416,-905896992.0940115,-905826927.0451082,-905755904.8168392,-905683922.9526691,-900515847.5523179,-900550173.6847514,-900585257.2504886,-900621132.4134897,-900657834.6913643,-900695400.9695697,-900736844.8112926,-900772182.4136504,-900808231.9513228,-900845013.24078,-900882545.3419616,-900966880.9482648,-901010041.2638832,-901053941.6865706,-901098575.2439718,-901143929.67713,-903099385.4073914,-903131540.7287472,-903163736.56515,-903195920.9397986,-903228034.3166264,-925061663.330398,-925095948.1498524,-925128712.288976,-925159863.7628938,-925189312.6735096,-925216972.9982424,-948449633.7994336,-948472202.9057308,-948492442.893608,-948510389.8476076,-948526103.3082864,-947043568.8198072,-947060492.379586,-947075020.721719,-947087253.8995948,-947097322.5657278,-949755993.1797462,-949758654.9075594,-945354070.9368564,-945637061.2472256,-945950545.1442158,-946299938.3017,-946691683.770619,-948013560.297144,-948511620.1098204,-949069451.2911294,-949674118.4365904,-950258890.3270614,-949736984.6146144,0.0
2934.0,835385.4073573649,809100.815135248,782762.6770162042,756371.1038940176,729926.2110639215,703428.1182936691,676876.9498956352,650272.8347998317,623615.906628063,596906.3037690623,570144.1694546528,543329.6518370518,516462.904067209,489544.0843742322,462573.35614595655,435550.8880106295,408476.8539196979,381351.43323178217,354174.81079785805,326947.1770475358,299668.7280765604,272339.665735635,244960.197720292,217530.5376621801,190050.9052214957,162521.52618077584,134942.63253991585,107314.46261256188,79637.26112380344,51911.27930918895,24136.775015190244,-3685.9871990997344,-31556.73595866933,-59475.192968069576,-87441.07290532347,-115454.08331446536,-143513.9244965138,-171620.28939905483,-199772.8635042729,-227971.32471538987,-256215.34324165527,-284504.5814816803,-312838.6939052446,-341217.32693343423,-369640.1188172056,-398106.6995142056,-426616.690564014,-455169.7049616389,-483765.3470292734,-512403.2122863466,-541082.8873177934,-569803.9496405302,-598565.9675681349,-627368.5000736415,-656211.0966505529,-685093.2971718777,-714014.6317473808,-742974.6205786942,-771972.773812701,-801008.5913928039,-830081.5629081121,-859191.1674407739,-888336.8734110594,-917518.1384204348,-946734.409092512,-975985.1209117929,-1005269.6980602712,-1034587.5532517768,-1063938.0875641508,-1093320.6902689924,-1122734.7386592878,-1152179.5978745148,-1181654.6207234887,-1211159.147504741,-1240692.5058244455,-1270254.0104119498,-1299842.9629325876,-1329458.651798203,-1359100.3519748086,-1388767.324787832,-1418458.8177245548,-1448174.064233858,-1477912.2835232653,-1507672.68035308,-1537454.44482781,-1567256.7521845745,-1597078.7625786923,-1626919.6208661264,-1656778.4563830877,-1686654.382722415,-1716546.497506829,-1746453.882159098,-1776375.601668805,-1806310.704355932,-1836258.2216310715,-1866217.1677521449,-1896186.5395776788,-1926165.316316604,-1956152.459274318,-1986146.9115951173,-2016147.598000976,-2046153.4245262968,-2076163.2782489872,-2106176.0270173494,-2136190.519173122,-2166205.5832701866,-2196220.027789194,-2226232.6408478143,-2256242.189906546,-2286247.421470114,-2316247.060784163,-2346239.811527351,-2376224.35549849,-2406199.352298972,-2436163.439009904,-2466115.2298643086,-2496053.315913885,-2525976.264690448,-2555882.619861808,-2585770.90088194,-2615639.6026352923,-2645487.195075236,-2675312.122856214,-2705112.8049597256,-2734887.6343137184,-2764634.9774054578,-2794353.17388741,-2824040.536176253,-2853695.349044509,-2883315.8692048592,-2912900.3248866955,-2942446.9154048814,-2971953.810720276,-3001419.150992031,-3030841.046121125,-3060217.575285028,-3089546.786463229,-3118826.695953222,-3148055.287876797,-3177230.513676068,-3206350.291599242,-3235412.506175454,-3264415.007678521,-3293355.611579123,-3322232.09798506,-3351042.211069136,-3379783.6584843183,-3408454.110765514,-3437051.2007177984,-3465572.522790293,-3494015.632435346,-3522378.0454525026,-3550657.2373164976,-3578850.642488947,-3606955.653712894,-3634969.621289649,-3662889.8523373855,-3690713.610030423,-3718438.112818893,-3746060.533627721,-3773577.999034144,-3800987.588423187,-3828286.333119738,-3855471.215496829,-3882539.168058776,-3909487.072498318,-3936311.7587267854,-3963010.003875983,-3989578.531270908,-4016014.0093719056,-4042313.050685068,-4068472.210639685,-4094487.986431214,-4120356.815828449,-4146075.075943449,-4171639.081962541,-4197045.085836991,-4222289.274931429,-4247367.770628525,-4272276.626887867,-4297011.828757336,-4321569.290834863,-4345944.855678624,-4370134.292163435,-4394133.293781199,-4417937.476883121,-4441542.378861142,-4464943.45626634,-4488136.082861537,-4511115.547605521,-4533877.052566128,-4556415.710759309,-4578726.543911254,-4600804.480140552,-4622644.351557242,-4644240.891775541,-4665588.733336994,-4686682.405040616,-4707516.329176704,-4728084.81866065,-4748382.074063317,-4768402.180534376,-4788139.104614882,-4807586.690935558,-4826738.658797108,-4845588.598628903,-4864129.968322599,-922717337.3425728,-922710445.7462212,-922703193.7363538,-922695572.527158,-922687573.1137685,-922679186.2677568,-921745522.899485,-921735357.336946,-921724809.1511024,-921713872.6829162,-921702542.230264,-912246691.017496,-912208681.1853384,-912169858.501638,-912130207.1873976,-912089711.0014029,-912108234.7873114,-912066638.4173186,-912024138.8750044,-911980717.5001786,-911936355.0761652,-911891031.8057468,-922747003.3407444,-922722208.0402348,-922696861.9470564,-922670958.1663488,-922644489.7263576,-921326262.884262,-921295061.101392,-921263198.9901892,-921230665.5820116,-921197449.676844,-921163539.8476936,-907996378.5970824,-907930709.2160596,-907863824.9554108,-907795701.045053,-907726312.1662728,-906302280.7101884,-906230492.2426152,-906157552.910764,-906083447.5583892,-906008161.4634602,-902666372.3942168,-902683678.5064318,-902700658.2689636,-902717285.1417809,-902733530.3397368,-902749362.6521032,-902561333.640096,-902564555.485731,-902566932.4136986,-902568416.14208,-902568955.8308376,-902319653.0413536,-902317808.231656,-902315072.1889776,-902311409.5676464,-902306785.343375,-904030331.211134,-904010665.5709645,-903989732.6566808,-903967529.8310032,-903944063.4542328,-924973866.4278704,-924986324.2749072,-924997846.3667057,-925008444.8975348,-925018138.701774,-925026953.6875672,-948123686.5069488,-948144359.9724152,-948163134.4104264,-948180037.073686,-948195110.0369332,-946520994.2099676,-946564474.4244536,-946605121.2224444,-946642585.9281428,-946676516.8750956,-949426820.1178902,-949430433.3853322,-943751183.8563066,-944017206.2046365,-944316759.9473618,-944657427.3673753,-945049329.0489956,-946386318.2223544,-946926430.6650198,-947573972.5118818,-948355670.821979,-949273656.8168652,-949258303.1395203,0.0
2933.0,1302093.6608308451,1277592.8628446478,1253043.7310287617,1228446.3853037832,1203800.9498408884,1179107.553128736,1154366.328041192,1129577.4119060673,1104740.9465747215,1079857.0784926228,1054925.958770901,1029947.7432587864,1004922.5926171308,979850.6723928088,954732.1530942004,929567.2102676528,904356.0245749522,879098.7818718562,853795.6732876804,828446.8953059223,803052.649845968,777613.144345914,752128.591846427,726599.2110757809,701025.2265359825,675406.8685900569,649744.3735504644,624037.9837686615,598287.9477259824,572494.5201254673,546657.961985128,520778.5407323204,494856.53029935993,468892.2112204628,442885.8707298031,416837.8028610069,390748.308547874,364617.6957263677,338446.2794380151,312234.38193459343,285982.33278414514,259690.468978446,233359.1350418404,206988.68314138148,180579.47319850512,154131.873002138,127646.2583231628,101123.01303045824,74562.52920836676,47965.207275672816,21331.456106122583,-5338.306849496439,-32043.65543979965,-58784.1546875881,-85559.36066304427,-112368.8203553846,-139212.07154279668,-166088.64266073052,-192998.0526686133,-219939.8109147251,-246913.41699946672,-273918.3606368499,-300954.12151423283,-328020.16915030126,-355115.9627512088,-382240.9510649256,-409394.5722337468,-436576.25364486873,-463785.411779169,-491021.4520579884,-518283.7686879905,-545571.7445040746,-572884.7508102758,-600222.1472185887,-627583.2814858975,-654967.4893485848,-682374.0943552982,-709802.4076973619,-737251.7280371152,-764721.3413340561,-792210.5206687357,-819718.5260643391,-847244.604306059,-874787.9887580182,-902347.899177892,-929923.5415291291,-957514.107790608,-985118.7757639335,-1012736.7088781176,-1040367.0559916784,-1068008.9511921285,-1095661.5135928253,-1123323.8471269645,-1150995.0403389875,-1178674.1661729962,-1206360.2817583708,-1234052.4281924004,-1261749.6303199315,-1289450.896509979,-1317155.2184291305,-1344861.5708118174,-1372568.9112272756,-1400276.1798432274,-1427982.2991860006,-1455686.1738973623,-1483386.6904874658,-1511082.7170844683,-1538773.1031800648,-1566456.6793713318,-1594132.2570985714,-1621798.6283790246,-1649454.5655364215,-1677098.820926278,-1704730.126656645,-1732347.1943044122,-1759948.7146268245,-1787533.357268204,-1815099.770461644,-1842646.5807256224,-1870172.392555196,-1897675.7881077847,-1925155.326883221,-1952609.5453979988,-1980036.9568533804,-2007436.050797253,-2034805.2927794624,-2062143.1240004,-2089447.960952612,-2116718.195055116,-2143952.192280161,-2171148.292772255,-2198304.810458947,-2225420.0326532144,-2252492.2196470425,-2279519.6042958098,-2306500.391593214,-2333432.758236211,-2360314.8521796167,-2387144.792179914,-2413920.667327799,-2440640.536569048,-2467302.428212996,-2493904.339428338,-2520444.235725465,-2546920.050424871,-2573329.6841108976,-2599671.004070232,-2625941.843714374,-2652140.0019854093,-2678263.242744202,-2704309.294140286,-2730275.8479625126,-2756160.558969588,-2781961.04419946,-2807674.8822566587,-2833299.612576365,-2858832.734664252,-2884271.7073107194,-2909613.947778453,-2934856.8309618914,-2959997.688517184,-2985033.8079612805,-3009962.431738545,-3034780.7562532723,-3059485.930866476,-3084075.056855033,-3108545.1863314584,-3132893.32112216,-3157116.411602296,-3181211.3554847315,-3205174.9965612134,-3229004.123392938,-3252695.4679482216,-3276245.7041845154,-3299651.4465719787,-3322909.2485556155,-3346015.600953011,-3368966.9302842487,-3391759.597030776,-3414389.893819537,-3436854.0435287207,-3459148.1973111136,-3481268.432531122,-3503210.7506109606,-3524971.074781756,-3546545.247734692,-3567929.0291674454,-3589118.0932207094,-3610108.025799558,-3630894.3217740376,-3651472.382053314,-3671837.510527177,-3691984.910868982,-3711909.683193187,-3731606.820561133,-3751071.205327848,-3770297.605322913,-3789280.669857907,-3808014.925552832,-3826494.771973793,-3844714.4770738543,-3862668.172428924,-3880349.848260442,-3897753.348236312,-3914872.364041696,-3931700.429710989,-3948230.9157125135,-921774627.7881212,-921768311.8559188,-921761676.8391904,-921754714.6062672,-921747416.8327526,-921739774.9993275,-920900185.3947134,-920891236.4781092,-920881940.4141636,-920872292.2547532,-920862287.0649164,-912558191.9991562,-912525825.0767103,-912492737.5057636,-912458915.4613528,-912424344.736172,-912423516.6397748,-912388445.4029318,-912352577.127918,-912315895.5408232,-912278383.9109927,-912240025.030462,-922290797.451836,-922269611.835032,-922247964.1603068,-922225850.4319564,-922203266.7123758,-920997346.970294,-920969682.4602332,-920941457.2854232,-920912663.8808368,-920883294.57877,-920853341.614384,-908744812.6273355,-908686513.369788,-908627079.05967,-908566482.836126,-908504696.8066734,-907184416.43472,-907118149.8600528,-907050670.8943564,-906981951.561189,-906911962.9229118,-904890461.8587272,-904894440.104474,-904897192.3640394,-904898642.62418,-904898709.7022057,-904897306.8936868,-904523476.1869624,-904501763.363452,-904477984.4963422,-904452036.5243472,-904423811.5914603,-903914004.2399348,-903874906.701558,-903833452.5545326,-903789560.2956296,-903743149.1372542,-905266173.0919802,-905206698.6514874,-905144655.881338,-905080007.6742485,-905012725.6972831,-924757261.0119102,-924760961.9096617,-924764262.8532112,-924767189.237722,-924769767.3581374,-924772023.8826652,-947406163.918547,-947460297.8245203,-947513049.6454364,-947564176.2510118,-947613404.2403013,-945505667.6785502,-945602826.0262996,-945699827.2820606,-945796073.9012434,-945890822.1326092,-949090499.6819984,-949097513.1303732,-941979310.6157836,-942200231.0557364,-942454382.4847362,-942749926.6795504,-943098332.8391922,-944395863.4995434,-944909328.307531,-945558403.6067055,-946410959.597312,-947579274.4729536,-948282883.5111912,0.0
2932.0,1798461.4088606555,1775794.160566235,1753083.708476463,1730330.17798117,1707533.6985092554,1684694.4035904035,1661812.4309176216,1638887.9224106213,1615921.0242799316,1592911.8870919282,1569860.6658346374,1546767.5199844278,1523632.6135735633,1500456.1152585717,1477238.1983895376,1453979.0410802355,1430678.826279236,1407337.741841779,1383955.9806027133,1360533.7404502276,1337071.2244006165,1313568.6406738982,1290026.2027704362,1266444.129548533,1242822.6453029057,1219161.9798442796,1195462.3685798503,1171724.052594794,1147947.278734806,1124132.2996896217,1100279.374077579,1076388.7665312588,1052460.7477840558,1028495.5947580608,1004493.5906526614,980455.0250345516,956380.1939286562,932269.3999101622,908122.952197752,883941.1667479035,859724.3663502978,835472.8807244664,811187.0466174735,786867.2079028646,762513.7156807892,738126.9283792367,713707.2118565738,689254.9395052074,664770.4923565472,640254.2591871601,615706.6366262091,591128.029264099,566518.8497624621,541879.5189653933,517210.4660119889,492512.1284501869,467784.9523519827,443029.3924298976,418245.9121548766,393434.9838755224,368597.0889386796,343732.7178114448,318842.37020461075,293926.5551974578,268985.79136403743,244020.6069008801,219031.5397561993,194019.1377605628,168983.958759021,143926.57074486185,118847.55199476238,93747.49120561684,68626.98763282783,43486.65123029798,18327.10279191751,-6851.025905267336,-32047.09195617307,-57260.441181269474,-82490.40797831677,-107736.31517255586,-132997.47386496235,-158273.18327889126,-183562.7306048721,-208865.3908435786,-234180.42664694227,-259507.0881573968,-284844.61284523085,-310192.2253439324,-335549.13728367724,-360914.5471226405,-386287.6399764205,-411667.5874452256,-437053.5474390257,-462444.66400052607,-487840.067125828,-513238.87258291617,-538640.1817277763,-564043.0813181531,-589446.6433248399,-614849.9247405427,-640251.9673861116,-665651.797714157,-691048.4266101234,-716440.8491902882,-741828.0445972541,-767208.9757922534,-792582.589344562,-817947.8152177874,-843303.566552884,-868648.7394479578,-893982.2127345325,-919302.8477503556,-944609.488108499,-969900.959462679,-995176.0692686468,-1020433.6065414324,-1045672.3416084648,-1070891.0258581592,-1096088.3914840445,-1121263.1512240162,-1146413.9980947338,-1171539.6051207269,-1196638.625058257,-1221709.6901134392,-1246751.4116545022,-1271762.3799180295,-1296741.1637086263,-1321686.3100920012,-1346596.3440809678,-1371469.768314153,-1396305.0627269477,-1421100.6842144225,-1445855.0662857697,-1470566.6187098864,-1495233.7271516128,-1519854.7527982006,-1544428.0319754956,-1568951.8757533217,-1593424.5695394948,-1617844.3726619156,-1642209.5179380598,-1666518.211231277,-1690768.630993171,-1714958.9277912602,-1739087.2238213066,-1763151.612403273,-1787150.1574602406,-1811080.8929791683,-1834941.8224527007,-1858730.9183008708,-1882446.1212716105,-1906085.3398189896,-1929646.449457894,-1953127.2920938304,-1976525.6753265767,-1999839.3717261832,-2023066.1180797864,-2046203.6146076089,-2069249.5241465385,-2092201.4712993708,-2115057.041547875,-2137813.780327661,-2160469.192062743,-2183020.7391575705,-2205465.8409440946,-2227801.872581482,-2250026.1639057584,-2272135.9982267423,-2294128.611069114,-2316001.188854811,-2337750.867523312,-2359374.731086432,-2380869.8101141024,-2402233.080147228,-2423461.460033673,-2444551.8101831963,-2465500.930736915,-2486305.559646505,-2506962.3706585,-2527467.971198245,-2547818.9001484057,-2568011.625516116,-2588042.541982903,-2607907.9683312606,-2627604.144741092,-2647127.2299493654,-2666473.298265688,-2685638.336436387,-2704618.24034913,-2723408.811569919,-2742005.7537039937,-2760404.6685715225,-2778601.052188996,-2796590.290546396,-2814367.6551703447,-2831928.29846255,-2849267.2488028696,-2866379.4054057486,-2883259.532918412,-2899902.255748898,-2916302.0521117523,-2932453.247778545,-2948350.009520517,-2963986.338230056,-2979356.0617076447,-2994452.827100606,-3009270.092980097,-920870516.6051496,-920865738.0861764,-920860702.8200854,-920855403.8427078,-920849834.0320256,-920843986.1079258,-920106287.6499444,-920099719.918065,-920092858.02523,-920085697.8362856,-920078235.2696276,-913027929.406944,-913004024.0292448,-912979549.0308363,-912954494.277971,-912928849.407994,-912905033.5000688,-912879557.7917464,-912853458.0508152,-912826722.4142256,-912799338.7511408,-912771294.6513908,-921956157.544917,-921940571.213068,-921924634.6790764,-921908346.782043,-921891706.5211748,-920814481.0286618,-920792867.1965996,-920770836.2957664,-920748385.0889049,-920725510.3682734,-920702208.9591936,-909856773.6921072,-909812363.7368724,-909767071.8763124,-909720876.111174,-909673753.2959238,-908581462.9833838,-908529782.223391,-908477073.2142874,-908423304.6587386,-908368443.3369396,-907258982.4830108,-907258991.33475,-907257391.8127388,-907254091.2288752,-907248990.9767748,-907241986.131084,-906805788.102512,-906776210.5056698,-906744174.5674062,-906709561.3078576,-906672245.3995908,-906101674.8129876,-906048760.4216872,-905992830.1799762,-905933755.5194328,-905871401.8779392,-907224198.2299132,-907152184.5082692,-907076828.9220796,-906997989.3478584,-906915514.4907788,-924538837.9935238,-924540578.3955656,-924542157.9207746,-924543580.1625828,-924544845.4439512,-924545950.1216558,-945619859.4919716,-945727451.47517,-945837861.3269136,-945951055.4972832,-946066954.0771573,-943435368.0176048,-943580495.0588531,-943732594.1794018,-943892028.5852586,-944059124.767374,-948529436.0567874,-948588827.0053324,-940267588.4475812,-940385473.9534394,-940530462.05335,-940710838.3480208,-940938372.8293024,-942081212.1056144,-942478505.8334032,-943006928.583571,-943748699.4160552,-944887478.7131552,-946045616.4086893,0.0
2931.0,2322569.773080925,2301778.89393514,2280949.836892328,2260082.7293595774,2239177.7025161795,2218234.8913694294,2197254.4348110445,2176236.475674417,2155181.160792387,2134088.6410558578,2112959.071473075,2091792.6112295603,2070589.423748917,2049349.676754173,2028073.54233004,2006761.1969858173,1985412.821719052,1964028.602079928,1942608.7282365265,1921153.395040742,1899662.802095004,1878137.1538197976,1856576.6595219672,1834981.5334637847,1813351.9949328543,1791688.2683128072,1769990.5831547745,1748259.1742497776,1726494.281701811,1704696.1510018427,1682865.03310264,1661001.184494419,1639104.8672813438,1617176.3492589006,1595215.9039921192,1573223.810894629,1551200.3553087087,1529145.828586009,1507060.528169386,1484944.7576754354,1462798.8269780723,1440623.052292928,1418417.7562626405,1396183.2680431716,1373919.92339087,1351628.0647506602,1329308.0413449935,1306960.2092638286,1284584.9315555291,1262182.578318743,1239753.5267951554,1217298.1614633184,1194816.874133327,1172310.0640425636,1149778.1379524004,1127221.5102458466,1104640.603026187,1082035.846216716,1059407.6776613444,1036756.5432262748,1014082.896902742,991387.2009106828,968669.9258034808,945931.5505737708,923172.5627602256,900393.4585554814,877594.742915039,854776.9296672316,831940.5416243505,809086.1106947828,786214.177996234,763325.293970081,740420.0184968403,717498.9210127247,694562.5806273576,671611.5862426059,648646.5366725437,625668.0407647016,602676.7175222877,579673.1962278066,556658.1165677197,533632.1287584761,510595.8936736072,487550.0829722481,464495.3792288294,441432.4760640767,418362.0782773411,395284.9019802641,372201.67473180033,349113.1356746238,326020.0356729496,302923.1374518108,279823.21573777404,256721.0574012324,233617.4616001593,210513.2399255382,187409.21654832177,164306.22836816777,141205.1251637349,118106.76974499504,95012.03810708596,71921.81958629191,48837.01701774262,25758.546895373613,2687.33953373041,-20375.660767908208,-43429.49555922207,-66473.19207021873,-89505.76304014679,-112526.20654393826,-135533.50581593625,-158526.62907096464,-181504.5293224929,-204466.14419774525,-227410.39574980177,-250336.1902662684,-273242.41807460133,-296127.9533437453,-318991.6538820276,-341832.36093101464,-364648.8989551971,-387440.0754272267,-410204.6806085324,-432941.4873249978,-455649.25073748175,-478326.70810688846,-500972.5785534568,-523585.562809974,-546164.3429685803,-568707.5822207667,-591213.9245901788,-613681.994657862,-636110.3972794199,-658497.7172937151,-680842.5192225622,-703143.3469608454,-725398.723456582,-747607.1503802957,-769767.1077829935,-791877.0537422663,-813935.4239955004,-835940.6315597333,-857891.0663371766,-879785.094705523,-901621.0590922936,-923397.2775320532,-945112.0432056338,-966763.6239601318,-988350.2618087046,-1009870.1724087214,-1031321.5445171492,-1052702.539421726,-1074011.2903464427,-1095245.901829835,-1116404.4490743987,-1137484.9772654343,-1158485.5008574622,-1179404.0028262492,-1200238.4338844465,-1220986.711658542,-1241646.7198249688,-1262216.3072027946,-1282693.2868005,-1303075.434814034,-1323360.4895734256,-1343546.1504345732,-1363630.0766134225,-1383609.8859587116,-1403483.1536599947,-1423247.4108869182,-1442900.1433558678,-1462438.7898197984,-1481860.7404764844,-1501163.3352909014,-1520343.8622264117,-1539399.5553797176,-1558327.5930139115,-1577125.095483982,-1595789.123048434,-1614316.6735607795,-1632704.6800339492,-1650950.0080705695,-1669049.4531516284,-1686999.7377754785,-1704797.5084392035,-1722439.3324532714,-1739921.6945807086,-1757240.99349098,-1774393.5380187249,-1791375.5432168096,-1808183.1261926703,-1824812.3017165884,-1841258.9775898785,-1857518.9497605432,-1873587.897173232,-1889461.376340245,-1905134.8156191483,-1920603.5091827111,-1935862.6106657432,-1950907.1264732908,-1965731.9087338736,-1980331.6478811328,-1994700.8648465984,-2008833.9028458863,-2022724.9187403093,-2036367.8739553208,-2049756.5249370893,-920002304.6255786,-919999870.3340278,-919997258.36772,-919994463.279387,-919991479.4987818,-919988301.3335054,-919356736.1024468,-919353502.9009044,-919350040.419722,-919346345.2026944,-919342413.8590811,-913622030.8985324,-913608780.7491832,-913595153.868277,-913581144.8952992,-913566748.4391106,-913515931.3238266,-913502403.9288652,-913488472.2579472,-913474130.0967864,-913459371.2080568,-913444189.3334708,-921717216.426967,-921708642.1254551,-921699836.531559,-921690800.7641346,-921681536.169098,-920749109.694988,-920735385.932052,-920721411.466489,-920707187.694546,-920692716.1848505,-920677998.6814884,-911252880.523772,-911227462.3423116,-911201562.0246308,-911175170.0596504,-911148276.2677804,-910391663.3713162,-910362463.9903584,-910332693.4931884,-910302333.4750006,-910271363.9878526,-909767806.0400534,-909775251.5600784,-909781342.4621924,-909786009.9577258,-909789181.4777904,-909790780.4480586,-909444736.1092207,-909427587.7765206,-909408598.7782007,-909387691.0958388,-909364782.4484144,-908990483.6962562,-908954898.5643274,-908917053.5259207,-908876847.09683,-908834169.7946616,-910030927.5595796,-909982438.6758702,-909931435.4812032,-909877770.2938555,-909821278.1487796,-924353532.8360994,-924356855.4699588,-924360183.0180932,-924363513.5311048,-924366841.7728052,-924370158.5532588,-941825580.1855356,-941932486.5357282,-942045645.5819048,-942165668.5284796,-942293251.0507996,-939860825.2150348,-939981233.8746583,-940111065.6346254,-940251608.1670378,-940404414.3365948,-945559640.4059532,-945783863.4860964,-939539425.700664,-939523637.5995048,-939509575.924458,-939499326.5725042,-939496683.4646788,-940127939.5770603,-940194123.0732074,-940330720.7363625,-940608622.7243644,-941201547.0194904,-941797431.8450044,0.0
2930.0,2872444.4758644663,2853565.9239641624,2834654.0972433724,2815709.121837184,2796731.127336784,2777720.246838761,2758676.616994733,2739600.378061729,2720491.673953013,2701350.652289561,2682177.464452029,2662972.2656333875,2643735.214892072,2624466.47520575,2605166.213525664,2585834.6008315785,2566471.8121872973,2547078.0267967926,2527653.4280609703,2508198.203634958,2488712.545486103,2469196.649952477,2449650.7178020896,2430074.9542926457,2410469.569231932,2390834.7770388937,2371170.796805244,2351477.852357741,2331756.172321121,2312005.990181549,2292227.544350912,2272421.078231518,2252586.840281537,2232725.084081144,2212836.0683991807,2192920.0572604984,2172977.3200139813,2153008.131401198,2133012.771625637,2112991.5264226785,2092944.68713016,2072872.5507595905,2052775.4200680284,2032653.603630579,2012507.4159136035,1992337.1773484647,1972143.214406064,1951925.859671896,1931685.4519217992,1911422.336198438,1891136.863888245,1870829.3927992007,1850500.28723914,1830149.91809474,1809778.6629111504,1789386.9059722973,1768975.038381747,1748543.4581443127,1728092.5702481857,1707622.7867478374,1687134.5268474352,1666628.2169849696,1646104.2909170054,1625563.1898039775,1605005.3622963,1584431.2646208908,1563841.3606685111,1543236.1220815806,1522616.028342734,1501981.5668639485,1481333.2330762716,1460671.5305202303,1439996.970936844,1419310.0743592177,1398611.369204821,1377901.3923683737,1357180.6893153165,1336449.81417594,1315709.3298402063,1294959.808053025,1274201.8295103908,1253435.9839559728,1232662.8702784425,1211883.0966094872,1191097.280422328,1170306.0486310627,1149510.0376906004,1128709.8936973466,1107906.2724904595,1087099.8397539724,1066291.2711195033,1045481.252269826,1024670.4790431076,1003859.657537966,983049.5042193588,962240.7460252484,941434.1204741644,920630.3757736495,899830.2709296411,879034.5758567778,858244.0714897672,837459.5498957643,816681.8143878477,795911.6796397129,775149.9718014766,754397.5286168484,733655.19954162,712923.8458635565,692204.340823831,671497.5697400523,650804.4301309222,630125.8318427885,609462.6971780127,588815.9610254224,568186.5709929476,547575.4875424402,526983.6841270868,506412.1473313635,485861.8770137895,465333.8864526795,444829.2024950488,424348.8657089574,403893.9305394655,383465.4654684607,363064.5531786997,342692.2907221969,322349.7896934347,302038.17640764825,281758.59208447766,261512.1930375183,241300.1508699786,221123.65267708804,200983.9012555126,180882.11532039568,160819.52973054163,140797.39572222158,120816.98115227744,100879.57075111754,80986.46638632007,61138.98733749148,41338.47058323026,21586.271101024933,1883.762180773541,-17767.664246813394,-37366.59726631455,-56911.60661684442,-76401.24231353868,-95834.0342499148,-115208.4917800678,-134523.1032791203,-153776.33568067104,-172966.63398963492,-192092.42076898087,-211152.0955984462,-230144.0345037328,-249066.58935392927,-267918.0872253757,-286696.8297296697,-305401.09230359737,-324029.12345846463,-342579.14398642164,-361049.34612081386,-379437.8926479146,-397742.9159667706,-415962.5170940859,-434094.7646105997,-452137.6935453517,-470089.3041940015,-487947.5608671904,-505710.3905645041,-523375.6815696582,-540941.2819619896,-558404.9980392056,-575764.5926460475,-593017.7834032094,-610162.2408305006,-627195.5863579698,-644115.390218325,-660919.1692136815,-677604.3843491524,-694168.4383255672,-710608.6728830738,-726922.3659869526,-743106.7288466394,-759158.9027582761,-775075.9557608133,-790854.8790950133,-806492.5834543882,-821985.895016226,-837331.5512406509,-852526.1964248084,-867566.3769988092,-882448.5365493353,-897169.0105562275,-911724.020826704,-926109.6696112044,-940321.9333840656,-954356.6562717566,-968209.5431103212,-981876.1521134312,-995351.8871313808,-1008631.9894807236,-1021711.529323752,-1034585.396576032,-1047248.29131978,-1059694.7137001678,-1071918.9532809677,-919164708.0232124,-919165223.0336128,-919165651.0170867,-919165988.2286783,-919166230.8288816,-919166374.8843592,-918640872.9879544,-918641674.207454,-918642317.6616842,-918642800.2900512,-918643119.0754983,-914297493.1790148,-914296286.5610846,-914294916.0413958,-914293381.2512645,-914291681.9921144,-914209798.5207725,-914209661.44055,-914209361.066718,-914208897.0424747,-914208269.2369506,-914207477.7627516,-921541505.0974482,-921540735.3058726,-921539846.2301544,-921538840.3840828,-921537720.5436764,-920763523.4218724,-920758708.9322816,-920753808.3453134,-920748827.2190306,-920743771.4294312,-920738647.1770284,-912822341.5078306,-912818647.1652366,-912814941.4708031,-912811232.0576442,-912807526.8352822,-912449902.9024523,-912447637.5214812,-912445427.4669176,-912443279.8480198,-912441201.8449192,-912326755.0175998,-912350607.1901342,-912373830.6979014,-912396408.275046,-912418322.8893896,-912439557.8558018,-912303604.6867628,-912313882.4119058,-912323633.2577418,-912332861.3345668,-912341572.3449918,-912355753.3333652,-912361061.1416392,-912366035.1339228,-912370691.947644,-912375049.6755184,-913421506.544448,-913423826.0973288,-913426059.4784636,-913428223.9944878,-913430337.1228132,-924192237.7319728,-924198861.0043268,-924205705.9080954,-924212788.1791836,-924220123.3606132,-924227726.5760942,-936126407.844766,-936130825.9334576,-936135467.651514,-936140335.3959827,-936145427.535999,-935085050.1449288,-935091694.5023296,-935098552.801646,-935105592.5844208,-935112766.0649812,-936377285.8751204,-936381152.4478024,-940601740.77334,-940613102.5921164,-940624150.4798082,-940634632.081939,-940644230.6767368,-941526574.4053968,-941533715.4274148,-941539003.8931558,-941542576.8737904,-941545241.8376484,-940664610.9399585,0.0
2929.0,3446064.819444185,3429127.8005528506,3412162.2717713304,3395168.354887191,3378146.1747858347,3361095.8594925143,3344017.540214855,3326911.351385738,3309777.4307067217,3292615.9191917824,3275426.9612115324,3258210.7045378992,3240967.300389212,3223696.903475689,3206399.6720454413,3189075.767930867,3171725.356595444,3154348.6071810154,3136945.692555528,3119516.7893611174,3102062.0780627364,3084581.7429971257,3067075.972422316,3049544.9585674144,3031988.897683017,3014407.9900919143,2996802.4402402285,2979172.45674908,2961518.2524666227,2943840.044520408,2926138.05437038,2908412.5078621088,2890663.635280501,2872891.671404008,2855096.8555590687,2837279.4316751407,2819439.6483400445,2801577.758855707,2783694.021294318,2765788.698554944,2747862.0584203806,2729914.3736145822,2711945.9218602795,2693956.9859371297,2675947.853740126,2657918.818338448,2639870.1780346297,2621802.236424055,2603715.3024548674,2585609.690488193,2567485.720358628,2549343.717435157,2531184.012682302,2513006.9427216183,2494812.8498935364,2476602.0823193835,2458374.993963785,2440131.9446973084,2421873.3003594065,2403599.432821501,2385310.7200505137,2367007.5461724345,2348690.3015362527,2330359.3827780364,2312015.1928852648,2293658.1412613345,2275288.64379023,2256907.122901452,2238514.007634989,2220109.733706561,2201694.743572955,2183269.486497501,2164834.4186156103,2146390.0030006208,2127936.709729453,2109475.015948603,2091005.4059401257,2072528.3711876469,2054044.4104425523,2035554.029790054,2017057.742715505,1998556.070170596,1980049.540639638,1961538.690205836,1943024.0626176624,1924506.2093550768,1905985.689695948,1887463.070782274,1868938.9276865807,1850413.843478173,1831888.40928946,1813363.224382268,1794838.8962141406,1776316.040504621,1757795.281301624,1739277.2510477211,1720762.5906465948,1702251.9495294103,1683745.9857213013,1665245.3659080388,1646750.7655026326,1628262.8687122157,1609782.3686050512,1591309.967177743,1572846.3754226686,1554392.313395762,1535948.5102846222,1517515.704476959,1499094.6436296075,1480686.0847379938,1462290.7942062365,1443909.5479179444,1425543.1313077928,1407192.3394340065,1388857.9770517694,1370540.8586878926,1352241.8087165589,1333961.6614365857,1315701.2611502092,1297461.4622435244,1279243.1292689228,1261047.1370295277,1242874.3706660382,1224725.725745989,1206602.1083559962,1188504.435196776,1170433.6336818412,1152390.6420396026,1134376.4094195794,1116391.8960029555,1098438.073117855,1080515.923359802,1062626.4407177567,1044770.6307062852,1026949.5105042132,1009164.1091005811,991415.4674481768,973704.6386255268,956032.6880078485,938400.6934478089,920809.74546674,903260.9474572268,885755.4158978704,868294.2805812415,850878.6848558923,833509.7858836539,816188.7549131755,798916.7775710663,781695.0541718258,764524.8000479564,747407.2459017653,730343.6381802773,713335.239475078,696383.328948711,679489.202789506,662654.1746969661,645879.5763995601,629166.7582074003,612517.0896020662,595931.9598661326,579412.7787550231,562960.9772141455,546578.0081441887,530265.3472179314,514024.4937517997,497856.9716359005,481764.3303262722,465748.1459034253,449810.0222013965,433951.5920119211,418174.5183685208,402480.4959154679,386871.25236713234,371348.5500633568,355914.1876267884,340570.00172865484,325317.868969555,310159.7078824388,295097.4810653049,280133.1974513866,265268.91472523194,250506.7418935625,235848.8420200888,221297.43513402715,206854.8013228085,192523.28401958384,178305.29349721223,164203.3105805423,150219.8905897634,136357.66752807703,122619.35852764548,109007.76856854184,95525.79548594262,82176.43528195564,68962.78775865957,55888.06249040738,42955.58515358437,30168.80423351098,17531.298128413036,5046.782671816647,-7280.880904845893,-19447.677546300925,-31449.42946060188,-43281.78669444192,-54940.217171098106,-66419.99616444297,-77716.19518155418,-918350421.1975852,-918354258.9330214,-918358106.4215956,-918361961.6671436,-918365822.5977232,-918369687.065062,-917945494.8557028,-917950760.916026,-917955943.2593468,-917961038.9013152,-917966044.847706,-915005596.6191849,-915016931.9925116,-915028313.0174168,-915039743.6344718,-915051228.1102022,-914934451.1085304,-914948151.8121166,-914961924.7351298,-914975774.5144268,-914989706.2065226,-915003725.3183728,-921393159.6373986,-921400398.2609376,-921407612.4697732,-921414805.094523,-921421979.2303108,-920814937.6298532,-920819209.348067,-920823534.0064322,-920827920.0001549,-920832376.1612588,-920836911.7715604,-914437006.8138682,-914454892.726508,-914473202.6298916,-914491960.1804467,-914511190.2937156,-914553564.7611034,-914577768.6874248,-914602619.4794136,-914628149.6736134,-914654393.6290663,-914781012.3410652,-914824471.8724988,-914868135.373822,-914912037.0634748,-914956214.9003116,-915000710.9619372,-915117892.721436,-915159205.124266,-915201312.0550044,-915244291.4156424,-915288227.8632524,-915717628.4355252,-915766776.187508,-915817441.6905134,-915869751.425714,-915923842.9599952,-916831389.1625136,-916885946.163175,-916942753.6297256,-917001996.05137,-917063876.6086736,-924027073.724882,-924036918.8242366,-924047176.208192,-924057882.349999,-924069076.512673,-924080800.9771546,-930358213.2328656,-930258803.8026257,-930153528.3443692,-930041778.2699516,-929922852.6077932,-930273139.4641824,-930165082.1234692,-930047994.1042308,-929920524.7582762,-929781029.3210144,-927021768.7130936,-926802743.632801,-941691786.6436968,-941731378.5469036,-941768814.5303065,-941801533.2342272,-941825120.1140026,-942973960.1873456,-942923372.9478868,-942797797.8628912,-942525359.8888292,-941931806.6858764,-939571112.6416173,0.0
2928.0,4041372.605932003,4026399.713503693,4011402.925895343,3996382.357730048,3981338.126335455,3966270.351778338,3951179.156899484,3936064.6673489697,3920927.011621522,3905766.321092431,3890582.730053525,3875376.375749551,3860147.3984148577,3844895.9413102623,3829622.150760348,3814326.17619086,3799008.170166508,3783668.288429085,3768306.689935619,3752923.5368971135,3737518.994817287,3722093.232531716,3706646.4222471807,3691178.739581269,3675690.363602248,3660181.4768691696,3644652.265472143,3629102.919072989,3613533.630945945,3597944.598018755,3582336.0209138338,3566708.103989708,3551061.0553826885,3535395.08704866,3519710.414805061,3504007.258373143,3488285.8414203133,3472546.3916025963,3456789.140607341,3441014.324196078,3425222.182247408,3409412.9588000923,3393586.9020962603,3377744.264624696,3361885.303164169,3346010.27882698,3330119.4571024347,3314213.107900467,3298291.50559524,3282354.929068828,3266403.661754924,3250437.991682481,3234458.211519401,3218464.618616231,3202457.515049694,3186437.2076663235,3170404.008125906,3154358.232944872,3138300.203539625,3122230.2462696843,3106148.692480718,3090055.8785474114,3073952.145916191,3057837.841147708,3041713.3159591444,3025578.927266228,3009435.037225088,2993282.013273759,2977120.2281734105,2960950.060049284,2944771.8924312647,2928586.114294133,2912393.120097352,2896193.3098245747,2879987.089022656,2863774.868840209,2847557.066065717,2831334.103165136,2815106.408319057,2798874.415459214,2782638.564304541,2766399.300396548,2750157.075134225,2733912.3458081726,2717665.575634226,2701417.2337863147,2685167.795428683,2668917.7417474044,2652667.559981131,2636417.7434511725,2620168.7915907493,2603921.2099734787,2587675.5103411283,2571432.2106304746,2555191.8349994365,2538954.913852304,2522721.983864196,2506493.588004644,2490270.275560309,2474052.6021569427,2457841.129780392,2441636.4267968424,2425439.0679722056,2409249.634490693,2393068.713972559,2376896.9004911315,2360734.794589,2344583.00329352,2328442.140131637,2312312.825144024,2296195.6848986326,2280091.3525036946,2264000.467620252,2247923.676474205,2231861.631868149,2215814.993192793,2199784.426438382,2183770.604205942,2167774.205718754,2151795.916833864,2135836.430054069,2119896.4445403907,2103976.666125196,2088077.807326256,2072200.5873618585,2056345.7321672176,2040513.9744125053,2024706.0535226767,2008922.7156993635,1993164.713945328,1977432.8080915413,1961727.764827527,1946050.3577351733,1930401.3673265204,1914781.5810859704,1899191.7935174564,1883632.8061969976,1868105.4278313443,1852610.4743232047,1837148.7688438343,1821721.141913595,1806328.4314912604,1790971.4830730064,1775651.1498017302,1760368.2925878223,1745123.7802423332,1729918.489623573,1714753.3057982726,1699629.1222185828,1684546.840916208,1669507.372714974,1654511.6374633918,1639560.5642888146,1624655.0918747336,1609796.1687632194,1594984.7536842227,1580221.815913803,1565508.3356636595,1550845.304503873,1536233.7258217223,1521674.615318887,1507169.001549974,1492717.926505168,1478322.4462403413,1463983.6315577067,1449702.5687406948,1435480.360346795,1421318.12606226,1407217.003622919,1393178.1498056548,1379202.7414951278,1365291.976830909,1351447.0764403054,1337669.2847624496,1323959.8714698153,1310320.1329932015,1296751.394157174,1283255.0099328551,1269832.367315638,1256484.887335686,1243214.0272097206,1230021.282642776,1216908.1902894424,1203876.3303843327,1190927.3295522882,1178062.8638093155,1165284.661765839,1152594.508044431,1139994.2469251351,1127485.786231704,1115071.1014732877,1102752.2402564958,1090531.3269837117,1078410.5678544054,1066392.2561868718,1054478.778078826,1042672.6184261646,1030976.3673202228,1019392.7268447392,1007924.5182947014,996574.6898406456,985346.3246625084,974242.64957875,963267.044197253,952423.0506159002,941714.383701657,931144.9419784668,-917550767.8584448,-917558057.5909992,-917565454.7807934,-917572959.1287458,-917580570.2694824,-917588287.768601,-917255922.6532248,-917265820.235301,-917275708.150281,-917285583.2472568,-917295442.289486,-915695696.540621,-915719201.010472,-915742936.7995868,-915766910.7303704,-915791130.0217484,-915636070.1981268,-915663093.0423962,-915690394.7502176,-915717983.2033192,-915745866.7893147,-915774054.439304,-921235985.1022744,-921250937.6491553,-921265937.9648452,-921280988.0524098,-921296090.1409032,-920859835.5152853,-920872634.0468342,-920885580.6724598,-920898684.5707408,-920911955.4096574,-920925403.3657284,-915968886.8324628,-916005478.1199968,-916042791.062442,-916080858.2343009,-916119714.012032,-916500818.3468755,-916546232.916414,-916592644.7854624,-916640098.2865236,-916688640.2699409,-916956737.6137164,-917016542.2756118,-917077117.5608698,-917138523.6730096,-917200825.5237992,-917264093.0992612,-917594181.5033548,-917658450.3595374,-917724198.6312042,-917791524.3166528,-917860532.1443557,-918563132.967104,-918638575.2568662,-918716112.58482,-918795871.4221396,-918877986.6606224,-919671386.9530864,-919754188.3158948,-919839755.7572484,-919928262.1563551,-920019893.1696104,-923828538.6053612,-923839984.9126794,-923851887.5823084,-923864288.487908,-923877232.5727102,-923890768.0351636,-926425461.9132332,-926324947.5934898,-926222125.9893296,-926117069.1541792,-926009893.5108294,-926615333.3544914,-926481534.9412476,-926341280.1577556,-926194189.2503932,-926039904.8924868,-923883024.4885962,-923839448.27543,-940982163.6060228,-940885939.079878,-940762127.194299,-940602011.386696,-940393255.585368,-941026253.833577,-940641746.0458422,-940122013.0357164,-939383648.0950232,-938242330.0112926,-935319519.147547,0.0
2927.0,4656280.947616233,4643288.330387581,4630276.273486304,4617244.881849823,4604194.262699696,4591124.525568571,4578035.782327281,4564928.147212186,4551801.736852532,4538656.670298097,4525493.069046938,4512311.057073223,4499110.760855306,4485892.309403909,4472655.834290363,4459401.469675054,4446129.352335991,4432839.621697422,4419532.419858584,4406207.891622661,4392866.18452562,4379507.448865328,4366131.83773068,4352739.507030781,4339330.615524202,4325905.324848329,4312463.799548686,4299006.20710843,4285532.717977674,4272043.505603038,4258538.74645705,4245018.620067654,4231483.309047647,4217932.999124097,4204367.879167771,4190788.14122246,4177193.980534283,4163585.595580874,4149963.188100541,4136326.963121304,4122677.128989782,4109013.8973999945,4095337.483422037,4081648.1055304985,4067945.9856328126,4054231.349097381,4040504.424781432,4026765.445058735,4013014.645846978,3999252.266634988,3985478.550509546,3971693.744181976,3957898.098014378,3944091.86604553,3930275.30601638,3916448.679395186,3902612.25140224,3888766.291034087,3874911.07108736,3861046.868182106,3847173.962784559,3833292.639229374,3819403.1857413454,3805505.894456515,3791601.061442544,3777688.986718645,3763769.9742746,3749844.3320892574,3735912.37214812,3721974.410460327,3708030.767074676,3694081.7660948914,3680127.735693997,3666169.008127813,3652205.9197474495,3638238.811010852,3624268.026493405,3610293.914897408,3596316.829060436,3582337.125962754,3568355.166733369,3554371.316655056,3540385.9451680537,3526399.425872553,3512412.1365298405,3498424.4590621702,3484436.779551161,3470449.488234886,3456462.9795034174,3442477.6518929526,3428493.9080783706,3414512.1548642786,3400532.8031743737,3386556.2680392945,3372582.968582729,3358613.3280057944,3344647.7735698307,3330686.7365772594,3316730.652350777,3302779.9602107005,3288835.103450462,3274896.5293102693,3260964.688948797,3247040.0374131463,3233123.0336067164,3219214.140255248,3205313.8238709085,3191422.554714419,3177540.8067553006,3163669.057630097,3149807.7885987787,3135957.4844991453,3122118.633699407,3108291.7280488834,3094477.262826873,3080675.736689778,3066887.6516164467,3053113.512851909,3039353.828849464,3025609.111211313,3011879.8746276647,2998166.6368146576,2984469.9184509423,2970790.243113313,2957128.137211319,2943484.129921157,2929858.753118968,2916252.541313747,2902666.0315801,2889099.7634910354,2875554.279051109,2862030.122630184,2848527.840898122,2835047.9827607274,2821591.099297361,2808157.74370052,2794748.4712179983,2781363.839097906,2768004.4065371184,2754670.734633837,2741363.386344647,2728082.926446842,2714829.9215066563,2701604.939854173,2688408.5515657123,2675241.3284544656,2662103.844070471,2648996.6737106983,2635920.3944405466,2622875.585127591,2609862.82648916,2596882.701154679,2583935.79374444,2571022.690966131,2558143.9817308336,2545300.257290052,2532492.1113957,2519720.1404850166,2506984.943892222,2494287.1240895614,2481627.2869596044,2469006.042101654,2456424.0031748163,2443881.788280489,2431380.0203874866,2418919.327802779,2406500.3446915345,2394123.7116498705,2381790.0763343424,2369500.094152216,2357254.429016875,2345053.7541731047,2332898.7530970657,2320790.120476262,2308728.5632749926,2296714.801891336,2284749.571411608,2272833.622969284,2260967.7252151165,2249152.6659060344,2237389.25362063,2225678.31960963,2214020.7197901467,2202417.336893062,2190869.0827734256,2179376.9008943485,2167941.768995447,2156564.7019574894,2145246.754875634,2133989.0263543027,2122792.6620375,2111658.8583890004,2100588.866737917,2089583.9976057848,2078645.6253321487,2067775.1930168057,2056974.2177976023,2046244.296483692,2035587.111565496,2025004.4376232848,2014498.148157863,2004070.222867746,1993722.755398584,1983457.9615919525,1973278.188261869,1963185.922528822,1953183.8017425607,-916756384.5988392,-916767015.0965972,-916777847.0825129,-916788881.8501738,-916800120.6305376,-916811564.5865875,-916557022.9331156,-916571475.697116,-916585991.8579246,-916600568.0204512,-916615200.6185688,-916318942.2822448,-916353483.276518,-916388402.7144874,-916423708.454168,-916459408.7134567,-916263205.2047284,-916302205.386246,-916341645.8912492,-916381535.6059468,-916421883.8715664,-916462700.5195316,-921036064.1679645,-921058064.9161072,-921080162.4956226,-921102357.0180593,-921124648.7318522,-920857894.1396376,-920878135.2908044,-920898567.1829882,-920919197.3542027,-920940033.787807,-920961084.934866,-917307183.9629116,-917357656.9390368,-917408949.971668,-917461094.1073668,-917514122.056918,-918128948.9070616,-918187282.460176,-918246618.9011405,-918306995.2592092,-918368450.384384,-918711490.1531656,-918779960.085957,-918849308.2783788,-918919587.5274994,-918990853.6594588,-919063165.6433604,-919513432.051006,-919586205.0222024,-919660303.1381434,-919735788.0136546,-919812723.393889,-920573240.7650625,-920650162.5193576,-920728407.024266,-920808011.989367,-920889013.5745306,-921603998.8485458,-921684146.512884,-921765787.3479724,-921848952.3545396,-921933667.9245728,-923578507.6882443,-923589449.389918,-923600732.3300446,-923612391.2834884,-923624462.993703,-923636986.2061032,-924529798.1304111,-924485345.5445696,-924442894.0952415,-924402766.9883616,-924365315.5202596,-924459169.9987288,-924373855.0467762,-924289534.689478,-924206856.4345936,-924126612.0604886,-923268559.2210618,-923281946.3712876,-939238742.2255152,-939037227.0734304,-938802779.2851866,-938527109.025831,-938198541.099766,-938678483.6454128,-938183419.8271606,-937550545.5665276,-936709907.2658378,-935546564.8695692,-933084017.834376,0.0
2926.0,5288682.920287502,5277680.4740226,5266662.878296323,5255630.226164789,5244582.612528702,5233520.134152615,5222442.889684239,5211350.979673777,5200244.506593304,5189123.574856213,5177988.290836545,5166838.762888485,5155675.101365728,5144497.41864093,5133305.8291251045,5122100.449286971,5110881.397672377,5099648.794923501,5088402.763798256,5077143.429189341,5065870.918143533,5054585.359880644,5043286.885812553,5031975.629562067,5020651.726981719,5009315.316172376,4997966.537501816,4986605.533623049,4975232.449492591,4963847.432388475,4952450.631928155,4941042.200086126,4929622.291211412,4918191.062044803,4906748.67173582,4895295.281859443,4883831.05643256,4872356.161930133,4860870.767301045,4849375.043983575,4837869.165920621,4826353.309574472,4814827.653941212,4803292.380564724,4791747.673550259,4780193.719577562,4768630.707913508,4757058.830424257,4745478.281586847,4733889.258500285,4722291.960896058,4710686.591147987,4699073.354281599,4687452.457982579,4675824.112604891,4664188.531177878,4652545.92941277,4640896.525708407,4629240.541156136,4617578.199543867,4605909.727359276,4594235.35379206,4582555.310735317,4570869.8327859,4559179.157243763,4547483.524110265,4535783.1760853855,4524078.358563807,4512369.319629816,4500656.310050989,4488939.583270641,4477219.39539899,4465496.005202913,4453769.674094407,4442040.666117521,4430309.247933896,4418575.68880668,4406840.2605829965,4395103.237674628,4383364.897037186,4371625.518147377,4359885.382978685,4348144.775975044,4336403.984022746,4324663.296420323,4312923.004846494,4301183.403326049,4289444.788193594,4277707.458055208,4265971.713747729,4254237.858295994,4242506.196867482,4230777.036724809,4219050.68717558,4207327.459519854,4195607.666994991,4183891.624717869,4172179.6496244576,4160472.060406655,4148769.177446228,4137071.322746087,4125378.819858471,4113691.99381032,4102011.171025532,4090336.679244237,4078668.847438926,4067008.005727414,4055354.485282671,4043708.618239295,4032070.737596879,4020441.177119863,4008820.271234194,3997208.354920583,3985605.763604286,3974012.833041608,3962429.899202852,3950857.298151902,3939295.365922384,3927744.438390344,3916204.8511436,3904676.939347598,3893161.037608013,3881657.479829969,3870166.599074036,3858688.727409023,3847224.1957615633,3835773.333762884,3824336.469592352,3812913.9298184905,3801506.039237111,3790113.120707079,3778735.494983656,3767373.480549681,3756027.3934449134,3744697.5470935823,3733384.252130544,3722087.816226381,3710808.54391156,3699546.736400283,3688302.691414169,3677076.703006327,3665869.061386328,3654680.052746357,3643509.959089415,3632359.0580598414,3621227.6227770727,3610115.9216731526,3599024.218334804,3587952.771350912,3576901.8341663163,3565871.654942711,3554862.4764278457,3543874.5358340573,3532908.064727299,3521963.2889279583,3511040.4284248166,3500139.697303586,3489261.3036916973,3478405.4497208465,3467572.3315092493,3456762.139165461,3445975.0568158105,3435211.2626577,3424470.9290410727,3413754.2225805586,3403061.3043010645,3392392.3298195545,3381747.449566167,3371126.80904785,3360530.549158088,3349958.806536292,3339411.713980912,3328889.400920362,3318391.99394638,3307919.6174143124,3297472.3941156687,3287050.446028183,3276653.895149011,3266282.8644173304,3255937.4787326576,3245617.8660757383,3235324.158739426,3225056.494677061,3214815.018976719,3204599.8854700355,3194411.2584846457,3184249.314750277,3174114.245468696,3164006.2585585983,3153925.581087084,3143872.461900062,3133847.17446467,3123850.019937596,3113881.330473984,3103941.472792438,3094030.852012582,3084149.9157826267,3074299.1587153124,3064479.127151737,3054690.424273704,3044933.7155863782,3035209.7347942786,3025519.290095037,3015863.270916585,3006242.6551251085,2996658.5167324906,2987112.034133624,-915957885.8052176,-915971522.5419672,-915985447.346144,-915999662.9868644,-916014172.1739628,-916028977.5501864,-915834107.4060788,-915852824.3296058,-915871676.9027412,-915890661.6230376,-915909774.7376906,-916831511.3366784,-916875377.0065552,-916919723.0613362,-916964556.5542728,-917009884.7584754,-916770205.024765,-916819216.5770588,-916868777.7963296,-916918896.3568792,-916969580.2034842,-917020837.574527,-920763701.0036656,-920791853.313124,-920820132.8969992,-920848537.168467,-920877063.5341476,-920774902.541754,-920801248.0455751,-920827777.7640332,-920854495.3151138,-920881404.6143644,-920908509.8966984,-918370871.2495044,-918429639.8116076,-918489127.3267324,-918549353.6009284,-918610339.3991096,-919339805.2170796,-919402365.7770454,-919465632.3433068,-919529620.79165,-919594347.4066774,-919968983.98246,-920037521.0091772,-920106635.3028576,-920176350.4832442,-920246690.5735804,-920317679.86006,-920789652.2261848,-920857380.2914546,-920925726.198756,-920994695.6788992,-921064292.1414928,-921711589.7175158,-921772662.9770885,-921833834.2668216,-921895064.3669438,-921956307.9029784,-922630365.2265104,-922689155.2834536,-922747791.5202202,-922806203.5220652,-922864311.2465703,-923276016.6423768,-923285117.2294524,-923294381.2567558,-923303840.2008768,-923313527.8514576,-923323480.5611056,-923740559.1289376,-923733621.2989316,-923728610.7387356,-923725613.8697786,-923724707.2001884,-923375966.6977612,-923344797.1067412,-923317427.6754372,-923294303.7928888,-923275872.185822,-922885408.4738064,-922901385.564486,-937407246.7127455,-937160061.1335973,-936880582.2950332,-936561351.8805858,-936192366.6218764,-936637830.3979224,-936123558.5541804,-935502549.9377228,-934746092.06489,-933847666.5259871,-932113728.2483612,0.0
2925.0,5936460.01593578,5927451.595970534,5918432.148016648,5909401.751400855,5900360.48684366,5891308.436471163,5882245.68382663,5873172.313882063,5864088.413049722,5854994.069193392,5845889.371639717,5836774.411189254,5827649.280127544,5818514.072235949,5809368.882802329,5800213.808631661,5791048.948056382,5781874.400946602,5772690.268720131,5763496.654352266,5754293.66238544,5745081.398938499,5735859.971715924,5726629.490016638,5717390.064742636,5708141.808407325,5698884.835143456,5689619.260710999,5680345.202504357,5671062.779559508,5661772.112560625,5652473.323846409,5643166.537415994,5633851.878934367,5624529.475737495,5615199.456836866,5605861.952923635,5596517.09637223,5587165.021243454,5577805.863287082,5568439.759943819,5559066.850346746,5549687.2753221,5540301.177389469,5530908.700761271,5521509.991341598,5512105.19672427,5502694.466190227,5493277.950704096,5483855.802909946,5474428.177126281,5464995.229340036,5455557.117199832,5446114.000008118,5436666.038712546,5427213.395896155,5417756.2357666325,5408294.724144476,5398829.028449981,5389359.317689162,5379885.762438379,5370408.534827866,5360927.80852377,5351443.75870906,5341956.562062989,5332466.396739092,5322973.442341783,5313477.879901459,5303979.89184792,5294479.661982299,5284977.375447302,5275473.218695625,5265967.379456753,5256460.046701787,5246951.410606459,5237441.662512163,5227930.994885009,5218419.601272736,5208907.67625961,5199395.415418945,5189883.015263582,5180370.673193799,5170858.587443026,5161346.95702095,5151835.981654137,5142325.861724045,5132816.798202297,5123308.992583288,5113802.646813802,5104297.963219885,5094795.14443061,5085294.39329875,5075795.912818391,5066299.906039197,5056806.575977473,5047316.1255236585,5037828.757346501,5028344.673793531,5018864.076787878,5009387.167721428,4999914.147344015,4990445.215648775,4980980.571753386,4971520.413777338,4962064.938714837,4952614.342303574,4943168.81888896,4933728.561284075,4924293.760624886,4914864.6062209215,4905441.285401245,4896023.983355477,4886612.882970081,4877208.164659558,4867810.006192636,4858418.582513304,4849034.065556628,4839656.624059292,4830286.423364839,4820923.625223397,4811568.387586017,4802220.864393488,4792881.205359515,4783549.555748362,4774226.056146776,4764910.842230335,4755604.044523976,4746305.788156938,4737016.192611931,4727735.371468671,4718463.432141669,4709200.475612508,4699946.596156452,4690701.881063535,4681466.410354303,4672240.256490181,4663023.484078547,4653816.149572903,4644618.300967944,4635429.977490096,4626251.209283356,4617082.017090976,4607922.411933096,4598772.394780664,4589631.956225993,4580501.076150347,4571379.723388867,4562267.855393406,4553165.417893712,4544072.344557533,4534988.556650177,4525913.962694297,4516848.458130452,4507791.92497939,4498744.231506774,4489705.231891289,4480674.765897174,4471652.658552179,4462638.719832111,4453632.7443532925,4444634.511074182,4435643.78300773,4426660.306945827,4417683.813197847,4408714.015344741,4399750.61001092,4390793.276655836,4381841.677387607,4372895.456800992,4363954.241842373,4355017.641704538,4346085.247754034,4337156.633494486,4328231.354569083,4319308.948806003,4310388.936310407,4301470.819607439,4292554.083840349,4283638.197028656,4274722.610391186,4265806.758739558,4256890.060947587,4247971.920502899,4239051.726147085,4230128.852611469,4221202.661455689,4212272.502017102,4203337.71247923,4194397.621068221,4185451.54738687,4176498.803896076,4167538.6975547336,4158570.531629264,4149593.607685106,4140607.227773019,4131610.696823988,4122603.325267426,4113584.431888204,4104553.3469391447,4095509.41552665,4086452.001288239,4077380.490381952,4068294.2958090175,4059192.862092362,4050075.670335154,4040942.243685056,4031792.153231585,-915146467.7702688,-915162580.3631972,-915179057.2388368,-915195902.5388346,-915213120.3547428,-915230714.7184718,-915073670.0570768,-915096174.899966,-915118887.5558867,-915141804.7701876,-915164922.978942,-917197046.0879916,-917248160.353164,-917299813.4900078,-917352010.3349422,-917404755.730704,-917119753.7662784,-917176433.0259027,-917233721.9393934,-917291625.2919368,-917350147.8586476,-917409294.4083472,-920394605.5576156,-920427911.7720944,-920461365.6482044,-920494961.5363964,-920528693.591058,-920584305.1815616,-920615432.5641068,-920646703.23088,-920678115.261826,-920709666.7996104,-920741356.0675696,-919114204.6715916,-919176146.4775286,-919238563.971056,-919301460.121454,-919364837.9357582,-920105129.0247164,-920165209.3757116,-920225546.6847258,-920286132.858887,-920346959.0858986,-920726976.48008,-920789216.4849454,-920851537.5531106,-920913931.936108,-920976390.6197032,-921038903.1259685,-921465058.56106,-921520101.0486764,-921574978.7788852,-921629661.1923864,-921684114.6013288,-922150767.1302322,-922191787.8357228,-922232082.4417752,-922271600.790578,-922310289.8308758,-922972017.9459656,-923007933.4679004,-923042795.5768796,-923076536.9939004,-923109087.6904104,-922932917.3259102,-922940108.70972,-922947298.9291908,-922954525.6195296,-922961830.4019896,-922969259.3773715,-923299350.7666912,-923302589.5899988,-923306646.7052548,-923311561.6821272,-923317380.4250906,-922796312.654471,-922791741.3117386,-922789934.7810078,-922791010.9276584,-922795070.2063909,-922496840.4148653,-922511635.7367244,-935729493.3126256,-935464032.36521,-935170180.85854,-934842905.7221968,-934476237.6456232,-934940981.2004954,-934475661.0034128,-933955161.8162316,-933391888.186335,-932848449.5267904,-931639120.5618194,0.0
2924.0,6597490.354928062,6590474.006266248,6583450.581291995,6576420.144115791,6569382.75978791,6562338.494302805,6555287.414603359,6548229.5885849735,6541165.085099396,6534093.973958382,6527016.325937081,6519932.212777233,6512841.707190119,6505744.88285919,6498641.81444251,6491532.577574854,6484417.248869548,6477295.905919983,6470168.6273007775,6463035.492568716,6455896.58226319,6448751.977906377,6441601.762003018,6434446.018039753,6427284.830484135,6420118.28478312,6412946.467361202,6405769.465617993,6398587.367925419,6391400.263624287,6384208.243020507,6377011.397380605,6369809.818926785,6362603.600831337,6355392.837210506,6348177.623117704,6340958.054536033,6333734.228370215,6326506.2424377175,6319274.195459292,6312038.1870486,6304798.3177012,6297554.68878264,6290307.402515719,6283056.561966965,6275802.271032089,6268544.634420617,6261283.757639488,6254019.746975737,6246752.709478023,6239482.752937222,6232209.985865874,6224934.517476425,6217656.457658398,6210375.916954251,6203093.006534053,6195807.838168804,6188520.5242024325,6181231.177522394,6173939.911528852,6166646.840102347,6159352.07756996,6152055.73866989,6144757.938514365,6137458.792550959,6130158.416522006,6122856.926422419,6115554.438455507,6108251.0689869085,6100946.93449663,6093642.151528957,6086336.836640295,6079031.106344907,6071725.077058344,6064418.865038594,6057112.586324888,6049806.356674081,6042500.291494446,6035194.505776952,6027889.114023826,6020584.230174405,6013279.9675281085,6005976.438664537,5998673.755360588,5991372.028504401,5984071.368006232,5976771.88270596,5969473.680277318,5962176.867128605,5954881.54829986,5947587.827356389,5940295.806278482,5933005.585347364,5925717.263027043,5918430.935842184,5911146.698251749,5903864.642518327,5896584.858573023,5889307.433875851,5882032.453271423,5874759.998839881,5867490.149742939,5860222.982064804,5852958.568648035,5845696.978924078,5838438.27873832,5831182.530169632,5823929.791344227,5816680.116243661,5809433.554506818,5802190.151225858,5794949.946735842,5787712.976397986,5780479.270376334,5773248.853407776,5766021.744565202,5758797.957013639,5751577.497759326,5744360.36739139,5737146.559816182,5729936.061983997,5722728.853608033,5715524.906875511,5708324.186150735,5701126.647670063,5693932.239228409,5686740.899857488,5679552.559495289,5672367.138646976,5665184.548036866,5658004.6882514125,5650827.44937316,5643652.710605417,5636480.3398876805,5629310.193501579,5622142.115667337,5614975.938130695,5607811.479740014,5600648.54601387,5593486.928698656,5586326.405316509,5579166.738703365,5572007.676537148,5564848.95085615,5557690.277567606,5550531.355946516,5543371.868124815,5536211.478570892,5529049.833559783,5521886.560633899,5514721.268054798,5507553.5442459,5500382.957226696,5493209.054038452,5486031.360162016,5478849.378927868,5471662.590919005,5464470.453367034,5457272.399542078,5450067.838137004,5442856.1526467465,5435636.700743264,5428408.8136471845,5421171.7954967525,5413924.922715208,5406667.443377565,5399398.576577993,5392117.51179901,5384823.408283876,5377515.394413563,5370192.567090132,5362853.991127985,5355498.698655103,5348125.688526133,5340733.925749678,5333322.3409320265,5325889.829740036,5318435.252385814,5310957.433136253,5303455.159850602,5295927.183549567,5288372.218019659,5280788.93945672,5273175.986153062,5265531.958232733,5257855.417439936,5250144.886985922,5242398.8514601085,5234615.7568114735,5226794.010407028,5218931.981174235,5211027.999835117,5203080.359240131,5195087.314810654,5187047.085099295,5178957.852478371,5170817.763967122,5162624.932209335,5154377.436613969,5146073.324671967,5137710.613463716,5129287.291372602,5120801.320021222,5112250.636447984,5103633.155543523,5094946.772767181,5086189.367166164,-914314421.5106575,-914332317.8628592,-914350642.2236844,-914369400.0283322,-914388596.6823256,-914408237.5513828,-914263951.2910242,-914289608.615492,-914315546.3974144,-914341762.1641712,-914368253.107374,-917388124.518824,-917444260.0830796,-917500958.2522728,-917558220.9798312,-917616049.9873788,-917284344.9645792,-917346208.6284642,-917408703.314344,-917471830.1676629,-917535590.0104796,-917599983.3229402,-919910338.1895823,-919947798.882972,-919985428.607136,-920023218.8790497,-920061160.8059714,-920267310.1201396,-920302123.0693882,-920337026.9410183,-920372013.6953166,-920407075.064203,-920442202.562124,-919524731.405122,-919586106.5694494,-919647662.6847384,-919709385.621862,-919771260.5049484,-920453094.078087,-920507258.2691303,-920561251.6890988,-920615048.6164612,-920668622.2683016,-921040545.460791,-921093915.4209076,-921146905.8288538,-921199488.8259672,-921251635.2099354,-921303314.3729736,-921659603.9436728,-921701106.9405886,-921741916.2052728,-921781995.3777626,-921821307.203426,-922128748.5694312,-922154796.0591532,-922179879.64295,-922203978.4396588,-922227073.4771444,-922887853.8080666,-922909245.7148803,-922929497.8976722,-922948592.6013818,-922966515.437705,-922563571.3776916,-922569703.6858484,-922575663.015175,-922581493.95391,-922587246.6056304,-922592977.0733718,-922927378.6722264,-922930489.8318044,-922933856.3405774,-922937556.3609048,-922941680.956905,-922389382.7639618,-922390134.973066,-922392267.1923798,-922395888.1274508,-922401133.3513192,-922103961.9793552,-922115086.7940131,-934242285.2793996,-933976802.4606872,-933690146.4493316,-933380516.3655578,-933046767.4551092,-933566948.6351876,-933190934.9152544,-932810821.3220505,-932461890.663419,-932217623.290267,-931284358.7526474,0.0
2923.0,7269656.621659957,7264624.823518142,7259589.731981034,7254551.3948236,7249509.860310625,7244465.177194353,7239417.394711761,7234366.562581496,7229312.731000651,7224255.950641061,7219196.27264541,7214133.748622935,7209068.430644726,7204000.371238882,7198929.62338496,7193856.240508311,7188780.276473908,7183701.78557973,7178620.822549764,7173537.442526544,7168451.701063162,7163363.654114967,7158273.358030517,7153180.869542281,7148086.245756579,7142989.544143131,7137890.822523931,7132790.139061596,7127687.552247102,7122583.120886799,7117476.904088875,7112368.961249147,7107259.352036034,7102148.136374924,7097035.374431752,7091921.1265958175,7086805.453461756,7081688.415810749,7076570.074590849,7071450.490896434,7066329.725946715,7061207.841063353,7056084.89764709,7050960.957153354,7045836.081066839,7040710.330875026,7035583.768040585,7030456.453972622,7025328.449996812,7020199.817324188,7015070.617018827,7009940.909964131,7004810.756827764,6999680.218025332,6994549.353682451,6989418.223595511,6984286.887190816,6979155.403482201,6974023.831027022,6968892.227880489,6963760.651548247,6958629.158937208,6953497.806304575,6948366.649204911,6943235.742435316,6938105.1399785895,6932974.894944306,6927845.059507741,6922715.684846652,6917586.821075706,6912458.517178688,6907330.820938144,6902203.77886266,6897077.43611155,6891951.836416863,6886827.022002689,6881703.033501713,6876579.9098687805,6871457.688291587,6866336.40409822,6861216.09066158,6856096.779300551,6850978.499177797,6845861.277194126,6840745.1378792655,6835630.103279037,6830516.19283867,6825403.423282334,6820291.808488568,6815181.359361688,6810072.083698899,6804963.986053074,6799857.067591017,6794751.325947126,6789646.7550723385,6784543.345078085,6779441.082075321,6774339.948008308,6769239.920483112,6764140.972590563,6759043.072723694,6753946.18438926,6748850.26601336,6743755.270740949,6738661.14622901,6733567.834433297,6728475.271388372,6723383.386980852,6718292.104715614,6713201.341474768,6708111.007269254,6703021.004982725,6697931.230107745,6692841.570473844,6687751.905967371,6682662.108242862,6677572.040425716,6672481.55680597,6667390.502522896,6662298.713240231,6657206.014811717,6652112.222936865,6647017.142806481,6641920.56873785,6636822.2837993065,6631722.05942385,6626619.655011619,6621514.817520859,6616407.281047223,6611296.766391084,6606182.98061249,6601065.616573565,6595944.352468144,6590818.851338092,6585688.7605762975,6580553.711415878,6575413.318405289,6570267.178869222,6565114.872354627,6559955.960062033,6554789.9842614,6549616.467692529,6544434.912949559,6539244.8018492665,6534045.594782995,6528836.730051657,6523617.623183844,6518387.66623644,6513146.2270776965,6507892.648652328,6502626.248228453,6497346.316626082,6492052.117426872,6486742.886164956,6481417.829498606,6476076.124362478,6470716.917100297,6465339.322577716,6459942.42327532,6454525.26836146,6449086.872744969,6443626.216107599,6438142.241916028,6432633.856413638,6427099.927591822,6421539.284141017,6415950.714381538,6410332.96517433,6404684.740811789,6399004.701888942,6393291.464155309,6387543.597347759,6381759.624004829,6375938.018263035,6370077.204635769,6364175.556775456,6358231.39621979,6352242.991122958,6346208.554972878,6340126.245295499,6333994.1623476455,6327810.3477996215,6321572.78340935,6315279.389689716,6308928.0245711,6302516.48206134,6296042.490905378,6289503.71324748,6282897.7432986,6276222.106012435,6269474.255773442,6262651.575100824,6255751.373372609,6248770.885574521,6241707.271078708,6234557.612457942,6227318.91434126,6219988.102317791,6212562.021896115,6205037.437526999,6197411.031698342,6189679.404111865,6181839.070951942,6173886.46425815,6165817.931413872,6157629.73476491,6149318.051382932,-913455536.180399,-913474400.0870388,-913493741.7441144,-913513567.8183776,-913533884.9819766,-913554699.903194,-913395342.5042356,-913423378.1130446,-913451767.087958,-913480508.377828,-913509600.6098092,-917386754.710743,-917445712.0814822,-917505233.9487509,-917565319.600184,-917625967.8847976,-917246697.856055,-917311320.4825716,-917376572.3119144,-917442451.1907568,-917508954.3692076,-917576078.4621414,-919298135.6618092,-919338804.351534,-919379675.7913964,-919420739.5602744,-919461984.6227694,-919811807.6888112,-919849544.2792712,-919887334.151956,-919925163.7651136,-919963019.03667,-920000885.3436816,-919615472.8490334,-919674329.756524,-919733113.7257326,-919791797.5915512,-919850352.9626328,-920444114.4928638,-920492175.3335,-920539782.169588,-920586900.8755336,-920633496.474776,-920992693.6611466,-921038204.5544776,-921083052.0380304,-921127200.9176674,-921170615.4225612,-921213259.3191712,-921510424.1397026,-921542161.1885968,-921572987.9722108,-921602877.5185244,-921631804.398031,-921840285.048902,-921859117.6799872,-921877047.5441928,-921894076.9358397,-921910212.0936648,-922560395.7894256,-922576423.445162,-922591536.7047744,-922605751.7507442,-922619089.9565057,-922176659.5161352,-922183066.4683836,-922189058.813382,-922194679.494769,-922199978.349792,-922205012.5948976,-922572293.8197052,-922573953.8380193,-922575475.5114917,-922576944.393826,-922578457.6285024,-922046796.2678344,-922044885.6792952,-922043409.2786412,-922042505.0917344,-922042346.6958758,-921725853.1890924,-921729789.3642924,-932964502.2052268,-932711442.2738736,-932445515.0452856,-932167989.6418096,-931881937.7584692,-932472256.2270844,-932193195.4908133,-931946208.6030644,-931768991.3909016,-931713111.5300406,-930917061.7867957,0.0
2922.0,7950853.691630367,7947793.613506613,7944733.858976203,7941674.458724871,7938615.443489587,7935556.844049829,7932498.691218382,7929441.015831889,7926383.848740891,7923327.220799534,7920271.162854893,7917215.705735831,7914160.880241386,7911106.717128807,7908053.247101087,7905000.500793943,7901948.508762428,7898897.301466942,7895846.909258746,7892797.362364949,7889748.69087291,7886700.924714096,7883654.093647304,7880608.227241306,7877563.3548568385,7874519.505627945,7871476.708442658,7868434.991922989,7865394.384404167,7862354.913913157,7859316.608146464,7856279.494447058,7853243.599780593,7850208.950710698,7847175.573373467,7844143.493451056,7841112.736144336,7838083.326144598,7835055.287604345,7832028.644107044,7829003.41863577,7825979.6335409265,7822957.310506763,7819936.470516785,7816917.133817989,7813899.319883937,7810883.047376494,7807868.334106389,7804855.196992375,7801843.652019089,7798833.714193448,7795825.397499658,7792818.714852654,7789813.6780501,7786810.297722731,7783808.583283074,7780808.542872486,7777810.183306495,7774813.510018263,7771818.527000308,7768825.236744234,7765833.640178563,7762843.736604499,7759855.523629638,7756868.997099533,7753884.151027008,7750900.977519236,7747919.466702446,7744939.6066441955,7741961.383273136,7738984.780296264,7736009.779113444,7733036.358729191,7730064.495661768,7727094.163849156,7724125.334552227,7721157.976254732,7718192.054560112,7715227.532085044,7712264.368349606,7709302.519663993,7706341.93901155,7703382.575928198,7700424.376377984,7697467.282624778,7694511.233099804,7691556.162265127,7688602.000472716,7685648.673819164,7682696.103995809,7679744.208134142,7676792.89864635,7673842.083060922,7670891.663853008,7667941.538269543,7664991.598148911,7662041.729734882,7659091.813484836,7656141.723871969,7653191.329181304,7650240.491299405,7647289.065497471,7644336.900207768,7641383.836793049,7638429.709308831,7635474.344258297,7632517.560339596,7629559.168185336,7626598.970093941,7623636.759752786,7620672.321952709,7617705.432293686,7614735.856881543,7611763.352015112,7608787.66386394,7605808.52813594,7602825.669734854,7599838.802407213,7596847.628378377,7593851.83797746,7590851.109250704,7587845.107563061,7584833.4851874625,7581815.880881671,7578791.91945199,7575761.211303848,7572723.351978503,7569677.921675745,7566624.48476192,7563562.589263086,7560491.766342699,7557411.529763416,7554321.375332623,7551220.780331081,7548109.202924271,7544986.081555966,7541850.83432346,7538702.858333871,7535541.529041147,7532366.199562951,7529176.199977163,7525970.8365971,7522749.39122508,7519511.120383543,7516255.254523239,7512980.997207725,7509687.524273504,7506373.982965174,7503039.491044851,7499683.135875164,7496303.973475025,7492901.027547492,7489473.288478932,7486019.712308668,7482539.219668288,7479030.694689882,7475492.983882263,7471924.894974329,7468325.195724688,7464692.612696774,7461025.829998289,7457323.487984259,7453584.181922595,7449806.460621419,7445988.825016838,7442129.726720478,7438227.566525617,7434280.692870859,7430287.400260471,7426245.927640106,7422154.456727031,7418011.110293774,7413813.950403906,7409560.976599251,7405250.12403703,7400879.261576134,7396446.189811334,7391948.639054366,7387384.267260814,7382750.657901734,7378045.317779023,7373265.674783468,7368409.075594531,7363472.783320921,7358453.975081022,7353349.739522427,7348157.074279657,7342872.883369501,7337493.974523302,7332017.056455607,7326438.736068965,7320755.515594425,7314963.789667719,7309059.842341247,7303039.844032014,7296899.848406175,7290635.78920086,7284243.47698434,7277718.595856083,7271056.700088276,7264253.210711311,7257303.412045615,7250202.448183473,7242945.3194244495,7235526.878669179,7227941.8277768735,7220184.71389289,-912565386.4982694,-912584316.0802288,-912603758.1263047,-912623720.469242,-912644210.9976242,-912665237.6489736,-912460659.5041384,-912490175.5767227,-912520116.7268811,-912550483.9733036,-912581278.0709972,-917184025.3114514,-917243756.4372296,-917304045.7974442,-917364891.0441276,-917426289.2644396,-916999269.1909868,-917064417.1148032,-917130185.3215148,-917196569.6991012,-917263565.37051,-917331166.6414242,-918550312.9769498,-918593301.0927044,-918636547.3503048,-918680040.9165016,-918723770.1882454,-919210572.839213,-919250794.187286,-919291069.7207792,-919331382.1744694,-919371713.4483974,-919412044.5899904,-919414251.4638928,-919470304.0961522,-919526139.263567,-919581723.0020326,-919637019.908771,-920145919.2738086,-920189977.1949924,-920233489.1632428,-920276419.5095588,-920318731.8931768,-920665909.9383357,-920706858.2777756,-920747068.4308366,-920786504.4029684,-920825130.0766622,-920862909.3979038,-921129090.0777776,-921156591.3780296,-921183171.0828114,-921208806.7825243,-921233478.2307396,-921400758.8934916,-921418854.471289,-921436109.6064591,-921452523.6478404,-921468099.420971,-922080097.9474572,-922096537.6957096,-922112176.1082152,-922127029.5363806,-922141119.8890196,-921772172.2673328,-921780676.234525,-921788424.038119,-921795442.4042876,-921801766.4704244,-921807440.5668384,-922230482.4198768,-922232097.4989096,-922233097.8739008,-922233556.797558,-922233558.866061,-921754765.4737594,-921750044.7478032,-921744991.4709972,-921739706.0854586,-921734305.3139472,-921400011.825648,-921395296.0149784,-931922775.5122552,-931691290.9190284,-931453920.887198,-931213772.8561536,-930976083.778097,-931631924.7055635,-931429018.6579936,-931271236.5220928,-931186796.6106114,-931204393.5124528,-930462675.8010108,0.0
2921.0,8638995.921860775,8637889.688408481,8636787.233923325,8635688.571604915,8634593.714283302,8633502.674404508,8632415.464015547,8631332.09474909,8630252.57780759,8629176.923947066,8628105.143460296,8627037.246159608,8625973.241359085,8624913.13785636,8623856.943913788,8622804.66723911,8621756.314965561,8620711.893631397,8619671.409158781,8618634.866832148,8617602.271275852,8616573.626431216,8615548.935532905,8614528.201084597,8613511.42483396,8612498.607746918,8611489.749981131,8610484.850858752,8609483.908838354,8608486.92148605,8607493.885445796,8606504.79640882,8605519.649082128,8604538.437156165,8603561.153271452,8602587.788984345,8601618.334731705,8600652.779794622,8599691.112261001,8598733.31898715,8597779.385558154,8596829.296247186,8595883.033973556,8594940.580259558,8594001.91518611,8593067.017346995,8592135.863801884,8591208.430027861,8590284.689869655,8589364.615488296,8588448.177308364,8587535.343963647,8586626.082241185,8585720.357023723,8584818.13123043,8583919.365755904,8583024.01940738,8582132.048840031,8581243.408490475,8580358.050508225,8579475.924685147,8578596.978382872,8577721.156457968,8576848.401185025,8575978.652177341,8575111.84630534,8574247.917612556,8573386.797229078,8572528.413282484,8571672.690806052,8570819.551644355,8569968.914355906,8569120.694113,8568274.802598484,8567431.147899572,8566589.63439831,8565750.162658893,8564912.629311541,8564076.92693295,8563242.943923034,8562410.564378116,8561579.667960156,8560750.129762135,8559921.820169352,8559094.604716497,8558268.343940426,8557442.893228507,8556618.102662332,8555793.816856671,8554969.87479358,8554146.109651461,8553322.348628841,8552498.412762892,8551674.116742307,8550849.268714543,8550023.670087079,8549197.115322668,8548369.391728263,8547540.279237445,8546709.550186198,8545876.969081808,8545042.29236448,8544205.268161824,8543365.636035599,8542523.126720618,8541677.461855672,8540828.353705965,8539975.504877042,8539118.608019728,8538257.345525963,8537391.38921506,8536520.400010204,8535644.027604856,8534761.91011866,8533873.673742589,8532978.932372954,8532077.287233852,8531168.326487781,8530251.624833956,8529326.743093915,8528393.22778406,8527450.610674616,8526498.408334667,8525536.121662647,8524563.235402003,8523579.217641355,8522583.519298743,8521575.573589418,8520554.79547656,8519520.581104431,8518472.307213373,8517409.330535948,8516330.987173665,8515236.591953691,8514125.437764697,8512996.794871317,8511849.9102064,8510684.006640317,8509498.282226514,8508291.909422629,8507064.034286126,8505813.77564383,8504540.224234216,8503242.441821741,8501919.460282138,8500570.28065762,8499193.872181209,8497789.171268785,8496355.080478081,8494890.467433129,8493394.163713338,8491864.963705674,8490301.623418838,8488702.859258045,8487067.346759062,8485393.719280094,8483680.566649977,8481926.43377133,8480129.819176849,8478289.173537271,8476402.898119383,8474469.343192007,8472486.806378528,8470453.530953826,8468367.704083744,8466227.455005098,8464030.853144038,8461775.906170785,8459460.557988219,8457082.68665225,8454640.102221485,8452130.544533605,8449551.680906016,8446901.103758005,8444176.328151777,8441374.789249282,8438493.839682214,8435530.746831793,8432482.690015506,8429346.757577274,8426119.943877932,8422799.146182388,8419381.161440047,8415862.682954654,8412240.29693999,8408510.478957385,8404669.59023108,8400713.873837419,8396639.45076358,8392442.315831624,8388118.333483434,8383663.233422068,8379072.606104952,8374341.898084306,8369466.40719012,8364441.277550852,8359261.494447133,8353921.878993674,8348417.082644607,8342741.581517352,8336889.670530517,8330855.457351128,8324632.856146579,8318215.581137302,8311597.13994587,8304770.826738811,8297729.715157795,-911641507.106093,-911659552.194625,-911678128.6830478,-911697245.4727062,-911716911.5843296,-911737136.1548388,-911455318.760104,-911485305.9372787,-911515785.7957298,-911546761.9763994,-911578237.9566444,-916779145.0579566,-916837813.9291824,-916897037.7840326,-916956814.2287704,-917017140.2906196,-916543118.2356136,-916606812.3025422,-916671123.5339024,-916736047.879607,-916801580.5021929,-916867715.7203468,-917663470.9758412,-917707907.3930312,-917752684.0842044,-917797791.8072495,-917843220.484563,-918459323.0070322,-918501791.8759311,-918544371.0149224,-918587042.1826454,-918629786.072902,-918672582.2740875,-918953281.6138904,-919007396.4237164,-919061291.6362628,-919114932.9426888,-919168284.5211169,-919615280.6873628,-919658425.5146004,-919701111.9706324,-919743306.1377563,-919784973.1839528,-920123425.9023428,-920163877.3362436,-920203693.5686046,-920242838.2434876,-920281274.4141454,-920318964.66066,-920584780.724056,-920613376.719738,-920641135.7185408,-920668026.5735676,-920694018.8987168,-920858991.6908424,-920880942.7689234,-920902030.1199892,-920922228.493212,-920941514.2620589,-921481343.2521024,-921501141.6584138,-921520012.7661792,-921537941.0164326,-921554915.3793584,-921340788.9115616,-921354019.8961492,-921366084.5207316,-921376972.8545338,-921386683.907352,-921395227.0142362,-921896013.5327146,-921900472.518294,-921903744.6812154,-921905880.9021178,-921906947.3204032,-921512302.1925718,-921508431.1239284,-921503635.1472924,-921498000.8300222,-921491619.7422248,-921162661.5205836,-921154299.96271,-931136149.4813842,-930937683.9078456,-930739020.9932752,-930543761.7355458,-930357060.6973908,-931070386.8055786,-930924672.1560236,-930814726.2903343,-930749253.637294,-930729272.9659826,-929881218.6848503,0.0
2920.0,9332024.08052805,9332849.04274405,9333681.08317336,9334520.197473738,9335366.380536152,9336219.626465255,9337079.928559396,9337947.279290138,9338821.670281246,9339703.092287252,9340591.535171412,9341486.987883205,9342389.438435216,9343298.873879516,9344215.280283391,9345138.6427046,9346068.94516587,9347006.170628916,9347950.300967688,9348901.316941077,9349859.198164849,9350823.923082955,9351795.468938077,9352773.811741486,9353758.926242098,9354750.785894822,9355749.362828037,9356754.627810342,9357766.55021637,9358785.097991835,9359810.237617625,9360841.934073027,9361880.150798008,9362924.849654496,9363975.990886766,9365033.53308072,9366097.433122149,9367167.64615396,9368244.12553228,9369326.822781362,9370415.687547458,9371510.667551365,9372611.70853981,9373718.754235549,9374831.74628614,9375950.62421142,9377075.325349556,9378205.784801682,9379341.935375111,9380483.707524976,9381631.029294424,9382783.82625308,9383942.02143398,9385105.535268787,9386274.285521232,9387448.187218824,9388627.152582644,9389811.090955311,9390999.908726972,9392193.509259235,9393391.792807098,9394594.656438677,9395801.993952775,9397013.6957942,9398229.64896668,9399449.736943452,9400673.839575255,9401901.832995957,9403133.589525327,9404368.977569254,9405607.861517107,9406850.101636192,9408095.553963244,9409344.07019291,9410595.49756297,9411849.67873637,9413106.451679856,9414365.649539156,9415627.10051054,9416890.627708755,9418156.0490311,9419423.177017575,9420691.818706954,9421961.775488764,9423232.842950804,9424504.810722291,9425777.462312412,9427050.574944057,9428323.919382678,9429597.259760115,9430870.353393145,9432142.950596573,9433414.794490924,9434685.62080414,9435955.157667505,9437223.12540529,9438489.236318136,9439753.1944598,9441014.695407152,9442273.426023126,9443529.064212449,9444781.278669871,9446029.728620617,9447274.063552875,9448513.92294195,9449748.935965898,9450978.721212272,9452202.886375727,9453421.027946142,9454632.730886936,9455837.568303255,9457035.101099651,9458224.877626937,9459406.433317753,9460579.29031058,9461742.957061656,9462896.927944466,9464040.682836324,9465173.68669162,9466295.389101245,9467405.223837657,9468502.608385194,9469586.943454968,9470657.612483878,9471713.981117174,9472755.396673866,9473781.187594583,9474790.66287095,9475783.111456055,9476757.80165526,9477713.98049648,9478650.873079458,9479567.681902982,9480463.58616942,9481337.741065647,9482189.277019575,9483017.29893118,9483820.88537737,9484599.087789437,9485350.929602228,9486075.405373994,9486771.479875589,9487438.087148145,9488074.129527869,9488678.476636706,9489249.96433762,9489787.39365312,9490289.529645618,9490755.100258157,9491182.795113942,9491571.264273165,9491919.116945378,9492224.920155752,9492487.19736335,9492704.427029643,9492875.0411352,9492997.423642628,9493069.908903526,9493090.780007388,9493058.267069986,9492970.545458935,9492825.733953984,9492621.892839296,9492357.021925043,9492029.058495617,9491635.875181256,9491175.277750231,9490645.00281828,9490042.715471914,9489366.006802185,9488612.391345264,9487779.304425951,9486864.099400297,9485864.044793077,9484776.321325958,9483598.01883176,9482326.133050218,9480957.562300364,9479489.1040244,9477917.451197907,9476239.188600736,9474450.788942942,9472548.60883976,9470528.884629412,9468387.728027215,9466121.121609358,9463724.91411922,9461194.815588985,9458526.392268946,9455715.061356712,9452756.085517902,9449644.567190051,9446375.442660764,9442943.475910958,9439343.252213806,9435569.17147933,9431615.441334745,9427476.069929732,9423144.858456053,9418615.393369991,9413881.038306374,9408934.925671997,9403769.94790637,9398378.748397348,9392753.712038536,9386886.955415754,9380770.316608883,-910683463.6033028,-910699660.9565012,-910716392.3126664,-910733667.483276,-910751496.4708284,-910769889.4703528,-910377447.6884152,-910406797.597386,-910436699.4018824,-910467159.7219652,-910498185.1491094,-916178149.491076,-916234135.6877656,-916290682.8232486,-916347790.2378904,-916405456.7986864,-915886426.727212,-915946941.3779732,-916008082.7918909,-916069849.2217624,-916132238.2671074,-916195246.8234204,-916637733.3267708,-916682691.4563963,-916728097.8944428,-916773947.207214,-916820233.1840974,-917555165.131378,-917599646.161852,-917644354.6941952,-917689274.911076,-917734389.82287,-917779681.2035072,-918261354.807852,-918314854.608471,-918368273.9286648,-918421583.7597148,-918474753.5650704,-918889170.1452372,-918934328.6650968,-918979259.1016442,-919023931.1076232,-919068312.8155272,-919402091.3527478,-919445705.7132674,-919488925.0516664,-919531712.0032212,-919574027.4291296,-919615830.3738058,-919906240.3021954,-919940286.32153,-919973651.2813188,-920006286.8349502,-920038142.817314,-920222199.8113517,-920251591.569444,-920280098.527676,-920307661.757638,-920334220.9658875,-920778290.5730536,-920803986.8444424,-920828525.6059892,-920851836.8066502,-920873850.7571964,-920862472.2716566,-920884131.0077324,-920904246.317686,-920922747.6534464,-920939570.5370828,-920954658.504329,-921549330.7850904,-921560879.8632518,-921570597.8852892,-921578485.2430907,-921584563.8344746,-921298070.9467678,-921299902.2621032,-921300285.8186468,-921299354.466103,-921297268.5331044,-921001580.0443484,-920997830.4319036,-930569225.7259976,-930414457.2233922,-930264888.8864202,-930124371.8972174,-929997705.0048572,-930766612.8821356,-930684777.0942882,-930632506.6602511,-930608750.2755226,-930603587.0385258,-929727437.9318802,0.0
2919.0,10027911.89555308,10030640.90603282,10033380.14420272,10036129.588442272,10038889.215995532,10041659.002947308,10044438.924198903,10047228.953443293,10050029.063139878,10052839.22448862,10055659.407403642,10058489.580486303,10061329.710997695,10064179.76483052,10067039.706480363,10069909.49901645,10072789.10405163,10075678.481711764,10078577.590604562,10081486.387787532,10084404.828735383,10087332.867306734,10090270.455709925,10093217.544468245,10096174.082384368,10099140.016503846,10102115.292078022,10105099.852525923,10108093.639395406,10111096.592323389,10114108.648995187,10117129.745102922,10120159.814303031,10123198.788172748,10126246.596165609,10129303.165565925,10132368.421442265,10135442.286599742,10138524.681531295,10141615.52436784,10144714.730827097,10147822.21416146,10150937.885104386,10154061.651815712,10157193.419825535,10160333.091976836,10163480.56836665,10166635.7462859,10169798.52015772,10172968.78147431,10176146.4187322,10179331.317366,10182523.359680468,10185722.424780926,10188928.38850193,10192141.123334171,10195360.49834956,10198586.379124423,10201818.627660742,10205057.102305416,10208301.657667482,10211552.144533178,10214808.409778878,10218070.296281733,10221337.64282804,10224610.284019187,10227888.050175194,10231170.76723565,10234458.256658126,10237750.335313808,10241046.81538045,10244347.50423238,10247652.204327611,10250960.7130919,10254272.82279962,10257588.32045151,10260906.987648938,10264228.600464828,10267552.92931098,10270879.738801705,10274208.787613709,10277539.828342045,10280872.607352007,10284206.86462684,10287542.333611226,10290878.74105014,10294215.806823311,10297553.243774785,10300890.757537574,10304228.04635337,10307564.8008868,10310900.704034414,10314235.430728007,10317568.647732109,10320900.013435528,10324229.177636657,10327555.781322336,10330879.456440125,10334199.825663663,10337516.502150912,10340829.089295091,10344137.18046788,10347440.358754834,10350738.196682632,10354030.25593776,10357316.087076545,10360595.229226025,10363867.20977553,10367131.54405839,10370387.735023644,10373635.272897266,10376873.63483249,10380102.284549056,10383320.671960603,10386528.232790142,10389724.3881729,10392908.54424625,10396080.091726149,10399238.40546953,10402382.844022293,10405512.749152165,10408627.445366012,10411726.239410875,10414808.419758253,10417873.256070849,10420919.99865121,10423947.877871571,10426956.103584092,10429943.864510776,10432910.327612314,10435854.637435012,10438775.915434886,10441673.259278124,10444545.742116934,10447392.41183981,10450212.2902952,10453004.372487526,10455767.625744514,10458500.988854509,10461203.3711728,10463873.651695589,10466510.678100202,10469113.265750457,10471680.196665442,10474210.218450418,10476702.04318832,10479154.34629009,10481565.765302226,10483934.898669856,10486260.304453405,10488540.49899688,10490773.955545958,10492959.10281356,10495094.323490877,10497177.952701423,10499208.276395882,10501183.529685032,10503101.895108417,10504961.500835652,10506760.418797942,10508496.662746407,10510168.18623442,10511772.880520497,10513308.572388358,10514773.02188069,10516163.91994271,10517478.885971762,10518715.465268783,10519871.12638743,10520943.258376284,10521929.167909607,10522826.07630163,10523631.116399288,10524341.32934814,10524953.66122568,10525464.959536394,10525871.969562218,10526171.330562215,10526359.571814466,10526433.108493432,10526388.237375235,10526221.132363288,10525927.83982609,10525504.27373897,10524946.210620694,10524249.28425603,10523408.98019434,10522420.630014278,10521279.405344054,10519980.31162612,10518518.18161485,10516887.668595085,10515083.239308992,10513099.16657802,10510929.52160618,10508568.165950324,10506008.74314231,10503244.6699475,10500269.12724306,10497075.050499083,10493655.11984477,10490001.7497009,10486107.077959478,10481962.954690184,10477560.93035277,10472892.243493596,10467947.807903472,-909692834.0314952,-909706239.8957236,-909720165.6478484,-909734621.7662288,-909749618.9928646,-909765168.3401036,-909227951.331335,-909255473.4299802,-909283592.9444684,-909312319.553796,-909341663.066144,-915392540.9874996,-915444402.7996868,-915496840.7993176,-915549857.6323808,-915603455.6808178,-915042959.3440882,-915098777.1655896,-915155243.7540718,-915212361.634655,-915270132.9489244,-915328559.4185936,-915476192.6894574,-915520604.508437,-915565591.042032,-915611152.7463708,-915657289.50273,-916495818.9241664,-916541845.9776944,-916588272.3765804,-916635088.3364304,-916682282.9771464,-916729844.2424252,-917359723.8276068,-917413703.1158036,-917467855.365097,-917522161.5095304,-917576601.0375322,-917984219.7530932,-918033361.2591492,-918082608.6363173,-918131938.085325,-918181323.7134076,-918514092.1513252,-918563410.828322,-918612687.11521,-918661885.6108314,-918710967.9394368,-918759892.5347326,-919091423.952955,-919134135.7490596,-919176441.5490208,-919218278.9590333,-919259581.0855166,-919473318.3026714,-919513390.8666768,-919552711.4548466,-919591192.2629534,-919628740.31927,-919977042.131937,-920012496.859872,-920046746.1810372,-920079665.8088764,-920111125.2387328,-920303688.4321666,-920338436.5847436,-920371472.7645148,-920402648.8805383,-920431814.4883084,-920458818.5217304,-921153210.121328,-921177391.1059192,-921199106.5575204,-921218245.7926615,-921234717.4895936,-921064769.7130636,-921076872.5538568,-921086626.7971634,-921094137.3904996,-921099568.9640832,-920840060.7541132,-920843063.3526796,-930117302.4507296,-930004976.6310654,-929900328.5731368,-929806873.089102,-929728451.5356456,-930536527.440954,-930498050.7976671,-930480960.3013388,-930479862.4021474,-930480545.5260456,-929575533.4141892,0.0
2918.0,10724672.205643209,10729273.895909688,10733888.8205137,10738516.941112388,10743158.217891406,10747812.609537764,10752480.073212031,10757160.564520163,10761854.037484704,10766560.444515487,10771279.736379802,10776011.862171937,10780756.769282231,10785514.403365431,10790284.708308566,10795067.626198089,10799863.097286465,10804671.0599581,10809491.450694568,10814324.20403923,10819169.25256108,10824026.526817989,10828895.955319088,10833777.464486558,10838670.978616526,10843576.4198393,10848493.70807868,10853422.76101062,10858363.494020846,10863315.820161829,10868279.650108697,10873254.892114408,10878241.45196385,10883239.23292712,10888248.13571174,10893268.05841396,10898298.89646896,10903340.542600064,10908392.886766858,10913455.816112228,10918529.21490822,10923612.964500768,10928706.943253264,10933811.026488831,10938925.086431433,10944048.99214556,10949182.609474752,10954325.800978629,10959478.425868591,10964640.339942064,10969811.395515218,10974991.4413543,10980180.322605226,10985377.880721703,10990583.953391643,10995798.37446187,11001020.973861132,11006251.577521196,11011490.00729627,11016736.080880316,11021989.611722576,11027250.408940922,11032518.277233277,11037793.016786763,11043074.4231847,11048362.287311316,11053656.39525412,11058956.528203834,11064262.462351857,11069573.968785116,11074890.813378347,11080212.756683491,11085539.553816486,11090870.954340916,11096206.702148842,11101546.53533839,11106890.186088229,11112237.380528744,11117587.838609708,11122941.273964517,11128297.393770754,11133655.898607,11139016.482305676,11144378.831802037,11149742.62697882,11155107.54050673,11160473.237680446,11165839.376250004,11171205.606247429,11176571.56980858,11181936.900989654,11187301.22557871,11192664.160901546,11198025.315621996,11203384.28953645,11208740.673362212,11214094.048519667,11219443.986907993,11224790.050674036,11230131.791974377,11235468.752729977,11240800.464373594,11246126.447589189,11251446.212043475,11256759.25610904,11262065.066578835,11267363.118371692,11272652.874228504,11277933.784398844,11283205.286317404,11288466.804270145,11293717.749049604,11298957.517599024,11304185.492644712,11309401.04231647,11314603.519755336,11319792.262708316,11324966.59310956,11330125.8166474,11335269.222316816,11340396.08195655,11345505.64977053,11350597.161832716,11355669.835574891,11360722.869256623,11365755.441416694,11370766.710305303,11375755.813296162,11380721.866277754,11385663.96302292,11390581.174535727,11395472.548374953,11400337.107952915,11405173.851808896,11409981.752856003,11414759.757600209,11419506.78533074,11424221.72728028,11428903.44575398,11433550.77322576,11438162.511400633,11442737.43024163,11447274.266959695,11451771.724965144,11456228.47277883,11460643.142901538,11465014.330639577,11469340.592884786,11473620.446847076,11477852.3687372,11482034.792397786,11486166.107880376,11490244.659965958,11494268.746626608,11498236.617425688,11502146.471853808,11505996.457597692,11509784.668739118,11513509.14388058,11517167.86419466,11520758.751393512,11524279.665614933,11527728.40322129,11531102.694507385,11534400.201313028,11537618.514536193,11540755.151542068,11543807.553463357,11546773.082386795,11549649.01842082,11552432.556638751,11555120.803891871,11557710.77548643,11560199.3917183,11562583.47425853,11564859.742383134,11567024.809039729,11569075.176743332,11571007.23329372,11572817.247305429,11574501.36354222,11576055.598046388,11577475.833053434,11578757.811682057,11579897.132388685,11580889.243175527,11581729.435540434,11582412.838156298,11582934.410267124,11583288.934787266,11583471.01108973,11583475.04746857,11583295.253259858,11582925.63060481,11582359.965837903,11581591.820481949,11580614.521831192,11579421.15310256,11578004.543134198,11576357.255609475,11574471.57778334,11572339.508687194,11569952.746786622,11567302.67706576,11564380.357510213,11561176.50495946,11557681.480297923,-908673116.097461,-908682836.0592452,-908693044.9066962,-908703753.4441108,-908714972.804731,-908726714.4625884,-908010545.7191768,-908034991.8922396,-908060061.5507376,-908085767.182891,-908112121.5704768,-914438070.033583,-914484489.53605,-914531504.0436084,-914579120.5286124,-914627345.9770558,-914030686.1111988,-914080432.9940208,-914130855.9505774,-914181963.0579972,-914233762.3698982,-914286261.9004674,-914184674.783654,-914227254.3454676,-914270539.4642954,-914314538.0364698,-914359257.7238754,-915279796.3570375,-915326457.334543,-915373725.0308788,-915421598.9317828,-915470077.7301844,-915519159.245496,-916261641.3199072,-916316427.2707578,-916371710.5846286,-916427485.8300412,-916483746.423367,-916901537.614502,-916955230.8717536,-917009430.1340562,-917064123.219482,-917119295.7598052,-917453424.9575586,-917509480.7653036,-917565942.279848,-917622783.9032547,-917679976.570064,-917737487.4150392,-918117632.2555934,-918170911.9429204,-918224238.0922048,-918277548.8375328,-918330776.0599844,-918578875.9342695,-918632338.1276664,-918685462.0316018,-918738149.8610262,-918790295.2376316,-919067572.4660038,-919117678.2172334,-919166981.0907238,-919215331.3179388,-919262566.6414278,-919614697.61167,-919667436.924734,-919718725.8625568,-919768346.3145314,-919816064.3389596,-919861630.233588,-920650833.8591183,-920694338.373925,-920735023.2391796,-920772602.8949944,-920806788.4974424,-920747355.2226584,-920775155.0415236,-920799154.1554036,-920819194.7129142,-920835173.629544,-920590946.535624,-920598690.4939796,-929668853.9995266,-929589250.3692192,-929514410.8957384,-929446506.5370582,-929387397.3971696,-930207552.350934,-930167056.4280622,-930129964.6304808,-930085020.8153073,-930011819.332584,-928993872.8233731,0.0
2917.0,11420362.700893387,11426801.759063533,11433256.92264019,11439728.137374729,11446215.347246865,11452718.494434897,11459237.519285357,11465772.360282157,11472322.954015337,11478889.235149126,11485471.13638959,11492068.58845164,11498681.520025527,11505309.857742824,11511953.526141666,11518612.447631557,11525286.542457473,11531975.728663394,11538679.922055157,11545399.0361627,11552132.982201632,11558881.669034123,11565645.003129097,11572422.888521733,11579215.226772238,11586021.916923886,11592842.85546029,11599677.936261917,11606527.050561804,11613390.086900486,11620266.93108001,11627157.466117283,11634061.57219636,11640979.126619965,11647910.003760036,11654854.075007431,11661811.208720544,11668781.2701731,11675764.121500809,11682759.621647105,11689767.62630776,11696787.987874456,11703820.55537726,11710865.1744259,11717921.687150002,11724989.932137989,11732069.744374849,11739160.955178645,11746263.39213568,11753376.879034366,11760501.235797755,11767636.278414624,11774781.818869157,11781937.665069124,11789103.620772565,11796279.485512905,11803465.054522432,11810660.11865418,11817864.464302056,11825077.873319251,11832300.122934807,11839530.985668443,11846770.22924325,11854017.6164967,11861272.90528941,11868535.848411871,11875806.193489106,11883083.68288303,11890368.053592494,11897659.037151072,11904956.359522345,11912259.740992654,11919568.896061346,11926883.533328228,11934203.355378363,11941528.058663985,11948857.33338342,11956190.863357008,11963528.325899892,11970869.391691506,11978213.72464176,11985560.981753698,11992910.81298261,12000262.861091409,12007616.761502134,12014972.142143529,12022328.623294463,12029685.817423107,12037043.329021685,12044400.754436675,12051757.681694226,12059113.690320764,12066468.351158371,12073821.226175092,12081171.868269533,12088519.82107004,12095864.618727855,12103205.785704236,12110542.836551215,12117875.27568588,12125202.597157769,12132524.284409229,12139839.8100285,12147148.635495083,12154450.210917288,12161743.974761508,12169029.353573032,12176305.761687912,12183572.600935666,12190829.26033241,12198075.11576401,12205309.529658863,12212531.850649996,12219741.413225863,12226937.537369596,12234119.52818602,12241286.675516212,12248438.253538778,12255573.520357594,12262691.717575258,12269792.06985172,12276873.78444758,12283936.050751245,12290978.039789367,12297998.903719898,12304997.77530694,12311973.76737666,12318925.972253542,12325853.461176038,12332755.28369077,12339630.467024373,12346478.015432129,12353296.90952217,12360086.105554368,12366844.53471282,12373571.10235067,12380264.687206162,12386924.140588673,12393548.285533292,12400135.91592276,12406685.795575151,12413196.657295872,12419667.201892449,12426096.097150289,12432481.976767922,12438823.439249609,12445119.046753751,12451367.323894843,12457566.756496985,12463715.790296828,12469812.829593567,12475856.235843662,12481844.3261977,12487775.371976852,12493647.597086104,12499459.176361373,12505208.233847553,12510892.841004184,12516511.014835576,12522060.715941695,12527539.84648636,12532946.248078756,12538277.699564338,12543531.91472079,12548706.53985474,12553799.15129448,12558807.25277384,12563728.272702135,12568559.561314844,12573298.387699146,12577941.936688865,12582487.305622062,12586931.50095525,12591271.434727045,12595503.920864273,12599625.671322877,12603633.292055828,12607523.278799534,12611292.012670256,12614935.755561097,12618450.645330183,12621832.690769702,12625077.7663452,12628181.606694115,12631139.800871532,12633947.786331028,12636600.842627462,12639094.084828176,12641422.45661812,12643580.723083915,12645563.463160858,12647365.061726242,12648979.70132136,12650401.353483636,12651623.769669566,12652640.471747717,12653444.74204043,12654029.612891313,12654387.85573471,12654511.96964179,12654394.169316772,12654026.372515202,12653400.186854793,12652506.895987617,12651337.445100885,12649882.425711598,12648132.05971854,-907629574.9907296,-907634791.2715976,-907640448.700516,-907646557.9702498,-907653130.1521076,-907660176.7122624,-906731755.7599186,-906751854.9550898,-906772578.7629024,-906793941.8862408,-906815959.4738436,-913333780.1385448,-913373512.918596,-913413853.0838284,-913454812.179846,-913496402.0653915,-912870696.6241268,-912913082.613971,-912956165.2515582,-912999958.487972,-913044476.6415088,-913089734.4047856,-912771844.4891176,-912811042.945096,-912851063.3429556,-912891921.6607147,-912933634.0848644,-913907498.1820344,-913953284.6847646,-913999891.045789,-914047328.2110882,-914095606.8586242,-914144737.3389606,-914974743.9174232,-915029570.422551,-915085237.0612493,-915141754.5379924,-915199133.0010988,-915633945.9135232,-915691179.971164,-915749342.662208,-915808439.2935412,-915868473.624479,-916204046.0267838,-916266135.6798664,-916329142.904284,-916393062.243864,-916457885.4162328,-916523600.9693868,-916950264.7097044,-917014267.424458,-917078955.2890906,-917144288.0894736,-917210219.3980747,-917493090.0647532,-917561205.8062744,-917629719.6706852,-917698553.8689831,-917767620.699772,-918012292.6635184,-918080859.5260004,-918149564.1340208,-918218277.878039,-918286856.0946586,-918729289.5535038,-918803717.722514,-918877573.4720924,-918950615.3876532,-919022572.7261032,-919093142.5708294,-919964844.8538808,-920034690.5617448,-920102131.8725868,-920166713.2086128,-920227933.9851148,-920268417.320367,-920320824.5722264,-920368228.4779518,-920410001.3952396,-920445503.4387536,-920204773.3892456,-920224671.1503116,-929161109.0014036,-929114725.35608,-929066897.0270548,-929018246.8168226,-928969173.8447304,-929794609.0354182,-929742011.341658,-929684645.1489642,-929616095.6999406,-929528258.549798,-928539693.2351247,0.0
2916.0,12113091.243470903,12121328.690778265,12129584.986298548,12137860.060919575,12146153.843495406,12154466.260814777,12162797.237569053,12171146.696319671,12179514.557465095,12187900.739207316,12196305.157517778,12204727.726102902,12213168.356368946,12221626.957386464,12230103.4358541,12238597.696061932,12247109.63985424,12255639.16659158,12264186.173112446,12272750.553694244,12281332.200013625,12289931.001106262,12298546.843326028,12307179.610303355,12315829.182903178,12324495.439182,12333178.254344406,12341877.500698794,12350593.047612423,12359324.761465777,12368072.505606076,12376836.140300136,12385615.522686372,12394410.506726077,12403220.9431538,12412046.679426964,12420887.559674624,12429743.42464532,12438614.111654071,12447499.454528444,12456399.283553695,12465313.42541699,12474241.703150522,12483183.936073834,12492139.939734902,12501109.525850326,12510092.50224434,12519088.67278678,12528097.837329865,12537119.791643864,12546154.327351522,12555201.231861312,12564260.288299363,12573331.275440153,12582413.967635833,12591508.134744182,12600613.542055257,12609729.950216403,12618857.115155991,12627994.788005477,12637142.71501998,12646300.637497151,12655468.29169453,12664645.408744987,12673831.714570545,12683026.929794371,12692230.769650802,12701442.943893496,12710663.156701626,12719891.10658394,12729126.486280702,12738368.98266356,12747618.276632942,12756874.043013329,12766135.950445954,12775403.661279138,12784676.8314559,12793955.11039906,12803238.140893454,12812525.558965383,12821816.9937591,12831112.067410188,12840410.394915888,12849711.584002033,12859015.234986683,12868320.940640245,12877628.2860419,12886936.848432343,12896246.197062556,12905555.893038567,12914865.489161994,12924174.529766224,12933482.55054812,12942789.078395003,12952093.631206743,12961395.717712842,12970694.837284232,12979990.479739675,12989282.125146424,12998569.243615037,13007851.295088064,13017127.729122443,13026397.984665098,13035661.489821924,13044917.661619345,13054165.90575865,13063405.61636246,13072636.175713165,13081856.953982972,13091067.308955234,13100266.585736662,13109454.116460064,13118629.21997722,13127791.201541487,13136939.35247966,13146072.949852714,13155191.25610484,13164293.51870044,13173378.969748368,13182446.82561306,13191496.286511883,13200526.5360981,13209536.741028922,13218526.050517842,13227493.595870797,13236438.490005177,13245359.826951196,13254256.68133459,13263128.107840115,13271973.140654644,13280790.792889314,13289580.055979496,13298339.899061857,13307069.26832718,13315767.08634822,13324432.251381151,13333063.636639616,13341660.089540042,13350220.43091696,13358743.454206968,13367227.924599882,13375672.578155572,13384076.120884985,13392437.227793634,13400754.54188581,13409026.67312784,13417252.19736834,13425429.655213568,13433557.550855791,13441634.350852402,13449658.482853629,13457628.334276335,13465542.250921335,13473398.535531862,13481195.446289925,13488931.195248237,13496603.94669415,13504211.815442726,13511752.865055377,13519225.105980713,13526626.493613806,13533954.926269952,13541208.243069002,13548384.221725777,13555480.576242294,13562494.954496885,13569424.93572543,13576268.027889378,13583021.664925162,13589683.203869233,13596249.921852749,13602719.012959529,13609087.584940623,13615352.655778572,13621511.150093896,13627559.89538632,13633495.618102295,13639314.939520644,13645014.371447032,13650590.311708096,13656039.039435225,13661356.710127449,13666539.350482663,13671582.852985555,13676482.970239928,13681235.309032973,13685835.3241177,13690278.311699536,13694559.402612116,13698673.555166457,13702615.547657149,13706379.970507847,13709961.218037862,13713353.47983032,13716550.731681462,13719546.726109516,13722334.982400272,13724908.776165396,13727261.12838804,13729384.793928854,13731272.249464206,13732915.680826452,13734306.969714716,13735437.67974254,13736299.041786963,13736881.93860155,13737176.888653291,-906569044.9693656,-906569041.3158692,-906569414.945988,-906570175.9232932,-906571334.7163508,-906572902.2183368,-905400865.1380198,-905415368.7019424,-905430468.608239,-905446180.8613862,-905462522.0328288,-912101347.4009068,-912133195.2211096,-912165644.4191964,-912198710.515568,-912232409.6160636,-911586439.8485,-911620225.5772152,-911654707.5802478,-911689904.9654598,-911725837.5669092,-911762525.9739991,-911249594.1205096,-911283604.0988848,-911318516.6294785,-911354355.2241788,-911391144.0827854,-912382994.9525654,-912425754.5482796,-912469516.3275096,-912514303.1936328,-912560138.4593184,-912607045.8284369,-913505146.6442156,-913558059.4991844,-913612117.2473768,-913667347.3919604,-913723777.7575008,-914173597.4315804,-914231803.057115,-914291325.9081244,-914352192.862635,-914414430.5635164,-914748162.4913982,-914813735.2470424,-914880738.9461436,-914949196.7956972,-915019130.9392922,-915090562.2246438,-915551275.1299314,-915623846.6816916,-915697856.4663712,-915773306.0695716,-915850193.1009824,-916163623.8131502,-916245025.9608706,-916327806.3113198,-916411939.578439,-916497392.7064028,-916746636.2040153,-916833810.1120656,-916922461.0502664,-917012530.3120795,-917103944.3428594,-917569501.8272208,-917666109.3456814,-917763665.0879194,-917861987.9862524,-917960862.6719024,-918060034.0274156,-918998403.8603574,-919099612.123298,-919200073.0498464,-919299293.7314912,-919396697.9644057,-919529895.7589022,-919619131.2838482,-919703969.9001056,-919783368.5612822,-919856149.0804873,-919634137.819648,-919688961.887828,-928541127.6457264,-928548169.5039592,-928547895.0500396,-928538735.9103532,-928519062.8716712,-929373422.0939314,-929321624.0891216,-929260916.17987,-929191186.750101,-929115312.52451,-928175630.0509218,0.0
2915.0,12801020.76211281,12811014.227052612,12821029.16191168,12831065.483944433,12841123.108148772,12851201.947233493,12861301.911585337,12871422.9092355,12881564.845825804,12891727.624574352,12901911.146240752,12912115.309090924,12922340.008861303,12932585.13872276,12942850.589243868,12953136.24835377,12963442.00130453,12973767.730632942,12984113.316121874,12994478.634761073,13004863.560707403,13015267.965244597,13025691.716742393,13036134.680615168,13046596.719279995,13057077.692114051,13067577.455411546,13078095.862339905,13088632.762895525,13099188.003858712,13109761.428748123,13120352.87777451,13130962.187793732,13141589.192259284,13152233.721173886,13162895.60104059,13173574.654813051,13184270.701845106,13194983.557839556,13205713.03479629,13216458.940959534,13227221.080764338,13237999.254782269,13248793.259666223,13259602.888094429,13270427.928713582,13281268.166081063,13292123.380606242,13302993.34849087,13313877.841668498,13324776.627742937,13335689.469925664,13346616.12697225,13357556.3531177,13368509.898010705,13379476.5066468,13390455.919300305,13401447.87145527,13412452.09373495,13423468.311830243,13434496.246426784,13445535.61313067,13456586.122392932,13467647.479432529,13478719.384157926,13489801.53108723,13500893.60926676,13511995.30218805,13523106.287703251,13534226.237938836,13545354.81920757,13556491.691918764,13567636.510486592,13578788.923236571,13589948.572310034,13601115.093566615,13612288.1164846,13623467.26405906,13634652.152697854,13645842.392115144,13657037.585222648,13668237.328018222,13679441.209472071,13690648.81141001,13701859.70839419,13713073.46760073,13724289.64869447,13735507.803700592,13746727.476872971,13757948.204559192,13769169.515062086,13780390.928497655,13791611.956649195,13802832.102817554,13814050.861667257,13825267.719068456,13836482.151934477,13847693.62805472,13858901.605922896,13870105.534560168,13881304.853333233,13892498.991766978,13903687.369351525,13914869.395343373,13926044.4685606,13937211.977171576,13948371.298477026,13959521.79868539,13970662.832680738,13981793.743783366,13992913.86350241,14004022.511280358,14015118.994229011,14026202.606856544,14037272.630785184,14048328.33445929,14059368.972843178,14070393.787108429,14081402.004310025,14092392.837051043,14103365.48313512,14114319.125206372,14125252.9303761,14136166.049835624,14147057.618454749,14157926.754365114,14168772.55852772,14179594.114284037,14190390.48688971,14201160.723030372,14211903.85031836,14222618.876769863,14233304.790261203,14243960.557963591,14254585.125755155,14265177.41760926,14275736.334958024,14286260.75602981,14296749.535159525,14307201.502070423,14317615.461126104,14327990.190551158,14338324.441619247,14348616.937806783,14358866.373910807,14369071.41512914,14379230.6961013,14389342.819907974,14399406.357027402,14409419.844246335,14419381.783523548,14429290.640803598,14439144.844778407,14448942.785594247,14458682.813501269,14468363.237443162,14477982.323583735,14487538.293767476,14497029.323910931,14506453.542321531,14515809.027940243,14525093.808504486,14534305.858627273,14543443.09778864,14552503.38823494,14561484.532781595,14570384.272514408,14579200.284384731,14587930.178692965,14596571.496455058,14605121.706646176,14613578.203315567,14621938.30256597,14630199.239391243,14638358.164364796,14646412.140171614,14654358.137975972,14662193.03361665,14669913.603621105,14677516.52102922,14684998.351017475,14692355.546313005,14699584.442387382,14706681.252418552,14713642.062009504,14720462.823650924,14727139.350915138,14733667.312367268,14740042.225179227,14746259.448431255,14752314.17608472,14758201.42960932,14763916.050246531,14769452.69089041,14774805.8075656,14779969.650481422,14784938.2546396,14789705.429971904,14794264.750982692,14798609.545869716,14802732.88509523,14806627.569377506,14810286.11707128,14813700.750903623,14816863.38402978,14819765.60537123,14822398.664195858,-905499695.6495974,-905493879.8132716,-905488362.4719932,-905483152.49263,-905478259.1448164,-905473692.1222644,-904029799.202176,-904037535.7243012,-904045808.2274958,-904054632.8541368,-904064026.3864542,-910764667.4452786,-910787484.5578136,-910810867.3796312,-910834834.0426508,-910859403.4659828,-910203242.1199082,-910227242.2219532,-910251903.9116728,-910277249.7992836,-910303303.493248,-910330089.6472003,-909633583.5423378,-909660403.2534714,-909688149.962224,-909716852.8763758,-909746542.3212042,-910716117.2359996,-910753130.7817296,-910791260.3241376,-910830539.101794,-910871001.4618076,-910912682.8936476,-911862109.4836072,-911910092.3927208,-911959432.4073536,-912010171.9077966,-912062354.594192,-912518803.0113353,-912574062.6100014,-912630927.2599096,-912689445.2578382,-912749666.3107471,-913074091.4002815,-913138818.3686808,-913205400.2879229,-913273891.5587168,-913344347.9551352,-913416826.5998924,-913888589.6661904,-913964900.4961884,-914043369.2314516,-914124050.3082124,-914206998.2290864,-914541493.5294412,-914631279.5707654,-914723467.5817096,-914818107.2599858,-914915246.1975064,-915195622.6368314,-915296260.7425247,-915399808.859561,-915506315.4268092,-915615821.6711136,-916057091.7191632,-916171163.2291805,-916288103.3922218,-916407883.1772135,-916530449.7799112,-916655721.1005012,-917642766.064306,-917774526.2183672,-917908463.8214196,-918044286.6104616,-918181617.9222984,-918400744.7866304,-918536280.4250902,-918671042.7783148,-918804013.4494684,-918933933.990248,-918758874.6662736,-918878207.6375128,-927680611.8010118,-927773731.764646,-927858963.8112104,-927931911.866595,-927987259.32776,-928946303.5834736,-928923648.8210144,-928879563.8385178,-928820206.765764,-928759180.9582996,-927847427.4564568,0.0
2914.0,13482373.71713832,13494077.706235155,13505805.672680143,13517557.521473303,13529333.155174904,13541132.473872732,13552955.375148913,13564801.75404633,13576671.503034825,13588564.511976738,13600480.66809238,13612419.855924858,13624381.957304597,13636366.85131346,13648374.41424852,13660404.519585237,13672457.037940476,13684531.837034822,13696628.78165472,13708747.733613996,13720888.55171506,13733051.091709588,13745235.206258789,13757440.744893206,13769667.55397207,13781915.476642178,13794184.35279624,13806474.019030867,13818784.308603952,13831115.051391575,13843466.073844504,13855837.19894403,13868228.246157438,13880639.03139278,13893069.366953284,13905519.06149114,13917987.919960668,13930475.743571036,13942982.32973834,13955507.472037118,13968050.96015126,13980612.57982432,13993192.112809245,14005789.336817363,14018404.025466884,14031035.948230645,14043684.870383171,14056350.552947177,14069032.752639225,14081731.221814737,14094445.70841236,14107175.955897404,14119921.703204691,14132682.684680536,14145458.630023915,14158249.264226936,14171054.307514269,14183873.475281907,14196706.478034962,14209553.02132452,14222412.805683628,14235285.526562303,14248170.874261515,14261068.533866238,14273978.185177363,14286899.502642618,14299832.155286351,14312775.806638109,14325730.114660196,14338694.7316738,14351669.30428409,14364653.473303832,14377646.87367578,14390649.134393629,14403659.878421543,14416678.72261224,14429705.277623467,14442739.147832943,14455779.93125161,14468827.219435258,14481880.597394245,14494939.643501496,14508003.929398512,14521073.019899463,14534146.472893126,14547223.8392428,14560304.662683878,14573388.479719162,14586474.819511795,14599563.203775572,14612653.146662762,14625744.15464914,14638835.726416145,14651927.352730235,14665018.516318925,14678108.69174384,14691197.345270235,14704283.934733154,14717367.909399826,14730448.709828297,14743525.76772212,14756598.50578078,14769666.337545844,14782728.66724262,14795784.889616927,14808834.389767036,14821876.542970307,14834910.714504562,14847936.259463618,14860952.522566922,14873958.837963056,14886954.52902669,14899938.908148654,14912911.276519038,14925870.923902692,14938817.128407022,14951749.156241575,14964666.261468995,14977567.68574714,14990452.658061672,15003320.394448906,15016170.097708274,15029000.95710402,15041812.148055542,15054602.831815884,15067372.15513777,15080119.249926642,15092843.232879909,15105543.205112044,15118218.251764445,15130867.441599729,15143489.826579375,15156084.441424135,15168650.303156145,15181186.410622152,15193691.743996644,15206165.264264029,15218605.912678832,15231012.610202927,15243384.2569184,15255719.731415194,15268017.890152035,15280277.566789512,15292497.571493736,15304676.690209394,15316813.683900418,15328907.2877569,15340956.21036646,15352959.13284834,15364914.707948357,15376821.559092904,15388678.279399822,15400483.43064405,15412235.542175908,15423933.10978955,15435574.594539134,15447158.421500254,15458682.978473617,15470146.614628486,15481547.639082562,15492884.31941533,15504154.880111432,15515357.500930738,15526490.31520127,15537551.408031316,15548538.814436514,15559450.5173778,15570284.445705634,15581038.472006004,15591710.410342911,15602298.013892652,15612798.972463898,15623210.909898302,15633531.381345276,15643757.87040474,15653887.786131157,15663918.459891751,15673847.14207159,15683670.9986177,15693387.10741404,15702992.454478664,15712483.92997403,15721858.324020885,15731112.322305538,15740242.50147003,15749245.32427382,15758117.13451535,15766854.151700914,15775452.465447584,15783908.029606525,15792216.656091863,15800374.008399682,15808375.594800808,15816216.761189938,15823892.683573166,15831398.360174114,15838728.603138575,15845878.029815745,15852841.053593175,15859611.874261176,15866184.467880609,15872552.576126955,15878709.695081308,15884649.06343764,15890363.650093228,15895846.14108737,15901088.925851263,-904430771.7297748,-904418695.2849234,-904406825.5279138,-904395169.5528595,-904383734.8228372,-904372529.1910348,-902632920.150208,-902632856.816558,-902633236.6607406,-902634074.6529903,-902635386.415589,-909349590.0919772,-909362325.1591012,-909375552.3973444,-909389290.6289597,-909403559.5632858,-908748002.506904,-908761127.8801376,-908774836.0441146,-908789150.7707188,-908804096.9749868,-908819700.7729416,-907943755.4452657,-907961312.9470966,-907979749.9352618,-907999098.3224688,-908019391.430134,-908924402.5719322,-908952589.0305544,-908981904.82751,-909012389.7766984,-909044085.359352,-909077034.805833,-910062301.6162984,-910101595.4541882,-910142320.5403184,-910184529.2816212,-910228276.2687472,-910679408.9014708,-910726862.7332864,-910776044.2089958,-910827017.5347536,-910879849.8092688,-911183267.6086493,-911241387.9604144,-911301597.922213,-911363977.3001074,-911428609.6373308,-911495582.426119,-911946413.7314647,-912019107.3299732,-912094458.5845064,-912172570.7402344,-912253551.7009147,-912594509.749178,-912684112.2744194,-912776909.1193056,-912873025.7194784,-912972592.8889418,-913299302.2626268,-913402943.6770444,-913510639.0053836,-913622554.2248174,-913738861.0300416,-914131519.7649684,-914252032.2317116,-914377211.3910573,-914507231.3220063,-914642267.194515,-914782493.1860648,-915796707.0733448,-915948539.8724532,-916106003.8142264,-916269224.6798432,-916438297.968248,-916724567.7027688,-916902978.8936774,-917086837.7697898,-917275841.8873965,-917469499.8942204,-917357043.6009384,-917558400.1660932,-926334656.2558815,-926538024.5034952,-926744184.683842,-926948285.2795004,-927143204.4059864,-928364317.6188302,-928450031.9582176,-928491131.0145729,-928484375.4004956,-928444206.640378,-927532649.075652,0.0
2913.0,14155436.135396857,14168802.29981176,14182194.841056848,14195613.653365709,14209058.62838798,14222529.655157048,14236026.620057374,14249549.406791637,14263097.896347478,14276671.966964014,14290271.494097875,14303896.350389205,14317546.405627016,14331221.526714567,14344921.577634107,14358646.419411538,14372395.910080643,14386169.90464697,14399968.255051522,14413790.810133938,14427637.415595468,14441507.913961625,14455402.14454443,14469319.943404336,14483261.143311892,14497225.573708933,14511213.060669612,14525223.426860884,14539256.491502784,14553312.070328318,14567389.97554298,14581490.015783967,14595611.99607895,14609755.717804564,14623920.978644542,14638107.572547397,14652315.289683811,14666543.916403612,14680793.235192422,14695063.024627838,14709353.059335347,14723663.109943736,14737992.943040162,14752342.321124852,14766711.00256534,14781098.741550315,14795505.28804309,14809930.387734612,14824373.781996043,14838835.207830943,14853314.397826953,14867811.080107097,14882324.978280617,14896855.81139326,14911403.29387719,14925967.135500414,14940547.041315608,14955142.711608583,14969753.841846146,14984380.122623391,14999021.239610627,15013676.873499542,15028346.699948937,15043030.389529817,15057727.607669916,15072438.014597572,15087161.26528499,15101897.009390838,15116644.891202182,15131404.54957569,15146175.61787821,15160957.723926414,15175750.48992592,15190553.5324094,15205366.462174015,15220188.884217843,15235020.397675611,15249860.595753295,15264709.065661903,15279565.38855019,15294429.139436388,15309299.88713874,15324177.194205089,15339060.616841054,15353949.70483719,15368844.001494728,15383743.043550013,15398646.361097569,15413553.477511626,15428463.909366176,15443377.166353405,15458292.751200415,15473210.159584193,15488128.880044775,15503048.393896408,15517968.175136704,15532887.690353684,15547806.39863056,15562723.751448171,15577639.192584962,15592552.15801437,15607462.075799506,15622368.365984932,15637270.440485496,15652167.702971969,15667059.548753396,15681945.364655929,15696824.528898023,15711696.41096177,15726560.371460153,15741415.762000062,15756261.925040852,15771098.19374809,15785923.891842462,15800738.33344337,15815540.822907012,15830330.654658852,15845107.113019751,15859869.472025912,15874616.99524199,15889348.935567137,15904064.535033608,15918763.024597457,15933443.62392105,15948105.541146882,15962747.97266216,15977370.102853902,15991971.103853792,16006550.135272454,16021106.343922492,16035638.863529716,16050146.814432,16064629.303265052,16079085.42263443,16093514.250773223,16107914.851184266,16122286.272266705,16136627.546925437,16150937.692162983,16165215.708652796,16179460.580292806,16193671.273738535,16207846.737914477,16221985.903502643,16236087.682407232,16250150.967193998,16264174.63050322,16278157.524434654,16292098.479903303,16305996.305964336,16319849.789105458,16333657.692505442,16347418.755256625,16361131.691549793,16374795.189819526,16388407.911847811,16401968.491823874,16415475.535358092,16428927.618447356,16442323.286389733,16455661.052645534,16468939.39764225,16482156.767520314,16495311.572816858,16508402.187084056,16521426.945438918,16534384.143040864,16547272.0334935,16560088.827166617,16572832.689434372,16585501.73882541,16598094.045080256,16610607.627111375,16623040.450860878,16635390.427050494,16647655.40881842,16659833.189237176,16671921.49870622,16683918.00221312,16695820.29645621,16707625.906821704,16719332.284207815,16730936.801687716,16742436.751003088,16753829.338879503,16765111.68315418,16776280.808706312,16787333.643179774,16798267.012486935,16809077.636082377,16819762.12199413,16830316.961599424,16840738.5241316,16851023.05090349,16861166.6492322,16871165.286048893,16881014.78117675,16890710.8002588,16900248.84731626,16909624.256917283,16918832.18593408,16927867.6048657,16936725.288701728,16945399.807300955,16953885.515257265,16962176.541223172,16970266.776659414,-903372313.1280386,-903353688.1112227,-903335167.6195384,-903316756.4375926,-903298459.6537232,-903280282.679066,-901226717.1243088,-901218023.0756316,-901209649.3056588,-901201608.2863756,-901193913.0876148,-907883681.0290196,-907885448.4806112,-907887593.3124708,-907890132.8487346,-907893085.2835288,-907248943.4249763,-907250275.5673096,-907252063.3397232,-907254328.9963052,-907257095.9317358,-907260388.7415524,-906204634.4666736,-906210961.5220516,-906218040.7333348,-906225902.9588586,-906234580.5498744,-907034444.0792724,-907050672.5872653,-907067923.856576,-907086238.870332,-907105660.5500984,-907126233.866928,-908132908.8142598,-908159480.0490086,-908187390.3187528,-908216694.711507,-908247450.9702098,-908680269.7727584,-908714702.2541864,-908750774.5895064,-908788556.7296224,-908828122.3644228,-909095707.9284992,-909140694.8614233,-909187736.65221,-909236924.8688898,-909288356.3108366,-909342133.3966382,-909734853.3419646,-909794870.871202,-909857658.7224576,-909923348.698891,-909992080.6799624,-910321294.6640007,-910399398.9500902,-910480992.8988082,-910566251.8028288,-910655362.5972052,-911036684.2937536,-911129032.51581,-911225917.7678616,-911327592.8757015,-911434329.1960368,-911771217.0274838,-911881517.6724693,-911997505.1486038,-912119525.1802806,-912247952.087424,-912383191.9225024,-913398175.488588,-913548655.7158152,-913707366.7713754,-913874882.7608966,-914051832.7616844,-914363328.0055696,-914560327.8142484,-914768996.8555073,-914990192.3994676,-915224833.4342452,-915157618.9443808,-915423002.7734072,-924186996.90229,-924484256.8717128,-924805023.6056604,-925149513.629436,-925516608.917186,-927160445.5786686,-927489165.7601228,-927788793.628263,-928020495.8587306,-928131850.5150166,-927236454.3605028,0.0
2912.0,14818561.217032667,14833538.61442102,14848544.685896708,14863579.316484652,14878642.388519043,14893733.781612134,14908853.37262282,14924001.035624873,14939176.641875168,14954380.059781468,14969611.154870134,14984869.789753525,15000155.824097255,15015469.114587136,15030809.51489598,15046176.875650177,15061571.04439602,15076991.865565836,15092439.180443898,15107912.8271322,15123412.640515843,15138938.45222849,15154490.09061731,15170067.380707964,15185670.144169277,15201298.199277734,15216951.360881794,15232629.440365968,15248332.245614776,15264059.580976496,15279811.247226624,15295587.041531362,15311386.757410722,15327210.184701577,15343057.109520458,15358927.31422626,15374820.577382725,15390736.673720766,15406675.37410065,15422636.44547401,15438619.650845667,15454624.749235349,15470651.49563928,15486699.640991475,15502768.932125116,15518859.111733548,15534969.918331364,15551101.086215155,15567252.3454242,15583423.421701124,15599614.036452264,15615823.906707972,15632052.745082848,15648300.259735774,15664566.154329842,15680850.127992192,15697151.875273732,15713471.086108672,15729807.445774026,15746160.63484896,15762530.329174042,15778916.199810311,15795317.912998334,15811735.130117096,15828167.507642714,15844614.697107138,15861076.34505666,15877552.09301029,15894041.57741808,15910544.429619212,15927060.275800012,15943588.736951802,15960129.42882866,15976681.96190485,15993245.941332323,16009820.966897829,16026406.632980006,16043002.528506149,16059608.23690882,16076223.336082293,16092847.398338612,16109479.990363546,16126120.673172131,16142769.002064075,16159424.52657864,16176086.790449385,16192755.331558391,16209429.681890164,16226109.367485076,16242793.90839238,16259482.818622682,16276175.60609992,16292871.77261274,16309570.813765228,16326272.218927082,16342975.4711829,16359680.047280837,16376385.417580342,16393091.04599904,16409796.389958654,16426500.900329882,16443204.02137616,16459905.190696197,16476603.83916537,16493299.390875552,16509991.26307365,16526678.866098467,16543361.603315944,16560038.871052474,16576710.058526527,16593374.547777966,16610031.713595312,16626680.92344061,16643321.537371824,16659952.907962494,16676574.38021858,16693185.291492272,16709784.971392496,16726372.741692089,16742947.916231086,16759509.800816365,16776057.693116823,16792590.88255442,16809108.650190234,16825610.268605746,16842095.00177862,16858562.104952946,16875010.82450341,16891440.39779321,16907850.053025037,16924239.009085085,16940606.47537932,16956951.651661754,16973273.72785422,16989571.883856993,17005845.289350014,17022093.103583787,17038314.475159675,17054508.541798804,17070674.430098962,17086811.255278736,17102918.120908324,17118994.118626036,17135038.32783986,17151049.815413103,17167027.635333333,17182970.828363553,17198878.421674732,17214749.42845856,17230582.847519413,17246377.662844248,17262132.843149338,17277847.341402568,17293520.09431975,17309150.021833844,17324736.026535362,17340276.99308251,17355771.787579317,17371219.256920204,17386618.228098996,17401967.50748051,17417265.880032796,17432512.108517814,17447704.93263838,17462843.068139046,17477925.205858402,17492950.010730326,17507916.120731343,17522822.14577136,17537666.666524652,17552448.233198058,17567165.36423298,17581816.544937767,17596400.22604675,17610914.822202,17625358.71035408,17639730.22807689,17654027.671792857,17668249.294903025,17682393.30581757,17696457.865881167,17710441.087187894,17724341.030279566,17738155.70172173,17751883.05155038,17765520.970582966,17779067.28758624,17792519.766293403,17805876.10226252,17819133.91956766,17832290.767313957,17845344.115966883,17858291.353485886,17871129.781251702,17883856.609776236,17896468.954182934,17908963.829445187,17921338.14536936,17933588.701308385,17945712.180590488,17957705.14464764,17969564.026826147,17981285.125861675,17992864.598999135,18004298.454737134,18015582.545174785,18026712.557937738,-902334861.4456396,-902309573.0845928,-902284280.1349734,-902258984.6235124,-902233688.7872976,-902208395.088986,-899829381.5168316,-899811487.7046242,-899793766.2879497,-899776226.0399951,-899758876.2136129,-906395898.2385844,-906386066.7939824,-906376459.0144109,-906367088.5939344,-906357969.9652228,-905735302.6063122,-905724186.9502198,-905713353.6740992,-905702820.8806258,-905692607.664554,-905682734.1666266,-904445239.3150896,-904438674.0752172,-904432656.1907724,-904427211.5169352,-904422367.2495056,-905082260.1395004,-905083727.3169965,-905085988.94319,-905089081.0717056,-905093041.59386,-905097910.3506174,-906113065.3739582,-906123160.1454362,-906134331.4501458,-906146628.4835454,-906160103.0114684,-906562489.5789984,-906579031.8917336,-906596904.644906,-906616171.0084404,-906636897.8179874,-906853009.9948046,-906878498.033633,-906905704.02981,-906934713.0572854,-906965615.496346,-906998507.4641064,-907296449.7164202,-907334459.7653252,-907374877.3206568,-907417831.351326,-907463459.6968304,-907761795.8642412,-907816236.2810216,-907873805.3247886,-907934681.5552185,-907999057.224918,-908440892.4108368,-908506441.9323266,-908576104.1590936,-908650148.1268376,-908728867.0438389,-909012078.7061352,-909092714.3546664,-909178762.7928704,-909270624.3242556,-909368741.6238652,-909473606.165644,-910459712.8963308,-910579785.2657428,-910708445.4027592,-910846479.7282648,-910994785.3829612,-911268150.6853652,-911439963.7245892,-911625941.6333264,-911827745.9676232,-912047353.9283068,-911969259.8000448,-912233290.473976,-920990166.9242166,-921302105.694045,-921653353.3766948,-922051492.49179,-922506604.7687168,-924467480.7207228,-925061587.1272522,-925742697.26226,-926507228.4088904,-927287305.2300916,-926919689.5258409,0.0
2911.0,15470172.518142434,15486707.86934374,15503274.094697814,15519871.07161047,15536498.674725257,15553156.775893878,15569845.244146356,15586563.945661211,15603312.743735429,15620091.498754278,15636900.068161016,15653738.30642651,15670606.065018676,15687503.192371868,15704429.533856075,15721384.931746095,15738369.225190556,15755382.250180868,15772423.839520069,15789493.8227916,15806592.026327968,15823718.273179434,15840872.383082498,15858054.172428409,15875263.454231627,15892500.038098186,15909763.730194096,15927054.333213609,15944371.646347567,15961715.465251667,15979085.582014706,15996481.785126926,16013903.859448202,16031351.586176438,16048824.742815804,16066323.103145156,16083846.43718636,16101394.511172846,16118967.08751802,16136563.924783943,16154184.77764988,16171829.396881212,16189497.529298184,16207188.917744886,16224903.301058454,16242640.414038189,16260399.987415029,16278181.747821026,16295985.41775915,16313810.715573084,16331657.355417412,16349525.047227854,16367413.49669186,16385322.405219268,16403251.469913432,16421200.383542383,16439168.83451042,16457156.506829916,16475163.080093458,16493188.22944628,16511231.625559028,16529292.934600873,16547371.818212971,16565467.933482334,16583580.932916015,16601710.464415789,16619856.171253068,16638017.692044538,16656194.660727946,16674386.706538498,16692593.453985715,16710814.522830766,16729049.528064208,16747298.079884462,16765559.783676555,16783834.239991583,16802121.044526625,16820419.788105387,16838730.05665913,16857051.43120849,16875383.487845775,16893725.79771778,16912077.927009445,16930439.436927944,16948809.88368753,16967188.81849501,16985575.787535846,17003970.33196101,17022371.98787434,17040780.28632082,17059194.753275294,17077614.90963204,17096040.27119496,17114470.348668415,17132904.647648837,17151342.66861694,17169783.90693064,17188227.852818627,17206673.9913746,17225121.80255218,17243570.761160363,17262020.33685968,17280469.99415895,17298919.192412484,17317367.385818005,17335814.023415014,17354258.549083598,17372700.401543763,17391139.014355123,17409573.81591708,17428004.229469113,17446429.673091576,17464849.559706524,17483263.297078844,17501670.287817284,17520069.92937571,17538461.61405413,17556844.72899963,17575218.656207047,17593582.772519324,17611936.449627336,17630279.054069232,17648609.947229028,17666928.485334393,17685234.019453436,17703525.895490363,17721803.454179958,17740066.031080417,17758312.956564642,17776543.555809747,17794757.148784347,17812953.050233714,17831130.56966233,17849289.01131368,17867427.674147032,17885545.851810865,17903642.83261264,17921717.899484657,17939770.329945624,17957799.39605749,17975804.36437738,17993784.49590388,18011739.046017714,18029667.26441584,18047568.39503892,18065441.675991382,18083286.33945376,18101101.61158641,18118886.712424524,18136640.855763216,18154363.24903257,18172053.093161546,18189709.58243021,18207331.904309504,18224919.23928763,18242470.760682303,18259985.634437937,18277463.01890676,18294902.064612903,18312301.913998418,18329661.70115003,18346980.551505525,18364257.58153857,18381491.898420576,18398682.599658296,18415828.7727057,18432929.49454865,18449983.831260808,18466990.837528963,18483949.55614628,18500859.01747129,18517718.23885112,18534526.22400641,18551281.96237623,18567984.42842037,18584632.58087708,18601225.36197311,18617761.696584214,18634240.4913426,18650660.63368902,18667020.990866024,18683320.40884944,18699557.71121453,18715731.69793329,18731841.144099176,18747884.79857519,18763861.382561386,18779769.588077,18795608.076352984,18811375.47612972,18827070.38185491,18842691.35177607,18858236.90592201,18873705.523966867,18889095.64297064,18904405.654989004,18919633.904545367,18934778.68595736,18949838.24050967,18964810.753464404,18979694.350899983,18994487.09636847,19009186.98736115,19023791.951571003,19038299.8429404,19052708.437481035,19067015.428852946,-901329158.3310856,-901297273.0124154,-901265271.0914448,-901233151.5219612,-901200913.3527496,-901168555.7375146,-898460268.6720448,-898432918.3546292,-898405575.2013135,-898378243.3470151,-898350927.2348864,-904916102.1704962,-904894384.9402326,-904872706.7141316,-904851075.7870276,-904829500.9663504,-904236882.6681696,-904213024.524903,-904189238.1607364,-904165535.3036526,-904141928.4017212,-904118430.6629524,-902698490.6732798,-902677881.0820924,-902657549.7982738,-902637514.1990864,-902617792.6332349,-903112449.5788044,-903097063.9021852,-903082140.4522696,-903067704.7741594,-903053783.7876594,-903040405.871016,-904053347.0102388,-904044049.4541054,-904035419.3992563,-904027492.1501834,-904020304.9367392,-904382295.679676,-904377139.1498488,-904372811.3399594,-904369356.8702892,-904366823.0359324,-904518072.8145196,-904518888.2357546,-904520812.7243928,-904523907.017008,-904528235.7373104,-904533867.715074,-904707399.2450756,-904715535.0886122,-904725269.0130112,-904736694.5908388,-904749911.9998966,-905000563.5467472,-905020772.5629798,-905043110.0765488,-905067706.6362326,-905094703.0914174,-905602486.9922824,-905627770.807666,-905655832.0231862,-905686869.9515476,-905721102.783893,-905956066.3774434,-905989237.986077,-906026148.5086496,-906067098.6455004,-906112421.9445292,-906162489.8569742,-907092343.4816924,-907153080.2061236,-907219966.0996556,-907293604.3936288,-907374686.031697,-907543385.4179192,-907640343.9516892,-907747929.2060236,-907867510.1388732,-908000745.2280388,-907834508.7810992,-908004469.1224508,-916753629.8298328,-916959396.0248588,-917196996.6358012,-917474597.5760142,-917804420.9879104,-919530849.3215616,-920061295.9372586,-920751150.3389463,-921698780.1298674,-923104645.6397775,-924511391.4218067,0.0
2910.0,16108766.715335635,16126804.655617744,16144875.577226406,16162979.351534149,16181115.847111942,16199284.929701645,16217486.462188344,16235720.304572688,16253986.313943144,16272284.344448209,16290614.247268656,16308975.87058967,16327369.059573006,16345793.656329188,16364249.49988962,16382736.426178772,16401254.267986368,16419802.85493954,16438382.013475183,16456991.56681212,16475631.334923496,16494301.134509243,16513000.778968446,16531730.078372013,16550488.839435272,16569276.86549082,16588093.956461314,16606939.9088326,16625814.515626805,16644717.566375704,16663648.847094212,16682608.14025408,16701595.224757705,16720609.875912344,16739651.865404291,16758720.961273585,16777816.927888684,16796939.525921684,16816088.51232361,16835263.640300173,16854464.659287736,16873691.3149297,16892943.349053226,16912220.4996463,16931522.500835255,16950849.082862698,16970199.972065836,16989574.890855294,17008973.557694435,17028395.687079117,17047840.989518017,17067309.171513572,17086799.935543302,17106312.98004193,17125847.999383986,17145404.68386714,17164982.719696164,17184581.788967546,17204201.56965494,17223841.735595275,17243501.956475638,17263181.89782104,17282881.22098295,17302599.5831287,17322336.637231834,17342092.032063324,17361865.412183754,17381656.417936526,17401464.68544209,17421289.84659317,17441131.529051147,17460989.356243517,17480862.947362565,17500751.91736512,17520655.876973715,17540574.43267886,17560507.186742686,17580453.737203933,17600413.67788431,17620386.59839627,17640372.08415229,17660369.716375537,17680379.07211225,17700399.724245533,17720431.241510946,17740473.18851352,17760525.125746783,17780586.609613314,17800657.192447137,17820736.422538094,17840823.844157867,17860918.997588158,17881021.41915071,17901130.641239382,17921246.192354318,17941367.59713816,17961494.37641453,17981626.0472286,18001762.122890003,18021902.11301796,18042045.52358882,18062191.856986,18082340.61205225,18102491.284144543,18122643.36519139,18142796.34375277,18162949.705082662,18183102.931194287,18203255.500927977,18223406.89002185,18243556.571185265,18263704.01417509,18283848.68587493,18303990.050377127,18324127.56906781,18344260.70071493,18364388.90155933,18384511.625408825,18404628.323735416,18424738.445775628,18444841.43863399,18464936.747389767,18485023.81520672,18505102.08344636,18525170.99178417,18545229.978329387,18565278.479747817,18585315.93138806,18605341.767411068,18625355.42092292,18645356.324111,18665343.90838339,18685317.604511674,18705276.84277688,18725221.05311885,18745149.66528877,18765062.109004896,18784957.8141116,18804836.21074139,18824696.72948027,18844538.801535863,18864361.85890885,18884165.334567137,18903948.66262292,18923711.278512668,18943452.61917964,18963172.12325909,18982869.231266,19002543.385785144,19022194.031663444,19041820.61620444,19061422.589364816,19080999.403952595,19100550.5158272,19120075.38410089,19139573.471341483,19159044.243776195,19178487.171496414,19197901.72866299,19217287.39371201,19236643.64956076,19255969.983813383,19275265.88896632,19294530.862612795,19313764.40764642,19332966.03246327,19352135.25116224,19371271.58374324,19390374.55630278,19409443.701226696,19428478.55737929,19447478.670288723,19466443.59232792,19485372.882890634,19504266.10856203,19523122.843283344,19541942.66850985,19560725.17336166,19579469.954766665,19598176.617594983,19616844.774783976,19635474.04745353,19654064.06501031,19672614.46524066,19691124.894390807,19709595.007234044,19728024.467123352,19746412.94602902,19764760.124559827,19783065.69196707,19801329.346130013,19819550.79352172,19837729.74915416,19855865.936500955,19873959.087396745,19892008.94191154,19910015.248198617,19927977.762314297,19945896.248008,19963770.47648068,19981600.226109914,19999385.28213945,20017125.436331067,20034820.48657676,20052470.236468364,20070074.494822424,20087633.07515721,-900365841.6110227,-900327609.245383,-900289149.890251,-900250459.2804412,-900211533.1168815,-900172367.0703017,-897139259.6771399,-897102544.0590856,-897065662.6454195,-897028614.3660082,-896991398.2522585,-903474363.128702,-903440893.361263,-903407259.6904618,-903373463.8502403,-903339507.7997832,-902783416.8931884,-902746963.3411314,-902710347.8097812,-902673574.1348636,-902636646.5164849,-902599569.5396256,-901000076.4014657,-900964953.4684428,-900929798.4168376,-900894617.7533776,-900859418.4362732,-901176092.6818192,-901142801.615044,-901109572.2049505,-901076415.5952967,-901043343.5841632,-901010368.658834,-902013341.9431888,-901983047.2767556,-901952913.6942874,-901922957.001034,-901893193.8821192,-902207685.6318122,-902178684.2075664,-902149883.864552,-902121302.6284395,-902092959.5748806,-902171215.48426,-902144294.5624102,-902117692.6025066,-902091433.6965096,-902065543.3583666,-902040048.6214728,-902072325.1521548,-902045792.7488664,-902019749.5405772,-901994231.10011,-901969275.1547228,-902160778.1731852,-902140119.9687544,-902120155.5917292,-902100931.3341404,-902082496.409401,-902660574.8640336,-902637259.5261022,-902614761.2337496,-902593146.1539764,-902572485.6166322,-902764697.2612364,-902738946.9055651,-902714274.471284,-902690767.0628614,-902668517.2175096,-902647622.8333544,-903503398.7715318,-903485349.0051414,-903468969.2652408,-903454374.26448,-903441677.528782,-903462890.1080208,-903449948.3564523,-903439350.7680112,-903431195.8954824,-903425545.5817584,-903108960.4217016,-903114431.8671404,-911854329.7050916,-911859461.0919216,-911865922.3357162,-911872831.8303746,-911879228.9928318,-912760719.032988,-912762952.5236572,-912762223.130163,-912758399.55412,-912751967.7819722,-911869988.5561886,0.0
2909.0,16732915.959893093,16752399.28458584,16771917.608444717,16791470.79835835,16811058.718403295,16830681.229818903,16850338.190981984,16870029.457381655,16889754.881594256,16909514.31325815,16929307.59904886,16949134.58265402,16968995.10474857,16988889.00297004,17008816.11189389,17028776.263008982,17048769.284693263,17068795.002189483,17088853.237581156,17108943.809768625,17129066.534445435,17149221.224074695,17169407.687865946,17189625.731751956,17209875.158365965,17230155.767019097,17250467.353678115,17270809.71094342,17291182.62802732,17311585.89073275,17332019.281432264,17352482.57904734,17372975.559028156,17393497.9933338,17414049.650412764,17434630.295184016,17455239.689018473,17475877.58972103,17496543.751513004,17517237.92501522,17537959.857231565,17558709.291533217,17579485.96764342,17600289.621622957,17621119.985856205,17641976.78903798,17662859.75616105,17683768.60850442,17704703.06362234,17725662.835334297,17746647.633715626,17767657.165089156,17788691.132017735,17809749.233297687,17830831.16395324,17851936.615232002,17873065.274601515,17894216.825746823,17915390.948569268,17936587.3191864,17957805.609933134,17979045.489364125,18000306.62225753,18021588.66962003,18042891.288693286,18064214.132961847,18085556.852162533,18106919.0922953,18128300.49563585,18149700.70074969,18171119.342508048,18192556.052105404,18214010.457078937,18235482.181329776,18256970.84514617,18278476.06522868,18299997.45471733,18321534.623221006,18343087.176848844,18364654.718244,18386236.846619688,18407833.157797515,18429443.24424837,18451066.69513576,18472703.09636176,18494352.03061557,18516013.07742497,18537685.81321043,18559369.8113422,18581064.64220041,18602769.873238143,18624485.069047865,18646209.79143084,18667943.599470127,18689686.049606893,18711436.69572021,18733195.089210644,18754960.779087376,18776733.31205931,18798512.23263002,18820297.083196763,18842087.40415368,18863882.7339992,18885682.60944781,18907486.565546434,18929294.13579528,18951104.85227348,18972918.24576959,18994733.845917128,19016551.181335103,19038369.77977391,19060189.168266542,19082008.8732854,19103828.420904662,19125647.3369686,19147465.14726572,19169281.37770922,19191095.55452346,19212907.204437103,19234715.85488272,19256521.03420321,19278322.2718652,19300119.09867944,19321911.047028683,19343697.651102792,19365478.447141822,19387252.97368671,19409020.77183819,19430781.385523893,19452534.361774,19474279.251005508,19496015.607315548,19517742.988783654,19539460.95778359,19561169.081304703,19582866.9312832,19604554.08494346,19626230.125149824,19647894.640768982,19669547.227043293,19691187.485975303,19712815.02672385,19734429.46601187,19756030.42854643,19777617.547451083,19799190.46471124,19820748.83163237,19842292.30931195,19863820.569125127,19885333.29322473,19906830.175055787,19928310.91988528,19949775.245347247,19971222.88200394,19992653.573923223,20014067.07927304,20035463.170933142,20056841.63712478,20078202.282058872,20099544.92660313,20120869.40896889,20142175.58541817,20163463.33099156,20184732.54025781,20205983.12808564,20227215.030438565,20248428.2051936,20269622.632984627,20290798.31807121,20311955.28923384,20333093.600696653,20354213.33307832,20375314.594372645,20396397.520959444,20417462.27864733,20438509.063749336,20459538.104192905,20480549.66066544,20501544.027796943,20522521.535381395,20543482.549638275,20564427.4745161,20585356.753039803,20606270.86870377,20627170.346912768,20648055.75647261,20668927.711133275,20689786.87118647,20710633.94512065,20731469.691335823,20752294.919921376,20773110.494499832,20793917.334139805,20814716.41534189,20835508.774100803,20856295.508048054,20877077.77867919,20897856.81367012,20918633.90928732,20939410.43289688,20960187.825577933,20980967.604846105,21001751.367493268,21022540.79255005,21043337.644378107,21064143.775899712,21084961.13197261,-899455145.7637694,-899410995.8530257,-899366514.9595287,-899321695.6446891,-899276530.3035556,-899231011.1619177,-895886049.3192056,-895840423.8850863,-895794462.7855132,-895748159.6234791,-895701507.8844616,-902100077.1025414,-902055455.927228,-902010465.5109802,-901965100.6230522,-901919355.9507432,-901403754.9960514,-901355348.3675648,-901306540.7498648,-901257327.464236,-901207703.8078536,-901157665.0529778,-899386826.0880015,-899337518.9167295,-899287857.3608572,-899237836.1656008,-899187449.954605,-899327572.670671,-899276574.7546257,-899225217.2040236,-899173495.3657558,-899121404.4344465,-899068939.432607,-900057607.4580742,-900006328.9013758,-899954674.0618843,-899902637.3051375,-899850212.7042183,-900113274.641141,-900060328.8062258,-900006921.433255,-899953041.5922592,-899898677.6127695,-899903092.6899252,-899848079.8859428,-899792546.0919697,-899736475.433941,-899679850.7544599,-899622653.4689386,-899513097.9875381,-899451221.3727719,-899388651.7232817,-899325361.6072228,-899261320.9261854,-899389572.8797561,-899326876.0736747,-899263335.8456483,-899198907.0701872,-899133539.6571473,-899783382.4819663,-899710293.5118123,-899635932.3650595,-899560220.1207044,-899483068.2829329,-899636876.2639667,-899550291.5112929,-899461924.0556136,-899371632.421689,-899279252.7925919,-899184594.1640387,-899963364.0948954,-899863226.1619657,-899759989.0228825,-899653271.2677317,-899542607.1504114,-899417126.190943,-899289583.3797348,-899155778.5055454,-899014577.3862752,-898864509.3471287,-898380712.2971076,-898217360.9236094,-906949229.2385484,-906749354.5716844,-906521284.7986122,-906255232.8881744,-905937092.751434,-905970653.544158,-905445040.1106988,-904754303.4727652,-903799029.3631676,-902379074.0741467,-899207353.4068613,0.0
2908.0,17341269.830661044,17362139.735096414,17383046.570040613,17403990.19938265,17424970.484213788,17445987.28280495,17467040.45058401,17488129.840113338,17509255.301067363,17530416.680210434,17551613.82137471,17572846.56543831,17594114.7503036,17615418.21087576,17636756.77904144,17658130.28364779,17679538.550481647,17700981.402249,17722458.65855476,17743970.135882795,17765515.647576276,17787095.00381843,17808708.01161347,17830354.474768132,17852034.193873335,17873746.966286454,17895492.58611393,17917270.844194345,17939081.528081905,17960924.422030568,17982799.30697851,18004705.96053322,18026644.156957194,18048613.667154107,18070614.2586557,18092645.695609283,18114707.73876585,18136800.14546896,18158922.66964431,18181075.06179011,18203257.068968136,18225468.43479574,18247708.899438616,18269978.19960447,18292276.068537675,18314602.23601475,18336956.42834098,18359338.368347928,18381747.77539217,18404184.365355,18426647.850643285,18449137.940191686,18471654.339465924,18494196.75046741,18516764.871739164,18539358.39837319,18561977.022019163,18584620.430894684,18607288.30979701,18629980.34011632,18652696.19985075,18675435.563622944,18698198.102698486,18720983.485006053,18743791.3751595,18766621.434481744,18789473.32103085,18812346.689627945,18835241.191887435,18858156.47624929,18881092.18801368,18904047.969377924,18927023.459475808,18950018.29441948,18973032.10734383,18996064.528453607,19019115.18507322,19042183.70169937,19065269.70005658,19088372.79915581,19111492.61535612,19134628.76242944,19157780.851628847,19180948.49176004,19204131.28925637,19227328.848257635,19250540.77069234,19273766.65636404,19297006.103041373,19320258.706552528,19343524.06088352,19366801.75828109,19390091.389359903,19413392.54321441,19436704.80753544,19460027.768731613,19483361.0120558,19506704.12173685,19530056.681116544,19553418.27279195,19576788.478763714,19600166.88058993,19623553.05954604,19646946.59679106,19670347.07354,19693754.071242936,19717167.171770785,19740585.95760808,19764010.012052905,19787438.919424083,19810872.265276164,19834309.636622097,19857750.62216399,19881194.812532187,19904641.800532933,19928091.181404725,19951542.553083923,19974995.516479537,19998449.67575777,20021904.638636377,20045360.01668945,20068815.42566242,20092270.48579832,20115724.822174825,20139178.065053217,20162629.85023894,20186079.81945465,20209527.620725702,20232972.90877884,20256415.34545428,20279854.600131564,20303290.3501699,20326722.281363115,20350150.08840984,20373573.475399483,20396992.156314407,20420405.85554876,20443814.30844464,20467217.261846192,20490614.474671967,20514005.71850642,20537390.7782111,20560769.45255609,20584141.55487253,20607506.91372676,20630865.37361705,20654216.79569344,20677561.05850165,20700898.058751885,20724227.712113347,20747549.9540353,20770864.740595914,20794172.049379434,20817471.8803832,20840764.25695508,20864049.22676298,20887326.862797067,20910597.26440636,20933860.558370743,20957116.90000983,20980366.474330008,21003609.497211184,21026846.216634933,21050076.91395524,21073301.90521402,21096521.542502865,21119736.21537296,21142946.35229525,21166152.42217268,21189354.93590688,21212554.448021486,21235751.55834436,21258946.91375137,21282141.209974457,21305335.19347633,21328529.66339524,21351725.4735626,21374923.534596667,21398124.8160759,21421330.34879548,21444541.22711062,21467758.611371145,21490983.730451018,21514217.88437764,21537462.447065536,21560718.86915942,21583988.680991948,21607273.49566164,21630575.012237057,21653895.019093283,21677235.39738754,21700598.1246808,21723985.27871288,21747399.041339044,21770841.702636283,21794315.66518833,21817823.44855884,21841367.69396269,21864951.169146247,21888576.77348788,21912247.54333075,21935966.657561027,21959737.443444945,21983563.3827398,22007448.118094016,22031395.459753573,22055409.39259232,-898606614.177668,-898557145.159697,-898507252.289057,-898456925.197694,-898406153.225531,-898354925.4112724,-894719396.8495622,-894665675.5645667,-894611462.9033178,-894556747.4874034,-894501517.6141329,-900820943.7169516,-900766250.4929974,-900710997.1943063,-900655172.0179145,-900598762.7948847,-900124912.9418534,-900065705.77909,-900005872.794502,-899945401.130818,-899884277.53963,-899822488.361048,-897894732.8819636,-897832405.2930416,-897769421.2132174,-897705764.3769068,-897641417.8773732,-897620684.5254669,-897553487.2738876,-897485539.8001463,-897416822.9976189,-897347316.902804,-897277000.6308668,-898250575.926834,-898180031.121296,-898108613.2583324,-898036297.356057,-897963057.1406263,-898174006.6904987,-898099158.8312055,-898023249.110879,-897946241.4096028,-897868097.4109985,-897805520.4654063,-897724908.9188051,-897643026.9480355,-897559824.9910675,-897475250.1075028,-897389245.6669185,-897153810.0450689,-897060231.5176439,-896964943.3522556,-896867868.6025407,-896768924.3488566,-896837732.7393575,-896737570.1679096,-896635274.8574253,-896530733.5300708,-896423823.1036288,-897142343.2209955,-897025738.1017994,-896906169.1545084,-896783454.8948425,-896657396.0301818,-896776188.3252468,-896636899.4580942,-896493596.0075611,-896345993.929623,-896193775.7405232,-896036585.080124,-896750820.1926101,-896582222.5341444,-896407254.9845649,-896225322.3284152,-896035735.1344126,-895808078.2608219,-895592560.6515758,-895366257.4567324,-895127818.9852084,-894875600.8017818,-894253129.4835609,-893982418.6521635,-902710094.3118632,-902390037.507178,-902037026.7632585,-901642485.4967954,-901194903.9765886,-900989509.8680464,-900403493.658159,-899727884.9163561,-898963988.9202731,-898179671.3682159,-896797313.2571515,0.0
2907.0,17932556.896046538,17954753.209773574,17976988.30102499,17999262.03208463,18021574.262473702,18043924.84893056,18066313.64539076,18088740.50296723,18111205.26993084,18133707.79169092,18156247.910776325,18178825.46681658,18201440.2965234,18224092.233672425,18246781.1090854,18269506.750612497,18292268.9831152,18315067.628449406,18337902.50544901,18360773.429909773,18383680.214573786,18406622.669114225,18429600.60012072,18452613.811085083,18475662.10238764,18498745.27128404,18521863.111892708,18545015.415182848,18568201.96896297,18591422.557870213,18614676.963360243,18637964.96369786,18661286.333948325,18684640.84596948,18708028.268404577,18731448.36667609,18754900.90298005,18778385.63628175,18801902.32231183,18825450.713563792,18849030.55929216,18872641.60551184,18896283.59499856,18919956.26729032,18943659.35869004,18967392.602269463,18991155.727874167,19014948.462129954,19038770.528450582,19062621.64704673,19086501.53493661,19110409.90595784,19134346.47078098,19158310.936924625,19182303.008772094,19206322.387589823,19230368.771547586,19254441.85574043,19278541.332212523,19302666.88998297,19326818.21507359,19350994.99053881,19375196.89649766,19399423.610168003,19423674.805903062,19447950.15523036,19472249.32689289,19496571.98689317,19520917.79853955,19545286.42249545,19569677.51683127,19594090.73707919,19618525.736290973,19642982.1650988,19667459.67177921,19691957.902320493,19716476.500493143,19741015.10792415,19765573.364174545,19790150.90682091,19814747.371540543,19839362.39220062,19863995.600951474,19888646.62832397,19913315.10333136,19938000.65357536,19962702.9053572,19987421.483793035,20012156.01293458,20036906.11589465,20061671.41497792,20086451.531817123,20111246.08751481,20136054.7027908,20160876.998135544,20185712.593969647,20210561.110809624,20235422.16944012,20260295.391092926,20285180.39763281,20310076.81175052,20334984.25716309,20359902.35882177,20384830.74312779,20409769.0381561,20434716.873887565,20459673.88244965,20484639.698366,20509613.95881514,20534596.30389873,20559586.37691932,20584583.824668422,20609588.29772473,20634599.45076321,20659616.942875102,20684640.43789947,20709669.60476638,20734704.11785237,20759743.65734833,20784787.9096405,20809836.56770473,20834889.331514623,20859945.90846396,20885006.01380383,20910069.371095084,20935135.71267646,20960204.780149,20985276.324877355,21010350.10850836,21035425.90350768,21060503.493715025,21085582.67491852,21110663.255449,21135745.05679491,21160827.91423833,21185911.677513182,21210996.211486064,21236081.39686076,21261167.13090706,21286253.32821495,21311339.921474863,21336426.862285085,21361514.12198724,21386601.692530867,21411689.587368056,21436777.84237951,21461866.516832784,21486955.69437436,21512045.484056327,21537136.021399457,21562227.469493564,21587320.020136964,21612413.895016287,21637509.34692826,21662606.66104509,21687706.156225115,21712808.186370544,21737913.14183409,21763021.45087644,21788133.581176512,21813250.041396946,21838371.382806573,21863498.200962503,21888631.137454253,21913770.881712392,21938918.172884308,21964073.801780228,21989238.61289199,22014413.506488062,22039599.44078772,22064797.43421822,22090008.56775799,22115233.98737017,22140474.90653005,22165732.608850725,22191008.450811416,22216303.86459296,22241620.36102521,22266959.532651886,22292323.056917507,22317712.699482992,22343130.31767509,22368577.864076342,22394057.39026232,22419571.050692707,22445121.106764168,22470709.931032367,22496340.011611745,22522013.956761483,22547734.4996672,22573504.50342794,22599326.966258828,22625205.026920475,22651141.97038666,22677141.233762544,22703206.41246661,22729341.266690213,22755549.72814917,22781835.907143567,22808204.09994188,22834658.79650746,22861204.688586168,22887846.678175177,22914589.88639435,22941439.662783228,22968401.595047712,22995481.51928289,-897828831.387897,-897774793.2034637,-897720253.8133731,-897665200.3524309,-897609619.5544316,-897553497.7375375,-893656383.5085338,-893595710.0667074,-893534414.0170953,-893472479.7813092,-893409891.2850897,-899661890.8495026,-899598652.1201129,-899534692.9465734,-899469996.0683192,-899404543.6355778,-898971061.0730454,-898902687.7366973,-898833496.5503653,-898763467.7040226,-898692580.6999887,-898620814.3181419,-896556825.7402041,-896483426.0406554,-896409117.7279594,-896333875.7535726,-896257674.0528852,-896104529.0899688,-896023840.6092517,-895942088.243423,-895859242.1349329,-895775271.1191987,-895690142.6375915,-896651144.721301,-896564606.9866683,-896476803.361649,-896387695.0130434,-896297241.2234358,-896458541.4748085,-896365763.9261996,-896271470.6284409,-896175609.018512,-896078123.5907211,-895961802.1760097,-895860589.0926743,-895757562.7920437,-895652653.5901031,-895545787.516468,-895436885.9623979,-895105045.1719351,-894987043.4048437,-894866664.624102,-894743808.3568082,-894618367.4309201,-894638476.848072,-894510143.1255825,-894378892.0603504,-894244584.2384459,-894107070.306287,-894885736.7885393,-894737738.4494479,-894585847.2426822,-894429852.4241078,-894269526.7133343,-894356788.0965233,-894180638.043671,-893999397.1321579,-893812771.1662837,-893620442.4073257,-893422067.9407543,-894094992.2888212,-893883226.0705792,-893664192.4108249,-893437437.0120199,-893202476.8686584,-892940777.2659018,-892681329.9454877,-892411931.1757686,-892132054.7294633,-891841207.1995993,-891125630.4098606,-890830683.0089912,-899557101.801083,-899225470.7306651,-898879997.997883,-898520801.2487972,-898148965.6168026,-898256280.9674796,-897938282.463703,-897654700.079423,-897439239.7446474,-897338354.8971554,-896490275.4382615,0.0
2906.0,18505585.896508247,18529047.311774377,18552549.268832788,18576091.62964741,18599674.25347074,18623296.996826112,18646959.713490363,18670662.254476734,18694404.468018003,18718186.19955004,18742007.291695595,18765867.58424854,18789766.91415828,18813705.115514845,18837682.01953408,18861697.45454346,18885751.245968275,18909843.216318257,18933973.185174763,18958140.96917837,18982346.38201708,19006589.234415032,19030869.334121834,19055186.48590244,19079540.491527688,19103931.149765503,19128358.25637282,19152821.604088016,19177320.982624423,19201856.17866431,19226426.975853782,19251033.15479856,19275674.49306052,19300350.76515523,19325061.742550373,19349807.193665106,19374586.88387051,19399400.57549104,19424248.027807064,19449128.99705849,19474043.23644965,19498990.49615533,19523970.52332803,19548983.06210661,19574027.853626247,19599104.63602973,19624213.144480266,19649353.111175787,19674524.265364792,19699726.33336376,19724959.038576268,19750222.101513848,19775515.23981853,19800838.16828738,19826190.598898727,19851572.2408406,19876982.800541,19902421.98170042,19927889.48532646,19953385.00977069,19978908.250767928,20004458.901477817,20030036.65252896,20055641.19206554,20081272.205796745,20106929.37704876,20132612.38681969,20158320.9138374,20184054.634620383,20209813.22354168,20235596.352896124,20261403.692970887,20287234.91211938,20313089.676838804,20338967.651851352,20364868.500189148,20390791.88328314,20416737.461056,20442704.89201923,20468693.8333745,20494703.94111952,20520734.870158367,20546786.274416734,20572857.806961816,20598949.1201275,20625059.86564452,20651189.694776192,20677338.25845954,20703505.207452204,20729690.192485303,20755892.86442233,20782112.87442435,20808349.874121707,20834603.51579253,20860873.452547982,20887159.33852483,20913460.82908527,20939777.581024528,20966109.252786107,20992455.50468538,21018815.99914142,21045190.40091756,21071578.37737089,21097979.598710965,21124393.738268018,21150820.47277113,21177259.48263648,21203710.45226607,21230173.070357434,21256647.03022444,21283132.030129693,21309627.77362891,21336133.96992773,21362650.334251143,21389176.58822624,21415712.46027857,21442257.68604261,21468812.00878677,21495375.17985348,21521946.959114857,21548527.115444515,21575115.42720599,21601711.68275835,21628315.680979688,21654927.23180907,21681546.15680741,21708172.289738264,21734805.477168795,21761445.57909216,21788092.469571494,21814746.03740674,21841406.18682473,21868072.83819372,21894745.92876294,21921425.41342821,21948111.26552456,21974803.47764676,22001502.06249885,22028207.053773627,22054918.507063333,22081636.50080255,22108361.13724451,22135092.54347224,22161830.87244553,22188576.304085366,22215329.046397053,22242089.3366336,22268857.44250073,22295633.66340545,22322418.331749413,22349211.81426919,22376014.513424966,22402826.868839853,22429649.358791552,22456482.50175856,22483326.85802304,22510183.031332634,22537051.67062372,22563933.471808143,22590829.17962668,22617739.589571346,22644665.54987969,22671607.963604007,22698567.790758416,22725546.050547417,22752543.823678844,22779562.254765265,22806602.554817203,22833666.00383244,22860753.95348517,22887867.829919662,22915009.13665282,22942179.457590263,22969380.46016133,22996613.89857777,23023881.617222093,23051185.554171104,23078527.744860843,23105910.32589926,23133335.539033704,23160805.73527973,23188323.379219487,23215891.053476863,23243511.46337826,23271187.44180741,23298921.95426369,23326718.10413361,23354579.13818574,23382508.452300105,23410509.59744337,23438586.28590208,23466742.397786725,23494981.987820294,23523309.29242577,23551728.737127475,23580244.94428296,23608862.741162032,23637587.16839149,23666423.48878464,23695377.196576104,23724454.02708385,23753659.9668215,23783001.2640855,23812484.44004371,23842116.300353125,23871903.94733688,23901854.79275215,-897129183.8831992,-897071454.1364297,-897013165.116155,-896954302.0548126,-896894849.6998335,-896834792.2949597,-892711723.8196155,-892645521.2766834,-892578598.0091703,-892510935.3749549,-892442514.1174693,-898644046.3035969,-898574164.9870186,-898503446.4258693,-898431869.5683725,-898359412.6373987,-897962542.0813047,-897887047.8210286,-897810592.161093,-897733150.2694929,-897654696.4367062,-897575204.0338631,-895401127.6545792,-895319256.2967616,-895236297.6428266,-895152221.1414014,-895066995.0513386,-894819732.8714978,-894729204.572525,-894637408.9632648,-894544310.617738,-894449872.6851016,-894354056.8065592,-895307727.4654208,-895209670.5200609,-895110102.8027468,-895008979.1280028,-894906252.3470495,-895023183.9403486,-894917896.0488528,-894810839.7413237,-894701957.3722427,-894591188.457251,-894438238.2860912,-894323182.8753628,-894206045.156202,-894086751.9246249,-893965226.0907422,-893841386.4086596,-893450708.3078804,-893317848.019708,-893182375.3963641,-893044195.0389786,-892903206.5520123,-892890161.0703648,-892745708.8898067,-892598153.5441045,-892447372.2267488,-892293235.8463408,-893118181.1669852,-892953946.1279973,-892785745.928176,-892613409.5773518,-892436757.550475,-892497417.3953834,-892303823.8196424,-892105277.2208418,-891901579.5824221,-891692530.0183349,-891477927.909134,-892136067.4125891,-891909695.8310864,-891677192.7391094,-891438428.7901986,-891193325.6059926,-890961152.3244,-890700169.215278,-890433215.9854187,-890160774.9717813,-889883639.0296828,-889108248.725318,-888845200.9801679,-897569358.6941934,-897290429.9807826,-897019811.6834075,-896764303.7076042,-896533133.6862712,-897046685.9392927,-896956605.2658918,-896929413.440424,-896962567.608649,-897028288.2241355,-896203743.2863646,0.0
2905.0,19059246.55979714,19083910.85428157,19108617.373167463,19133365.9792599,19158156.53271545,19182988.89102691,19207862.90900832,19232778.438780326,19257735.329755902,19282733.428626515,19307772.57934853,19332852.62313019,19357973.39841896,19383134.74088929,19408336.48343097,19433578.4561378,19458860.48629695,19484182.398378786,19509544.014027223,19534945.15205076,19560385.62841401,19585865.256230023,19611383.845753115,19636941.204372484,19662537.13660652,19688171.444097888,19713843.92560935,19739554.37702044,19765302.591324933,19791088.35862924,19816911.46615172,19842771.698222857,19868668.836286463,19894602.658901967,19920572.94174764,19946579.45762497,19972621.9764642,19998700.265331022,20024814.08843443,20050963.20713593,20077147.379960027,20103366.36260605,20129619.90796137,20155907.76611614,20182229.68437948,20208585.407297228,20234974.676671345,20261397.23158096,20287852.80840514,20314341.140847422,20340861.95996236,20367414.99418368,20393999.969354734,20420616.6087608,20447264.63316356,20473943.760837782,20500653.70761026,20527394.186901044,20554164.909767155,20580965.58494879,20607795.918918014,20634655.615930296,20661544.378078632,20688461.90535061,20715407.89568841,20742382.04505179,20769384.0474843,20796413.595182672,20823470.3785696,20850554.08636992,20877664.405690484,20904801.02210362,20931963.619734447,20959151.88135208,20986365.48846502,21013604.12142061,21040867.45950897,21068155.1810712,21095466.963612463,21122802.48391963,21150161.418184035,21177543.44212914,21204948.2311436,21232375.460419714,21259824.80509749,21287295.94041444,21314788.54186144,21342302.28534471,21369836.84735419,21397391.90513848,21424967.13688663,21452562.22191685,21480176.840872586,21507810.675926004,21535463.410989203,21563134.73193356,21590824.326816995,21618531.886120223,21646257.102991417,21673999.67350007,21701759.29690039,21729535.675904248,21757328.51696416,21785137.53056673,21812962.431536723,21840802.93935217,21868658.778470986,21896529.678669363,21924415.37539236,21952315.61011715,21980230.13072924,22008158.69191232,22036101.055551924,22064056.99115355,22092026.276275743,22120008.69697854,22148004.04828788,22176012.13467652,22204032.770562027,22232065.780822456,22260111.00133013,22288168.27950459,22316237.474884924,22344318.459722374,22372411.119593948,22400515.354037683,22428631.077210456,22456758.218568936,22484896.723574787,22513046.554424617,22541207.69080603,22569380.130680256,22597563.89109264,22625759.0090118,22653965.54219876,22682183.57010672,22710413.19481312,22738654.541984744,22766907.76187733,22795173.03037089,22823450.550042063,22851740.551275,22880043.293411955,22908359.06594555,22936688.18975373,22965031.01837948,22993387.939356893,23021759.37558521,23050145.786752924,23078547.670813724,23106965.565516405,23135400.049990777,23163851.746391807,23192321.321604382,23220809.489010844,23249317.010324195,23277844.69748921,23306393.414654497,23334964.0802181,23363557.66894997,23392175.21419408,23420817.810153745,23449486.61426344,23478182.84965065,23506907.8076918,23535662.85066564,23564449.414508928,23593269.011678025,23622123.234121427,23651013.75636764,23679942.338733643,23708910.83065881,23737921.17417013,23766975.40748405,23796075.66875129,23825224.199950747,23854423.35093913,23883675.58366331,23912983.47654276,23942349.729029525,23971777.166354187,24001268.744465828,24030827.5551754,24060456.831511576,24090159.95329913,24119940.4529702,24149802.02161949,24179748.51531501,24209783.96167639,24239912.56673389,24270138.722081657,24300467.012339387,24330902.222937915,24361449.34824454,24392113.600045137,24422900.41640104,24453815.47089972,24484864.682319447,24516054.22472921,24547390.538046747,24578880.339078624,24610530.633067977,24642348.72577715,24674342.236134104,24706519.109473422,24738887.63140474,24771456.44234345,-896513657.9404676,-896453212.4640939,-896392171.819827,-896330520.0554566,-896268240.6807706,-896205316.646491,-891897176.006188,-891827078.1790942,-891756200.8136668,-891684523.5751177,-891612025.459047,-897783856.9822645,-897709508.4997641,-897634258.3621048,-897558083.7081403,-897480960.913544,-897115013.9699975,-897034747.4906144,-896953435.5522764,-896871050.665495,-896787564.397816,-896702947.3331478,-894448929.674551,-894361641.6600838,-894273175.1922559,-894183497.9633532,-894092576.5154063,-893795479.745639,-893699342.7148303,-893601860.8171487,-893502998.5900201,-893402719.3498638,-893300985.1357894,-894254447.3660567,-894150048.3794907,-894044059.891672,-893936438.1229981,-893827137.7255828,-893907171.0499079,-893795571.2046621,-893682167.7775542,-893566909.1352257,-893449741.6387675,-893278196.6510555,-893156853.3726541,-893033440.546159,-892907896.4861908,-892780157.0196043,-892650155.3670866,-892239878.50974,-892102370.74937,-891962420.918921,-891819960.6168839,-891674919.473948,-891646374.7173488,-891498322.8516234,-891347510.0531636,-891193858.5879613,-891037289.3521211,-891890339.2715772,-891724924.8199166,-891556167.7518334,-891383975.2957096,-891208255.047403,-891249704.0643383,-891057313.1169759,-890860986.2367058,-890660658.2283126,-890456277.0752977,-890247808.9062886,-890914135.6779784,-890697516.7260079,-890476854.063365,-890252277.8183765,-890023997.7317741,-889859512.004964,-889624994.8919243,-889388301.5995641,-889150273.3725165,-888912053.9458874,-888092975.9604841,-887874860.5072919,-896592404.09896,-896369403.8948933,-896162309.4260873,-895978187.4815366,-895825925.6450553,-896556716.5378622,-896519539.5166353,-896535603.666516,-896603490.236239,-896701197.5951726,-895896744.3454355,0.0
2904.0,19592510.061915144,19618314.31567188,19644162.395494208,19670054.166055832,19695989.489452336,19721968.22518804,19747990.23016321,19774055.35866152,19800163.46233813,19826314.39020799,19852507.988634724,19878744.10131996,19905022.56929301,19931343.23090136,19957705.921801247,19984110.47494928,20010556.7205942,20037044.48626957,20063573.596786864,20090143.87422934,20116755.137946498,20143407.20454932,20170099.887906205,20196832.999139626,20223606.346623685,20250419.735982303,20277272.970088515,20304165.84906444,20331098.17028219,20358069.7283659,20385080.315194547,20412129.7199059,20439217.728901543,20466344.125852883,20493508.691708498,20520711.20470248,20547951.440364093,20575229.17152876,20602544.16835016,20629896.19831401,20657285.026252948,20684710.414363023,20712172.122221712,20739669.906807497,20767203.52252097,20794772.721207764,20822377.25218307,20850016.86225804,20877691.29576806,20905400.29460287,20933143.598238703,20960920.943772487,20988732.06595821,21016576.697245307,21044454.567819595,21072365.405646283,21100308.93651557,21128284.884090632,21156292.96995837,21184332.913682587,21212404.43286019,21240507.243179984,21268641.058484696,21296805.590835743,21325000.55058144,21353225.646428213,21381480.58551536,21409765.07349316,21438078.814604577,21466421.511770774,21494792.866680283,21523192.579882275,21551620.35088379,21580075.878251266,21608558.85971633,21637068.9922862,21665605.9723586,21694169.49584155,21722759.258278072,21751374.954975966,21780016.281142984,21808682.93202728,21837374.60306368,21866090.99002557,21894831.789182965,21923596.697466627,21952385.41263872,21981197.633469947,22010033.05992364,22038891.39334684,22067772.33666864,22096675.59460614,22125600.873878103,22154547.883426707,22183516.33464753,22212505.941628154,22241516.42139565,22270547.494173154,22299598.88364597,22328670.31723737,22357761.52639457,22386872.246885154,22416002.219104145,22445151.188392423,22474318.90536656,22503505.12626055,22532709.613279924,22561932.1349686,22591172.46658878,22620430.390514687,22649705.696640134,22678998.18280085,22708307.65521176,22737633.92891984,22766976.828273207,22796336.1874067,22825711.85074488,22855103.67352272,22884511.522324968,22913935.2756444,22943374.82446001,22972830.072835628,23002300.93853977,23031787.353687394,23061289.265404407,23090806.636515778,23120339.446257893,23149887.691016275,23179451.38508944,23209030.56147985,23238625.27271292,23268235.59168517,23297861.612542536,23327503.45158989,23357161.248233072,23386835.165954445,23416525.393323287,23446232.1450424,23475955.66303209,23505696.21755315,23535454.10837008,23565229.665956188,23595023.252742138,23624835.26440956,23654666.13123149,23684516.31946132,23714386.33277228,23744276.713749167,23774188.045434672,23804120.95293201,23834076.105066467,23864054.21610775,23894056.04755588,23924082.40999301,23954134.16500359,23984212.227165885,24014317.566117555,24044451.208698165,24074614.24117193,24104807.8115338,24135033.13190218,24165291.48100208,24195584.20674207,24225912.72888918,24256278.541845515,24286683.217531085,24317128.408376947,24347615.850433577,24378147.366599035,24408724.86997223,24439350.367336325,24470025.96277799,24500753.861448348,24531536.373471394,24562375.918006685,24593275.027472675,24624236.35193775,24655262.6636864,24686356.86196817,24717521.97793746,24748761.17979268,24780077.778123736,24811475.23147712,24842957.15214848,24874527.31221295,24906189.64980439,24937948.27565453,24969807.47990445,25001771.73920095,25033845.724091034,25066034.306728862,25098342.56890976,25130775.810447074,25163339.557908345,25196039.57372829,25228881.865717,25261872.696982823,25295018.59629052,25328326.36887661,25361803.107744828,25395456.205466352,25429293.366510484,25463322.62013367,25497552.33385571,25531991.227554467,25566648.38821193,25601533.28534688,-895986682.1817673,-895924561.224163,-895861833.1898293,-895798481.7332839,-895734489.9521958,-895669840.3657562,-891221090.6533575,-891148860.3589141,-891075834.2535859,-891001991.7732812,-890927311.6943243,-897092441.8412228,-897015947.736899,-896938543.6869808,-896860207.0550487,-896780914.4972163,-896438803.9505986,-896356283.7361386,-896272698.7777734,-896188021.4118332,-896102223.0878595,-896015274.3364652,-893713568.8333112,-893624136.5360625,-893533525.5324588,-893441705.3506558,-893348644.5900438,-893047703.4525247,-892950356.6397029,-892851710.1889919,-892751733.3930008,-892650394.7625223,-892547662.0103239,-893508939.0030848,-893403525.7224538,-893296602.071838,-893188132.0883095,-893078078.9555811,-893129950.3842005,-893018282.6559448,-892904971.4615645,-892789979.4646665,-892673268.5708367,-892499517.6505451,-892379250.2906541,-892257163.3971336,-892133216.8374122,-892007369.8341129,-891879581.002124,-891484739.6222847,-891351921.1678255,-891217126.9560437,-891080325.7224556,-890941487.2438565,-890914619.529397,-890773953.0466732,-890631215.3991148,-890486382.488813,-890339432.6478723,-891199860.7647773,-891045713.3183748,-890889234.4603097,-890730411.9500284,-890569239.11891,-890601521.3429915,-890425038.0817739,-890246021.06646,-890064510.8455615,-889880563.9025469,-889694255.3932263,-890384353.9446045,-890193782.9749377,-890001176.7949502,-889806726.415984,-889610665.6206014,-889521317.3394884,-889325243.4580963,-889128759.7597331,-888932296.0904708,-888736347.6824765,-887891796.4465376,-887706906.3410848,-896413956.6644666,-896220915.9515449,-896035377.2962785,-895860218.9624673,-895699325.6371148,-896460310.1891615,-896346393.063585,-896268227.2298107,-896249201.7018989,-896315301.7938702,-895565352.6103616,0.0
2903.0,20104429.147361554,20131309.95387773,20158236.10764438,20185207.47609325,20212223.92415186,20239285.31423193,20266391.50621841,20293542.35745889,20320737.72275327,20347977.45434416,20375261.40190753,20402589.41254408,20429961.33077088,20457376.99851368,20484836.255099893,20512338.937251933,20539884.87908136,20567473.912083503,20595105.86513293,20622780.564479426,20650497.8337448,20678257.493920326,20706059.363365155,20733903.25780526,20761788.99033346,20789716.37141012,20817685.208864912,20845695.30789932,20873746.471090287,20901838.498394743,20929971.187155213,20958144.332106493,20986357.72538349,21014611.15653008,21042904.41250929,21071237.27771468,21099609.533982974,21128020.960608065,21156471.334356323,21184960.42948345,21213488.017752632,21242053.86845437,21270657.74842777,21299299.422083568,21327978.651428744,21356695.196092915,21385448.81335656,21414239.25818107,21443066.283240706,21471929.638956644,21500829.073532943,21529764.33299475,21558735.161228687,21587741.30002545,21616782.489124816,21645858.466263074,21674968.96722295,21704113.72588612,21733292.474288456,21762504.94267793,21791750.85957549,21821029.951838825,21850341.944729246,21879686.5619816,21909063.525877595,21938472.55732236,21967913.375924543,21997385.70008002,22026889.2470592,22056423.73309832,22085988.873494547,22115584.38270528,22145209.97445156,22174865.36182591,22204550.25740469,22234264.37336504,22264007.42160663,22293779.113878373,22323579.161910333,22353407.277550794,22383263.17290885,22413146.560502674,22443057.153413497,22472994.665445738,22502958.811293285,22532949.30671215,22562965.86869984,22593008.215681497,22623076.06770321,22653169.14663251,22683287.176366523,22713429.88304788,22743596.99528865,22773788.24440274,22804003.36464664,22834242.09346933,22864504.171771232,22894789.344172694,22925097.359292224,22955427.97003493,22985780.93389146,23016156.01324772,23046552.97570575,23076971.5944163,23107411.64842333,23137872.92302074,23168355.21012214,23198858.30864365,23229382.02490049,23259926.173017666,23290490.57535525,23321075.06294904,23351679.47596641,23382303.664178904,23412947.487451125,23443610.81624728,23474293.532155555,23504995.528430928,23535716.71055747,23566456.99683032,23597216.31895837,23627994.62268817,23658791.868450027,23689608.03202681,23720443.105246585,23751297.09669962,23782170.032480843,23813061.956958577,23843972.93357057,23874903.04564814,23905852.39726968,23936821.114144366,23967809.344527423,23998817.260167737,24029845.05728944,24060892.957608324,24091961.20938457,24123050.088513173,24154159.899653308,24185290.97739813,24216443.687486697,24247618.42805924,24278815.63095779,24310035.763073623,24341279.327743325,24372546.86619546,24403838.95904959,24435156.22786968,24466499.33677419,24497868.994104657,24529265.954155363,24560691.01896621,24592145.040181432,24623628.92097664,24655143.61805675,24686690.14372783,24718269.56804554,24749883.02104332,24781531.69504342,24813216.84705415,24844939.801256616,24876701.95158478,24908504.764402367,24940349.781280603,24972238.621880934,25004172.986946896,25036154.6614096,25068185.51761153,25100267.518653423,25132402.72186952,25164593.28243608,25196841.45711925,25229149.608167585,25261520.20735564,25293955.840184763,25326459.21024789,25359033.14376513,25391680.594297603,25424404.64764693,25457208.52694866,25490095.59796757,25523069.374604102,25556133.52462066,25589291.875597782,25622548.421129968,25655907.32727209,25689372.939247247,25722949.78842788,25756642.599602528,25790456.298540875,25824396.01987095,25858467.115282573,25892675.16207208,25927025.972044323,25961525.60078837,25996180.35734456,26030996.814281505,26065981.818202488,26101142.50070181,26136486.289793048,26172020.92183192,26207754.453958496,26243695.27708406,26279852.129450142,26316234.11078849,26352850.69711253,26389711.756172813,-895551021.1421984,-895488292.7232511,-895424969.9193996,-895361036.8024607,-895296476.9028096,-895231273.1889241,-890688126.6302438,-890615566.9756613,-890542237.8742031,-890468119.9420774,-890393193.2045206,-896575239.8205496,-896498931.6504904,-896421759.8838756,-896343703.9462985,-896264742.6863579,-895938539.3069825,-895856306.7434244,-895773054.166725,-895688756.0308188,-895603386.0588979,-895516917.2249441,-893199829.4001702,-893111495.6102152,-893022066.8616396,-892931517.4232368,-892839820.9747754,-892578600.5404963,-892484212.216725,-892388673.0336978,-892291960.291091,-892194051.0511708,-892094922.1642681,-893071942.6520908,-892970472.1887406,-892867698.1813406,-892763596.4560483,-892658142.8102884,-892690774.1664813,-892584657.2697917,-892477200.3439558,-892368384.316145,-892258190.6352668,-892095312.9024242,-891982472.0632077,-891868219.622097,-891752540.5885173,-891635421.0638322,-891516848.3913983,-891164122.6373676,-891043363.6673219,-890921244.2311348,-890797768.6961899,-890672944.5452952,-890662439.4335535,-890537317.0780805,-890410948.7394917,-890283356.5575056,-890154566.8699071,-891001308.7291652,-890866902.9389702,-890731252.6992114,-890594405.0685731,-890456413.4099497,-890491404.3177888,-890340213.1486512,-890187857.1488173,-890034431.4770459,-889880039.6649187,-889724792.2673055,-890446432.5640138,-890290102.4183642,-890133206.044818,-889975847.2740794,-889818109.4854901,-889788617.9643158,-889632895.0813575,-889476910.7931703,-889320424.2319636,-889163011.6553471,-888334702.8673743,-888174338.0703089,-896871359.4894081,-896693577.2309566,-896509192.919885,-896315867.5393469,-896111055.8653522,-896824571.4974498,-896589305.0357355,-896343956.8499403,-896112630.150995,-895963252.0740764,-895164985.0494362,0.0
2902.0,20594137.922749475,20622031.59395794,20649972.053473387,20677959.172237888,20705992.818762675,20734072.859117974,20762199.15692327,20790371.57333808,20818589.96705306,20846854.19428175,20875164.108752627,20903519.5617018,20931920.40186618,20960366.475477245,20988857.62625535,21017393.695404623,21045974.521608524,21074599.94102611,21103269.787288792,21131983.89149798,21160742.0822234,21189544.185502063,21218390.024838258,21247279.421204027,21276212.193040848,21305188.15626188,21334207.12425532,21363268.907888647,21392373.31551377,21421520.152973328,21450709.223607827,21479940.32826421,21509213.265305106,21538527.83061964,21567883.81763521,21597281.01733063,21626719.218250487,21656198.206520904,21685717.76586663,21715277.677629627,21744877.720789064,21774517.67198292,21804197.30553109,21833916.39346024,21863674.70553019,21893472.00926229,21923308.069969367,21953182.65078767,21983095.5127108,22013046.414625484,22043035.113349583,22073061.363672115,22103124.91839557,22133225.52838052,22163362.942592416,22193536.90815113,22223747.170382705,22253993.472873904,22284275.5575294,22314593.164631706,22344946.032904007,22375333.89957596,22405756.50045256,22436213.5699861,22466704.84135152,22497230.046525016,22527788.91636622,22558381.18070389,22589006.56842538,22619664.80756997,22650355.62542607,22681078.74863261,22711833.90328461,22742620.81504312,22773439.20924967,22804288.81104541,22835169.345495008,22866080.53771561,22897022.113010745,22927993.797009747,22958995.315812543,22990026.396140043,23021086.76549052,23052176.15230188,23083294.28612018,23114440.897774704,23145615.719559565,23176818.48542212,23208048.931158688,23239306.794617444,23270591.815908834,23301903.73762401,23333242.305061165,23364607.266460262,23395998.37324648,23427415.38028246,23458858.046129845,23490326.13332029,23521819.40863637,23553337.6434026,23584880.61378702,23616448.10111359,23648039.89218595,23679655.77962256,23711295.562204108,23742959.045233183,23774646.04090681,23806356.36870225,23838089.8557766,23869846.337380502,23901625.65728659,23933427.6682331,23965252.23238322,23997099.22180069,24028968.518942144,24060860.01716701,24092773.62126526,24124709.248003867,24156666.82669255,24188646.29976945,24220647.62340745,24252670.76814192,24284715.719520595,24316782.47877634,24348871.06352368,24380981.50847987,24413113.86621148,24445268.20790723,24477444.6241783,24509643.22588672,24541864.145003185,24574107.535495244,24606373.57424684,24638662.462010536,24670974.424393494,24703309.71287846,24735668.605880994,24768051.40984448,24800458.4603739,24832890.123410262,24865346.79644686,24897828.90978899,24930336.927858885,24962871.350547325,24995432.714613777,25028021.59513696,25060638.607017588,25093284.406535286,25125959.692961805,25158665.21023254,25191401.74867875,25224170.14682252,25256971.293237124,25289806.12847512,25322675.6470668,25355580.899591845,25388522.99482677,25421503.101971224,25454522.45295625,25487582.34483756,25520684.142277226,25553829.28011725,25587019.266048543,25620255.683379047,25653540.193905134,25686874.54088997,25720260.552153505,25753700.14327813,25787195.320934955,25820748.18633532,25854360.938812584,25888035.879539493,25921775.415386587,25955582.062927265,25989458.45259556,26023407.33300285,26057431.57541985,26091534.17843086,26125718.27276713,26159987.12632705,26194344.14939051,26228792.90003581,26263337.08976742,26297980.589363504,26332727.434952386,26367581.83432756,26402548.173511647,26437631.023579467,26472835.14775173,26508165.508770645,26543627.276569903,26579225.83625148,26614966.796383064,26650855.99762969,26686899.52173478,26723103.70086562,26759475.12734004,26796020.663750783,26832747.453506224,26869662.9318056,26906774.8370693,26944091.22284467,26981620.470209725,27019371.300697666,27057352.789767142,27095574.380843744,27134045.899960093,-895207724.1563996,-895145446.3603293,-895082610.8546557,-895019202.9036882,-894955207.2771326,-894890608.232299,-890299150.4575274,-890228015.8666648,-890156177.9092315,-890083619.6066175,-890010323.5029658,-896231982.3371292,-896158069.0373255,-896083386.9651195,-896007919.0495306,-895931647.8194255,-895613093.7011718,-895533567.099725,-895453122.8677139,-895371739.416978,-895289394.648774,-895206065.951011,-892904004.5577563,-892819754.6402943,-892734562.2747163,-892648408.3331515,-892561273.4772638,-892377422.5561882,-892289597.9790373,-892200844.668044,-892111149.2726628,-892020498.7193322,-891928880.2700181,-892928587.1581011,-892835228.4416274,-892740856.8520093,-892645461.1418717,-892549030.7670938,-892570535.6043246,-892474460.3671772,-892377424.6777854,-892279427.1995276,-892180468.1119944,-892037581.5514712,-891936964.1355534,-891835409.6276819,-891732925.8566095,-891629523.0026072,-891525213.8062763,-891231038.6837668,-891127215.4484478,-891022656.4546465,-890917392.4358195,-890811458.1710244,-890828300.8172615,-890723586.0306569,-890618406.8717656,-890512816.9771584,-890406874.5371382,-891220881.3218554,-891110537.4419137,-890999888.1081889,-890889013.4193437,-890777998.5210414,-890827741.347304,-890706100.8568453,-890584404.0099478,-890462764.4060992,-890341296.1825233,-890220110.0782577,-890974953.5514003,-890855048.9875929,-890735604.2589113,-890616638.3494055,-890498112.9370846,-890503615.4404256,-890386774.9260402,-890269745.4362277,-890151948.0474055,-890032528.9374753,-889287423.9623336,-889159496.6479644,-897852083.393807,-897703132.0633528,-897539703.7692527,-897356174.3099006,-897145180.2669176,-897835617.2774756,-897538892.8723595,-897174908.8938693,-896723589.4096379,-896177813.0270666,-894816638.0809692,0.0
2901.0,21060851.33832513,21089694.103329312,21118585.01793871,21147523.95722609,21176510.79390313,21205545.398311067,21234627.63841184,21263757.379779723,21292934.485593203,21322158.81662761,21351430.23124795,21380748.58540243,21410113.73261646,21439525.52398717,21468983.80817853,21498488.431417093,21528039.237488262,21557636.067733303,21587278.76104692,21616967.15387562,21646701.080216706,21676480.371618085,21706304.8571788,21736174.363550376,21766088.71493899,21796047.73310849,21826051.237384383,21856099.04465859,21886190.96939532,21916326.82363785,21946506.41701633,21976729.55675668,22006996.04769055,22037305.69226649,22067658.2905622,22098053.640298072,22128491.536851995,22158971.77327541,22189494.14031078,22220058.4264104,22250664.41775669,22281311.89828403,22312000.64970197,22342730.45152028,22373501.081075422,22404312.31355892,22435163.92204734,22466055.67753421,22496987.3489638,22527958.70326676,22558969.505397923,22590019.51837605,22621108.503325872,22652236.2195222,22683402.424436405,22714606.873785328,22745849.32158252,22777129.52019209,22808447.2203852,22839802.17139912,22871194.120999243,22902622.81554388,22934088.00005204,22965589.418274306,22997126.81276688,23028699.924968943,23060308.495283272,23091952.263160493,23123630.967186928,23155344.345176075,23187092.13426404,23218874.071008906,23250689.89149416,23282539.331436493,23314422.12629785,23346338.01140205,23378286.722056106,23410267.99367631,23442281.56191937,23474327.16281864,23506404.532925643,23538513.40945724,23570653.5304482,23602824.6349099,23635026.46299485,23667258.75616768,23699521.25738232,23731813.71126613,23764135.864310704,23796487.46506987,23828868.264365032,23861278.01549813,23893716.474472377,23926183.40022116,23958678.5548453,23991201.703859005,24023752.616444606,24056331.065716773,24088936.82899611,24121569.68809265,24154229.42959962,24186915.84519764,24219628.731969908,24252367.892728668,24285133.13635321,24317924.27814,24350741.14016529,24383583.55166053,24416451.34940102,24449344.37810859,24482262.4908682,24515205.54955945,24548173.42530332,24581165.998924524,24614183.16143028,24647224.814505912,24680290.871027824,24713381.2555946,24746495.905076686,24779634.769185472,24812797.81106226,24845985.00788802,24879196.351514485,24912431.849117417,24945691.52387284,24978975.415657,25012283.58177088,25045616.097690213,25078973.05784185,25112354.576407347,25145760.788154893,25179191.84930049,25212647.9383994,25246129.25726903,25279636.031944383,25313168.51366707,25346726.9799094,25380311.735434502,25413923.113394,25447561.47646452,25481227.21802437,25514920.76337206,25548642.57098792,25582393.1338406,25616172.98074005,25649982.67773857,25683822.829581853,25717694.081211783,25751597.11932288,25785532.67397441,25819501.520260263,25853504.48003863,25887542.423723765,25921616.272142217,25955726.998455785,25989875.63015381,26024063.251117334,26058291.00375793,26092560.09123373,26126871.779746044,26161227.40091902,26195628.35426595,26230076.109745365,26264572.210410133,26299118.27515336,26333716.001554616,26368367.168830384,26403073.640892643,26437837.36951976,26472660.397644028,26507544.862760182,26542493.000459805,26577507.148096096,26612589.74858441,26647743.35434358,26682970.63138349,26718274.363544688,26753657.45689582,26789122.944295045,26824673.99012193,26860313.895186387,26896046.10182152,26931874.19916781,26967801.92865597,27003833.1896964,27039972.04558327,27076222.72962195,27112589.651488528,27149077.403830465,27185690.769118447,27222434.726759072,27259314.460479,27296335.365991578,27333503.058957096,27370823.383248903,27408302.419537425,27445946.49420536,27483762.188607417,27521756.34868881,27559936.094977245,27598308.832963936,27636882.263889648,27675664.39595283,27714663.555957355,27753888.401418462,27793347.93314619,27833051.508326378,-894956131.4538558,-894895315.5178214,-894834000.7332813,-894772174.2469993,-894709822.7841088,-894646932.6340739,-890051321.1956872,-889983234.6273979,-889914544.9687542,-889845238.5859977,-889775301.5091214,-896056986.510964,-895987437.1978378,-895917252.6096697,-895846420.1002737,-895774926.8142546,-895455855.9035097,-895381198.818248,-895305773.2518551,-895229562.7886986,-895152550.7443448,-895074720.1772232,-892814574.2185557,-892736951.0031393,-892658586.0087825,-892579467.3994772,-892499583.4690274,-892422332.7417382,-892343883.8250645,-892264766.8600047,-892184977.3530092,-892104511.4643543,-892023366.0848879,-893051020.8550689,-892968885.5064542,-892886063.7176706,-892802555.7328434,-892718362.991592,-892735387.1416626,-892652443.2277321,-892568927.9241397,-892484853.5798165,-892400234.595818,-892282657.7567905,-892197286.8798513,-892111437.0889468,-892025132.6180402,-891938400.6951226,-891851271.7700416,-891622068.3281173,-891537565.375157,-891452858.4741964,-891367992.594997,-891283016.8523144,-891334070.5970229,-891251547.5694447,-891169183.1373155,-891087047.7021257,-891005216.375219,-891771582.3071667,-891686119.4460437,-891601033.7960217,-891516419.3980672,-891432375.1685249,-891507022.466313,-891415149.3612683,-891324008.7857721,-891233724.7947409,-891144422.2089984,-891056223.4761704,-891841962.0715792,-891756902.2325588,-891673165.3660654,-891590802.1739486,-891509821.4505578,-891526897.7137305,-891447076.1333294,-891368174.0297618,-891289848.5476456,-891211576.9517972,-890619149.831931,-890542015.0426313,-899237712.4110025,-899147941.3764017,-899048247.6713431,-898933785.4429419,-898797723.480573,-899546333.4339225,-899335171.2998329,-899052780.4036175,-898651869.7792708,-898026743.8034426,-896026864.0026834,0.0
2900.0,21503864.372338843,21533592.56952028,21563370.198365755,21593197.13857688,21623073.2675575,21652998.46040474,21682972.58990044,21712995.526503,21743067.13833962,21773187.29119905,21803355.848524768,21833572.67140854,21863837.618584696,21894150.546424706,21924511.308932416,21954919.757739857,21985375.74210354,22015879.108901475,22046429.70263069,22077027.36540551,22107671.93695649,22138363.25463001,22169101.15338862,22199885.46581213,22230716.022099543,22261592.650071703,22292515.17517488,22323483.420485083,22354497.206713524,22385556.35221273,22416660.672983803,22447809.98268468,22479004.09263928,22510242.811847977,22541525.94699889,22572853.302480616,22604224.68039584,22635639.88057653,22667098.70060008,22698600.93580696,22730146.379319668,22761734.822063148,22793366.05278652,22825039.858086467,22856756.02243213,22888514.328191537,22920314.555659875,22952156.483089216,22984039.88672025,23015964.54081577,23047930.217696,23079936.687775984,23111983.719604887,23144071.07990747,23176198.533627715,23208365.843974624,23240572.77247036,23272819.0790008,23305104.52186848,23337428.857848104,23369791.84224472,23402193.22895452,23434632.770528503,23467110.218239,23499625.322149187,23532177.831185654,23564767.49321421,23597394.05511889,23630057.26288446,23662756.861682307,23695492.59596004,23728264.20953476,23761071.445690274,23793914.04727812,23826791.756822973,23859704.31663196,23892651.468908723,23925632.955871686,23958648.5198772,23991697.90354748,24024780.84990344,24057897.10250284,24091046.405583583,24124228.50421261,24157443.14444044,24190690.07346158,24223969.03978096,24257279.79338666,24290622.085929062,24323995.670906685,24357400.303858925,24390835.74256587,24424301.74725553,24457798.08081864,24491324.509031232,24524880.80078548,24558466.72832874,24592082.067511417,24625726.59804365,24659400.10376128,24693102.37290143,24726833.19838784,24760592.3781265,24794379.71531179,24828195.01874356,24862038.103155315,24895908.789554328,24929806.90557353,24963732.285835966,24997684.77233208,25031664.21481033,25065670.47118153,25099703.407937422,25133762.900583968,25167848.83408976,25201961.103350323,25236099.613668524,25270264.28125186,25304455.033727165,25338671.81067328,25372914.56417233,25407183.259380363,25441477.875117715,25475798.404480167,25510144.85547137,25544517.251657307,25578915.632843632,25613340.05577659,25647790.594868463,25682267.34294824,25716770.412038565,25751299.9341597,25785856.06216163,25820438.97058519,25855048.85655324,25889685.94069297,25924350.468090493,25959042.7092787,25993762.96125967,26028511.548563022,26063288.82434102,26098095.17150223,26132931.00388485,26167796.767471094,26202692.94164424,26237620.04048973,26272578.614142,26307569.250178583,26342592.575063217,26377649.255639747,26412740.000678506,26447865.56247732,26483026.7385187,26518224.3731857,26553459.35953816,26588732.6411516,26624045.214021336,26659398.128533605,26694792.491506577,26730229.46830356,26765710.285020985,26801236.23075403,26836808.659942426,26872428.99479955,26908098.727827825,26943819.42442317,26979592.72557224,27015420.35064547,27051304.1002894,27087245.859421864,27123247.60033393,27159311.38590219,27195439.37291545,27231633.81552004,27267897.06878782,27304231.592411567,27340639.95453191,27377124.83570101,27413689.032987475,27450335.46422788,27487067.17242989,27523887.33033266,27560799.24512991,27597806.363361582,27634912.275980115,27672120.72359755,27709435.601919804,27746860.967374902,27784401.042941947,27822060.224187966,27859843.085519973,27897754.38665992,27935799.07935029,27973982.314298432,28012309.448368125,28050786.05202695,28089417.917058423,28128211.06454804,28167171.75315288,28206306.48766444,28245622.02787489,28285125.397757217,28324823.89496976,28364725.10069652,28404836.88983435,28445167.44153871,28485725.250140097,-894793936.6853484,-894735512.6954912,-894676668.0582627,-894617392.3666584,-894557674.8840458,-894497504.5345017,-889938349.0769222,-889874731.0273798,-889810636.8770667,-889746056.9315406,-889680981.3090956,-896039734.5534462,-895976186.0968107,-895912162.4691145,-895847655.8113734,-895782658.2302102,-895455296.5342963,-895387311.4721932,-895318739.9776583,-895249571.3272812,-895179794.751024,-895109399.4542372,-892913387.0598634,-892844363.8358796,-892774825.0552812,-892704765.7727091,-892634181.414927,-892682994.9011468,-892615826.6401043,-892548256.325728,-892480286.4140869,-892411920.1934792,-892343161.8627995,-893401903.5218081,-893332938.647401,-893263605.7464132,-893193913.2766565,-893123871.0726678,-893141410.284844,-893073247.972953,-893004859.3430048,-892936264.4463063,-892867485.4409502,-892777374.088689,-892708566.4365536,-892639660.7767103,-892570689.4481974,-892501687.8411598,-892432694.6237112,-892266610.4809685,-892201702.0042686,-892136973.167127,-892072471.8045206,-892008249.5860946,-892096470.749314,-892035478.9055326,-891975057.1171964,-891915280.64024,-891856230.0886649,-892565719.9592516,-892503481.5378886,-892442025.6397587,-892381449.5182632,-892321857.4153277,-892427767.3849115,-892363125.0614413,-892299699.0548791,-892237630.2371434,-892177069.331668,-892118177.3080544,-892930050.6922847,-892875829.0153706,-892823727.84596,-892773945.5907289,-892726693.5118203,-892739214.6497073,-892693348.4399012,-892650447.8819023,-892610805.9465052,-892574741.5391154,-892173121.4777756,-892158921.958191,-900861942.3838648,-900852780.7171617,-900848087.7105398,-900847460.9893556,-900850178.5626884,-901726102.620116,-901731434.343512,-901736463.408771,-901740292.0690242,-901743290.4490836,-900876770.0104963,0.0
2899.0,21922550.933613244,21953101.195701744,21983702.0930614,22014353.510412067,22045055.330230687,22075807.432742085,22106609.69591023,22137461.99542973,22168364.204717755,22199316.19490645,22230317.834835537,22261368.99104568,22292469.52777195,22323619.30693808,22354818.188150927,22386066.02869565,22417362.68353132,22448708.00528708,22480101.844258867,22511544.04840682,22543034.46335316,22574572.932380725,22606159.29643233,22637793.3941106,22669475.061678592,22701204.13306117,22732980.439847223,22764803.81129238,22796674.07432292,22828591.053540222,22860554.571226303,22892564.447350107,22924620.49957481,22956722.54326612,22988870.391501483,23021063.855080463,23053302.742536068,23085586.860147294,23117916.01195272,23150289.9997654,23182708.62318893,23215171.679634765,23247678.96434089,23280230.270391848,23312825.388740204,23345464.108229324,23378146.215617903,23410871.495605804,23443639.73086164,23476450.702051982,23509304.18787225,23542199.96507942,23575137.808526564,23608117.49119924,23641138.78425378,23674201.457057822,23707305.27723264,23740450.01069776,23773635.421717867,23806861.27295189,23840127.32550449,23873433.33897997,23906779.07153886,23940164.27995688,23973588.719686776,24007052.144922853,24040554.30866845,24074094.96280628,24107673.858171947,24141290.74463056,24174945.371156625,24208637.48591734,24242366.836359296,24276133.169298884,24309936.23101633,24343775.76735364,24377651.52381634,24411563.245679628,24445510.67809834,24479493.56622163,24513511.655311912,24547564.690868583,24581652.41875652,24615774.585339487,24649930.937618703,24684121.22337673,24718345.19132671,24752602.591267392,24786893.174243808,24821216.69271414,24855572.900722656,24889961.554079182,24924382.41054505,24958835.23002606,24993319.774772394,25027835.80958585,25062383.10203472,25096961.422676243,25131570.54528737,25166210.24710371,25200880.30906695,25235580.51608144,25270310.65727972,25305070.526297577,25339859.92155895,25374678.646570884,25409526.510229018,25444403.32713375,25479308.917917736,25514243.1095848,25549205.73586076,25584196.63755669,25619215.66294491,25654262.668147955,25689337.5175414,25724440.084170584,25759570.250182003,25794727.9072696,25829912.95713671,25865125.31197404,25900364.894954182,25935631.64074346,25970925.496031355,26006246.420078445,26041594.3852832,26076969.37776845,26112371.3979882,26147800.4613554,26183256.59889132,26218739.85789753,26254250.302651,26289788.015123155,26325353.095723867,26360945.664071,26396565.859786566,26432213.84332037,26467889.79680192,26503593.924921807,26539326.45584349,26575087.64214636,26610877.76180135,26646697.119180266,26682546.04609965,26718424.902900755,26754334.079566568,26790273.99687744,26826245.107606243,26862247.897754896,26898282.88783318,26934350.63418172,26970451.73034028,27006586.80846328,27042756.540783703,27078961.641127463,27115202.86647977,27151481.01860502,27187796.94572265,27224151.544240087,27260545.76054532,27296980.592860747,27333457.09316065,27369976.369154066,27406539.58633566,27443147.97010649,27479802.80796732,27516505.45178664,27553257.32014601,27590059.90076528,27626914.753010176,27663823.51048517,27700787.883714247,27737809.66291252,27774890.7208515,27812033.01582134,27849238.594692767,27886509.596082203,27923848.253623173,27961256.89934746,27998737.96717936,28036293.99654652,28073927.636111256,28111641.64762549,28149438.909913752,28187322.422987457,28225295.31229488,28263360.833110537,28301522.37506816,28339783.46684144,28378147.78097672,28416619.138881907,28455201.515975945,28493899.047003392,28532716.0315182,28571656.93954152,28610726.41739789,28649929.293734223,28689270.585726246,28728755.50547688,28768389.466610946,28808178.091070697,28848127.216116544,28888242.901537124,28928531.43707304,28968999.350058023,29009653.41328153,29050500.6530762,29091548.3576334,-894717302.398882,-894662089.2263862,-894606549.2532946,-894550674.9274203,-894494458.4699037,-894437891.8700492,-889950903.9335284,-889892917.4514581,-889834599.898674,-889775945.7533023,-889716949.445353,-896165680.2751479,-896109375.498548,-896052769.4104022,-895995858.7842128,-895938640.4944408,-895595780.9738243,-895535836.1067393,-895475504.6511178,-895414781.4365503,-895353661.4156865,-895292139.690757,-893177189.7887539,-893118107.3477874,-893058739.6730752,-892999087.4727777,-892939151.9385172,-893123513.5494753,-893068621.829277,-893013572.3713949,-892958371.8714693,-892903027.8264235,-892847548.5998366,-893938228.9713119,-893883257.3582596,-893828194.7405075,-893773053.6080432,-893717847.6983497,-893739524.015584,-893686509.3432945,-893633536.1108778,-893580625.7759665,-893527801.5561274,-893464947.8312424,-893412589.2374346,-893360402.6968894,-893308420.3584056,-893256676.995652,-893205210.2203208,-893094576.4067922,-893047999.2027596,-893001822.8610816,-892956088.9861782,-892910842.4934599,-893035942.6918037,-892994166.708015,-892953151.8009729,-892912967.8588567,-892873690.9352349,-893523362.7859052,-893481243.0609553,-893440055.1825435,-893399891.1281261,-893360852.9278601,-893499315.0135267,-893457719.714191,-893417528.0754701,-893378894.8087419,-893341996.0880243,-893307033.8819412,-894138620.7661178,-894109352.7922131,-894082742.4988927,-894059152.6661255,-894039016.849343,-894039375.4352607,-894021203.1127657,-894007909.6763163,-894000424.2538942,-893999898.3135626,-893771873.7417756,-893812992.262774,-902520263.9646784,-902583858.031198,-902666826.5769832,-902773507.4395844,-902909698.673874,-903909939.229574,-904129835.3762152,-904422428.0230452,-904832333.2452704,-905464679.3120584,-905732238.4296234,0.0
2898.0,22316362.498055574,22347671.9296536,22379033.12284132,22410445.967654016,22441910.35192892,22473426.161295336,22504993.27916498,22536611.58672267,22568280.96291734,22600001.28445341,22631772.42578247,22663594.259095345,22695466.65431455,22727389.4790872,22759362.598778185,22791385.876463924,22823459.172926567,22855582.346648514,22887755.253807586,22919977.74827259,22952249.681599505,22984570.903028075,23016941.25947916,23049360.59555237,23081828.753524724,23114345.57334951,23146910.89265611,23179524.546750307,23212186.36861544,23244896.1889141,23277653.83599083,23310459.135875355,23343311.912286736,23376211.98663839,23409159.17804388,23442153.30332368,23475194.177012816,23508281.61136948,23541415.416384604,23574595.39979257,23607821.367082786,23641093.12151253,23674410.46412088,23707773.193743728,23741181.107030146,23774633.998459868,23808131.660362206,23841673.882936105,23875260.454271853,23908891.160373945,23942565.785185605,23976284.110614747,24010045.916561525,24043850.980947565,24077699.079746816,24111589.98701811,24145523.47493964,24179499.31384516,24213517.27226214,24247577.11695201,24281678.612952173,24315821.5236205,24350005.610681627,24384230.63427577,24418496.353009783,24452802.52401052,24487148.90298077,24521535.244257808,24555961.300874423,24590426.824622765,24624931.56612105,24659475.27488305,24694057.69939072,24728678.58716975,24763337.684868563,24798034.738340333,24832769.492728665,24867541.692556582,24902351.081819303,24937197.404080704,24972080.40257368,25006999.820304457,25041955.400161084,25076946.885026205,25111974.017894167,25147036.54199272,25182134.20090944,25217266.738722857,25252433.900138848,25287635.430631906,25322871.07659195,25358140.585476555,25393443.70596892,25428780.1881416,25464149.78362652,25499552.245790992,25534987.32992042,25570454.793407567,25605954.39594876,25641485.89974718,25677049.069723595,25712643.673734624,25748269.48279886,25783926.27133113,25819613.81738507,25855331.90290442,25891080.313983195,25926858.841135144,25962667.279572632,25998505.42949547,26034373.096389864,26070270.091337867,26106196.23133771,26142151.33963525,26178135.24606711,26214147.787415728,26250188.80777666,26286258.158938862,26322355.70077788,26358481.30166289,26394634.838877667,26430816.1990561,26467025.27863277,26503261.984308988,26539526.23353481,26575817.95500768,26612137.08918812,26648483.58883304,26684857.41954732,26721258.56035425,26757687.004285388,26794142.758990467,26830625.84736818,26867136.308218308,26903674.196915988,26940239.586108904,26976832.566438075,27013453.247283008,27050101.75753204,27086778.24637867,27123482.884144858,27160215.86313187,27196977.39849987,27233767.72917704,27270587.118799165,27307435.85668077,27344314.258818667,27381222.66892912,27418161.459519595,27455131.03299621,27492131.82280797,27529164.294629205,27566228.94758094,27603326.31549288,27640456.968207072,27677621.51292448,27714820.595595945,27752054.90235877,27789325.161020413,27826632.14259064,27863976.662863698,27901359.58405188,27938781.816472143,27976244.3202872,28013748.10730284,28051294.24282293,28088883.847563952,28126518.09963052,28164198.23655388,28201925.55739483,28239701.42491316,28277527.26780503,28315404.58301051,28353334.93809269,28391319.973690607,28429361.40604764,28467461.02961716,28505620.719747536,28543842.435448267,28582128.222239062,28620480.21508381,28658900.64141128,28697391.824224263,28735956.185299147,28774596.24847744,28813314.643051136,28852114.107243422,28890997.49178632,28929967.763596743,28969028.009552408,29008181.440368704,29047431.39457766,29086781.342610087,29126234.8909816,29165795.786582906,29205467.92107505,29245255.33538938,29285162.22433218,29325192.94129332,29365352.00305804,29405644.094720665,29446074.074698105,29486646.979841184,29527368.030640613,29568242.636524245,29609276.401241187,29650475.128327616,-894721022.4594948,-894669703.276967,-894618162.4907032,-894566395.6413611,-894514398.1486496,-894462165.3103315,-890077140.1260047,-890025654.3995485,-889973991.617966,-889922150.3291327,-889870129.148067,-896417207.8481191,-896368966.4145892,-896320599.027123,-896272106.5254202,-896223489.9326328,-895858556.3398691,-895807548.6964041,-895756357.4594892,-895704982.3375857,-895653423.2597641,-895601680.4004022,-893579327.9169768,-893530892.6676916,-893482388.7773633,-893433820.8859307,-893385194.0933267,-893705362.0636498,-893662922.0190842,-893620528.8713697,-893578190.6831043,-893535916.108121,-893493714.4333088,-894614996.6572564,-894573870.0339966,-894532868.1234032,-894492003.276639,-894451288.7063751,-894479924.4833415,-894441418.0907526,-894403131.4475125,-894365082.0442059,-894327288.5031304,-894289881.4072146,-894252814.9659585,-894216072.2783866,-894179678.2921972,-894143659.770437,-894108045.4692012,-894041847.4312869,-894011404.4276395,-893981435.5075762,-893951969.1992403,-893923036.5102179,-894082424.0482516,-894056658.2387344,-894031641.3869092,-894007427.3662558,-893984076.1467901,-894576855.7747415,-894551139.9937314,-894526282.5773945,-894502357.7887198,-894479451.2684134,-894646318.3406203,-894622798.4331259,-894600558.191877,-894579739.848254,-894560512.7000668,-894543079.4357294,-895386835.6247774,-895375212.4981732,-895366190.4130276,-895360190.6915464,-895357731.846856,-895345369.1660569,-895344808.2634865,-895349652.6225832,-895361095.0390859,-895380634.6666467,-895254656.9013242,-895322304.6991853,-904023605.810778,-904121004.8431616,-904243682.7285144,-904397557.8003658,-904590035.074992,-905636636.944722,-905932690.1034328,-906303641.326379,-906765145.7142516,-907319027.7504236,-906944041.9483373,0.0
2897.0,22684826.495270267,22716832.842243087,22748892.00146268,22781003.86850372,22813168.336776968,22845385.297518097,22877654.639776707,22909976.250405632,22942350.0140504,22974775.8131391,23007253.52787236,23039783.03621377,23072364.2138805,23104996.93433421,23137681.068772387,23170416.48611992,23203203.05302111,23236040.633831967,23268929.09061295,23301868.283122063,23334858.068808384,23367898.30280601,23400988.83792848,23434129.5246636,23467320.21116875,23500560.743266843,23533850.964442544,23567190.715839207,23600579.83625636,23634018.16214764,23667505.527619496,23701041.76443038,23734626.70199066,23768260.1673631,23801941.98526419,23835671.978066027,23869449.965799,23903275.76615529,23937149.19449312,23971070.063841715,24005038.184907377,24039053.36608016,24073115.413441565,24107224.13077328,24141379.31956669,24175580.779033568,24209828.30611767,24244121.695507515,24278460.73965017,24312845.22876636,24347274.950866472,24381749.691768102,24416269.235114664,24450833.36239541,24485441.85296672,24520094.48407488,24554791.03088028,24589531.266483,24624314.96195016,24659141.88634466,24694011.80675563,24728924.48833063,24763879.694309555,24798877.18606036,24833916.723116662,24868998.06321733,24904120.96234797,24939285.174784508,24974490.45313903,25009736.54840761,25045023.210020564,25080350.185895,25115717.22248976,25151124.064862937,25186570.456731915,25222056.140536096,25257580.85750231,25293144.34771325,25328746.35017861,25364386.602909405,25400064.84299536,25435780.80668553,25471534.22947229,25507324.84617872,25543152.391049493,25579016.597845543,25614917.19994247,25650853.930432785,25686826.52223229,25722834.708190527,25758878.221205592,25794956.79434334,25831070.160961203,25867218.05483663,25903400.210300643,25939616.36237612,25975866.24692148,26012149.600779694,26048466.16193278,26084815.66966209,26121197.86471441,26157612.48947425,26194059.28814231,26230538.00692049,26267048.3942037,26303590.20077831,26340163.18002805,26376767.08814708,26413401.68436064,26450066.73115373,26486761.99450772,26523487.244145285,26560242.253784224,26597026.801399853,26633840.669496734,26670683.64539,26707555.52149621,26744456.095634524,26781385.171338115,26818342.55817649,26855328.0720888,26892341.53572852,26929382.77882018,26966451.63852801,27003547.95983727,27040671.59594851,27077822.408685245,27115000.268915325,27152205.056986578,27189436.663177107,27226694.98816068,27263979.943487745,27301291.45208243,27338629.44875624,27375993.880738657,27413384.70822552,27450801.90494537,27488245.458744567,27525715.37219166,27563211.663201503,27600734.36567993,27638283.530189306,27675859.224635817,27713461.534979053,27751090.56596448,27788746.44187957,27826429.307334207,27864139.328066017,27901876.69177144,27939641.60896326,27977434.3138552,28015255.065274417,28053104.147602737,28090981.871747207,28128888.57614097,28166824.62777503,28204790.42326194,28242786.38993205,28280812.98696317,28318870.70654459,28356960.07507604,28395081.65440275,28433236.04308712,28471423.877718,28509645.834258504,28547902.629432835,28586195.022153288,28624523.81498811,28662889.855670813,28701294.03865208,28739737.30669457,28778220.65251167,28816745.12045072,28855311.80822128,28893921.8686692,28932576.511596896,28971277.005630303,29010024.680133004,29048820.92716771,29087667.2035056,29126565.0326832,29165516.00710743,29204521.79020815,29243584.118638385,29282704.804521613,29321885.73774578,29361128.88830293,29400436.308674067,29439810.136257507,29479252.59583969,29518766.00210664,29558352.76219385,29598015.37827276,29637756.450170506,29677578.678020384,29717484.86493898,29757477.919726294,29797560.85958409,29837736.812847305,29878009.021722727,29918380.845028423,29958855.76092657,29999437.369641528,30040129.396154188,30080935.692862228,30121860.24219534,30162907.15917272,-894798723.2600049,-894751827.6015251,-894704822.2628458,-894657705.9434525,-894610477.3228724,-894563135.0631475,-890303298.8746951,-890258872.1841489,-890214422.7555964,-890169952.8258523,-890125464.7814846,-896774661.7377644,-896734882.2080572,-896695143.0249026,-896655448.2605752,-896615802.1978452,-896222829.4296659,-896181183.8826551,-896139548.1263949,-896097925.7210382,-896056320.4682523,-896014736.4285288,-894091448.7666513,-894053781.897049,-894016236.5479668,-893978819.455685,-893941537.6799282,-894390003.9538131,-894359519.211997,-894329237.9730868,-894299167.171656,-894269314.0009236,-894239685.925174,-895388364.1254526,-895360185.5220357,-895332279.7475848,-895304655.5837567,-895277322.1159188,-895315581.6620026,-895290266.3273451,-895265265.2602158,-895240588.2443366,-895216245.4044173,-895201507.2414402,-895177946.1854993,-895154755.43904,-895131947.7441032,-895109536.5509996,-895087536.1238463,-895053448.2723832,-895036538.8189696,-895020059.4955804,-895004020.7500094,-894988434.1610827,-895178290.7597913,-895165089.3160403,-895152456.6147816,-895140419.146202,-895129007.6051509,-895672301.1220306,-895659287.6413398,-895646875.1889136,-895635103.00672,-895624019.131133,-895810282.5468187,-895799791.4617237,-895790141.7768567,-895781418.1987838,-895773726.7408698,-895767200.0147381,-896615215.9875094,-896613420.5594802,-896613358.887448,-896615335.0285695,-896619730.1271695,-896598630.7962371,-896603486.2745792,-896612202.8092883,-896625700.5469799,-896645139.4243941,-896521867.4444143,-896577123.3157076,-905259443.5669652,-905337407.669724,-905434136.208952,-905553516.8536984,-905699705.5468452,-906693438.748421,-906901769.6371368,-907137478.3174396,-907373163.5309776,-907530806.2665284,-906591307.394604,0.0
2896.0,23027544.461863108,23060186.27193743,23092881.8714131,23125631.16157553,23158434.041569464,23191290.4083861,23224200.156850256,23257163.17960772,23290179.367112827,23323248.607616063,23356370.787151992,23389545.78952729,23422773.49630901,23456053.78681302,23489386.53809268,23522771.62492777,23556208.919813592,23589698.29295044,23623239.612233102,23656832.7432409,23690477.549227845,23724173.891113136,23757921.62747193,23791720.61452649,23825570.70613763,23859471.75379649,23893423.60661673,23927426.111327,23961479.11226392,23995582.451365344,24029735.96816416,24063939.499782417,24098192.880926013,24132495.94387973,24166848.518502858,24201250.432225306,24235701.510044232,24270201.57452112,24304750.44577962,24339347.94150381,24373993.876937103,24408688.064881865,24443430.315699503,24478220.437311456,24513058.235200707,24547943.51241404,24582876.069565207,24617855.70483858,24652882.21399392,24687955.390371703,24723075.024899524,24758240.906099208,24793452.820094947,24828710.55062237,24864013.879038565,24899362.584333133,24934756.44314032,24970195.229752112,25005678.71613264,25041206.67193361,25076778.86451094,25112395.058942683,25148055.018048186,25183758.502408613,25219505.270388767,25255295.0781604,25291127.679726887,25327002.82694954,25362920.26957532,25398879.7552662,25434881.029630315,25470923.836254645,25507007.916739523,25543133.01073505,25579298.85597926,25615505.18833834,25651751.74184877,25688038.248761684,25724364.4395891,25760730.04315271,25797134.78663464,25833578.39563076,25870060.594206315,25906581.10495416,25943139.64905551,25979735.94634336,26016369.715368688,26053040.67346957,26089748.53684308,26126493.020620342,26163273.83894469,26200090.705052976,26236943.331360366,26273831.42954836,26310754.71065654,26347712.885177884,26384705.66315788,26421732.75429749,26458793.8680602,26495888.71378311,26533017.000792406,26570178.43852316,26607372.73664366,26644599.60518454,26681858.75467253,26719149.896269444,26756472.741916064,26793827.00448148,26831212.3979178,26868628.63742057,26906075.439594872,26943552.522627503,26981059.60646532,27018596.41299977,27056162.666258235,27093758.09260189,27131382.42093057,27169035.38289484,27206716.713115346,27244426.14940989,27282163.433028128,27319928.30889448,27357720.525859248,27395539.83695825,27433385.999681283,27471258.77624954,27509157.933902364,27547083.245193563,27585034.488297552,27623011.44732552,27661013.91265207,27699041.681252606,27737094.557051454,27775172.351281483,27813274.88285522,27851401.978747845,27889553.474392343,27927729.214087307,27965929.05141748,28004152.849687457,28042400.482368995,28080671.83356207,28118966.798470154,28157285.28388999,28195627.20871626,28233992.50446136,28272381.11579092,28310793.00107488,28349228.13295516,28387686.49892963,28426168.10195307,28464672.96105532,28503201.11197702,28541752.60782315,28580327.51973484,28618925.93757941,28657547.970659453,28696193.748440657,28734863.42129897,28773557.161287248,28812275.16292159,28851017.643987447,28889784.84636576,28928577.036879245,28967394.50815884,29006237.5795303,29045106.59792109,29084001.938787416,29122924.00706119,29161873.23811689,29200850.09875809,29239855.088223025,29278888.73920929,29317951.618916683,29357044.330107763,29396167.51218562,29435321.84228761,29474508.03639455,29513726.85045371,29552979.08151489,29592265.56887777,29631587.19524899,29670944.887907173,29710339.61987377,29749772.411087472,29789244.32957947,29828756.492646985,29868310.068021595,29907906.27502891,29947546.38573592,29987231.72608144,30026963.67698507,30066743.67542933,30106573.21550956,30146453.849444807,30186387.188543253,30226374.90411434,30266418.728319343,30306520.454951502,30346681.940135587,30386905.10293608,30427191.92586232,30467544.45525742,30507964.80155709,30548455.13940276,30589017.70759241,30629654.80885067,-894943093.9558532,-894900986.8574182,-894858884.0539323,-894816787.308907,-894774698.4559677,-894732619.4038873,-890614346.9123214,-890577228.0878416,-890540233.4541057,-890503368.3574845,-890466638.3410609,-897217369.676695,-897186058.3190724,-897154936.4325575,-897124010.3763548,-897093286.698808,-896666851.4486663,-896634551.1916361,-896602434.6073056,-896570507.9308062,-896538777.5925871,-896507250.2245369,-894685064.0047156,-894657787.2637032,-894630788.6872957,-894604075.4819732,-894577654.9675248,-895141009.6182823,-895121490.6837946,-895102284.104732,-895083393.9370644,-895064824.1079341,-895046578.3973361,-896218056.1626437,-896201427.2432413,-896185156.933008,-896169248.2255149,-896153703.7868106,-896204590.8185966,-896190784.9696927,-896177321.9356341,-896164201.9452753,-896151424.7219844,-896156112.6683043,-896144012.1191465,-896132250.410287,-896120825.445561,-896109734.5369434,-896098974.395771,-896084789.7855334,-896078819.32698,-896073157.151059,-896067792.5416908,-896062713.9784629,-896279066.1868687,-896275250.9506984,-896271708.0806551,-896268426.9740143,-896265397.3505307,-896769061.037567,-896765504.762689,-896762162.3511571,-896759020.8766218,-896756069.4002026,-896949199.4702327,-896947267.1640091,-896945480.3929654,-896943821.527934,-896942277.6442354,-896940842.2722262,-897785934.4681801,-897787050.6295037,-897788301.5020055,-897789715.5234157,-897791340.6656834,-897767495.5552027,-897766777.7677892,-897766542.3866464,-897766999.2752658,-897768420.8023863,-897559340.6424948,-897569545.9902749,-906223179.511076,-906238096.4579624,-906256624.5657256,-906279191.5285418,-906305795.052603,-907182759.4381224,-907213590.851997,-907236432.0369552,-907232136.5579828,-907169379.3074806,-906186241.826799,0.0
2895.0,23344189.978481125,23377406.752342906,23410678.22199323,23444004.29456832,23477384.875076763,23510819.866384424,23544309.16919934,23577852.682056755,23611450.30130413,23645101.921086334,23678807.43333072,23712566.727732528,23746379.691740137,23780246.210540578,23814166.16704498,23848139.441874366,23882165.91334522,23916245.457455523,23950377.947870605,23984563.25590932,24018801.25053028,24053091.7983183,24087434.763470866,24121830.00778493,24156277.39064369,24190776.7690037,24225327.997382108,24259930.92784408,24294585.409990378,24329291.29094531,24364048.415344715,24398856.625324287,24433715.76050817,24468625.657997664,24503586.15236034,24538597.07561943,24573658.25724335,24608769.52413574,24643930.700625613,24679141.608457983,24714402.066784777,24749711.89215604,24785070.89851161,24820478.897173144,24855935.696836434,24891441.10356436,24926994.92078,24962596.9492604,24998246.98713069,25033944.82985877,25069690.27025029,25105483.098444503,25141323.1019102,25177210.0654426,25213143.771160584,25249123.9985046,25285150.52423512,25321223.122431885,25357341.56449355,25393505.6191383,25429715.052404985,25465969.62765503,25502269.10557512,25538613.24418069,25575001.79882015,25611434.522179976,25647911.164290745,25684431.472534,25720995.19164994,25757602.063746348,25794251.828308128,25830944.222208288,25867678.97971957,25904455.83252748,25941274.50974428,25978134.737924248,26015036.24108,26051978.740700267,26088961.95576873,26125985.60278431,26163049.395782847,26200153.04636012,26237296.263696328,26274478.75458214,26311700.223446224,26348960.37238448,26386258.90119075,26423595.507389475,26460969.88626989,26498381.730922163,26535830.732275367,26573316.57913737,26610838.958236776,26648397.554266807,26685992.049931444,26723622.125993565,26761287.461325552,26798987.73296201,26836722.616155,26874491.78443164,26912294.909654297,26950131.662083413,26988001.710442904,27025904.7219884,27063840.362578288,27101808.29674778,27139808.18778581,27177839.697815184,27215902.48787585,27253996.218011435,27292120.54735917,27330275.13424324,27368459.63627179,27406673.71043741,27444917.01322152,27483189.20070252,27521489.928668,27559818.85273083,27598175.628449623,27636559.91145325,27674971.357569907,27713409.622960616,27751874.3642572,27790365.2387052,27828881.904311378,27867424.01999625,27905991.245751698,27944583.242803626,27983199.67377996,28021840.202883974,28060504.49607316,28099192.221243568,28137903.04842,28176636.649951864,28215392.70071502,28254170.878319595,28292970.86332389,28331792.3394545,28370634.993832707,28409498.51720717,28448382.604193125,28487286.953518096,28526211.268273994,28565155.256176066,28604118.62982824,28643101.10699537,28682102.410882004,28721122.27041788,28760160.42055007,28799216.602541894,28838290.5642782,28877382.060577314,28916490.8535094,28955616.71272097,28994759.415765747,29033918.748441298,29073094.50513155,29112286.489154723,29151494.51311653,29190718.399268232,29229957.97986917,29269213.09755344,29308483.60570004,29347769.368806187,29387070.26286293,29426386.17573263,29465717.00752733,29505062.670987338,29544423.091858994,29583798.20927063,29623187.97610552,29662592.359370764,29702011.34056044,29741444.916011807,29780893.09725264,29820355.91133811,29859833.401175182,29899325.625832167,29938832.66083141,29978354.59842227,30017891.54783172,30057443.635489456,30097011.00522432,30136593.818428207,30176192.25418387,30215806.50935197,30255436.798613094,30295083.35445964,30334746.42713196,30374426.28449316,30414123.21183598,30453837.51161492,30493569.50309614,30533319.52191704,30573087.919546656,30612875.06263766,30652681.33225937,30692507.123000942,30732352.841932766,30772218.9074128,30812105.747724343,30852013.79952962,30891943.50612326,30931895.315467726,30971869.67799169,31011867.04413099,31051887.86158952,-895146134.9809991,-895109013.29924,-895072007.470137,-895035122.0873697,-894998361.8894713,-894961731.7664075,-890994612.0120538,-890964758.157093,-890935161.7815007,-890905830.6510681,-890876772.7419274,-897724591.120155,-897701411.0876698,-897678547.117532,-897656006.9395595,-897633798.4169437,-897168933.4228256,-897145574.9798818,-897122548.0516527,-897099860.4121742,-897077519.9376292,-897055534.5997596,-895332868.4019467,-895315210.5022385,-895297952.0058147,-895281099.4011582,-895264659.0540153,-895925574.6387855,-895915718.0969288,-895906241.7604716,-895897145.9735752,-895888430.5758744,-895880094.8560946,-897068949.6658462,-897062205.7362807,-897055857.302458,-897049900.7698119,-897044331.6111871,-897111411.5923803,-897107327.1753842,-897103572.1692066,-897100137.2498556,-897097011.7886161,-897117801.125395,-897115148.4804863,-897112759.4627197,-897110617.0382415,-897108702.2483184,-897106994.058248,-897101497.2527796,-897104157.0059335,-897106968.4867389,-897109899.352616,-897112914.1587946,-897352548.4692897,-897355566.4097049,-897358512.634395,-897361335.2303798,-897363977.5484465,-897838122.7354662,-897841535.6915519,-897844722.988628,-897847610.2931186,-897850115.9474719,-898035851.8874474,-898039153.2387927,-898041783.4367328,-898043599.5020822,-898044441.3694609,-898044129.1906365,-898881008.9029647,-898880490.5768914,-898878162.5217534,-898873709.9785045,-898866768.0277364,-898846124.3066298,-898833399.7490652,-898816968.1507934,-898796177.006131,-898770236.1557623,-898429788.7249825,-898381267.0906614,-907004385.7818848,-906939509.0458964,-906861547.8900348,-906768095.022102,-906656577.2705096,-907406227.874236,-907253952.1508368,-907083789.722439,-906911625.979613,-906774719.8416114,-905848713.2674752,0.0
2894.0,23634506.40810999,23668238.74025963,23702026.607147995,23735869.92189252,23769768.59548697,23803722.536783785,23837731.652476355,23871795.847081337,23905915.022920832,23940089.08010452,23974317.91651186,24008601.42777409,24042939.507256314,24077332.04603949,24111778.932902385,24146280.05430353,24180835.294363137,24215444.534844898,24250107.65513792,24284824.53223852,24319595.040732,24354419.052774493,24389296.438074674,24424227.063875586,24459210.79493631,24494247.4935138,24529337.01934456,24564479.229626417,24599673.979000267,24634921.11953181,24670220.50069338,24705571.96934564,24740975.36971945,24776430.543397658,24811937.329296984,24847495.56364988,24883105.07998645,24918765.7091164,24954477.279111084,24990239.61528554,25026052.540180564,25061915.873544943,25097829.43231764,25133793.030610103,25169806.479688708,25205869.58795711,25241982.16093891,25278144.00126025,25314354.908632506,25350614.67983525,25386923.108699143,25423279.986088973,25459685.099887,25496138.234976195,25532639.17322376,25569187.693464726,25605783.57148583,25642426.58000938,25679116.48867747,25715853.064036176,25752636.0695202,25789465.26543747,25826340.40895408,25863261.2540794,25900227.55165148,25937239.04932261,25974295.49154512,26011396.619557563,26048542.171371035,26085731.881755807,26122965.48222829,26160242.70103829,26197563.26315655,26234926.89026258,26272333.300732978,26309782.209629923,26347273.32869018,26384806.366314363,26422381.027556635,26459997.014114898,26497654.02432125,26535351.753132988,26573089.892123982,26610868.12947665,26648686.14997421,26686543.63499356,26724440.26249868,26762375.707034454,26800349.639721148,26838361.7282494,26876411.636875693,26914499.02641863,26952623.55425557,26990784.874320094,27028982.637100004,27067216.489635967,27105486.075520925,27143791.03490009,27182131.00447178,27220505.617488787,27258914.50376074,27297357.28965696,27335833.59811033,27374343.04862178,27412885.257265706,27451459.83669608,27490066.39615356,27528704.54147333,27567373.875093788,27606073.99606623,27644804.50006534,27683564.979400568,27722355.023028456,27761174.21656587,27800022.14230412,27838898.37922404,27877802.503012028,27916734.08607688,27955692.697567742,27994677.90339279,28033689.26623901,28072726.34559268,28111788.697760902,28150875.87589399,28189987.43000853,28229122.907011542,28268281.85072516,28307463.801912244,28346668.29830261,28385894.874620013,28425143.06260959,28464412.391065955,28503702.385861725,28543012.569976453,28582342.463525817,28621691.583791044,28661059.445248384,28700445.55959859,28739849.43579616,28779270.58007829,28818708.49599341,28858162.684428774,28897632.64363759,28937117.869264618,28976617.854370773,29016132.08945593,29055660.06247992,29095201.2588813,29134755.16159364,29174321.251058824,29213899.00523711,29253487.89961344,29293087.407199487,29332696.998531047,29372316.1416601,29411944.30214104,29451580.943010304,29491225.524758823,29530877.505296465,29570536.33990772,29610201.481197555,29649872.379026785,29689548.480435632,29729229.229554567,29768914.06750111,29808602.4322614,29848293.758555032,29887987.4776818,29927683.01734858,29967379.80147476,30007077.249974165,30046774.77851184,30086471.79823296,30126167.71546208,30165861.93136997,30205553.84160532,30245242.835888524,30284928.297564488,30324609.60311092,30364286.121598814,30403957.214100983,30443622.23304472,30483280.521504074,30522931.41242701,30562574.22779227,30602208.27769048,30641832.85932369,30681447.255916823,30721050.73553447,30760642.54979548,30800221.93247788,30839788.09800517,30879340.23980564,30918877.528534453,30958399.110148422,30997904.103822306,31037391.59969448,31076860.656429503,31116310.29858328,31155739.513756663,31195147.24952115,31234532.410099886,31273893.85278577,31313230.38407698,31352540.75550909,31391823.659161154,31431077.72281164,-895399413.8071969,-895367309.3991591,-895335425.942244,-895303770.516584,-895272350.404083,-895241173.095566,-891428380.6384088,-891405487.8912975,-891382967.702571,-891360829.5406399,-891339083.0710108,-898276339.468567,-898260673.0462238,-898245424.0939028,-898230600.9337695,-898216211.9486896,-897708331.4159116,-897693195.7897896,-897678510.2876159,-897664283.2760404,-897650523.1095024,-897637238.111791,-896009755.8363215,-896000664.4185026,-895992060.476518,-895983949.1437976,-895976335.2155949,-896715437.7389195,-896713784.8522848,-896712549.607148,-896711728.7174245,-896711318.0860361,-896711312.7366656,-897911872.7906176,-897913278.914244,-897915086.2675614,-897917285.2567549,-897919864.8682995,-898007183.4313551,-898011108.2555352,-898015332.1823299,-898019837.9677495,-898024606.4180294,-898058369.6894114,-898063376.157352,-898068562.7120867,-898073899.785137,-898079354.7365512,-898084891.5659854,-898078333.245858,-898087758.1796001,-898097187.1646218,-898106569.215271,-898115848.0774965,-898376922.2118797,-898385043.4762068,-898392780.0680903,-898400043.1152148,-898406734.240748,-898859872.0370588,-898868683.6156216,-898876874.4881012,-898884313.6239277,-898890853.7805207,-899055083.800871,-899061815.0815622,-899067132.5812714,-899070779.7317313,-899072463.6672944,-899071848.9750679,-899897961.3071355,-899894586.5236421,-899887666.9480953,-899876595.3215679,-899860660.169109,-899847806.2752726,-899823120.8506224,-899791076.1360861,-899750329.0754551,-899699260.3526748,-899237493.0141934,-899139235.2776011,-907739027.5178844,-907608139.729919,-907451915.2974504,-907266212.0781152,-907046876.9068255,-907699251.0588776,-907405681.3565376,-907081096.1751736,-906753684.8732182,-906492077.2848028,-905530122.2738539,0.0
2893.0,23898304.45363633,23932494.16224944,23966740.181033406,24001042.429228347,24035400.823947348,24069815.280155983,24104285.7106518,24138812.026043467,24173394.134729933,24208031.942879297,24242725.354407582,24277474.27095734,24312278.591876008,24347138.2141942,24382053.032603767,24417022.939435657,24452047.82463772,24487127.57575216,24522262.077892948,24557451.21372298,24592694.86343108,24627992.904708825,24663345.212727107,24698751.66011263,24734212.11692413,24769726.450628377,24805294.526076075,24840916.205477443,24876591.348377727,24912319.81163235,24948101.44938202,24983936.11302752,25019823.651204284,25055763.90975681,25091756.731712826,25127801.957257245,25163899.423705857,25200048.965478864,25236250.414074093,25272503.59804008,25308808.34294879,25345164.47136822,25381571.802834667,25418030.153824788,25454539.33772742,25491099.164815057,25527709.4422152,25564369.973881327,25601080.560563624,25637840.99977952,25674651.085783795,25711510.609538507,25748419.35868263,25785377.11750137,25822383.666895155,25859438.78434837,25896542.243897747,25933693.816100497,25970893.26800199,26008140.36310328,26045434.861328125,26082776.518989805,26120165.08875745,26157600.319622207,26195081.956862807,26232609.74201093,26270183.412816115,26307802.70321036,26345467.34327215,26383177.05919035,26420931.57322737,26458730.603682168,26496573.864852622,26534461.06699766,26572391.91629868,26610366.11482067,26648383.36047289,26686443.34696888,26724545.76378607,26762690.29612489,26800876.62486732,26839104.42653477,26877373.37324564,26915683.13267206,26954033.367996182,26992423.73786574,27030853.896349065,27069323.49288944,27107832.172258627,27146379.574509952,27184965.33493045,27223589.083992302,27262250.447303627,27300949.04555833,27339684.494485144,27378456.40479597,27417264.38213307,27456108.027015563,27494986.93478488,27533900.695549216,27572848.894127008,27611831.109989267,27650846.917200893,27689895.88436077,27728977.57454073,27768091.54522311,27807237.348237272,27846414.52969448,27885622.62992156,27924861.183393028,27964129.71866166,28003427.758287378,28042754.81876469,28082110.410448074,28121494.03747572,28160905.19769129,28200343.38256365,28239808.07710445,28279298.75978357,28318814.902442165,28358355.970203325,28397921.42138014,28437510.70738104,28477123.272612363,28516758.55437793,28556415.98277552,28596094.98058992,28635794.9631827,28675515.338378225,28715255.50634584,28755014.859477967,28794792.78226402,28834588.651159745,28874401.8344518,28914231.6921174,28954077.57567855,28993938.82805074,29033814.783385776,29073704.766908325,29113608.09474577,29153524.07375129,29193452.001319364,29233391.165193573,29273340.843266137,29313300.303368613,29353268.80305347,29393245.589365803,29433229.898604613,29473220.95607313,29513217.97581757,29553220.16035332,29593226.700378302,29633236.774472248,29673249.548781306,29713264.17668716,29753279.798459344,29793295.54089028,29833310.516911484,29873323.82518993,29913334.54970372,29953341.759295125,29993344.50720014,30033341.830552906,30073332.749863382,30113316.26846677,30153291.371942684,30193257.027502503,30233212.18334265,30273155.76796171,30313086.68943928,30353003.83467397,30392906.06857804,30432792.23322593,30472661.14695384,30512511.603407085,30552342.370532192,30592152.189509902,30631939.773625538,30671703.807072703,30711442.94368601,30751155.805598386,30790840.98181792,30830497.02671936,30870122.458444647,30909715.75720653,30949275.36348919,30988799.67613916,31028287.0503394,31067735.79545905,31107144.172770653,31146510.39302647,31185832.61388449,31225108.937174544,31264337.405993905,31303516.001621496,31342642.64023854,31381715.16944336,31420731.364546463,31459688.92463182,31498585.46836887,31537418.52955886,31576185.552398182,31614883.88644,31653510.781234387,31692063.38062601,31730538.71668646,31768933.703257684,-895694317.2795395,-895667106.3658965,-895640211.599971,-895613642.1280267,-895587407.3365902,-895561516.8593494,-891900429.8852569,-891883973.4439529,-891867983.5936987,-891852470.8326995,-891837445.8250887,-898854044.8155649,-898845061.5149318,-898836571.6104379,-898828583.4423041,-898821105.3393706,-898265960.2668549,-898258091.6191404,-898250762.2090399,-898243980.3307953,-898237754.1571541,-898232091.7119337,-896693515.782839,-896691762.6582837,-896690556.8573534,-896689902.0726597,-896689801.5016756,-897487265.7172056,-897492327.2860609,-897497825.341494,-897503753.8239928,-897510105.6689484,-897516872.7256796,-898723740.8161672,-898731634.2943686,-898739921.9060297,-898748589.8134934,-898757622.4651628,-898869377.4104406,-898879779.5252384,-898890455.6347554,-898901383.4947851,-898912538.5249803,-898956524.5785655,-898967717.644661,-898979030.2921464,-898990425.0141956,-899001860.5095136,-899013291.2993901,-898997637.0145855,-899012455.5795436,-899027178.9699595,-899041744.2476496,-899056081.7607388,-899338324.4759054,-899350671.8238661,-899362428.5989959,-899373482.4107603,-899383708.3884516,-899821624.3682939,-899835182.8099707,-899847868.25261,-899859512.862832,-899869927.0143341,-900000343.1363049,-900010291.2502316,-900018356.3195826,-900024213.8187541,-900027492.7603512,-900027768.0044241,-900843495.0123134,-900839418.492008,-900830789.9461292,-900816855.74233,-900796737.7871432,-900794366.7897378,-900764042.4054608,-900724382.264202,-900673748.8325775,-900610194.4864303,-900083969.7877522,-899962532.7109478,-908553006.8139524,-908392373.0006572,-908201710.7314452,-907976049.2873,-907709769.2129126,-908319160.9159048,-907953854.9701742,-907528422.7097085,-907043812.9475555,-906528228.8901044,-905264783.5160553,0.0
2892.0,24135459.55317239,24170049.798229035,24204697.069845628,24239401.293556727,24274162.39276147,24308980.28870019,24343854.900430683,24378786.14480428,24413773.93644168,24448818.18770833,24483918.80868972,24519075.707166143,24554288.78858748,24589557.956047323,24624883.11025701,24660264.149519324,24695700.96970173,24731193.46420947,24766741.523958217,24802345.03734631,24838003.89022681,24873717.96587912,24909487.14498017,24945311.30557532,24981190.32304888,25017124.0700942,25053112.4166834,25089155.230036654,25125252.37459111,25161403.71196939,25197609.100947607,25233868.397423,25270181.45438112,25306548.121862445,25342968.246928785,25379441.67362889,25415968.24296384,25452547.79285176,25489180.158092126,25525865.170329493,25562602.65801676,25599392.446377754,25636234.35736944,25673128.20964344,25710073.81850697,25747070.99588324,25784119.55027121,25821219.28670469,25858370.006710924,25895571.5082683,25932823.58576363,25970126.0299486,26007478.627895523,26044881.162952434,26082333.4146974,26119835.15889209,26157386.167434588,26194986.2083113,26232635.045548275,26270332.439161465,26308078.145106185,26345871.91522581,26383713.497199483,26421602.63448881,26459539.066283777,26497522.5274476,26535552.748460583,26573629.45536296,26611752.36969668,26649921.208446067,26688135.683977533,26726395.503977865,26764700.37139165,26803049.98435724,26841444.036141604,26879882.215073947,26918364.204477865,26956889.682602324,26995458.322551083,27034069.79221088,27072723.754177943,27111419.8656832,27150157.778515764,27188937.13894488,27227757.58764027,27266618.75959067,27305520.28402078,27344461.7843062,27383442.877886705,27422463.17617746,27461522.284478363,27500619.80188127,27539755.321175177,27578928.42874917,27618138.70449325,27657385.72169664,27696669.04694397,27735988.240008783,27775342.853744566,27814732.43397323,27854156.51937072,27893614.64134991,27933106.3239406,27972631.08366643,28012188.42941877,28051777.862327293,28091398.875627384,28131050.95452381,28170733.57605112,28210446.208930165,28250188.313420847,28289959.341170803,28329758.73506014,28369585.929041643,28409440.347976763,28449321.407466948,28489228.51368008,28529161.06317208,28569118.44270328,28609100.029049523,28649105.18880757,28689133.27819484,28729183.642843075,28769255.617585715,28809348.526238896,28849461.68137545,28889594.38409211,28929745.92376913,28969915.57782243,29010102.611447684,29050306.27735608,29090525.81550144,29130760.452798408,29171009.40283102,29211271.865551524,29251547.026969027,29291834.05882725,29332132.118271258,29372440.347502325,29412757.87342076,29453083.807255767,29493417.24418214,29533757.26292281,29574102.925336897,29614453.27599244,29654807.34172307,29695164.13116797,29735522.63429432,29775881.82190119,29816240.64510439,29856598.03480089,29896952.90111228,29937304.1328058,29977650.596692298,30017991.13699955,30058324.574720062,30098649.70693185,30138965.306091025,30179270.119294584,30219562.86751211,30259842.244784568,30300106.91738879,30340355.52296552,30380586.669609644,30420798.93492005,30460990.86500768,30501160.97345882,30541307.740252167,30581429.610626336,30621524.99389593,30661592.26221296,30701629.74927087,30741635.748948146,30781608.513888072,30821546.254011497,30861447.13495846,30901309.276455387,30941130.75060339,30980909.58008343,31020643.73627376,31060331.13727496,31099969.645837072,31139557.06718368,31179091.146727107,31218569.56766852,31257989.94847649,31297349.84023724,31336646.7238691,31375878.007193685,31415041.02185539,31454133.02008066,31493151.171267785,31532092.558397382,31570954.174253456,31609732.917443663,31648425.588207573,31687028.88400023,31725539.394838143,31763953.59839366,31802267.854823176,31840478.401313387,31878581.3463292,31916572.663545664,31954448.185445502,31992203.59656221,32029834.426348485,32067336.04164739,-896022290.8259547,-895999708.5775757,-895977525.0434916,-895955750.9731396,-895934397.3773183,-895913475.5342184,-892396474.048677,-892385753.568209,-892375571.4462205,-892365938.63278,-892356866.2044994,-899441042.5315827,-899437766.6847821,-899435036.1842399,-899432859.0394448,-899431243.1916001,-898824915.4984623,-898823199.6045536,-898822084.5451443,-898821578.187689,-898821688.1961194,-898822421.9986123,-897365228.4594203,-897369499.6523414,-897374355.9492526,-897379799.9749377,-897385833.7849128,-898222614.8036957,-898232957.1501527,-898243747.0957761,-898254977.208197,-898266638.9936843,-898278722.8146132,-899487197.0192153,-899500072.3675623,-899513337.7244197,-899526977.5627636,-899540974.5883985,-899681048.9537181,-899696612.2436004,-899712446.0176158,-899728526.7760437,-899744828.6361642,-899796741.1459781,-899812969.8330375,-899829303.6764463,-899845703.3522304,-899862125.6282711,-899878522.9619461,-899847602.012559,-899866893.0866241,-899886068.1925062,-899905062.0959305,-899923802.5850292,-900228272.8395071,-900244687.2403276,-900260468.5637318,-900275500.8950968,-900289655.6118605,-900715187.7829112,-900733593.7625226,-900751092.2870706,-900767509.6525792,-900782649.8563492,-900869964.4643444,-900884224.8844364,-900896549.8927538,-900906613.3339224,-900914044.3641636,-900918420.6980512,-901726590.7180564,-901726464.7859648,-901721815.2685436,-901711928.3852204,-901695982.7011366,-901704988.3395702,-901679506.5588712,-901644945.2498322,-901599826.2804644,-901542427.4636652,-901032399.8834984,-900921900.746816,-909519722.1059124,-909374460.7631556,-909202656.9784868,-908999702.3153306,-908759611.7036818,-909393227.2491533,-909052295.83206,-908631062.6049788,-908090181.0347972,-907355480.33105,-905481026.9046774,0.0
2891.0,24345909.132112425,24380844.52109825,24415837.598963447,24450888.297756314,24485996.547378942,24521162.27556089,24556385.407832243,24591665.867496468,24627003.575602744,24662398.45091798,24697850.409898333,24733359.3666604,24768925.23295186,24804547.91812181,24840227.32909052,24875963.3703188,24911755.943776887,24947604.94891289,24983510.2826206,25019471.839206982,25055489.510359,25091563.185110006,25127692.74980562,25163878.088068902,25200119.08076516,25236415.605966,25272767.53891297,25309174.751980413,25345637.114637896,25382154.49341179,25418726.75184644,25455353.750464465,25492035.34672657,25528771.39499048,25565561.74646929,25602406.24918908,25639304.74794572,25676257.084261008,25713263.096337914,25750322.619015105,25787435.483720675,25824601.51842496,25861820.547592506,25899092.39213324,25936416.869352605,25973793.79290093,26011222.9727217,26048704.21499892,26086237.322103504,26123822.09253865,26161458.320884056,26199145.79773924,26236884.309665527,26274673.63912722,26312513.564431258,26350403.859665945,26388344.29463837,26426334.634810485,26464374.6412341,26502464.07048436,26540602.674591955,26578790.200973976,26617026.392363217,26655310.98673613,26693643.717239235,26732024.31211397,26770452.49461993,26808927.982956503,26847450.490182884,26886019.724136192,26924635.387348004,26963297.17695897,27002004.784631565,27040757.89646089,27079556.19288354,27118399.348584466,27157287.03240162,27196218.907228544,27235194.62991476,27274213.851163752,27313276.215428773,27352381.360806108,27391528.918925885,27430718.51484036,27469949.766909543,27509222.28668411,27548535.678785533,27587889.5407833,27627283.46306923,27666717.02872869,27706189.81340868,27745701.385182675,27785251.304412115,27824839.123604488,27864464.3872678,27904126.631761435,27943825.38514324,27983560.16701264,28023330.488349818,28063135.851350702,28102975.74925772,28142849.66618606,28182757.07694539,28222697.44685693,28262670.23156561,28302674.876847163,28342710.8184101,28382777.481692307,28422874.28165206,28463000.62255331,28503155.89774512,28543339.489434853,28583550.768455174,28623789.094024327,28664053.813499764,28704344.262124702,28744659.76276744,28784999.62565307,28825363.148087543,28865749.614173595,28906158.29451821,28946588.4459317,28987039.31111749,29027510.11835287,29068000.081159946,29108508.39796665,29149034.251757395,29189576.809712943,29230135.222839147,29270708.62558407,29311296.135443024,29351896.85255135,29392509.859263945,29433134.219721485,29473768.97940267,29514413.1646618,29555065.782251347,29595725.818828784,29636392.240447063,29677063.992028058,29717739.99681839,29758419.15582684,29799100.347242564,29839782.42583337,29880464.222323325,29921144.54274864,29961822.16779106,30002495.85208783,30043164.32351708,30083826.282457914,30124480.40102372,30165125.32226787,30205759.65936045,30246381.99473486,30286990.87920292,30327584.8310371,30368162.33501841,30408721.841448627,30449261.76512483,30489780.484275177,30530276.339453544,30570747.63239169,30611192.624806672,30651609.537161727,30691996.54737827,30732351.789496925,30772673.352285128,30812959.27778895,30853207.559826296,30893416.142419137,30933582.918161377,30973705.726519804,31013782.352064725,31053810.522626776,31093787.907376777,31133712.11482447,31173580.69073265,31213391.11594217,31253140.80410387,31292827.09931255,31332447.273638345,31371998.524550457,31411477.97222778,31450882.656750947,31490209.535169736,31529455.478439696,31568617.268221337,31607691.593535107,31646675.04726452,31685564.1225001,31724355.20871582,31763044.58776936,31801628.429717463,31840102.788436603,31878463.59703895,31916706.663073186,31954827.66349888,31992822.139422733,32030685.4905842,32068412.96957756,32105999.675796613,32143440.549087435,32180730.36309412,32217863.7182812,32254835.0346162,32291638.543894272,32328268.281686354,-896375056.2832377,-896356715.4805188,-896338841.3722254,-896321445.8371258,-896304541.021315,-896288139.3430281,-892903514.6809547,-892897701.4108549,-892892476.1631824,-892887849.8855138,-892883833.613264,-900022889.5193692,-900024262.4319637,-900026211.3445373,-900028743.7953352,-900031867.2223357,-899370802.5727922,-899374038.900947,-899377913.5509763,-899382433.8934399,-899387607.0555117,-899393439.88869,-898009401.4890946,-898018367.6368502,-898027940.6662891,-898038122.8118798,-898048915.7562753,-898907594.4983624,-898921888.0111687,-898936640.8133955,-898951845.7641238,-898967494.7483798,-898983578.6048522,-900189939.058101,-900206480.3416623,-900223421.5504928,-900240748.3628517,-900258444.8897209,-900429919.5173367,-900449526.2123265,-900469430.5176951,-900489611.6774887,-900510046.8764322,-900568027.4022545,-900588400.3393334,-900608921.7930559,-900629557.2647877,-900650268.9123192,-900671015.2132438,-900620629.3447756,-900643806.1856294,-900666939.6791576,-900689973.2061131,-900712844.2499721,-901041318.0100166,-901062091.4691628,-901082375.5059336,-901102072.4835382,-901121074.677709,-901534721.527408,-901558517.7821472,-901581620.7184258,-901603884.90226,-901625147.311108,-901663780.6513922,-901684184.0562963,-901703062.2179627,-901720155.1618266,-901735170.7613035,-901747780.70638,-902552673.3038772,-902562137.1575496,-902568157.4216788,-902570225.5600668,-902567769.5456918,-902587700.671937,-902578538.5301142,-902562659.166598,-902539102.9659342,-902506795.0026544,-902090765.870494,-902022367.7855612,-910642321.2571378,-910552749.0167152,-910446945.6463654,-910322315.6389518,-910175171.1881044,-910898027.8510495,-910686902.9550456,-910417100.384681,-910044830.6135788,-909459603.6954392,-907447429.5144376,0.0
2890.0,24529649.73133207,24564876.41188061,24600161.394949306,24635504.619381346,24670906.021863725,24706365.536897708,24741883.09676888,24777458.631516755,24813092.068903703,24848783.33438361,24884532.351069693,24920339.039702065,24956203.31861451,24992125.10370088,25028104.30838074,25064140.8435645,25100234.61761796,25136385.53632615,25172593.502856582,25208858.417721868,25245180.178741552,25281558.681003425,25317993.81682397,25354485.475708254,25391033.544308856,25427637.9063843,25464298.442756552,25501015.031267688,25537787.54673596,25574615.860910736,25611499.84242688,25648439.356758047,25685434.2661692,25722484.42966817,25759589.702956192,25796749.938377768,25833964.984869123,25871234.68790601,25908558.889450293,25945937.42789553,25983370.13801143,26020856.850887228,26058397.39387396,26095991.5905254,26133639.260538,26171340.219689425,26209094.279776,26246901.248548616,26284760.92964757,26322673.122535806,26360637.622430973,26398654.22023581,26436722.70246728,26474842.851184003,26513014.443912268,26551237.25357041,26589511.04839148,26627835.59184432,26666210.642552886,26704635.954213805,26743111.27551208,26781636.350034967,26820210.91618389,26858834.70708442,26897507.45049424,26936228.868708976,26974998.67846594,27013816.590845663,27052682.311171144,27091595.538904887,27130555.967543334,27169563.284509163,27208617.17104077,27247717.302079324,27286863.34615318,27326054.96525948,27365291.814742938,27404573.543171808,27443899.79221085,27483270.196491163,27522684.383477014,27562141.97332929,27601642.57876572,27641185.804917585,27680771.249182995,27720398.50107652,27760067.14207492,27799776.74545932,27839526.876153205,27879317.09055636,27919146.93637477,27959015.952445988,27998923.668560207,28038869.605276626,28078853.27373524,28118874.17546362,28158931.80217872,28199025.63558359,28239155.14715861,28279319.7979474,28319519.038336925,28359752.30783186,28400019.034822896,28440318.63634875,28480650.517852023,28521014.07292809,28561408.683067527,28601833.7173912,28642288.532378312,28682772.47158684,28723284.865366302,28763825.030562427,28804392.270213727,28844985.873239417,28885605.114118584,28926249.25256031,28966917.533164307,29007609.185071938,29048323.42160712,29089059.439906884,29129816.420541342,29170593.527122334,29211389.905900706,29252204.68535192,29293036.97574902,29333885.868723266,29374750.43681143,29415629.73298953,29456522.790192567,29497428.62081958,29538346.216223728,29579274.546186704,29620212.558376923,29661159.17779104,29702113.306178056,29743073.8214454,29784039.57704637,29825009.401348304,29865982.09698062,29906956.440162096,29947931.180006582,29988905.03780638,30029876.706292383,30070844.84887012,30111808.098830912,30152765.05853695,30193714.29857954,30234654.3569094,30275583.737937864,30316500.91160793,30357404.312434044,30398292.3385093,30439163.350478765,30480015.670477703,30520847.581033297,30561657.323928226,30602443.09902488,30643203.063048422,30683935.328327097,30724637.96148812,30765308.98210725,30805946.361310184,30846548.020323973,30887111.82897607,30927635.60413917,30968117.108119544,31008554.0469863,31048944.068839345,31089284.76201348,31129573.65321574,31169808.20559345,31209985.81672976,31250103.81656384,31290159.465232488,31330149.950829465,31370072.387079585,31409923.8109234,31449701.180008903,31489401.37008593,31529021.172299508,31568557.29037717,31608006.337705974,31647364.83429428,31686629.20361304,31725795.769311693,31764860.751802504,31803820.264708064,31842670.31116544,31881406.779980816,31920025.4416278,31958521.94408233,31996891.80848705,32035130.42463703,32073233.046279334,32111194.78621733,32149010.6112116,32186675.33666755,32224183.621100526,32261529.960368022,32298708.6816586,32335713.937226184,32372539.69785866,32409179.746068124,32445627.6689906,32481876.85098218,32517920.46589757,32553751.46903713,-896744801.8642963,-896730214.3844398,-896716145.8107903,-896702608.6939522,-896689615.8457401,-896677180.3426536,-893410090.9524124,-893408273.5200626,-893407072.9029493,-893406499.72281,-893406564.6580702,-900587523.0294408,-900592456.4053485,-900597978.3827817,-900604096.051063,-900610816.3962475,-899891888.6848404,-899898851.9541211,-899906470.960267,-899914752.7231966,-899923704.027824,-899933331.3962082,-898613904.6245327,-898626270.933926,-898639254.9004242,-898652859.1687919,-898667085.9346118,-899532356.1100008,-899549392.4310126,-899566905.1789051,-899584889.1435409,-899603338.3570267,-899622246.0422828,-900823897.8335642,-900842969.299525,-900862469.8101552,-900882388.9962062,-900902715.345574,-901107460.503108,-901130139.1108602,-901153174.2035856,-901176551.39377,-901200254.8922658,-901262787.4837896,-901286568.8705078,-901310598.9565732,-901334854.0521512,-901359308.2864465,-901383933.4085704,-901311928.4633044,-901338576.2448837,-901365343.3890464,-901392191.8285024,-901419079.8355504,-901773218.3300538,-901798752.339209,-901824109.8780464,-901849229.892776,-901874045.993888,-902275130.7904968,-902304909.2615306,-902334434.0353132,-902363616.638254,-902392359.5710416,-902380614.3117732,-902409007.2444788,-902436684.8997604,-902463504.8303188,-902489311.5516366,-902513935.9589276,-903320112.7538592,-903344123.3366792,-903366569.4627582,-903387248.2662138,-903405948.5673542,-903435527.8942622,-903452010.8028576,-903465575.848288,-903475957.6445116,-903482918.725516,-903214466.590834,-903208434.3695952,-911859791.336684,-911851168.5355906,-911840287.4688532,-911827798.1427692,-911814640.9582108,-912667716.3173758,-912658153.6242636,-912651933.2016383,-912649946.8521174,-912651395.607313,-911787506.4661543,0.0
2889.0,24686734.03132437,24722199.770261392,24757724.382387727,24793307.81369596,24828950.00801611,24864650.906983376,24900410.450005084,24936228.574227232,24972105.21450031,25008040.30334444,25044033.770914026,25080085.54496163,25116195.550801206,25152363.71127058,25188589.94669332,25224874.17483988,25261216.310887795,25297616.26738149,25334073.95419088,25370589.278469566,25407162.14461188,25443792.45420934,25480480.10600612,25517224.99585368,25554027.016664468,25590886.058364723,25627802.007846385,25664774.748917863,25701804.16225405,25738890.125345115,25776032.512444403,25813231.19451518,25850486.03917626,25887796.910646625,25925163.66968876,25962586.173550945,26000064.27590824,26037597.82680224,26075186.6725796,26112830.65582924,26150529.615318205,26188283.38592616,26226091.79857852,26263954.680178028,26301871.853535008,26339843.13729596,26377868.345870733,26415947.289357945,26454079.77346897,26492265.59945004,26530504.564002726,26568796.45920272,26607141.0724166,26645538.186217003,26683987.578295626,26722489.021374457,26761042.28311485,26799647.12602472,26838303.307363342,26877010.57904429,26915768.687535863,26954577.37375942,26993436.372985188,27032345.41472581,27071304.22262729,27110312.514357444,27149370.00149168,27188476.389396142,27227631.37710804,27266834.657213178,27306085.915720496,27345384.8319337,27384731.078319725,27424124.320374064,27463564.216482848,27503050.417781588,27542582.56801041,27582160.30336584,27621783.252348863,27661451.03560935,27701163.265786555,27740919.54734563,27780719.476410218,27820562.640590698,27860448.618808303,27900376.981114566,27940347.28850653,27980359.09273701,28020411.936120182,28060505.35133213,28100638.86120641,28140811.97852424,28181024.20579936,28221275.03505728,28261563.947608866,28301890.413818,28342253.89286313,28382653.832492672,28423089.66877384,28463560.82583499,28504066.715601034,28544606.737521872,28585180.27829356,28625786.71157198,28666425.397678938,28707095.68330017,28747796.90117533,28788528.3697794,28829289.3929956,28870079.259779185,28910897.243812133,28951742.60314821,28992614.57984837,29033512.39960587,29074435.27136103,29115382.38690525,29156352.92047383,29197346.028327446,29238360.84832163,29279396.499464225,29320452.08146004,29361526.67424268,29402619.337492816,29443729.11014266,29484855.009865988,29525996.032553628,29567151.151773334,29608319.31821416,29649499.459114365,29690690.477672577,29731891.25244139,29773100.636703186,29814317.457827143,29855540.51660721,29896768.58658006,29938000.41332253,29979234.71372789,30020470.17526008,30061705.45518516,30102939.17977934,30144169.94351268,30185396.30820757,30226616.80217118,30267829.919301048,30309034.118162632,30350227.82103814,30391409.41294536,30432577.2406256,30473729.61149957,30514864.792590182,30555981.009410784,30597076.444818,30638149.23782762,30679197.48239235,30720219.22613987,30761212.46907002,30802175.16220951,30843105.20622243,30884000.44997535,30924858.68905488,30965677.66423634,31006455.05990157,31047188.502403952,31087875.558378752,31128513.73299689,31169100.46815974,31209633.140633125,31250109.06011785,31290525.467254728,31330879.531561565,31371168.34929933,31411388.941265203,31451538.25050946,31491613.13997341,31531610.39004552,31571526.6960324,31611358.665541627,31651102.81577293,31690755.57071422,31730313.258239124,31769772.107101783,31809128.24382545,31848377.68948054,31887516.35634807,31926540.04446399,31965444.43803984,32004225.101755165,32042877.476916555,32081396.87747832,32119778.485919416,32158017.34897139,32196108.37319108,32234046.32037284,32271825.802793585,32309441.278284635,32346887.04512357,32384157.23673945,32421245.816224203,32458146.570642915,32494853.1051356,32531358.83680245,32567656.988364764,32603740.58159317,32639602.43049462,32675235.134249512,32710631.069889992,32745782.38471004,-897124339.7550977,-897112939.6399308,-897102094.4231699,-897091816.9073753,-897082120.1414641,-897073017.4229448,-893906433.972812,-893907660.4296402,-893909513.5919182,-893912003.5530149,-893915140.4435893,-901125285.7783438,-901132704.768648,-901140710.2056264,-901149308.8539196,-901158507.3994678,-900379103.5658698,-900388592.6938341,-900398738.8932531,-900409549.1047995,-900421030.08813,-900433188.4020339,-899169762.7419999,-899184300.5172522,-899199459.0979098,-899215242.286438,-899231653.6048613,-900090510.4535122,-900109197.0278643,-900128383.8232983,-900148068.9134842,-900168249.9264178,-900188924.0213461,-901384405.3476484,-901405014.6379374,-901426100.419751,-901447658.42989,-901469683.844606,-901708094.6151184,-901732952.0530292,-901758250.2966536,-901783983.9826454,-901810147.2335916,-901875913.9630324,-901902404.5816238,-901929287.992346,-901956555.532788,-901984197.9045882,-902012205.1512316,-901918476.3232024,-901948175.8185096,-901978226.0767884,-902008614.4443812,-902039327.5288396,-902419827.0275328,-902450290.9779629,-902481008.1971676,-902511964.8365828,-902543147.3651648,-902931162.412254,-902967173.686113,-903003524.4306352,-903040199.6301154,-903077185.379759,-903016995.025882,-903054553.7479732,-903092456.7430416,-903130702.6944551,-903169297.5771408,-903208257.1871874,-904019550.136746,-904061012.3682636,-904103167.2679148,-904146136.2144612,-904190082.2016724,-904227577.8495976,-904274608.430224,-904323020.635525,-904373221.2570168,-904425759.5518448,-904323050.0527812,-904384888.1981704,-913069540.318552,-913147119.1690686,-913235747.6506093,-913339045.6443822,-913462302.918226,-914445563.2086488,-914637214.564966,-914892792.5804776,-915258764.3778192,-915845708.4452106,-916130347.36886,0.0
2888.0,24817267.792376984,24852922.04074277,24888635.695899192,24924408.711423542,24960241.03873133,24996132.62704128,25032083.423339754,25068093.372344192,25104162.416466173,25140290.49577353,25176477.54795181,25212723.50826488,25249028.30951489,25285391.88200131,25321814.153479163,25358295.049116503,25394834.491450936,25431432.400345262,25468088.692942325,25504803.283618767,25541576.083937954,25578407.002601907,25615295.94540223,25652242.81516997,25689247.51172453,25726309.931821417,25763429.96909896,25800607.514023826,25837842.45383549,25875134.672489427,25912484.05059913,25949890.46537694,25987353.790573448,26024873.8964158,26062450.64954449,26100083.912948888,26137773.54590134,26175519.403889783,26213321.33854891,26251179.19758989,26289092.8247284,26327062.05961114,26365086.73774081,26403166.690399185,26441301.74456865,26479491.722851943,26517736.44339007,26556035.71977834,26594389.360980537,26632797.17124113,26671258.94999552,26709774.49177812,26748343.586128466,26786966.0174951,26825641.565137167,26864370.00302396,26903151.09973177,26941984.61833873,26980870.31631691,27019807.945422027,27058797.251580507,27097837.97477393,27136929.84892065,27176072.601754803,27215265.95470216,27254509.62275328,27293803.314333446,27333146.73116965,27372539.56815419,27411981.51320511,27451472.24712321,27491011.44344567,27530598.768295944,27570233.88023016,27609916.43007969,27649646.06078983,27689422.407254595,27729245.09614737,27769113.74574736,27809027.96576179,27848987.35714368,27888991.511905,27929040.01292523,27969132.4337551,28009268.33841532,28049447.2811904,28089668.80641701,28129932.448267244,28170237.73052614,28210584.16636367,28250971.258100808,28291398.49696971,28331865.36286756,28372371.32410424,28412915.83714336,28453498.3463366,28494118.28365118,28534775.06839016,28575468.10690547,28616196.79230342,28656960.50414241,28697758.608122747,28738590.45576817,28779455.38409904,28820352.71529668,28861281.756358936,28902241.798746463,28943232.11801944,28984251.973464616,29025300.6077123,29066377.246342868,29107481.097482823,29148611.3513896,29189767.180025283,29230947.736618463,29272152.155214272,29313379.550211843,29354629.015889183,29395899.625914752,29437190.43284565,29478500.467611663,29519828.73898508,29561174.23303552,29602535.912569657,29643912.71655495,29685303.559527274,29726707.33098172,29768122.89474615,29809549.08833685,29850984.722295888,29892428.57950941,29933879.41450644,29975335.952737488,30016796.88983229,30058260.890836127,30099726.58942394,30141192.58709158,30182657.452323493,30224119.71973598,30265577.889195424,30307030.424910404,30348475.754497245,30389912.2680178,30431338.316988613,30472752.21336087,30514152.228469662,30555536.591952108,30596903.490632832,30638251.067376085,30679577.419903323,30720880.599575017,30762158.61013561,30803409.406420525,30844630.8930236,30885820.92292429,30926977.2960726,30968097.757930905,31009179.99797096,31050221.648124754,31091220.28118765,31132173.40917213,31173078.4816108,31213932.883806657,31254733.935029216,31295478.88665432,31336164.920246247,31376789.1455798,31417348.59860064,31457840.23932188,31498260.949654587,31538607.5311704,31578876.70279366,31619065.098421145,31659169.26446661,31699185.657328203,31739110.6407758,31778940.483255908,31818671.35511148,31858299.325713813,31897820.360503785,31937230.317939527,31976524.946347523,32015699.88067413,32054750.63913441,32093672.61975492,32132461.09680735,32171111.217129543,32209617.99633037,32247976.314875025,32286180.914047185,32324226.391784064,32362107.198380884,32399817.632060897,32437351.834406763,32474703.78564968,32511867.29981201,32548836.01969941,32585603.41173824,32622162.7606542,32658507.163987912,32694629.52644332,32730522.55406452,32766178.748237032,32801590.399509165,32836749.58122941,32871648.14299578,32906277.70391309,-897507228.8227464,-897498395.7566568,-897490137.5610312,-897482466.9227638,-897475396.7547697,-897468940.1972146,-894384533.9916087,-894387848.5147793,-894391783.1183473,-894396347.2631449,-894401550.4409977,-901628845.7226912,-901637721.372542,-901647169.5340836,-901657196.8096206,-901667809.7690036,-900825921.9648832,-900836796.1391408,-900848316.1029096,-900860489.0183228,-900873321.9561504,-900886821.8861194,-899670863.0722305,-899686426.632395,-899702608.1169819,-899719413.0352548,-899736846.8230884,-900578553.8673319,-900597895.4248004,-900617765.5713068,-900638166.5286026,-900659100.4333451,-900680569.3452842,-901869448.9162494,-901890697.9471016,-901912483.1618952,-901934807.6269162,-901957674.4943888,-902228576.5327504,-902254731.619669,-902281425.1090988,-902308661.9022954,-902336447.3513594,-902404171.5815244,-902432600.700984,-902461588.5074444,-902491143.0454632,-902521273.3534614,-902551989.6173196,-902438383.9315734,-902470555.3666544,-902503342.248129,-902536759.7255268,-902570825.204956,-902976742.5061282,-903011803.9793348,-903047589.625904,-903084133.7732228,-903121476.2920296,-903497241.1051352,-903539090.4108176,-903581922.4189032,-903625796.7732738,-903670783.5118496,-903567152.4331908,-903613886.2216964,-903662077.3187108,-903711858.8778672,-903763388.1098524,-903816850.853086,-904635732.2945176,-904694731.2341578,-904756596.165705,-904821718.2665412,-904890563.513958,-904933934.1559112,-905011030.8883432,-905093391.2770648,-905181918.0922942,-905277714.5585672,-905323400.0876224,-905444319.966422,-914157038.3280488,-914307120.5096904,-914476994.6375087,-914671402.8262537,-914896954.829831,-915971182.4610972,-916293479.1732188,-916696342.591848,-917223689.573624,-917954137.2809798,-918097820.8522346,0.0
2887.0,24921406.73110397,24957200.674865264,24993054.527917977,25028968.25194418,25064941.806475263,25100975.148854528,25137068.2341992,25173221.01536147,25209433.442888927,25245705.46498404,25282037.02746283,25318428.073712766,25354878.544649675,25391388.378673807,25427957.511625007,25464585.876736872,25501273.404590048,25538020.023064416,25574825.65729039,25611690.22959906,25648613.659471333,25685595.86348609,25722636.755266946,25759736.2454282,25796894.24151939,25834110.64796871,25871385.366025265,25908718.293699928,25946109.32570506,25983558.3533928,26021065.264692068,26058629.94404412,26096252.27233672,26133932.12683686,26171669.381121915,26209463.9050094,26247315.564485,26285224.22162913,26323189.73454172,26361211.957265403,26399290.739706915,26437425.927556723,26475617.36220691,26513864.880667,26552168.315478064,26590527.49462477,26628942.24144541,26667412.37453988,26705937.70767552,26744518.049690794,26783153.204396755,26821842.970476173,26860587.14138036,26899385.505223565,26938237.844674915,26977143.936847784,27016103.553186603,27055116.459351,27094182.41509714,27133301.1741564,27172472.484110966,27211696.086266626,27250971.71552248,27290299.100237537,27329677.9620941,27369108.01595785,27408588.96973469,27448120.52422396,27487702.37296817,27527334.202099208,27567015.690180603,27606746.50804614,27646526.318634383,27686354.77681924,27726231.52923642,27766156.21410548,27806128.461047605,27846147.89089888,27886214.11551888,27926326.737594634,27966485.35043957,28006689.5377876,28046938.873581927,28087232.92175871,28127571.23602521,28167953.359632406,28208378.82514184,28248847.15418668,28289357.85722661,28329910.43329667,28370504.36974952,28411139.141991302,28451814.213210784,28492529.034101333,28533283.042576183,28574075.66347592,28614906.308268853,28655774.374743383,28696679.246692568,28737620.29359046,28778596.870260045,28819608.316532586,28860653.95689804,28901733.100146305,28942845.038999274,28983989.049732924,29025164.391789746,29066370.30738084,29107606.021077443,29148870.739391822,29190163.65034689,29231483.92303444,29272830.70716165,29314203.132585444,29355600.308834363,29397021.32461772,29438465.24732152,29479931.122490734,29521417.973297745,29562924.79999636,29604450.579360988,29645994.26411073,29687554.7823176,29729131.03679887,29770721.904492617,29812326.235816263,29853942.85400757,29895570.55444743,29937208.10396416,29978854.24011841,30020507.670468543,30062167.07181551,30103831.08942686,30145498.33623919,30187167.39203834,30228836.80261682,30270505.07890764,30312170.6960939,30353832.092693523,30395487.669618115,30437135.789205573,30478774.774225328,30520402.90685552,30562018.427631386,30603619.53436383,30645204.38102737,30686771.076616645,30728317.683970287,30769842.218561526,30811342.64725428,30852816.887023885,30894262.803641275,30935678.21031967,30977060.86632258,31018408.475532025,31059718.684975784,31100989.0833126,31142217.199273832,31183400.50006066,31224536.38969522,31265622.207324684,31306655.22547645,31347632.6482637,31388551.60953925,31429409.170996703,31470202.320217226,31510927.96866043,31551582.949597847,31592164.01598747,31632667.83828743,31673091.00220783,31713430.00639821,31753681.260069583,31793841.080549087,31833905.690765336,31873871.21666312,31913733.684544947,31953489.018338434,31993133.036786973,32032661.4505622,32072069.85929631,32111353.74853227,32150508.48658999,32189529.32134684,32228411.376930133,32267149.65032013,32305739.00786151,32344174.181681365,32382449.76601208,32420560.213417105,32458499.83091817,32496262.7760218,32533843.05264393,32571234.50693081,32608430.822974853,32645425.518423952,32682211.93998301,32718783.25880676,32755132.46578254,32791252.36670258,32827135.577324778,32862774.51832203,32898161.41011939,32933288.267619465,32968146.89481636,33002728.87929869,33037025.586642683,-897887861.8020873,-897880943.9689785,-897874605.7040423,-897868859.2713075,-897863717.1378397,-897859191.9742781,-894838132.9413425,-894842606.3303664,-894847679.1955241,-894853360.3305101,-894859658.5656111,-902093039.6916146,-902102411.6394472,-902112332.8268462,-902122809.8380016,-902133849.2837356,-901228161.9942204,-901239365.004198,-901251192.5758518,-901263652.3384428,-901276751.9403076,-901290499.04992,-900113623.1439191,-900129156.7330316,-900145299.3529495,-900162058.4743038,-900179441.7079166,-900995354.2115473,-901014430.1418694,-901034063.0481352,-901054259.5565404,-901075026.5630808,-901096371.270661,-902279068.0393926,-902300105.2601024,-902321740.8906404,-902343985.446193,-902366850.1350212,-902667569.6930292,-902694101.9522364,-902721267.8250476,-902749082.0988408,-902777560.885876,-902845874.7266748,-902875323.931262,-902905492.5308444,-902936404.1509974,-902968084.819776,-903000563.2589632,-902870655.1005678,-902904451.2085632,-902939118.2817374,-902974696.8198617,-903011232.0630774,-903439626.7247484,-903478305.5071348,-903518138.8965024,-903559201.2285656,-903601576.1198674,-903967945.1699098,-904014435.9883368,-904062491.4818884,-904112232.7582676,-904163797.8419176,-904024051.6614176,-904078588.608638,-904135554.75176,-904195185.9959208,-904257752.4631952,-904323563.7521418,-905150969.1988082,-905224696.915734,-905302990.8840055,-905386410.226867,-905475600.5625788,-905522456.1208742,-905624095.5949556,-905733779.9026444,-905852652.45199,-905982051.7428052,-906132109.6653612,-906293000.1418668,-915023530.6845204,-915219601.1068093,-915437875.1510558,-915681965.2469008,-915956237.8756466,-917064204.8028244,-917419895.0470734,-917826015.8297756,-918287092.1093504,-918784933.8639572,-918310537.7960565,0.0
2886.0,24999353.35373403,25035239.950051915,25071186.932948902,25107194.27281672,25143261.93792074,25179389.89436085,25215578.10603129,25251826.53457982,25288135.1393659,25324503.877418093,25360932.703390505,25397421.569518253,25433970.42557205,25470579.218811806,25507247.893939152,25543976.393049065,25580764.65558036,25617612.61826512,25654520.215077,25691487.37717857,25728514.03286719,25765600.107520048,25802745.523537725,25839950.200286712,25877214.05404049,25914536.99791942,25951918.941829264,25989359.79239837,26026859.45291336,26064417.82325354,26102034.799823668,26139710.2754854,26177444.13948699,26215236.2773916,26253086.57100388,26290994.89829487,26328961.133325294,26366985.146167025,26405066.80282283,26443205.965144217,26481402.490747426,26519656.23292757,26557967.04057064,26596334.758063663,26634759.22520268,26673240.277098585,26711777.74408096,26750371.45159932,26789021.220122527,26827726.86503548,26866488.196533546,26905305.019514546,26944177.133468177,26983104.33236282,27022086.4045297,27061123.13254433,27100214.293105166,27139359.656909306,27178558.98852541,27217812.0462634,27257118.58204122,27296478.34124837,27335891.062606145,27375356.47802457,27414874.312455893,27454444.2837446,27494066.10247373,27533739.47180758,27573464.087330617,27613239.63688239,27653065.800388508,27692942.249687582,27732868.64835387,27772844.65151557,27812869.905668817,27852944.04848704,27893066.70862561,27933237.50552183,27973456.04918989,28013721.940010834,28054034.76851734,28094394.11517316,28134799.55014715,28175250.633081663,28215746.9128552,28256287.9273392,28296873.20314865,28337502.25538664,28378174.58738244,28418889.690422986,28459647.04347773,28500446.11291648,28541286.35222021,28582167.20168457,28623088.08811587,28664048.42451942,28705047.609779965,28746085.028333984,28787160.049833715,28828272.02880259,28869420.304281853,28910604.19946829,28951823.021342494,28993076.060287744,29034362.589699127,29075681.86558246,29117033.12614308,29158415.5913639,29199828.462572604,29241270.92199768,29282742.13231287,29324241.23617,29365767.355719425,29407319.59211815,29448897.02502511,29490498.7120833,29532123.68838829,29573770.96594299,29615439.53309796,29657128.353977103,29698836.36788841,29740562.488718968,29782305.60431413,29824064.575840484,29865838.2371317,29907625.39401731,29949424.823633697,29991235.273716714,30033055.461875714,30074884.074848138,30116719.76773448,30158561.16321272,30200406.850731947,30242255.38568452,30284105.28855612,30325955.04405309,30367803.100206506,30409647.86745239,30451487.717687164,30493320.983298007,30535145.956167206,30576960.88664984,30618763.98252409,30660553.40791362,30702327.28218077,30744083.67879048,30785820.62414349,30827536.096378595,30869228.024142604,30910894.28532759,30952532.70577429,30994141.057940926,31035717.05953645,31077258.37211745,31118762.59964757,31160227.287018783,31201649.91853318,31243027.91634472,31284358.638859667,31325639.379094712,31366867.362991992,31408039.747689623,31449153.6197471,31490205.99332412,31531193.808312144,31572113.92841729,31612963.139193688,31653738.146026243,31694435.57206149,31735051.95608585,31775583.75034977,31816027.31833706,31856378.93247818,31896634.771806404,31936790.919556048,31976843.36070145,32016787.979436044,32056620.556590386,32096336.766988184,32135932.17673974,32175402.24047167,32214742.29849237,32253947.573892403,32293013.169579297,32331934.065246142,32370705.114273567,32409321.04056475,32447776.43531328,32486065.75370368,32524183.31154476,32562123.28183582,32599879.69126621,32637446.41664877,32674817.18128784,32711985.55128274,32748944.93176826,32785688.56309306,32822209.51693838,32858500.69237852,32894554.811885864,32930364.417283066,32965921.865645364,33001219.325156894,33036248.770924546,33071001.98075408,33105470.53089342,33139645.791748364,-898261517.9975121,-898255853.4673303,-898250759.1039181,-898246246.5040902,-898242327.4442787,-898239013.8807042,-895262656.6547544,-895267410.4096832,-895272731.537128,-895278628.1690484,-895285108.488369,-902514667.9975362,-902523658.968576,-902533168.4128442,-902543202.981168,-902553769.4128743,-901583731.2870198,-901594306.1474848,-901605476.2144356,-901617249.7136388,-901629635.0041436,-901642640.5890818,-900496653.8187737,-900511193.0225577,-900526325.2324924,-900542059.801645,-900558406.4125329,-901341722.7392608,-901359667.6643572,-901378192.05171,-901397306.5579972,-901417022.4065944,-901437351.4463854,-902614912.589782,-902634897.2839178,-902655533.82602,-902676839.2087843,-902698831.5918227,-903025400.7061088,-903051323.9198848,-903077957.2565912,-903105323.4758246,-903133447.2974204,-903200811.6589572,-903230183.8828684,-903260404.1783028,-903291508.1056108,-903323534.5704508,-903356526.190085,-903215264.1555004,-903249530.6305176,-903284873.0938838,-903321350.7637162,-903359029.1445092,-903804981.7535976,-903845648.5598872,-903887789.1529468,-903931503.08338,-903976900.8584847,-904338905.9621736,-904388055.4000758,-904439194.3791386,-904492481.9555708,-904548096.8703364,-904381047.616876,-904440718.70664,-904503496.415227,-904569672.5974996,-904639575.9353064,-904713576.6643072,-905549112.8421932,-905632396.149511,-905721227.9500456,-905816217.4597316,-905918052.3020226,-905965543.3191726,-906082481.3835392,-906208800.960032,-906345630.9705888,-906494241.0982896,-906691709.1579672,-906868925.8711804,-915605025.1091496,-915816311.9373068,-916046834.818929,-916297848.0578784,-916569891.3429716,-917662556.945147,-917978316.6165644,-918300830.5935462,-918603533.0091412,-918830288.2812032,-918043847.9551673,0.0
2885.0,25051353.766507547,25087287.765595675,25123282.60899628,25159338.276496377,25195454.7457971,25231631.992473297,25267869.98993185,25304168.70936936,25340528.11972877,25376948.1876551,25413428.87745021,25449970.1510266,25486571.967860155,25523234.28494185,25559957.056728505,25596740.235092275,25633583.769269187,25670487.6058065,25707451.68850881,25744475.95838309,25781560.353582434,25818704.809348576,25855909.25795305,25893173.62863723,25930497.847550794,25967881.83768897,26005325.51882833,26042828.807461053,26080391.616727885,26118013.8563494,26155695.432555847,26193436.24801533,26231236.201760344,26269095.189112768,26307013.101606928,26344989.826911163,26383025.24874736,26421119.24680883,26459271.69667621,26497482.4697314,26535751.4330697,26574078.44940963,26612463.37700099,26650906.069530487,26689406.37602549,26727964.14075525,26766579.20313006,26805251.39759794,26843980.553539,26882766.495157205,26921609.041369803,26960508.005693983,26999463.196131,27038474.41504756,27077541.45905428,27116664.118881565,27155842.17925228,27195075.418751545,27234363.60969353,27273706.51798485,27313103.90298503,27352555.51736341,27392061.106952805,27431620.41059954,27471233.160010085,27510899.079593845,27550617.88630233,27590389.28946441,27630212.99061766,27670088.68333556,27710016.05305065,27749994.776873466,27790024.523406897,27830104.952556297,27870235.71533486,27910416.4536644,27950646.800171148,27990926.3779768,28031254.800484248,28071631.671158344,28112056.583301112,28152529.11982168,28193048.85300036,28233615.344247144,28274228.14385433,28314886.790742785,28355590.812202346,28396339.72362561,28437133.028235257,28477970.2168046,28518850.767371383,28559774.144944336,28600739.801202543,28641747.17418745,28682795.68798715,28723884.75241281,28765013.762667183,28806182.099004768,28847389.12638356,28888634.19410812,28929916.63546373,28971235.767341424,29012590.88985364,29053981.28594023,29095406.22096468,29136864.94230011,29178356.678904936,29219880.64088785,29261436.01906192,29303021.984487344,29344637.688002843,29386282.259745084,29427954.80865615,29469654.421978343,29511380.16473646,29553131.079206835,29594906.184372928,29636704.47536728,29678524.92289909,29720366.47266749,29762228.04475981,29804108.53303469,29846006.804489285,29887921.698610768,29929852.02671096,29971796.571244325,30013754.08510848,30055723.290926963,30097702.880313843,30139691.513119373,30181687.816656742,30223690.384909045,30265697.777716003,30307708.51994011,30349721.10061165,30391733.972051773,30433745.5489736,30475754.207560208,30517758.284519512,30559756.07611509,30601745.837172385,30643725.780059986,30685694.073645063,30727648.84222245,30769588.16441686,30811510.072057392,30853412.549023945,30895293.5300646,30937150.89958361,30978982.49039907,31020786.08246972,31062559.40159025,31104300.11805437,31146005.84528488,31187674.13843012,31229302.492926184,31270888.343024105,31312429.060281243,31353921.952016413,31395364.25972786,31436753.15747344,31478085.75021243,31519359.072108213,31560570.08479114,31601715.67558112,31642792.65566906,31683797.75825688,31724727.63665503,31765578.862337723,31806347.92295448,31847031.22029827,31887625.06822937,31928125.69055474,31968529.2188625,32008831.69031129,32049029.045374382,32089117.12553807,32129091.67095483,32168948.318050727,32208682.59708772,32248289.929680534,32287765.62626908,32327104.88354636,32366302.78184283,32405354.28246791,32444254.22500945,32482997.324592475,32521578.16909844,32559991.21634642,32598230.79123828,32636291.08286944,32674166.141607866,32711849.8761436,32749336.05051182,32786618.28109261,32823690.03359084,32860544.620000403,32897175.195556697,32933574.755682547,32969736.13293249,33005651.99394119,33041314.83638227,33076716.985944245,33111850.5933309,33146707.63129403,33181279.891707167,33215558.98268932,-898624383.91203,-898619319.9109956,-898614804.0620046,-898610847.1109834,-898607459.9611455,-898604653.6730841,-895655101.4782944,-895659325.7501574,-895664076.0810649,-895669359.9608303,-895675184.9491557,-902892263.1086024,-902900087.054702,-902908392.5079432,-902917186.1883676,-902926474.9595224,-901892348.1099316,-901901444.4010648,-901911099.490557,-901921322.181849,-901932121.5132338,-901943506.7761028,-900820439.3712828,-900833110.8160828,-900846350.4389962,-900860169.0808024,-900874578.0511602,-901620076.2775042,-901636068.811562,-901652651.318032,-901669837.5536284,-901687642.03881,-901706080.127588,-902879950.5025772,-902898035.6996324,-902916806.5768396,-902936284.7324347,-902956493.2046716,-903303948.3781228,-903328213.0099227,-903353231.4213948,-903379031.2455784,-903405642.3744924,-903470334.6548694,-903498372.3364984,-903527332.7697132,-903557258.028269,-903588193.8724148,-903620190.1198064,-903473437.6694236,-903506745.1987456,-903541250.4866484,-903577022.1006372,-903614135.3077204,-904071115.1234252,-904111623.7014064,-904153766.7214134,-904197651.118446,-904243394.3574396,-904607856.067219,-904657067.3440928,-904708472.9031928,-904762241.6652962,-904818561.2351116,-904633673.872594,-904694843.814369,-904759415.5938677,-904827686.4284168,-904899986.2940756,-904976681.2972288,-905819066.3520956,-905905284.1606067,-905997237.1313344,-906095478.622674,-906200618.8223728,-906245379.8802048,-906366479.2350788,-906496847.6416256,-906637405.8610232,-906789140.343664,-906978155.532072,-907149124.640526,-915879404.9904944,-916078554.9629948,-916291302.684616,-916516899.296187,-916753159.2932642,-917804545.0872384,-918053177.9875584,-918284678.9015126,-918470927.1878048,-918573558.0728216,-917738942.9032131,0.0
2884.0,25077694.48332388,25113632.436109927,25149631.676667828,25185692.194938347,25221813.97883562,25257997.01420584,25294241.28478481,25330546.77215453,25366913.455699,25403341.31255889,25439830.317585293,25476380.443292413,25512991.65980924,25549663.934830114,25586397.233564243,25623191.518684026,25660046.75027225,25696962.8857682,25733939.879912373,25770977.68469018,25808076.24927415,25845235.519965064,25882455.440131545,25919735.950148523,25957076.98733408,25994478.48588505,26031940.376811057,26069462.587867044,26107045.043484453,26144687.66470056,26182390.369086444,26220153.0706732,26257975.67987648,26295858.10341935,26333800.244253352,26371802.00147779,26409863.2702571,26447983.9417364,26486163.90295508,26524403.0367584,26562701.221707013,26601058.33198449,26639474.23730265,26677948.802804675,26716481.88896611,26755073.351493403,26793723.04122021,26832430.804001298,26871196.48060387,26910019.90659652,26948900.91223549,26987839.32234828,27026834.95621461,27065887.627444595,27104997.143853936,27144163.30733642,27183385.913733207,27222664.75269921,27261999.60756628,27301390.255203128,27340836.465872075,27380338.00308226,27419894.62343956,27459506.07649288,27499172.104576763,27538892.442650385,27578666.81813273,27618494.95073372,27658376.552281536,27698311.32654572,27738298.96905609,27778339.166917365,27818431.598619416,27858575.933842875,27898771.83326029,27939018.94833239,27979316.921099465,28019665.383967943,28060063.95949165,28100512.26014799,28141009.8881086,28181556.43500469,28222151.48168662,28262794.597977675,28303485.3424221,28344223.262026854,28385007.89199724,28425838.7554662,28466715.36321708,28507637.213399548,28548603.791238863,28589614.56873798,28630669.00437249,28671766.54277819,28712906.61443104,28754088.6353194,28795312.00660829,28836576.114295565,28877880.328859657,28919224.00489876,28960606.480761368,29002027.07816768,29043485.10182184,29084979.83901476,29126510.559217308,29168076.51366343,29209676.934923347,29251311.03646608,29292978.01221153,29334677.03607151,29376407.261479605,29418167.820909586,29459957.82538202,29501776.363958884,29543622.5032258,29585495.286761705,29627393.734595448,29669316.842649262,29711263.582168587,29753232.899137955,29795223.713682745,29837234.919456195,29879265.38301161,29921313.94315922,29963379.410307366,30005460.565787725,30047556.1611641,30089664.91752437,30131785.524755426,30173916.640800223,30216056.890897326,30258204.866801545,30300359.12598618,30342518.19082573,30384680.547759205,30426844.64643307,30469008.89882388,30511171.67833976,30553331.31890054,30595486.1139959,30637634.31572128,30679774.133790795,30721903.734526988,30764021.239826743,30806124.726102933,30848212.223201435,30890281.713292845,30932331.12973856,30974358.35593074,31016361.2241056,31058337.514129624,31100284.95225828,31142201.209866628,31184083.902151544,31225930.58680504,31267738.762658183,31309505.86829537,31351229.28063845,31392906.31350014,31434534.21610689,31476110.171590228,31517631.29544666,31559094.63396588,31600497.16262669,31641835.78446084,31683107.32838429,31724308.54749599,31765436.11734389,31806486.6341584,31847456.613053154,31888342.486193247,31929140.600931123,31969847.21791042,32010458.50913794,32050970.55602452,32091379.347394943,32131680.77746789,32171870.643806443,32211944.645240285,32251898.379760467,32291727.34238806,32331426.92301801,32370992.40423974,32410418.959136352,32449701.64906425,32488835.42141551,32527815.10736528,32566635.41960701,32605290.950078424,32643776.1676816,32682085.416000523,32720212.91102025,32758152.73885205,32795898.85346874,32833445.07445589,32870785.08478416,32907912.42860849,32944820.50910139,32981502.586326346,33017951.77515979,33054161.0432693,33090123.209156737,33125830.94027598,33161276.751235086,33196453.00209364,33231351.89676676,33265965.481547795,-898973545.2543507,-898968454.8798329,-898963879.7133291,-898959829.5214565,-898956314.2077425,-898953343.8128421,-896013889.2299536,-896016855.2774854,-896020298.8919483,-896024226.935725,-896028646.3600922,-903225850.4381506,-903231816.1692326,-903238221.1190872,-903245071.9936404,-903252375.68262,-902155258.4266092,-902162134.740091,-902169526.940484,-902177444.2401388,-902185896.161784,-902194892.5610372,-901087045.51005,-901097067.491819,-901107622.3963854,-901118721.9077364,-901130378.2515494,-901834178.4211848,-901847440.5361284,-901861286.0534724,-901875730.4977926,-901890790.2299148,-901906482.5155112,-903078292.085872,-903093628.2114491,-903109655.7861603,-903126398.5661496,-903143881.7896326,-903506610.9962592,-903528134.18063,-903550412.2834276,-903573474.0676588,-903597350.4853326,-903657519.7578622,-903682866.7973932,-903709143.7441326,-903736393.0051163,-903764660.4022326,-903793995.4851786,-903648007.4785128,-903678745.7564116,-903710701.3757566,-903743941.9662224,-903778541.178583,-904239028.0314076,-904276943.8061604,-904316478.6311352,-904357729.6179916,-904400802.2715712,-904775556.5880332,-904821903.4764962,-904870407.4253236,-904921220.3720956,-904974508.9376962,-904781140.0086324,-904839690.952755,-904901541.1392212,-904966948.5531988,-905036195.2293464,-905109588.9421374,-905957149.4814628,-906039291.0744672,-906126630.5084884,-906219589.8037424,-906318620.9191447,-906356859.3395272,-906470957.3947856,-906593018.73957,-906723653.1717052,-906863469.6584848,-906999850.5497776,-907146924.1459196,-915862665.200562,-916030173.6112566,-916205701.9011126,-916387846.2424768,-916574136.760447,-917579496.791169,-917767641.3373432,-917942644.724949,-918093785.3675911,-918208824.2807012,-917463873.9724661,0.0
2883.0,25078699.25040172,25114599.502389044,25150561.476088684,25186585.172415216,25222670.59033672,25258817.726832967,25295026.576852787,25331297.1332704,25367629.3868408,25404023.32615425,25440478.937589586,25476996.20526655,25513575.110997133,25550215.63423576,25586917.752028268,25623681.438959952,25660506.66710229,25697393.40595849,25734341.622407805,25771351.280648675,25808422.342140507,25845554.76554414,25882748.50666102,25920003.51837098,25957319.750568528,25994697.150097866,26032135.66068628,26069635.222876016,26107195.773954835,26144817.2478846,26182499.575228654,26220242.683077216,26258046.494971268,26295910.930824656,26333835.90684437,26371821.33544907,26409867.12518566,26447973.18064409,26486139.40237005,26524365.686775807,26562651.92604884,26600998.008058555,26639403.81626072,26677869.22959976,26716394.1224088,26754978.36430737,26793621.82009685,26832324.34965338,26871085.80781839,26909906.044286508,26948784.903491043,26987722.224486653,27026717.84082933,27065771.58045374,27104883.265547503,27144052.712422755,27183279.73138462,27222564.12659665,27261905.695943188,27301304.23088843,27340759.516332302,27380271.330463,27419839.44460589,27459463.62306932,27499143.62298622,27538879.194152623,27578670.078862008,27618516.01173597,27658416.719550803,27698371.92106017,27738381.326813523,27778444.63897026,27818561.551109675,27858731.74803622,27898954.905580487,27939230.69039525,27979558.75974688,28019938.761301856,28060370.332908228,28100853.102371912,28141386.68722784,28181970.69450556,28222604.720489543,28263288.35047365,28304021.15850989,28344802.70715137,28385632.54718896,28426510.217381984,28467435.24418247,28508407.14145282,28549425.41017702,28590489.538164817,28631598.999749124,28672753.255476125,28713951.751788136,28755193.920699067,28796479.17946201,28837806.93022927,28879176.559704103,28920587.4387844,28962038.922197912,29003530.348128933,29045061.03783606,29086630.295260984,29128237.40662816,29169881.64003489,29211562.24503181,29253278.45219357,29295029.472679213,29336814.49778242,29378632.69847109,29420483.22491601,29462365.206008587,29504277.74886719,29546219.93833192,29588190.83644753,29630189.48193429,29672214.889646363,29714266.05001764,29756341.9284946,29798441.4649559,29840563.573118545,29882707.1399302,29924871.02494735,29967054.05969924,30009255.04703686,30051472.76046707,30093705.943471387,30135953.30880898,30178213.53780394,30220485.27961596,30262767.150494546,30305057.733016346,30347355.575305,30389659.190233503,30431967.05460857,30474277.608336657,30516589.2535715,30558900.353842497,30601209.233163908,30643514.175124463,30685813.421956792,30728105.17358681,30770387.58666236,30812658.773560926,30854916.801376063,30897159.690882392,30939385.4154786,30981591.90010839,31023777.020158987,31065938.60033698,31108074.41352124,31150182.17959264,31192259.56424048,31234304.177745327,31276313.57373808,31318285.24793525,31360216.63685022,31402105.11648039,31443948.0009704,31485742.541250948,31527485.92365381,31569175.268502727,31610807.62868034,31652379.98817168,31693889.260583967,31735332.28764344,31776705.837669365,31818006.60402581,31859231.20355162,31900376.17496928,31941437.97727346,31982412.98809992,32023297.502075907,32064087.7291529,32104779.7929232,32145369.72892137,32185853.48291236,32226226.9091677,32266485.76873183,32306625.727680564,32346642.3553736,32386531.12270423,32426287.40034818,32465906.457015123,32505383.457705688,32544713.461977765,32583891.42222568,32622912.18197655,32661770.474208266,32700460.91969384,32738978.025377665,32777316.18278899,32815469.666498955,32853432.632627822,32891199.117409345,32928763.035819773,32966118.180280045,33003258.219439484,33040176.69705051,33076867.03094445,33113322.51211878,33149536.30394748,33185501.441526245,33221210.8311655,33256657.250044644,33291833.3460419,-899306954.4664029,-899301250.601838,-899296019.8546573,-899291270.9316776,-899287012.6585137,-899283253.9800266,-896338702.8606541,-896339770.835393,-896341262.4656922,-896343183.9854536,-896345541.7325963,-903516714.1128747,-903520226.0285852,-903524130.183274,-903528433.1123364,-903533141.5554576,-902374963.4950564,-902378987.026327,-902383477.3247424,-902388443.7176656,-902393895.883576,-902399843.8753026,-901299857.6078668,-901306543.0320258,-901313714.6465796,-901321384.1845812,-901329563.9207782,-901988938.8975765,-901998745.8378762,-902009109.2863429,-902020045.0094118,-902031569.5535928,-902043700.301347,-903215087.18785,-903226844.4843752,-903239266.1665463,-903252375.5204672,-903266197.1347154,-903638293.2222562,-903656010.3299124,-903674437.245108,-903693600.090407,-903713526.7726284,-903767302.8682522,-903788597.680384,-903810758.75185,-903833822.9454252,-903857829.7538072,-903882821.5109774,-903743709.951672,-903770223.561862,-903797869.0376142,-903826703.6432868,-903856789.12472,-904313016.8718196,-904345891.4476194,-904380205.4287918,-904416032.4471036,-904453451.3284664,-904846394.1942066,-904886955.9683576,-904929414.0307893,-904973882.304241,-905020483.6050826,-904827248.3028848,-904879109.2601844,-904933817.048416,-904991558.3822168,-905052533.1380076,-905116954.4812392,-905968033.968675,-906039677.4276874,-906115433.6658496,-906195555.5775956,-906280301.1472312,-906308063.1431824,-906405524.2287352,-906508849.888374,-906618323.1720036,-906734186.606109,-906790647.5151,-906902633.997838,-915598334.1509284,-915723299.6563836,-915852214.8435372,-915984266.8339006,-916118535.6761616,-917082791.3838428,-917224431.888926,-917370938.0876492,-917530770.5589097,-917716735.0088145,-917210675.8901184,0.0
2882.0,25054725.90715153,25090548.579062168,25126433.40119771,25162380.3863139,25198389.54532224,25234460.88724856,25270594.419190776,25306790.146275617,25343048.07161438,25379368.19625773,25415750.51914949,25452195.037079323,25488701.74463447,25525270.63415028,25561901.695659675,25598594.91684153,25635350.28296779,25672167.77684948,25709047.37878144,25745989.066485863,25782992.815054487,25820058.596889567,25857186.38164344,25894376.136156783,25931627.82439544,25968941.407385755,26006316.84314864,26043754.08663191,26081253.089641213,26118813.800769377,26156436.1653242,26194120.12525448,26231865.61907447,26269672.58178657,26307540.94480227,26345470.63586132,26383461.578949023,26421513.69421167,26459626.897870027,26497801.10213092,26536036.215096656,26574332.1406726,26612688.77847241,26651106.02372129,26689583.76715696,26728121.894928344,26766720.288492,26805378.824506164,26844097.37472236,26882875.8058745,26921713.979565613,26960611.75215172,26999568.97462325,27038585.49248377,27077661.1456257,27116795.76820345,27155989.188503563,27195241.22881174,27234551.70527708,27273920.427772988,27313347.199755013,27352831.818115395,27392374.073034216,27431973.747827336,27471630.618790552,27511344.455040406,27551115.018351257,27590942.062988665,27630825.335538834,27670764.57473428,27710759.51127541,27750809.86764808,27790915.35793677,27831075.687633824,27871290.55344397,27911559.643084504,27951882.63508088,27992259.19855757,28032688.993024204,28073171.66815669,28113706.86357333,28154294.20860593,28194933.32206549,28235623.81200253,28276365.275462102,28317157.29823292,28357999.454590905,28398891.307036843,28439832.406027973,28480822.289703384,28521860.48360329,28562946.50038168,28604079.83951247,28645259.986989018,28686486.415016618,28727758.58169801,28769075.930711765,28810437.89098329,28851843.87634828,28893293.28520853,28934785.50017996,28976319.8877325,29017895.797821905,29059512.56351308,29101169.500595,29142865.90718672,29184601.0633346,29226374.23060033,29268184.65163972,29310031.54977181,29351914.12853847,29393831.57125395,29435783.040544394,29477767.677876867,29519784.60307801,29561832.913841847,29603911.68522657,29646019.96914014,29688156.79381453,29730321.1632682,29772512.05675669,29814728.42821126,29856969.205664888,29899233.290665947,29941519.55767884,29983826.8534718,30026153.996491183,30068499.776222263,30110862.95253639,30153242.25502384,30195636.382312763,30238044.00137326,30280463.746807,30322894.220121693,30365333.98899047,30407781.586495705,30450235.51035723,30492694.222144727,30535156.146473847,30577619.67018611,30620083.141512327,30662544.86921919,30705003.12173902,30747456.1262824,30789902.06793353,30832339.088728245,30874765.28671446,30917178.7149948,30959577.38075171,31001959.244254462,31044322.21784836,31086664.164925907,31128982.898880005,31171276.1820391,31213541.72458453,31255777.18344981,31297980.16120225,31340148.20490697,31382278.80497345,31424369.39398488,31466417.34551061,31508419.97290213,31550374.52807271,31592278.200261462,31634128.114782304,31675921.331758138,31717654.844841424,31759325.579921447,31800930.393819496,31842466.07297264,31883929.33210745,31925316.81290471,31966625.08265624,32007850.63291571,32048989.87814477,32090039.15435613,32130994.717755686,32171852.74338589,32212609.323772248,32253260.46757572,32293802.098253675,32334230.05273225,32374540.080093235,32414727.840279013,32454788.902819183,32494718.745583028,32534512.75356172,32574166.217685416,32613674.33367999,32653032.20096873,32692234.82162493,32731277.09938149,32770153.83870423,32808859.74393596,32847389.41851912,32885737.36430478,32923897.98095721,32961865.565462776,32999634.311753552,33037198.310455684,33074551.54877414,33111687.91052542,33148601.17633092,33185285.023984417,33221733.02900743,33257938.665407665,33293895.306656096,-899623378.2759545,-899616524.6319166,-899610094.666303,-899604095.9855442,-899598536.2989326,-899593423.4193187,-896630313.1243659,-896628936.0607524,-896627924.8346026,-896627285.0316995,-896627022.3502003,-903767175.8414656,-903767732.9995012,-903768631.281657,-903769876.848332,-903771476.062982,-902554966.731957,-902555611.525268,-902556668.06325,-902558145.4135596,-902560052.9976904,-902562400.6115584,-901463345.6603144,-901466107.480305,-901469297.182178,-901472925.7209688,-901477004.5252438,-902090246.6069514,-902095945.2313604,-902102152.2988478,-902108882.3237628,-902116150.4316808,-902123972.3936776,-903296450.1331284,-903303854.7019864,-903311863.3123736,-903320496.3663487,-903329775.2111492,-903705361.3301228,-903718289.848898,-903731839.4076772,-903746030.2690688,-903760883.8271502,-903806517.540084,-903822500.1350696,-903839221.4211276,-903856708.043306,-903874988.1536828,-903894091.5013328,-903767335.434247,-903788076.0254096,-903809770.3375734,-903832458.1066214,-903856181.491558,-904300866.7205606,-904326506.3087876,-904353276.7367268,-904381219.797132,-904410378.9262573,-904828531.4438324,-904860715.8822252,-904894362.6457872,-904929535.0804764,-904966299.139788,-904780607.1514516,-904822233.3113856,-904865997.360155,-904911998.104126,-904960336.7059104,-905011115.6601216,-905864308.6197306,-905920365.7973086,-905979129.9449738,-906040681.9387356,-906105089.5615206,-906118673.4586034,-906192425.7990746,-906269581.9941616,-906350142.7072378,-906434057.2876816,-906400220.1104276,-906472004.16214,-915145015.1780168,-915223458.4889656,-915303250.1696448,-915384576.2560632,-915468290.2842876,-916395515.1828424,-916494089.868808,-916610993.6398654,-916764691.2795812,-916989733.2199944,-916831442.8474994,0.0
2881.0,25006163.30170949,25041870.2576697,25077639.79023996,25113471.924914185,25149366.68546766,25185324.093916632,25221344.170477048,25257426.9335224,25293572.39954056,25329780.583089657,25366051.496752985,25402385.151092857,25438781.5546035,25475240.71366274,25511762.632482737,25548347.313059594,25584994.75512172,25621704.95607717,25658477.91095969,25695313.612373628,25732212.05043753,25769173.21272648,25806197.08421323,25843283.64720787,25880432.881296203,25917644.763276715,25954919.26709618,25992256.36378369,26029656.02138335,26067118.204885297,26104642.876155265,26142229.993862595,26179879.51340647,26217591.38684064,26255365.562796324,26293201.986403555,26331100.59921044,26369061.339100964,26407084.140210696,26445168.932840616,26483315.64336912,26521524.19416187,26559794.50347983,26598126.48538497,26636520.04964406,26674975.10163011,26713491.54222184,26752069.267700568,26790708.169645004,26829408.134823617,26868169.045084503,26906990.77724288,26945873.202965926,26984816.188655183,27023819.595326133,27062883.278485183,27102007.088003825,27141190.867989983,27180434.45665648,27219737.686186463,27259100.38259594,27298522.36559309,27338003.44843445,27377543.437777907,27417142.13353235,27456799.328703903,27496514.809238844,27536288.35386281,27576119.733916488,27616008.713187665,27655955.0477394,27695958.485734385,27736018.76725544,27776135.62412185,27816308.779701687,27856537.948719945,27896822.837062225,27937163.141574267,27977558.549856752,28018008.740055703,28058513.3806482,28099072.13022307,28139684.63725706,28180350.53988569,28221069.465669245,28261841.03135336,28302664.842624422,28343540.49385948,28384467.567870617,28425445.635643624,28466474.25607088,28507552.975678448,28548681.32834688,28589858.8350261,28631085.003443874,28672359.32780786,28713681.28850111,28755050.351770893,28796465.96941072,28837927.578435235,28879434.600748222,28920986.442803185,28962582.49525658,29004222.13261349,29045904.712865613,29087629.57712132,29129396.049227823,29171203.435385056,29213051.02375129,29254938.08404031,29296863.867109776,29338827.60454093,29380828.50820933,29422865.769846328,29464938.560591288,29507046.030534364,29549187.3082496,29591361.50031815,29633567.69084168,29675804.94094537,29718072.28827079,29760368.74645811,29802693.304617785,29845044.926791288,29887422.55140082,29929825.090687905,29972251.43014061,30014700.427909195,30057170.91421009,30099661.690718155,30142171.52994677,30184699.17461589,30227243.337007765,30269802.698310245,30312375.90794747,30354961.58289786,30397558.30699937,30440164.630241632,30482779.06804523,30525400.100527704,30568026.171756405,30610655.68898797,30653287.02189457,30695918.50177664,30738548.420762204,30781175.03099284,30823796.543796144,30866411.12884485,30909016.91330257,30951611.980956297,30994194.37133573,31036762.07881969,31079313.051729508,31121845.191409968,31164356.351297583,31206844.33597705,31249306.90022565,31291741.74804634,31334146.53168973,31376518.850665644,31418856.250744533,31461156.22294956,31503416.202539887,31545633.56798588,31587805.639937226,31629929.68018464,31672002.890616216,31714022.41216957,31755985.32378089,31797888.64133222,31839729.316598263,31881504.23619453,31923210.22052809,31964844.022753146,32006402.327733114,32047881.751011435,32089278.837793466,32130590.06194192,32171811.824988406,32212940.455164224,32253972.20645337,32294903.257671088,32335729.71157177,32376447.59398994,32417052.85301853,32457541.358229045,32497908.899938323,32538151.18852702,32578263.85381562,32618242.44450341,32658082.427677244,32697779.18839652,32737328.029361703,32776724.17067414,32815962.74969517,32855038.821013607,32893947.35653043,32932683.245671123,32971241.29573556,33009616.23239704,33047802.70036207,33085795.264203463,33123588.409379806,33161176.54345557,33198553.99753632,33235715.027934603,33272653.81808304,-899922329.8506238,-899913849.1979989,-899905737.1850734,-899898000.3094062,-899890645.1573521,-899883678.4049528,-896890404.3495059,-896886129.1896044,-896882159.4545919,-896878500.047877,-896875155.985363,-903980391.1109316,-903977585.4483848,-903975066.2864548,-903972839.1898636,-903970909.904729,-902699543.8218224,-902696388.5803428,-902693584.6904773,-902691140.5595846,-902689064.9158486,-902687366.8234766,-901582849.5856144,-901581207.967478,-901579925.3852478,-901579011.270949,-901578475.4078622,-902144813.2080976,-902145845.2013828,-902147318.0882772,-902149243.877048,-902151634.9379512,-902154504.0109175,-903329373.803395,-903331750.219442,-903334640.833983,-903338061.2941538,-903342027.7249649,-903715530.1538286,-903722835.2015394,-903730637.1416976,-903738948.1495336,-903747780.7487248,-903783788.7517886,-903793403.8983502,-903803581.5447352,-903814335.2490813,-903825678.8229516,-903837626.3030326,-903727673.5620258,-903741342.6746284,-903755719.0923831,-903770820.9620034,-903786666.6485648,-904213610.9631824,-904230295.8485729,-904247724.015742,-904265902.8358312,-904284838.0391852,-904733593.7846416,-904755397.1905968,-904778125.489221,-904801787.9788108,-904826390.8736748,-904654171.7433336,-904682905.0102334,-904712927.0036402,-904744246.9311396,-904776867.2901634,-904810782.2123208,-905664975.4351052,-905702129.6476208,-905740492.6464472,-905779996.0099328,-905820548.0156755,-905816985.2191396,-905862995.1821804,-905909963.9567896,-905957680.7545818,-906005891.0390372,-905884752.9530016,-905915943.246244,-914565762.3851504,-914598298.9860586,-914630226.0575706,-914662306.6030766,-914696128.9116873,-915586109.8793803,-915633549.0374002,-915698280.7619674,-915794910.7358907,-915955256.1898296,-916014663.0451757,0.0
2880.0,24933428.27864619,24968983.082847424,25004600.89031469,25040281.740187384,25076025.670035586,25111832.71582141,25147702.911859408,25183636.29077612,25219632.88346869,25255692.71906262,25291815.824868456,25328002.226337586,25364251.94701703,25400565.008503165,25436941.430394422,25473381.230243027,25509884.42350545,25546451.02349196,25583081.04131484,25619774.485835586,25656531.36361093,25693351.67883748,25730235.43329529,25767182.626290143,25804193.25459443,25841267.31238677,25878404.791190367,25915605.6798098,25952869.96426656,25990197.62773305,26027588.65046516,26065043.009733256,26102560.67975181,26140141.63160716,26177785.83318392,26215493.249089714,26253263.84057797,26291097.56546945,26328994.37807152,26366954.22909606,26404977.06557524,26443062.830775585,26481211.46411006,26519422.90104823,26557697.07302442,26596033.90734377,26634433.327086337,26672895.25100892,26711419.593444783,26750006.264201216,26788655.168454617,26827366.20664355,26866139.274359148,26904974.26223329,26943871.055824168,26982829.535499465,27021849.576316804,27060931.047901668,27100073.8143226,27139277.733963627,27178542.659393884,27217868.437234376,27257254.908021808,27296701.906069465,27336209.25932491,27375776.78922469,27415404.310545865,27455091.63125408,27494838.552348625,27534644.86770381,27574510.36390711,27614434.82009359,27654418.007776804,27694459.69067608,27734559.62453986,27774717.55696541,27814933.227214456,27855206.36602486,27895536.69541828,27935923.928503554,27976367.76927596,28016867.91241201,28057424.043059897,28098035.83662547,28138702.958553445,28179425.06410408,28220201.79812499,28261032.79481808,28301917.677501496,28342856.058366425,28383847.53822893,28424891.706276216,28465988.13980767,28507136.403970424,28548336.051489294,28589586.622390933,28630887.643722307,28672238.629263155,28713639.07923252,28755088.479988933,28796586.303724635,28838132.008153133,28879725.036190502,28921364.81562993,28963050.758809563,29004782.262273688,29046558.706426628,29088379.45517992,29130243.85559196,29172151.237500608,29214100.91314819,29256092.17679896,29298124.30434893,29340196.55292788,29382308.160493314,29424458.345416624,29466646.306060888,29508871.220350377,29551132.2453318,29593428.516726896,29635759.14847645,29678123.23227553,29720519.837099943,29762948.008723583,29805406.76922681,29847895.11649567,29890412.02371172,29932956.43883264,29975527.284063257,30018123.45531713,30060743.82166847,30103387.224794287,30146052.47840702,30188738.367677093,30231443.64864576,30274167.04762809,30316907.260605868,30359662.9526107,30402432.75709716,30445215.275305897,30488009.07561696,30530812.69289316,30573624.62781364,30616443.34619776,30659267.27831917,30702094.81821056,30744924.3229588,30787754.11199098,30830582.46635144,30873407.62796973,30916227.79892031,30959041.14067367,31001845.773339644,31044639.77490301,31087421.18045188,31130187.98139931,31172938.124698576,31215669.5120527,31258379.999118805,31301067.394707944,31343729.459981065,31386363.90764205,31428968.40112848,31471540.553801127,31514077.92813329,31556578.0349009,31599038.332374588,31641456.225515284,31683829.065174256,31726154.14729949,31768428.71214997,31810649.943519343,31852814.967971183,31894920.854087804,31936964.611734573,31978943.19134248,32020853.483211093,32062692.31683493,32104456.46025603,32146142.61944566,32187747.437719,32229267.49518583,32270699.308241427,32312039.329101726,32353283.94538696,32394429.479758736,32435472.189615373,32476408.26685088,32517233.83768337,32557944.962559048,32598537.636137977,32639007.787368923,32679351.27966037,32719563.9111557,32759641.415120672,32799579.460452348,32839373.65231857,32879019.532938123,32918512.582512107,32957848.22031784,32997021.805976827,33036028.64090988,33074863.969992,33113522.9834217,33152000.818818983,33190292.563567936,33228393.25741997,-900203989.9630975,-900193469.7304375,-900183259.1498976,-900173363.6268408,-900163788.6428615,-900154539.7567682,-897121405.2747108,-897113871.6441939,-897106581.5961953,-897099539.3115746,-897092749.0756005,-904160164.0665205,-904153678.1935045,-904147421.4831831,-904141398.7008394,-904135614.7550864,-902813536.6348424,-902806262.4550984,-902799274.7596066,-902792580.9253194,-902786188.5882944,-902780105.65174,-901664378.0067668,-901657967.815113,-901651839.4408468,-901646000.2271568,-901640457.7128804,-902160009.2033538,-902155934.9162328,-902152218.456447,-902148868.4716704,-902145893.6841624,-902143302.8712716,-903321605.9372514,-903318418.8836962,-903315633.975307,-903313260.9952956,-903311309.7052864,-903677663.7061212,-903678714.9548556,-903680116.0641656,-903681870.1323012,-903683979.8173852,-903709269.597188,-903711750.4111243,-903714589.7290944,-903717787.1963662,-903721341.524974,-903725250.3680204,-903635244.9980872,-903640906.349586,-903646991.9697644,-903653497.6835822,-903660417.5160354,-904064913.5649372,-904071540.9791431,-904078499.8694832,-904085765.7909988,-904093310.0717056,-904575961.8866056,-904586133.914238,-904596665.4205228,-904607516.2175114,-904618638.6650492,-904464254.9080864,-904478530.163888,-904493222.8797054,-904508263.1325356,-904523567.8655908,-904539039.0714936,-905393296.2232116,-905410130.5782698,-905426776.9515305,-905443054.4596834,-905458755.3812698,-905436255.3955674,-905453505.6037728,-905469566.497068,-905484087.355336,-905496685.3517252,-905299688.961854,-905293169.4325736,-913920835.212729,-913910956.5085584,-913898434.3119632,-913883877.851766,-913868354.4810264,-914719357.3978468,-914706162.52628,-914697017.8159728,-914692490.3999836,-914690992.649278,-914689484.7290733,0.0
2879.0,24836962.75523835,24872330.618163776,24907761.912685864,24943256.69248584,24978815.00984857,25014436.91562618,25050122.45920089,25085871.68844691,25121684.649691496,25157561.387675203,25193501.945511155,25229506.36464348,25265574.684804745,25301706.9439724,25337903.17832439,25374163.422193628,25410487.70802152,25446876.06631041,25483328.525575,25519845.11229265,25556425.850852583,25593070.763503976,25629779.87030284,25666553.18905777,25703390.735274468,25740292.52209901,25777258.560259923,25814288.85800885,25851383.42106004,25888542.252528384,25925765.3528662,25963052.719798453,26000404.348256685,26037820.230311457,26075300.355103232,26112844.708771832,26150453.274384245,26188126.03186095,26225862.95790048,26263664.025902536,26301529.20588915,26339458.46442436,26377451.764532007,26415509.065611742,26453630.3233532,26491815.489648286,26530064.51250174,26568377.33593928,26606753.899914365,26645194.1402124,26683697.98835318,26722265.371491123,26760896.21231324,26799590.42893511,26838347.93479441,26877168.638542235,26916052.44393206,26954999.24970635,26994008.949480608,27033081.43162508,27072216.579143863,27111414.26955133,27150674.37474605,27189996.760881964,27229381.288236734,27268827.811077416,27308336.177523125,27347906.229405,27387537.802122805,27427230.724499017,27466984.818629343,27506799.89973037,27546675.77598385,27586612.248377845,27626609.110544328,27666666.14859359,27706783.140945025,27746959.85815442,27787196.06273769,27827491.508990787,27867845.94280609,27908259.10148473,27948730.71354524,27989260.498528097,28029848.16679632,28070493.419331875,28111195.947528057,28151955.43297736,28192771.54725532,28233643.95169958,28274572.29718495,28315556.22389334,28356595.361079466,28397689.326831654,28438837.727827843,28480040.15908673,28521296.203713868,28562605.43264283,28603967.404371075,28645381.664690707,28686847.746413924,28728365.16909293,28769933.43873459,28811552.047509283,28853220.47345433,28894938.18017154,28936704.61651896,28978519.21629681,29020381.397927344,29062290.564128656,29104246.1015824,29146247.380595207,29188293.75475386,29230384.560574044,29272519.11714259,29314696.725753315,29356916.66953608,29399178.213079352,29441480.60204584,29483823.062781382,29526204.80191709,29568625.005964298,29611082.840902694,29653577.45176146,29696107.96219312,29738673.47404043,29781273.066896085,29823905.79765512,29866570.70006025,29909266.78423981,29951993.036238626,29994748.417541496,30037531.864589475,30080342.28828905,30123178.57351396,30166039.5786,30208924.1348326,30251831.045927554,30294759.08750462,30337707.00655436,30380673.520898208,30423657.31864193,30466657.05762257,30509671.36484916,30552698.83593723,30595738.03453748,30638787.491758768,30681845.705585606,30724911.1402907,30767982.22584248,30811057.357308384,30854134.89425398,30897213.160138395,30940290.44170672,30983364.98837961,31026435.011640865,31069498.684423395,31112554.14049443,31155599.473840404,31198632.73805254,31241651.94571391,31284655.0677886,31327640.03301429,31370604.727299124,31413546.99312389,31456464.62895087,31499355.38864065,31542216.98087805,31585047.068608936,31627843.268489394,31670603.1503489,31713324.236669462,31756004.0020826,31798639.872886308,31841229.226584274,31883769.391449675,31926257.64611621,31968691.21919915,32011067.28894921,32053382.98294252,32095635.377809983,32137821.499009643,32179938.32064574,32221982.7653388,32263951.704150736,32305841.956570007,32347650.29056125,32389373.422685064,32431008.018293347,32472550.69180606,32513998.007075906,32555346.477847327,32596592.56831741,32637732.69380574,32678763.22154172,32719680.471577544,32760480.7178361,32801160.189303327,32841715.07137509,32882141.50736967,32922435.600216947,32962593.4143366,33002610.97771801,33042484.284215458,33082209.29607284,33121781.94669308,33161198.143668164,-900469121.2319213,-900456216.7120246,-900443560.4286224,-900431156.7309506,-900419010.0331129,-900407124.8150355,-897326329.0324726,-897315266.3395326,-897304385.0206826,-897293688.4991571,-897283180.2876835,-904310780.5858,-904300385.2462949,-904290160.021439,-904280108.7196808,-904270235.2443546,-902902169.4507564,-902890557.40141,-902879163.802136,-902867994.70929,-902857056.3583283,-902846355.164086,-901714414.9937116,-901702991.9249424,-901691768.1847826,-901680748.7078224,-901669938.4594104,-902143681.7723396,-902134200.5135996,-902124984.179608,-902116037.6936055,-902107365.7726485,-902098972.8844138,-903281474.8099335,-903272362.949871,-903263528.595539,-903254975.4063324,-903246706.5631104,-903601490.483968,-903595902.325748,-903590508.8651304,-903585304.4064616,-903580282.1300398,-903594238.1159426,-903589159.002944,-903584229.5356996,-903579436.5587412,-903574765.0204034,-903570197.7810962,-903501849.4741569,-903498996.851133,-903496282.5321206,-903493682.303449,-903491168.5664898,-903870186.5593888,-903866326.401551,-903862412.5322008,-903858395.1879506,-903854218.706928,-904371795.0055088,-904369896.9295548,-904367834.2574844,-904365527.7710762,-904362888.084743,-904229212.0680248,-904228604.9759206,-904227625.0762042,-904226141.9487096,-904224008.470714,-904221059.167559,-905074418.3048012,-905071284.109065,-905066806.3371532,-905060732.4362729,-905052783.6521451,-905011043.6196994,-905001143.9575906,-904988380.6765226,-904972323.226216,-904952514.9742883,-904694966.7981492,-904655805.740924,-913263542.851536,-913216800.4081088,-913165178.7254049,-913108636.5979452,-913047091.8156472,-913860321.1064163,-913785898.9598622,-913700199.3041426,-913591370.0725646,-913426440.6932664,-913363767.5536282,0.0
2878.0,24717230.901398346,24752378.61684519,24787590.194232564,24822865.7026466,24858205.209972978,24893608.78286335,24929076.48670108,24964608.385566235,25000204.54219968,25035865.01796652,25071589.87281859,25107379.16525613,25143232.952288646,25179151.28939488,25215134.230481848,25251181.827842943,25287294.132115267,25323471.19223578,25359713.055396628,25396019.76699945,25432391.37060865,25468827.90790364,25505329.41863004,25541895.9405498,25578527.50939016,25615224.158791635,25651985.920254715,25688812.82308537,25725704.89433961,25762662.15876645,25799684.63875,25836772.354249988,25873925.32274126,25911143.559151705,25948427.075799044,25985775.882326063,26023189.98563464,26060669.38981813,26098214.096092504,26135824.10272582,26173499.404966302,26211239.994968783,26249045.86171966,26286916.990960147,26324853.365107927,26362854.96317716,26400921.76069676,26439053.729626864,26477250.83827369,26515513.05120238,26553840.32914816,26592232.628925584,26630689.903335724,26669212.10107167,26707799.1666218,26746451.040171087,26785167.657500416,26823948.94988368,26862794.8439828,26901705.261740547,26940680.120271087,26979719.33174829,27018822.80329173,27057990.43685031,27097222.12908346,27136517.77123991,27175877.249034047,27215300.44251953,27254787.22596056,27294337.46770031,27333951.03002686,27373627.76903626,27413367.534492824,27453170.16968676,27493035.511288658,27532963.389201306,27572953.626408394,27613006.03882017,27653120.435116064,27693296.616584204,27733534.37695768,27773833.502247542,27814193.77057266,27854614.95198597,27895096.80829764,27935639.09289442,27976241.55055577,28016903.917266227,28057625.920024283,28098407.2766474,28139247.69557343,28180146.87565824,28221104.50596927,28262120.2655755,28303193.82333313,28344324.837667443,28385512.956350468,28426757.81627456,28468059.04322173,28509416.251628764,28550829.044347968,28592297.01240361,28633819.73474393,28675396.777988564,28717027.69617163,28758712.030480057,28800449.308987368,28842239.0463828,28884080.743695587,28925973.88801457,28967917.95220297,29009912.39460819,29051956.658766914,29094050.173105035,29136192.350632727,29178382.588634502,29220620.2683542,29262904.754674856,29305235.39579357,29347611.5228912,29390032.449796908,29432497.472647585,29475005.86954218,29517556.900190767,29560149.80555857,29602783.80750475,29645458.10841624,29688171.890836265,29730924.31708799,29773714.52889303,29816541.64698505,29859404.770718377,29902302.97767189,29945235.323247984,29988200.84026693,30031198.538556702,30074227.404538184,30117286.400806244,30160374.4657064,30203490.51290759,30246633.430971045,30289802.082915504,30332995.30577883,30376211.91017661,30419450.679857697,30462710.37125693,30505989.713045675,30549287.4056801,30592602.120947868,30635932.5015134,30679277.160462305,30722634.680845253,30766003.615221944,30809382.48520557,30852769.781008337,30896163.960988782,30939563.451201387,30982966.644949164,31026371.90234023,31069777.54984878,31113181.879881613,31156583.150351085,31199979.584255297,31243369.369266808,31286750.657330938,31330121.564274658,31373480.169427674,31416824.515257,31460152.60701616,31503462.412411112,31546751.861284222,31590018.84531817,31633261.217761632,31676476.793178927,31719663.347225573,31762818.61645232,31805940.298139747,31849026.050166484,31892073.49091346,31935080.19920735,31978043.71430628,32020961.53593116,32063831.124346327,32106649.900493044,32149415.24618012,32192124.504335742,32234774.9793254,32277363.937340256,32319888.60686155,32362346.179206245,32404733.80915989,32447048.61570272,32489287.68283559,32531448.0605128,32573526.765689023,32615520.783488344,32657427.06850364,32699242.54623505,32740964.114677213,32782588.64606472,32824112.988786977,32865533.969483,32906848.3953286,32948053.05652809,32989144.72902432,33030120.177440707,33070976.158270888,-900718979.0368252,-900703414.4907296,-900688035.7085545,-900672846.0343364,-900657848.866654,-900643047.6594656,-897508624.8273983,-897493848.1079205,-897479191.1832669,-897464656.7000184,-897450247.3749253,-904436858.1148938,-904422409.1857746,-904408070.815129,-904393845.7655016,-904379736.8425524,-902970885.0961986,-902954813.2755704,-902938890.3822196,-902923120.9777634,-902907509.7167706,-902892061.3398144,-901739731.6701864,-901723175.4306996,-901706734.4773908,-901690411.292498,-901674208.2385216,-902103951.5755324,-902088914.8898612,-902074047.0110892,-902059349.2804214,-902044822.599118,-902030467.368246,-903217665.2464952,-903202462.2747724,-903187410.152648,-903172506.9637403,-903157749.959337,-903497250.8844754,-903484900.7613422,-903472596.9595368,-903460326.3926048,-903448074.3514644,-903450594.6180842,-903437888.223424,-903425139.5370114,-903412325.27822,-903399419.629424,-903386394.0126636,-903339987.9657784,-903328563.2707652,-903317018.963976,-903305315.392433,-903293408.5066549,-903645580.7539252,-903631448.858954,-903616945.2933156,-903602003.7589436,-903586551.3266064,-904137935.449937,-904124298.972398,-904110069.7261288,-904095143.2429078,-904079403.8119868,-903968016.724482,-903953153.229969,-903937284.9243112,-903920243.5009308,-903901842.9482003,-903881878.2366972,-904733140.1350416,-904711842.2460288,-904688367.4951272,-904662429.5261378,-904633718.2895612,-904574026.9682716,-904540602.897124,-904503200.3200155,-904461357.3415818,-904414584.7673151,-904112336.5871748,-904047069.9577212,-912638082.4373528,-912561773.1932378,-912478551.4772284,-912387687.0129908,-912288124.8687866,-913069979.5370942,-912945908.7520578,-912802615.9254276,-912627778.4148626,-912392262.873311,-912546742.3842247,0.0
2877.0,24574716.43689513,24609612.311142333,24644572.47891312,24679597.02550589,24714686.035235908,24749839.59140522,24785057.776271906,24820340.67101856,24855688.35572021,24891100.909311388,24926578.40955244,24962120.932995204,24997728.55494789,25033401.34943905,25069139.3891809,25104942.745531727,25140811.48845759,25176745.686492994,25212745.406700816,25248810.714631382,25284941.67428048,25321138.348046627,25357400.79668732,25393729.07927436,25430123.25314814,25466583.373870995,25503109.495179605,25539701.668936137,25576359.94507865,25613084.371570155,25649874.99434671,25686731.8572644,25723655.002045184,25760644.46822149,25797700.29307972,25834822.511602584,25872011.15641008,25909266.257699344,25946587.843183152,25983975.938027184,26021430.56478589,26058951.74333709,26096539.490815148,26134193.8215428,26171914.74696143,26209702.27556013,26247556.412803028,26285477.161055263,26323464.51950744,26361518.484098405,26399639.04743652,26437826.19871936,26476079.923651684,26514400.204361744,26552787.01931592,26591240.343231592,26629760.14698828,26668346.39753694,26706999.057807524,26745718.08661449,26784503.43856069,26823355.06393908,26862272.908632625,26901256.91401217,26940307.01683228,26979423.149125032,27018605.23809168,27057853.205992285,27097166.97003306,27136546.44225162,27175991.52939994,27215502.13282505,27255078.148347504,27294719.466137327,27334425.97058783,27374197.5401868,27414034.047385328,27453935.358464204,27493901.333397627,27533931.82571453,27574026.68235721,27614185.74353732,27654408.84258924,27694695.805820588,27735046.452360302,27775460.5940035,27815938.03505388,27856478.572163075,27897081.99416719,27937748.08192029,27978476.608125072,28019267.337160405,28060120.02490589,28101034.418563344,28142010.25647513,28183047.26793934,28224145.17302185,28265303.68236513,28306522.49699388,28347801.30811713,28389139.796927422,28430537.6343964,28471994.48106709,28513509.986842845,28555083.79077277,28596715.52083388,28638404.79370969,28680151.214565314,28721954.37681912,28763813.861910928,28805729.23906658,28847700.065059066,28889725.88396605,28931806.226924,28973940.611878496,29016128.54333136,29058369.51208395,29100662.99497709,29143008.45462747,29185405.33916052,29227853.081939843,29270351.101293195,29312898.800235126,29355495.56618609,29398140.77068845,29440833.76911903,29483573.9003986,29526360.486698058,29569192.83314173,29612070.227507506,29654991.93992418,29697957.222566053,29740965.309344545,29784015.41559769,29827106.7377768,29870238.45313109,29913409.719390005,29956619.67444368,29999867.436021585,30043152.10136957,30086472.746925574,30129828.427994102,30173218.178419977,30216641.010261312,30260095.91346221,30303581.855525464,30347097.781185463,30390642.612081923,30434215.24643445,30477814.558718804,30521439.399344742,30565088.59433651,30608760.945015937,30652455.22768905,30696170.193336643,30739904.56730921,30783657.049027245,30827426.31168746,30871211.001975257,30915009.739785053,30958821.11794853,31002643.70197188,31046476.029783368,31090316.611491702,31134163.929156493,31178016.436572004,31221872.5590652,31265730.69330948,31309589.20715552,31353446.439480446,31397300.70005692,31441150.26944407,31484993.39890144,31528828.31032816,31572653.19622925,31616466.219710942,31660265.514507283,31704049.185040347,31747815.30651659,31791561.925061703,31835287.057897016,31878988.693560217,31922664.792173497,31966313.28576257,32009932.07862991,32053519.047785968,32097072.04344247,32140588.8895718,32184067.38453695,32227505.30179706,32270900.390693024,32314250.377319105,32357552.96548583,32400805.837780368,32444006.65673073,32487153.06608071,32530242.69218265,32573273.14551604,32616242.02233975,32659146.906486977,32701985.371312164,32744754.981799614,32787453.296844546,32830077.87171788,32872626.260726683,32915096.02008312,32957484.71099581,-900955222.1763424,-900936790.1411614,-900918481.5520672,-900900298.810226,-900882244.3620784,-900864320.700006,-897672042.6912065,-897653447.4929316,-897634912.0805,-897616438.3297553,-897598028.166009,-904543210.5968176,-904524645.3799454,-904506131.998484,-904487672.1603996,-904469267.5687788,-903025198.611508,-903004638.1959636,-902984157.6325752,-902963759.9491088,-902943448.186088,-902923225.384174,-901747202.4085308,-901725515.684646,-901703862.5818496,-901682243.3543478,-901660658.0205612,-902048993.0441695,-902028408.674846,-902007900.4946716,-901987466.8565716,-901967105.517254,-901946813.568399,-903138957.2985182,-903117697.38899,-903096469.7915488,-903075268.2231232,-903054085.3573344,-903375305.7090594,-903356329.0216148,-903337270.2564316,-903318111.1698108,-903298831.626062,-903290313.2246867,-903270251.7592096,-903249990.929788,-903229501.030866,-903208749.537774,-903187700.883178,-903162230.857128,-903142594.6944226,-903122633.6585826,-903102298.6675107,-903081535.8394352,-903406985.1149805,-903383349.932848,-903359119.1394296,-903334219.3982376,-903308570.8310932,-903890839.015062,-903866446.0002664,-903841163.1290964,-903814875.327228,-903787456.5920602,-903698918.0384831,-903671280.9230772,-903642211.9477384,-903611527.8484116,-903579028.6577522,-903544496.7749904,-904392069.4990808,-904355451.3218348,-904316173.64566,-904273947.8513114,-904228464.6788552,-904153576.2600844,-904101562.9352552,-904045029.3589534,-903983523.8288935,-903916563.4523312,-903584089.3762118,-903500169.1372708,-912078406.154648,-911981208.1658232,-911875822.2590656,-911761127.7602456,-911635700.3563718,-912396739.4296772,-912242416.792484,-912070489.8940364,-911879033.3948548,-911669669.120147,-912168477.0953746,0.0
2876.0,24409920.05790288,24444533.832468007,24479212.33147023,24513955.65714913,24548763.910998285,24583637.19373885,24618575.605293058,24653579.244756628,24688648.21037089,24723782.599494148,24758982.50857241,24794248.03310947,24829579.26763632,24864976.30567988,24900439.239731103,24935968.16121225,24971563.16044358,25007224.32660917,25042951.74772208,25078745.510588817,25114605.7007728,25150532.402557302,25186525.698907435,25222585.6714313,25258712.40034042,25294905.964409173,25331166.44093354,25367493.905688766,25403888.43288629,25440350.09512968,25476878.96336968,25513475.10685825,25550138.59310171,25586869.48781282,25623667.85486198,25660533.756227307,25697467.25194368,25734468.40005084,25771537.256540257,25808673.87530108,25845878.30806482,25883150.60434902,25920490.811399687,25957898.974132665,25995375.13507365,26032919.33429725,26070531.60936453,26108211.99525953,26145960.524324387,26183777.226193305,26221662.12772496,26259615.25293388,26297636.62292029,26335726.25579852,26373884.16662425,26412110.36732012,26450404.86659996,26488767.669891626,26527198.77925821,26565698.19331794,26604265.907162286,26642901.912272755,26681606.196436,26720378.74365727,26759219.53407232,26798128.543857694,26837105.74513922,26876151.10589894,26915264.58988018,26954446.15649105,26993695.760706022,27033013.352965783,27072398.87907529,27111852.28009992,27151373.492259867,27190962.446822576,27230619.069993254,27270343.282803547,27310135.000998124,27349994.13491943,27389920.58939036,27429914.26359491,27469975.05095683,27510102.83901617,27550297.509303786,27590558.937213715,27630886.99187343,27671281.53601193,27711742.425825752,27752269.51084268,27792862.63378337,27833521.63042068,27874246.329436835,27915036.55227828,27955892.11300836,27996812.81815763,28037798.466571946,28078848.849258285,28119963.74922819,28161142.94133896,28202386.19213247,28243693.259671744,28285063.893375188,28326497.833848394,28367994.812713724,28409554.55243761,28451176.766155384,28492861.1574939,28534607.420391887,28576415.23891789,28618284.287086066,28660214.22866959,28702204.71701199,28744255.394836105,28786365.89405096,28828535.835556395,28870764.82904576,28913052.472806267,28955398.353517484,28997802.04604781,29040263.11324905,29082781.10574889,29125355.561741933,29167986.00677857,29210671.953552566,29253412.90168672,29296208.33751729,29339057.73387682,29381960.549875703,29424916.230682693,29467924.20730403,29510983.896361943,29554094.69987213,29597256.0050206,29640467.18394002,29683727.59348576,29727036.57501163,29770393.45414576,29813797.540566616,29857248.1277795,29900744.492893696,29944285.896400444,29987871.58195221,30031500.77614332,30075172.68829221,30118886.510225963,30162641.416067,30206436.562022515,30250271.08617712,30294144.108288776,30338054.72958877,30382002.03258591,30425985.08087561,30470002.918954115,30514054.57203865,30558139.04589394,30602255.32666549,30646402.38072067,30690579.15449769,30734784.57436389,30779017.546483144,30823276.95669404,30867561.670399163,30911870.5324663,30956202.36714285,31000555.977983914,31044930.14779554,31089323.63859387,31133735.19158151,31178163.52714214,31222607.344854902,31267065.32352961,31311536.12126444,31356018.37552733,31400510.703263044,31445011.70102728,31489519.945149507,31534033.991926964,31578552.377851,31623073.619868506,31667596.215680502,31712118.644079898,31756639.365331408,31801156.821596093,31845669.43740303,31890175.620171588,31934673.760787155,31979162.23423372,32023639.400286905,32068103.604271293,32112553.177885875,32156986.440102167,32201401.698139373,32245797.248521514,32290171.37822168,32334522.36589904,32378848.48323432,32423147.996370222,32467419.167463586,32511660.25635619,32555869.52237244,32600045.226251755,32644185.632225003,32688289.010244228,32732353.63837628,32776377.805371217,32820359.81341785,-901179825.7841527,-901158384.8902948,-901137006.329104,-901115691.6299608,-901094442.3594788,-901073260.1220204,-897820511.8836825,-897798068.3820034,-897775627.1110508,-897753189.2121956,-897730755.8573685,-904634727.0604956,-904612059.6060264,-904589387.486678,-904566711.4289284,-904544032.1164166,-903070566.648494,-903045576.469406,-903020599.5483572,-902995637.4758744,-902970691.7914988,-902945763.9677668,-901743627.9511204,-901716930.4518224,-901690191.0157878,-901663408.1201798,-901636579.938831,-901986808.269042,-901960833.8959703,-901934852.609948,-901908860.7105732,-901882853.8397472,-901856826.9132308,-903053947.5348057,-903026854.7833488,-902999692.4512882,-902972451.5415256,-902945121.9615504,-903245740.3693918,-903220503.6597328,-903195086.4700536,-903169468.1005216,-903143625.9262952,-903124904.4870734,-903098050.588586,-903070887.4447548,-903043383.0573463,-903015502.6675448,-902987208.5564704,-902980604.521315,-902953467.830688,-902925869.6723073,-902897758.017938,-902869076.1924496,-903169147.0188036,-903137191.7537562,-903104523.0444776,-903071069.421061,-903036753.5870004,-903645649.3379996,-903611959.9957416,-903577229.7022164,-903541346.2945352,-903504188.0107856,-903438324.2130228,-903399998.2449265,-903360034.855346,-903318256.327887,-903274470.6043944,-903228470.7152456,-904070310.3264408,-904021811.6971916,-903970508.3088028,-903916133.609914,-903858403.6890953,-903772205.781021,-903707147.156128,-903637558.7348268,-903563036.6068796,-903483145.2405736,-903132688.1281198,-903037901.1410916,-911607693.7874442,-911498963.7770164,-911381876.0183108,-911255285.3390898,-911117914.625064,-911869933.672946,-911705193.0009848,-911528834.6816026,-911349510.8246868,-911193516.9278766,-911916923.9529177,0.0
2875.0,24223357.00318705,24257659.77268501,24292027.693823785,24326460.8864133,24360959.46977167,24395523.562703364,24430153.28347686,24464848.74980173,24499610.07880535,24534437.38700892,24569330.790303048,24604290.4039228,24639316.34242214,24674408.71964782,24709567.648712672,24744793.24196841,24780085.610977724,24815444.86648584,24850871.118391383,24886364.475716747,24921925.046577647,24957552.9381522,24993248.2566492,25029011.107275806,25064841.59420454,25100739.82053952,25136705.88828209,25172739.89829561,25208841.950269643,25245012.142683256,25281250.57276776,25317557.336468384,25353932.52840557,25390376.24183502,25426888.56860735,25463469.59912663,25500119.42230826,25536838.12553589,25573625.79461759,25610482.51374103,25647408.36542789,25684403.430487312,25721467.78796837,25758601.51511177,25795804.687300496,25833077.37800949,25870419.65875451,25907831.599039786,25945313.26630485,25982864.725870304,26020486.04088256,26058177.272257533,26095938.478623275,26133769.71626162,26171671.03904863,26209642.498394,26247684.143179428,26285796.01969569,26323978.17157879,26362230.63974477,26400553.462323435,26438946.674590982,26477410.30890125,26515944.39461594,26554548.95803347,26593224.02231678,26631969.607419662,26670785.73001205,26709672.40340386,26748629.637467656,26787657.438560024,26826755.80944152,26865924.749195457,26905164.25314521,26944474.31277033,26983854.91562113,27023306.045232102,27062827.68103377,27102419.798263293,27142082.367873617,27181815.3564413,27221618.72607277,27261492.43430932,27301436.43403068,27341450.673357,27381535.09554964,27421689.638910297,27461914.236678865,27502208.816929683,27542573.302466568,27583007.61071616,27623511.65361995,27664085.33752495,27704728.563072734,27745441.22508709,27786223.21246042,27827074.40803847,27867994.68850382,27908983.92425789,27950041.97930154,27991168.71111439,28032363.97053265,28073627.601625662,28114959.44157112,28156359.320528943,28197827.06151396,28239362.480267152,28280965.38512588,28322635.57689273,28364372.848703265,28406176.98589272,28448047.76586141,28489984.957939308,28531988.32324946,28574057.61457046,28616192.57619811,28658392.94380615,28700658.44430619,28742988.795706995,28785383.706973,28827842.877882306,28870365.998884227,28912952.750956222,28955602.80546072,28998315.824001454,29041091.4582799,29083929.34995146,29126829.13048177,29169790.42100327,29212812.83217198,29255895.96402468,29299039.405836817,29342242.735980947,29385505.52178613,29428827.31939839,29472207.67364222,29515646.11788365,29559142.17389476,29602695.351719894,29646305.149544086,29689971.053563368,29733692.53785765,29777469.064266324,29821300.0822666,29865185.02885511,29909123.328433067,29953114.392694928,29997157.620521367,30041252.39787648,30085398.09770977,30129594.07986315,30173839.690983467,30218134.264440857,30262477.12025329,30306867.565017868,30351304.89184922,30395788.38032552,30440317.29644264,30484890.892576844,30529508.407456752,30574169.066145007,30618872.080030262,30663616.64683021,30708401.95060619,30753227.16179015,30798091.43722465,30842993.92021673,30887933.74060637,30932910.01485036,30977921.846122622,31022968.32443177,31068048.526756816,31113161.51720235,31158306.347173944,31203482.055575,31248687.669026468,31293922.202110287,31339184.65763837,31384474.02694793,31429789.29022531,31475129.41685929,31520493.36582585,31565880.08610601,31611288.51713874,31656717.589310706,31702166.224485043,31747633.336571395,31793117.832139444,31838618.61107868,31884134.56730672,31929664.589529414,31975207.56205546,32020762.36566901,32066327.8785636,32111902.97734129,32157486.53808092,32203077.43747989,32248674.55407413,32294276.769541245,32339882.97009241,32385492.04795884,32431102.90297915,32476714.44429497,32522325.59216181,32567935.27988398,32613542.45588241,32659146.08590512,-901394998.484624,-901370470.0736686,-901345944.9761105,-901321423.9272172,-901296907.6929648,-901272397.0704784,-897958032.9943383,-897931779.4679167,-897905473.8788689,-897879116.7018735,-897852708.4279296,-904716262.9328976,-904689578.1946472,-904662835.845132,-904636035.7755249,-904609177.810902,-903112271.6511952,-903082990.978617,-903053661.3993684,-903024283.2829138,-902994856.9081074,-902965382.4464349,-901735569.7730238,-901704087.2432733,-901672496.4805944,-901640794.7963932,-901608979.1864651,-901925007.8964876,-901893935.1256208,-901862786.531972,-901831557.4939058,-901800242.7686596,-901768836.4323636,-902970776.2607548,-902938239.8527672,-902905554.695377,-902872710.9254206,-902839697.6847844,-903117999.1923944,-903087055.9036832,-903055869.719296,-903024420.278859,-902992685.476492,-902964940.1966466,-902932075.7748488,-902898845.3407658,-902865218.6165584,-902831162.9046592,-902796642.927692,-902806058.4847124,-902772387.5519536,-902738193.8973652,-902703428.6703676,-902668038.969458,-902944990.507911,-902906154.2493156,-902866591.4767855,-902826239.9875008,-902785032.8701934,-903415495.2330604,-903374253.6341366,-903331962.6457524,-903288524.058236,-903243832.0037762,-903199998.3722916,-903153394.3969176,-903105159.4130664,-903055137.6085556,-903003161.9440378,-902949053.8965696,-903782711.6004794,-903725955.3192472,-903666543.9834396,-903604250.554794,-903538834.3643204,-903445874.5022624,-903373296.915133,-903296629.8486862,-903215549.4124374,-903129706.7942052,-902771053.857115,-902672859.5223511,-911238450.6958766,-911127248.5545368,-911008625.575498,-910881646.018602,-910745343.5841537,-911498720.7906636,-911338767.3785588,-911170690.56298,-911004414.467316,-910866360.950083,-911647306.5188545,0.0
2874.0,24015554.76842388,24049518.895080075,24083548.592728395,24117643.99925807,24151805.25233533,24186032.48938615,24220325.84757869,24254685.463805314,24289111.47466413,24323604.01644017,24358163.225086182,24392789.236202903,24427482.185018897,24462242.20637013,24497069.43467876,24531964.003931813,24566926.04765916,24601955.698911097,24637053.090235464,24672218.35365425,24707451.620639674,24742753.022089828,24778122.68830372,24813560.748955883,24849067.33307041,24884642.56899444,24920286.584371146,24955999.50611213,24991781.460369263,25027632.572505973,25063552.96706798,25099542.76775335,25135602.09738212,25171731.077865083,25207929.830172285,25244198.474300608,25280537.12924087,25316945.91294427,25353424.942288257,25389974.333041582,25426594.1998289,25463284.656094525,25500045.814065654,25536877.784714803,25573780.67772165,25610754.60143408,25647799.662828643,25684915.96747016,25722103.619470768,25759362.721448094,25796693.37448279,25834095.678075325,25871569.73010192,25909115.62676988,25946733.4625721,25984423.330240726,26022185.32070017,26060019.523019303,26097926.02436276,26135904.90994164,26173956.262963243,26212080.164580066,26250276.69383805,26288545.927623853,26326887.940611538,26365302.805208188,26403790.591498926,26442351.36719093,26480985.1975567,26519692.145376507,26558472.270879947,26597325.63168672,26636252.28274654,26675252.27627818,26714325.66170772,26753472.485606,26792692.79162508,26831986.62043408,26871354.00965397,26910794.99379176,26950309.604173604,26989897.868877336,27029559.812664043,27069295.45690888,27109104.81953104,27148987.914923005,27188944.75387895,27228975.343522444,27269079.68723328,27309257.78457369,27349509.631213743,27389835.21885601,27430234.53515964,27470707.56366356,27511254.283709217,27551874.67036251,27592568.694335222,27633336.32190574,27674177.51483931,27715092.23030761,27756080.420807987,27797142.034082025,27838277.01303377,27879485.29564744,27920766.814904884,27962121.49870256,28003549.2697683,28045050.04557775,28086623.73827061,28128270.254566744,28169989.495682128,28211781.357244715,28253645.72921041,28295582.495778933,28337591.53530989,28379672.720239025,28421825.91699468,28464050.985914603,28506347.781163137,28548716.150648907,28591155.935943,28633666.97219787,28676249.08806688,28718902.10562481,28761625.84028911,28804420.10074233,28847284.68885563,28890219.39961351,28933224.021039966,28976298.33412607,29019442.11275921,29062655.12365406,29105937.126285408,29149287.87282305,29192707.108068824,29236194.569396008,29279749.98669117,29323373.08229865,29367063.57096805,29410821.15980445,29454645.54822199,29498536.42790089,29542493.48274796,29586516.38886091,29630604.814496703,29674758.42004425,29718976.858001303,29763259.77295637,29807606.80157544,29852017.57259384,29896491.70681376,29941028.817107443,29985628.50842637,30030290.37781689,30075014.01444239,30119798.999612547,30164644.906819675,30209551.301782936,30254517.742500283,30299543.77930887,30344628.954954192,30389772.804668177,30434974.856256858,30480234.63019792,30525551.63974857,30570925.39106417,30616355.38332806,30661841.10889312,30707382.053435475,30752977.69612089,30798627.50978444,30844330.961123787,30890087.510906987,30935896.614195127,30981757.720580425,31027670.274440683,31073633.7152104,31119647.47766963,31165710.992251024,31211823.685365945,31257984.979750533,31304194.29483248,31350451.04711934,31396754.65060973,31443104.51722784,31489500.05728291,31535940.67995443,31582425.793804564,31628954.80731888,31675527.1294772,31722142.17035559,31768799.341761705,31815498.057904888,31862237.73610325,31909017.797529817,31955837.66800004,32002696.77880331,32049594.567581497,32096530.47925729,32143503.96701613,32190514.49334549,32237561.53113574,32284644.56484726,32331763.09174938,32378916.62323668,32426104.68622944,32473326.8246656,-901603105.2723924,-901575469.0843863,-901547780.019378,-901520038.100811,-901492243.378144,-901464395.9273592,-898088583.5129199,-898058619.277071,-898028552.6515927,-897998383.5406436,-897968111.8573354,-904792543.696091,-904761990.435721,-904731331.337466,-904700565.6595496,-904669692.5882185,-903155320.7236208,-903121960.1471713,-903088494.6163712,-903054923.5857856,-903021246.4079918,-902987462.318746,-901729201.0836028,-901693249.786353,-901657135.5114052,-901620855.095536,-901584405.1022358,-901870613.2726444,-901834843.53557,-901798946.1792576,-901762916.8355086,-901726750.6401097,-901690442.1876316,-902896883.3341326,-902859421.7729708,-902821758.2115616,-902783883.7223558,-902745788.6114208,-903000579.1260884,-902964613.8992136,-902928381.0594084,-902891863.1451182,-902855041.2957397,-902819679.3556705,-902781722.4505773,-902743395.5451584,-902704673.5342256,-902665529.4345264,-902625934.2705232,-902648058.0325216,-902608966.6391182,-902569364.492113,-902529211.0488802,-902488462.611498,-902745171.3777626,-902700990.5482872,-902656162.8089612,-902610640.6182898,-902564373.0381444,-903211048.3181896,-903164091.0341986,-903116200.9137844,-903067301.570891,-903017311.1465132,-902994598.4783856,-902942190.5020694,-902888340.6044784,-902832926.2863452,-902775817.1729366,-902716875.01574,-903539635.1730952,-903478078.5793192,-903414251.4336678,-903347977.3242066,-903279070.560286,-903184027.9968512,-903108933.2254684,-903030527.2546874,-902948588.4167812,-902862883.6624722,-902503431.9640625,-902408301.900792,-910973374.1700256,-910867483.0619118,-910755945.2550968,-910638107.96222,-910513216.8946096,-911275789.87739,-911130674.0708663,-910975901.037182,-910812718.4787292,-910647248.0934258,-911368802.2329807,0.0
2873.0,23787050.975261938,23820650.00164409,23854315.005326148,23888046.142647352,23921843.57000397,23955707.44383701,23989637.920619644,24023635.156844344,24057699.30900962,24091830.533606563,24126028.987105068,24160294.825939663,24194628.206495102,24229029.2850916,24263498.217969727,24298035.16127504,24332640.271042246,24367313.70317928,24402055.613450646,24436866.15746082,24471745.490637,24506693.76821165,24541711.145204723,24576797.77640527,24611953.816353034,24647179.41931938,24682474.73928796,24717839.92993505,24753275.14460937,24788780.53631163,24824356.25767365,24860002.46093705,24895719.29793153,24931506.9200528,24967365.478240088,25003295.122953244,25039296.004149333,25075368.271258943,25111512.073161986,25147727.55816312,25184014.87396672,25220374.1676514,25256805.58564411,25293309.27369392,25329885.376845088,25366534.039409984,25403255.40494141,25440049.616204467,25476916.81514811,25513857.14287609,25550870.73961756,25587957.7446972,25625118.29650489,25662352.532464966,25699660.589004915,25737042.601523824,25774498.70436016,25812029.030759294,25849633.712840464,25887312.881563257,25925066.66669383,25962895.19677051,26000798.59906909,26038776.999567542,26076830.52291046,26114959.29237304,26153163.429824505,26191443.05569135,26229798.288919985,26268229.24693905,26306736.04562136,26345318.79924544,26383977.62045664,26422712.62022798,26461523.907820538,26500411.59074355,26539375.77471416,26578416.56361681,26617534.059462413,26656728.362347063,26695999.57041069,26735347.779795185,26774773.08460252,26814275.57685243,26853855.34644006,26893512.481093228,26933247.06632972,26973059.185414188,27012948.919315163,27052916.34666182,27092961.543700617,27133084.58425204,27173285.5396672,27213564.4787844,27253921.467885904,27294356.57065454,27334869.8481306,27375461.35866877,27416131.157895274,27456879.29866512,27497705.8310198,27538610.80214504,27579594.256329063,27620656.23492116,27661796.77629065,27703015.915786427,27744313.68569688,27785690.11521051,27827145.23037713,27868679.054069843,27910291.60594752,27951982.902418423,27993752.95660449,28035601.778306607,28077529.3739709,28119535.746656112,28161620.89600214,28203784.81819976,28246027.5059617,28288348.94849516,28330749.13147564,28373228.0370225,28415785.64367605,28458421.926376488,28501136.85644451,28543930.40156408,28586802.52576701,28629753.189419765,28672782.34921258,28715889.95815081,28759075.96554877,28802340.317026168,28845682.954507247,28889103.81622264,28932602.836714312,28976179.946843345,29019835.07380114,29063568.14112369,29107379.06870955,29151267.77284112,29195234.166209865,29239278.157945234,29283399.65364769,29327598.555425785,29371874.761937533,29416228.16843625,29460658.666821,29505166.14569164,29549750.49040883,29594411.583159115,29639149.30302505,29683963.52606081,29728854.12537309,29773820.97120788,29818863.931042787,29863982.86968547,29909177.649378035,29954448.12990778,29999794.16872411,30045215.62106227,30090712.34007345,30136284.17696187,30181930.98112861,30227652.600322764,30273448.88079942,30319319.66748526,30365264.80415136,30411284.133593537,30457377.497820392,30503544.73824891,30549785.695907995,30596100.211649764,30642488.126368817,30688949.28122952,30735483.51790129,30782090.67880201,30828770.607349545,30875523.148221523,30922348.147623166,30969245.45356341,31016214.916139275,31063256.387828425,31110369.72379002,31157554.782173824,31204811.4244376,31252139.51567283,31299538.92493887,31347009.525605407,31394551.19570358,31442163.818285663,31489847.281793635,31537601.48043673,31585426.314578395,31633321.69113284,31681287.523971964,31729323.734342843,31777430.25129678,31825607.012130845,31873853.96284272,31922171.05860044,31970558.26422854,32019015.55471251,32067542.915723704,32116140.34416768,32164807.8487589,32213545.45062577,32262353.1839502,-901806597.1605868,-901775886.3330132,-901745069.8531663,-901714147.1175414,-901683117.546061,-901651980.582839,-898216036.503745,-898182514.3974928,-898148844.1111959,-898115025.0961629,-898081056.8134575,-904868080.9926716,-904833863.4906276,-904799497.5521564,-904764982.0385864,-904730315.7512366,-903204359.7489092,-903167190.285655,-903129867.2175512,-903092389.4421943,-903054755.7724416,-903016964.9258558,-901730179.9820868,-901690147.6496794,-901649910.3959028,-901609465.2707534,-901568809.1406476,-901829892.670904,-901789907.5355604,-901749761.09692,-901709450.3139484,-901668971.8439049,-901628322.0158854,-902838811.3808694,-902797030.0637484,-902755019.6821125,-902712773.794686,-902670285.5138264,-902900803.7120404,-902860571.816701,-902820083.0187716,-902779324.8262268,-902738283.8044846,-902696818.7173651,-902654738.3830334,-902612331.120622,-902569579.5937868,-902526465.2423354,-902482968.2129157,-902514326.730707,-902470968.5562952,-902427175.4190824,-902382918.8268164,-902338168.1799822,-902577872.9563656,-902529839.839435,-902481312.6325686,-902432261.7053064,-902382655.3632072,-903040340.7015898,-902989428.4851084,-902937797.7504812,-902885398.5029066,-902832177.4094124,-902829546.8392024,-902773647.1326152,-902716635.2177136,-902658428.3130438,-902598938.937467,-902538075.101475,-903347151.3570764,-903283822.0055898,-903218772.9362812,-903151883.5577916,-903083028.7305264,-902990219.7767938,-902916723.0102504,-902840903.0828916,-902762648.0648344,-902681851.6912704,-902326784.5499249,-902239679.0009748,-910806993.4112344,-910712197.7742214,-910613991.0981356,-910512011.8842436,-910405636.4013174,-911182910.9266616,-911059867.684644,-910923851.9828272,-910764536.3268068,-910561424.6067848,-911160947.5972195,0.0
2872.0,23538391.399812706,23571599.961328126,23604874.88724565,23638216.352571,23671624.53265482,23705099.60318549,23738641.74018169,23772251.119984776,23805927.919250943,23839672.31494323,23873484.48432336,23907364.60494326,23941312.854636624,23975329.41150997,24009414.453933746,24043568.160533085,24077790.710178524,24112082.28197627,24146443.05525849,24180873.20957328,24215372.924674425,24249942.38051105,24284581.75721689,24319291.235099506,24354070.99462921,24388921.216427792,24423842.081257056,24458833.77000711,24493896.463684443,24529030.343399808,24564235.59035593,24599512.38583485,24634860.91118529,24670281.34780959,24705773.877150506,24741338.68067786,24776975.93987492,24812685.836224534,24848468.55119516,24884324.26622658,24920253.16271544,24956255.422000725,24992331.22534877,25028480.753938287,25064704.18884516,25101001.71102694,25137373.501307297,25173819.74036017,25210340.60869385,25246936.286634725,25283606.95431108,25320352.791636463,25357173.97829318,25394070.69371537,25431043.117072087,25468091.427250206,25505215.8028372,25542416.422103737,25579693.46298625,25617047.103069324,25654477.519567948,25691984.88930985,25729569.38871752,25767231.19379031,25804970.48008644,25842787.422704875,25880682.1962674,25918654.9749003,25956705.93221643,25994835.24129692,26033043.07467319,26071329.6043089,26109695.0015818,26148139.437265925,26186663.081513632,26225266.10383792,26263948.67309472,26302710.95746545,26341553.124439683,26380475.340797994,26419477.77259504,26458560.585142847,26497723.94299443,26536968.009927586,26576292.94892908,26615698.922179163,26655186.09103643,26694754.616023075,26734404.656810664,26774136.37220621,26813949.92013898,26853845.457647525,26893823.140867576,26933883.125020403,26974025.564401794,27014250.612371814,27054558.42134519,27094949.142782617,27135422.92718261,27175979.9240746,27216620.28201252,27257344.14856969,27298151.67033452,27339042.9929073,27380018.26089813,27421077.61792601,27462221.20661918,27503449.16861661,27544761.64457099,27586158.774153043,27627640.696057267,27669207.54800929,27710859.466774683,27752596.58816961,27794419.047072973,27836326.977440607,27878320.512321103,27920399.783873767,27962564.9233884,28004816.061307337,28047153.32724956,28089576.850037053,28132086.757723488,28174683.177625347,28217366.236355457,28260136.05985913,28302992.773452964,28345936.501866303,28388967.369285583,28432085.49940157,28475291.01545947,28518584.04031229,28561964.696477164,28605433.106194988,28648989.39149344,28692633.67425324,28736366.076278023,28780186.71936772,28824095.725395545,28868093.21638872,28912179.314613,28956354.142660983,29000617.823544472,29044970.48079066,29089412.2385424,29133943.22166269,29178563.555843107,29223273.367716603,29268072.78497436,29312961.93648701,29357940.952430125,29403009.96441384,29448169.10561693,29493418.51092507,29538758.317073345,29584188.662793,29629709.68896234,29675321.53876176,29721024.35783275,29766818.294440955,29812703.4996429,29858680.12745653,29904748.335035257,29950908.282845348,29997160.134846486,30043504.058675315,30089940.22583165,30136468.811867047,30183089.99657558,30229803.964186262,30276610.903557014,30323511.008369423,30370504.477324177,30417591.51433648,30464772.328731,30512047.13543579,30559416.1551745,30606879.614656337,30654437.74676299,30702090.790731765,30749838.99233419,30797682.60404921,30845621.88523004,30893657.102263834,30941788.528723035,30990016.44550756,31038341.14097641,31086762.91106809,31135282.05940799,31183898.89740221,31232613.74431604,31281426.927336268,31330338.78161563,31379349.650298465,31428459.88452614,31477669.84342099,31526979.894047644,31576390.41135045,31625901.77806613,31675514.38461058,31725228.628938846,31775044.91637819,31824963.659433164,31874985.27756303,31925110.196931724,31975338.85013062,32025671.675875694,-902007948.2642994,-901974243.8575336,-901940384.8836668,-901906370.1974896,-901872198.676896,-901837869.2241094,-898344091.9712851,-898307210.5113814,-898270140.0250417,-898232879.6402233,-898195428.50386,-904947101.5958184,-904909470.367441,-904871654.3159332,-904833652.1504272,-904795462.5482948,-903263603.679994,-903222944.4644196,-903182091.1624532,-903141042.4828708,-903099797.0925068,-903058353.6117598,-901743549.5155843,-901699874.1197568,-901655964.8175806,-901611819.4813564,-901567435.924748,-901808241.3031112,-901764570.1306862,-901720721.2333308,-901676693.7543572,-901632486.7734908,-901588099.3006598,-902802069.2370518,-902756615.9410768,-902710930.3476386,-902665009.6533806,-902618850.9777492,-902824688.1533686,-902780956.3610096,-902737008.2604724,-902692837.7547553,-902648438.312216,-902602375.1670167,-902557113.1005638,-902511604.4926262,-902465841.374558,-902419815.2390226,-902373517.0094948,-902410743.3831736,-902364215.5831516,-902317377.8394276,-902270215.9092208,-902222714.5130218,-902448819.0064996,-902398268.502112,-902347426.5628352,-902296282.7152256,-902244825.6497518,-902908813.528335,-902855498.9107084,-902801745.8435208,-902747532.280874,-902692834.7169312,-902709181.6343744,-902651769.109922,-902593666.7047688,-902534833.2443204,-902475225.5450008,-902414798.7006848,-903207548.7649112,-903144869.6377802,-903081118.7667532,-903016231.058286,-902950141.2799424,-902863129.5481528,-902794250.7617688,-902724117.436854,-902652718.3346616,-902580063.991098,-902232580.00748,-902156663.0575678,-910727875.0544858,-910647624.7906184,-910566304.4645324,-910483885.0556724,-910400009.3138894,-911195645.2822796,-911100967.0405529,-910993900.599054,-910858250.7215766,-910657335.926426,-911169978.9709492,0.0
2871.0,23270128.163324207,23302921.901983764,23335782.365908064,23368709.748818632,23401704.24507402,23434766.049667705,23467895.358225867,23501092.367005125,23534357.27289016,23567690.27339122,23601091.566641714,23634561.35139546,23668099.827024102,23701707.19351435,23735383.65146507,23769129.40208445,23802944.647187,23836829.58919049,23870784.431112822,23904809.376568865,23938904.62976714,23973070.39550657,24007306.87917301,24041614.286735885,24075992.82474461,24110442.700325057,24144964.12117597,24179557.295565207,24214222.432326164,24248959.74085388,24283769.43110132,24318651.713575523,24353606.799333777,24388634.8999796,24423736.22765896,24458910.995056298,24494159.41539053,24529481.702411123,24564878.07039416,24600348.734138284,24635893.90896091,24671513.81069409,24707208.65568075,24742978.66077076,24778824.04331704,24814745.021171782,24850741.81268276,24886814.63668952,24922963.712519843,24959189.25998617,24995491.499382146,25031870.651479267,25068326.93752364,25104860.579232834,25141471.798792902,25178160.81885554,25214927.86253535,25251773.153407373,25288696.91550469,25325699.37331634,25362780.75178532,25399941.276306905,25437181.172727216,25474500.66734201,25511899.98689568,25549379.35858071,25586939.01003733,25624579.16935348,25662300.0650653,25700101.92615769,25737984.9820656,25775949.46267544,25813995.59832719,25852123.619816724,25890333.75839884,25928626.245790627,25967001.314175464,26005459.196207628,26044000.125017248,26082624.334216308,26121332.057904825,26160123.530678064,26198998.987634275,26237958.664383247,26277002.79705564,26316131.622313067,26355345.377359137,26394644.29995122,26434028.628413327,26473498.60164975,26513054.45915987,26552696.4410539,26592424.788069777,26632239.74159105,26672141.543666147,26712130.437028658,26752206.66511895,26792370.47210715,26832622.10291738,26872961.80325341,26913389.81962588,26953906.39938081,26994511.790729955,27035206.242782447,27075990.005578388,27116863.33012397,27157826.468428496,27198879.673543114,27240023.19960159,27281257.30186289,27322582.23675588,27363998.261926,27405505.6362842,27447104.620057937,27488795.474844467,27530578.463666573,27572453.851030465,27614421.90298629,27656482.8871911,27698637.07297436,27740884.731406137,27783226.135367963,27825661.55962642,27868191.280909654,27910815.577986594,27953534.73174932,27996349.02529821,28039258.74403032,28082264.175730743,28125365.610667214,28168563.34168785,28211857.6643222,28255248.87688552,28298737.28058652,28342323.179638263,28386006.88137273,28429788.69635852,28473668.938522305,28517647.925273463,28561725.97763235,28605903.42036204,28650180.58210337,28694557.79551365,28739035.3974086,28783613.728907704,28828293.135583047,28873073.96761116,28917956.579928257,28962941.33238852,29008028.589925367,29053218.72271562,29098512.10634641,29143909.121984657,29189410.156549,29235015.60288385,29280725.859935544,29326541.332930133,29372462.433552667,29418489.58012763,29464623.1978002,29510863.718717936,29557211.58221257,29603667.23498132,29650231.13126729,29696903.73303874,29743685.510166,29790576.940596104,29837578.51052408,29884690.714560226,29931914.05589276,29979249.04644488,30026696.207025263,30074256.06747137,30121929.16678412,30169716.053253114,30217617.28457124,30265633.427937105,30313765.06014453,30362012.767657008,30410377.1466662,30458858.80313256,30507458.352806468,30556176.421228167,30605013.643704545,30653970.66526064,30703048.1405642,30752246.73382053,30801567.11863583,30851009.977846213,30900576.00331027,30950265.89566209,31000080.364022512,31050020.125665348,31100085.905635893,31150278.436318632,31200598.45695101,31251046.71308026,31301623.9559597,31352330.94188168,31403168.43144353,31454137.18874341,31505237.98050266,31556471.57511155,31607838.741595265,31659340.24849705,31710976.86267597,31762749.34801634,-902209600.6704576,-902173025.908176,-902136251.837046,-902099276.8533376,-902062099.3783326,-902024717.860227,-898476220.4875304,-898436215.8298638,-898395986.4672215,-898355531.3343319,-898314849.4017693,-905033489.762946,-904992731.5969286,-904951758.6568104,-904910569.7282726,-904869163.6064676,-903336783.935154,-903292989.025542,-903248967.93418,-903204719.5196168,-903160242.6609492,-903115536.2604396,-901773667.9337752,-901726815.7908012,-901679712.8456537,-901632358.2633952,-901584751.2955576,-901810110.6235566,-901763298.5331652,-901716307.1318976,-901669138.310866,-901621794.1521356,-901574276.9420246,-902791061.534124,-902742584.0582424,-902693890.4574353,-902644982.2365564,-902595861.1997324,-902776896.296538,-902730390.4957074,-902683731.0134958,-902636918.868278,-902589955.1505008,-902540692.8049294,-902493098.3139756,-902445362.7806509,-902397488.2026564,-902349476.6892378,-902301330.4607874,-902341381.0114836,-902292646.7878798,-902243759.3646733,-902194719.454165,-902145527.7259448,-902361462.0757096,-902309492.241722,-902257459.2282876,-902205371.2860836,-902153236.8766252,-902819548.5745506,-902765085.3615156,-902710496.8853252,-902655788.161701,-902600964.2538322,-902635123.3567016,-902577731.4021318,-902520116.3766304,-902462276.9359412,-902404211.7341864,-902345919.6803696,-903120041.9625309,-903059741.8586978,-902999051.196074,-902937955.256816,-902876442.3475896,-902797796.4776334,-902735397.8487396,-902672779.3297071,-902610006.7158418,-902547178.7621,-902208769.0475148,-902145392.0743498,-910721050.6720892,-910656497.4951382,-910593022.3705708,-910531011.3004942,-910470685.6763176,-911286402.8132738,-911224780.2244848,-911158574.6787318,-911075891.26545,-910947141.6724372,-911542024.7503246,0.0
2870.0,22982818.08588724,23015173.5667645,23047596.09974233,23080085.89713027,23112643.172167327,23145268.139024977,23177961.012810204,23210722.009568453,23243551.34628672,23276449.24089655,23309415.91227727,23342451.580259,23375556.46562592,23408730.79011941,23441974.776441377,23475288.648257524,23508672.63020071,23542126.94787443,23575651.82785615,23609247.49770101,23642914.18594532,23676652.12211024,23710461.536705565,23744342.66123361,23778295.72819306,23812320.971082963,23846418.62440697,23880588.923677467,23914832.1054199,23949148.407177243,23983538.067514632,24018001.32602396,24052538.42332884,24087149.60108948,24121835.1020079,24156595.169833235,24191430.04936718,24226339.986469656,24261325.228064667,24296386.022146303,24331522.61778508,24366735.26513428,24402024.21543672,24437389.721031703,24472832.03536213,24508351.412982043,24543948.10956424,24579622.38190837,24615374.48794919,24651204.686765227,24687113.238587663,24723100.40480972,24759166.44799623,24795311.631893657,24831536.221440587,24867840.48277845,24904224.68326279,24940689.09147498,24977233.97723428,25013859.611610483,25050566.266937062,25087354.21682472,25124223.73617557,25161175.10119788,25198208.58942133,25235324.47971292,25272523.05229348,25309804.58875488,25347169.37207781,25384617.686650373,25422149.81828732,25459766.054250088,25497466.68326762,25535251.99555786,25573122.282850336,25611077.838409405,25649118.957058407,25687245.93520494,25725459.07086677,25763758.66369908,25802145.015022498,25840618.427852303,25879179.206928704,25917827.658748265,25956564.09159647,25995388.81558156,26034302.1426695,26073304.38672042,26112395.86352623,26151576.890849654,26190847.78846471,26230208.878198616,26269660.483975228,26309202.931859966,26348836.550106432,26388561.669204537,26428378.62193049,26468287.74339832,26508289.371113326,26548383.845027395,26588571.507595982,26628852.70383733,26669227.78139338,26709697.09059297,26750260.98451696,26790919.819065534,26831673.953027785,26872523.74815344,26913469.56922686,26954511.784143623,26995650.763989165,27036886.883120235,27078220.519248582,27119652.053527374,27161181.870640174,27202810.35889256,27244537.910306554,27286364.920717712,27328291.78987507,27370318.92154396,27412446.723611686,27454675.60819626,27497005.991757896,27539438.29521383,27581972.944055863,27624610.36847132,27667351.00346684,27710195.28899544,27753143.670086782,27796196.59698052,27839354.525262784,27882617.91600604,27925987.235911865,27969462.957457155,28013045.55904327,28056735.52514844,28100533.346483234,28144439.52014898,28188454.54979934,28232578.94580468,28276813.225419376,28321157.912951805,28365613.53993704,28410180.645312093,28454859.77559345,28499651.48505704,28544556.33592005,28589574.89852485,28634707.751524378,28679955.48206905,28725318.68599493,28770797.968012583,28816393.94189663,28862107.23067551,28907938.46682108,28953888.29243754,28999957.35944955,29046146.329788662,29092455.87557781,29138886.6793132,29185439.4340429,29232114.843541708,29278913.62248123,29325836.49659476,29372884.202835787,29420057.489529565,29467357.11651649,29514783.855286453,29562338.48910299,29610021.81311608,29657834.634462263,29705777.77235084,29753852.05813456,29802058.33536351,29850397.459820267,29898870.29953486,29947477.734777424,29996220.65802688,30045099.973913297,30094116.599131845,30143271.462326,30192565.503937483,30241999.676020373,30291574.942016505,30341292.276489355,30391152.66481325,30441157.10281471,30491306.5963624,30541602.160902184,30592044.82093361,30642635.609423514,30693375.567153,30744265.74199327,30795307.18810572,30846500.96506176,30897848.136877287,30949349.77095684,31001006.936942004,31052820.70545878,31104792.146758057,31156922.32924369,31209212.31788177,31261663.172485497,31314275.945869014,31367051.68186412,31419991.41319345,31473096.1591936,-902413917.1883774,-902374631.577114,-902335106.2774218,-902295339.3055784,-902255328.706779,-902215072.5578936,-898615618.6270472,-898572756.5036435,-898529639.195231,-898486265.5626497,-898442634.5254452,-905130743.3863196,-905087171.105059,-905043360.3968492,-904999310.3151468,-904955019.972576,-903427113.5289096,-903380558.4768548,-903333753.2063532,-903286697.0010678,-903239389.239685,-903191829.405904,-901824170.5551049,-901774615.2691418,-901724802.6395704,-901674733.4167358,-901624408.5868152,-901838987.89224,-901789566.6704895,-901739975.7954208,-901690220.1406752,-901640305.0160162,-901590236.1976472,-902809083.5746354,-902758193.0186611,-902707116.1185015,-902655858.858328,-902604427.8688036,-902760781.6532196,-902712145.050652,-902663430.32475,-902614645.6489868,-902565799.7327598,-902514556.44523,-902465338.840536,-902416097.7009056,-902366844.6936972,-902317592.1675673,-902268353.173148,-902308663.090544,-902258497.6609873,-902208349.2546928,-902158232.9527164,-902108164.648449,-902317296.7389084,-902264723.8398277,-902212318.954151,-902160107.3648072,-902108115.4016104,-902773626.5538912,-902718921.3263946,-902664407.1112708,-902610113.3501704,-902556070.6416248,-902606781.818136,-902550444.2807428,-902494351.2186846,-902438536.7296972,-902383036.160681,-902327886.190618,-903081570.6887804,-903024668.8603642,-902968036.7361217,-902911701.3185452,-902855693.7411172,-902786902.9014242,-902731750.6740384,-902677292.1422046,-902623636.975196,-902570931.1928548,-902241705.3536276,-902190621.7045882,-910770316.4896238,-910720630.965548,-910673722.882488,-910630432.1014754,-910591806.391059,-911426697.5093452,-911398555.0987282,-911379164.958376,-911368963.3304862,-911366243.1167728,-912227740.4051567,0.0
2869.0,22677021.20217089,22708915.83388834,22740877.80210953,22772907.3374204,22805004.67162547,22837170.03775571,22869403.67007668,22901705.80409668,22934076.67657515,22966516.525531065,22999025.59025157,23031604.111300766,23064252.33052845,23096970.49107936,23129758.83740215,23162617.615258943,23195547.071734704,23228547.45524705,23261619.015556045,23294762.003774326,23327976.672377337,23361263.2752138,23394622.06751639,23428053.305912632,23461557.24843596,23495134.15453713,23528784.285095785,23562507.90243224,23596305.27031964,23630176.65399625,23664122.32017815,23698142.53707211,23732237.57438882,23766407.7033564,23800653.19673424,23834974.328827176,23869371.375500005,23903844.614192303,23938394.323933654,23973020.785359297,24007724.280726045,24042505.0939287,24077363.51051684,24112299.8177121,24147314.304425783,24182407.26127707,24217578.980611525,24252829.75652035,24288159.88485986,24323569.66327168,24359059.391203444,24394629.369929984,24430279.90257516,24466011.294134323,24501823.851497225,24537717.88347188,24573693.70080868,24609751.616225496,24645891.94443346,24682115.002163205,24718421.10819218,24754810.58337257,24791283.75065997,24827840.93514297,24864482.46407356,24901208.666898377,24938019.875290863,24974916.423184365,25011898.646806136,25048966.88471237,25086121.47782424,25123362.76946493,25160691.10539781,25198106.8338656,25235610.30563085,25273201.874017347,25310881.89495299,25348650.72701366,25386508.73146852,25424456.272326555,25462493.71638449,25500621.433276027,25538839.79552256,25577149.17858533,25615549.960919097,25654042.52402729,25692627.25251878,25731304.53416629,25770074.75996642,25808938.32420139,25847895.624502555,25886947.06191567,25926093.040968057,25965333.96973754,26004670.25992344,26044102.326919425,26083630.589888457,26123255.47183976,26162977.399707925,26202796.80443415,26242714.121049665,26282729.7887615,26322844.25104044,26363057.955711383,26403371.35504609,26443784.90585837,26484299.06960175,26524914.31246961,26565631.105498075,26606449.92467128,26647371.251029503,26688395.570779912,26729523.375410028,26770755.161804065,26812091.43236197,26853532.695121467,26895079.463882867,26936732.25833686,26978491.6041952,27020358.03332447,27062332.08388273,27104414.300459247,27146605.234217245,27188905.44303967,27231315.491678007,27273835.951904166,27316467.402665388,27359210.43024218,27402065.62840923,27445033.59859937,27488114.950070467,27531310.300075103,27574620.27403336,27618045.505708106,27661586.63738328,27705244.320044626,27749019.213563,27792911.9868802,27836923.318197083,27881053.895163715,27925304.4150718,27969675.58504868,28014168.122253235,28058782.754073083,28103520.218323004,28148381.26344438,28193366.64870532,28238477.14440107,28283713.53205459,28329076.60461666,28374567.166665457,28420186.034604803,28465934.03686092,28511812.01407705,28557820.819305405,28603961.31819584,28650234.38918078,28696640.923655443,28743181.826152887,28789858.014512934,28836670.420044195,28883619.98767825,28930707.676115125,28977934.45795875,29025301.31984167,29072809.26253749,29120459.30105998,29168252.464747243,29216189.797329992,29264272.356981628,29312501.21634928,29360877.4625634,29409402.19722444,29458076.53636449,29506901.610381685,29555878.56394526,29605008.555868834,29654292.758949343,29703732.359768987,29753328.55845728,29803082.568410307,29852995.61596382,29903068.94001696,29953303.79160294,30003701.43340297,30054263.13919936,30104990.193263493,30155883.8896748,30206945.531565096,30258176.43028427,30309577.9044816,30361151.279097337,30412897.884259053,30464819.05407639,30516916.125328194,30569190.436035182,30621643.3239114,30674276.12468708,30727090.17029535,30780086.78691492,30833267.29286047,30886632.996311985,30940185.19287438,30993925.16295776,31047854.168968946,31101973.452304,31156284.23013166,-902623141.8702868,-902581335.3404406,-902539253.1805016,-902496893.0980176,-902454252.8349016,-902411330.1711704,-898765175.7014476,-898719743.5222303,-898674030.7174885,-898628036.1723927,-898581758.8573166,-905241944.0738348,-905195886.45373,-905149572.5827416,-905103001.9192468,-905056174.0337846,-903537270.0215324,-903488338.888174,-903439140.7462928,-903389675.4922062,-903339943.1951822,-903289944.114317,-901897962.6356914,-901846166.2128228,-901794113.889432,-901741808.098731,-901689251.6485044,-901897422.704495,-901845886.7156717,-901794197.6993518,-901742363.4226174,-901690392.303017,-901638293.4522984,-902858374.8503516,-902805616.9750535,-902752709.7162428,-902699663.2469674,-902646488.6767296,-902778498.0603396,-902728262.1739932,-902678027.316908,-902627808.2652806,-902577620.7238024,-902525386.100208,-902475086.1149424,-902424879.46149,-902374786.4597826,-902324828.5755188,-902275028.4543992,-902313605.0579674,-902262566.2050216,-902211710.9052442,-902161067.022118,-902110663.9205202,-902316246.1486928,-902263591.2567928,-902211319.0916636,-902159469.4578124,-902108083.8415576,-902770555.7515774,-902716157.0978136,-902662243.5352724,-902608865.2562296,-902556074.369752,-902621931.9180648,-902567180.4405754,-902513105.3843344,-902459770.4022304,-902407240.953008,-902355584.075464,-903087602.2044775,-903034452.2736908,-902982170.0291318,-902930813.806962,-902880444.7250462,-902821973.9562088,-902773892.4118794,-902727245.069702,-902682149.5861288,-902638753.8877416,-902317800.8172342,-902277538.1312026,-910860143.9793776,-910823013.0511068,-910789690.2139062,-910761358.0659823,-910739818.2327735,-911589784.5783814,-911588915.2721575,-911609860.38771,-911666376.7946408,-911786198.8571196,-912913676.4989226,0.0
2868.0,22353299.43641388,22384711.396868225,22416190.926920343,22447738.2749342,22479353.690774065,22511037.42581738,22542789.73296763,22574610.86666753,22606501.082912546,22638460.63926441,22670489.794865053,22702588.810450748,22734757.948366355,22766997.472580068,22799307.64869814,22831688.74398013,22864141.027354296,22896664.769433267,22929260.24253006,22961927.72067433,22994667.47962904,23027479.79690731,23060364.951789733,23093323.22534193,23126354.900432475,23159460.261751182,23192639.595827825,23225893.191051133,23259221.3376882,23292624.32790434,23326102.455783386,23359656.017348267,23393285.3105822,23426990.635450173,23460772.293921035,23494630.58998997,23528565.829701483,23562578.3211729,23596668.3746184,23630836.302373536,23665082.418920368,23699407.04091312,23733810.487204414,23768293.078872148,23802855.139246948,23837496.99394027,23872218.97087314,23907021.40030559,23941904.61486677,23976868.94958577,24011914.741923142,24047042.33180325,24082252.06164731,24117544.276407275,24152919.32360044,24188377.55334504,24223919.318396613,24259544.974185225,24295254.878853623,24331049.393296424,24366928.881200034,24402893.70908384,24438944.246342104,24475080.86528725,24511303.94119381,24547613.852343854,24584010.980073247,24620495.70881922,24657068.42616913,24693729.5229103,24730479.393081263,24767318.434024185,24804247.04643862,24841265.63443665,24878374.60559932,24915574.371034592,24952865.345436644,24990247.947146785,25027722.598215666,25065289.724467296,25102949.75556454,25140703.125076216,25178550.270545907,25216491.63356252,25254527.6598325,25292658.799253937,25330885.50599245,25369208.238558896,25407627.459889125,25446143.637425568,25484757.243200857,25523468.75392353,25562278.65106574,25601187.420953177,25640195.554857027,25679303.54908834,25718511.90509444,25757821.129557747,25797231.73449695,25836744.237370484,25876359.16118247,25916077.034591176,25955898.39201982,25995823.77377011,26035853.72613823,26075988.80153353,26116229.55859978,26156576.562339265,26197030.384239413,26237591.6024024,26278260.801677343,26319038.5737955,26359925.517508168,26400922.238727536,26442029.350670416,26483247.47400485,26524577.236999743,26566019.27567731,26607574.233968537,26649242.76387161,26691025.52561323,26732923.18781292,26774936.42765028,26817065.931035053,26859312.3927802,26901676.51677773,26944159.01617749,26986760.613568503,27029482.041163232,27072324.04098438,27115287.36505426,27158372.77558676,27201581.04518152,27244912.957020584,27288369.305067018,27331950.89426573,27375658.54074598,27419493.07202573,27463455.32721739,27507546.157234933,27551766.425002087,27596117.005661286,27640598.786783256,27685212.66857685,27729959.56409879,27774840.39946303,27819856.114049345,27865007.66071073,27910296.005979165,27955722.13026925,28001287.028079294,28046991.708189145,28092837.19385432,28138824.52299565,28184954.74838393,28231228.937818646,28277648.17430008,28324213.556194004,28370926.19738787,28417787.227437783,28464797.79170489,28511959.051480383,28559272.18409777,28606738.38303115,28654358.85797803,28702134.83492562,28750067.556198567,28798158.280486804,28846408.28285175,28894818.854708795,28943391.303784363,28992126.954045225,29041027.14559797,29090093.2345561,29139326.5928725,29188728.60813424,29238300.68331713,29288044.23649699,29337960.70051421,29388051.522588592,29438318.16388046,29488762.0989946,29539384.81542268,29590187.812920265,29641172.60281344,29692340.707230754,29743693.65825508,29795232.996990312,29846960.27253705,29898877.040871512,29950984.863621444,30003285.306732018,30055779.93901529,30108470.330575515,30161358.05110252,30214444.66802522,30267731.74451643,30321220.83734002,30374913.494530816,30428811.25289733,30482915.635336462,30537228.14794952,30591750.27694733,30646483.485332765,30701429.209347147,30756588.854667746,30811963.792341303,-902839368.0303824,-902795255.2212017,-902750835.2521392,-902706105.5835798,-902661063.7166044,-902615707.197764,-898927451.1944342,-898879750.5119176,-898831748.470994,-898783444.0499927,-898734836.3398303,-905369740.8928076,-905321533.176287,-905273056.4691598,-905224310.7074229,-905175295.9902765,-903669395.677134,-903618469.1433746,-903567264.8610774,-903515783.4251964,-903464025.6766458,-903411992.7249664,-901997240.7230176,-901943637.9002872,-901889785.865536,-901835688.641684,-901781350.741925,-901987093.7059056,-901933882.1317376,-901880536.6538974,-901827067.5578406,-901773485.9475884,-901719803.7987835,-902940220.2701794,-902886056.2474778,-902831780.6146252,-902777407.0605175,-902722950.4252234,-902831161.59268,-902779730.6609074,-902728374.7986826,-902677114.3691772,-902625970.9700505,-902573483.9124804,-902522463.587396,-902471641.6760952,-902421045.6209986,-902370704.3627406,-902320648.3830715,-902356106.7877402,-902304528.4924576,-902253281.8276576,-902202405.1766832,-902151938.9494137,-902357075.1072656,-902304576.9033396,-902252644.4242532,-902201329.0693812,-902150684.3934984,-902808720.739218,-902754839.18076,-902701695.1442736,-902649355.4854636,-902597889.492858,-902677295.7922024,-902624198.2649776,-902572146.1369854,-902521226.2700156,-902471527.3869565,-902423139.4447972,-903132869.695161,-903083245.9224316,-903034998.1911376,-902988206.1372222,-902942948.5577228,-902894396.9646056,-902852476.6640166,-902812542.3481385,-902774688.0631952,-902739022.1744618,-902424777.981844,-902393086.7597736,-910977058.3211432,-910949283.9309996,-910925535.4058971,-910907037.4354242,-910895864.828282,-911753981.3461404,-911767682.3404088,-911809484.3794384,-911900214.3660976,-912079512.1095144,-913285661.3246372,0.0
2867.0,22012215.432238404,22043123.60063872,22074099.51123259,22105143.429476865,22136255.62259972,22167436.359617963,22198685.911354627,22230004.550456844,22261392.551414125,22292850.190576807,22324377.74617489,22355975.49833728,22387643.729111142,22419382.722481925,22451192.76439344,22483074.14276845,22515027.14752967,22547052.070620984,22579149.206029262,22611318.849806413,22643561.30009192,22675876.85713585,22708265.82332217,22740728.503192607,22773265.20347101,22805876.23308797,22838561.903206248,22871322.527246337,22904158.42091284,22937069.902221188,22970057.291524936,23003120.911543623,23036261.08739124,23069478.14660507,23102772.41917546,23136144.237575915,23169593.936793864,23203121.854362205,23236728.330391377,23270413.70760212,23304178.33135897,23338022.549704414,23371946.71339386,23405951.175931145,23440036.29360513,23474202.425526723,23508449.933667008,23542779.18289595,23577190.54102216,23611684.37883341,23646261.07013795,23680920.991806973,23715664.5238178,23750492.049298063,23785403.95457104,23820400.629201703,23855482.46604401,23890649.861289203,23925903.214515142,23961242.92873683,23996669.410457965,24032183.069723703,24067784.32017468,24103473.57910212,24139251.26750429,24175117.810144205,24211073.63560863,24247119.1763684,24283254.868840188,24319481.15344959,24355798.474695656,24392207.28121699,24428708.02585916,24465301.165743813,24501987.16233932,24538766.481532943,24575639.593704727,24612606.973803047,24649669.10142184,24686826.46087961,24724079.54130026,24761428.83669557,24798874.84604984,24836418.073406056,24874059.027954377,24911798.22412229,24949636.18166694,24987573.4257695,25025610.48713153,25063747.902073644,25101986.212636188,25140325.96668219,25178767.718002565,25217312.02642364,25255959.457916908,25294710.58471124,25333565.985407434,25372526.245095305,25411591.955473103,25450763.714969568,25490042.12886847,25529427.809435748,25568921.376049303,25608523.45533133,25648234.68128347,25688055.695424546,25727987.14693108,25768029.692780618,25808183.99789769,25848450.73530281,25888830.58626401,25929324.24045144,25969932.39609468,26010655.760143016,26051495.048428424,26092450.9858316,26133524.306450658,26174715.75377288,26216026.080849107,26257456.05047108,26299006.43535155,26340678.01830709,26382471.592443697,26424387.96134515,26466427.939263724,26508592.351313785,26550882.033667743,26593297.83375436,26635840.610459488,26678511.234329056,26721310.587774,26764239.565277323,26807299.073603027,26850490.032006584,26893813.372447062,26937270.03980054,26980860.99207454,27024587.20062368,27068449.650365528,27112449.339997333,27156587.282212444,27200864.50391684,27245282.046444945,27289840.96577456,27334542.33274058,27379387.233246848,27424376.76847595,27469512.05509626,27514794.22546574,27560224.427832067,27605803.82652829,27651533.602163427,27697414.95180733,27743449.08916909,27789637.24476798,27835980.666096367,27882480.617773466,27929138.38168898,27975955.25713559,28022932.5609292,28070071.62751573,28117373.809063125,28164840.47553722,28212473.014760103,28260272.832449373,28308241.35223652,28356380.01566291,28404690.28215138,28453173.6289514,28501831.5510558,28550665.56108684,28599677.189149126,28648867.98264693,28698239.506063208,28747793.340697523,28797531.08435972,28847454.35101626,28897564.77038588,28947863.98748067,28998353.662089195,29049035.46819718,29099911.093341727,29150982.23789448,29202250.614268813,29253717.94604608,29305385.96701546,29357256.42012161,29409331.05631417,29461611.633292783,29514099.91414056,29566797.66583915,29619706.657657664,29672828.659407355,29726165.43955368,29779718.763176706,29833490.389770325,29887482.07087024,29941695.54750012,29996132.54742446,30050794.782196585,30105683.943988822,30160801.702191748,30216149.6997682,30271729.5493473,30327542.82904248,30383591.0779768,30439875.79149774,-903064513.3669353,-903018328.159795,-902971808.5600766,-902924951.8308188,-902877755.2821524,-902830216.277087,-899104662.1765283,-899055001.7060899,-899005023.3757131,-898954726.290875,-898904109.695035,-905516347.0520228,-905466322.4367564,-905416020.2299684,-905365440.8497406,-905314584.9216304,-903825113.486506,-903772558.606134,-903719719.8321764,-903666598.439921,-903613196.011347,-903559514.4620308,-902123538.3880452,-902068524.8636094,-902013271.222696,-901957782.8160664,-901902065.568371,-902108906.297423,-902054392.273544,-901999761.7414032,-901945026.9048116,-901890200.899168,-901835297.849808,-903055085.6270828,-902999882.4077954,-902944600.435068,-902889255.961942,-902833866.5240608,-902919043.8758702,-902866691.9548192,-902814476.6082646,-902762422.4529948,-902710555.555628,-902658305.4311332,-902606754.2527657,-902555485.8409424,-902504532.9249544,-902453929.9793572,-902403713.2736849,-902435263.4663452,-902383269.1925428,-902331724.644656,-902280676.0943449,-902230172.2227296,-902437791.3325608,-902385438.5577736,-902333792.0258658,-902282911.7136756,-902232860.123211,-902885810.8349428,-902832361.1491792,-902779846.344747,-902728345.9229898,-902677942.2277752,-902769082.3971158,-902717310.7440414,-902666872.3605545,-902617871.3578734,-902570413.5557286,-902524605.4351732,-903212001.6738908,-903165210.4957024,-903120200.1730844,-903077063.9342612,-903035889.065969,-902996205.8377402,-902959028.7035028,-902924216.7739367,-902891819.4208,-902861875.78271,-902552465.3072468,-902526769.8778676,-911110442.7929366,-911088573.146412,-911070138.7603288,-911055985.7951066,-911047718.6346892,-911905814.675995,-911918145.8339192,-911954479.7490135,-912033330.0583884,-912186229.0599492,-913293402.2737374,0.0
2866.0,21654331.53132732,21684715.427465647,21715167.1685572,21745687.03628369,21776275.31435491,21806932.28853019,21837658.246640347,21868453.478609897,21899318.27647977,21930252.9344302,21961257.74880435,21992333.018131938,22023479.043153662,22054696.12684577,22085984.57444519,22117344.693475183,22148776.793771207,22180281.187507525,22211858.189224176,22243508.11585435,22275231.28675244,22307028.023722447,22338898.651047084,22370843.4955172,22402862.886462,22434957.15577964,22467126.637968488,22499371.670159,22531692.592146102,22564089.746422347,22596563.478211533,22629114.135503177,22661742.069087423,22694447.632590853,22727231.182512857,22760093.07826279,22793033.6821978,22826053.359661505,22859152.47902336,22892331.411718786,22925590.532290246,22958930.218428973,22992350.85101768,23025852.814174023,23059436.49529505,23093102.28510255,23126850.5776892,23160681.770565804,23194596.26470944,23228594.464612626,23262676.77833348,23296843.617546946,23331095.397597,23365432.537550088,23399855.46024961,23434364.592371427,23468960.36448076,23503643.211090066,23538413.57071827,23573271.8859512,23608218.603503257,23643254.17428045,23678379.05344469,23713593.70047951,23748898.579257146,23784294.15810699,23819780.909885585,23855359.31204804,23891029.846720897,23926793.000776727,23962649.265910067,23998599.138715163,24034643.12076523,24070781.718693417,24107015.444275536,24143344.81451442,24179770.35172619,24216292.58362826,24252912.043429133,24289629.26992022,24326444.80756948,24363359.206616987,24400373.023172617,24437486.819315583,24474701.163196214,24512016.62913968,24549433.797751907,24586953.25602774,24624575.597461168,24662301.42215787,24700131.33695007,24738065.95551364,24776105.89848753,24814251.7935957,24852504.275771324,24890863.987283543,24929331.57786659,24967907.7048516,25006593.033300728,25045388.2361441,25084293.99431907,25123310.996912383,25162439.94130477,25201681.533318315,25241036.487366542,25280505.526607107,25320089.38309732,25359788.797952373,25399604.52150623,25439537.31347551,25479587.94312588,25519757.18944133,25560045.841296304,25600454.69763039,25640984.56762592,25681636.27088828,25722410.63762885,25763308.508850694,25804330.736536987,25845478.18384182,25886751.725283902,25928152.24694247,25969680.64665586,26011337.834222443,26053124.73160375,26095042.273129985,26137091.40570757,26179273.08902873,26221588.295782976,26264038.011870407,26306623.236616496,26349344.982988533,26392204.277813155,26435202.161995143,26478339.69073693,26521617.933759,26565037.975520395,26608600.915439684,26652307.868115544,26696159.96354702,26740158.347352944,26784304.180990223,26828598.641970538,26873042.92407516,26917638.237567183,26962385.809401102,27007286.88342868,27052342.72060108,27097554.59916624,27142923.81486108,27188451.681097828,27234139.52914369,27279988.708292987,27326000.586031213,27372176.54818977,27418517.999090627,27465026.36167993,27511703.077649247,27558549.607543588,27605567.430854723,27652758.04609856,27700122.9708753,27747663.741910804,27795381.91507741,27843279.065392863,27891356.78699532,27939616.69309265,27988060.41588388,28036689.60645085,28085505.93461756,28134511.088775013,28183706.77566882,28233094.720146872,28282676.66486433,28332454.369942643,28382429.61257943,28432604.18660596,28482979.90198811,28533558.584267404,28584342.073937736,28635332.22575338,28686530.907963872,28737940.001470547,28789561.398899827,28841397.003587417,28893448.728467893,28945718.494863067,28998208.231162947,29050919.871392,29103855.353653383,29157016.61844344,29210405.60682788,29264024.25847091,29317874.50950803,29371958.29025236,29426277.522724003,29480834.117991254,29535629.97331168,29590666.96906044,29645946.965432458,29701471.798903946,29757243.27843829,29813263.18142012,29869533.24930004,29926055.182932194,29982830.637584664,30039861.217602104,-903300301.6979262,-903252292.0849966,-903203924.9548912,-903155197.4098824,-903106106.60489,-903056649.7541624,-899298679.8379362,-899247369.2060037,-899195727.8608925,-899143755.0321163,-899091450.1078479,-905683548.344332,-905632030.7574089,-905580230.055716,-905528147.0781376,-905475782.9045284,-904005557.033854,-903951719.035212,-903897594.016402,-903843183.8177812,-903788490.6291192,-903733517.018925,-902277791.098539,-902221715.9690436,-902165409.5349214,-902108878.079288,-902052128.50539,-902263110.909676,-902207597.4232764,-902151979.4637412,-902096270.4017184,-902040484.5947632,-901984637.4474328,-903202773.0117148,-903146802.6231604,-903090776.7514764,-903034713.0963922,-902978630.6889286,-903041777.6645424,-902988656.6696252,-902935715.4984012,-902882981.513554,-902830483.656521,-902778730.2801214,-902726684.2927016,-902674978.298041,-902623648.3547158,-902572732.4226784,-902522270.4206924,-902549667.0072008,-902497198.060886,-902445258.9889094,-902393901.2079008,-902343178.8154846,-902556006.7381554,-902503583.5545253,-902451958.1460414,-902401196.184302,-902351366.1932572,-902999199.48311,-902945857.1021434,-902893584.0103878,-902842468.70576,-902792602.9720508,-902893450.5592234,-902842366.1094488,-902792811.9973986,-902744904.5739456,-902698761.8812768,-902654502.2588634,-903320017.9845892,-903275019.196484,-903232099.8170748,-903191362.7437364,-903152899.6294452,-903120614.8496028,-903086464.2246164,-903054924.3989671,-903025994.2836382,-902999632.8167132,-902693152.3448904,-902670941.4868848,-911252797.973217,-911233711.9282584,-911216871.3578136,-911202355.9423108,-911190595.1739732,-912041607.1810514,-912038541.920564,-912046029.2861824,-912072716.1862956,-912132705.0519032,-913082697.9952909,0.0
